-4944
-4515
-4076
-3705
-3583
-3701
-3879
-4004
-4094
-4262
-4519
-4712
-4886
-4907
-4661
-4221
-3820
-3642
-3528
-3318
-3169
-3130
-3063
-3158
-3502
-3851
-4438
-5275
-6185
-7218
-7991
-8746
-9211
-8970
-8375
-7669
-7021
-6236
-5396
-4499
-3665
-3083
-3069
-3649
-4461
-5285
-5962
-6668
-7186
-7473
-7455
-6868
-5727
-4711
-3784
-2776
-2113
-1819
-1742
-2031
-2503
-3217
-4072
-4705
-5245
-5591
-5698
-5468
-4971
-4363
-3807
-3408
-2946
-2536
-2475
-2893
-3599
-4428
-5142
-5562
-5755
-5448
-4607
-3452
-2222
-1438
-1256
-1640
-2730
-4289
-6032
-8010
-9941
-11347
-11906
-11541
-10691
-9332
-7628
-6173
-5147
-4784
-5107
-5981
-7264
-9022
-11009
-12487
-13319
-13470
-12651
-10943
-8567
-5828
-3435
-1413
181
1150
1261
560
-733
-2335
-4055
-5647
-6789
-7306
-6830
-5119
-2607
337
3108
5254
6402
6675
5908
4374
2314
-21
-2265
-4380
-5823
-6463
-6150
-5251
-3942
-2279
-652
483
726
356
-571
-2247
-4429
-6662
-8511
-10037
-10964
-11097
-10464
-9231
-7486
-5675
-4345
-3766
-3658
-3829
-4552
-5719
-7067
-8772
-10524
-11736
-12462
-12595
-12184
-11164
-9637
-8139
-6927
-5922
-5296
-5075
-5432
-6342
-7418
-8642
-9970
-11014
-11628
-11880
-11819
-11440
-10397
-9032
-7580
-6288
-5366
-4688
-4246
-4151
-4040
-3860
-3932
-4065
-4187
-3960
-3530
-3035
-2486
-1947
-1443
-1045
-812
-799
-889
-994
-1254
-1484
-1669
-1977
-2208
-2253
-2263
-2226
-2226
-2310
-2424
-2411
-2570
-2865
-3052
-3233
-3455
-3748
-4342
-4953
-5551
-6251
-6919
-7329
-7595
-7560
-7256
-6842
-6345
-5503
-4772
-4065
-3516
-3190
-3406
-4173
-5017
-5956
-7047
-7807
-8377
-8812
-9047
-8853
-8189
-7313
-6360
-5573
-4891
-4392
-4073
-4109
-4349
-4625
-5114
-5577
-6042
-6186
-6056
-5399
-4591
-3751
-2806
-1701
-820
-130
579
1090
1357
1537
1578
1465
1194
494
-374
-1529
-2637
-3680
-4569
-4598
-3644
-1989
-31
1878
3470
4605
5311
5168
4220
2669
808
-1193
-3016
-4069
-4254
-3727
-2403
-449
1660
3596
5037
5858
6078
5493
4243
2775
1123
-433
-1610
-2149
-1876
-858
935
3155
5196
6468
7093
7122
6708
6255
6048
6134
6340
6603
6797
6997
6985
6602
6097
5464
4368
2999
1807
921
243
-256
-296
338
1354
2513
3521
4302
4783
4725
4226
3315
2186
991
-354
-1516
-2181
-2408
-2312
-1877
-1145
-142
661
1235
1785
2034
1564
665
-197
-1146
-2118
-3105
-3821
-4242
-4498
-4325
-4069
-3773
-3569
-3314
-3073
-3028
-3283
-3613
-4091
-4294
-4438
-4640
-4800
-4752
-4526
-4165
-3767
-3512
-3302
-3236
-3359
-3414
-3354
-3452
-3702
-3966
-4015
-3928
-3634
-3168
-2712
-2321
-1859
-1278
-968
-760
-817
-996
-1126
-1275
-1669
-2134
-2452
-2723
-2976
-3097
-3013
-2864
-2651
-2353
-2055
-1842
-1658
-1550
-1654
-2157
-2996
-4169
-5429
-6606
-8005
-9269
-10134
-10692
-10903
-10714
-10014
-8968
-7690
-6419
-5463
-4844
-4677
-4933
-5394
-6090
-7215
-8333
-9137
-9782
-10173
-10296
-9928
-9157
-8303
-7300
-6517
-5915
-5493
-5368
-5490
-5942
-6536
-7159
-7620
-8147
-8406
-8433
-8182
-7738
-7165
-6305
-5713
-5134
-4636
-4130
-3528
-3251
-3234
-3179
-3002
-2657
-2382
-2249
-2128
-1894
-1468
-912
-591
-535
-485
-492
-591
-709
-919
-1060
-1188
-1349
-1508
-1608
-1746
-1744
-1577
-1500
-1570
-1852
-1998
-2226
-2644
-2878
-3185
-3489
-3563
-3659
-3701
-3555
-3558
-3377
-3077
-2934
-2981
-2918
-2835
-3058
-3639
-4159
-4526
-4613
-4352
-3524
-2214
-798
186
773
678
131
-962
-2502
-4117
-5735
-7182
-8137
-8649
-8477
-7571
-6025
-4541
-3328
-2342
-1681
-1532
-2024
-3142
-4604
-6124
-7616
-8983
-9893
-10121
-9623
-8551
-7226
-5709
-4412
-3448
-2703
-2416
-2709
-3460
-4486
-5599
-6584
-7458
-8259
-8558
-8476
-8172
-7327
-6124
-4946
-4177
-3626
-3280
-3355
-3744
-4340
-4940
-5720
-6498
-6980
-7275
-7259
-7141
-6727
-6108
-5624
-5132
-4829
-4659
-4574
-4826
-5192
-5578
-6006
-6380
-6558
-6498
-6523
-6378
-6190
-5809
-5355
-5243
-5430
-5526
-5585
-5759
-6008
-6286
-6517
-6727
-6838
-6727
-6566
-6390
-5983
-5668
-5472
-5246
-5185
-5205
-5086
-5198
-5520
-6055
-6839
-7782
-8690
-9455
-10220
-11032
-11441
-11366
-10833
-10265
-9426
-8345
-7443
-6615
-5844
-5510
-5556
-5885
-6508
-7372
-8288
-9074
-9459
-9563
-9476
-8988
-7927
-6825
-5786
-4729
-3743
-3172
-2984
-3071
-3436
-3901
-4348
-4978
-5553
-5825
-5719
-5384
-4973
-4280
-3279
-2463
-1862
-1439
-1182
-944
-742
-708
-775
-962
-987
-866
-792
-750
-568
-211
235
669
1223
1679
1700
1635
1734
1692
1567
1338
1268
1298
1045
966
957
951
910
895
802
607
405
107
-163
-223
-202
-432
-401
-311
-191
-74
99
232
330
303
391
369
9
-403
-794
-1139
-1297
-794
307
1679
3224
4488
5318
5675
5197
4204
3038
1820
471
-787
-1932
-2746
-2806
-2327
-1131
490
1773
2746
3356
3531
3330
2712
1621
266
-1218
-2574
-3488
-3927
-3652
-2801
-1722
-616
507
1395
2053
2277
2110
1674
850
-241
-1483
-2677
-3425
-3748
-3646
-3390
-2827
-1913
-1085
-300
381
671
480
17
-437
-1190
-2127
-2910
-3468
-3769
-4011
-4045
-3866
-3247
-2352
-1863
-1494
-1140
-1062
-1245
-1633
-2175
-2663
-2962
-3092
-3366
-3545
-3356
-3020
-2690
-2267
-1898
-1679
-1732
-1946
-2030
-2255
-2323
-2738
-3028
-3076
-3108
-3048
-2813
-2668
-2544
-2403
-2167
-2008
-1805
-1665
-1829
-2103
-2438
-3008
-3851
-5017
-6073
-6868
-7487
-7967
-8104
-7871
-7365
-6699
-5803
-4838
-4050
-3478
-3238
-3233
-3322
-3802
-4643
-5533
-6507
-7121
-7327
-7440
-7095
-6296
-5422
-4490
-3643
-2886
-2196
-1993
-2038
-2259
-2784
-3512
-4144
-4493
-4747
-4916
-4902
-4585
-3994
-3300
-2564
-1800
-1290
-988
-822
-650
-539
-554
-684
-929
-1119
-1313
-1233
-991
-714
-280
160
499
800
1017
1180
1314
1259
1148
1062
870
695
429
339
420
385
414
477
408
374
13
-422
-516
-628
-685
-659
-790
-904
-850
-917
-812
-721
-770
-686
-738
-838
-916
-1211
-1964
-2683
-2895
-2393
-1570
-420
1004
2421
3521
3973
3693
2980
1876
578
-867
-2302
-3570
-4555
-4900
-4559
-3757
-2556
-923
513
1306
1467
1355
711
-240
-1528
-3077
-4334
-5507
-6375
-6699
-6379
-5359
-3914
-2495
-1418
-563
-153
-66
-415
-1101
-2240
-3492
-4559
-5319
-5986
-6343
-6089
-5285
-4314
-3435
-2716
-2122
-1754
-1606
-1686
-2242
-3093
-3950
-4728
-5528
-6015
-6279
-6245
-5929
-5588
-5013
-4444
-3848
-3636
-3682
-3700
-3800
-4202
-4807
-5185
-5306
-5284
-5354
-5389
-4991
-4627
-4290
-4073
-3840
-3604
-3604
-3756
-4110
-4485
-4652
-4861
-5006
-5077
-4963
-4676
-4509
-4591
-4625
-4490
-4124
-3735
-3643
-3767
-4094
-4733
-5258
-5957
-6762
-7679
-8607
-9490
-9813
-9911
-9874
-9568
-8804
-7833
-6887
-6048
-5232
-4670
-4504
-4841
-5431
-6211
-6910
-7629
-8505
-9008
-9253
-8891
-8072
-6996
-5920
-5045
-4237
-3588
-3320
-3256
-3324
-3629
-4134
-4609
-4977
-5303
-5386
-5429
-5227
-4713
-4008
-3174
-2518
-1871
-1366
-1047
-865
-961
-1173
-1312
-1326
-1374
-1357
-1288
-1169
-856
-393
-115
109
391
729
989
1123
1252
1177
1038
1020
965
942
895
824
924
1019
828
592
554
416
88
-298
-394
-460
-615
-621
-392
-361
-426
-377
-344
-160
-37
-41
-159
-146
-403
-1139
-2168
-3211
-3768
-3618
-2977
-1825
-489
666
1388
1914
1768
1034
286
-583
-1552
-2467
-2860
-2803
-2412
-1682
-646
511
1356
1908
2264
2075
1433
534
-550
-1803
-2869
-3690
-4052
-3907
-3306
-2245
-966
185
1112
1830
2268
2312
1908
1265
460
-664
-1813
-2560
-3077
-3098
-2510
-1601
-656
337
1271
1747
2032
2107
1807
1119
382
-239
-932
-1564
-2000
-2248
-2137
-1773
-1247
-702
-78
503
765
806
550
112
-375
-1007
-1457
-1912
-2445
-2837
-2918
-2684
-2482
-2408
-2110
-1877
-1883
-1768
-1800
-2241
-2644
-2921
-2969
-3046
-3350
-3404
-3215
-3126
-3057
-2916
-2870
-2814
-2729
-2601
-2428
-2413
-2746
-3155
-3603
-4278
-5185
-6122
-6860
-7563
-8102
-8282
-8028
-7483
-6553
-5409
-4358
-3636
-3002
-2566
-2533
-2894
-3695
-4456
-5176
-5860
-6163
-6173
-5998
-5585
-4789
-3887
-2932
-1912
-1091
-576
-272
-306
-598
-1037
-1582
-2158
-2482
-2488
-2488
-2320
-1876
-1153
-305
385
898
1355
1845
2083
1880
1757
1738
1499
1214
1164
1273
1370
1296
1508
1945
2331
2641
2757
2847
2965
2987
2882
2618
2498
2440
2357
2231
2118
1985
1901
1766
1668
1657
1618
1524
1264
990
832
639
576
617
534
510
640
754
710
789
895
1000
921
817
676
579
822
1475
2710
4191
5607
6959
8018
8466
8224
7249
5626
3741
1546
-671
-2585
-3920
-4743
-4555
-3297
-1377
770
2961
4735
5824
6162
5911
4993
3339
1418
-655
-2542
-4019
-4713
-4976
-4625
-3595
-2138
-540
758
1749
2189
2146
1688
881
-360
-1855
-3288
-4536
-5521
-6032
-5945
-5162
-4126
-3060
-2081
-1136
-439
-203
-561
-1143
-1696
-2365
-3259
-4266
-4910
-5279
-5376
-5166
-4975
-4598
-4145
-3723
-3585
-3642
-3587
-3456
-3408
-3588
-3652
-3573
-3452
-3309
-3055
-2564
-2036
-1774
-1495
-1162
-1163
-1347
-1570
-1802
-2009
-2479
-2612
-2528
-2440
-2272
-1929
-1534
-1293
-1280
-1032
-674
-626
-932
-1303
-1416
-1847
-2661
-3637
-4623
-5558
-6417
-7132
-7424
-7301
-7068
-6482
-5562
-4635
-3765
-2801
-2232
-2123
-2305
-2617
-3140
-3980
-4921
-6016
-7053
-7495
-7182
-6575
-6063
-5314
-4327
-3365
-2707
-2344
-2105
-2287
-2644
-3249
-3957
-4594
-5148
-5466
-5574
-5403
-4994
-4307
-3565
-2994
-2540
-1899
-1212
-727
-520
-498
-617
-794
-841
-891
-842
-761
-490
-124
344
837
1182
1433
1671
1925
2120
2248
2272
2184
2018
1903
1793
1869
1922
1889
2015
2065
1945
1903
1743
1386
1292
1185
1114
1122
1034
1006
999
1096
1113
1199
1309
1446
1429
1448
1463
1114
440
-399
-887
-1087
-723
-163
740
2007
3001
3567
3449
2892
1840
600
-673
-1867
-2829
-3286
-3466
-2972
-1828
-410
1296
2679
3557
3754
3541
2827
1609
292
-1391
-3003
-4144
-4712
-4770
-4255
-3158
-1834
-400
869
1786
2424
2626
2376
1748
828
-362
-1640
-2516
-2985
-2924
-2477
-1833
-1094
-174
900
1694
2173
2461
2258
1767
1047
123
-659
-1318
-1899
-2196
-2102
-1903
-1477
-909
-287
288
647
679
708
641
218
-423
-749
-751
-1103
-1381
-1345
-1151
-1012
-881
-775
-814
-961
-1110
-1217
-1627
-1957
-2197
-2517
-2602
-2710
-2816
-2613
-2392
-2267
-2200
-2015
-1966
-1902
-1823
-2061
-2298
-2663
-3157
-3974
-4845
-5854
-6712
-7429
-7884
-8034
-7972
-7517
-6666
-5782
-4851
-4123
-3527
-2987
-2674
-2811
-3276
-3865
-4743
-5627
-6253
-6417
-6337
-6241
-5612
-4623
-3484
-2395
-1569
-953
-529
-340
-286
-545
-986
-1538
-2243
-2640
-2823
-2661
-2296
-1735
-988
-156
584
1127
1694
2357
2671
2477
2114
2012
1945
1793
1663
1666
1706
1979
2286
2597
3109
3404
3483
3499
3493
3463
3380
3340
3250
3070
2874
2711
2814
2955
2780
2539
2365
2288
2265
2047
1913
1674
1479
1164
1073
1111
1174
1264
1373
1376
1449
1477
1471
1460
1262
958
419
-83
-385
-277
151
1033
2487
3968
5407
6250
6403
5678
4669
3469
2088
737
-539
-1483
-1916
-1779
-1007
367
1890
3203
4287
4888
5035
4539
3535
2210
855
-435
-1558
-2412
-2435
-1978
-1290
-260
795
1830
2690
3353
3515
3196
2528
1694
627
-517
-1494
-2158
-2348
-2077
-1639
-1025
-260
532
1342
1917
2107
1784
1101
338
-347
-1147
-1844
-2352
-2674
-2742
-2569
-2223
-1695
-1117
-781
-349
-64
-191
-535
-1037
-1579
-2009
-2201
-2249
-2327
-2489
-2418
-2143
-1651
-1191
-943
-826
-829
-987
-1169
-1312
-1424
-1774
-2075
-2145
-1975
-1826
-1671
-1419
-1246
-1205
-1039
-874
-804
-623
-734
-1171
-1647
-2216
-2976
-3782
-4696
-5503
-6107
-6379
-6395
-6268
-5772
-4848
-3776
-2758
-2119
-1667
-1409
-1225
-1450
-2161
-3075
-4045
-4800
-5193
-5215
-5049
-4586
-3803
-2787
-2029
-1488
-804
-202
139
11
-434
-1006
-1478
-1985
-2523
-2852
-2747
-2542
-2176
-1661
-931
-122
477
984
1319
1426
1518
1526
1342
1093
911
861
905
1002
1373
1712
2116
2401
2612
3097
3360
3388
3498
3420
3215
3035
2964
2966
2882
2840
2842
2859
2663
2547
2472
2453
2424
2289
2189
2087
1860
1713
1628
1619
1651
1634
1634
1731
1750
1983
2208
2222
1874
1448
967
434
211
658
1611
2865
4417
5791
6584
6660
6294
5601
4479
3039
1643
354
-768
-1402
-1475
-923
146
1553
2955
3970
4605
4962
4776
3879
2672
1313
-5
-1215
-2269
-2682
-2543
-1999
-915
302
1269
2137
2817
3063
3124
2696
1801
693
-545
-1590
-2319
-2686
-2665
-2191
-1417
-779
-84
759
1367
1661
1671
1471
889
111
-795
-1499
-1984
-2351
-2589
-2627
-2256
-1623
-891
-222
101
-53
-105
-134
-429
-785
-1281
-1417
-1488
-1609
-1637
-1464
-1067
-732
-522
-258
-111
27
-53
-249
-504
-686
-836
-1170
-1452
-1339
-1189
-1111
-872
-762
-584
-465
-280
-171
-26
-114
-340
-711
-1372
-2262
-3187
-4127
-4774
-5396
-5959
-6208
-6120
-5619
-4845
-3901
-3079
-2293
-1638
-1204
-1049
-1330
-1920
-2733
-3496
-4183
-4735
-5032
-5007
-4617
-3947
-3100
-2177
-1381
-535
-119
-89
-65
-95
-467
-1086
-1646
-2063
-2488
-2549
-2144
-1682
-1273
-734
31
863
1460
1830
2069
2134
2240
2255
2166
2035
1842
1933
2097
2096
2224
2768
3231
3391
3614
3889
4126
4156
4091
4044
3799
3536
3473
3489
3354
3162
3194
3255
3277
3322
3188
2944
2726
2544
2351
2118
2020
2071
2064
1938
2034
2141
2085
2210
2405
2511
2404
2064
1620
1069
588
399
589
1423
2697
3981
5293
6382
6951
6745
5905
4816
3528
2121
754
-495
-1319
-1508
-1119
-82
1140
2443
3608
4405
4812
4799
4184
3146
1823
403
-927
-2109
-2682
-2622
-2178
-1294
-194
994
2122
2900
3175
3192
3037
2440
1466
397
-842
-1815
-2223
-2130
-1682
-1155
-505
337
1097
1671
2055
2159
2022
1601
873
43
-652
-1266
-1768
-2041
-1949
-1519
-1086
-769
-217
137
257
164
166
7
-318
-708
-1013
-1278
-1438
-1510
-1296
-1046
-819
-342
-2
392
520
356
190
-134
-624
-922
-1072
-1112
-983
-923
-955
-740
-436
-204
-81
75
209
191
24
-110
-365
-889
-1609
-2574
-3531
-4540
-5263
-5759
-5928
-5710
-5265
-4639
-3919
-3185
-2315
-1578
-1062
-760
-1000
-1525
-2169
-2958
-3787
-4368
-4670
-4622
-4257
-3638
-2954
-2150
-1336
-601
-58
428
758
608
222
-343
-847
-1343
-1786
-2002
-1904
-1520
-1026
-451
413
1090
1652
2067
2276
2233
2032
1615
1297
1080
1142
1161
1449
2123
2755
3036
3185
2950
2527
2062
1448
841
358
371
602
1041
1847
2610
3477
4077
4207
3985
3518
2801
1918
967
198
-93
205
887
1768
2843
4123
5260
6135
6674
6797
6551
5908
5075
4343
3555
2838
2426
2382
2926
3954
5457
7090
8691
9992
10650
10601
9910
8773
7077
5204
3569
2151
1162
746
1026
1580
2523
3664
4941
5864
6279
6275
5761
4789
3515
2194
833
-562
-1573
-1956
-1709
-1083
-305
638
1452
2191
2924
3220
3056
2568
1828
739
-392
-1525
-2389
-2776
-2984
-2870
-2280
-1365
-489
159
753
1271
1422
1076
503
-161
-840
-1507
-2054
-2259
-2246
-2123
-1786
-1237
-551
54
564
996
1402
1490
1317
988
627
456
393
473
535
727
1185
1582
1861
2150
2433
2603
2469
2134
1800
1505
1342
1039
802
836
972
1011
1017
1228
1358
1298
1213
1282
1419
1431
1231
635
106
-395
-1104
-2141
-3142
-3912
-4513
-5131
-5404
-5160
-4695
-3979
-3108
-2292
-1629
-1194
-921
-995
-1431
-2121
-3121
-3991
-4763
-5337
-5624
-5529
-4935
-4137
-3481
-2661
-1796
-1057
-634
-572
-819
-1493
-2421
-3070
-3504
-3906
-4266
-4424
-4170
-3669
-3088
-2460
-1807
-1219
-740
-174
165
39
-99
-395
-989
-1533
-2093
-2335
-2286
-1974
-1367
-740
-192
405
976
1406
1538
1250
661
-17
-603
-1208
-1629
-1733
-1519
-1285
-861
-377
108
450
500
256
89
-250
-977
-1903
-2609
-3198
-3652
-3805
-3477
-2949
-2539
-2201
-1744
-1502
-1655
-2174
-2974
-4107
-5332
-6249
-6346
-5360
-3935
-2227
-611
555
1184
1098
374
-750
-2168
-4010
-5917
-7588
-8616
-8783
-7996
-6606
-4958
-3131
-1616
-683
-375
-420
-991
-2097
-3493
-5168
-6635
-7725
-8298
-8119
-7158
-5807
-4182
-2749
-1593
-629
-98
76
-147
-907
-1901
-2993
-4098
-4885
-5400
-5219
-4446
-3544
-2463
-1509
-649
101
461
745
747
233
-541
-1346
-2168
-2740
-2985
-3180
-3179
-2738
-2150
-1352
-623
-44
225
307
129
-278
-638
-1021
-1453
-1737
-1841
-1793
-1573
-1201
-803
-391
-20
183
228
-78
-246
-316
-511
-889
-1314
-1433
-1154
-989
-884
-704
-450
-268
-39
69
339
645
556
320
72
-407
-1067
-1898
-2924
-3673
-4303
-4560
-4402
-4022
-3496
-2728
-1685
-651
382
1037
1415
1451
1189
806
396
-159
-759
-1168
-1341
-1167
-589
212
1029
1829
2747
3439
3869
4155
4152
3805
3306
2712
2188
1711
1390
1133
1186
1566
1948
2530
3221
3724
4108
4307
4276
4175
3879
3484
3280
3020
2759
2637
2615
2642
2694
2959
3378
3661
3721
3777
3789
3739
3603
3455
3279
3161
2977
2951
2850
2577
2539
2678
2741
2654
2530
2394
2212
1955
1699
1495
1316
1231
1276
1388
1494
1573
1622
1664
1733
1852
1782
1760
1434
956
344
96
330
1185
2515
4022
5498
6560
6954
6974
6435
5460
4310
2872
1569
468
-224
-330
98
1003
2248
3625
4912
5800
6283
6073
5388
4328
3124
1891
698
-177
-698
-762
-387
521
1736
2837
3726
4461
4968
4943
4396
3706
2779
1905
982
174
-335
-580
-201
502
1357
2308
3085
3607
3825
3855
3556
3134
2381
1569
902
306
-123
-373
-415
-97
443
1017
1531
1920
2118
2227
2258
2043
1625
1199
867
674
462
327
338
689
1226
1625
1884
2161
2356
2437
2247
1954
1841
1758
1512
1435
1426
1457
1675
1833
2027
2156
2310
2581
2729
2745
2719
2663
2470
1921
1056
295
-464
-1383
-2139
-2482
-2471
-2462
-2234
-1628
-827
-3
900
1731
2286
2483
2276
1870
1270
490
-298
-840
-1271
-1390
-1248
-810
98
1054
1948
2679
3112
3240
3163
2909
2343
1670
984
280
-164
-546
-767
-406
108
588
1248
1629
1731
2037
2197
2188
2082
1617
1064
777
559
390
308
304
592
897
916
1164
1411
1470
1413
1359
1386
1295
1181
1043
792
601
484
386
509
649
557
327
250
175
-43
-319
-641
-797
-849
-887
-903
-1016
-926
-652
-681
-776
-787
-847
-912
-1046
-1296
-1806
-2340
-2714
-2916
-2362
-1208
372
2098
3338
4068
4219
3645
2541
1205
-212
-1786
-3066
-4010
-4467
-4402
-3841
-2510
-957
398
1526
2304
2464
2021
1030
-120
-1451
-2863
-4220
-5175
-5611
-5212
-4286
-3278
-2060
-675
288
851
1077
945
468
-558
-1766
-2850
-3737
-4449
-4541
-4365
-3921
-3179
-2177
-1056
-252
126
284
261
-108
-704
-1415
-2157
-2930
-3518
-3683
-3584
-3298
-2903
-2373
-1751
-1252
-889
-711
-750
-939
-1119
-1511
-1876
-2098
-2300
-2296
-2119
-1841
-1493
-1072
-733
-601
-355
-278
-289
-564
-858
-925
-1165
-1423
-1287
-1098
-932
-662
-341
-25
181
369
384
398
382
292
188
-143
-721
-1713
-2731
-3487
-4070
-4646
-5168
-5182
-4744
-3969
-3090
-2325
-1553
-719
-43
356
233
-165
-612
-1133
-1828
-2488
-3000
-3209
-2982
-2475
-1616
-707
221
989
1627
2005
2033
1677
1276
730
-14
-756
-1370
-1648
-1502
-1358
-1046
-501
33
602
1175
1670
1875
1798
1563
1267
851
449
215
164
128
228
356
582
752
962
1320
1633
1825
1847
1769
1566
1354
1295
1181
1050
871
746
871
1010
883
706
834
819
474
72
6
-54
-222
-388
-546
-463
-436
-377
-206
-153
-117
-105
2
38
2
-367
-752
-673
-141
583
