-4796
-4432
-3958
-3487
-3193
-3249
-3521
-3788
-3936
-3953
-4030
-4326
-4515
-4462
-4473
-4123
-3675
-3304
-3072
-2894
-2638
-2572
-2556
-2683
-2897
-3281
-3914
-4823
-5561
-6354
-7037
-7582
-7992
-8035
-7673
-7010
-6222
-5539
-4629
-3743
-3161
-2875
-2925
-3371
-3964
-4696
-5603
-6348
-6784
-7008
-6894
-6477
-5715
-4767
-3729
-2708
-1947
-1523
-1432
-1588
-2028
-2685
-3546
-4322
-4806
-5143
-5328
-5055
-4591
-4104
-3597
-3030
-2613
-2496
-2488
-2783
-3378
-4072
-4859
-5391
-5403
-5115
-4414
-3404
-2173
-1192
-905
-1429
-2499
-4118
-5815
-7665
-9641
-11089
-11641
-11335
-10378
-8961
-7214
-5666
-4639
-4131
-4338
-5151
-6601
-8503
-10353
-11828
-12748
-12677
-11782
-10022
-7764
-5271
-2861
-667
837
1575
1473
690
-314
-1798
-3639
-5113
-6164
-6609
-6114
-4697
-2225
574
3245
5389
6570
6648
5898
4450
2610
440
-1924
-4022
-5488
-6253
-5980
-5003
-3470
-1664
-196
681
967
556
-465
-2011
-3881
-5907
-7643
-8878
-9772
-10045
-9447
-8188
-6666
-5283
-4037
-3190
-3000
-3277
-4120
-5483
-7131
-8839
-10380
-11480
-11869
-11798
-11374
-10424
-9069
-7402
-5955
-4925
-4389
-4478
-4919
-5889
-7009
-8110
-9404
-10596
-11327
-11477
-11061
-10506
-9502
-8183
-6862
-5840
-5018
-4090
-3415
-3293
-3317
-3466
-3676
-3893
-3946
-3813
-3477
-2880
-2123
-1475
-1145
-890
-569
-305
-316
-719
-1166
-1394
-1613
-1847
-1874
-1864
-1899
-1905
-1867
-1786
-1904
-2067
-2098
-2315
-2543
-2739
-2841
-3168
-3704
-4346
-4841
-5457
-6123
-6588
-6849
-6713
-6473
-6002
-5367
-4691
-4125
-3434
-2992
-2846
-3024
-3649
-4551
-5471
-6345
-7284
-8092
-8477
-8635
-8441
-7787
-6895
-6026
-5266
-4604
-4058
-3906
-3800
-3840
-4169
-4553
-4901
-5293
-5456
-5186
-4660
-3981
-3168
-2215
-1325
-536
218
950
1469
1801
1906
1902
1722
1239
291
-586
-1232
-2197
-3378
-4479
-4714
-3859
-2218
-244
1615
3197
4311
5053
5187
4436
2862
941
-913
-2696
-3869
-4146
-3563
-2218
-421
1687
3697
5173
6056
6299
5729
4562
3009
1441
-104
-1362
-1778
-1450
-442
1139
2975
4908
6291
6747
6706
6507
6208
5844
5686
5824
6015
6222
6345
6268
6074
5596
4796
3937
2939
1876
815
-25
-402
-251
293
1371
2503
3456
4275
4779
4886
4439
3598
2508
1203
-68
-1153
-1837
-2039
-1846
-1491
-864
-177
526
1235
1646
1771
1569
975
-69
-1367
-2524
-3333
-3930
-4330
-4429
-4343
-4094
-3870
-3723
-3443
-3112
-3100
-3397
-3662
-3936
-4120
-4246
-4407
-4460
-4529
-4485
-4221
-3912
-3451
-3178
-3137
-3046
-3045
-3293
-3547
-3702
-3806
-3918
-3826
-3696
-3449
-3166
-2753
-2047
-1433
-1231
-1009
-655
-802
-1215
-1719
-2131
-2492
-2879
-3107
-3090
-3188
-3208
-2924
-2580
-2438
-2226
-1737
-1427
-1515
-1587
-1938
-2683
-3645
-4885
-6270
-7672
-8975
-9905
-10331
-10308
-9938
-9261
-8363
-7366
-6335
-5407
-4799
-4514
-4678
-5134
-5790
-6857
-8025
-8882
-9504
-9950
-9967
-9701
-9201
-8437
-7344
-6298
-5562
-5170
-5043
-5190
-5732
-6386
-6935
-7237
-7659
-8159
-8252
-7957
-7547
-7036
-6394
-5656
-5096
-4492
-3863
-3357
-3235
-3288
-3139
-3122
-3018
-2844
-2570
-2368
-2066
-1653
-1314
-894
-642
-626
-530
-515
-803
-1083
-1301
-1513
-1736
-1764
-1606
-1767
-1905
-1922
-1914
-1830
-1781
-1866
-2092
-2267
-2395
-2728
-2953
-3106
-3182
-3172
-3104
-3009
-2880
-2877
-2750
-2508
-2366
-2456
-2807
-3333
-4186
-4802
-4846
-4195
-3281
-2146
-877
226
853
658
-130
-1354
-2818
-4266
-5863
-7155
-8076
-8710
-8378
-7395
-6071
-4545
-3226
-2300
-1583
-1403
-1775
-2800
-4011
-5469
-7170
-8430
-9085
-9205
-8949
-8195
-6855
-5474
-4274
-3202
-2605
-2435
-2641
-3318
-4360
-5591
-6616
-7568
-8432
-8735
-8520
-8006
-7294
-6421
-5288
-4340
-3581
-3176
-3123
-3398
-4035
-4717
-5466
-6105
-6655
-7174
-7311
-6990
-6404
-5836
-5345
-4886
-4695
-4635
-4643
-4963
-5259
-5638
-6082
-6296
-6529
-6666
-6774
-6624
-6347
-5885
-5445
-5304
-5447
-5580
-5612
-5764
-6072
-6444
-6456
-6688
-6858
-6651
-6299
-5972
-5642
-5333
-5205
-5087
-4943
-4840
-4901
-5127
-5328
-5632
-6236
-7128
-8119
-8954
-9813
-10645
-10935
-10671
-10137
-9543
-8907
-8048
-6937
-5867
-5071
-4935
-5253
-5683
-6292
-7149
-8077
-8885
-9318
-9435
-9329
-8846
-7983
-6944
-5834
-4739
-3918
-3426
-3202
-3349
-3585
-3916
-4479
-4828
-5175
-5491
-5578
-5250
-4679
-4012
-3295
-2483
-1872
-1397
-788
-379
-309
-598
-641
-713
-744
-773
-682
-593
-408
-32
361
727
1134
1586
1724
1709
1830
1908
1865
1696
1572
1573
1375
1335
1365
1487
1559
1417
1163
996
807
715
575
471
445
258
107
74
209
293
405
635
752
817
762
740
619
258
-315
-851
-1148
-944
-9
1429
2809
4082
5009
5325
4895
4120
3073
1713
251
-1055
-2030
-2692
-2823
-2302
-1254
21
1505
2746
3432
3701
3557
2874
1608
148
-1202
-2353
-3301
-3725
-3543
-2785
-1805
-895
291
1324
2047
2266
2027
1535
823
-308
-1618
-2806
-3507
-3772
-3699
-3437
-2835
-1983
-1133
-395
154
352
414
133
-469
-1115
-2038
-2951
-3614
-3865
-3951
-3831
-3377
-2825
-2234
-1909
-1532
-1267
-1206
-1408
-1810
-2413
-2927
-3200
-3412
-3532
-3681
-3532
-3211
-2820
-2250
-2045
-2042
-2114
-2268
-2351
-2495
-2772
-3025
-3345
-3388
-3295
-3199
-3096
-3094
-2754
-2233
-1973
-1823
-1657
-1740
-1940
-2299
-2696
-3129
-3615
-4522
-5660
-6756
-7335
-7722
-7892
-7745
-7353
-6638
-5742
-4815
-3921
-3238
-3077
-3049
-3462
-4139
-4945
-5868
-6782
-7384
-7720
-7682
-7416
-6680
-5673
-4726
-3812
-2995
-2309
-1925
-1957
-2430
-2897
-3452
-4049
-4471
-4723
-4825
-4683
-4454
-3905
-3173
-2358
-1590
-1080
-753
-492
-365
-462
-706
-884
-904
-909
-983
-972
-734
-464
-109
146
405
632
914
1213
1387
1398
1387
1374
1301
1197
1242
1311
1186
1041
1033
1078
1069
925
704
341
73
-75
-135
-257
-227
-94
-7
-175
-298
-182
-60
-77
-139
-158
-398
-927
-1641
-2256
-2466
-2212
-1515
-397
965
2492
3624
4126
3813
2915
1955
771
-649
-2150
-3364
-4145
-4465
-4249
-3303
-1838
-325
920
1724
1932
1744
1281
365
-1025
-2419
-3735
-4987
-5607
-5728
-5423
-4510
-3360
-2249
-1206
-563
-149
57
-306
-1104
-2049
-3170
-4413
-5294
-5679
-5816
-5825
-5243
-4253
-3134
-2216
-1611
-1235
-1154
-1523
-1952
-2632
-3599
-4425
-5046
-5570
-5868
-5875
-5558
-5024
-4480
-3862
-3391
-3257
-3195
-3237
-3453
-3891
-4388
-4644
-4921
-5127
-5098
-4935
-4677
-4326
-4048
-3988
-3668
-3513
-3617
-3801
-4187
-4453
-4723
-4825
-4981
-5126
-5029
-4855
-4611
-4374
-4166
-4081
-3924
-3780
-3790
-3798
-3829
-4164
-4715
-5393
-6142
-7177
-8302
-9082
-9396
-9548
-9503
-9097
-8526
-7743
-6762
-5683
-4764
-4269
-4232
-4677
-5301
-6130
-7059
-7771
-8444
-8847
-9031
-8860
-8278
-7421
-6361
-5218
-4261
-3637
-3258
-3136
-3167
-3552
-4188
-4943
-5453
-5731
-5840
-5631
-5153
-4614
-3975
-3221
-2280
-1611
-1156
-885
-691
-754
-954
-1169
-1214
-1281
-1308
-1228
-978
-519
-108
196
492
866
1138
1214
1320
1347
1340
1320
1200
1070
1152
1217
1268
1365
1588
1512
1380
1323
1298
1077
746
638
539
439
417
418
284
329
402
466
685
711
651
495
472
96
-622
-1610
-2482
-2939
-2896
-2500
-1548
-446
795
1777
2168
2021
1408
596
-260
-900
-1589
-2228
-2486
-2059
-1178
-224
756
1682
2321
2564
2305
1672
694
-412
-1463
-2411
-3188
-3569
-3586
-2955
-1934
-955
198
1332
2108
2429
2428
2081
1332
297
-636
-1424
-2064
-2373
-2363
-1861
-1112
-366
440
1335
1888
2183
2291
2073
1683
1007
260
-405
-990
-1492
-1728
-1628
-1295
-822
-162
513
1074
1428
1338
1098
812
256
-453
-996
-1475
-1973
-2345
-2450
-2435
-2370
-2168
-1795
-1634
-1471
-1551
-1816
-2011
-2334
-2442
-2618
-2932
-3073
-3070
-3059
-2840
-2552
-2336
-2312
-2390
-2394
-2116
-2032
-2192
-2512
-3008
-3595
-4382
-5303
-6116
-6811
-7279
-7632
-7762
-7477
-6890
-6179
-5395
-4513
-3675
-3190
-2855
-2861
-3258
-3820
-4607
-5424
-6039
-6540
-6747
-6433
-5691
-4710
-3822
-2956
-2028
-1339
-670
-312
-343
-470
-804
-1443
-2114
-2521
-2504
-2327
-1992
-1645
-1182
-464
429
1129
1493
1755
1988
2018
1712
1509
1558
1578
1437
1273
1301
1562
1869
2214
2547
2976
3249
3495
3442
3430
3376
3146
2914
2778
2686
2590
2607
2542
2445
2413
2361
2318
2231
2199
1930
1711
1550
1429
1262
1137
1130
1244
1231
1322
1447
1465
1533
1666
1628
1315
928
800
1142
1770
2889
4288
5759
7093
8002
8344
8066
7122
5397
3421
1331
-815
-2676
-3918
-4301
-3723
-2473
-747
1217
3344
5111
6254
6695
6391
5267
3486
1680
107
-1562
-3223
-4294
-4479
-3996
-2936
-1547
38
1253
2143
2606
2526
1919
785
-607
-1946
-3339
-4643
-5284
-5511
-5280
-4744
-3790
-2568
-1422
-552
-53
132
40
-474
-1302
-2201
-2988
-3864
-4559
-4910
-4923
-4650
-4410
-4180
-3892
-3533
-3373
-3224
-3229
-3245
-3410
-3708
-3944
-3940
-3710
-3573
-3308
-2828
-2391
-2126
-1739
-1559
-1575
-1639
-1903
-2154
-2457
-2780
-2826
-2558
-2359
-2273
-1839
-1240
-793
-722
-768
-557
-429
-473
-575
-644
-1110
-1766
-2641
-3610
-4553
-5628
-6223
-6383
-6394
-6167
-5633
-4935
-3961
-3032
-2198
-1558
-1363
-1543
-2090
-2862
-3651
-4611
-5709
-6433
-6753
-6744
-6395
-5813
-5097
-4312
-3459
-2615
-2023
-1877
-2017
-2084
-2519
-3116
-3723
-4327
-4996
-5242
-5201
-4837
-4145
-3399
-2527
-1769
-1317
-1123
-902
-615
-565
-695
-927
-883
-959
-1094
-1103
-901
-529
-94
337
621
1012
1326
1659
1931
1918
1918
1913
1815
1821
1867
1859
1891
1900
1974
1950
1907
1917
1807
1731
1605
1556
1502
1256
1248
1393
1356
1280
1228
1320
1483
1727
1997
1911
1553
948
285
-427
-1121
-1285
-975
-279
555
1585
2535
3109
3075
2359
1588
577
-662
-1886
-2839
-3380
-3375
-2824
-1515
124
1481
2570
3307
3705
3523
2665
1500
194
-1182
-2747
-4058
-4796
-4916
-4392
-3256
-1990
-749
528
1458
2035
2210
1947
1202
352
-669
-1680
-2531
-2913
-2889
-2549
-1854
-1083
-205
716
1624
2211
2285
1953
1483
826
136
-608
-1111
-1535
-1988
-1963
-1640
-1220
-586
-100
390
755
1002
1077
945
546
20
-512
-747
-926
-1283
-1249
-1125
-934
-773
-503
-406
-532
-756
-1104
-1492
-1806
-1971
-2147
-2393
-2505
-2384
-2250
-2161
-2111
-1944
-1757
-1638
-1619
-1676
-1749
-1968
-2297
-2795
-3564
-4330
-5239
-6171
-6913
-7349
-7528
-7455
-7230
-6722
-6007
-5061
-3978
-3132
-2622
-2486
-2771
-3523
-4481
-5189
-5666
-6154
-6597
-6739
-6312
-5516
-4594
-3622
-2653
-1805
-1001
-561
-315
-202
-354
-883
-1469
-1964
-2345
-2488
-2359
-1930
-1431
-927
-75
866
1586
2076
2417
2638
2638
2568
2486
2385
2122
2032
2154
2344
2562
2782
3014
3314
3549
3779
3995
4131
4175
4146
3930
3861
3856
3706
3702
3748
3721
3566
3549
3589
3518
3384
3169
2856
2547
2403
2411
2336
2329
2237
2291
2590
2663
2612
2607
2563
2619
2391
1978
1400
688
171
40
530
1556
3030
4684
5877
6532
6467
5889
5126
3975
2509
1050
67
-455
-735
-605
-18
1162
2500
3764
4895
5448
5473
5087
4205
3098
1856
324
-898
-1610
-1741
-1331
-735
310
1464
2500
3225
3550
3586
3303
2697
1933
956
-40
-975
-1698
-2089
-1801
-1135
-300
506
1216
1891
2260
2364
2152
1762
1280
661
-185
-1119
-1775
-2107
-2091
-1795
-1339
-943
-683
-312
-116
8
43
-124
-452
-775
-1243
-1712
-1884
-1962
-2005
-1981
-1680
-1267
-1058
-872
-711
-623
-685
-919
-1200
-1451
-1701
-1949
-2078
-1877
-1583
-1264
-1039
-1013
-852
-629
-353
-126
-110
-450
-809
-1073
-1500
-2263
-3396
-4406
-5113
-5690
-6029
-5915
-5580
-4972
-4318
-3520
-2698
-2005
-1612
-1276
-1268
-1600
-2325
-3074
-3827
-4594
-5378
-5658
-5512
-4993
-4024
-3100
-2295
-1546
-672
-149
2
-163
-537
-1018
-1516
-2173
-2582
-2797
-2784
-2543
-2087
-1518
-909
-71
697
1153
1416
1623
1666
1506
1096
910
957
935
913
964
1111
1543
1997
2275
2552
2905
3207
3233
3102
3034
2947
2867
2759
2730
2765
2711
2779
2863
2790
2778
2817
2678
2339
2199
2092
1809
1706
1798
1872
1875
1791
1906
2042
1875
1871
2118
2215
2166
1871
1250
554
38
-45
276
1052
2336
3876
5096
5811
6172
5885
5050
3951
2709
1267
-165
-1371
-1976
-1848
-1314
-179
1267
2656
3914
4560
4663
4352
3488
2421
1198
-126
-1374
-2446
-3096
-2992
-2323
-1400
-279
966
1802
2307
2439
2109
1556
909
36
-1020
-2084
-2903
-3335
-3324
-2874
-2137
-1193
-207
363
858
1221
1218
960
285
-554
-1315
-2008
-2385
-2636
-2827
-2823
-2635
-2257
-1460
-763
-340
-21
-52
-464
-1095
-1431
-1659
-1880
-2173
-2330
-2363
-2358
-2189
-1719
-1315
-831
-532
-603
-703
-866
-950
-1221
-1516
-1727
-1729
-1712
-1617
-1670
-1521
-1157
-1014
-933
-813
-636
-383
-475
-771
-1115
-1505
-2228
-3129
-4072
-4968
-5528
-5857
-6107
-6091
-5638
-4953
-4091
-3130
-2437
-1836
-1463
-1492
-1623
-2000
-2895
-3864
-4662
-5162
-5444
-5542
-5240
-4573
-3861
-2833
-1718
-934
-446
-131
-62
-247
-672
-997
-1557
-2008
-2379
-2596
-2368
-1898
-1274
-605
184
1000
1500
1816
2084
2094
2197
2204
1939
1664
1687
1905
1913
1981
2372
2845
3130
3385
3566
3746
3868
3916
4104
4171
3989
3706
3550
3501
3745
3865
3594
3509
3539
3540
3397
3347
3386
3332
3010
2695
2566
2560
2646
2850
2866
2801
2702
2674
2864
2844
2657
2503
2211
1549
907
603
801
1567
2837
4255
5696
6713
7111
6753
5921
4989
3853
2539
1066
-242
-952
-931
-473
465
1691
3051
4189
4931
5393
5275
4752
3862
2518
1084
-292
-1405
-1939
-1775
-1165
-441
577
1747
2742
3316
3434
3404
3221
2664
1730
732
-314
-1141
-1671
-1775
-1498
-926
138
1060
1834
2544
2859
2797
2378
1828
1173
401
-268
-851
-1373
-1639
-1627
-1194
-590
-46
455
834
1147
1030
686
453
92
-224
-557
-917
-1120
-1232
-935
-482
-221
179
475
654
689
728
488
149
-190
-475
-594
-721
-833
-696
-571
-356
-113
73
324
496
421
341
319
367
213
-274
-1008
-1876
-2546
-3469
-4294
-4926
-5276
-5188
-4674
-3983
-3220
-2276
-1442
-914
-595
-415
-510
-875
-1489
-2368
-3143
-3633
-4025
-4200
-3984
-3471
-2706
-1868
-898
-46
459
879
1010
837
374
-168
-661
-1064
-1323
-1467
-1529
-1406
-864
-214
589
1338
1860
2332
2581
2573
2365
2096
1722
1392
1387
1504
1822
2227
2629
2918
2936
2892
2671
2038
1306
920
731
620
774
1238
2076
2866
3549
4014
4308
4148
3560
2675
1829
1042
424
243
561
1247
2203
3318
4630
5729
6432
6965
6942
6612
5986
5213
4481
3799
3139
2554
2347
2824
3970
5426
7131
8586
9640
10134
10060
9479
8194
6584
4839
3255
1886
782
320
644
1507
2586
3656
4803
5805
6151
6002
5417
4511
3407
2081
696
-477
-1324
-1802
-1734
-1422
-607
514
1462
2097
2393
2585
2536
2269
1390
184
-747
-1668
-2563
-3117
-3206
-3004
-2364
-1631
-898
-221
378
931
1110
741
209
-474
-1266
-1899
-2338
-2460
-2453
-2270
-1752
-1115
-356
215
689
980
1237
1232
960
624
557
334
159
10
131
458
938
1454
1768
1957
2022
2205
2277
2094
1853
1509
1189
1072
1032
861
858
946
960
1152
1309
1362
1502
1583
1497
1463
1435
1116
499
-94
-697
-1614
-2614
-3532
-4160
-4547
-4622
-4469
-3953
-3367
-2616
-2036
-1386
-795
-558
-718
-1220
-2003
-2896
-3716
-4572
-5169
-5360
-5203
-4900
-4292
-3571
-2640
-1762
-1141
-850
-911
-1017
-1312
-1802
-2500
-3170
-3824
-4171
-4024
-3700
-3406
-2796
-1973
-1331
-753
-372
-13
289
381
193
-96
-706
-1395
-1810
-2016
-1940
-1577
-1134
-590
1
578
1228
1684
1761
1443
998
481
-43
-696
-1180
-1321
-1182
-860
-578
-42
544
921
1090
1045
769
123
-619
-1295
-1973
-2508
-2778
-2873
-2643
-2167
-1718
-1285
-1051
-778
-840
-1357
-2459
-3742
-4967
-5770
-5677
-4778
-3551
-2116
-444
972
1694
1671
813
-493
-2079
-3837
-5597
-7144
-8101
-8183
-7519
-6325
-4670
-2764
-1099
2
382
309
-201
-1258
-2609
-4114
-5459
-6632
-7216
-7094
-6358
-4953
-3418
-2149
-1168
-312
210
342
51
-633
-1496
-2585
-3772
-4554
-4845
-4718
-4004
-3174
-2214
-1234
-131
698
1199
1351
1096
538
-87
-849
-1596
-2022
-2281
-2396
-2139
-1758
-1173
-564
-57
245
540
796
689
304
-257
-670
-978
-1298
-1492
-1543
-1330
-886
-473
-111
339
554
451
275
177
-171
-465
-829
-1002
-881
-721
-650
-570
-341
-17
246
567
891
1073
1315
1407
1376
1010
313
-430
-1134
-1880
-2702
-3368
-3657
-3456
-3128
-2529
-1744
-724
221
1039
1624
1898
2031
1990
1551
908
168
-459
-978
-980
-685
-359
236
1081
2191
3177
3769
4158
4394
4310
4016
3658
3195
2598
2064
1719
1461
1468
1952
2417
2895
3431
3964
4301
4513
4398
4209
4052
3824
3574
3244
2893
2769
2712
2800
2972
3251
3646
3831
3802
3805
3894
3910
3864
3709
3545
3374
3297
3289
3250
3102
3066
3136
3220
3191
2971
2678
2527
2463
2347
2135
1982
1966
1940
2026
2133
2245
2295
2385
2445
2474
2344
2067
1922
1537
835
413
653
1419
2646
4067
5407
6428
6893
6786
6097
5154
3949
2675
1463
650
-33
-218
200
1117
2451
3826
5058
5948
6397
6254
5834
5126
3908
2545
1266
109
-469
-556
-101
795
1958
3101
4000
4726
5140
5079
4603
3823
2889
1952
1049
203
-307
-411
-150
595
1626
2587
3352
3917
4066
3969
3731
3347
2803
2016
1243
653
164
-126
-206
109
668
1195
1634
2098
2350
2461
2400
2148
1709
1231
865
605
504
474
737
1044
1433
1733
1888
2030
2211
2313
2240
2164
1937
1547
1162
1131
1297
1460
1708
1957
2203
2416
2536
2602
2800
2781
2854
3010
2834
2271
1612
981
193
-690
-1458
-1854
-2030
-1980
-1731
-1259
-509
343
1299
1946
2309
2551
2333
1683
1038
249
-541
-1152
-1511
-1523
-1182
-564
117
964
1888
2678
3052
3158
3213
3130
2559
1686
981
456
-134
-552
-604
-205
236
468
1001
1594
2014
2225
2151
1893
1737
1449
1117
825
448
408
492
611
749
982
1200
1355
1587
1703
1746
1594
1447
1245
1051
974
1012
908
792
815
768
757
846
932
948
731
300
-158
-316
-321
-367
-510
-481
-453
-516
-414
-213
-148
-205
-371
-528
-675
-887
-1301
-2054
-2652
-2726
-2119
-939
614
2087
3181
3837
3941
3479
2538
1312
-99
-1506
-2760
-3675
-4014
-3747
-2853
-1670
-269
1007
2008
2668
2717
2243
1263
81
-1160
-2416
-3575
-4371
-4800
-4658
-3810
-2616
-1578
-551
431
1047
1238
1013
453
-355
-1307
-2431
-3537
-4230
-4473
-4208
-3523
-2611
-1722
-924
-180
558
932
703
241
-359
-1023
-1839
-2637
-3136
-3468
-3237
-2858
-2511
-1883
-1257
-647
-447
-386
-387
-622
-1038
-1454
-1845
-2105
-2098
-2086
-1967
-1717
-1402
-978
-675
-509
-274
-96
-57
-284
-693
-858
-932
-991
-1088
-1043
-640
-390
-35
244
294
275
378
647
879
923
717
318
-214
-1072
-1920
-2640
-3408
-3848
-4095
-4084
-3986
-3561
-2902
-1960
-808
108
621
769
683
356
-227
-901
-1655
-2368
-2819
-3059
-2898
-2302
-1504
-650
158
943
1605
2052
2158
1991
1733
1219
633
13
-685
-1060
-1169
-1155
-759
-38
511
941
1300
1594
1853
1971
1811
1563
1295
932
532
299
171
267
325
627
966
1268
1541
1754
1932
2002
1988
1869
1734
1493
1321
1232
1294
1474
1481
1435
1496
1451
1416
1334
1070
721
432
524
666
402
187
241
342
413
390
495
582
691
806
783
551
225
187
306
625
1303
