-5133
-4579
-4155
-3820
-3722
-3817
-3938
-4074
-4106
-4322
-4663
-4923
-4831
-4573
-4423
-4381
-4138
-3794
-3536
-3339
-3229
-3086
-2992
-3049
-3398
-3819
-4418
-5218
-6215
-7088
-7677
-8301
-8681
-8788
-8513
-7889
-6952
-5939
-5006
-4256
-3610
-3084
-3035
-3504
-4379
-5229
-5982
-6620
-6927
-6818
-6526
-6095
-5370
-4449
-3466
-2606
-1880
-1537
-1511
-1600
-2015
-2734
-3650
-4427
-4873
-5204
-5372
-5116
-4638
-4165
-3579
-3069
-2677
-2373
-2388
-2767
-3515
-4457
-5353
-5696
-5501
-5016
-4361
-3418
-2116
-1267
-1152
-1508
-2642
-4240
-6026
-7869
-9637
-11010
-11526
-11470
-10698
-9322
-7735
-6034
-4805
-4355
-4706
-5792
-7328
-9081
-10980
-12458
-13021
-12858
-11798
-10191
-8017
-5492
-3179
-1062
468
1225
1256
700
-407
-1856
-3643
-5273
-6474
-6986
-6407
-4804
-2366
383
3217
5438
6694
6913
6139
4627
2516
151
-2215
-4194
-5659
-6282
-5971
-5048
-3554
-1838
-479
536
946
437
-704
-2168
-4062
-6256
-8409
-9783
-10471
-10420
-9576
-8375
-6921
-5588
-4384
-3573
-3191
-3291
-4255
-5599
-7156
-8807
-10344
-11563
-12074
-12020
-11494
-10582
-9261
-7558
-6081
-5046
-4505
-4502
-4965
-5838
-7172
-8615
-9747
-10948
-11699
-11909
-11487
-10925
-9910
-8662
-7333
-5986
-4818
-4011
-3579
-3490
-3530
-3669
-3826
-3826
-3828
-3569
-3016
-2615
-2357
-1908
-1429
-921
-477
-338
-474
-690
-997
-1275
-1500
-1671
-1806
-1967
-2014
-2010
-1917
-1849
-2087
-2195
-2359
-2746
-2910
-2994
-3238
-3554
-3967
-4717
-5539
-6225
-6635
-6860
-7192
-7295
-6890
-6468
-5953
-5318
-4486
-3667
-3253
-3079
-3281
-3982
-4845
-5700
-6770
-7809
-8238
-8495
-8549
-8368
-7749
-6735
-5814
-5059
-4378
-3912
-3837
-4055
-4288
-4578
-4979
-5369
-5668
-5611
-5431
-4924
-4075
-3080
-2134
-1202
-190
670
1209
1576
1739
1741
1815
1759
1536
794
-165
-921
-2057
-3340
-4118
-4179
-3339
-1634
465
2404
3893
4849
5480
5527
4608
3141
1353
-583
-2264
-3366
-3913
-3434
-1885
23
2045
3994
5524
6340
6447
5848
4857
3579
1882
263
-1149
-1695
-1329
-252
1482
3524
5312
6539
7203
7291
7065
6768
6468
6359
6607
7069
7203
7130
7159
6994
6370
5691
4789
3699
2444
1225
409
52
220
748
1740
2783
3832
4745
5246
5308
4748
3849
2740
1371
-43
-1229
-1922
-2186
-2128
-1631
-742
225
991
1593
1968
1981
1635
954
53
-950
-2096
-2878
-3449
-3796
-3967
-3980
-3752
-3448
-3375
-3280
-3100
-2993
-3079
-3389
-3697
-4142
-4483
-4649
-4730
-4555
-4283
-3911
-3669
-3471
-3185
-3073
-3013
-2897
-3067
-3470
-3749
-3861
-3826
-3770
-3681
-3427
-2894
-2242
-1727
-1219
-818
-646
-600
-681
-994
-1479
-2031
-2403
-2756
-3123
-3240
-3250
-3125
-2789
-2497
-2308
-2119
-1933
-1719
-1660
-1887
-2375
-3073
-3993
-5372
-6811
-8089
-9373
-10236
-10605
-10700
-10515
-9869
-8766
-7612
-6641
-5745
-4976
-4756
-4918
-5368
-6134
-7105
-8107
-9067
-9869
-10314
-10394
-10018
-9420
-8560
-7543
-6683
-6077
-5743
-5631
-5760
-6081
-6645
-7376
-7901
-8353
-8483
-8494
-8236
-7957
-7344
-6532
-5852
-5151
-4555
-4039
-3785
-3506
-3201
-3103
-3089
-2867
-2679
-2462
-2149
-1921
-1647
-1265
-1015
-910
-776
-667
-689
-922
-1078
-1166
-1405
-1688
-1709
-1593
-1534
-1661
-1672
-1732
-1743
-1811
-2082
-2409
-2725
-2877
-2958
-3136
-3369
-3598
-3733
-3826
-3671
-3444
-3279
-3149
-2941
-2770
-2891
-3237
-3810
-4482
-5139
-5404
-4864
-3669
-2293
-1048
33
635
500
-258
-1469
-2961
-4611
-6190
-7613
-8629
-8896
-8584
-7883
-6616
-4967
-3435
-2334
-1909
-1967
-2522
-3469
-4647
-6214
-7916
-9344
-10096
-10067
-9423
-8546
-7426
-6003
-4609
-3633
-3158
-2962
-3081
-3635
-4613
-5915
-7231
-8393
-9176
-9435
-9091
-8328
-7454
-6464
-5492
-4570
-3992
-3668
-3691
-3887
-4391
-5126
-5952
-6831
-7446
-7682
-7806
-7521
-6991
-6474
-5935
-5465
-5138
-4984
-5050
-5313
-5743
-6132
-6399
-6718
-6995
-7174
-7173
-7032
-6718
-6356
-6008
-5900
-5635
-5451
-5619
-6020
-6539
-6942
-7160
-7238
-7069
-6764
-6479
-6314
-6157
-5998
-5819
-5600
-5490
-5458
-5489
-5694
-6032
-6547
-7193
-8063
-9016
-9925
-10691
-11290
-11691
-11562
-11063
-10468
-9501
-8304
-7199
-6418
-5775
-5373
-5452
-6010
-6852
-7714
-8585
-9407
-9987
-9945
-9504
-8811
-8119
-7383
-6295
-5180
-4283
-3655
-3540
-3635
-3880
-4361
-4760
-5241
-5757
-6152
-6170
-5838
-5417
-4863
-4164
-3340
-2691
-2046
-1517
-1253
-1066
-1067
-1160
-1243
-1135
-1187
-1352
-1253
-898
-537
-287
37
458
857
1078
1239
1379
1451
1325
1267
1240
1212
1096
927
859
859
768
608
567
395
138
-153
-378
-524
-505
-336
-362
-458
-536
-472
-202
-50
88
352
411
236
17
-374
-853
-1309
-1578
-1209
-126
1287
2705
4018
4948
5146
4887
4053
2738
1327
-52
-1330
-2298
-2995
-3034
-2448
-1305
120
1479
2556
3285
3528
3123
2352
1223
-47
-1427
-2749
-3698
-3981
-3777
-3031
-1955
-936
255
1224
1893
2201
2044
1409
441
-620
-1602
-2438
-3376
-3913
-3929
-3516
-2831
-1947
-1145
-514
-30
92
73
-61
-488
-1140
-1916
-2612
-3303
-3882
-4146
-3825
-3307
-2879
-2438
-2024
-1639
-1276
-1295
-1637
-1920
-2233
-2597
-2934
-3002
-3020
-3095
-2980
-2763
-2333
-1977
-1740
-1578
-1554
-1567
-1781
-2120
-2580
-2822
-3003
-3140
-2992
-2909
-2730
-2436
-2222
-2119
-2065
-1922
-1737
-1766
-1949
-2218
-2642
-3091
-3882
-4970
-5822
-6578
-7109
-7493
-7644
-7449
-6998
-6387
-5592
-4654
-3730
-3165
-2883
-2888
-3134
-3783
-4605
-5495
-6405
-7036
-7354
-7325
-6973
-6290
-5413
-4470
-3601
-2672
-2081
-1923
-1901
-2040
-2408
-3026
-3700
-4187
-4522
-4684
-4574
-4260
-3712
-3000
-2428
-1836
-1268
-877
-642
-610
-633
-679
-921
-1055
-1188
-1323
-1255
-935
-530
-85
247
596
788
872
1064
1209
1239
1314
1163
911
790
721
603
630
663
571
457
240
123
33
-213
-460
-568
-737
-743
-855
-897
-842
-901
-905
-876
-872
-939
-817
-755
-889
-1270
-1852
-2523
-2990
-2810
-1927
-623
779
2272
3284
3742
3609
2704
1462
147
-1283
-2560
-3730
-4745
-5129
-4745
-3733
-2490
-972
195
979
1461
1327
756
-215
-1525
-3096
-4624
-5699
-6425
-6661
-6183
-5262
-4065
-2644
-1365
-667
-309
-275
-680
-1479
-2643
-3790
-4846
-5802
-6279
-6255
-5962
-5505
-4776
-3844
-2888
-2158
-1796
-1768
-2057
-2651
-3373
-4157
-4972
-5777
-6304
-6421
-6309
-6044
-5640
-5134
-4479
-3867
-3641
-3680
-3906
-4171
-4668
-5149
-5412
-5505
-5554
-5682
-5607
-5305
-4853
-4396
-4131
-3961
-3881
-3772
-3720
-4070
-4630
-4993
-5131
-5179
-5205
-5137
-5068
-4944
-4675
-4511
-4416
-4256
-4021
-3903
-3951
-4223
-4563
-4986
-5688
-6610
-7792
-8895
-9462
-9859
-10324
-10241
-9605
-8707
-7913
-7102
-6280
-5533
-5014
-4771
-4885
-5534
-6294
-7153
-7985
-8512
-8975
-9112
-8685
-7924
-7129
-6251
-5407
-4604
-3675
-3106
-3034
-3224
-3757
-4315
-4727
-5037
-5156
-5352
-5383
-5076
-4618
-4051
-3423
-2618
-1834
-1232
-836
-847
-787
-768
-896
-954
-976
-932
-961
-878
-606
-213
233
550
798
1173
1378
1557
1562
1456
1391
1375
1215
1108
1200
1180
1198
1132
1097
1074
936
787
714
653
478
178
84
-26
-36
27
66
155
388
724
806
768
663
583
203
-480
-1382
-2381
-3128
-3271
-2635
-1458
-124
1012
1847
2148
1823
1187
516
-373
-1111
-1624
-2121
-2127
-1630
-865
114
1128
1954
2439
2582
2309
1691
785
-293
-1359
-2229
-3087
-3448
-3316
-2540
-1380
-282
751
1717
2367
2771
2718
2231
1521
737
-48
-998
-1759
-2152
-2162
-1669
-999
-298
633
1542
2294
2623
2388
2049
1452
697
-127
-634
-1077
-1607
-1858
-1717
-1408
-902
-223
269
674
984
1018
725
457
62
-503
-1125
-1574
-2056
-2472
-2770
-2778
-2531
-2311
-2245
-2114
-1946
-1930
-2006
-2143
-2475
-2882
-3158
-3317
-3274
-3230
-3233
-3269
-3308
-3242
-3243
-3013
-2925
-2691
-2447
-2644
-2891
-3335
-3736
-4499
-5615
-6757
-7708
-8207
-8376
-8267
-7988
-7398
-6616
-5738
-4843
-3931
-3329
-2996
-2945
-3311
-4070
-4845
-5581
-6265
-6751
-6850
-6504
-5934
-5163
-4216
-3258
-2305
-1388
-682
-563
-743
-976
-1280
-1776
-2253
-2518
-2681
-2636
-2517
-2055
-1403
-743
-260
315
966
1373
1443
1321
1285
1286
1235
971
725
688
934
1060
1163
1500
1820
1977
2185
2310
2401
2506
2570
2482
2263
2115
1975
1846
1580
1389
1359
1406
1514
1303
1114
901
683
474
234
20
-109
-51
53
72
47
91
177
290
260
177
155
-44
-140
25
431
1045
1953
3393
5073
6711
7782
7962
7615
6706
5096
3049
747
-1672
-3773
-5121
-5603
-5113
-3854
-2112
21
2283
4293
5738
6006
5553
4537
2926
907
-1364
-3332
-4752
-5656
-5721
-5120
-4082
-2633
-1227
143
1204
1706
1661
1003
-57
-1367
-2763
-4102
-5420
-6319
-6734
-6711
-5970
-4868
-3675
-2578
-1819
-1266
-929
-985
-1438
-2184
-3010
-3746
-4492
-5339
-5744
-5916
-5924
-5849
-5465
-4998
-4645
-4303
-4146
-4080
-4041
-4173
-4371
-4392
-4188
-4060
-3912
-3480
-3056
-2576
-2180
-1853
-1746
-1933
-2033
-2187
-2391
-2606
-2843
-2940
-2979
-2771
-2542
-2272
-1876
-1532
-1176
-863
-800
-918
-1032
-1155
-1350
-1740
-2587
-3466
-4319
-5436
-6371
-6968
-7261
-7211
-6933
-6236
-5226
-4245
-3405
-2798
-2306
-2066
-2179
-2592
-3255
-3966
-4812
-5698
-6509
-6896
-6878
-6514
-5832
-5046
-4101
-3296
-2640
-2203
-2029
-1959
-2135
-2782
-3473
-4190
-4901
-5200
-5166
-5088
-4895
-4305
-3513
-2734
-2002
-1332
-753
-523
-337
-321
-452
-566
-666
-791
-860
-655
-416
-21
495
1097
1532
1814
1992
2197
2368
2420
2290
2225
2351
2377
2332
2318
2495
2518
2571
2535
2477
2360
2129
1922
1759
1671
1449
1162
945
1231
1420
1423
1558
1678
1864
1849
1731
1663
1656
1385
666
-121
-596
-776
-715
-130
925
2030
3019
3547
3488
2850
1949
772
-701
-2026
-2967
-3462
-3360
-2609
-1413
69
1550
2886
3823
4035
3630
2701
1541
159
-1319
-2684
-3754
-4437
-4490
-3902
-2770
-1416
-200
1056
2074
2764
2914
2479
1858
1075
55
-1117
-1863
-2369
-2539
-2298
-1764
-862
324
1308
2021
2584
2751
2424
1879
1136
389
-256
-803
-1085
-1418
-1655
-1466
-1094
-388
249
670
1027
1195
1222
971
509
63
-349
-569
-675
-981
-1103
-1089
-719
-489
-431
-379
-517
-705
-943
-1241
-1576
-1942
-2165
-2328
-2414
-2497
-2489
-2326
-2042
-1892
-1888
-1696
-1617
-1855
-1913
-2018
-2406
-2913
-3641
-4587
-5596
-6475
-7291
-7782
-7880
-7682
-7215
-6591
-5686
-4783
-3953
-3211
-2678
-2777
-3037
-3364
-3876
-4708
-5502
-6216
-6544
-6474
-6159
-5526
-4595
-3297
-2212
-1449
-853
-444
-334
-483
-802
-1238
-1800
-2207
-2571
-2772
-2584
-2176
-1545
-812
-83
610
1290
1856
2208
2368
2367
2211
2085
1869
1834
1820
1858
1942
2220
2658
2922
3122
3210
3557
3774
3788
3868
3587
3490
3413
3116
2956
3038
2968
2908
2882
2914
2828
2492
2205
2062
1945
1754
1637
1459
1217
1240
1447
1517
1503
1621
1644
1426
1313
1282
1425
1290
714
107
-345
-265
292
1420
2898
4217
5356
6039
6167
5729
4716
3429
2040
703
-590
-1453
-1730
-1537
-844
326
1721
3103
4148
4627
4663
4336
3564
2399
1020
-391
-1654
-2337
-2457
-2088
-1220
-152
960
1817
2610
3264
3505
3273
2613
1626
434
-821
-1815
-2456
-2712
-2300
-1664
-931
-43
721
1412
1839
1923
1654
1275
603
-224
-949
-1652
-2166
-2654
-2860
-2612
-2275
-1866
-1377
-723
-460
-454
-511
-679
-937
-1373
-1911
-2310
-2610
-2722
-2748
-2519
-2095
-1602
-1166
-918
-797
-847
-1120
-1288
-1309
-1578
-2038
-2306
-2254
-2247
-2193
-1879
-1601
-1336
-1059
-755
-707
-792
-838
-1038
-1297
-1772
-2291
-2872
-3896
-5024
-5720
-6327
-6745
-6663
-6360
-5835
-4971
-3968
-2894
-2110
-1573
-1338
-1380
-1758
-2384
-3190
-4124
-4788
-5140
-5148
-4946
-4548
-3944
-3141
-2265
-1302
-571
-277
-121
-193
-436
-979
-1739
-2271
-2639
-2903
-2958
-2674
-2209
-1591
-832
-222
336
843
1289
1510
1524
1435
1388
1294
1256
1157
1153
1389
1582
1754
2141
2601
3022
3218
3303
3327
3173
3087
3188
3128
2939
2846
2827
2869
2905
2815
2631
2626
2631
2637
2538
2263
1976
1867
1847
1661
1652
1834
1854
1881
1868
1931
2226
2183
1934
1856
1728
1535
949
299
232
638
1570
2930
4430
5822
6604
6760
6306
5492
4369
3043
1710
476
-535
-1130
-1183
-636
476
1757
2924
3964
4690
4767
4340
3606
2684
1481
131
-1274
-2200
-2589
-2500
-1865
-833
286
1490
2311
2804
2963
3032
2709
1838
709
-343
-1254
-1914
-2291
-2341
-1988
-1318
-481
323
1082
1636
1874
1868
1736
1214
398
-566
-1423
-1970
-2232
-2209
-2054
-1733
-1398
-940
-347
71
205
191
36
-351
-702
-1038
-1286
-1500
-1845
-1902
-1681
-1255
-708
-271
-19
19
-64
-171
-137
-255
-507
-871
-1043
-1108
-1077
-1082
-1101
-805
-442
-117
-7
-45
57
71
-229
-431
-754
-1498
-2281
-3143
-4069
-4858
-5449
-5882
-6134
-6150
-5627
-4674
-3876
-3112
-2148
-1367
-855
-836
-1149
-1777
-2644
-3625
-4467
-4976
-5130
-4973
-4626
-4107
-3216
-2077
-1194
-599
-184
260
395
117
-341
-788
-1407
-1962
-2271
-2303
-2051
-1510
-975
-398
300
875
1360
1760
2161
2322
2176
2183
2187
1971
1832
1969
2123
2394
2694
2904
3147
3354
3637
3863
4019
4010
3901
3889
3968
3709
3408
3397
3428
3357
3280
3213
3147
2954
2891
2650
2422
2475
2477
2408
2109
1972
2011
2058
2170
2223
2256
2349
2323
2127
2070
2020
1750
1089
561
341
442
1170
2485
4126
5608
6500
6962
6733
5946
4883
3654
2324
888
-399
-1135
-1412
-1131
-280
1103
2663
3902
4781
5174
4875
4129
3177
1945
582
-747
-1880
-2487
-2566
-2023
-1155
-69
1273
2250
2816
3087
3208
2928
2304
1379
293
-686
-1562
-2047
-2034
-1698
-997
-81
825
1562
2062
2290
2231
1923
1369
789
129
-696
-1297
-1702
-1992
-2024
-1699
-1120
-523
-205
27
271
542
551
17
-593
-1030
-1191
-1306
-1575
-1467
-1159
-847
-573
-222
26
124
359
335
164
-70
-545
-750
-839
-1058
-1162
-1118
-955
-662
-439
-220
-40
33
195
243
81
40
-206
-789
-1500
-2375
-3404
-4223
-4793
-5292
-5552
-5404
-4866
-4205
-3443
-2631
-1787
-980
-404
-250
-453
-1025
-1826
-2595
-3368
-3927
-4339
-4650
-4439
-3685
-2826
-1928
-927
25
686
878
795
747
497
52
-608
-1121
-1525
-1659
-1587
-1224
-696
-18
614
1240
1816
2181
2420
2426
2195
1931
1529
1208
1205
1418
1803
2388
2956
3239
3357
3184
2683
2212
1581
1151
844
743
1019
1544
2280
3169
3831
4214
4447
4473
3954
3127
2344
1446
562
251
560
1270
2238
3518
4833
5842
6511
6983
7187
6805
6019
5225
4500
3889
3279
2762
2812
3407
4327
5867
7655
9171
10285
10850
10796
9996
8679
7122
5437
3675
2158
1314
1066
1250
1944
2942
4089
5300
6216
6623
6575
6019
4957
3661
2378
1167
-26
-947
-1333
-1419
-975
-25
982
1920
2575
3074
3444
3306
2627
1811
989
-78
-1241
-2081
-2536
-2650
-2498
-2036
-1153
-301
444
882
1061
1104
955
619
-3
-811
-1441
-1882
-2236
-2287
-2003
-1474
-881
-286
528
1164
1407
1406
1569
1354
1109
839
686
642
699
840
1150
1453
1812
2247
2528
2860
2876
2541
2299
1887
1557
1425
1268
1141
1177
1248
1511
1542
1605
1655
1603
1704
1801
1837
1763
1688
1386
560
-247
-976
-1807
-2699
-3598
-4240
-4594
-4814
-4741
-4454
-3757
-2835
-1841
-1210
-902
-766
-913
-1292
-1874
-2727
-3610
-4373
-4925
-5204
-5215
-4678
-3852
-3154
-2406
-1527
-984
-742
-608
-726
-1142
-1995
-2844
-3530
-3999
-4255
-4326
-4123
-3679
-3107
-2520
-1828
-990
-312
7
65
116
81
-442
-936
-1327
-1699
-1978
-2069
-1889
-1407
-783
-122
557
1198
1604
1704
1589
1037
464
-338
-1021
-1366
-1458
-1373
-1122
-679
-244
144
627
778
590
45
-504
-1053
-1866
-2742
-3245
-3454
-3289
-3018
-2586
-2138
-1730
-1361
-1242
-1448
-1974
-2842
-4124
-5463
-6295
-6200
-5209
-3645
-1908
-402
733
1222
1164
479
-837
-2417
-4289
-6053
-7550
-8587
-8767
-8024
-6587
-4907
-3112
-1443
-365
-3
-128
-728
-1887
-3278
-4783
-6382
-7620
-8017
-7663
-6688
-5425
-3968
-2569
-1341
-361
175
184
-347
-1049
-1885
-2897
-3848
-4520
-5000
-5056
-4599
-3730
-2684
-1633
-532
522
901
825
730
448
-213
-1118
-2045
-2713
-2813
-2768
-2545
-2136
-1597
-1032
-389
3
275
328
230
-170
-806
-1302
-1537
-1597
-1717
-1656
-1413
-1150
-618
-192
-79
43
160
190
-48
-514
-843
-951
-978
-1076
-1127
-817
-511
-396
-263
43
471
853
1157
1194
1066
826
490
129
-669
-1777
-2711
-3275
-3741
-4027
-3989
-3498
-2769
-1985
-1044
-88
803
1521
2023
2218
2003
1571
863
29
-651
-1027
-1188
-974
-406
424
1360
2428
3249
3776
4343
4729
4800
4429
3832
3040
2374
1802
1458
1446
1640
1948
2464
3171
3793
4031
4221
4566
4738
4550
4220
3922
3621
3342
3258
3103
3010
3174
3442
3682
3870
3980
4039
4137
4256
4114
3851
3571
3432
3322
3229
3225
3285
3287
3258
3203
2998
3204
3130
2841
2579
2248
2155
2080
2034
1995
1948
1932
1969
2200
2333
2459
2410
2375
2466
2258
1822
1344
821
468
601
1660
3292
4854
6016
6761
7199
7183
6560
5610
4415
3007
1748
757
137
-123
257
1318
2649
4026
5315
6199
6447
6354
5814
4828
3478
2061
978
148
-530
-548
107
1006
1978
3045
4069
4752
5033
5107
4808
4022
3049
2200
1322
453
-68
-226
72
727
1584
2286
2950
3615
3896
3900
3622
3219
2566
1869
1181
518
-34
-181
-7
376
763
1300
1781
2140
2548
2760
2664
2292
1939
1625
1302
860
645
799
1075
1377
1789
2280
2745
2906
2783
2655
2401
2171
2025
1853
1849
1691
1725
1762
1785
1911
2225
2456
2715
2975
3177
3204
3169
3098
2781
2172
1480
681
-57
-829
-1461
-1910
-2225
-2224
-1852
-1119
-235
650
1421
2138
2540
2656
2368
1845
1218
458
-153
-778
-1151
-1110
-920
-440
340
1194
2134
2921
3418
3583
3372
2979
2416
1803
1102
365
24
-132
-194
-121
295
868
1357
1635
1829
2127
2211
2163
1912
1584
1207
938
711
611
604
622
794
972
1223
1456
1673
1775
1660
1663
1712
1487
1249
1196
1099
897
787
705
615
710
684
625
657
405
99
-34
-281
-447
-587
-742
-849
-962
-921
-825
-763
-697
-583
-475
-385
-524
-1030
-1775
-2292
-2583
-2591
-2063
-833
813
2397
3561
4227
4275
3671
2642
1470
114
-1430
-2828
-3861
-4278
-3950
-2998
-1847
-456
915
2063
2717
2644
2159
1231
67
-1363
-2812
-3901
-4769
-5063
-4726
-3952
-2916
-1775
-425
689
1204
1435
1199
665
-340
-1425
-2449
-3365
-3832
-4019
-3846
-3417
-2603
-1812
-1007
-241
367
718
613
277
-341
-1057
-1910
-2607
-3145
-3367
-3423
-3220
-2789
-2054
-1489
-1068
-592
-344
-386
-578
-885
-1314
-1663
-1896
-2032
-2158
-2096
-1766
-1349
-900
-713
-468
-114
-132
-263
-362
-548
-736
-924
-1075
-990
-862
-718
-533
-87
349
507
423
505
563
479
498
362
10
-741
-1674
-2535
-3372
-4006
-4535
-4800
-4797
-4312
-3626
-2867
-1942
-1078
-359
273
524
377
54
-233
-869
-1591
-2256
-2687
-2854
-2814
-2372
-1445
-539
285
1184
1934
2354
2379
2234
1765
1017
244
-440
-1008
-1237
-1098
-940
-573
-4
498
951
1382
1710
1879
1904
1699
1452
1209
901
650
522
455
528
648
972
1423
1646
1730
1780
1806
1868
1811
1767
1644
1363
1149
1073
1199
1395
1233
1127
1170
1210
1157
842
740
743
553
317
40
-149
-193
-78
111
169
79
141
323
370
457
444
295
2
-169
-11
438
1267
