-4846
-4602
-4358
-4004
-3832
-3761
-3742
-3915
-4349
-4649
-4803
-4805
-4737
-4642
-4452
-4252
-4014
-3790
-3825
-3710
-3408
-3182
-3117
-3186
-3430
-3864
-4554
-5274
-6046
-6936
-7773
-8295
-8549
-8535
-8136
-7414
-6581
-5775
-4920
-4080
-3587
-3470
-3399
-3606
-4257
-5174
-6012
-6546
-6975
-7119
-6958
-6321
-5329
-4319
-3317
-2533
-2063
-1721
-1453
-1553
-2028
-2744
-3515
-4255
-4950
-5206
-5080
-4829
-4424
-3933
-3323
-2814
-2364
-2075
-2146
-2511
-3243
-4071
-4821
-5220
-5426
-5072
-4049
-2963
-1927
-1166
-953
-1406
-2561
-4135
-5889
-7853
-9730
-11370
-12062
-11659
-10470
-8860
-7363
-6049
-4932
-4490
-4683
-5565
-7028
-8799
-10688
-12286
-12991
-12955
-11951
-10191
-7912
-5300
-2778
-809
658
1477
1403
620
-539
-1848
-3555
-5264
-6359
-6569
-5862
-4105
-1510
1482
4189
6108
7108
6936
6079
4437
2179
-158
-2520
-4594
-6048
-6553
-6173
-4961
-3330
-1477
13
994
1433
1151
46
-1645
-3501
-5669
-7708
-9436
-10338
-10357
-9676
-8366
-6976
-5406
-4085
-3374
-3268
-3443
-4302
-5627
-7262
-8918
-10204
-11337
-12190
-12453
-11899
-10865
-9684
-8171
-6675
-5671
-5150
-5067
-5454
-6312
-7309
-8488
-9616
-10662
-11419
-11728
-11415
-10847
-9594
-8290
-7361
-6343
-5325
-4533
-3997
-3691
-3662
-3790
-3782
-3685
-3595
-3302
-3132
-2930
-2419
-1806
-1227
-816
-511
-375
-605
-1134
-1371
-1479
-1547
-1479
-1507
-1786
-1887
-1788
-1603
-1643
-1886
-1859
-1882
-2100
-2251
-2569
-2972
-3288
-3596
-3999
-4660
-5383
-5919
-6526
-6896
-6719
-6390
-6007
-5451
-4620
-3851
-3375
-2992
-2727
-3023
-3625
-4378
-5290
-6360
-7411
-8086
-8459
-8640
-8272
-7632
-6885
-6005
-5129
-4367
-3964
-3919
-3975
-4124
-4468
-4836
-5211
-5506
-5522
-5390
-4942
-4144
-3297
-2344
-1447
-461
392
970
1365
1556
1695
1644
1523
1199
307
-916
-1925
-2777
-3742
-4569
-4514
-3461
-1782
119
1973
3511
4542
5190
5089
3993
2391
586
-1235
-2683
-3715
-4051
-3383
-1892
104
2182
4020
5342
6047
6148
5519
4212
2663
1043
-282
-1395
-2011
-1743
-529
1431
3552
5324
6333
6771
6928
6820
6530
6329
6487
6640
6751
6746
6758
6705
6333
5680
4697
3531
2437
1302
298
-565
-912
-608
52
1059
2195
3388
4356
4743
4575
4029
3202
2079
741
-706
-1638
-2267
-2624
-2501
-2213
-1739
-851
98
686
1125
1242
880
355
-575
-1755
-2698
-3580
-4142
-4556
-4716
-4523
-4357
-4269
-3988
-3619
-3417
-3511
-3548
-3840
-4213
-4474
-4677
-4868
-4997
-4862
-4611
-4407
-4096
-3831
-3677
-3522
-3275
-3392
-3707
-4034
-4343
-4468
-4285
-4039
-3721
-3259
-2779
-2364
-1796
-1229
-931
-902
-1039
-1271
-1527
-1820
-2327
-2854
-3301
-3474
-3421
-3335
-3106
-2739
-2355
-2150
-2038
-1895
-1675
-1706
-1843
-2297
-2976
-3887
-5185
-6703
-7904
-9129
-10016
-10440
-10483
-10136
-9612
-8684
-7497
-6337
-5518
-4721
-4455
-4825
-5497
-6260
-7094
-8138
-9068
-9816
-10259
-10406
-10006
-9044
-8226
-7498
-6642
-5862
-5397
-5482
-5710
-6116
-6748
-7250
-7792
-8321
-8738
-8950
-8798
-8155
-7367
-6525
-5726
-5238
-4650
-4167
-3849
-3751
-3637
-3528
-3325
-3222
-3015
-2753
-2570
-2238
-1829
-1531
-1238
-926
-764
-685
-821
-1017
-1158
-1370
-1662
-1661
-1373
-1473
-1781
-1918
-1798
-1741
-1716
-1751
-1953
-2162
-2335
-2584
-2753
-3028
-3379
-3421
-3362
-3245
-3231
-3231
-3041
-2731
-2608
-2507
-2503
-2698
-3253
-4122
-4774
-4933
-4498
-3646
-2331
-961
141
742
606
-43
-1255
-2897
-4479
-6000
-7299
-8349
-8756
-8466
-7531
-6152
-4695
-3446
-2341
-1733
-1669
-2124
-2959
-4276
-5914
-7409
-8728
-9559
-9612
-9054
-8172
-6828
-5495
-4320
-3362
-2755
-2547
-2795
-3477
-4299
-5420
-6631
-7619
-8346
-8605
-8179
-7597
-6925
-6030
-4970
-4149
-3752
-3432
-3443
-3619
-4098
-4847
-5479
-6067
-6706
-7105
-7110
-6786
-6355
-5934
-5421
-5121
-4896
-4629
-4779
-5023
-5286
-5577
-6085
-6398
-6543
-6706
-6590
-6466
-6271
-6026
-5503
-5123
-5124
-5149
-5365
-5539
-5887
-6241
-6383
-6680
-6851
-6812
-6600
-6217
-5870
-5490
-5134
-4954
-4869
-4786
-4781
-4770
-5043
-5741
-6559
-7425
-8283
-9265
-10168
-10690
-10978
-10798
-10432
-9772
-8803
-7683
-6586
-5832
-5386
-5106
-5303
-5775
-6550
-7554
-8568
-9182
-9569
-9668
-9188
-8674
-7972
-6904
-5792
-4741
-3977
-3361
-2974
-3043
-3370
-3872
-4494
-4904
-5462
-5850
-5728
-5253
-4923
-4394
-3628
-2775
-2077
-1523
-974
-664
-711
-751
-637
-572
-719
-892
-948
-708
-430
-158
173
611
1022
1189
1416
1740
1973
2071
1861
1600
1482
1459
1349
1344
1226
1118
1059
944
964
982
740
510
270
-46
-139
-38
62
35
90
144
226
320
484
589
592
698
594
118
-585
-1049
-1089
-595
362
1716
3186
4281
5012
5176
5002
4393
3204
1685
141
-1222
-2096
-2629
-2707
-2144
-1025
387
1720
2814
3381
3540
3266
2540
1527
322
-860
-2149
-3085
-3419
-3249
-2700
-2021
-947
296
1318
1950
2114
1870
1337
484
-625
-1714
-2581
-3342
-3794
-3832
-3539
-2925
-2076
-1157
-198
470
729
591
99
-647
-1299
-2094
-2849
-3391
-3676
-3799
-3670
-3429
-2960
-2422
-1884
-1505
-1469
-1474
-1618
-1926
-2428
-2886
-3135
-3355
-3324
-3266
-3027
-2870
-2682
-2446
-2179
-2025
-2004
-2072
-2333
-2481
-2563
-2794
-3130
-3373
-3374
-3231
-3051
-2863
-2539
-2388
-2194
-2142
-2124
-2013
-2042
-2191
-2598
-3178
-3863
-4790
-5837
-6675
-7463
-7992
-8021
-7629
-7003
-6328
-5717
-4895
-4070
-3609
-3213
-3180
-3371
-4031
-5088
-5898
-6662
-7243
-7479
-7324
-7042
-6338
-5440
-4551
-3658
-3065
-2526
-2198
-2150
-2285
-2822
-3543
-4072
-4472
-4912
-4998
-4641
-4266
-3715
-3057
-2217
-1558
-972
-548
-355
-363
-531
-644
-792
-1086
-1164
-1037
-858
-677
-404
159
514
770
1169
1532
1719
1637
1603
1641
1556
1500
1357
1233
1191
1181
1270
1221
955
750
709
585
459
259
24
-72
-28
-131
-131
-149
-86
198
264
245
354
344
243
19
-504
-1189
-1938
-2234
-2009
-1093
119
1512
2941
3950
4394
4207
3528
2514
1259
-219
-1767
-2981
-3746
-4131
-3756
-2862
-1690
-317
965
1899
2171
1955
1366
397
-861
-2356
-3699
-4785
-5485
-5572
-5104
-4089
-2887
-1771
-856
-130
177
112
-256
-913
-1749
-2837
-4060
-5115
-5881
-5908
-5482
-4727
-3853
-2903
-2084
-1509
-1249
-1166
-1376
-1967
-2783
-3569
-4233
-4957
-5601
-5931
-5809
-5144
-4506
-4088
-3652
-3204
-3056
-3254
-3336
-3543
-3931
-4361
-4759
-5085
-5187
-5111
-4964
-4826
-4505
-4054
-3795
-3675
-3478
-3472
-3648
-3971
-4335
-4423
-4433
-4451
-4546
-4660
-4501
-4250
-4266
-4265
-4023
-3738
-3446
-3271
-3255
-3488
-4088
-4890
-5652
-6469
-7241
-8128
-8909
-9469
-9630
-9515
-9147
-8354
-7436
-6511
-5628
-4927
-4341
-4232
-4520
-5151
-5895
-6807
-7757
-8600
-8891
-8893
-8621
-7938
-6978
-5981
-5041
-4175
-3539
-3158
-3141
-3269
-3592
-4236
-4942
-5527
-5866
-5908
-5717
-5283
-4765
-4212
-3521
-2673
-1902
-1347
-1113
-1089
-1124
-1038
-1031
-1284
-1479
-1561
-1499
-1197
-862
-594
-299
116
483
738
881
977
1038
847
767
793
699
558
596
600
517
549
698
844
888
718
511
165
-183
-330
-347
-460
-487
-437
-335
-198
-111
-14
91
-10
-112
-50
-488
-1326
-2463
-3362
-3778
-3656
-2871
-1588
-213
1005
1878
2213
1838
1142
233
-761
-1687
-2487
-2915
-2981
-2666
-1931
-1037
306
1340
1905
1984
1874
1342
349
-831
-2079
-2974
-3680
-4113
-4105
-3603
-2722
-1654
-515
492
1374
1953
2026
1632
863
-164
-1143
-1964
-2686
-3129
-3128
-2736
-1861
-882
37
858
1443
1665
1606
1433
903
110
-675
-1358
-2026
-2423
-2549
-2324
-1984
-1773
-1035
-230
120
282
326
371
94
-740
-1440
-1808
-2218
-2742
-3069
-3142
-2917
-2683
-2423
-2126
-1908
-1727
-1555
-1808
-2180
-2474
-2739
-2959
-3199
-3140
-3032
-2968
-2869
-2657
-2572
-2395
-2232
-2098
-2056
-2170
-2330
-2552
-3002
-3628
-4500
-5350
-6145
-6787
-7471
-7917
-7885
-7479
-6642
-5848
-5155
-4264
-3570
-2950
-2600
-2685
-3045
-3584
-4337
-5222
-6021
-6377
-6415
-5999
-5587
-4915
-3985
-3007
-1936
-1081
-603
-390
-525
-881
-1207
-1589
-2028
-2378
-2695
-2647
-2159
-1616
-1063
-504
201
859
1386
1698
1664
1506
1656
1679
1353
1179
1029
838
968
1346
1673
1996
2236
2550
3039
3318
3280
3142
3046
3100
3078
2844
2759
2626
2584
2433
2077
2044
2124
1985
1880
1685
1587
1565
1480
1361
1002
873
1058
1194
1306
1428
1403
1397
1374
1423
1552
1366
1055
904
982
1558
2574
3805
5351
6770
7679
7950
7666
6717
5239
3421
1366
-600
-2216
-3402
-3989
-3779
-2537
-731
1268
3240
4849
5879
6242
5820
4713
3177
1505
-402
-2343
-3698
-4229
-4137
-3519
-2475
-1241
58
1140
1933
2357
2422
2163
1109
-376
-1899
-3416
-4503
-5047
-5202
-4930
-4343
-3481
-2330
-1348
-504
-130
-71
-242
-672
-1456
-2161
-2825
-3686
-4289
-4567
-4603
-4384
-4130
-3680
-3194
-2996
-2940
-2795
-2693
-3000
-3315
-3323
-3465
-3716
-3880
-3427
-2837
-2489
-2196
-2035
-1876
-1685
-1613
-1698
-1901
-2187
-2392
-2612
-2759
-2644
-2484
-2385
-2052
-1566
-1225
-944
-838
-717
-577
-545
-618
-985
-1608
-2292
-3146
-4176
-5160
-5705
-6073
-6419
-6678
-6577
-6067
-5286
-4342
-3353
-2545
-2044
-1811
-1823
-2333
-3123
-3964
-4904
-5744
-6515
-6950
-6998
-6647
-5893
-5113
-4257
-3181
-2337
-1889
-1747
-1898
-2294
-2818
-3407
-4074
-4685
-5175
-5333
-5155
-4783
-4259
-3450
-2809
-2197
-1455
-895
-643
-545
-758
-767
-838
-1056
-1099
-1114
-1003
-829
-546
-177
144
350
780
1212
1322
1373
1470
1517
1503
1437
1337
1399
1525
1614
1482
1372
1360
1309
1425
1427
1437
1175
1012
822
509
470
547
666
756
886
986
906
927
1015
1120
971
499
-238
-1118
-1608
-1641
-1339
-647
379
1549
2636
3224
2952
2327
1511
335
-911
-2201
-3313
-3818
-3740
-3030
-2029
-760
578
1804
2675
3000
2921
2104
914
-437
-2019
-3317
-4443
-5184
-5252
-4874
-3773
-2416
-1031
162
1142
1816
1916
1452
744
-202
-1245
-2152
-3037
-3605
-3729
-3397
-2504
-1605
-725
256
1012
1551
1591
1235
688
-6
-534
-1116
-1684
-2226
-2503
-2356
-1976
-1617
-1261
-670
-85
312
237
124
27
-381
-849
-1104
-1516
-1788
-1943
-2043
-1940
-1646
-1300
-1244
-1353
-1351
-1337
-1542
-1806
-2121
-2442
-2668
-2762
-2884
-2847
-2632
-2374
-2276
-2214
-2084
-2008
-1973
-1935
-1939
-1965
-2420
-3061
-3826
-4601
-5535
-6559
-7366
-7869
-8075
-7840
-7164
-6599
-5981
-5122
-3982
-3074
-2697
-2629
-2800
-3237
-3845
-4689
-5564
-6143
-6458
-6490
-6152
-5570
-4679
-3409
-2246
-1393
-907
-548
-436
-623
-874
-1309
-1709
-2024
-2304
-2481
-2439
-2049
-1361
-713
-7
875
1653
1891
2070
2256
2318
2264
2205
2122
2053
1968
1980
2037
2144
2626
3131
3544
3725
3783
3909
4071
4014
3995
3892
3813
3687
3511
3435
3486
3440
3432
3369
3182
3098
3053
2834
2466
2239
2244
2344
2149
2075
1973
1954
2010
2041
2264
2499
2655
2555
2289
1770
1099
385
-37
68
631
1743
3421
4919
5785
6230
6285
5945
5089
3887
2480
1002
-234
-1003
-1204
-998
-232
1053
2428
3741
4747
5293
5284
4793
3986
2831
1514
193
-795
-1296
-1536
-1390
-894
-28
1283
2400
3186
3567
3426
3202
2614
1806
848
-164
-1013
-1734
-1890
-1686
-1414
-839
89
952
1631
2043
2188
2076
1657
1062
261
-599
-1360
-1912
-2084
-2004
-1746
-1399
-1132
-678
-371
-111
9
47
-182
-703
-1321
-1618
-1767
-2079
-2119
-1905
-1618
-1310
-962
-577
-313
-339
-304
-507
-902
-1145
-1379
-1675
-1854
-1964
-1882
-1468
-1167
-1068
-970
-706
-465
-419
-576
-708
-764
-1035
-1489
-2123
-2869
-3631
-4490
-5380
-6128
-6387
-6190
-5799
-5243
-4422
-3628
-2788
-2018
-1409
-1289
-1602
-2049
-2482
-3133
-4107
-4936
-5504
-5696
-5651
-5192
-4352
-3302
-2406
-1594
-872
-450
-256
-369
-834
-1350
-1983
-2464
-2952
-3275
-3346
-2997
-2434
-1796
-1008
-136
504
926
1240
1451
1541
1440
1101
803
703
658
807
1046
1301
1674
2040
2347
2726
2904
3005
3106
3074
3113
3129
2894
2806
2749
2748
2779
2752
2777
2757
2767
2717
2573
2465
2184
1959
1871
1884
1831
1913
2039
2125
1985
1947
2126
2130
2143
2081
2016
1753
1279
660
-6
-169
389
1515
3023
4390
5347
6139
6411
6006
5244
3999
2634
1298
-23
-1046
-1654
-1758
-1277
-122
1285
2558
3734
4406
4593
4304
3537
2489
1136
-403
-1500
-2344
-3014
-2951
-2188
-1079
-52
890
1742
2356
2689
2608
2163
1353
176
-941
-1909
-2584
-2915
-2758
-2347
-1800
-905
-39
643
1214
1594
1552
1199
591
-224
-952
-1778
-2266
-2537
-2616
-2599
-2307
-1722
-1145
-781
-484
-281
-235
-490
-748
-1158
-1544
-1943
-2218
-2241
-2125
-1911
-1514
-1063
-676
-580
-660
-582
-463
-522
-762
-1084
-1416
-1714
-1900
-1955
-1868
-1618
-1294
-987
-810
-707
-689
-666
-533
-587
-751
-1033
-1635
-2510
-3495
-4357
-5082
-5814
-6074
-6190
-6232
-5911
-5314
-4429
-3325
-2275
-1673
-1461
-1526
-1795
-2362
-3037
-3877
-4597
-5202
-5572
-5588
-5165
-4556
-3581
-2610
-1627
-887
-450
-227
-108
-244
-681
-1171
-1610
-2083
-2704
-2925
-2609
-2096
-1482
-999
-198
691
1245
1627
1850
2041
1987
1870
1732
1651
1650
1696
1831
1871
2123
2547
2990
3416
3682
3957
4083
4020
3897
3912
3923
3820
3716
3554
3284
3320
3490
3407
3355
3417
3365
3213
3110
2929
2854
2670
2427
2409
2603
2737
2642
2542
2515
2679
2685
2578
2632
2585
2218
1605
1061
842
1076
1967
3163
4415
5609
6514
6871
6664
6046
5084
3738
2412
1111
-73
-678
-909
-634
364
1820
3190
4242
4965
5399
5332
4712
3553
2363
1124
-158
-1181
-1693
-1783
-1244
-335
523
1538
2541
3336
3615
3631
3544
2887
1610
366
-545
-1275
-1687
-1709
-1332
-623
219
886
1355
1847
2263
2489
2348
1808
1181
375
-483
-1032
-1505
-1630
-1633
-1412
-999
-450
40
442
645
692
518
207
-182
-416
-717
-983
-1211
-1330
-1164
-864
-497
-196
-19
157
405
584
528
221
-118
-362
-665
-884
-885
-799
-684
-451
31
164
173
314
516
683
743
602
186
-302
-965
-1902
-2871
-3739
-4465
-5019
-5242
-5071
-4623
-4013
-3220
-2327
-1450
-649
-338
-393
-609
-1224
-1945
-2624
-3318
-3887
-4395
-4511
-4143
-3500
-2666
-1831
-949
-194
603
913
782
607
319
-51
-526
-1127
-1527
-1741
-1577
-1193
-660
49
808
1441
1971
2341
2663
2764
2606
2056
1576
1525
1544
1617
1906
2288
2656
2945
3063
2789
2290
1760
1334
974
626
635
890
1399
2164
2944
3612
4140
4309
4025
3449
2597
1839
978
364
134
314
943
1885
3247
4592
5644
6313
6637
6694
6319
5716
4923
4129
3307
2598
2286
2313
2728
3747
5259
6980
8619
9758
10246
10107
9408
8056
6447
4709
3084
1742
731
436
648
1254
2284
3582
4842
5718
5946
5667
5308
4421
3098
1572
252
-738
-1628
-2128
-2112
-1606
-989
15
1208
2017
2394
2590
2484
1774
820
-111
-1044
-1927
-2805
-3385
-3570
-3439
-2857
-2096
-1232
-399
298
806
880
488
92
-501
-1271
-2102
-2621
-2824
-2798
-2522
-1995
-1281
-594
-21
634
1087
1128
1073
1046
861
559
162
59
132
344
636
876
1191
1595
2002
2122
2050
2003
1824
1623
1363
908
517
397
463
569
651
785
888
1125
1334
1273
990
777
874
755
471
64
-501
-1238
-2112
-3050
-4005
-4672
-5190
-5319
-5073
-4392
-3539
-2859
-2174
-1495
-1050
-922
-1103
-1410
-2116
-3017
-3944
-4777
-5317
-5499
-5417
-4988
-4265
-3351
-2457
-1751
-1223
-811
-819
-1093
-1677
-2262
-2892
-3525
-4019
-4284
-4230
-4018
-3575
-2984
-2320
-1726
-1245
-668
-195
-60
-168
-422
-833
-1257
-1682
-2169
-2352
-2270
-1977
-1535
-928
-115
683
1087
1231
1188
927
440
-49
-494
-1053
-1485
-1797
-1782
-1404
-844
-123
556
833
994
676
83
-448
-1000
-1640
-2388
-2948
-3262
-3140
-2775
-2454
-2033
-1622
-1250
-1153
-1333
-1923
-2909
-4086
-5264
-5960
-6025
-5137
-3623
-1948
-444
707
1261
1014
258
-920
-2399
-4252
-6268
-7884
-8597
-8493
-7622
-6164
-4558
-2932
-1428
-300
188
-48
-740
-1672
-3043
-4742
-6216
-7157
-7435
-7283
-6613
-5413
-3855
-2521
-1334
-249
113
-3
-483
-1123
-2064
-3132
-4053
-4705
-5029
-4926
-4451
-3489
-2269
-1103
-224
412
792
1040
775
186
-497
-1065
-1548
-2213
-2826
-2862
-2547
-2015
-1451
-957
-335
151
389
469
315
-86
-434
-918
-1353
-1498
-1529
-1551
-1397
-965
-553
-166
129
261
320
283
107
-330
-677
-878
-1111
-1288
-1190
-1000
-792
-516
-148
234
491
670
877
1064
923
783
438
-41
-664
-1558
-2399
-2985
-3342
-3554
-3632
-3347
-2709
-1940
-1024
134
1096
1486
1726
1919
1710
1186
492
-170
-699
-1106
-1273
-1242
-837
-184
859
2017
3010
3703
4174
4280
4232
3921
3316
2762
2248
1704
1251
1022
1213
1719
2215
2701
3341
3912
4199
4200
4285
4132
3979
3785
3447
3061
2673
2544
2565
2741
2858
3110
3388
3712
3929
3911
3845
3847
3791
3465
3126
2962
2854
2849
2766
2654
2693
2734
2871
2898
2838
2723
2434
2210
2021
1787
1707
1788
1813
1773
1774
1865
2021
2116
2173
2083
2049
2007
1632
1056
646
381
356
1014
2265
3700
4983
5924
6424
6232
5511
4599
3519
2328
1175
346
-151
-270
355
1303
2471
3747
4828
5584
5965
5871
5168
4303
3166
1711
478
-394
-661
-624
-196
657
1739
2870
3828
4431
4785
4799
4442
3768
2910
1948
981
211
-206
-371
-112
649
1533
2324
2895
3522
3957
4000
3811
3299
2667
1866
1024
374
59
49
237
546
931
1360
1801
2127
2355
2324
2236
2042
1556
932
505
222
147
241
441
808
1224
1543
1777
1795
1882
2051
1856
1546
1405
1214
1103
995
896
928
1093
1372
1618
1788
1960
2204
2426
2542
2564
2481
2336
1842
1042
74
-707
-1320
-1962
-2438
-2659
-2501
-1993
-1405
-709
184
938
1502
1893
2011
1885
1528
1023
290
-550
-1239
-1736
-1825
-1624
-921
-8
833
1674
2372
3009
3277
2992
2562
1969
1252
590
188
-82
-429
-633
-642
-255
273
745
1248
1651
1927
2089
1997
1753
1434
1055
635
428
233
135
188
297
440
629
836
1172
1426
1493
1367
1192
969
874
873
765
581
483
527
545
559
528
418
285
217
-123
-467
-686
-730
-848
-965
-987
-882
-902
-837
-776
-774
-777
-849
-669
-673
-990
-1544
-2014
-2216
-2101
-1483
-297
1240
2781
3885
4427
4285
3610
2569
928
-818
-2314
-3632
-4630
-4935
-4546
-3503
-2040
-528
876
2132
2902
3081
2690
1731
385
-1180
-2564
-3842
-4836
-5266
-5000
-4215
-3149
-1834
-428
499
945
1211
1117
502
-643
-1780
-2809
-3708
-4370
-4670
-4633
-4090
-3134
-2186
-1302
-485
185
361
175
-176
-678
-1413
-2149
-2820
-3304
-3622
-3502
-3081
-2733
-2431
-1915
-1326
-1063
-946
-1043
-1239
-1377
-1714
-1949
-2112
-2121
-1932
-1704
-1491
-1159
-887
-696
-334
-64
-41
-329
-542
-674
-856
-1152
-1119
-964
-774
-575
-332
-5
329
431
552
898
1125
1163
1132
727
172
-489
-1390
-2136
-2980
-3744
-4215
-4552
-4521
-3948
-3192
-2403
-1483
-573
244
849
940
846
475
-267
-975
-1815
-2509
-3026
-3057
-2785
-2365
-1716
-832
53
884
1541
2059
2376
2053
1486
1120
405
-434
-1120
-1551
-1603
-1324
-873
-395
178
775
1256
1569
1753
1782
1637
1418
1083
656
310
240
277
332
422
714
1017
1323
1577
1699
1828
1786
1719
1735
1518
1167
1132
1389
1310
1188
1101
1249
1405
1332
1206
1019
768
633
577
420
483
496
342
226
257
294
294
417
605
633
693
650
515
221
-266
-673
-369
435
