-5654
-5267
-4865
-4593
-4544
-4561
-4515
-4538
-4963
-5263
-5510
-5605
-5726
-5866
-5751
-5385
-5119
-4929
-4709
-4534
-4321
-4218
-4304
-4450
-4609
-4864
-5447
-6279
-7111
-8004
-8684
-9198
-9471
-9503
-9152
-8619
-7869
-6774
-5749
-5053
-4483
-3998
-3899
-4452
-5191
-5728
-6408
-7086
-7552
-7630
-7361
-6671
-5674
-4532
-3415
-2735
-2147
-1693
-1445
-1739
-2303
-3017
-3770
-4430
-5060
-5241
-5148
-4887
-4501
-3895
-3105
-2401
-1988
-1881
-1955
-2362
-3025
-3840
-4769
-5083
-5125
-4864
-4195
-3120
-2123
-1335
-1128
-1622
-2778
-4168
-5995
-8084
-10125
-11638
-12339
-12162
-11228
-9767
-7872
-6560
-5693
-5342
-5691
-6512
-7885
-9645
-11481
-12986
-13747
-13837
-13075
-11254
-8866
-6211
-3662
-1544
-128
570
557
-116
-1117
-2506
-4026
-5463
-6361
-6185
-4945
-2855
101
3129
5645
7369
8036
7824
6538
4509
2067
-531
-3266
-5736
-7398
-8004
-7406
-5947
-3941
-1712
277
1697
2186
1862
809
-925
-3147
-5706
-8184
-10246
-11465
-11757
-11083
-9610
-7661
-5967
-4710
-3694
-3049
-3108
-3983
-5410
-7110
-9115
-11071
-12461
-13175
-13319
-13072
-12173
-10798
-9392
-8054
-6928
-6206
-5904
-6047
-6701
-7678
-9041
-10634
-11873
-12501
-12546
-12351
-12008
-11185
-10219
-9056
-7803
-6784
-6004
-5295
-5019
-4851
-4869
-4839
-4656
-4481
-4135
-3694
-3180
-2590
-1943
-1342
-906
-661
-745
-931
-1035
-1118
-1265
-1383
-1609
-1702
-1667
-1640
-1555
-1384
-1241
-1518
-1790
-1949
-2031
-2313
-2632
-2940
-3269
-3694
-4489
-5284
-5663
-6033
-6398
-6688
-6672
-6156
-5475
-4903
-4470
-3740
-3028
-2705
-2808
-3218
-3863
-4580
-5467
-6333
-7318
-8087
-8545
-8639
-8240
-7471
-6672
-6102
-5527
-4997
-4410
-4167
-4372
-4701
-5238
-5632
-5893
-6102
-6269
-6232
-5910
-5321
-4542
-3447
-2230
-1342
-695
-134
374
702
797
888
937
569
-155
-1032
-2074
-3134
-4143
-4823
-4949
-4087
-2372
-253
1702
3248
4486
5166
4980
4091
2563
600
-1326
-3086
-4133
-4328
-3718
-2124
-156
1911
3894
5335
6119
6235
5756
4569
2927
1267
-182
-1300
-1664
-1152
-173
1489
3585
5459
6865
7638
8039
8266
8276
8205
8172
8217
8260
8136
7600
6903
6238
5446
4479
3299
2098
1064
210
-429
-456
63
827
1824
3045
4150
4705
4761
4495
4052
3124
1881
715
-484
-1680
-2545
-2895
-2726
-2179
-1490
-709
-74
234
456
478
50
-652
-1654
-2673
-3595
-4335
-4711
-4855
-4913
-5011
-5119
-4922
-4444
-4136
-4132
-4391
-4475
-4494
-4775
-5043
-5122
-5232
-5238
-5161
-5057
-4901
-4808
-4459
-4220
-4395
-4561
-4601
-4505
-4477
-4630
-4556
-4214
-3853
-3594
-3228
-2678
-2073
-1442
-1026
-907
-812
-836
-1083
-1411
-1867
-2382
-2838
-3095
-3169
-3103
-2971
-2644
-2298
-2157
-2038
-1845
-1670
-1563
-1580
-1643
-2149
-3035
-4214
-5529
-6842
-8030
-9118
-9958
-10552
-10790
-10414
-9784
-8938
-7906
-6873
-5888
-4988
-4431
-4617
-5330
-6318
-7463
-8378
-9351
-10054
-10374
-10623
-10278
-9370
-8623
-7756
-6923
-6250
-5902
-5860
-6000
-6304
-7000
-7763
-8235
-8619
-8881
-8812
-8531
-8202
-7686
-6964
-6181
-5445
-4829
-4409
-4079
-3830
-3726
-3685
-3552
-3221
-2810
-2538
-2307
-2024
-1721
-1382
-945
-623
-364
-308
-419
-519
-685
-834
-1159
-1241
-1334
-1511
-1665
-1638
-1343
-1200
-1391
-1471
-1552
-1780
-2077
-2277
-2595
-2806
-2996
-3232
-3112
-2837
-2787
-2810
-2756
-2595
-2487
-2425
-2342
-2327
-2827
-3655
-4261
-4520
-4183
-3312
-2067
-843
365
975
765
182
-912
-2407
-4006
-5748
-7229
-8221
-8551
-8051
-7157
-5902
-4441
-3093
-2081
-1467
-1460
-2153
-3179
-4404
-5960
-7635
-8995
-9849
-9998
-9492
-8359
-6934
-5593
-4477
-3630
-3027
-2654
-2741
-3515
-4528
-5723
-6752
-7745
-8622
-8973
-8785
-8060
-7066
-5866
-4946
-4149
-3430
-3186
-3338
-3740
-4333
-5052
-5672
-6236
-6782
-7268
-7443
-7177
-6679
-6207
-5805
-5415
-4983
-4721
-4819
-5107
-5378
-5764
-6054
-6470
-6879
-7062
-6956
-6662
-6296
-5941
-5608
-5504
-5564
-5668
-5826
-6027
-6311
-6583
-6791
-6992
-7102
-6956
-6755
-6459
-6287
-6069
-5672
-5381
-5140
-5087
-5156
-5371
-5948
-6541
-7226
-8097
-9025
-10160
-11048
-11584
-11937
-11853
-11297
-10478
-9600
-8569
-7504
-6808
-6333
-6001
-5960
-6370
-7017
-7905
-9085
-9903
-10292
-10334
-10060
-9368
-8539
-7402
-6255
-5378
-4640
-4190
-3979
-3972
-4263
-4532
-4960
-5708
-6410
-6608
-6473
-5961
-5535
-4977
-4171
-3285
-2660
-2074
-1777
-1529
-1141
-1052
-1345
-1573
-1608
-1426
-1298
-1192
-985
-745
-427
123
597
769
820
1035
1161
1131
1019
931
850
594
412
422
429
395
299
284
220
320
93
-298
-566
-688
-769
-904
-877
-694
-588
-551
-618
-633
-368
-120
-70
-195
-391
-830
-1373
-1731
-1783
-1387
-375
976
2587
4004
4849
4876
4444
3760
2595
1152
-364
-1779
-2889
-3447
-3430
-2878
-1858
-417
1119
2359
2974
3098
2933
2069
765
-668
-2076
-3447
-4358
-4480
-4142
-3525
-2447
-1057
114
880
1402
1639
1447
1069
164
-1153
-2450
-3530
-4236
-4482
-4406
-3939
-3210
-2443
-1585
-924
-370
39
24
-510
-1176
-1960
-2553
-3411
-4041
-4292
-4454
-4499
-4134
-3519
-2915
-2566
-2314
-2199
-1947
-1993
-2276
-2573
-3075
-3549
-3698
-3924
-3935
-3722
-3286
-2992
-2598
-2377
-2194
-1984
-2000
-2209
-2570
-2961
-3085
-3187
-3289
-3547
-3647
-3379
-2965
-2586
-2586
-2501
-2411
-2467
-2500
-2541
-2394
-2556
-3270
-4175
-5141
-6111
-6997
-7926
-8516
-8494
-7959
-7483
-7101
-6286
-5182
-4252
-3489
-3086
-3243
-3669
-4307
-5117
-6190
-7110
-7471
-7570
-7516
-7159
-6416
-5476
-4490
-3641
-2894
-2351
-2213
-2342
-2644
-3048
-3565
-4196
-4700
-5031
-5142
-5049
-4663
-4062
-3309
-2611
-2034
-1425
-991
-678
-537
-665
-954
-1225
-1304
-1274
-1158
-1169
-1006
-685
-358
-16
347
706
938
1121
1177
1190
1218
1036
740
634
696
795
633
456
318
325
464
545
401
128
42
-270
-663
-851
-921
-849
-867
-807
-725
-728
-672
-583
-644
-670
-793
-1128
-1644
-2283
-2610
-2386
-1610
-284
1253
2503
3469
4131
4094
3338
2187
659
-1023
-2399
-3584
-4439
-4711
-4280
-3226
-2049
-694
473
1310
1584
1384
810
-277
-1639
-3191
-4499
-5553
-6109
-6173
-5796
-4768
-3412
-2153
-1185
-456
-78
-124
-509
-1283
-2329
-3434
-4667
-5744
-6200
-6034
-5659
-5102
-4226
-3324
-2565
-1999
-1545
-1465
-1751
-2301
-2963
-3924
-4895
-5506
-5997
-6175
-6048
-5638
-5221
-4765
-4363
-3826
-3601
-3369
-3431
-3751
-4172
-4536
-4871
-4982
-5115
-5233
-5161
-5055
-4678
-4225
-3914
-3484
-3482
-3693
-3673
-3820
-4128
-4521
-4851
-4957
-4860
-4842
-4734
-4532
-4242
-4031
-3854
-3851
-3763
-3678
-3824
-3859
-4228
-4929
-5797
-6810
-7690
-8481
-9097
-9450
-9600
-9633
-9293
-8604
-7960
-6985
-5909
-5263
-4791
-4694
-5089
-5599
-6210
-6939
-7835
-8627
-8951
-9027
-8823
-8114
-7009
-5862
-5132
-4408
-3704
-3338
-3132
-3367
-3769
-4293
-4875
-5407
-5643
-5543
-5301
-5129
-4820
-3961
-3016
-2443
-1944
-1449
-975
-765
-753
-849
-1018
-1280
-1435
-1325
-1138
-932
-662
-294
20
399
714
985
1217
1248
1157
1074
954
814
531
474
529
508
440
502
586
624
687
503
259
-156
-531
-520
-566
-629
-598
-593
-560
-348
-180
-261
-119
-34
-41
-225
-639
-1322
-2020
-2588
-2591
-2056
-1161
194
1703
2814
3423
3395
2917
2143
1077
-229
-1475
-2594
-3277
-3482
-3233
-2453
-1197
241
1242
2013
2273
2163
1777
860
-354
-1660
-2937
-4057
-4675
-4710
-4266
-3512
-2423
-1124
-77
884
1473
1619
1344
728
-234
-1471
-2611
-3588
-4195
-4203
-3721
-3061
-2268
-1344
-531
174
656
796
540
54
-672
-1420
-2136
-2926
-3398
-3486
-3353
-3141
-2845
-2485
-1888
-1300
-901
-652
-771
-1209
-1622
-2184
-2813
-3235
-3388
-3447
-3330
-3027
-2749
-2372
-2041
-1831
-1647
-1736
-1876
-2089
-2304
-2726
-3088
-3038
-3042
-3191
-3281
-3228
-3128
-3032
-2597
-2249
-2174
-2103
-2064
-2308
-2684
-3249
-3951
-4499
-5337
-6414
-7201
-7835
-8018
-7946
-7724
-7298
-6614
-5728
-4799
-3886
-3218
-2797
-2723
-2986
-3717
-4682
-5630
-6483
-6775
-6724
-6455
-6006
-5346
-4484
-3426
-2430
-1709
-1229
-938
-1091
-1448
-1993
-2556
-3132
-3577
-3803
-3806
-3491
-2788
-2049
-1386
-809
-142
349
691
806
863
861
754
698
595
580
564
585
832
1193
1568
1992
2369
2651
2769
2694
2808
2854
2801
2621
2322
2047
2124
2117
2018
2083
2189
2102
2040
1779
1568
1463
1183
869
710
489
447
518
684
889
962
946
905
973
1132
1101
852
449
12
-269
-21
678
1790
3185
4556
5593
6268
6398
5885
4852
3412
1722
-37
-1472
-2738
-3358
-3117
-2316
-891
973
2541
3682
4415
4532
4092
3211
2034
563
-1026
-2570
-3739
-4361
-4262
-3586
-2480
-1280
-45
1033
1869
2265
2099
1345
381
-684
-1837
-2955
-3844
-4329
-4460
-4225
-3448
-2432
-1493
-579
48
330
403
95
-494
-1257
-2148
-3078
-3757
-4079
-4358
-4322
-3892
-3423
-2894
-2437
-2241
-2185
-2209
-2159
-2349
-2718
-3083
-3301
-3380
-3480
-3471
-3212
-2933
-2329
-1955
-1873
-1738
-1562
-1754
-2138
-2405
-2470
-2697
-2864
-2904
-2939
-2853
-2590
-2300
-2016
-1831
-1785
-1678
-1645
-1618
-1706
-2036
-2441
-2986
-3916
-4982
-6047
-6886
-7571
-8005
-8140
-7699
-6957
-6313
-5509
-4584
-3611
-3023
-2733
-2801
-3189
-3667
-4425
-5318
-6299
-6985
-7312
-7310
-6954
-6377
-5424
-4401
-3521
-2730
-2287
-2126
-2347
-2655
-2998
-3495
-4020
-4456
-4747
-4811
-4710
-4490
-3987
-3358
-2546
-1731
-1129
-766
-537
-467
-531
-636
-611
-628
-682
-790
-755
-593
-251
44
483
1061
1368
1392
1483
1572
1612
1526
1457
1456
1349
1169
1095
1111
1063
1077
1050
976
871
688
540
433
385
223
66
-66
-292
-392
-192
154
455
542
353
302
265
144
-218
-780
-1369
-1891
-1792
-1172
-148
1309
2810
3813
4118
3909
3256
1924
454
-937
-2008
-2917
-3530
-3743
-3232
-2120
-739
584
1773
2545
2924
2835
2216
876
-626
-2062
-3460
-4527
-5184
-5016
-4415
-3392
-2099
-837
238
890
1307
1449
1162
395
-581
-1615
-2818
-3740
-4208
-4262
-3929
-3193
-2315
-1426
-600
124
500
659
413
-261
-890
-1605
-2374
-2986
-3399
-3632
-3521
-3233
-2718
-2199
-2028
-1694
-1244
-972
-950
-1314
-1687
-1992
-2267
-2484
-2725
-2786
-2566
-2248
-2036
-1975
-1805
-1674
-1657
-1773
-1766
-1839
-2192
-2586
-2983
-3041
-3074
-2925
-2708
-2565
-2277
-2058
-1991
-1916
-1902
-1736
-1652
-1901
-2401
-2901
-3650
-4608
-5708
-6510
-6901
-7382
-7632
-7444
-7096
-6499
-5640
-4688
-3670
-2855
-2531
-2652
-2911
-3293
-3924
-4725
-5463
-6064
-6662
-6726
-6313
-5589
-4666
-3741
-2647
-1674
-1118
-806
-671
-804
-1182
-1686
-2167
-2544
-2707
-2854
-3068
-2924
-2234
-1454
-813
-85
526
1081
1474
1718
1734
1524
1318
1253
1225
1260
1234
1327
1451
1743
2204
2598
2955
3189
3342
3528
3507
3356
3267
3221
3199
3143
3069
2822
2739
2900
2908
2809
2759
2648
2275
1952
1748
1527
1389
1387
1467
1469
1543
1780
1889
1906
1979
2032
1910
1645
1310
813
267
-183
-146
646
1786
3218
4780
5908
6332
6229
5598
4547
3291
1976
685
-356
-1227
-1650
-1521
-752
532
1917
3249
4171
4704
4764
4222
3207
1982
746
-466
-1597
-2394
-2626
-2259
-1327
-311
712
1709
2666
3188
3271
3022
2240
1187
45
-1044
-1846
-2370
-2513
-2292
-1687
-850
-23
759
1350
1816
1968
1869
1561
860
-35
-930
-1650
-2196
-2584
-2600
-2303
-1904
-1406
-987
-493
23
213
67
-367
-792
-1325
-1787
-2102
-2023
-2063
-2014
-1676
-1253
-1004
-614
-257
-178
-375
-541
-778
-1110
-1415
-1707
-1924
-1957
-1894
-1775
-1645
-1337
-1186
-1251
-1016
-781
-514
-576
-860
-1128
-1498
-2132
-3007
-3993
-4883
-5769
-6458
-6685
-6647
-6314
-5841
-5113
-4066
-3029
-2345
-1798
-1435
-1525
-2075
-2788
-3545
-4372
-5219
-5679
-5689
-5520
-4934
-4093
-3202
-2327
-1508
-970
-601
-347
-330
-514
-976
-1796
-2382
-2725
-2975
-3033
-2835
-2282
-1550
-980
-455
176
696
1059
1189
1227
1116
967
840
824
732
729
805
1166
1590
1930
2317
2742
2961
2984
3054
3029
2968
2866
2712
2646
2373
2357
2598
2615
2512
2602
2597
2356
2007
1949
1932
1820
1614
1359
1184
1252
1321
1286
1249
1312
1331
1363
1399
1440
1579
1417
787
7
-580
-547
7
1039
2436
3826
4988
5752
6038
5710
4644
3309
1939
541
-785
-1845
-2337
-2248
-1728
-601
943
2319
3286
3820
3993
3718
2831
1621
221
-1167
-2277
-3038
-3414
-3261
-2563
-1542
-402
605
1533
2270
2507
2168
1800
1088
2
-1386
-2541
-3137
-3231
-3105
-2728
-2197
-1451
-465
288
871
1271
1279
990
226
-579
-1340
-2100
-2662
-3096
-3143
-3026
-2714
-2149
-1480
-1049
-581
-255
-222
-476
-806
-1292
-1930
-2396
-2481
-2458
-2428
-2178
-1913
-1613
-1269
-1033
-743
-537
-613
-798
-1169
-1426
-1672
-1838
-2002
-1911
-1781
-1805
-1555
-1334
-1184
-1020
-930
-905
-893
-936
-1038
-1487
-2223
-3082
-3954
-4824
-5552
-6204
-6689
-6742
-6556
-6123
-5268
-4222
-3311
-2455
-1885
-1759
-1819
-1989
-2423
-3040
-3874
-4828
-5352
-5675
-5665
-5326
-4555
-3531
-2727
-1778
-863
-390
-46
-69
-295
-630
-1125
-1717
-2094
-2396
-2481
-2281
-1926
-1434
-975
-163
584
1201
1653
1784
1861
1893
2021
1935
1638
1367
1332
1554
1937
2165
2500
2823
3241
3572
3583
3734
3946
4024
3891
3751
3552
3385
3427
3376
3236
3186
3092
3181
3253
3262
2988
2655
2366
2341
2195
2085
2027
1929
1798
1804
1931
2203
2351
2412
2436
2479
2474
2066
1325
682
565
790
1565
2759
4146
5619
6659
7022
6609
5833
4765
3520
2226
1001
16
-738
-923
-558
226
1535
2906
3974
4737
5077
4983
4410
3360
2112
769
-589
-1721
-2245
-2226
-1680
-811
284
1434
2494
3224
3553
3536
3108
2418
1496
341
-833
-1742
-2204
-2261
-1866
-1187
-315
553
1243
1909
2335
2488
2276
1761
1138
247
-786
-1612
-2065
-2175
-2048
-1753
-1215
-551
48
467
578
524
397
131
-147
-439
-849
-1193
-1444
-1568
-1324
-861
-467
-284
45
332
321
269
8
-210
-371
-604
-913
-1051
-1007
-1016
-699
-328
-115
-107
-145
69
144
169
117
90
-205
-778
-1431
-2264
-3325
-4308
-5090
-5421
-5490
-5398
-4955
-4256
-3471
-2744
-2030
-1341
-625
-435
-716
-1387
-2148
-2921
-3724
-4458
-4985
-4938
-4726
-4103
-3076
-2078
-1309
-619
16
364
605
514
114
-538
-1074
-1486
-1803
-1835
-1667
-1402
-1012
-520
193
1005
1546
1897
2099
2090
1925
1591
1263
1021
1033
1150
1568
1970
2424
2825
2924
2751
2416
1786
1167
777
577
534
666
1187
2110
2915
3672
4148
4203
3864
3432
2735
1861
1027
254
-105
132
773
1760
3059
4473
5639
6331
6618
6654
6225
5660
4965
4038
3320
2787
2446
2558
3026
4022
5497
7222
8699
9734
10265
10186
9530
8190
6509
4734
3219
1934
863
328
373
1221
2454
3646
4777
5648
6038
5823
5193
4237
3094
1717
244
-889
-1697
-1963
-1741
-1345
-565
423
1438
2348
2892
3007
2670
2020
1064
121
-801
-1819
-2642
-3265
-3329
-3090
-2529
-1683
-861
-238
329
645
784
601
-156
-874
-1730
-2335
-2818
-3068
-3017
-2754
-2285
-1667
-877
-254
302
718
818
732
734
488
78
-323
-427
-281
-119
229
670
1054
1450
1674
1704
1690
1594
1383
1193
972
731
607
494
290
312
463
670
734
757
713
591
646
703
513
283
-61
-448
-963
-1852
-2865
-3794
-4529
-5036
-5373
-5581
-5537
-5083
-4391
-3418
-2603
-1987
-1520
-1341
-1488
-2056
-2788
-3626
-4536
-5223
-5691
-5851
-5723
-5275
-4614
-3831
-3064
-2421
-1790
-1412
-1274
-1437
-1732
-2237
-2912
-3625
-4309
-4787
-4935
-4493
-3938
-3473
-2848
-2302
-1684
-1208
-810
-443
-303
-623
-1160
-1712
-2213
-2578
-3012
-3024
-2584
-2171
-1329
-438
240
609
897
1096
978
408
-376
-995
-1452
-1969
-2227
-2149
-1592
-1003
-561
-50
316
458
184
-346
-1015
-1611
-2235
-3094
-3663
-3964
-3954
-3579
-3118
-2710
-2245
-1939
-1865
-2032
-2440
-3369
-4762
-5889
-6328
-6141
-5230
-3886
-2221
-737
497
1142
1059
310
-1005
-2794
-4688
-6698
-8210
-9022
-9087
-8341
-6883
-5044
-3330
-1917
-804
-279
-378
-1086
-2131
-3588
-5281
-6691
-7631
-8163
-8029
-7151
-5760
-4281
-2949
-1633
-582
102
198
-310
-1185
-2369
-3566
-4449
-5080
-5521
-5372
-4770
-3927
-2909
-1859
-861
29
577
599
286
-310
-929
-1498
-2154
-2721
-3064
-3162
-2906
-2555
-2175
-1429
-930
-627
-412
-180
-99
-415
-949
-1327
-1607
-1900
-2070
-1904
-1533
-1320
-982
-695
-314
26
67
-171
-455
-711
-993
-1240
-1444
-1550
-1470
-1168
-797
-449
-434
-455
-206
262
401
431
485
429
260
-266
-981
-1770
-2536
-3340
-3932
-4289
-4352
-4109
-3394
-2443
-1552
-714
126
949
1485
1591
1356
1142
702
-98
-834
-1142
-1316
-1199
-764
-112
728
1665
2634
3416
4015
4365
4270
3928
3490
2770
1950
1344
1089
1080
1330
1678
2137
2572
3090
3691
4085
4357
4353
4212
3877
3457
3189
3001
2872
2779
2768
2854
2979
3186
3425
3597
3817
3855
3779
3748
3620
3453
3279
3080
2969
2849
2749
2801
2929
3009
2991
2781
2559
2316
1997
1883
1837
1671
1494
1387
1396
1440
1467
1566
1642
1773
1973
2017
1941
1769
1342
595
-304
-941
-1093
-530
556
1876
3129
4207
4769
4720
4262
3606
2787
1791
849
77
-303
-90
512
1294
2391
3568
4475
5159
5352
5101
4351
3405
2422
1315
351
-411
-820
-558
193
1314
2441
3645
4529
5087
5170
5050
4588
3843
2966
2004
978
241
113
328
777
1580
2529
3384
3945
4389
4595
4577
4205
3644
3024
2276
1510
915
498
326
488
1034
1722
2217
2584
3031
3329
3445
3262
2849
2215
1718
1170
636
448
331
383
627
907
1278
1565
1557
1553
1564
1510
1225
1009
822
615
548
544
603
759
1043
1240
1506
1430
1430
1644
1781
1744
1707
1507
1031
427
-282
-1228
-2218
-2720
-3084
-3258
-3343
-2982
-2230
-1354
-617
61
822
1453
1701
1455
950
521
-86
-889
-1596
-1905
-1965
-1727
-1207
-354
738
1666
2358
2965
3286
3339
3090
2579
1803
913
312
-164
-423
-433
-241
54
578
1146
1785
2235
2488
2525
2336
1894
1479
1048
615
311
307
320
327
399
483
733
1102
1326
1479
1434
1294
1134
870
640
361
145
155
23
-50
-19
-85
-156
-220
-384
-447
-421
-793
-1212
-1580
-1826
-1830
-1602
-1551
-1585
-1544
-1652
-1599
-1436
-1380
-1287
-1224
-1546
-1783
-1785
-1673
-1324
-370
1129
2855
4327
5121
5414
5092
4167
2632
562
-1508
-3399
-4964
-5883
-6140
-5515
-4219
-2403
-297
1532
2821
3591
3705
3184
2079
405
-1627
-3440
-4933
-5901
-6257
-5888
-4936
-3710
-2362
-1057
146
809
961
737
190
-901
-2339
-3646
-4657
-5567
-6108
-5920
-5298
-4566
-3627
-2549
-1400
-496
-206
-432
-859
-1387
-2000
-2746
-3454
-4059
-4653
-4830
-4594
-4256
-3858
-3302
-2860
-2528
-2405
-2345
-2275
-2322
-2492
-2784
-3124
-3222
-2971
-2532
-2091
-1578
-1122
-728
-526
-467
-542
-578
-619
-736
-968
-1175
-1249
-1024
-816
-696
-555
-246
44
346
671
945
856
578
564
419
-46
-695
-1471
-2156
-3082
-3970
-4442
-4727
-4644
-4152
-3437
-2478
-1531
-710
108
720
920
703
328
-179
-973
-1869
-2553
-2986
-3159
-3117
-2775
-2055
-997
1
824
1478
1846
1894
1636
1337
781
-51
-766
-1316
-1752
-1992
-1811
-1542
-1005
-442
1
403
806
969
980
922
645
318
63
-162
-344
-567
-480
-108
50
286
874
1335
1495
1456
1689
1742
1599
1350
1350
1282
1167
1141
1063
1066
1132
1213
1171
1068
903
813
699
540
404
218
42
81
87
225
420
394
379
464
593
673
576
310
-190
-746
-1132
-1205
-918
