-5063
-4454
-4168
-4061
-4078
-4002
-3725
-3721
-3952
-4276
-4655
-4948
-4937
-5011
-4907
-4653
-4308
-3928
-3949
-3819
-3521
-3261
-3178
-3292
-3436
-3765
-4533
-5383
-6247
-7141
-7886
-8299
-8619
-8645
-8341
-7792
-6893
-6063
-5202
-4400
-3772
-3601
-3746
-4103
-4712
-5330
-6090
-6729
-7060
-7271
-7170
-6622
-5777
-4507
-3464
-2851
-2361
-2125
-1955
-1945
-2500
-3110
-3839
-4579
-5131
-5387
-5513
-5493
-5039
-4402
-3731
-3157
-2879
-2733
-2674
-2939
-3447
-4349
-5264
-5866
-6045
-5563
-4687
-3431
-2276
-1547
-1516
-1981
-2873
-4412
-6260
-8204
-9971
-11225
-12100
-12290
-11372
-9682
-7849
-6375
-5431
-4965
-5040
-5888
-7492
-9315
-11002
-12417
-13470
-13591
-12702
-11063
-8650
-5892
-3441
-1307
360
1186
1065
307
-854
-2280
-3836
-5526
-6875
-7360
-6632
-4824
-2513
372
3237
5476
6610
6603
5729
4128
2067
-194
-2440
-4326
-5742
-6384
-5991
-5033
-3560
-1832
-367
560
792
350
-561
-2174
-4171
-6215
-8229
-9747
-10632
-10683
-9865
-8370
-6754
-5412
-4141
-3409
-3240
-3589
-4396
-5576
-7260
-9045
-10541
-11821
-12261
-12059
-11587
-10575
-9352
-7894
-6521
-5464
-4955
-4927
-5431
-6314
-7444
-8717
-9922
-10977
-11731
-12045
-11613
-10957
-9756
-8556
-7428
-6170
-5091
-4323
-3883
-3632
-3560
-3654
-3896
-4091
-4139
-3859
-3319
-2899
-2581
-2298
-1856
-1255
-979
-845
-931
-1090
-1210
-1497
-1738
-1891
-2083
-2103
-2047
-2023
-2143
-2182
-2218
-2593
-2788
-2891
-2963
-3208
-3518
-3722
-4244
-4938
-5678
-6320
-6745
-7069
-7202
-7186
-6984
-6598
-6139
-5269
-4529
-4038
-3592
-3527
-3842
-4373
-5076
-5866
-6887
-7777
-8464
-8848
-8736
-8418
-7791
-7087
-6220
-5453
-4925
-4460
-4110
-4149
-4424
-4639
-4929
-5543
-5850
-5956
-5826
-5460
-4796
-3748
-2862
-1850
-819
-46
498
876
1196
1306
1345
1348
1071
270
-730
-1760
-2925
-4007
-4810
-4844
-3957
-2313
-332
1489
3061
4357
4910
4874
4107
2385
328
-1603
-3211
-4229
-4414
-3844
-2376
-487
1508
3323
4750
5789
5897
5304
4209
2596
929
-730
-1827
-2260
-2063
-903
998
3105
5084
6272
6711
6735
6342
5866
5590
5508
5625
6126
6555
6657
6383
5921
5361
4760
3744
2647
1611
635
-215
-547
-375
225
1134
2199
3364
4255
4440
4216
3713
2836
1918
697
-639
-1707
-2358
-2585
-2450
-2006
-1274
-276
504
986
1316
1329
958
332
-469
-1526
-2511
-3528
-4365
-4548
-4392
-4362
-4158
-3892
-3645
-3457
-3317
-3328
-3483
-3865
-4287
-4571
-4687
-4869
-4980
-4838
-4539
-4196
-4023
-3906
-3540
-3176
-3118
-3406
-3594
-3664
-3998
-4199
-4196
-4158
-3898
-3539
-3211
-2734
-2128
-1537
-1269
-1148
-1135
-1290
-1632
-2007
-2352
-2738
-3047
-3252
-3456
-3503
-3390
-3123
-2928
-2692
-2306
-1838
-1581
-1523
-1806
-2463
-3206
-4192
-5384
-6685
-7965
-9207
-10188
-10597
-10601
-10392
-9777
-8803
-7622
-6661
-5933
-5254
-5019
-5098
-5508
-6213
-7216
-8321
-9232
-9981
-10296
-10082
-9670
-9117
-8315
-7451
-6753
-6298
-5838
-5703
-5865
-6190
-6671
-7196
-7783
-8422
-8646
-8486
-8241
-7672
-6927
-6059
-5259
-4580
-4154
-3813
-3492
-3121
-2860
-2882
-2890
-2817
-2579
-2355
-2111
-1725
-1012
-562
-398
-265
-52
-13
-124
-216
-451
-738
-1011
-1069
-1130
-1203
-1108
-1111
-1346
-1328
-1185
-1307
-1558
-1790
-1931
-2326
-2616
-2677
-2749
-2791
-2764
-2815
-2673
-2454
-2390
-2462
-2388
-2047
-1929
-2187
-2891
-3732
-4324
-4333
-3771
-2738
-1504
-395
669
1213
1092
360
-703
-2051
-3660
-5380
-6844
-7711
-8058
-7705
-6750
-5493
-3945
-2756
-1832
-1198
-1153
-1605
-2706
-4139
-5585
-7150
-8577
-9392
-9370
-8799
-7904
-6541
-5104
-3994
-2885
-2152
-1981
-2301
-3100
-4073
-5253
-6600
-7601
-8308
-8683
-8420
-7652
-6752
-5787
-4795
-3839
-3231
-2955
-2986
-3351
-3905
-4625
-5367
-6134
-6830
-7221
-7204
-6795
-6252
-5828
-5583
-5195
-4849
-4614
-4651
-4879
-5174
-5592
-6033
-6355
-6549
-6827
-6689
-6131
-5725
-5555
-5448
-5535
-5504
-5471
-5507
-5724
-6107
-6459
-6693
-6793
-6693
-6541
-6502
-6267
-6002
-5840
-5677
-5489
-5421
-5409
-5173
-5164
-5581
-6092
-6945
-7828
-8731
-9650
-10445
-11087
-11418
-11141
-10534
-9955
-9344
-8458
-7322
-6400
-5785
-5597
-5669
-6229
-7101
-7865
-8513
-9184
-9747
-9963
-9745
-9292
-8362
-7121
-6074
-5202
-4348
-3736
-3549
-3576
-3909
-4394
-4806
-5295
-5919
-6277
-6330
-6026
-5501
-4846
-4084
-3229
-2432
-1846
-1502
-1322
-1217
-1182
-1382
-1599
-1541
-1615
-1667
-1512
-1179
-731
-383
-41
292
630
862
898
811
835
802
471
242
115
149
231
173
182
145
123
69
58
-133
-423
-619
-873
-1095
-1351
-1299
-1165
-904
-914
-998
-817
-703
-562
-292
-188
-449
-944
-1598
-1958
-1875
-1426
-541
827
2358
3659
4480
4616
4294
3418
2109
633
-924
-2323
-3189
-3605
-3693
-3140
-1866
-497
643
1764
2774
3030
2567
1762
647
-813
-2280
-3382
-4185
-4666
-4474
-3658
-2601
-1413
-205
751
1474
1642
1410
869
16
-1048
-2222
-3271
-4105
-4485
-4392
-3905
-3172
-2315
-1446
-796
-340
-111
-88
-300
-826
-1711
-2597
-3397
-3992
-4364
-4434
-4255
-3880
-3350
-2704
-2249
-1879
-1586
-1479
-1716
-2133
-2631
-3041
-3297
-3439
-3595
-3681
-3499
-3110
-2637
-2326
-2255
-2237
-2215
-2231
-2346
-2564
-2798
-3116
-3393
-3366
-3314
-3211
-3072
-2788
-2490
-2322
-2214
-2242
-2150
-1907
-1828
-2073
-2525
-3229
-4018
-4914
-5866
-6774
-7387
-7741
-7725
-7604
-7217
-6533
-5674
-4716
-3869
-3295
-2958
-2988
-3345
-3995
-4593
-5491
-6345
-6966
-7268
-7215
-6829
-6205
-5293
-4378
-3599
-2792
-2066
-1684
-1750
-2050
-2456
-2927
-3377
-3912
-4377
-4626
-4517
-4053
-3510
-2735
-1894
-1239
-839
-470
-195
40
-77
-295
-409
-445
-517
-578
-627
-503
-178
255
853
1191
1304
1632
1866
1885
1841
1745
1715
1632
1448
1354
1315
1274
1251
1245
1119
1008
1004
714
417
296
253
153
-53
-129
-99
-98
-23
-66
-239
-331
-109
-48
-83
-146
-482
-1138
-1721
-1858
-1633
-760
444
1811
3211
4222
4741
4572
3810
2469
1048
-305
-1536
-2749
-3718
-3822
-3385
-2467
-1221
85
1256
2029
2466
2268
1545
575
-780
-2269
-3703
-4809
-5237
-5207
-4621
-3503
-2409
-1599
-831
-154
380
508
16
-776
-1756
-2713
-3648
-4682
-5497
-5659
-5280
-4477
-3595
-2702
-1908
-1288
-900
-1013
-1339
-1740
-2360
-3111
-3951
-4805
-5148
-5426
-5641
-5274
-4809
-4300
-3604
-3200
-3034
-3057
-3093
-3199
-3641
-4181
-4446
-4684
-4859
-5012
-5017
-4643
-4174
-3847
-3532
-3277
-3189
-3203
-3405
-3686
-3967
-4168
-4359
-4667
-4863
-4810
-4638
-4446
-4172
-3807
-3626
-3543
-3343
-3311
-3382
-3444
-3625
-4173
-5101
-6110
-7004
-7875
-8702
-9327
-9501
-9435
-9094
-8422
-7510
-6535
-5641
-4765
-4194
-4246
-4566
-5069
-5758
-6570
-7487
-8200
-8661
-8798
-8490
-7841
-6855
-5851
-4868
-3989
-3194
-2915
-3049
-3214
-3496
-4002
-4636
-5217
-5646
-5794
-5506
-5047
-4501
-3739
-3001
-2263
-1646
-1220
-1014
-857
-729
-769
-936
-1162
-1428
-1616
-1458
-1269
-943
-515
-39
441
643
870
1022
1152
1308
1263
1254
1160
1022
914
951
1055
1094
1071
955
923
726
480
362
320
269
171
-70
-192
-332
-481
-538
-402
-280
4
232
243
360
163
-414
-1183
-2035
-2815
-3476
-3471
-2913
-1832
-541
515
1194
1316
1147
547
-170
-1041
-1881
-2507
-2911
-2971
-2641
-1803
-813
168
986
1662
1987
1685
921
115
-1048
-2410
-3399
-3979
-4143
-3973
-3403
-2445
-1228
-123
1000
1780
2117
1912
1401
626
-220
-1117
-1999
-2582
-2966
-2989
-2641
-1927
-975
-68
747
1327
1714
1777
1615
1108
205
-595
-1204
-1827
-2063
-2206
-2183
-1912
-1386
-697
-43
386
665
770
371
-102
-760
-1367
-1793
-2394
-2827
-3043
-3129
-3112
-3032
-2758
-2464
-2349
-2333
-2299
-2397
-2760
-3070
-3347
-3467
-3623
-3612
-3626
-3774
-3670
-3466
-3384
-3418
-3577
-3322
-2974
-2827
-2820
-3112
-3726
-4431
-5205
-5993
-7023
-7839
-8339
-8594
-8496
-8216
-7714
-6966
-6080
-5202
-4284
-3583
-3190
-3107
-3653
-4335
-5260
-6040
-6582
-7007
-6906
-6500
-6107
-5429
-4553
-3527
-2557
-1639
-1015
-916
-949
-1166
-1435
-1937
-2663
-3017
-2946
-2757
-2482
-2045
-1375
-584
130
798
1242
1441
1506
1491
1394
1199
1026
970
875
745
797
1119
1468
1762
2138
2470
2740
2851
2870
2920
2954
2776
2489
2324
2312
2296
2277
2331
2237
1965
1842
1696
1583
1433
1262
1170
1018
833
564
622
692
496
438
649
741
834
985
1036
991
989
837
758
845
1491
2858
4440
5920
7165
8041
8266
7873
7045
5611
3452
1048
-1219
-3053
-4170
-4665
-4217
-3023
-1099
1096
3207
5068
6194
6511
6168
5102
3574
1598
-430
-2249
-3719
-4546
-4556
-3895
-2777
-1451
56
1237
2028
2470
2380
1745
650
-770
-2325
-3767
-4853
-5346
-5623
-5382
-4677
-3759
-2701
-1736
-851
-263
-94
-373
-822
-1382
-2120
-3062
-3905
-4612
-5231
-5350
-5248
-4977
-4449
-4049
-3633
-3298
-3173
-3226
-3333
-3524
-3719
-3876
-3698
-3480
-3263
-2807
-2257
-1881
-1705
-1564
-1419
-1522
-1564
-1612
-1791
-2194
-2602
-2796
-2573
-2217
-1984
-1735
-1324
-928
-676
-573
-429
-234
-361
-632
-831
-1333
-2143
-3080
-4076
-4941
-5953
-6562
-6675
-6664
-6513
-5917
-5014
-3975
-2998
-2243
-1716
-1541
-1578
-2014
-2812
-3791
-4717
-5451
-6141
-6750
-6915
-6501
-5723
-4856
-3969
-3089
-2432
-1979
-1860
-1981
-2276
-2661
-3169
-3841
-4501
-5082
-5284
-5152
-4784
-4083
-3335
-2582
-1863
-1376
-929
-610
-597
-568
-519
-749
-1051
-1192
-1222
-976
-742
-416
77
527
910
1142
1497
1845
1715
1592
1764
1798
1768
1641
1443
1515
1683
1652
1633
1738
1872
1898
1697
1451
1151
927
789
692
630
542
552
772
896
1018
1038
1115
1308
1290
1083
494
-304
-1070
-1729
-1958
-1579
-776
315
1428
2293
2645
2522
2017
1232
-5
-1355
-2556
-3493
-4075
-4104
-3402
-2143
-708
715
2064
2995
3218
2887
2196
1116
-353
-2046
-3510
-4549
-5108
-5183
-4696
-3547
-2005
-662
608
1519
1958
1937
1640
1162
170
-961
-2016
-2668
-3085
-3248
-3022
-2327
-1246
-277
644
1258
1748
1902
1679
1307
850
-45
-974
-1467
-1857
-2232
-2467
-2206
-1638
-944
-411
196
711
852
848
929
588
-22
-557
-1036
-1315
-1348
-1342
-1439
-1388
-1119
-1075
-1131
-1334
-1526
-1691
-2003
-2299
-2491
-2766
-3013
-3027
-2845
-2709
-2536
-2486
-2257
-2110
-2232
-2089
-2115
-2281
-2338
-2481
-3012
-3910
-4932
-5798
-6545
-7421
-8156
-8260
-7985
-7607
-6991
-6171
-5146
-4025
-3353
-3016
-2864
-2963
-3330
-4056
-5072
-5928
-6414
-6713
-6715
-6283
-5607
-4787
-3698
-2523
-1449
-818
-492
-334
-428
-664
-1109
-1611
-2100
-2545
-2594
-2403
-2151
-1462
-615
190
903
1575
2112
2620
2876
2866
2767
2647
2414
2225
2086
2029
2203
2478
2818
3236
3529
3792
4129
4339
4428
4445
4365
4032
3838
3859
3745
3465
3390
3431
3445
3424
3228
3224
3262
3042
2874
2577
2212
2066
1975
1836
1690
1718
1935
2126
2134
2053
1998
1897
1896
1792
1234
580
57
88
702
1864
3395
4810
5852
6466
6440
6008
5213
3936
2426
1050
-230
-1071
-1399
-1021
-134
1014
2530
3949
4892
5379
5423
4999
4051
2843
1586
282
-888
-1583
-1771
-1492
-746
255
1546
2708
3357
3613
3583
3458
2954
1976
795
-377
-1318
-1911
-1984
-1726
-1147
-427
437
1254
2028
2314
2350
2243
1709
942
18
-770
-1400
-1857
-2148
-2349
-2344
-1869
-1171
-707
-352
-99
4
6
-271
-738
-1269
-1779
-2031
-2226
-2318
-2245
-2106
-1790
-1422
-952
-677
-484
-511
-814
-1108
-1322
-1340
-1480
-1875
-2010
-1911
-1742
-1443
-1222
-1087
-897
-796
-687
-411
-429
-738
-1024
-1381
-1977
-2942
-3958
-4700
-5306
-5829
-6412
-6599
-6146
-5389
-4624
-3695
-2756
-1972
-1352
-1066
-1229
-1733
-2372
-3346
-4396
-5082
-5395
-5456
-5220
-4671
-3956
-3117
-2330
-1501
-664
-413
-226
-322
-720
-1187
-1710
-2313
-2714
-2932
-2946
-2664
-2313
-1715
-1000
-396
192
599
825
978
962
948
913
693
622
754
696
579
784
1258
1629
1924
2263
2502
2594
2661
2619
2449
2401
2425
2274
2271
2322
2254
2230
2249
2182
2112
2210
2174
1899
1682
1579
1504
1257
1065
1101
1236
1261
1228
1414
1556
1540
1460
1432
1492
1427
1029
388
-209
-457
-110
854
2286
3800
5131
5954
6122
5822
4960
3815
2379
716
-647
-1747
-2235
-2021
-1516
-352
1153
2588
3627
4184
4421
4031
3192
2075
751
-885
-2217
-3005
-3269
-3015
-2502
-1612
-417
698
1686
2322
2539
2232
1615
774
-195
-1318
-2356
-3105
-3374
-3331
-2922
-2057
-1120
-306
379
957
1362
1263
720
83
-577
-1181
-1833
-2597
-3034
-2804
-2431
-2095
-1780
-1470
-1017
-516
-303
-407
-641
-960
-1391
-1792
-2115
-2398
-2489
-2358
-2112
-1820
-1553
-1034
-463
-432
-511
-642
-898
-1083
-1230
-1428
-1616
-1689
-1570
-1425
-1212
-1028
-780
-622
-476
-395
-367
-389
-482
-558
-920
-1698
-2573
-3233
-4150
-4913
-5548
-6263
-6457
-6312
-5790
-4906
-3968
-3142
-2540
-2001
-1483
-1336
-1432
-2086
-3028
-3874
-4443
-4845
-5125
-5154
-4920
-4130
-3282
-2363
-1339
-470
41
-5
-90
-193
-446
-968
-1590
-2151
-2532
-2630
-2175
-1645
-1262
-614
41
811
1476
1932
2140
2170
2202
2208
2153
1987
1958
1986
1975
2108
2356
2662
3032
3362
3790
4053
4134
4241
4352
4290
4138
3944
3906
3929
3838
3839
3753
3562
3453
3461
3536
3425
3184
2963
2758
2461
2380
2464
2607
2614
2620
2683
2633
2646
2704
2727
2670
2741
2483
1719
1048
862
1291
2094
3269
4533
5677
6713
7178
6978
6157
4998
3661
2271
1105
86
-538
-676
-219
595
1747
3110
4398
5261
5480
5097
4481
3752
2659
1165
-198
-1260
-1771
-1860
-1444
-432
742
1852
2778
3598
3941
3757
3379
2728
1701
573
-393
-1218
-1701
-1747
-1517
-889
31
914
1684
2273
2646
2629
2345
1891
1158
363
-350
-784
-1100
-1343
-1387
-1119
-660
-74
483
894
1038
1027
1063
631
121
-262
-658
-811
-1151
-1278
-913
-551
-274
113
434
695
799
612
394
145
-107
-240
-462
-677
-670
-607
-416
-209
-36
58
165
346
573
544
506
355
-1
-392
-998
-1906
-2928
-3889
-4478
-4944
-5215
-5271
-5033
-4355
-3498
-2518
-1634
-892
-356
-202
-555
-1073
-1745
-2571
-3304
-3949
-4308
-4274
-4008
-3519
-2859
-1998
-854
-20
488
733
831
734
443
-54
-606
-1197
-1548
-1556
-1543
-1350
-969
-373
480
1121
1668
2027
2069
1971
1876
1578
1216
931
897
1263
1727
2099
2494
2830
2881
2717
2271
1667
976
409
-25
-97
151
744
1536
2371
3124
3779
4005
3825
3337
2462
1438
434
-233
-435
-226
237
1304
2781
4034
5109
6019
6666
6803
6270
5541
4736
3959
3196
2654
2295
2176
2593
3533
5219
6935
8431
9725
10331
10213
9413
8116
6356
4522
2782
1332
463
78
189
1017
2299
3617
4827
5624
5996
5762
5244
4441
3169
1491
48
-941
-1612
-2009
-1915
-1355
-553
410
1329
1968
2466
2750
2769
2347
1598
380
-987
-2202
-3097
-3388
-3405
-3274
-2819
-1926
-973
-117
467
741
805
593
68
-513
-1342
-2035
-2502
-2931
-3134
-2806
-1994
-1154
-520
69
631
1093
1225
1139
901
593
398
276
155
134
215
580
1078
1449
1838
2124
2127
2024
2024
2011
1861
1536
1176
1041
980
883
807
780
957
1131
1172
1278
1370
1470
1544
1455
1316
946
350
-247
-1016
-1983
-3036
-4021
-4612
-4795
-4853
-4721
-4147
-3408
-2687
-1837
-1196
-879
-738
-847
-1204
-1851
-2809
-3832
-4548
-5014
-5262
-5105
-4646
-3981
-3091
-2258
-1492
-924
-534
-443
-642
-1036
-1559
-2283
-3079
-3777
-3928
-3681
-3280
-2984
-2676
-2080
-1336
-660
-117
85
246
328
112
-206
-684
-1271
-1653
-1794
-1806
-1590
-1196
-639
74
835
1497
1921
1985
1779
1444
894
266
-372
-993
-1253
-1171
-855
-380
195
756
1109
1378
1340
915
315
-379
-1200
-2090
-2553
-2736
-2780
-2609
-2323
-1747
-1198
-866
-632
-765
-1324
-2321
-3583
-4805
-5496
-5385
-4538
-3175
-1583
-58
1162
1765
1651
855
-496
-2054
-3810
-5553
-7014
-8009
-8079
-7469
-6200
-4540
-2667
-1111
11
427
259
-430
-1594
-2915
-4300
-5683
-6680
-7052
-6953
-6302
-4944
-3445
-1977
-803
91
644
677
213
-483
-1362
-2532
-3631
-4469
-4809
-4553
-3845
-2863
-1831
-979
-178
578
1171
1317
1050
738
283
-618
-1494
-1954
-2083
-2198
-2176
-1786
-1093
-577
-97
357
667
767
773
392
-205
-774
-1075
-1305
-1495
-1458
-1125
-671
-100
378
722
879
814
680
480
257
75
-287
-531
-581
-530
-513
-457
-106
287
579
923
1204
1298
1124
952
901
728
249
-473
-1278
-1976
-2636
-3307
-3629
-3544
-3139
-2622
-1781
-890
-20
822
1367
1779
2096
1916
1523
926
251
-281
-802
-1013
-856
-339
589
1409
2213
3019
3791
4430
4536
4444
4185
3649
3146
2577
1971
1768
1622
1478
1805
2466
3159
3649
4041
4290
4359
4436
4404
4228
3743
3379
3226
3047
2922
2885
2965
3035
3235
3604
3900
3978
4069
4260
4076
3931
3662
3369
3210
3005
3080
3144
2957
2773
2736
2864
2880
2812
2684
2378
2065
2000
1916
1763
1643
1595
1650
1664
1843
2068
2084
2062
2095
2090
1961
1735
1134
489
-56
115
1091
2457
4064
5449
6286
6824
6722
5932
4968
3931
2714
1412
279
-514
-557
-37
885
1995
3353
4691
5515
6066
6000
5364
4316
3079
1731
616
-184
-656
-690
-294
570
1682
2824
3691
4314
4793
4764
4288
3621
2671
1657
776
-63
-618
-684
-339
231
978
1957
2865
3438
3816
3985
3676
3133
2382
1535
947
294
-214
-483
-435
-9
441
853
1307
1919
2281
2293
1953
1707
1449
992
652
476
389
429
502
766
1139
1515
1942
2110
2202
2182
2115
2016
1683
1346
1287
1159
1073
1329
1536
1774
2041
2096
2254
2275
2400
2659
2819
2704
2355
1819
1159
427
-333
-1085
-1896
-2360
-2543
-2437
-1984
-1412
-671
167
1043
1778
2101
2196
1872
1370
839
110
-545
-1194
-1571
-1633
-1359
-867
-219
584
1539
2244
2699
2882
2746
2380
1863
1246
574
-75
-476
-646
-753
-611
-302
287
682
1066
1474
1685
1811
1802
1510
1173
891
620
358
119
42
102
242
463
837
1086
1271
1339
1398
1300
1155
1001
834
647
422
329
271
362
346
188
213
352
445
144
-349
-615
-692
-832
-1111
-1238
-1209
-1138
-1037
-830
-870
-910
-814
-698
-785
-1083
-1413
-1829
-2286
-2737
-2832
-2396
-1108
497
2016
3180
3822
3922
3403
2383
1159
-286
-1684
-3034
-4105
-4542
-4135
-3177
-1990
-671
746
1884
2541
2598
2186
1264
-59
-1503
-2890
-4126
-4993
-5336
-4936
-3762
-2495
-1377
-431
461
1081
1228
976
480
-417
-1704
-3009
-3835
-4333
-4548
-4301
-3840
-3026
-1990
-1005
-311
311
549
367
-67
-709
-1433
-2202
-2920
-3408
-3698
-3624
-3291
-2706
-2238
-1789
-1241
-934
-694
-707
-874
-1253
-1760
-2206
-2581
-2735
-2540
-2253
-1798
-1441
-1206
-768
-377
-143
-87
-143
-378
-664
-919
-1200
-1221
-988
-974
-1003
-740
-546
-297
-46
146
402
656
669
444
228
35
-362
-1149
-2267
-3414
-4234
-4607
-4678
-4576
-4378
-3778
-2804
-1860
-942
-212
275
520
462
58
-502
-1130
-1923
-2484
-2724
-2975
-2990
-2488
-1753
-749
271
1091
1659
2033
2184
2025
1569
841
241
-310
-944
-1393
-1494
-1235
-691
-88
443
951
1433
1764
1832
1621
1530
1399
1018
699
401
60
130
496
492
705
1080
1321
1538
1785
1897
1858
1759
1550
1460
1403
1370
1221
944
886
903
957
1112
1061
890
739
550
396
281
44
-141
-248
-227
-54
-23
-68
63
179
84
163
275
341
167
-168
-433
-404
74
974
