-5053
-4543
-4090
-3806
-3654
-3672
-3682
-3900
-4034
-4144
-4547
-4834
-4898
-4654
-4474
-4478
-4286
-4019
-3679
-3349
-3096
-2885
-2835
-2930
-3250
-3729
-4264
-5104
-6210
-7101
-7749
-8235
-8466
-8360
-7922
-7478
-6802
-6072
-5105
-4086
-3446
-3254
-3519
-4060
-4541
-5151
-5880
-6621
-7195
-7230
-6866
-6282
-5460
-4498
-3463
-2784
-2325
-1901
-1789
-2038
-2419
-3041
-3725
-4526
-5199
-5532
-5609
-5390
-4981
-4339
-3711
-3009
-2542
-2401
-2542
-2983
-3514
-4308
-5208
-5533
-5552
-5377
-4634
-3459
-2217
-1155
-814
-1486
-2745
-4386
-6154
-7927
-9706
-11170
-11879
-11594
-10645
-9263
-7549
-6059
-4900
-4517
-4843
-5626
-6892
-8795
-10715
-12162
-12974
-12958
-12108
-10320
-7841
-5438
-3033
-868
548
1315
1288
551
-594
-2039
-3640
-5194
-6305
-6957
-6458
-4821
-2518
315
3073
5304
6415
6357
5503
4088
2223
124
-2092
-4140
-5680
-6358
-6064
-4959
-3440
-1892
-485
363
691
279
-913
-2450
-4297
-6295
-8114
-9516
-10335
-10399
-9609
-8274
-6718
-5284
-4380
-3598
-3187
-3480
-4432
-5841
-7441
-9118
-10602
-11581
-11976
-11978
-11661
-10700
-9138
-7577
-6372
-5464
-5010
-4856
-5363
-6105
-7285
-8633
-9856
-10932
-11754
-11780
-11302
-10695
-9535
-8343
-7067
-5763
-4786
-4180
-3958
-3931
-3765
-3842
-4010
-3960
-3815
-3714
-3544
-3131
-2465
-1835
-1323
-822
-622
-665
-673
-948
-1302
-1491
-1820
-2002
-2098
-2211
-2271
-2153
-2117
-2077
-2192
-2472
-2749
-3001
-2907
-2867
-3123
-3593
-4065
-4585
-5045
-5702
-6489
-7022
-7149
-7046
-6742
-6424
-5881
-5073
-4434
-3807
-3280
-2935
-3234
-3913
-4760
-5816
-6949
-7926
-8509
-8757
-8820
-8469
-7777
-6934
-6174
-5512
-4758
-4391
-4483
-4650
-4756
-4750
-4954
-5412
-5880
-5891
-5647
-5302
-4581
-3533
-2487
-1571
-775
-115
556
960
1128
1264
1166
1021
821
214
-739
-1744
-2692
-3796
-4718
-4848
-4106
-2452
-505
1407
3176
4399
4944
4855
4028
2536
817
-1007
-2819
-4201
-4699
-4006
-2494
-561
1711
3587
4954
5952
6138
5502
4196
2603
1033
-316
-1554
-2184
-2016
-989
812
2916
4899
6205
6879
7022
6768
6387
5842
5527
5619
5945
6247
6388
6439
6100
5650
4970
3924
2842
1754
722
-25
-229
-84
253
1204
2440
3285
3968
4424
4631
4191
3274
2149
951
-157
-1128
-1789
-2074
-1893
-1437
-917
-236
454
994
1457
1519
1157
548
-382
-1391
-2267
-3120
-3823
-4263
-4465
-4408
-4217
-3808
-3528
-3426
-3330
-3265
-3386
-3621
-3945
-4322
-4656
-4840
-4730
-4428
-4197
-3942
-3619
-3597
-3459
-3259
-3206
-3145
-3264
-3595
-3967
-4218
-4377
-4356
-4241
-3828
-3142
-2663
-2261
-1739
-1380
-1131
-1019
-1229
-1507
-1787
-2204
-2575
-2924
-3283
-3423
-3343
-3222
-3060
-2813
-2613
-2341
-1914
-1519
-1378
-1693
-2300
-3023
-3853
-5120
-6568
-7854
-8742
-9455
-10015
-10299
-10169
-9615
-8729
-7498
-6462
-5497
-4769
-4471
-4668
-5260
-6158
-6941
-7743
-8631
-9447
-9740
-9489
-9288
-8748
-8039
-7308
-6498
-5812
-5374
-5247
-5469
-5944
-6429
-7042
-7507
-7898
-8142
-8047
-7782
-7399
-6737
-5932
-5265
-4793
-4270
-3665
-3195
-2870
-2596
-2395
-2344
-2276
-2242
-2118
-1761
-1326
-864
-413
-91
168
186
85
-34
-81
-165
-357
-678
-800
-858
-980
-959
-812
-651
-607
-674
-768
-954
-1172
-1271
-1535
-1714
-1841
-2189
-2385
-2399
-2380
-2201
-1972
-1813
-1780
-1728
-1527
-1548
-1963
-2504
-3177
-3819
-4026
-3577
-2719
-1476
-153
1062
1612
1336
507
-628
-2067
-3557
-4956
-6210
-6969
-7348
-7326
-6572
-5086
-3480
-2189
-1312
-773
-873
-1391
-2394
-3711
-5077
-6416
-7589
-8465
-8848
-8543
-7631
-6395
-5192
-4153
-3104
-2370
-2166
-2383
-3050
-4010
-5209
-6468
-7377
-7822
-8048
-7767
-7027
-6402
-5671
-4733
-3762
-3054
-2916
-3105
-3267
-3577
-4333
-5296
-6106
-6545
-6651
-6598
-6392
-5962
-5386
-4860
-4372
-4214
-4222
-4289
-4482
-4864
-5339
-5797
-6081
-6263
-6400
-6404
-6122
-5805
-5554
-5423
-5262
-5059
-5122
-5346
-5746
-6198
-6372
-6437
-6611
-6459
-6220
-6160
-6107
-5872
-5399
-5137
-5031
-4915
-4796
-4839
-4773
-4911
-5419
-6258
-7123
-8080
-9098
-9883
-10547
-10945
-10853
-10526
-9715
-8767
-7936
-7193
-6327
-5692
-5360
-5557
-6004
-6596
-7438
-8244
-8854
-9387
-9609
-9417
-8835
-8094
-7123
-5865
-4941
-4356
-3863
-3658
-3640
-3881
-4402
-5093
-5509
-5698
-5838
-5874
-5762
-5181
-4267
-3649
-3281
-2629
-1995
-1561
-1145
-943
-951
-1235
-1467
-1445
-1286
-1160
-925
-597
-238
57
408
702
914
1233
1477
1481
1565
1523
1439
1369
1340
1261
1063
1029
986
1026
1073
1069
808
531
378
313
239
-134
-330
-328
-304
-291
-396
-172
152
170
99
243
475
270
-217
-858
-1431
-1662
-1202
-208
1104
2644
3893
4708
5043
4648
3631
2598
1330
-94
-1273
-2385
-2898
-2845
-2282
-1132
128
1381
2549
3229
3210
2783
2092
1189
-56
-1446
-2771
-3658
-4039
-3815
-3085
-2169
-953
213
950
1491
1712
1477
896
-24
-1106
-2134
-3184
-4039
-4298
-4066
-3451
-2782
-1955
-1152
-537
-29
139
86
-218
-861
-1565
-2319
-3181
-3722
-4037
-4216
-4078
-3453
-2705
-2242
-2106
-1721
-1538
-1680
-1832
-2182
-2554
-2995
-3369
-3459
-3417
-3443
-3383
-3094
-2764
-2340
-2060
-2039
-2043
-2211
-2356
-2547
-2806
-3027
-3263
-3238
-3002
-3199
-3493
-3273
-2674
-2271
-2259
-2205
-1887
-1602
-1712
-2105
-2583
-3158
-3950
-4737
-5488
-6203
-6856
-7704
-8082
-7851
-7280
-6526
-5604
-4694
-3805
-3129
-2922
-2979
-3326
-3811
-4602
-5699
-6571
-6976
-7219
-7328
-7125
-6396
-5437
-4414
-3413
-2759
-2286
-2117
-2250
-2484
-2940
-3494
-3916
-4309
-4562
-4704
-4493
-4163
-3764
-2993
-2123
-1481
-925
-641
-612
-592
-564
-591
-750
-910
-1113
-1014
-619
-489
-200
123
468
808
1168
1415
1537
1567
1620
1641
1518
1325
1159
1199
1101
1000
1215
1290
1212
1086
845
650
400
205
118
-1
-130
-293
-209
-145
-133
-90
-21
48
98
63
115
41
-453
-1101
-1714
-2159
-2030
-1412
-193
1325
2726
3685
4222
4173
3526
2396
796
-809
-2146
-3094
-3859
-4038
-3590
-2577
-1354
-142
1043
1903
2251
2098
1413
294
-1143
-2615
-3750
-4619
-5157
-5148
-4697
-4009
-2737
-1505
-603
36
409
307
-238
-1118
-2046
-3069
-4197
-5137
-5495
-5453
-4991
-4202
-3422
-2601
-1903
-1367
-976
-1073
-1286
-1655
-2450
-3542
-4366
-5065
-5423
-5436
-5188
-4839
-4583
-4201
-3665
-3168
-2861
-2843
-2959
-3282
-3798
-4173
-4546
-4699
-4698
-4696
-4705
-4591
-4402
-4203
-3847
-3574
-3400
-3428
-3671
-3802
-4067
-4282
-4488
-4630
-4742
-4739
-4651
-4359
-3992
-3816
-3822
-3730
-3557
-3508
-3417
-3416
-3784
-4348
-4996
-5788
-6699
-7622
-8415
-8962
-9267
-9192
-8455
-7699
-7036
-6269
-5447
-4659
-4272
-4115
-4320
-4828
-5492
-6414
-7130
-7852
-8396
-8481
-8158
-7590
-6837
-5829
-4579
-3683
-3160
-2946
-2856
-3044
-3336
-3638
-4228
-4912
-5216
-5196
-5040
-4627
-3940
-3114
-2434
-1848
-1334
-819
-501
-454
-455
-617
-900
-1174
-1212
-1073
-842
-567
-182
74
425
826
1279
1621
1646
1744
1695
1436
1285
1263
1333
1322
1395
1673
1644
1544
1485
1373
1269
1230
1079
810
643
540
282
92
107
270
478
669
733
721
837
978
834
634
131
-482
-1185
-2073
-2769
-2846
-2333
-1249
-147
964
1841
2119
1881
1374
714
-96
-1016
-1811
-2118
-2183
-1911
-1306
-206
821
1679
2199
2246
2062
1479
660
-296
-1326
-2222
-2755
-3076
-3163
-2561
-1464
-419
537
1380
1994
2278
2348
2154
1412
461
-346
-1155
-1994
-2374
-2268
-1778
-1058
-329
482
1270
1857
2177
2133
1908
1398
743
148
-504
-1162
-1715
-1888
-1850
-1529
-972
-310
221
624
845
790
743
486
22
-581
-1308
-1851
-2231
-2524
-2596
-2669
-2468
-2269
-2196
-2146
-2041
-1867
-1976
-2321
-2679
-2938
-3189
-3270
-3343
-3350
-3359
-3290
-3048
-3016
-3022
-2788
-2557
-2538
-2668
-2743
-2960
-3146
-3585
-4386
-5601
-6522
-7182
-7791
-8195
-8323
-7960
-7301
-6642
-5963
-5203
-4304
-3524
-3236
-3376
-3846
-4362
-5059
-6045
-6717
-6990
-7088
-7029
-6452
-5511
-4452
-3429
-2614
-1909
-1401
-1087
-1111
-1405
-1919
-2408
-2738
-2952
-3160
-3295
-3072
-2596
-1930
-1127
-369
280
607
798
1042
1095
788
619
548
320
259
234
271
482
866
1354
1707
1965
2227
2291
2250
2022
1966
2054
2066
1888
1666
1682
1712
1485
1392
1381
1267
1131
880
648
480
442
285
77
-41
-148
-92
22
-3
84
102
168
308
171
115
70
-19
-149
-54
725
1833
3153
4749
6088
6929
7216
6981
5893
4199
2234
44
-2030
-3707
-4797
-5404
-5101
-3819
-1805
474
2408
4044
5184
5590
5245
4148
2637
771
-1261
-3115
-4609
-5392
-5332
-4546
-3312
-1920
-634
552
1279
1405
1409
976
17
-1373
-2959
-4357
-5284
-5987
-6319
-6214
-5441
-4332
-3336
-2322
-1550
-987
-790
-934
-1239
-1987
-3055
-3881
-4565
-5098
-5393
-5588
-5403
-5029
-4728
-4554
-4273
-3915
-3717
-3913
-4167
-4384
-4574
-4570
-4374
-4241
-4177
-3891
-3273
-2927
-2485
-2028
-1920
-1896
-1996
-2303
-2574
-2828
-3018
-3072
-2834
-2604
-2257
-1924
-1635
-1117
-741
-567
-589
-731
-751
-717
-1048
-1601
-2349
-2998
-3849
-4806
-5553
-6203
-6653
-6617
-6242
-5548
-4796
-3944
-2946
-2193
-1717
-1492
-1490
-1854
-2570
-3517
-4430
-5290
-6181
-6756
-6735
-6228
-5602
-4905
-4009
-3042
-2267
-1759
-1522
-1588
-1989
-2745
-3421
-3817
-4064
-4258
-4528
-4559
-4241
-3685
-2981
-2271
-1718
-1150
-666
-302
-190
-219
-226
-271
-367
-495
-509
-323
17
292
564
776
1222
1750
1966
2273
2440
2246
2304
2378
2290
2310
2400
2391
2450
2478
2479
2489
2650
2752
2719
2383
1975
1736
1736
1946
1895
1774
1757
1884
2088
2041
2080
2213
2346
2303
2250
1832
1127
357
-299
-803
-622
103
1162
2151
3172
3703
3552
3138
2347
1102
-84
-1081
-1978
-2444
-2338
-1880
-814
517
1873
3086
3835
4133
3902
3219
2109
579
-946
-2338
-3443
-4041
-4122
-3598
-2707
-1525
-196
1017
1978
2434
2509
2170
1402
521
-394
-1283
-2092
-2587
-2643
-2140
-1579
-696
461
1413
1990
2378
2608
2313
1745
1103
394
-283
-781
-1173
-1377
-1260
-872
-463
56
533
1053
1377
1294
1041
1028
828
338
-93
-444
-690
-852
-757
-648
-610
-638
-548
-471
-441
-484
-826
-1203
-1385
-1499
-1570
-1893
-2066
-2107
-1957
-1773
-1703
-1559
-1476
-1479
-1456
-1383
-1444
-1715
-2185
-2733
-3473
-4329
-5326
-6102
-6831
-7423
-7585
-7246
-6796
-6371
-5725
-5004
-4121
-3227
-2761
-2714
-2867
-3483
-4098
-4678
-5467
-6063
-6521
-6524
-6085
-5433
-4603
-3616
-2684
-1836
-1136
-657
-367
-443
-668
-1030
-1549
-2065
-2464
-2503
-2290
-1910
-1360
-666
175
1028
1510
1815
2212
2559
2560
2360
2110
1913
1883
2069
2224
2309
2489
2754
3028
3278
3590
3857
3926
3993
3918
3798
3786
3773
3695
3577
3635
3612
3337
3265
3262
3389
3302
2921
2707
2592
2466
2236
1896
1675
1539
1692
1802
1810
1850
1922
1971
2047
1973
1945
1582
1130
507
8
47
623
1566
2853
4138
5116
5795
5971
5543
4560
3346
2064
808
-326
-1238
-1695
-1492
-600
696
1996
3239
4256
4686
4610
4240
3578
2595
1207
-59
-1092
-1848
-2016
-1662
-855
196
1177
2043
2796
3210
3191
2889
2370
1533
441
-651
-1515
-1898
-1991
-1898
-1620
-960
92
954
1365
1571
1786
1810
1232
535
-130
-930
-1612
-2033
-2217
-2423
-2448
-2026
-1367
-948
-634
-247
-86
-218
-447
-827
-1351
-1939
-2310
-2360
-2497
-2512
-2253
-1840
-1385
-1086
-980
-957
-945
-997
-1123
-1357
-1525
-1677
-1851
-2017
-2062
-1945
-1761
-1548
-1230
-1060
-1003
-926
-743
-547
-538
-868
-1266
-2093
-2892
-3711
-4488
-5152
-5735
-6132
-6145
-5884
-5336
-4539
-3703
-3003
-2268
-1738
-1440
-1407
-1764
-2311
-3173
-4114
-4698
-4962
-5173
-5221
-4947
-4051
-3044
-2090
-1340
-772
-319
-191
-277
-441
-829
-1350
-1930
-2301
-2485
-2574
-2489
-2159
-1665
-932
-200
411
773
1144
1371
1391
1256
1077
1052
1066
1201
1277
1311
1402
1735
2178
2593
2745
2882
3022
3163
3399
3498
3422
3330
3149
3066
3061
3085
3092
3079
3123
3098
3025
2898
2616
2389
2223
2141
1975
1786
1789
1951
2000
2149
2239
2242
2321
2437
2527
2508
2274
1781
996
392
339
675
1557
2695
4116
5575
6404
6606
6240
5192
3990
2699
1621
563
-447
-1041
-1117
-731
231
1705
2949
3953
4746
4878
4559
3840
2759
1363
-66
-1114
-1950
-2311
-2157
-1609
-687
247
1332
2245
2686
2782
2522
2211
1606
760
-344
-1601
-2606
-2861
-2639
-1980
-1136
-279
318
956
1537
1762
1890
1696
1170
322
-570
-1233
-1826
-2073
-2114
-2059
-1835
-1240
-478
-60
92
261
442
233
-212
-811
-1153
-1431
-1684
-1688
-1485
-1258
-1041
-788
-393
-99
37
4
-38
-152
-442
-694
-921
-1112
-1150
-1185
-1010
-770
-490
-402
-494
-464
-239
-35
119
101
-37
-449
-1055
-1880
-2740
-3739
-4664
-5253
-5602
-5621
-5427
-5081
-4531
-3750
-2904
-2102
-1521
-1138
-1166
-1466
-2054
-2832
-3470
-4063
-4658
-4952
-4966
-4723
-4082
-3215
-2226
-1267
-550
-82
99
89
-132
-346
-705
-1194
-1690
-2075
-2147
-2022
-1784
-1310
-624
171
1030
1740
2008
2070
2182
2179
2149
1885
1649
1677
1873
2191
2514
2659
2807
3100
3364
3597
3879
4059
4111
4028
4027
3871
3651
3615
3693
3689
3588
3609
3637
3479
3335
3312
3162
3030
3056
3072
2837
2586
2360
2410
2596
2635
2677
2875
2962
2811
2606
2621
2537
2153
1564
777
398
724
1573
2782
4290
5653
6417
6779
6708
6083
5035
3771
2334
903
-228
-930
-1012
-611
256
1482
2808
3903
4714
4955
4708
4164
3223
1951
586
-549
-1409
-2062
-2235
-1734
-733
482
1505
2196
2772
3042
3080
2738
2069
1185
274
-708
-1637
-2088
-2011
-1721
-1243
-693
297
1292
2020
2337
2259
2033
1440
574
-94
-646
-1229
-1760
-1889
-1782
-1558
-1051
-429
173
453
549
590
533
224
-97
-616
-1014
-1244
-1185
-1097
-1023
-833
-690
-465
-176
222
358
147
-157
-308
-340
-592
-925
-1111
-1077
-843
-740
-594
-447
-266
-107
25
173
254
262
90
-131
-709
-1491
-2328
-3177
-4008
-4683
-5276
-5443
-5346
-5019
-4368
-3618
-2662
-1810
-1116
-588
-446
-547
-1027
-1902
-2704
-3326
-3960
-4222
-4343
-4114
-3669
-2902
-1948
-937
-65
451
820
665
362
0
-262
-677
-1230
-1581
-1756
-1655
-1313
-805
-144
645
1215
1740
2067
2299
2367
2293
1995
1586
1334
1241
1383
1934
2367
2651
2901
2997
2704
2335
1871
1432
972
647
619
823
1275
1940
2811
3612
4066
4289
4205
3757
2951
2001
1248
796
476
538
1046
1986
3211
4547
5714
6635
7121
7129
6685
5912
5015
4200
3627
3344
2941
2742
3162
4145
5588
7224
8606
9762
10375
10391
9603
8293
6843
5169
3540
2125
1166
772
833
1478
2713
4084
5209
5965
6285
6181
5461
4444
3302
2114
954
-154
-982
-1401
-1523
-906
207
1309
2008
2379
2741
2989
2841
2317
1347
496
-378
-1402
-2303
-2749
-2825
-2490
-1935
-1281
-351
528
1033
1328
1301
838
255
-384
-986
-1578
-2059
-2293
-2297
-2001
-1574
-861
-229
453
1055
1380
1431
1218
1176
961
720
512
440
482
433
717
1250
1794
2087
2280
2347
2395
2446
2186
1824
1558
1356
1245
1170
1040
1168
1387
1430
1545
1550
1519
1309
1331
1409
1245
1148
995
722
111
-676
-1629
-2525
-3409
-4043
-4376
-4508
-4418
-3986
-3441
-2657
-1802
-1085
-670
-455
-673
-1127
-1716
-2691
-3476
-4180
-4696
-4995
-5090
-4674
-3921
-3091
-2200
-1358
-756
-542
-615
-872
-1258
-2002
-2765
-3300
-3722
-4060
-3998
-3708
-3328
-2818
-2131
-1404
-839
-281
30
80
123
-84
-361
-737
-1207
-1649
-1850
-1953
-1718
-1144
-405
295
826
1337
1572
1529
1365
939
418
-340
-1016
-1266
-1312
-1368
-1172
-603
57
665
1071
1230
1139
754
135
-582
-1290
-2115
-2878
-3048
-2927
-2760
-2382
-1794
-1156
-892
-1051
-1270
-1612
-2334
-3533
-4855
-5688
-5669
-4725
-3532
-1923
-131
1129
1683
1533
735
-463
-2124
-3925
-5595
-7050
-8165
-8322
-7617
-6182
-4457
-2801
-1291
-174
379
296
-421
-1673
-3081
-4442
-5870
-6910
-7207
-6959
-6315
-5215
-3668
-2136
-933
-219
232
236
-187
-931
-1943
-3031
-3921
-4551
-4822
-4726
-4060
-3168
-2283
-1108
17
618
753
774
598
172
-455
-1124
-1647
-2084
-2578
-2820
-2572
-2024
-1379
-780
-285
99
355
428
341
46
-415
-898
-1116
-1234
-1476
-1507
-1283
-991
-797
-463
9
208
200
47
-120
-274
-464
-842
-1106
-1015
-962
-843
-590
-333
-124
223
544
705
967
1125
1029
896
745
399
-239
-1215
-2201
-2975
-3436
-3598
-3679
-3348
-2534
-1594
-795
0
651
1251
1759
1947
1837
1539
847
188
-411
-758
-984
-1025
-633
-11
840
1700
2601
3442
4055
4257
4162
3842
3365
2968
2506
1998
1594
1406
1482
1760
2133
2753
3547
4027
4214
4147
4160
4179
4036
3592
3365
3214
3221
3173
3009
2892
3070
3391
3661
3944
4046
4055
3985
3774
3573
3428
3408
3301
3123
3025
3151
3105
2965
2958
3182
3223
3097
2934
2823
2755
2600
2348
2217
2189
2213
2267
2164
2104
2227
2351
2328
2410
2528
2409
1892
1282
793
531
725
1387
2668
4227
5651
6732
7069
6771
6173
5241
4018
2837
1643
612
-99
-217
444
1447
2771
4024
5063
5848
6269
6165
5494
4532
3414
2250
1135
253
-227
-321
63
978
2044
3019
3927
4570
4981
4876
4380
3706
2835
1821
974
267
-136
-174
289
908
1579
2318
2969
3536
3968
4031
3860
3415
2683
1953
1143
439
126
98
290
482
790
1248
1792
2234
2544
2630
2442
2182
1758
1294
719
469
454
536
953
1258
1411
1744
1998
2201
2411
2389
2210
2007
1635
1369
1300
1297
1504
1584
1695
1810
1953
2273
2498
2582
2706
2762
2702
2538
2470
2228
1699
819
-157
-825
-1370
-1848
-1936
-1923
-1684
-1038
-214
545
1216
1781
2420
2713
2551
2050
1291
493
-295
-1080
-1520
-1441
-1104
-425
272
1028
1744
2472
3021
3137
3083
2738
2265
1622
837
268
-113
-280
-528
-509
-91
522
1244
1652
1836
2027
2133
2034
1901
1641
1148
730
600
518
525
572
602
824
1242
1510
1590
1552
1651
1654
1461
1312
1286
1182
867
606
708
894
1078
1136
1107
1071
990
683
318
-10
-82
-173
-311
-532
-693
-685
-653
-568
-411
-333
-392
-418
-348
-294
-715
-1406
-1926
-2267
-2337
-1753
-646
644
2032
3148
3725
3692
3309
2545
1335
-132
-1578
-2761
-3595
-3963
-3800
-3045
-1791
-407
779
1842
2465
2577
2128
1251
204
-1177
-2643
-3707
-4283
-4504
-4366
-3651
-2542
-1554
-306
804
1256
1177
890
567
-282
-1410
-2600
-3585
-4080
-4196
-3958
-3327
-2361
-1439
-754
-211
179
519
360
-50
-637
-1248
-1914
-2553
-2957
-3061
-3018
-2887
-2588
-2007
-1303
-762
-579
-437
-484
-778
-1118
-1493
-1861
-2151
-2305
-2284
-2046
-1755
-1391
-1050
-582
-248
-228
-230
-335
-442
-665
-805
-961
-1170
-1145
-984
-811
-615
-453
-250
33
252
325
558
824
646
438
71
-570
-1271
-2031
-2826
-3601
-4171
-4333
-4420
-4281
-3712
-2927
-2037
-1124
-242
264
462
458
245
-227
-899
-1721
-2409
-2876
-2883
-2838
-2474
-1664
-598
253
938
1532
1986
2202
2057
1676
1012
375
-272
-835
-1153
-1142
-904
-617
-156
341
786
1277
1672
1837
1784
1552
1293
1168
967
627
363
227
348
462
568
992
1351
1456
1651
1849
1790
1669
1627
1384
1240
1155
1158
1168
1226
1232
1327
1218
1203
1237
1111
829
745
618
439
306
194
96
67
110
127
244
515
757
765
667
586
512
379
245
259
655
1264
