-4945
-4812
-4504
-4063
-3859
-3862
-3813
-3954
-4191
-4481
-4727
-4923
-5045
-4879
-4596
-4170
-3976
-3806
-3597
-3454
-3301
-3182
-3229
-3414
-3549
-3723
-4294
-5305
-6466
-7416
-8025
-8576
-8856
-8707
-8296
-7853
-7076
-5957
-4901
-4058
-3499
-3194
-3204
-3796
-4562
-5373
-6090
-6709
-7088
-7253
-7173
-6666
-5780
-4826
-3747
-2781
-2130
-1684
-1690
-1987
-2475
-3002
-3573
-4312
-4753
-5051
-5230
-5073
-4585
-3944
-3358
-2908
-2450
-2151
-1939
-2386
-3149
-3808
-4540
-5069
-5112
-4761
-4131
-3168
-1877
-873
-759
-1311
-2602
-4117
-5745
-7733
-9684
-11011
-11572
-11479
-10661
-8973
-7217
-5804
-4990
-4583
-4814
-5721
-7124
-8915
-10820
-12439
-13237
-13163
-11944
-10125
-8050
-5527
-2988
-904
584
1340
1358
577
-768
-2145
-3658
-5165
-6313
-6700
-5928
-4279
-1864
902
3616
5661
6795
6866
5939
4364
2380
182
-2118
-4330
-5908
-6522
-6136
-5110
-3617
-1758
-183
849
1111
637
-414
-2068
-4209
-6438
-8353
-9895
-10664
-10628
-9813
-8448
-6820
-5119
-3943
-3448
-3219
-3469
-4303
-5538
-6995
-8627
-10219
-11587
-12249
-12102
-11621
-10751
-9590
-8201
-6599
-5485
-5010
-4878
-5178
-6028
-7147
-8599
-9923
-10810
-11345
-11733
-11553
-11075
-9980
-8873
-7687
-6344
-5047
-4173
-3752
-3653
-3627
-3752
-4048
-4081
-4056
-3733
-3398
-2881
-2127
-1549
-1198
-798
-516
-548
-674
-904
-1046
-1330
-1521
-1777
-2078
-2090
-1922
-1862
-1893
-1865
-1888
-2001
-2275
-2529
-2859
-3187
-3362
-3659
-4125
-4843
-5454
-6028
-6613
-6945
-7017
-6845
-6513
-6203
-5669
-4779
-3987
-3443
-3187
-3185
-3416
-3899
-4715
-5784
-6794
-7754
-8353
-8593
-8655
-8255
-7737
-6932
-6079
-5313
-4666
-4143
-3906
-4097
-4527
-4970
-5303
-5496
-5651
-5795
-5622
-5123
-4488
-3668
-2697
-1786
-846
-75
606
1088
1305
1532
1629
1338
1008
345
-570
-1604
-2823
-3968
-4804
-4883
-3852
-2084
88
1936
3443
4490
5128
5056
4077
2595
704
-1145
-2809
-4083
-4436
-3816
-2354
-389
1672
3381
4757
5658
5749
5375
4294
2775
1040
-509
-1610
-2165
-1823
-574
1281
3227
4745
5912
6689
6876
6696
6397
6045
5903
6000
6211
6360
6485
6402
6193
5652
4616
3560
2484
1278
218
-449
-803
-687
-119
697
1676
3060
4064
4547
4502
3995
3147
1831
539
-682
-1833
-2470
-2726
-2687
-2135
-1305
-623
83
880
1319
1328
888
210
-663
-1703
-2665
-3634
-4344
-4688
-4737
-4510
-4169
-3795
-3594
-3633
-3447
-3337
-3415
-3632
-3994
-4410
-4803
-4896
-4898
-5088
-5049
-4653
-4082
-3677
-3571
-3622
-3632
-3663
-3672
-3877
-4099
-4131
-4092
-4157
-4036
-3727
-3207
-2588
-2064
-1494
-1000
-855
-863
-984
-1299
-1710
-2160
-2449
-2731
-3100
-3324
-3264
-3049
-2834
-2552
-2304
-1991
-1723
-1535
-1746
-2129
-2618
-3247
-4226
-5462
-6666
-8030
-9306
-10183
-10780
-10775
-10325
-9725
-8789
-7622
-6581
-5820
-5229
-4774
-4858
-5390
-6224
-7133
-8145
-9344
-10117
-10283
-10199
-9743
-9086
-8311
-7394
-6447
-5783
-5447
-5379
-5427
-5865
-6617
-7296
-7853
-8338
-8618
-8737
-8566
-8020
-7419
-6773
-5941
-5313
-4554
-3856
-3369
-3094
-3096
-3185
-3160
-3010
-2809
-2541
-2370
-2101
-1634
-1240
-1022
-789
-700
-702
-646
-616
-781
-896
-1090
-1317
-1526
-1667
-1755
-1750
-1715
-1621
-1630
-1763
-1944
-2240
-2531
-2849
-3183
-3498
-3682
-3683
-3524
-3514
-3427
-3309
-3119
-2982
-2731
-2453
-2432
-2706
-3266
-4181
-4765
-4707
-4183
-3215
-2015
-710
313
799
620
19
-1015
-2428
-4174
-5822
-7065
-7964
-8486
-8432
-7543
-6146
-4645
-3345
-2284
-1535
-1435
-2096
-3187
-4536
-6096
-7684
-8957
-9470
-9678
-9385
-8486
-7347
-5820
-4350
-3326
-2730
-2658
-2917
-3474
-4328
-5567
-6940
-8073
-8707
-8867
-8604
-8054
-7264
-6224
-5202
-4221
-3431
-3061
-3108
-3436
-4090
-4612
-5390
-6234
-6840
-7195
-7392
-7096
-6544
-6022
-5353
-4793
-4492
-4233
-4261
-4587
-4978
-5553
-5985
-6104
-6259
-6405
-6597
-6451
-6006
-5648
-5306
-5201
-5261
-5368
-5596
-5815
-6057
-6328
-6439
-6610
-6672
-6694
-6543
-5983
-5545
-5326
-5184
-5070
-4950
-4883
-4868
-4962
-5285
-5799
-6596
-7620
-8733
-9787
-10592
-10946
-11159
-11176
-10713
-9797
-8873
-8100
-7360
-6593
-5889
-5441
-5318
-5712
-6444
-7379
-8294
-8917
-9382
-9644
-9383
-8475
-7452
-6638
-5581
-4638
-3863
-3119
-2819
-3031
-3411
-3854
-4512
-5043
-5387
-5658
-5741
-5612
-5092
-4310
-3509
-2774
-2023
-1490
-1173
-928
-657
-559
-736
-886
-934
-957
-856
-611
-215
108
485
703
861
1109
1397
1582
1681
1750
1790
1677
1415
1176
963
928
911
968
925
878
682
497
447
290
78
-5
-250
-419
-321
-316
-375
-160
97
289
422
343
359
314
130
-281
-919
-1377
-1421
-923
32
1377
2865
4319
5320
5519
5151
4375
3167
1650
283
-1026
-2282
-2873
-2804
-2214
-1155
158
1525
2742
3548
3679
3251
2650
1529
112
-1259
-2521
-3406
-3760
-3690
-3044
-1969
-743
354
1345
2095
2392
2228
1576
655
-494
-1758
-2867
-3462
-3796
-3813
-3402
-2649
-1739
-999
-393
203
543
448
127
-396
-1181
-2043
-2912
-3475
-3869
-3885
-3632
-3416
-3085
-2551
-2014
-1683
-1469
-1416
-1486
-1838
-2247
-2805
-3207
-3348
-3327
-3236
-3097
-2817
-2455
-2077
-1676
-1358
-1378
-1655
-1899
-2197
-2516
-2814
-2902
-2923
-2926
-3012
-2721
-2348
-2211
-2035
-1919
-1845
-1946
-2030
-1980
-2072
-2661
-3355
-4054
-4915
-5929
-6911
-7627
-8030
-8074
-7787
-7324
-6651
-5907
-4947
-4016
-3429
-3285
-3368
-3762
-4191
-4765
-5634
-6469
-7153
-7524
-7549
-7232
-6668
-5622
-4400
-3375
-2506
-1948
-1761
-1894
-2243
-2693
-3239
-3825
-4354
-4577
-4711
-4657
-4232
-3580
-2958
-2406
-1772
-1347
-884
-665
-650
-685
-787
-836
-872
-1011
-1188
-1107
-825
-491
-96
324
688
957
1057
1137
1366
1418
1327
1246
1332
1234
1154
991
717
685
791
827
720
465
165
3
-147
-318
-182
-263
-435
-506
-517
-428
-458
-513
-430
-456
-415
-255
-492
-928
-1554
-2126
-2379
-2274
-1610
-316
1284
2746
3743
4168
4090
3448
2334
902
-616
-2072
-3452
-4473
-4682
-4205
-3220
-1759
-308
882
1701
1973
1858
1130
-15
-1397
-2910
-4040
-4981
-5769
-6069
-5506
-4452
-3221
-2123
-1162
-481
-99
40
-187
-1002
-2150
-3341
-4462
-5361
-5820
-5920
-5637
-4952
-4131
-3217
-2425
-1772
-1393
-1252
-1395
-2051
-2865
-3749
-4654
-5415
-5775
-5951
-5967
-5585
-5073
-4529
-3914
-3404
-3253
-3378
-3406
-3563
-4023
-4578
-5017
-5225
-5400
-5372
-5071
-4921
-4644
-4053
-3624
-3575
-3602
-3533
-3579
-3845
-4179
-4481
-4875
-5222
-5082
-4869
-4758
-4567
-4517
-4283
-4089
-3974
-3774
-3785
-4002
-3897
-4165
-4771
-5576
-6451
-7400
-8494
-9392
-9794
-9901
-9848
-9452
-8727
-7735
-6602
-5690
-4882
-4433
-4402
-4829
-5304
-6050
-7022
-7984
-8719
-8948
-8917
-8649
-8195
-7310
-6290
-5271
-4326
-3471
-2929
-2819
-3138
-3583
-3991
-4488
-5062
-5361
-5594
-5561
-5117
-4555
-3905
-3289
-2619
-2042
-1496
-1014
-745
-747
-1088
-1268
-1360
-1464
-1543
-1578
-1294
-841
-412
119
612
792
1099
1409
1467
1456
1481
1459
1260
1046
1058
1274
1314
1210
1171
1225
1296
1119
885
636
500
420
210
32
-1
-155
-237
-68
237
328
396
595
669
510
238
-162
-695
-1676
-2524
-2999
-2924
-2033
-802
410
1417
2097
2331
2081
1451
573
-415
-1250
-2055
-2639
-2722
-2366
-1642
-556
583
1665
2245
2190
1938
1468
752
-363
-1686
-2710
-3318
-3632
-3500
-2932
-1976
-821
264
1207
1869
2271
2284
1999
1228
401
-505
-1317
-2100
-2696
-2615
-2170
-1417
-559
484
1351
1789
2013
2084
1896
1370
640
-162
-1037
-1703
-2236
-2350
-2115
-1637
-1207
-712
-195
317
728
917
656
221
-351
-892
-1427
-2082
-2532
-2716
-2879
-2815
-2559
-2369
-2146
-1876
-1739
-1779
-1906
-2135
-2606
-3149
-3446
-3427
-3493
-3447
-3454
-3421
-3168
-3157
-3093
-2839
-2736
-2579
-2470
-2455
-2682
-3253
-3972
-4722
-5602
-6488
-7155
-7748
-8137
-8252
-8045
-7530
-6776
-5646
-4585
-3792
-3300
-3020
-3001
-3317
-4012
-4632
-5322
-6029
-6576
-6885
-6720
-6062
-5221
-4258
-3056
-2018
-1330
-897
-785
-705
-794
-1159
-1737
-2348
-2866
-2991
-2781
-2307
-1851
-1452
-867
-152
463
994
1331
1452
1587
1439
1188
1015
867
836
880
871
1009
1315
1503
1822
2150
2391
2621
2680
2677
2655
2542
2390
2049
1762
1813
1959
1944
1909
1932
1865
1641
1379
1192
1033
834
531
436
413
415
438
446
579
713
703
533
472
512
566
483
201
226
612
1218
2120
3529
5117
6403
7484
7971
7705
6687
5008
3073
875
-1359
-3166
-4391
-4734
-4402
-3446
-1721
525
2687
4457
5522
5945
5565
4562
3107
1278
-861
-2846
-4262
-5210
-5446
-4936
-3590
-1911
-536
584
1526
2078
2003
1591
745
-628
-2170
-3581
-4733
-5555
-5937
-5595
-4871
-4091
-2988
-1929
-1168
-553
-184
-414
-1054
-1862
-2768
-3606
-4238
-4942
-5361
-5473
-5293
-4945
-4595
-4258
-3950
-3658
-3460
-3410
-3475
-3575
-3654
-3599
-3678
-3791
-3388
-3109
-2959
-2625
-2259
-1880
-1633
-1533
-1717
-1934
-2241
-2536
-2689
-2770
-2710
-2581
-2342
-1909
-1489
-1304
-1261
-987
-751
-755
-798
-1068
-1456
-1803
-2471
-3294
-4237
-5269
-6124
-6793
-7170
-7252
-6913
-6189
-5418
-4563
-3547
-2570
-1967
-1812
-1842
-2395
-3243
-4185
-5210
-6097
-6755
-7054
-7198
-6946
-6270
-5297
-4189
-3284
-2560
-1876
-1686
-1903
-2180
-2641
-3464
-4190
-4591
-4833
-5019
-5061
-4755
-4325
-3699
-2886
-2041
-1328
-819
-495
-402
-442
-435
-382
-574
-732
-769
-786
-539
-89
354
755
1115
1527
1761
1881
2002
2234
2369
2137
1882
1862
1915
1883
1797
1802
2026
2116
1984
1916
1764
1503
1291
1136
1027
963
751
839
1084
1244
1267
1380
1401
1670
1820
1581
1254
814
348
-355
-1036
-1213
-793
-12
1001
2073
3051
3617
3486
2818
1728
476
-736
-1674
-2775
-3537
-3513
-2822
-1588
-13
1569
2678
3312
3452
3217
2678
1624
-30
-1743
-3186
-4308
-5058
-5140
-4474
-3270
-1912
-671
484
1564
2310
2528
2193
1450
514
-537
-1745
-2624
-2887
-2883
-2669
-2009
-1136
-122
916
1635
1984
2158
2064
1525
714
-34
-840
-1592
-1984
-2135
-1944
-1673
-1355
-847
-278
126
537
712
767
547
75
-478
-855
-1080
-1301
-1516
-1482
-1399
-1179
-946
-821
-949
-1215
-1324
-1561
-1716
-1781
-1855
-2062
-2333
-2473
-2455
-2326
-2184
-2063
-1984
-2056
-2057
-1828
-1705
-1759
-2088
-2595
-3155
-3824
-4672
-5717
-6631
-7282
-7774
-8120
-8064
-7544
-6912
-5947
-4794
-3836
-3318
-2832
-2493
-2655
-3222
-3965
-4782
-5528
-6371
-6758
-6673
-6279
-5613
-4694
-3446
-2323
-1414
-695
-118
80
-243
-674
-1062
-1476
-2023
-2537
-2713
-2373
-1759
-1237
-791
-162
574
1396
2040
2337
2510
2522
2397
2223
2010
1886
1888
2055
2169
2334
2685
2971
3132
3469
3731
3859
3849
3916
3862
3706
3538
3377
3323
3335
3250
3268
3334
3228
2871
2782
2815
2568
2277
2220
2123
2005
1798
1748
1784
1807
1865
1866
1895
2082
2099
2088
1974
1494
920
423
59
23
658
1713
3119
4588
5794
6617
6698
6208
5186
3796
2350
1050
-156
-989
-1330
-1129
-315
1044
2439
3703
4687
5205
5262
4925
4066
2764
1432
177
-1016
-1845
-2060
-1693
-890
-30
1073
2082
2965
3589
3726
3273
2580
1623
584
-279
-1320
-1975
-2303
-2112
-1505
-656
73
760
1387
1876
2096
2034
1607
951
227
-549
-1397
-2094
-2494
-2458
-2305
-1908
-1390
-876
-444
-232
-181
-300
-655
-980
-1301
-1831
-2267
-2502
-2702
-2527
-2115
-1544
-1143
-966
-900
-819
-745
-821
-1104
-1430
-1655
-1865
-1950
-2017
-2013
-1898
-1638
-1325
-1145
-1127
-1061
-901
-907
-855
-843
-1138
-1588
-2236
-3057
-3979
-4939
-5776
-6376
-6661
-6527
-6088
-5700
-4994
-4094
-3114
-2365
-1732
-1549
-1769
-2145
-2718
-3388
-4364
-5240
-5570
-5746
-5615
-5029
-4346
-3582
-2625
-1787
-1174
-651
-394
-490
-752
-1325
-1893
-2188
-2528
-3058
-3341
-3221
-2663
-2206
-1708
-870
60
556
716
986
1121
1069
868
832
734
519
551
740
972
1217
1500
2031
2476
2595
2553
2584
2624
2671
2572
2450
2286
2268
2351
2288
2296
2229
2201
2222
2052
1993
1822
1615
1378
1171
1188
1077
1038
1011
1145
1380
1391
1406
1514
1585
1576
1529
1337
735
-126
-613
-427
95
882
2112
3599
4848
5662
5833
5451
4666
3621
2400
945
-392
-1493
-2043
-1915
-1414
-530
785
2100
3227
3866
4022
3723
3024
1853
355
-1081
-2284
-3239
-3505
-3428
-2868
-1920
-743
479
1376
2024
2302
2122
1611
651
-337
-1309
-2237
-2881
-3281
-3270
-2893
-2265
-1437
-572
249
957
1338
1204
815
385
-170
-1011
-1948
-2693
-3051
-3122
-2905
-2472
-1992
-1468
-1102
-866
-697
-453
-524
-808
-1191
-1644
-1909
-2158
-2322
-2339
-2149
-1921
-1574
-1019
-663
-470
-444
-570
-735
-918
-1181
-1573
-1816
-1902
-1933
-1679
-1597
-1506
-1416
-1059
-749
-659
-660
-514
-344
-509
-944
-1640
-2554
-3542
-4565
-5415
-6067
-6564
-6754
-6404
-5756
-4974
-4056
-3196
-2389
-1673
-1273
-1170
-1619
-2421
-3119
-3940
-4754
-5334
-5552
-5407
-4908
-4135
-3224
-2329
-1439
-717
-265
121
115
-97
-637
-1105
-1528
-2044
-2363
-2336
-2084
-1676
-1307
-638
120
821
1317
1728
2219
2402
2426
2189
1815
1753
1744
1842
2024
2124
2308
2602
2916
3277
3574
3933
4296
4276
4003
3964
3950
3766
3625
3525
3513
3625
3543
3451
3429
3254
3071
3095
3175
3025
2863
2679
2485
2300
2327
2398
2255
2297
2436
2494
2567
2625
2686
2525
2107
1440
690
471
743
1562
2884
4474
5837
6853
7248
6962
6179
5079
3696
2240
836
-196
-743
-1058
-656
317
1666
3011
4073
4969
5402
5185
4610
3744
2556
1092
-201
-1237
-1771
-1875
-1465
-607
492
1596
2459
3117
3476
3522
3139
2409
1378
405
-403
-1153
-1654
-1755
-1536
-873
-89
623
1419
2085
2490
2666
2460
1813
1082
375
-344
-990
-1517
-1818
-1617
-1249
-702
-264
22
367
557
576
608
572
289
-222
-800
-1070
-1171
-1282
-963
-626
-366
41
264
469
632
629
519
195
-216
-586
-810
-753
-843
-863
-777
-498
-107
27
117
397
684
657
379
103
-52
-463
-1126
-1993
-2992
-3961
-4573
-5084
-5623
-5749
-5323
-4553
-3648
-2693
-1589
-710
-376
-472
-663
-1034
-1660
-2542
-3458
-4180
-4624
-4612
-4188
-3589
-2927
-2086
-1096
-266
466
1019
1128
832
472
-166
-758
-1165
-1419
-1746
-1682
-1132
-504
85
591
1143
1698
2114
2209
2090
1904
1727
1436
1103
1111
1168
1444
2044
2445
2626
2620
2629
2361
1745
1066
612
343
239
470
1101
2062
2946
3509
3893
3908
3608
3053
2379
1586
816
212
-108
96
735
1841
3079
4397
5463
6202
6664
6635
6273
5683
4757
3868
3094
2513
2219
2105
2632
3647
5136
6843
8381
9619
10245
10205
9556
8297
6623
4825
3120
1646
682
291
483
1193
2347
3649
4761
5522
5980
5873
5274
4252
3031
1647
249
-868
-1638
-2069
-2061
-1608
-761
181
1097
1956
2391
2604
2529
2044
1519
655
-415
-1543
-2599
-3265
-3447
-3095
-2421
-1825
-971
-80
447
635
597
462
-17
-757
-1517
-2062
-2510
-2765
-2716
-2462
-2016
-1418
-824
-184
368
785
824
763
605
381
137
-123
-86
141
283
402
769
1212
1603
1925
2051
2103
1962
1863
1623
1228
907
643
552
668
682
747
847
933
1101
1195
1199
1092
1058
1207
965
526
-159
-841
-1556
-2512
-3457
-4195
-4616
-5105
-5558
-5444
-4701
-3948
-3278
-2429
-1802
-1548
-1440
-1450
-1624
-2227
-3085
-4059
-5043
-5653
-5811
-5619
-5085
-4426
-3673
-2799
-1955
-1320
-966
-824
-837
-1221
-1911
-2816
-3507
-4113
-4389
-4326
-4089
-3715
-3081
-2413
-1851
-1247
-782
-470
-265
-321
-502
-774
-1116
-1519
-2080
-2579
-2666
-2148
-1577
-1040
-207
593
1173
1437
1260
1095
756
83
-595
-1135
-1471
-1674
-1716
-1407
-861
-303
298
701
749
581
180
-334
-1024
-1821
-2602
-3288
-3502
-3439
-3219
-2910
-2398
-1853
-1438
-1262
-1414
-2099
-3005
-4150
-5330
-6104
-6113
-5217
-3654
-1936
-221
1199
1763
1519
600
-871
-2562
-4247
-5992
-7530
-8420
-8575
-8060
-6762
-4866
-2881
-1256
-221
192
68
-636
-1766
-3254
-4830
-6318
-7405
-7909
-7762
-6800
-5376
-4031
-2708
-1429
-392
168
325
-175
-1084
-2072
-3106
-4136
-4809
-5073
-4863
-4225
-3278
-2402
-1447
-322
576
991
968
675
146
-602
-1241
-1903
-2437
-2790
-2910
-2786
-2397
-1859
-1228
-536
-80
-4
143
265
24
-519
-1231
-1659
-1872
-1961
-1815
-1663
-1204
-738
-415
-86
136
243
166
-24
-298
-483
-694
-1001
-1313
-1433
-1195
-903
-550
-268
-111
161
378
518
665
757
619
382
-175
-1030
-1976
-2827
-3454
-3942
-4157
-4079
-3694
-3139
-2462
-1679
-597
438
1338
1999
1874
1487
966
342
-295
-750
-1095
-1235
-1145
-849
-2
1068
1998
2705
3402
3972
4078
4033
3962
3601
3000
2305
1708
1445
1328
1455
1708
2250
2836
3285
3707
4137
4336
4275
4077
3832
3542
3277
3143
2983
2743
2739
2868
3066
3219
3607
4027
4128
4027
3920
3837
3532
3445
3226
3120
3080
2922
2836
2869
3081
3171
3135
3062
2863
2498
2164
1951
1897
1827
1609
1439
1380
1516
1660
1786
2016
2177
2159
2051
2034
1896
1598
1072
457
166
348
1231
2520
3816
5129
6205
6785
6604
5886
4969
3884
2634
1330
244
-352
-447
77
994
2348
3617
4741
5745
6022
5631
5103
4317
3170
1910
622
-223
-674
-761
-270
793
2019
3053
4064
4729
5045
4816
4411
3763
2855
1810
913
396
-133
-402
-210
426
1436
2441
3275
3848
4062
4023
3905
3386
2537
1736
1091
586
213
43
133
259
658
1252
1759
2073
2303
2437
2470
2210
1738
1222
902
693
410
440
759
961
1243
1625
2047
2378
2338
2233
2168
1912
1594
1332
1113
1247
1497
1618
1609
1717
2030
2376
2479
2532
2665
2701
2610
2388
2111
1714
1147
445
-369
-1179
-1816
-2231
-2473
-2346
-1923
-1235
-597
174
1009
1735
2398
2436
2047
1479
868
248
-368
-959
-1425
-1599
-1470
-980
-208
673
1612
2395
2907
3137
3166
2878
2188
1367
660
54
-220
-395
-551
-432
-37
427
948
1276
1488
1839
2127
2075
1868
1442
1071
797
457
182
104
172
344
663
995
1223
1324
1426
1578
1377
997
837
768
707
538
511
562
364
313
303
415
453
261
8
-125
-252
-414
-640
-840
-908
-1025
-1050
-933
-816
-747
-803
-811
-845
-816
-937
-1259
-1645
-2234
-2433
-2144
-1415
-341
991
2517
3745
4318
4222
3520
2418
980
-584
-2099
-3337
-4191
-4380
-4180
-3430
-2266
-814
700
1870
2494
2604
2229
1224
90
-1220
-2670
-4145
-5260
-5503
-5150
-4282
-3146
-1838
-794
141
892
1072
848
193
-665
-1669
-2898
-3801
-4418
-4760
-4517
-3840
-3138
-2244
-1272
-340
211
382
361
-31
-700
-1435
-2267
-3046
-3675
-3816
-3735
-3407
-2991
-2536
-1928
-1462
-1166
-1045
-1072
-1204
-1517
-1756
-1908
-2118
-2272
-2313
-2379
-1960
-1385
-973
-661
-331
-236
-366
-504
-606
-888
-1085
-1122
-1217
-1142
-1137
-1028
-820
-616
-347
-77
162
348
568
711
525
159
-114
-609
-1384
-2428
-3255
-3982
-4494
-4745
-4717
-4405
-3858
-3062
-2191
-1166
-321
205
386
425
233
-405
-1161
-1999
-2800
-3218
-3247
-2983
-2392
-1475
-678
134
907
1489
1948
2197
1994
1484
920
251
-376
-902
-1321
-1559
-1461
-1149
-635
-44
463
918
1269
1517
1466
1266
1087
845
651
376
201
236
215
416
768
827
848
1111
1483
1645
1668
1570
1625
1622
1322
1081
1178
1365
1167
1033
1028
1143
1134
1058
885
629
446
402
323
124
-129
-262
-194
-91
-113
-84
146
374
435
387
389
199
-33
-250
-321
-57
893
