-4734
-4366
-3925
-3587
-3391
-3295
-3386
-3763
-3925
-4038
-4273
-4383
-4321
-4219
-4033
-3740
-3577
-3585
-3535
-3361
-3060
-2923
-2803
-2728
-3026
-3561
-4283
-5083
-5947
-6890
-7721
-8203
-8431
-8234
-7957
-7323
-6601
-5601
-4648
-3797
-3036
-2772
-2925
-3519
-4148
-4778
-5545
-6303
-6721
-6842
-6558
-5846
-5067
-4204
-3331
-2597
-2007
-1765
-1694
-1907
-2371
-3009
-3639
-4225
-4678
-4943
-5070
-4811
-4248
-3815
-3413
-2918
-2512
-2350
-2450
-2704
-3295
-4113
-4883
-5232
-5189
-4804
-4014
-2960
-1685
-778
-614
-1199
-2422
-4143
-6068
-7864
-9657
-10997
-11638
-11413
-10293
-8738
-7195
-5647
-4478
-3946
-4302
-5355
-6862
-8634
-10604
-12183
-12858
-12799
-11850
-9945
-7657
-5175
-2662
-403
1003
1592
1467
764
-357
-1932
-3609
-5132
-6310
-6740
-6022
-4257
-1864
1054
3748
5707
6831
6773
5958
4489
2403
179
-1994
-3955
-5241
-5953
-5673
-4575
-3103
-1516
-93
811
967
464
-732
-2318
-4217
-6078
-7944
-9389
-10195
-10188
-9325
-7968
-6355
-4843
-3663
-3097
-2968
-3414
-4421
-5645
-7170
-8732
-10254
-11421
-11831
-11601
-10851
-9801
-8552
-7153
-5914
-5085
-4552
-4526
-5050
-5909
-7048
-8332
-9700
-10733
-11402
-11634
-11241
-10555
-9481
-8283
-7060
-5804
-4756
-4023
-3567
-3576
-3550
-3497
-3619
-3735
-3884
-3745
-3384
-2817
-2004
-1370
-911
-644
-528
-538
-593
-635
-867
-1369
-1748
-1920
-1843
-1884
-1827
-1947
-2016
-1956
-1966
-1988
-2123
-2421
-2706
-2849
-3085
-3291
-3681
-4331
-5083
-5618
-5937
-6318
-6683
-6830
-6545
-6023
-5392
-4588
-3878
-3545
-3240
-3179
-3514
-4078
-4778
-5575
-6339
-7000
-7707
-8162
-8181
-7932
-7561
-6748
-5918
-5241
-4557
-4153
-3918
-3980
-4117
-4353
-4694
-5181
-5506
-5441
-5140
-4585
-3815
-3037
-2218
-1277
-324
358
757
1222
1704
1992
2009
1720
1293
589
-179
-1049
-2228
-3382
-4172
-4154
-3236
-1573
456
2446
4053
5239
5758
5468
4481
3057
1198
-667
-2234
-3430
-3812
-3155
-1632
273
2440
4331
5776
6496
6422
5870
4881
3501
1840
253
-954
-1361
-1002
43
1734
3776
5584
6897
7463
7406
7030
6750
6567
6305
6389
6645
6878
7201
7137
6733
6075
5244
4356
3354
2247
1243
538
102
315
858
1898
3103
3954
4649
4989
4906
4463
3388
2236
1216
123
-919
-1707
-1934
-1664
-1099
-409
394
1074
1721
2031
1950
1441
741
-161
-1144
-1952
-2616
-3210
-3705
-3886
-3835
-3716
-3617
-3487
-3166
-2895
-2796
-3129
-3606
-3742
-3821
-3994
-4296
-4268
-4110
-3842
-3666
-3417
-3160
-2938
-2783
-2795
-2893
-3163
-3372
-3375
-3532
-3650
-3691
-3529
-3239
-2951
-2245
-1473
-977
-717
-706
-670
-917
-1275
-1567
-2010
-2459
-2703
-2810
-2965
-3037
-2982
-2668
-2422
-2316
-2108
-1855
-1689
-1603
-1600
-2017
-2889
-3939
-5077
-6434
-8033
-9173
-9839
-10383
-10589
-10339
-9536
-8553
-7555
-6356
-5272
-4713
-4564
-4716
-5225
-6135
-6965
-7957
-8869
-9544
-9885
-9980
-9669
-8817
-8115
-7439
-6646
-5931
-5500
-5389
-5562
-5873
-6407
-6877
-7475
-8072
-8300
-8294
-7999
-7551
-6960
-6152
-5477
-4872
-4389
-3819
-3365
-3225
-3243
-3171
-3023
-2770
-2500
-2114
-1733
-1387
-1042
-743
-450
-298
-202
-242
-379
-526
-619
-723
-767
-1013
-1311
-1305
-1143
-1101
-1108
-1068
-1126
-1265
-1396
-1529
-1783
-2201
-2501
-2641
-2820
-2879
-2863
-2786
-2618
-2549
-2548
-2471
-2237
-2085
-2147
-2428
-3118
-3894
-4245
-4178
-3624
-2881
-1842
-623
267
840
835
180
-965
-2486
-4106
-5612
-6998
-8007
-8307
-7829
-6824
-5505
-4015
-2696
-1707
-1356
-1516
-2087
-3067
-4254
-5638
-6961
-8212
-9066
-9417
-8969
-7765
-6330
-5083
-3902
-2946
-2410
-2312
-2655
-3329
-4171
-5211
-6304
-7336
-8160
-8445
-8151
-7371
-6524
-5604
-4563
-3730
-3140
-2796
-2849
-3318
-3987
-4730
-5479
-6128
-6714
-7038
-6874
-6650
-6338
-5970
-5417
-4803
-4490
-4429
-4483
-4625
-4978
-5494
-5942
-6278
-6419
-6628
-6606
-6391
-6074
-5842
-5596
-5353
-5224
-5166
-5411
-5713
-5941
-6206
-6540
-6834
-6854
-6752
-6457
-6070
-5664
-5201
-5009
-5046
-5052
-5012
-4865
-4859
-5198
-5831
-6556
-7384
-8374
-9229
-9848
-10281
-10637
-10587
-10157
-9596
-8867
-7790
-6857
-6218
-5682
-5282
-5411
-6066
-6776
-7347
-8135
-8738
-9226
-9396
-9259
-8870
-7971
-6842
-5867
-4884
-4020
-3534
-3441
-3458
-3626
-4061
-4569
-5065
-5576
-5779
-5694
-5353
-4735
-4041
-3416
-2695
-1983
-1454
-1043
-777
-599
-787
-1067
-1207
-1227
-1022
-716
-583
-523
-285
169
553
846
1090
1336
1567
1631
1535
1519
1493
1394
1354
1275
1196
1166
1109
1137
968
783
687
503
224
15
23
37
-26
-119
-108
8
127
261
387
527
589
557
552
517
51
-549
-1053
-1365
-853
273
1579
2960
4274
5119
5326
4874
3916
2704
1246
-173
-1480
-2501
-2971
-2772
-2022
-925
269
1446
2435
3175
3292
2930
2211
1079
-154
-1464
-2650
-3490
-3790
-3399
-2727
-1744
-578
507
1397
1990
2236
1918
1441
579
-696
-1888
-2747
-3429
-3895
-3915
-3459
-2606
-1791
-892
-89
354
462
406
30
-656
-1410
-2067
-2740
-3464
-3686
-3853
-3696
-3190
-2732
-2206
-1735
-1396
-1269
-1263
-1493
-1879
-2320
-2767
-2923
-3103
-3322
-3261
-3098
-2861
-2544
-2133
-1899
-1641
-1518
-1518
-1688
-2089
-2309
-2469
-2659
-2834
-3018
-2906
-2654
-2303
-2102
-1939
-1911
-2006
-1889
-1821
-1984
-2173
-2382
-2944
-3812
-4656
-5348
-6045
-6793
-7382
-7502
-7360
-6936
-6338
-5358
-4400
-3667
-3108
-2841
-2833
-3226
-3925
-4825
-5655
-6376
-6910
-7170
-7119
-6780
-6219
-5312
-4296
-3309
-2489
-1921
-1787
-1857
-2057
-2444
-3146
-3723
-4019
-4375
-4570
-4495
-4101
-3518
-2850
-2090
-1405
-955
-514
-100
95
-103
-469
-759
-712
-574
-573
-548
-377
-68
370
878
1233
1276
1408
1692
1896
1793
1483
1339
1265
1458
1563
1607
1483
1323
1271
1245
1374
1370
1138
876
657
302
53
65
97
124
150
180
207
181
105
22
150
290
170
-275
-895
-1470
-1808
-1607
-726
459
1902
3340
4274
4546
4220
3463
2298
934
-382
-1726
-3007
-3879
-4051
-3452
-2349
-1076
183
1223
1997
2244
2173
1542
317
-1090
-2417
-3706
-4729
-5163
-5176
-4631
-3802
-2647
-1549
-586
70
427
457
112
-540
-1627
-2769
-4005
-4888
-5243
-5220
-4840
-4177
-3312
-2372
-1630
-1113
-881
-973
-1277
-1813
-2460
-3150
-3774
-4665
-5301
-5423
-5134
-4952
-4618
-4026
-3456
-3133
-3031
-3070
-3126
-3355
-3742
-4104
-4446
-4553
-4665
-4722
-4685
-4401
-4069
-3754
-3435
-3356
-3324
-3433
-3578
-3840
-4194
-4390
-4435
-4515
-4670
-4547
-4263
-3997
-3850
-3796
-3718
-3591
-3519
-3336
-3383
-3606
-4023
-4541
-5178
-5982
-6926
-7813
-8628
-9314
-9518
-9324
-8931
-8241
-7310
-6206
-5265
-4545
-4053
-3974
-4272
-4748
-5505
-6290
-7174
-7923
-8441
-8566
-8129
-7478
-6604
-5818
-4906
-4043
-3420
-3100
-2924
-2902
-3162
-3741
-4341
-4983
-5516
-5670
-5351
-4799
-4174
-3524
-2663
-2014
-1449
-1108
-958
-864
-732
-755
-916
-1071
-1104
-961
-900
-842
-571
-204
359
988
1296
1423
1467
1401
1430
1519
1409
1198
1003
977
1112
1218
1202
1276
1338
1238
1189
1137
1039
721
404
185
67
84
154
309
406
404
440
484
592
652
579
448
123
-756
-1863
-2806
-3213
-2927
-2225
-1262
-32
1160
1792
1827
1579
1081
502
-349
-1214
-1967
-2554
-2646
-2152
-1343
-315
663
1521
2183
2381
1942
1292
564
-442
-1594
-2591
-3268
-3562
-3398
-2791
-1788
-542
579
1475
2087
2365
2350
2046
1349
443
-529
-1299
-1846
-2155
-2286
-1976
-1183
-389
470
1340
1938
2329
2385
2048
1387
618
6
-653
-1373
-1842
-2079
-1882
-1362
-723
-139
278
700
1003
1054
863
489
6
-507
-1079
-1567
-1936
-2186
-2464
-2491
-2244
-1968
-1947
-1773
-1768
-1837
-1900
-2177
-2523
-2780
-3080
-3209
-3119
-3081
-3055
-2910
-2936
-2800
-2663
-2671
-2635
-2504
-2470
-2449
-2714
-3248
-3848
-4622
-5472
-6252
-7063
-7687
-7946
-7975
-7749
-7201
-6358
-5421
-4552
-3949
-3409
-2993
-2812
-3268
-3969
-4621
-5267
-5756
-6324
-6560
-6369
-5787
-4919
-3901
-2834
-1942
-1313
-926
-603
-502
-905
-1527
-1934
-2103
-2430
-2746
-2698
-2229
-1629
-1028
-381
180
838
1371
1708
1822
1994
2072
1874
1582
1379
1288
1259
1417
1732
2111
2346
2540
2785
2930
3070
3288
3283
3139
3092
2960
2630
2516
2622
2600
2509
2406
2239
2261
2145
2031
1990
1744
1575
1412
1287
1088
1011
929
1017
1182
1183
1196
1214
1216
1247
1251
1249
1031
904
1044
1784
3036
4539
5992
7130
7931
8200
7834
6829
5225
3256
920
-1181
-2936
-4096
-4386
-3982
-2671
-599
1562
3478
5092
6103
6338
5944
4905
3329
1442
-464
-2187
-3606
-4367
-4381
-3619
-2483
-1096
455
1771
2538
2710
2320
1661
685
-471
-1862
-3266
-4522
-5181
-5278
-4920
-4237
-3353
-2414
-1330
-412
130
146
-171
-685
-1489
-2416
-3174
-3886
-4481
-4799
-4938
-4800
-4468
-3927
-3550
-3384
-3258
-3083
-3081
-3303
-3655
-3839
-3789
-3866
-3625
-3180
-2735
-2537
-2169
-1695
-1385
-1306
-1242
-1235
-1554
-1862
-2042
-2306
-2442
-2461
-2444
-1991
-1575
-1212
-879
-701
-480
-262
-150
-140
-444
-798
-1263
-1926
-2624
-3630
-4673
-5564
-6089
-6258
-6090
-5856
-5431
-4759
-3929
-3188
-2381
-1644
-1285
-1288
-1720
-2447
-3489
-4585
-5399
-5927
-6127
-6257
-6132
-5545
-4738
-3833
-3088
-2367
-1911
-1701
-1723
-2092
-2679
-3434
-4051
-4601
-5022
-4995
-4765
-4269
-3644
-3044
-2401
-1837
-1141
-683
-468
-345
-368
-671
-867
-869
-910
-1024
-961
-630
-369
13
499
1024
1363
1522
1769
1817
1756
1783
1789
1757
1808
1888
1850
1868
2111
2061
2006
2136
2215
2148
1983
1622
1277
1173
1172
1224
1187
1275
1399
1475
1579
1729
1678
1700
1706
1551
1115
365
-454
-1158
-1343
-1034
-298
762
1870
2731
3231
3160
2584
1520
299
-840
-2073
-3053
-3433
-3340
-2741
-1438
-41
1296
2471
3213
3442
3188
2533
1352
-273
-1757
-3140
-4267
-4873
-4903
-4346
-3301
-1916
-428
716
1563
2024
2063
1881
1304
393
-724
-1795
-2552
-2922
-2962
-2658
-1924
-843
42
825
1708
2237
2314
2149
1663
870
-18
-655
-1207
-1722
-1918
-1731
-1366
-994
-465
242
852
1072
1049
1048
871
551
47
-412
-648
-900
-1192
-1275
-1263
-1034
-774
-673
-666
-753
-780
-932
-1394
-1693
-1895
-2124
-2386
-2374
-2437
-2365
-2151
-1906
-1759
-1790
-1811
-1755
-1685
-1661
-1820
-2268
-2694
-3414
-4367
-5262
-6032
-6759
-7320
-7419
-7036
-6606
-5979
-5060
-4219
-3631
-3107
-2613
-2268
-2434
-2845
-3468
-4379
-5221
-6004
-6271
-6086
-5736
-5197
-4353
-3139
-1993
-1207
-581
-30
93
-266
-754
-1050
-1387
-1866
-2207
-2367
-2110
-1782
-1190
-488
178
852
1492
2108
2618
2844
2763
2526
2371
2281
2103
2124
2182
2307
2610
2947
3249
3558
3928
4095
4050
4076
4125
3984
3942
3794
3519
3461
3388
3215
3218
3258
3346
3264
2968
2741
2617
2497
2406
2267
2053
1888
1956
1994
1982
1994
2045
2093
2265
2323
2189
1959
1586
974
283
-204
-74
565
1648
3222
4758
5911
6299
6224
5738
4978
3829
2435
1084
-128
-970
-1255
-1011
-121
1118
2375
3571
4546
4982
4882
4407
3569
2458
1086
-68
-1010
-1498
-1470
-1220
-546
470
1645
2636
3236
3639
3785
3497
2737
1740
671
-465
-1183
-1677
-1743
-1676
-1232
-333
494
1318
1930
2232
2361
2161
1762
1039
249
-606
-1330
-1761
-2072
-2130
-1990
-1784
-1213
-692
-300
43
229
129
-213
-720
-1327
-1673
-1962
-2154
-2219
-2204
-2095
-1576
-1221
-942
-741
-784
-830
-940
-1103
-1258
-1400
-1503
-1575
-1632
-1657
-1605
-1414
-1205
-1062
-912
-742
-431
-294
-322
-369
-648
-1180
-1688
-2451
-3342
-4177
-4928
-5666
-5895
-5787
-5527
-5089
-4452
-3596
-2624
-1796
-1252
-930
-1150
-1628
-2128
-2805
-3722
-4489
-5076
-5385
-5319
-4732
-3821
-2911
-2052
-1289
-728
-398
-304
-480
-849
-1226
-1870
-2484
-2961
-3269
-3257
-2909
-2255
-1594
-997
-346
347
863
1105
1333
1349
1305
1322
1152
887
665
702
869
1143
1532
2054
2350
2598
2939
3078
2885
2933
3083
3049
2866
2743
2762
2785
2849
2821
2761
2720
2677
2808
2779
2643
2477
2191
2016
1840
1913
1947
1812
1796
1966
2160
2046
2096
2282
2270
2186
1982
1538
969
369
247
682
1678
3045
4380
5420
6226
6467
6137
5283
4008
2587
1243
57
-930
-1464
-1357
-679
396
1668
3066
4075
4585
4654
4260
3451
2401
1137
-310
-1401
-2261
-2647
-2453
-1839
-949
133
1275
2158
2720
2899
2627
1963
987
-141
-1185
-1978
-2531
-2789
-2571
-2138
-1385
-485
371
943
1315
1503
1428
1006
508
-104
-851
-1615
-2285
-2673
-2710
-2434
-1973
-1435
-1116
-773
-311
-122
-122
-417
-705
-991
-1450
-1693
-1842
-2000
-1944
-1748
-1624
-1337
-944
-622
-425
-412
-367
-496
-815
-1046
-1423
-1655
-1776
-1745
-1542
-1209
-1089
-1087
-863
-661
-375
-149
-232
-423
-650
-959
-1602
-2272
-3153
-4132
-4908
-5513
-6024
-6166
-5846
-5449
-4858
-4036
-3152
-2413
-1806
-1508
-1515
-1800
-2363
-3055
-3768
-4451
-5157
-5430
-5197
-4747
-4178
-3283
-2170
-1270
-639
-308
-186
-223
-404
-746
-1249
-1878
-2413
-2604
-2525
-2379
-2008
-1575
-831
94
775
1223
1651
1996
2113
2000
1779
1684
1654
1674
1562
1569
1902
2334
2645
2955
3283
3465
3716
3899
3949
3924
3712
3617
3491
3371
3285
3288
3237
3249
3321
3366
3259
3044
2928
2871
2695
2415
2330
2348
2270
2159
2180
2343
2560
2598
2462
2291
2318
2429
2247
1890
1267
647
508
689
1417
2511
3838
5226
6213
6568
6345
5587
4471
3289
1964
739
-405
-1282
-1372
-749
243
1471
2725
3753
4570
5017
4804
4130
3106
1954
552
-809
-1685
-2156
-2085
-1616
-786
307
1420
2387
2946
3298
3150
2739
1953
855
-106
-1071
-1814
-2101
-1901
-1304
-821
-160
752
1447
1909
2258
2333
1913
1233
437
-416
-1235
-1823
-1851
-1847
-1915
-1638
-1131
-502
25
369
452
329
42
-281
-586
-763
-952
-1314
-1401
-1327
-1401
-1349
-983
-368
163
290
156
136
-15
-367
-634
-779
-906
-1017
-1156
-1133
-927
-676
-295
-94
63
229
407
523
454
169
-249
-801
-1429
-2303
-3402
-4370
-4884
-5266
-5415
-5246
-4847
-4344
-3624
-2651
-1798
-1007
-802
-591
-709
-1365
-2045
-2846
-3576
-4171
-4439
-4584
-4363
-3709
-2754
-1749
-1115
-509
145
537
629
311
-27
-357
-858
-1256
-1601
-1788
-1650
-1340
-933
-441
177
859
1406
1753
2077
2102
1894
1540
1257
1063
948
1189
1556
2022
2633
2976
2879
2596
2285
1791
1126
803
615
471
651
1223
1878
2787
3586
4086
4146
3798
3370
2717
1770
689
-2
-6
415
1124
2114
3264
4507
5556
6277
6826
6887
6586
5855
4857
4034
3396
2844
2427
2354
2915
3973
5434
7214
8820
9957
10439
10299
9504
8096
6373
4658
3225
2059
1047
616
737
1547
2810
4097
5103
5828
6084
5767
5032
4092
3014
1861
669
-560
-1517
-2025
-1825
-1100
-76
904
1684
2336
2731
2749
2651
2157
1152
71
-1064
-2083
-2696
-3005
-2995
-2733
-2255
-1537
-701
67
602
990
1045
682
197
-482
-1298
-2020
-2412
-2601
-2689
-2428
-1936
-1222
-324
404
885
1074
1094
1016
937
719
440
316
257
361
623
884
1154
1405
1791
2076
2155
2152
1999
1727
1455
1371
1216
877
623
694
839
890
1095
1406
1549
1467
1364
1382
1514
1378
1090
802
293
-421
-1151
-1844
-2846
-3797
-4342
-4514
-4593
-4538
-4059
-3379
-2645
-1973
-1350
-788
-653
-862
-1372
-2041
-2736
-3460
-4370
-5024
-5195
-5145
-4893
-4317
-3444
-2393
-1587
-1097
-961
-794
-806
-1089
-1757
-2712
-3387
-3806
-3985
-3898
-3746
-3206
-2613
-2090
-1607
-1050
-516
-78
185
281
-67
-569
-1060
-1478
-1962
-2372
-2305
-1968
-1390
-608
137
575
950
1333
1463
1284
709
41
-609
-1146
-1342
-1421
-1434
-1152
-549
39
584
996
1183
926
446
-175
-770
-1458
-2134
-2672
-3128
-3209
-2786
-2510
-2109
-1574
-1220
-929
-1017
-1624
-2768
-4213
-5380
-5929
-5673
-4828
-3410
-1813
-244
991
1484
1247
483
-853
-2536
-4258
-5924
-7329
-8233
-8472
-7552
-6131
-4440
-2655
-1235
-367
-47
-146
-649
-1669
-3207
-4791
-6041
-6990
-7398
-7020
-6138
-4805
-3335
-2116
-1049
-259
234
319
-243
-1049
-1882
-2805
-3831
-4552
-4789
-4621
-4020
-3095
-2039
-937
-193
335
812
993
786
252
-405
-1137
-1934
-2554
-3015
-3067
-2767
-2174
-1454
-811
-128
326
485
570
467
142
-426
-1044
-1411
-1489
-1707
-1728
-1417
-1141
-815
-390
-82
171
217
86
-154
-407
-493
-523
-805
-1072
-1095
-991
-734
-567
-240
204
538
721
655
668
735
775
424
-142
-688
-1449
-2338
-3112
-3533
-3745
-3778
-3466
-2906
-2026
-981
-25
788
1367
1805
2026
2045
1563
815
108
-502
-946
-1178
-1024
-561
248
1119
2085
2938
3577
3954
4233
4287
4018
3399
2877
2361
1836
1504
1419
1519
1794
2258
2800
3409
3880
4170
4272
4202
4138
4065
3688
3457
3330
3058
2814
2598
2824
3126
3335
3502
3646
3835
3921
3848
3762
3682
3690
3544
3367
3359
3187
2925
2814
2695
2797
2925
3031
2917
2726
2572
2315
2028
1952
1991
2096
2110
2118
2043
2064
2132
2331
2511
2521
2425
2192
1818
1356
810
631
948
1677
2909
4376
5786
6815
7248
6901
6100
5080
3992
2683
1460
474
-78
-78
394
1398
2803
4322
5485
6062
6264
6152
5739
4771
3434
2172
1097
214
-344
-306
291
1254
2328
3454
4313
4874
5101
5187
4771
4027
3107
2038
1235
323
-102
71
421
1012
1788
2579
3357
3844
4010
4087
3823
3331
2707
1937
1262
720
288
100
158
630
1206
1595
2035
2408
2582
2637
2442
2150
1786
1379
989
808
746
742
869
1102
1472
2061
2337
2304
2445
2506
2366
2141
1927
1822
1725
1753
1674
1744
1942
2153
2350
2556
2640
2837
3058
3073
3022
2962
2634
2056
1482
873
63
-824
-1540
-2047
-2161
-2148
-1916
-1295
-311
731
1615
2180
2372
2341
2220
1941
1417
596
-253
-828
-1176
-1230
-1035
-651
62
1044
1944
2653
3112
3331
3180
2690
2116
1567
951
365
-28
-274
-367
-294
164
692
1270
1747
2083
2141
2125
2037
1903
1529
1288
978
634
483
445
469
591
689
911
1156
1461
1545
1391
1403
1426
1329
1068
850
773
679
596
690
827
837
807
692
495
123
-89
-159
-330
-604
-749
-735
-696
-720
-656
-537
-568
-638
-578
-566
-408
-482
-980
-1658
-2297
-2549
-2455
-1904
-737
728
2305
3338
3949
4014
3380
2327
1020
-478
-1804
-2855
-3790
-4222
-4005
-3090
-1733
-413
865
1847
2352
2325
1916
1129
-115
-1529
-2976
-4111
-4785
-4898
-4510
-3666
-2588
-1355
-280
490
886
987
648
0
-935
-2056
-2935
-3582
-3976
-4325
-4226
-3598
-2761
-1822
-892
-154
355
680
471
-90
-552
-1211
-1921
-2702
-3183
-3288
-3283
-3099
-2712
-2006
-1385
-976
-786
-607
-642
-1028
-1380
-1779
-2074
-2102
-2241
-2330
-2378
-2282
-1699
-1010
-556
-272
-219
-355
-465
-477
-636
-891
-998
-1085
-1187
-1111
-859
-576
-297
-159
-11
94
183
437
622
564
244
-234
-775
-1437
-2175
-3002
-3762
-4284
-4736
-4766
-4381
-3729
-2772
-1827
-908
31
633
929
807
352
-359
-1141
-1687
-2156
-2586
-2859
-2812
-2256
-1417
-627
233
1055
1654
1886
1831
1754
1501
1007
195
-506
-906
-1254
-1443
-1148
-709
-300
292
890
1187
1383
1618
1697
1628
1397
1032
650
294
138
117
151
365
561
973
1279
1519
1745
1795
1751
1593
1472
1434
1400
1286
1002
913
933
909
1060
1219
1237
1070
967
939
504
123
140
277
246
-4
-133
38
131
187
149
135
363
433
458
431
189
-1
67
496
1270
