-5281
-5104
-4810
-4525
-4300
-4169
-4284
-4538
-4877
-5155
-5200
-5233
-5226
-5052
-4933
-4867
-4741
-4556
-4266
-3981
-3777
-3659
-3730
-3874
-4083
-4333
-4994
-5784
-6729
-7570
-8258
-8682
-8895
-8903
-8686
-8029
-7001
-6183
-5670
-4982
-4272
-3951
-3897
-4170
-4703
-5446
-6353
-6955
-7182
-7281
-6977
-6580
-5821
-4687
-3583
-2819
-2272
-1825
-1730
-1903
-2339
-2947
-3704
-4535
-4958
-5117
-5166
-4905
-4455
-3965
-3497
-2920
-2435
-2212
-2338
-2696
-3298
-3987
-4825
-5302
-5412
-5242
-4664
-3623
-2220
-1224
-1109
-1807
-3006
-4485
-6324
-8432
-10125
-11341
-11969
-11845
-10758
-9210
-7657
-6300
-5250
-4763
-4909
-5825
-7429
-9235
-11100
-12549
-13279
-13204
-12381
-10631
-8198
-5606
-3163
-1113
384
1124
1064
372
-907
-2385
-3975
-5490
-6214
-6282
-5543
-3603
-986
1959
4506
6486
7524
7308
6171
4394
2198
-407
-3207
-5423
-6757
-7259
-6654
-5241
-3497
-1399
384
1514
1800
1300
338
-1302
-3433
-5699
-7976
-9674
-10506
-10617
-10020
-8813
-7140
-5396
-4096
-3437
-3063
-3213
-4163
-5553
-7193
-8979
-10616
-11774
-12588
-12814
-12389
-11385
-9952
-8378
-7064
-6189
-5671
-5543
-5748
-6450
-7639
-9027
-10164
-11059
-11710
-12055
-11998
-11595
-10546
-9407
-8106
-6951
-5875
-5150
-4698
-4544
-4466
-4518
-4593
-4627
-4617
-4202
-3508
-2997
-2392
-1831
-1315
-886
-717
-700
-762
-1042
-1340
-1549
-1514
-1470
-1644
-1831
-1807
-1619
-1384
-1357
-1567
-1867
-2217
-2281
-2281
-2414
-2717
-3245
-3739
-4172
-4653
-5064
-5682
-6250
-6479
-6388
-6229
-5904
-5237
-4552
-3772
-3144
-2855
-2725
-3008
-3650
-4544
-5384
-6237
-7213
-8023
-8427
-8544
-8263
-7612
-6809
-5847
-5019
-4425
-3968
-3873
-4168
-4486
-5025
-5551
-5772
-5789
-5787
-5718
-5371
-4620
-3690
-2754
-1892
-1123
-384
290
652
1055
1240
1287
1381
1165
415
-710
-1791
-2808
-3970
-4892
-4858
-3783
-2008
-64
1872
3417
4767
5491
5286
4306
2766
987
-855
-2490
-3584
-3994
-3417
-1769
317
2429
4175
5442
6195
6334
5826
4656
3207
1801
440
-704
-1272
-927
247
1989
4048
5789
7024
7682
7963
8040
7829
7581
7452
7506
7614
7663
7360
6945
6368
5686
4983
3753
2340
1185
362
-174
-325
-151
722
1878
3002
4064
4831
5110
4998
4559
3710
2432
1141
-165
-1259
-2022
-2369
-2253
-1736
-1074
-426
282
820
1058
953
688
94
-817
-1982
-2963
-3666
-4323
-4685
-4767
-4791
-4666
-4312
-3835
-3636
-3704
-3584
-3609
-3996
-4379
-4648
-4737
-4744
-4734
-4686
-4486
-4290
-3978
-3691
-3605
-3602
-3484
-3611
-3816
-3946
-4028
-4118
-4115
-3929
-3660
-3224
-2629
-1994
-1553
-1202
-891
-757
-619
-710
-1203
-1795
-2114
-2318
-2688
-2932
-3020
-3005
-2951
-2749
-2376
-2040
-1702
-1438
-1331
-1339
-1616
-2191
-2854
-3808
-5203
-6616
-7766
-8869
-9736
-10354
-10289
-9867
-9252
-8323
-7398
-6346
-5427
-4852
-4576
-4830
-5489
-6473
-7463
-8461
-9197
-9905
-10427
-10478
-10118
-9328
-8665
-7986
-7142
-6364
-5842
-5754
-6000
-6257
-6778
-7674
-8375
-8697
-8657
-8585
-8614
-8293
-7670
-6907
-6110
-5390
-4965
-4538
-4097
-3952
-3900
-3719
-3496
-3214
-2986
-2773
-2660
-2422
-1892
-1349
-1092
-954
-801
-737
-763
-845
-1094
-1539
-1785
-1875
-1922
-2083
-2061
-1913
-1702
-1711
-1807
-1977
-2086
-2245
-2538
-2792
-3091
-3509
-3611
-3469
-3432
-3395
-3366
-3253
-3031
-2717
-2556
-2607
-2849
-3144
-3691
-4474
-5057
-5119
-4526
-3452
-2139
-867
-42
326
320
-287
-1421
-2970
-4586
-6222
-7642
-8693
-9209
-8817
-7821
-6595
-5098
-3533
-2558
-2110
-2039
-2511
-3462
-4774
-6279
-7762
-8900
-9691
-10034
-9548
-8517
-7298
-6025
-4719
-3700
-3134
-3085
-3540
-4286
-5097
-6133
-7350
-8387
-8867
-8948
-8759
-8297
-7573
-6616
-5563
-4494
-3816
-3559
-3487
-3746
-4426
-5226
-6073
-6785
-7250
-7521
-7433
-7083
-6619
-6134
-5793
-5277
-4994
-4910
-4999
-5237
-5523
-6000
-6440
-6581
-6785
-6928
-6845
-6580
-6169
-5773
-5625
-5567
-5601
-5705
-5835
-6113
-6628
-6925
-7056
-7078
-7104
-7025
-6758
-6420
-6130
-5881
-5616
-5209
-5042
-5108
-5232
-5347
-5517
-6026
-6833
-7735
-8843
-9722
-10327
-10759
-11170
-11230
-10764
-9888
-8881
-8022
-7113
-6331
-5741
-5587
-5652
-5950
-6547
-7404
-8314
-9035
-9534
-9593
-9423
-8747
-7857
-6714
-5507
-4675
-4018
-3397
-3002
-2918
-3318
-3933
-4544
-5044
-5395
-5633
-5549
-5338
-4889
-4139
-3318
-2553
-1949
-1488
-1002
-696
-697
-765
-792
-728
-691
-498
-315
-288
-201
26
527
1017
1313
1655
1766
1745
1775
1848
1924
1909
1773
1769
1750
1672
1647
1452
1289
1364
1466
1173
922
613
382
403
404
311
303
331
445
716
875
902
1057
1025
1073
1095
916
456
-181
-687
-663
-124
722
2027
3504
4848
5648
5725
5376
4629
3325
1852
486
-644
-1616
-2257
-2216
-1637
-657
709
2250
3321
3788
3871
3666
2919
1704
396
-1027
-2221
-2962
-3319
-3059
-2334
-1189
19
1093
2008
2508
2603
2395
1831
941
-179
-1294
-2293
-2983
-3294
-3412
-3049
-2208
-1301
-535
30
411
691
683
297
-334
-1106
-1918
-2714
-3298
-3553
-3596
-3540
-3324
-2736
-2187
-1871
-1437
-1229
-1293
-1489
-1868
-2303
-2746
-3166
-3519
-3546
-3365
-3098
-2870
-2622
-2209
-1898
-1766
-1796
-1918
-1994
-2316
-2626
-2755
-3034
-3225
-3180
-3060
-2917
-2613
-2365
-2102
-2028
-2111
-2037
-1979
-1925
-2225
-2481
-2994
-4011
-5024
-6015
-6984
-7701
-8058
-8014
-7740
-7359
-6720
-5666
-4717
-4066
-3702
-3334
-3175
-3417
-4120
-5065
-6037
-6943
-7601
-7843
-7580
-7343
-6678
-5694
-4680
-3730
-2987
-2532
-2324
-2420
-2652
-3046
-3610
-4173
-4665
-4948
-5105
-5134
-4858
-4312
-3558
-2767
-1945
-1356
-1006
-867
-821
-945
-1101
-1347
-1608
-1672
-1515
-1257
-1222
-1069
-656
-206
236
476
677
935
1152
1227
1016
759
548
320
281
311
492
672
734
618
494
290
103
-45
-288
-521
-669
-710
-826
-834
-765
-777
-736
-435
-262
-364
-547
-591
-751
-1328
-1981
-2563
-2771
-2475
-1521
-261
1134
2410
3315
3725
3448
2765
1687
342
-1077
-2519
-3931
-4881
-5119
-4756
-3612
-2048
-723
259
979
1484
1321
595
-348
-1594
-3099
-4634
-5702
-6255
-6189
-5713
-4879
-3674
-2424
-1328
-672
-266
-260
-783
-1763
-2950
-4056
-5029
-5680
-6183
-6288
-5981
-5338
-4388
-3658
-2889
-2330
-2004
-1829
-2109
-2651
-3312
-4203
-5003
-5546
-5977
-6313
-6210
-5816
-5423
-5013
-4453
-4032
-3738
-3605
-3693
-4063
-4606
-5016
-5353
-5533
-5661
-5704
-5703
-5457
-4934
-4432
-4120
-4080
-4057
-4097
-4254
-4403
-4712
-4979
-5404
-5681
-5553
-5224
-4853
-4738
-4620
-4523
-4338
-4240
-4079
-4003
-4108
-4283
-4577
-5198
-5901
-6836
-7856
-8676
-9309
-9704
-10062
-9986
-9641
-8866
-7988
-7015
-6090
-5404
-4960
-4728
-4845
-5373
-6154
-7022
-7861
-8538
-9206
-9487
-9066
-8165
-7288
-6338
-5340
-4293
-3589
-3374
-3393
-3595
-4051
-4527
-4801
-5224
-5752
-6031
-5817
-5392
-4759
-3907
-3232
-2629
-1917
-1416
-1165
-970
-974
-1146
-1277
-1450
-1646
-1659
-1503
-1236
-895
-519
-274
114
601
920
973
1074
1170
1073
1011
900
831
760
670
643
730
896
1132
1223
1110
918
762
478
350
122
-78
-278
-254
-197
-62
19
175
428
475
429
455
385
50
-787
-1726
-2519
-2876
-2485
-1658
-447
869
1982
2731
2864
2541
1787
837
-105
-1192
-2055
-2478
-2624
-2570
-2032
-749
513
1436
2088
2503
2555
1982
1014
-236
-1639
-2897
-3930
-4252
-3987
-3329
-2369
-1424
-403
481
1199
1707
1854
1634
973
127
-920
-1957
-2708
-3006
-3114
-2920
-2300
-1289
-391
298
993
1315
1347
1255
924
301
-496
-1486
-2213
-2479
-2525
-2533
-2355
-1925
-1370
-723
-256
-110
-50
-230
-514
-946
-1513
-1913
-2303
-2581
-2677
-2744
-2673
-2491
-2122
-1672
-1448
-1422
-1433
-1654
-1975
-2387
-2633
-2901
-2999
-3010
-3150
-3013
-2720
-2476
-2364
-2294
-2290
-2093
-1931
-1976
-2171
-2441
-2941
-3652
-4291
-5219
-6282
-7009
-7539
-7918
-7813
-7392
-6889
-6103
-5174
-4315
-3481
-2844
-2546
-2526
-3009
-3918
-4761
-5488
-6117
-6539
-6726
-6508
-5939
-5076
-4140
-3073
-2170
-1481
-961
-812
-886
-944
-1258
-1866
-2369
-2911
-3059
-2919
-2665
-2242
-1611
-764
64
756
1123
1423
1744
1851
1535
1306
1315
1230
1125
1080
1192
1597
1903
2154
2373
2802
3103
3221
3279
3371
3204
3110
3031
2893
2750
2472
2400
2567
2602
2533
2323
2291
2258
2154
2001
1759
1642
1615
1405
1334
1446
1599
1691
1668
1490
1478
1505
1706
1763
1479
1145
768
560
872
1930
3217
4601
5996
7018
7480
7285
6629
5386
3733
1835
29
-1414
-2712
-3449
-3148
-2121
-643
1138
2922
4548
5459
5718
5400
4352
2865
1307
-444
-2129
-3233
-3796
-3746
-3103
-1926
-694
438
1433
2196
2497
2328
1690
645
-447
-1715
-2862
-3722
-4306
-4593
-4378
-3659
-2731
-1693
-828
-125
250
289
-44
-515
-1206
-2019
-2919
-3555
-4032
-4356
-4261
-3987
-3621
-3227
-2773
-2430
-2389
-2432
-2485
-2625
-2977
-3371
-3557
-3642
-3475
-3245
-2972
-2745
-2431
-2049
-1841
-1739
-1609
-1695
-2030
-2312
-2561
-2627
-2688
-2872
-2852
-2576
-2231
-1979
-1636
-1430
-1398
-1362
-1206
-1180
-1167
-1354
-1959
-2810
-3775
-4720
-5482
-6264
-7010
-7314
-7313
-7024
-6413
-5614
-4757
-3871
-3096
-2472
-2198
-2390
-2838
-3444
-4311
-5300
-6217
-6940
-7338
-7444
-7177
-6533
-5541
-4550
-3617
-2732
-2234
-2050
-2141
-2464
-2876
-3522
-4391
-4870
-5190
-5180
-5031
-4655
-3971
-3264
-2813
-2174
-1502
-987
-750
-761
-807
-796
-868
-979
-1092
-1310
-1385
-1112
-686
-268
197
522
939
1287
1381
1379
1562
1545
1421
1242
1112
1139
1273
1226
1135
1179
1177
1050
951
1092
960
762
506
322
225
5
-77
33
195
453
709
843
974
1037
875
588
141
-535
-1285
-1697
-1617
-1274
-332
761
1942
3039
3591
3420
2640
1587
418
-955
-2305
-3179
-3566
-3572
-3040
-2033
-744
683
1933
2812
3049
2729
2019
1029
-373
-1813
-3136
-4232
-5063
-5098
-4429
-3377
-2193
-962
50
872
1387
1342
1097
545
-485
-1630
-2705
-3561
-3962
-3946
-3544
-2900
-2028
-990
-69
491
823
928
806
517
-202
-1134
-1741
-2254
-2763
-3041
-3084
-2774
-2052
-1456
-965
-497
-199
-158
-363
-602
-841
-1184
-1640
-2092
-2347
-2321
-2275
-2207
-1899
-1525
-1301
-1231
-1209
-1330
-1649
-1821
-1995
-2243
-2336
-2489
-2584
-2638
-2506
-2369
-2237
-2118
-2044
-2053
-1804
-1600
-1643
-1781
-2090
-2662
-3277
-4229
-5343
-6276
-7016
-7596
-7807
-7581
-7072
-6412
-5561
-4627
-3747
-3030
-2547
-2532
-2747
-3103
-3623
-4417
-5341
-6074
-6373
-6337
-6115
-5479
-4530
-3364
-2376
-1634
-1036
-658
-426
-483
-880
-1425
-1868
-2320
-2666
-2905
-2779
-2328
-1688
-977
-300
366
958
1546
2022
2104
1999
1912
1819
1719
1707
1573
1518
1753
2048
2380
2762
2994
3389
3628
3555
3551
3672
3738
3668
3450
3218
3062
3035
3008
2991
2971
2891
2916
3025
3036
2715
2318
2162
2182
2052
1887
1920
1955
1859
1682
1763
2022
2251
2249
2155
2083
1635
1047
573
215
349
1019
1992
3406
4816
5775
6315
6321
5880
5019
3643
2342
984
-281
-1113
-1379
-1140
-415
769
2312
3808
4710
5117
5061
4441
3536
2516
1226
-137
-1210
-1974
-2152
-1801
-1089
-59
1316
2342
3051
3521
3651
3297
2652
1652
642
-292
-1020
-1638
-2076
-1876
-1200
-384
342
1197
1845
2123
2224
2089
1765
1138
318
-393
-1062
-1694
-2022
-1943
-1605
-1321
-1040
-579
-161
244
426
367
63
-274
-712
-1373
-1859
-1927
-1824
-1819
-1718
-1182
-775
-556
-324
-101
-244
-547
-755
-835
-927
-1113
-1379
-1551
-1537
-1301
-1054
-761
-471
-437
-410
-249
-100
-129
-290
-578
-1069
-1602
-2358
-3271
-4136
-5015
-5871
-6059
-5824
-5578
-5007
-4195
-3372
-2649
-1959
-1225
-864
-906
-1425
-2234
-2950
-3626
-4172
-4708
-4931
-4892
-4568
-3889
-3040
-2081
-1111
-443
-125
-99
-230
-475
-1018
-1534
-2050
-2443
-2719
-2825
-2717
-2281
-1365
-393
324
722
967
1373
1760
1828
1672
1476
1314
1349
1277
1301
1527
1705
2039
2380
2740
3056
3287
3443
3480
3488
3574
3538
3513
3380
3202
3162
3187
3293
3314
3309
3389
3241
3012
2870
2714
2627
2568
2327
2019
2001
2222
2181
2081
2260
2454
2506
2384
2485
2536
2273
1792
1108
646
543
868
1788
3143
4510
5577
6333
6590
6191
5259
4198
2898
1499
195
-812
-1367
-1451
-717
418
1647
3154
4256
4663
4581
4155
3619
2590
1148
-248
-1190
-1940
-2298
-2297
-1756
-727
372
1298
2052
2474
2791
2885
2470
1449
298
-597
-1293
-1875
-2236
-2346
-2096
-1272
-305
660
1222
1563
1936
1931
1588
982
259
-564
-1422
-1863
-2094
-2310
-2132
-1834
-1439
-864
-535
-373
-104
-74
-170
-408
-668
-968
-1456
-1841
-1866
-1754
-1596
-1381
-952
-519
-262
-169
-347
-383
-367
-636
-969
-1094
-1189
-1335
-1385
-1319
-1128
-899
-556
-429
-580
-566
-420
-355
-294
-516
-947
-1374
-2162
-2960
-3846
-4766
-5598
-6124
-6207
-6045
-5649
-4968
-3851
-2857
-2248
-1737
-1334
-1213
-1432
-2049
-2872
-3637
-4337
-5067
-5400
-5285
-4774
-3957
-3209
-2490
-1653
-751
-217
-21
-99
-170
-403
-915
-1504
-1952
-2262
-2638
-2481
-1824
-992
-464
33
633
1278
1715
1948
2042
2035
2016
1891
1922
1905
1862
1900
2066
2260
2403
2910
3329
3463
3618
3754
3787
3763
3722
3661
3553
3439
3443
3413
3388
3210
3005
2963
3021
3100
2902
2676
2527
2513
2418
2354
2211
1993
1996
2067
2161
2299
2381
2323
2344
2304
2124
1866
1377
680
349
632
1413
2719
4186
5335
6176
6577
6382
5585
4533
3301
2035
685
-520
-1300
-1456
-1040
36
1468
2819
3960
4781
5148
4992
4265
3162
2069
781
-662
-1749
-2232
-2155
-1665
-894
157
1211
2177
2982
3386
3401
3119
2302
1184
46
-953
-1646
-2018
-2048
-1706
-1107
-375
465
1216
1646
1930
1967
1791
1489
718
-182
-1028
-1534
-1949
-1953
-1825
-1526
-962
-379
69
416
431
309
155
26
-130
-551
-1058
-1386
-1668
-1605
-1220
-930
-854
-753
-301
83
151
235
97
-130
-557
-860
-809
-796
-824
-800
-593
-418
-414
-366
-220
282
468
502
423
43
-371
-936
-1547
-2321
-3171
-3957
-4732
-5320
-5382
-5110
-4754
-4198
-3341
-2402
-1500
-865
-541
-475
-611
-1033
-1679
-2449
-3210
-3999
-4546
-4715
-4347
-3644
-2856
-1944
-1048
-199
290
360
407
415
322
-96
-795
-1224
-1559
-1824
-1731
-1316
-660
102
605
1058
1578
2112
2435
2325
2132
1757
1410
1141
952
1060
1531
2176
2814
2986
2761
2531
2275
1680
1164
770
593
708
1025
1501
2080
2875
3565
4162
4380
4227
3664
2803
1945
1169
609
291
397
935
1943
3192
4511
5671
6553
7042
6998
6638
6003
5118
4166
3495
2973
2662
2569
2993
4082
5388
6957
8604
9780
10397
10317
9452
8161
6655
5011
3261
2011
1113
866
1130
1666
2664
3856
5021
5908
6288
6089
5391
4457
3268
1812
570
-428
-1183
-1472
-1515
-1199
-325
707
1567
2161
2646
2809
2634
2101
1269
303
-857
-2026
-2820
-3126
-3042
-2731
-2306
-1685
-905
37
703
958
957
670
98
-552
-1244
-1777
-2258
-2543
-2505
-2277
-1752
-1104
-515
228
964
1285
1053
935
893
746
504
245
241
302
341
586
1054
1586
1897
2120
2262
2220
2073
1825
1574
1312
1058
904
901
990
988
955
891
1095
1178
1252
1354
1366
1109
977
1003
744
373
-254
-986
-1923
-2888
-3799
-4547
-4922
-4975
-4957
-4493
-3753
-2789
-2031
-1666
-1329
-949
-905
-1413
-2307
-3095
-3992
-5006
-5643
-5852
-5567
-5009
-4370
-3704
-2898
-1985
-1323
-966
-862
-1065
-1529
-2237
-3162
-3850
-4254
-4343
-4166
-3944
-3712
-3292
-2649
-1930
-1133
-668
-154
70
24
-336
-794
-1230
-1696
-2010
-2458
-2610
-2302
-1657
-933
-106
674
1034
1207
1442
1207
709
88
-384
-965
-1576
-1681
-1512
-1146
-710
-150
276
579
748
565
236
-377
-1204
-2032
-2713
-3244
-3464
-3405
-3070
-2566
-2135
-1759
-1482
-1415
-1526
-2030
-3006
-4253
-5510
-6061
-6105
-5435
-3835
-2114
-511
711
1291
1244
341
-976
-2550
-4413
-6247
-7611
-8336
-8513
-7981
-6674
-4817
-3057
-1684
-647
-32
-121
-897
-2064
-3329
-4989
-6356
-7107
-7430
-7245
-6432
-5252
-3680
-2215
-1072
-356
-138
-135
-358
-970
-1817
-2885
-3940
-4782
-5118
-4919
-4339
-3509
-2639
-1683
-669
257
753
902
568
81
-535
-1200
-1899
-2477
-2843
-2926
-2663
-2205
-1637
-1034
-443
35
222
174
44
-258
-635
-1004
-1489
-1925
-1980
-1642
-1344
-1179
-903
-391
33
104
100
201
62
-295
-669
-993
-1104
-1162
-1036
-845
-688
-483
-224
129
405
594
796
862
774
618
369
-2
-637
-1356
-2223
-2984
-3384
-3548
-3534
-3380
-2920
-2214
-1272
-237
659
1591
2146
2132
1764
1182
551
-197
-848
-1283
-1316
-1062
-491
255
1104
2209
3064
3674
4112
4212
4091
3758
3334
2855
2274
1843
1435
1291
1492
1781
2194
2683
3421
3948
4229
4353
4382
4258
3916
3483
3203
2918
2830
2761
2579
2696
3029
3321
3556
3705
3813
3964
3989
3732
3571
3605
3384
3164
2941
2935
2989
3006
2980
3027
3112
3151
2998
2704
2552
2310
2224
2128
2031
1943
1842
1722
1794
1994
2119
2318
2369
2331
2390
2229
1761
1009
486
128
109
504
1623
3076
4370
5405
5937
5942
5471
4571
3581
2549
1479
602
170
22
573
1618
2807
4013
5021
5712
5903
5609
4973
4150
3200
2080
1008
251
-184
-248
306
1218
2232
3445
4226
4810
5200
5029
4653
4049
3234
2221
1244
523
251
424
771
1380
2147
2888
3689
4265
4558
4612
4304
3789
3039
2167
1576
1142
874
663
782
1200
1612
1947
2192
2648
2921
3024
2875
2694
2285
1768
1224
850
772
845
939
1140
1363
1770
2143
2413
2392
2328
2215
2088
1915
1655
1416
1363
1368
1458
1577
1714
1748
2027
2430
2489
2526
2706
2829
2582
2139
1763
1241
526
-352
-1081
-1715
-2291
-2481
-2385
-2064
-1569
-684
196
1076
1823
2346
2492
2281
1763
995
363
-210
-749
-1169
-1242
-1057
-345
470
1376
2181
2787
3224
3434
3401
3178
2778
2108
1322
734
323
15
-35
101
520
1210
1840
2253
2414
2429
2428
2426
2170
1947
1720
1325
1037
917
883
905
905
1137
1478
1565
1671
1721
1749
1807
1730
1637
1599
1446
1207
1013
830
690
745
876
920
962
814
422
60
-198
-308
-406
-636
-769
-842
-922
-809
-584
-381
-320
-366
-464
-481
-478
-648
-1183
-1702
-1934
-1610
-827
409
1823
3228
4347
5064
5113
4233
2762
1115
-528
-2189
-3637
-4578
-4884
-4537
-3397
-1778
-80
1573
2845
3526
3513
3052
2164
824
-860
-2621
-4069
-4924
-5110
-4787
-4027
-2943
-1481
-193
644
1305
1571
1217
421
-638
-1835
-3051
-4236
-4769
-4839
-4801
-4223
-3531
-2559
-1533
-694
-84
116
114
-63
-641
-1371
-2226
-2939
-3451
-3785
-3830
-3670
-3211
-2716
-2272
-1872
-1510
-1276
-1184
-1327
-1472
-1767
-2210
-2512
-2534
-2329
-2125
-1952
-1592
-1085
-577
-246
-7
67
-141
-463
-779
-935
-929
-973
-926
-765
-531
-289
-169
20
457
779
1018
1152
1204
1071
770
312
-368
-1260
-2081
-2837
-3608
-4040
-4294
-4197
-3849
-3302
-2517
-1400
-417
312
775
1014
903
398
-301
-1117
-1845
-2384
-2810
-3140
-3039
-2385
-1580
-708
256
938
1311
1609
1803
1721
1338
766
142
-452
-1114
-1632
-1732
-1595
-1231
-774
-281
325
878
1234
1441
1635
1621
1229
798
375
103
106
129
266
310
395
712
827
1160
1566
1738
1663
1501
1289
1071
1140
1109
963
921
1039
1056
1055
1118
1185
1287
1263
940
691
549
463
264
3
48
59
51
223
375
516
705
928
938
890
728
271
-252
-504
-403
-152
