-5329
-4776
-4266
-4071
-4022
-3862
-3815
-4157
-4472
-4560
-4590
-4766
-4848
-4750
-4649
-4490
-4262
-4100
-3799
-3637
-3510
-3408
-3396
-3451
-3459
-3845
-4471
-5276
-6391
-7390
-8216
-8839
-8963
-8937
-8624
-7879
-6917
-6065
-5362
-4548
-3779
-3523
-3571
-3844
-4289
-5040
-6089
-6981
-7495
-7560
-7235
-6491
-5654
-4783
-3986
-3101
-2414
-2107
-2011
-2232
-2672
-3352
-3998
-4749
-5224
-5393
-5343
-5316
-4997
-4334
-3594
-3046
-2716
-2465
-2590
-3070
-3820
-4655
-5431
-5719
-5509
-5048
-4526
-3459
-2103
-1185
-1162
-1806
-2923
-4542
-6445
-8443
-10188
-11465
-12071
-11793
-10956
-9472
-7672
-6170
-5171
-4697
-5061
-6033
-7386
-9079
-10909
-12402
-13214
-13098
-12193
-10464
-7993
-5319
-2947
-790
723
1464
1375
494
-692
-1960
-3663
-5591
-6838
-7172
-6618
-5139
-2739
363
3068
5166
6495
6702
5847
4273
2205
-205
-2680
-4712
-5908
-6454
-6196
-5260
-3675
-1941
-549
398
707
359
-534
-2130
-4210
-6506
-8443
-9798
-10384
-10243
-9531
-8341
-7175
-5698
-4224
-3407
-3182
-3658
-4590
-5921
-7504
-9127
-10529
-11578
-12303
-12404
-11785
-10614
-9159
-7652
-6440
-5577
-5153
-5035
-5317
-6134
-7418
-8838
-10046
-10972
-11637
-11855
-11484
-10775
-9549
-8462
-7316
-6170
-5283
-4596
-4057
-3662
-3508
-3730
-3879
-3878
-4077
-4157
-3630
-2880
-2366
-1948
-1430
-912
-761
-831
-1042
-1174
-1413
-1681
-1775
-1878
-2069
-2132
-2079
-2124
-1965
-1912
-2074
-2153
-2441
-2710
-2889
-3054
-3315
-3627
-4050
-4569
-5173
-5885
-6403
-6618
-6935
-6989
-6765
-6375
-5680
-5057
-4378
-3769
-3378
-3223
-3473
-4148
-4903
-5679
-6532
-7482
-8276
-8574
-8689
-8562
-7910
-7123
-6306
-5547
-4728
-4215
-4080
-4197
-4602
-4913
-5170
-5502
-5745
-5833
-5613
-5143
-4328
-3417
-2583
-1692
-771
14
528
914
1342
1547
1520
1412
1080
388
-532
-1512
-2531
-3527
-4556
-4636
-3728
-2051
-67
1823
3287
4469
5175
5171
4475
2968
990
-1118
-2916
-3950
-4274
-3630
-2087
-75
1854
3590
5071
5885
6020
5485
4315
2842
1158
-352
-1445
-1874
-1609
-549
1157
3228
5072
6162
6672
6749
6510
6074
5924
5880
5998
6310
6455
6407
6373
6145
5646
4908
3892
2797
1834
850
82
-301
-165
501
1289
2318
3516
4304
4571
4478
3978
3131
1959
741
-344
-1227
-2043
-2368
-2091
-1732
-1150
-332
543
1230
1513
1534
1176
472
-525
-1418
-2265
-3107
-3817
-4207
-4326
-4315
-4064
-3679
-3391
-3214
-3225
-3396
-3590
-3778
-3967
-4138
-4381
-4619
-4616
-4637
-4476
-4116
-3713
-3559
-3404
-3307
-3276
-3269
-3468
-3796
-4200
-4309
-4245
-4205
-4045
-3604
-3064
-2476
-1900
-1398
-1076
-964
-1127
-1201
-1287
-1561
-2011
-2483
-2865
-3272
-3356
-3344
-3233
-3175
-2952
-2414
-2054
-1785
-1620
-1456
-1573
-2010
-2874
-4106
-5332
-6549
-7792
-8987
-9963
-10512
-10710
-10447
-9858
-8739
-7630
-6703
-5765
-5008
-4808
-4914
-5446
-6288
-7308
-8467
-9477
-10042
-10218
-10188
-9795
-9165
-8356
-7453
-6697
-6207
-5878
-5651
-5589
-5871
-6343
-6872
-7465
-7865
-8145
-8344
-8205
-7648
-6933
-6344
-5641
-4834
-4445
-4139
-3764
-3440
-3091
-3018
-3015
-2968
-2790
-2566
-2179
-1634
-1101
-779
-666
-438
-342
-297
-462
-612
-564
-674
-960
-1402
-1573
-1520
-1613
-1516
-1470
-1525
-1600
-1709
-1841
-2013
-2143
-2321
-2680
-3006
-3172
-3174
-3153
-3192
-3024
-2780
-2624
-2565
-2472
-2429
-2281
-2532
-3143
-3856
-4269
-4418
-4136
-3157
-1796
-552
341
746
642
3
-1040
-2466
-4258
-5880
-7143
-8078
-8417
-8102
-7159
-5862
-4437
-3078
-2037
-1544
-1584
-1944
-2818
-4279
-6060
-7460
-8447
-9044
-9150
-8974
-8066
-6737
-5344
-4043
-3254
-2818
-2565
-2690
-3279
-4446
-5601
-6736
-7649
-8254
-8471
-8324
-7766
-7112
-6206
-5015
-3988
-3357
-3154
-3285
-3482
-4000
-4700
-5479
-6200
-6589
-6877
-7044
-6962
-6468
-5761
-5204
-4795
-4391
-4381
-4591
-4927
-4970
-5306
-6006
-6431
-6505
-6500
-6454
-6223
-6074
-5804
-5489
-5278
-5237
-5450
-5677
-5844
-6105
-6374
-6532
-6737
-6661
-6445
-6280
-6017
-5661
-5465
-5396
-5176
-4853
-4726
-4851
-5115
-5442
-5941
-6652
-7468
-8269
-9161
-9965
-10396
-10759
-11018
-10750
-10101
-9203
-8177
-7146
-6205
-5652
-5319
-5379
-5674
-6341
-7196
-7977
-8582
-9123
-9452
-9361
-8775
-7931
-6890
-5855
-4842
-4080
-3368
-3113
-3235
-3428
-3851
-4460
-5109
-5368
-5369
-5249
-5076
-4740
-4058
-3200
-2450
-1794
-1104
-650
-634
-819
-668
-402
-483
-595
-589
-534
-440
-127
185
468
769
1150
1322
1349
1439
1593
1719
1661
1698
1629
1506
1456
1376
1309
1270
1305
1240
969
741
643
529
377
198
-48
-125
-172
-69
26
122
306
466
580
731
746
643
348
-200
-745
-1101
-1207
-928
52
1411
2893
4236
5079
5330
5048
4264
3008
1644
175
-993
-1868
-2527
-2443
-1800
-892
317
1758
2912
3359
3515
3196
2396
1426
290
-892
-2118
-3121
-3473
-3403
-2846
-1644
-490
468
1359
1972
2193
1881
1113
352
-524
-1829
-2982
-3463
-3668
-3743
-3434
-2789
-1956
-1028
-256
389
595
577
166
-592
-1541
-2389
-2976
-3539
-3798
-3763
-3571
-3193
-2767
-2491
-2084
-1650
-1237
-1191
-1494
-1773
-2153
-2505
-2870
-3175
-3389
-3342
-3261
-3037
-2656
-2364
-2080
-1935
-1794
-1718
-2046
-2395
-2516
-2662
-2841
-3090
-3165
-3047
-2853
-2710
-2465
-2171
-1918
-1889
-1931
-1906
-1873
-1966
-2367
-3168
-4045
-4633
-5358
-6379
-7225
-7780
-7841
-7537
-7049
-6362
-5512
-4611
-3723
-3108
-2971
-2997
-3294
-3836
-4825
-5783
-6381
-6937
-7172
-7029
-6762
-6245
-5459
-4327
-3527
-2953
-2354
-2085
-2110
-2304
-2803
-3399
-4041
-4323
-4487
-4653
-4675
-4367
-3596
-2630
-1960
-1412
-820
-342
-103
-145
-260
-409
-683
-885
-964
-899
-854
-563
-138
445
922
1209
1445
1632
1743
1903
1825
1627
1432
1255
1166
1126
1194
1279
1289
1333
1316
1241
1097
1020
879
494
116
204
279
198
50
-9
167
273
351
271
169
297
378
290
-60
-858
-1608
-1842
-1877
-1318
63
1693
3172
4217
4541
4201
3522
2527
1126
-354
-1856
-2961
-3687
-3940
-3509
-2601
-1263
211
1380
2131
2457
2338
1691
674
-787
-2357
-3748
-4850
-5378
-5353
-4785
-3876
-2746
-1647
-455
276
528
414
-86
-716
-1634
-2846
-4022
-5007
-5471
-5457
-5024
-4328
-3369
-2445
-1714
-1140
-837
-859
-1140
-1634
-2294
-3175
-4139
-4781
-5068
-5096
-4960
-4772
-4462
-4067
-3543
-3054
-2819
-2752
-2859
-3182
-3704
-4066
-4389
-4741
-4934
-4866
-4635
-4459
-4158
-3786
-3528
-3433
-3413
-3585
-3754
-4003
-4268
-4448
-4607
-4792
-4743
-4754
-4700
-4378
-3943
-3743
-3738
-3632
-3375
-3256
-3495
-3814
-4273
-4892
-5320
-5962
-7011
-8065
-8861
-9245
-9389
-9372
-9028
-8163
-7203
-6303
-5463
-4624
-4202
-4236
-4542
-4940
-5693
-6559
-7303
-8061
-8528
-8534
-8314
-7889
-7175
-6109
-4910
-4023
-3449
-3238
-3140
-3068
-3480
-4077
-4550
-4966
-5366
-5494
-5349
-5053
-4601
-3870
-2996
-2334
-1943
-1492
-985
-736
-764
-890
-1173
-1506
-1564
-1443
-1258
-1065
-815
-374
156
564
807
1216
1401
1521
1541
1454
1361
1152
971
896
932
1075
1009
1031
1169
1119
863
607
407
323
276
64
-219
-347
-346
-224
-79
148
335
418
491
523
511
309
-113
-748
-1743
-2722
-3311
-3377
-2760
-1702
-498
605
1507
1831
1620
1088
295
-608
-1423
-2145
-2621
-2782
-2504
-1728
-755
432
1346
1864
2025
1961
1328
272
-830
-2116
-3184
-3752
-3968
-3886
-3285
-2327
-1225
-101
835
1630
2031
1982
1619
997
301
-618
-1683
-2486
-2902
-2730
-2101
-1435
-682
198
937
1483
1770
1846
1550
894
219
-427
-1202
-1764
-2189
-2320
-2140
-1821
-1409
-781
-161
241
497
541
451
165
-395
-1100
-1653
-2023
-2365
-2651
-2858
-2854
-2721
-2486
-2215
-2011
-1883
-1945
-2142
-2433
-2815
-3028
-2967
-3055
-3200
-3396
-3410
-3271
-3067
-3166
-3184
-3024
-2680
-2460
-2371
-2560
-2876
-3266
-3859
-4727
-5541
-6420
-7217
-7684
-8030
-8155
-7621
-7082
-6402
-5436
-4638
-3889
-3367
-3128
-3307
-3770
-4323
-4945
-5606
-6149
-6497
-6781
-6584
-5921
-5018
-4027
-3134
-2201
-1442
-897
-589
-648
-869
-1224
-1739
-2265
-2669
-2916
-2872
-2487
-1941
-1347
-734
6
701
1113
1521
1727
1858
1701
1351
1101
982
904
972
1110
1197
1422
1720
2010
2417
2772
2940
2902
2727
2710
2606
2390
2260
2258
2251
2147
2046
2053
2057
1973
1912
1823
1620
1335
1040
896
817
696
705
554
583
641
572
589
595
720
873
862
784
599
478
640
1312
2363
3685
4962
6336
7365
7888
7566
6523
4965
2924
871
-1053
-2900
-4177
-4663
-4214
-2948
-1219
784
2861
4645
5727
6016
5577
4652
3015
948
-991
-2616
-3845
-4522
-4740
-4194
-2969
-1486
7
1262
1991
2364
2157
1484
280
-1063
-2352
-3680
-4822
-5447
-5582
-5227
-4597
-3727
-2550
-1531
-884
-456
-232
-394
-817
-1431
-2262
-3277
-4020
-4535
-4930
-5082
-4945
-4658
-4431
-4098
-3729
-3487
-3414
-3539
-3614
-3585
-3716
-3855
-3759
-3733
-3602
-3159
-2672
-2357
-1904
-1491
-1401
-1414
-1534
-1729
-2003
-2418
-2749
-2883
-2769
-2564
-2222
-1645
-1335
-1017
-842
-810
-758
-717
-622
-675
-975
-1372
-1892
-2650
-3558
-4438
-5402
-6173
-6497
-6461
-6134
-5623
-4830
-4039
-3155
-2180
-1478
-1266
-1356
-1751
-2504
-3524
-4464
-5344
-6028
-6430
-6443
-6113
-5581
-4689
-3654
-2883
-2222
-1666
-1391
-1451
-1931
-2540
-3071
-3551
-4143
-4539
-4776
-4789
-4520
-3904
-3145
-2484
-1855
-1466
-1099
-675
-415
-355
-470
-803
-1075
-1081
-1041
-782
-335
-14
335
634
933
1200
1430
1539
1687
1790
1697
1740
1721
1581
1670
1908
1909
1943
1938
1944
1972
1867
1643
1408
1281
1182
1053
904
919
896
847
784
890
1133
1260
1367
1510
1548
1326
901
107
-789
-1325
-1415
-1099
-427
581
1710
2643
3062
2999
2402
1521
275
-1093
-2078
-3060
-3678
-3572
-2846
-1702
-359
1066
2366
3160
3459
3155
2331
1094
-307
-1764
-3181
-4386
-5148
-5046
-4267
-3196
-1918
-498
726
1525
1977
2075
1861
1121
130
-1017
-2019
-2658
-3021
-3173
-2885
-2087
-1019
4
785
1379
1771
1889
1741
1363
770
-35
-810
-1363
-1570
-1726
-1868
-1761
-1136
-399
118
338
363
592
838
770
426
-89
-452
-842
-1169
-1239
-1339
-1425
-1237
-1030
-844
-895
-911
-975
-1243
-1592
-1846
-1964
-2257
-2464
-2496
-2635
-2422
-2062
-1923
-1828
-1749
-1678
-1662
-1560
-1521
-1553
-1884
-2677
-3473
-4239
-5075
-6169
-7096
-7593
-7835
-7787
-7353
-6557
-5640
-4687
-3715
-2984
-2564
-2427
-2815
-3200
-3684
-4406
-5178
-5766
-6090
-6231
-5769
-5203
-4495
-3496
-2580
-1608
-843
-403
-124
-166
-497
-944
-1467
-1846
-1942
-1987
-2022
-1769
-1080
-255
402
1196
1899
2442
2678
2816
2812
2685
2433
2094
2022
2164
2412
2590
2851
3316
3632
3837
4025
4192
4270
4336
4306
4179
4160
3947
3760
3561
3452
3504
3596
3522
3423
3315
3175
3068
2875
2599
2382
2225
2088
1909
1975
1913
1906
2080
2257
2355
2226
2087
2092
2079
1794
1164
422
-47
-46
719
1900
3127
4589
5798
6384
6386
5760
4786
3632
2284
982
-167
-1034
-1279
-940
-65
1136
2406
3772
4746
5274
5234
4751
3808
2670
1409
99
-978
-1717
-2001
-1536
-796
251
1525
2504
3228
3524
3679
3345
2570
1748
838
-203
-1135
-1695
-1869
-1794
-1321
-399
362
1242
2018
2341
2258
2057
1677
1065
225
-559
-1124
-1674
-2028
-2262
-2239
-1752
-1174
-670
-322
-49
63
-86
-420
-763
-1215
-1638
-1979
-2212
-2288
-2318
-2170
-1743
-1187
-963
-743
-591
-529
-607
-899
-1173
-1307
-1503
-1894
-2018
-1983
-1976
-1782
-1238
-1040
-932
-617
-410
-452
-715
-669
-595
-960
-1687
-2627
-3660
-4551
-5050
-5400
-5738
-6023
-5892
-5385
-4817
-3898
-2699
-2022
-1574
-1281
-1403
-1913
-2596
-3279
-3999
-4646
-5231
-5401
-5259
-4737
-3923
-3105
-2141
-1374
-661
-83
72
-68
-538
-1122
-1736
-2371
-2743
-2855
-2852
-2775
-2404
-1802
-1001
-334
300
884
1185
1279
1108
1133
943
639
540
696
813
913
1170
1493
1879
2236
2636
2992
3098
3087
2985
2949
2955
2886
2739
2561
2574
2664
2662
2567
2506
2619
2665
2430
2377
2165
1735
1579
1474
1486
1558
1475
1638
1736
1725
1701
1838
1846
1769
1748
1612
1226
681
28
-456
-115
853
2379
3970
5271
6100
6240
5825
5121
4017
2643
1365
172
-941
-1762
-1926
-1283
-81
1439
2828
3837
4453
4619
4125
3323
2185
891
-406
-1746
-2630
-3027
-2837
-2198
-1283
-131
974
1732
2098
2426
2332
1772
950
-44
-1129
-2123
-2939
-3214
-2970
-2464
-1618
-778
46
698
1183
1467
1407
1094
477
-126
-900
-1731
-2398
-2846
-2880
-2566
-2072
-1546
-952
-481
-221
-231
-246
-386
-758
-1257
-1627
-1925
-2153
-2146
-1934
-1833
-1737
-1458
-1120
-743
-596
-604
-700
-700
-912
-1205
-1433
-1663
-1724
-1672
-1525
-1356
-1192
-1027
-911
-874
-678
-520
-477
-499
-717
-1208
-1825
-2525
-3360
-4239
-5060
-5684
-5898
-6029
-6004
-5708
-5027
-4147
-3197
-2352
-1934
-1703
-1572
-1808
-2359
-3033
-3767
-4429
-4924
-5167
-5122
-4825
-4300
-3670
-2759
-1650
-938
-578
-224
-97
-383
-799
-1238
-1877
-2484
-2914
-2896
-2527
-2146
-1378
-650
-59
587
1224
1778
2064
2219
2108
1980
1915
1886
1872
1812
1773
1950
2251
2654
3173
3481
3682
3762
3900
4085
4073
4079
4113
3738
3530
3729
3867
3832
3640
3506
3547
3530
3486
3386
3144
2915
2697
2572
2681
2581
2499
2521
2571
2563
2551
2588
2812
2803
2835
2667
2162
1388
714
547
803
1545
2719
4150
5566
6473
6875
6750
6129
4992
3640
2299
1026
78
-553
-918
-710
333
1779
3239
4438
5147
5411
5266
4687
3631
2224
938
-266
-1282
-1922
-1893
-1272
-318
764
1776
2744
3395
3800
3878
3379
2541
1539
451
-595
-1434
-1745
-1672
-1355
-888
-103
946
1948
2423
2639
2562
2300
1773
1104
413
-469
-1060
-1317
-1486
-1490
-1289
-866
-359
285
713
880
831
690
432
28
-331
-626
-790
-1061
-1203
-1107
-792
-484
-254
108
394
550
567
385
44
-348
-451
-755
-938
-862
-774
-569
-396
-68
230
465
590
532
444
327
307
90
-457
-1055
-2016
-2888
-3782
-4518
-4952
-5207
-5127
-4589
-3827
-3188
-2469
-1664
-861
-478
-438
-631
-1029
-1722
-2476
-3211
-3743
-4296
-4729
-4591
-3905
-2869
-1765
-899
-147
452
860
830
489
180
-141
-660
-1115
-1459
-1664
-1587
-1223
-675
-158
558
1335
1910
2158
2287
2270
2065
1691
1222
1050
1195
1352
1680
2074
2419
2831
3006
2711
2162
1642
1089
535
326
322
582
1205
1994
2780
3344
3777
3904
3696
3225
2556
1686
781
223
54
210
888
2018
3145
4295
5482
6387
6833
6714
6421
5751
4995
4247
3373
2604
2304
2369
2705
3676
5169
6956
8483
9599
10270
10074
9322
8091
6350
4594
3051
1785
958
539
567
1230
2428
3736
4799
5534
5888
5744
5401
4528
3001
1449
182
-787
-1566
-1983
-1974
-1359
-448
468
1419
2098
2505
2598
2480
2016
1094
71
-991
-2068
-2872
-3272
-3297
-3110
-2431
-1672
-1007
-257
356
754
782
616
117
-609
-1448
-2167
-2642
-2848
-2755
-2470
-1874
-1268
-706
-178
358
790
1009
1079
1066
729
189
-133
-51
137
320
600
939
1387
1688
1775
1870
1840
1863
1891
1750
1486
1260
919
679
533
709
843
898
1043
1239
1275
1133
1048
914
983
935
751
423
-181
-1192
-2246
-2949
-3636
-4429
-4983
-5098
-4924
-4618
-3925
-3050
-2191
-1508
-1094
-843
-825
-1464
-2269
-2981
-3692
-4310
-4888
-5073
-5026
-4790
-4137
-3291
-2405
-1562
-1086
-815
-739
-751
-1061
-1637
-2364
-3074
-3690
-4023
-3908
-3582
-3056
-2535
-1870
-1411
-872
-176
249
354
198
-43
-166
-596
-1073
-1552
-1820
-1873
-1610
-1107
-423
291
1019
1445
1801
1960
1743
1243
582
-155
-784
-1264
-1285
-1131
-875
-479
-47
551
1181
1406
1205
894
341
-386
-1194
-2017
-2534
-2729
-2807
-2583
-1996
-1571
-1153
-678
-481
-632
-1212
-2088
-3221
-4467
-5264
-5413
-4799
-3447
-1591
232
1550
2059
1837
1056
-139
-1854
-3768
-5384
-6817
-7622
-7705
-6906
-5636
-4270
-2557
-1030
188
830
673
-78
-1233
-2624
-4087
-5594
-6878
-7263
-6699
-5705
-4562
-3225
-1832
-744
160
808
934
516
-367
-1431
-2355
-3260
-3932
-4331
-4226
-3698
-2831
-1739
-656
276
1084
1463
1609
1501
927
76
-644
-1199
-1617
-1883
-2001
-1871
-1554
-942
-335
37
464
750
764
565
209
10
-463
-903
-1146
-1355
-1504
-1334
-949
-513
-103
219
433
539
413
256
51
-128
-309
-614
-772
-801
-620
-175
98
286
505
606
794
1222
1551
1580
1379
1081
498
-287
-1157
-1791
-2483
-2988
-3293
-3351
-3043
-2515
-1765
-870
-51
823
1661
2143
2019
1777
1393
896
308
-297
-856
-1068
-823
-474
336
1358
2304
3123
3674
4079
4304
4246
4018
3543
2950
2495
2131
1780
1622
1709
1967
2546
3057
3425
3734
4065
4286
4480
4334
4008
3655
3306
3087
2943
2666
2579
2748
2914
3124
3385
3538
3717
3872
3958
3889
3830
3655
3441
3047
2800
2741
2944
3057
3026
2949
2925
2880
2709
2540
2254
2032
1967
1906
1810
1595
1556
1528
1670
2030
2407
2433
2365
2336
2251
1993
1686
1066
435
86
153
1051
2501
4059
5434
6502
6945
6685
5904
4991
3857
2644
1442
324
-302
-469
122
1181
2270
3523
4740
5759
6243
6078
5387
4386
3158
1792
664
-155
-648
-659
-200
686
1768
2801
3645
4310
4699
4820
4406
3623
2555
1592
651
36
-281
-381
-124
637
1434
2181
3043
3779
4208
4006
3621
3183
2590
1739
956
379
136
-71
-32
230
716
1202
1686
2073
2270
2495
2293
1917
1712
1390
1066
617
289
474
796
1078
1353
1659
2070
2418
2500
2507
2436
2168
1724
1549
1512
1501
1597
1645
1688
2059
2371
2309
2321
2511
2920
2997
2976
2791
2528
2123
1484
782
18
-762
-1476
-2182
-2604
-2521
-2075
-1272
-345
498
1413
2230
2630
2643
2430
1819
1104
363
-390
-968
-1264
-1253
-887
-312
429
1159
1809
2451
3031
3395
3383
2978
2364
1653
880
300
-137
-438
-552
-219
284
712
1160
1505
1959
2254
2231
2190
2090
1641
1159
808
684
632
493
471
604
966
1287
1629
1832
1649
1431
1374
1427
1295
1175
1047
927
719
573
528
586
845
850
831
790
580
227
-71
-436
-552
-647
-775
-757
-687
-642
-449
-249
-216
-162
-196
-327
-454
-722
-1311
-1947
-2383
-2494
-1969
-786
669
2096
3355
4157
4214
3696
2697
1317
-178
-1621
-2861
-3687
-4046
-3806
-3038
-1791
-380
883
1819
2434
2610
2188
1313
269
-1046
-2432
-3617
-4504
-4793
-4505
-3758
-2577
-1321
-153
736
1161
1270
886
232
-622
-1702
-2720
-3548
-4035
-4313
-4095
-3513
-2705
-1653
-632
148
479
791
631
135
-376
-998
-1821
-2500
-3050
-3277
-3137
-2913
-2484
-2022
-1279
-744
-386
-208
-237
-399
-611
-1041
-1575
-1782
-1874
-1877
-1785
-1497
-1137
-818
-420
-115
120
188
129
-35
-210
-394
-486
-626
-708
-805
-754
-353
86
331
388
507
709
861
943
962
694
332
-228
-997
-1773
-2676
-3563
-4119
-4290
-4140
-3837
-3343
-2517
-1696
-862
-64
545
839
714
385
-208
-951
-1679
-2374
-2759
-2588
-2390
-2114
-1559
-694
226
1157
1922
2215
2211
2146
1751
1154
508
-248
-689
-906
-1031
-924
-604
-261
138
777
1360
1687
1836
1865
1770
1455
994
784
603
356
320
288
579
942
1147
1354
1524
1812
2019
1965
1856
1710
1643
1660
1354
1064
1135
1273
1255
1273
1333
1309
1099
993
892
711
584
485
217
114
149
202
261
357
417
557
444
308
358
432
544
233
-236
-399
-74
674
