-4718
-4379
-4076
-3803
-3625
-3572
-3529
-3657
-3888
-4072
-4254
-4373
-4392
-4523
-4489
-4204
-3778
-3561
-3529
-3395
-2952
-2633
-2697
-2803
-2937
-3392
-4077
-5042
-5980
-6672
-7494
-8057
-8334
-8369
-8079
-7574
-6689
-5529
-4559
-3757
-3246
-2982
-3009
-3391
-4033
-4852
-5709
-6552
-6956
-7004
-6801
-6147
-5390
-4497
-3536
-2738
-2083
-1667
-1458
-1662
-2370
-3079
-3815
-4437
-4864
-5098
-5214
-5033
-4713
-4238
-3730
-3205
-2756
-2327
-2211
-2459
-3011
-3934
-4825
-5342
-5261
-4921
-4295
-3296
-2019
-991
-759
-1219
-2243
-3768
-5660
-7639
-9354
-10857
-11709
-11523
-10436
-8935
-7282
-5812
-4658
-4160
-4364
-5248
-6834
-8577
-10323
-12042
-12978
-12965
-11927
-10169
-7972
-5272
-2752
-736
747
1618
1742
1039
-173
-1652
-3332
-5037
-6365
-6762
-6107
-4377
-1802
977
3542
5728
6917
7062
6265
4750
2801
572
-1789
-3843
-5128
-5618
-5424
-4611
-3158
-1531
-179
789
1197
867
-251
-1853
-3824
-5879
-7763
-9205
-9963
-10051
-9466
-8078
-6468
-4928
-3705
-3022
-2893
-3424
-4330
-5441
-6910
-8541
-10016
-11038
-11600
-11630
-11071
-10078
-8745
-7309
-6025
-5200
-4782
-4600
-4883
-5770
-6906
-8059
-9390
-10464
-11239
-11395
-11032
-10582
-9490
-8124
-6855
-5719
-4791
-3988
-3563
-3330
-3250
-3387
-3426
-3592
-3765
-3567
-3032
-2675
-2206
-1579
-1041
-604
-424
-430
-763
-1015
-1116
-1272
-1392
-1437
-1537
-1630
-1771
-1668
-1554
-1650
-1810
-1764
-2073
-2311
-2446
-2619
-2686
-3143
-3693
-4323
-5065
-5747
-6338
-6675
-6786
-6764
-6608
-6106
-5461
-4679
-4021
-3287
-2904
-2936
-3327
-3955
-4602
-5422
-6202
-6798
-7571
-8264
-8367
-7956
-7284
-6411
-5796
-5282
-4553
-4076
-3798
-3854
-4113
-4536
-4998
-5355
-5425
-5367
-5078
-4509
-3844
-3111
-2212
-1191
-334
285
907
1218
1489
1779
1927
1898
1459
638
-279
-1122
-2219
-3302
-4161
-4300
-3414
-1820
103
2029
3764
5030
5607
5562
4862
3261
1177
-824
-2532
-3566
-3913
-3427
-2136
-320
1689
3592
5246
6149
6312
5806
4707
3149
1456
-128
-1296
-1712
-1451
-595
1186
3221
5037
6275
6866
6957
6828
6495
6113
5987
6141
6530
6856
6983
6917
6652
6204
5401
4394
3172
1877
784
165
-65
-63
597
1690
2656
3490
4259
4876
4870
4254
3491
2515
1216
-171
-1369
-2178
-2279
-2137
-1570
-841
40
931
1418
1781
1829
1495
905
110
-846
-1815
-2716
-3349
-3813
-3992
-3848
-3726
-3661
-3469
-3140
-2883
-2856
-3069
-3357
-3671
-3947
-4116
-4185
-4291
-4425
-4173
-3717
-3477
-3282
-3044
-2922
-3011
-3014
-3128
-3392
-3501
-3762
-3873
-3702
-3584
-3296
-2843
-2250
-1714
-1321
-957
-637
-667
-872
-1027
-1358
-1822
-2377
-2767
-2959
-3145
-3172
-2952
-2918
-2685
-2215
-1815
-1548
-1406
-1424
-1607
-2072
-2751
-3670
-4892
-6278
-7750
-8960
-9832
-10243
-10351
-10187
-9661
-8795
-7728
-6326
-5191
-4797
-4525
-4669
-5101
-5910
-6889
-7974
-9018
-9628
-10046
-10145
-9548
-8758
-7885
-7119
-6374
-5418
-4948
-5031
-5447
-5957
-6405
-6971
-7621
-8144
-8258
-8120
-7885
-7562
-7063
-6218
-5400
-4720
-4117
-3706
-3528
-3290
-3199
-3111
-2848
-2692
-2381
-2189
-1902
-1450
-947
-673
-408
-118
34
31
-132
-332
-544
-741
-843
-1057
-1373
-1288
-1236
-1218
-1232
-1236
-1260
-1462
-1517
-1709
-1908
-2049
-2402
-2640
-2846
-2953
-2925
-2911
-2809
-2832
-2831
-2529
-2281
-2188
-2250
-2549
-3229
-4028
-4321
-4352
-4017
-2946
-1723
-436
665
1185
1075
355
-693
-2081
-3841
-5540
-7028
-7883
-8226
-7866
-6952
-5804
-4295
-2801
-1797
-1422
-1460
-1808
-2615
-3889
-5494
-7041
-8166
-8942
-9249
-8854
-7821
-6629
-5454
-4278
-3165
-2510
-2185
-2413
-3212
-4310
-5577
-6831
-7771
-8405
-8558
-8288
-7759
-6802
-5783
-4912
-4092
-3461
-3028
-3002
-3235
-3736
-4569
-5451
-6127
-6568
-6989
-7095
-6954
-6530
-5949
-5333
-4905
-4505
-4423
-4660
-4931
-5289
-5749
-6074
-6264
-6385
-6373
-6483
-6465
-6084
-5756
-5491
-5313
-5280
-5080
-5241
-5661
-6036
-6472
-6705
-6719
-6605
-6459
-6274
-6041
-5790
-5466
-5409
-5348
-5076
-4820
-4774
-4964
-5448
-5944
-6803
-7733
-8508
-9198
-9819
-10497
-10938
-11045
-10745
-10206
-9399
-8320
-7185
-6232
-5519
-5173
-5162
-5660
-6664
-7549
-8235
-8814
-9287
-9600
-9445
-8634
-7746
-6869
-5887
-4861
-3907
-3267
-3108
-3226
-3502
-3987
-4590
-5030
-5393
-5679
-5842
-5642
-5095
-4389
-3628
-2688
-2075
-1546
-1114
-887
-783
-894
-892
-759
-832
-1038
-965
-789
-508
-71
424
843
1109
1268
1339
1559
1625
1584
1718
1632
1346
1246
1241
1341
1317
1206
1267
1245
1066
901
818
639
529
306
7
-127
-234
-156
166
354
296
438
599
757
871
831
521
96
-282
-777
-937
-582
257
1455
3020
4434
5299
5660
5400
4423
3028
1735
410
-976
-1982
-2501
-2466
-1914
-941
363
1808
2930
3495
3624
3345
2724
1772
486
-938
-2300
-3187
-3427
-3395
-2801
-1749
-645
468
1390
1939
2316
2367
1672
630
-575
-1661
-2671
-3422
-3782
-3678
-3213
-2572
-1789
-955
-241
251
527
453
23
-650
-1413
-2148
-2848
-3507
-3806
-3809
-3717
-3435
-2870
-2163
-1771
-1632
-1419
-1463
-1606
-1818
-2212
-2579
-2973
-3116
-3228
-3325
-3138
-2843
-2485
-2091
-1761
-1543
-1496
-1591
-1822
-2046
-2320
-2609
-2912
-3171
-3170
-2985
-2732
-2378
-2061
-1921
-1919
-1836
-1789
-1751
-1714
-1846
-2184
-2901
-3814
-4753
-5609
-6347
-7152
-7736
-7901
-7591
-7230
-6522
-5544
-4602
-3735
-3090
-2661
-2733
-3157
-3880
-4660
-5541
-6404
-7192
-7492
-7435
-6886
-6191
-5377
-4381
-3494
-2765
-2320
-2024
-1902
-2262
-2751
-3246
-3963
-4672
-5005
-4836
-4649
-4223
-3614
-3034
-2299
-1654
-1091
-723
-550
-545
-621
-717
-953
-1184
-1294
-1128
-876
-763
-637
-359
140
468
881
956
877
1035
1132
1065
992
989
987
987
954
950
991
1005
1047
894
592
501
393
78
-304
-485
-719
-675
-574
-535
-564
-800
-780
-630
-541
-419
-321
-509
-900
-1500
-2057
-2456
-2393
-1778
-558
1021
2572
3661
4043
3894
3361
2184
617
-1036
-2406
-3514
-4398
-4627
-4120
-3233
-2133
-769
541
1507
1979
1747
1124
167
-1165
-2982
-4560
-5563
-6088
-6229
-5813
-4711
-3344
-2023
-1079
-409
-52
-124
-544
-1377
-2367
-3377
-4417
-5430
-5983
-6081
-5916
-5194
-4139
-3197
-2398
-1744
-1360
-1433
-1837
-2394
-3022
-3826
-4733
-5426
-5680
-5809
-5827
-5750
-5472
-4824
-4178
-3769
-3494
-3249
-3358
-3771
-4206
-4512
-4766
-5141
-5338
-5221
-5062
-4991
-4652
-4126
-3645
-3446
-3545
-3573
-3682
-3913
-4076
-4354
-4615
-4744
-4967
-4936
-4579
-4231
-4119
-4098
-3970
-3621
-3362
-3393
-3547
-3867
-4286
-4674
-5284
-6145
-7109
-8006
-8625
-9009
-9345
-9253
-8765
-7998
-7198
-6444
-5622
-4758
-4154
-4077
-4283
-4879
-5897
-6760
-7386
-7907
-8386
-8557
-8096
-7267
-6556
-5741
-4653
-3507
-2847
-2682
-2636
-2857
-3156
-3675
-4140
-4460
-4794
-4975
-4899
-4542
-3837
-3058
-2438
-1802
-1163
-596
-256
-197
-330
-342
-498
-784
-797
-783
-613
-393
-37
509
967
1249
1538
1824
2038
2003
1916
1880
1734
1679
1753
1718
1608
1531
1557
1765
1827
1833
1688
1617
1455
1126
889
715
466
371
462
531
629
725
905
1106
1292
1197
1030
812
458
-294
-1285
-2254
-2833
-2838
-2086
-985
199
1302
2129
2405
2153
1629
919
86
-799
-1629
-2001
-2071
-1728
-1067
37
1083
1871
2506
2699
2439
1681
811
-128
-1286
-2217
-2869
-3159
-2967
-2367
-1638
-483
705
1666
2437
2781
2719
2289
1595
738
-206
-1097
-1867
-2227
-2085
-1581
-923
47
924
1571
2066
2454
2538
2217
1776
1181
351
-560
-1371
-1745
-1845
-1685
-1254
-830
-199
512
964
1165
1154
836
554
70
-566
-1178
-1609
-2010
-2402
-2438
-2373
-2314
-2118
-1868
-1683
-1604
-1542
-1415
-1693
-2127
-2356
-2511
-2705
-2859
-2871
-2906
-2994
-3153
-2951
-2595
-2513
-2549
-2328
-2240
-2258
-2454
-2907
-3477
-4142
-5080
-6142
-6999
-7570
-8005
-8115
-7802
-7154
-6417
-5514
-4474
-3678
-3227
-2890
-2822
-3122
-3744
-4389
-5037
-5905
-6511
-6582
-6253
-5745
-5072
-4141
-3027
-2007
-1352
-967
-811
-820
-886
-1139
-1519
-1912
-2460
-2654
-2533
-2454
-2070
-1324
-406
463
1124
1636
1875
1941
1824
1606
1355
1145
1253
1129
942
1043
1440
1742
2025
2321
2543
2791
2893
2989
3004
2999
2838
2677
2566
2357
2011
1969
1975
1989
1850
1695
1681
1661
1436
1068
1046
1063
798
612
589
616
583
611
623
791
838
789
981
1116
1048
725
455
630
1449
2495
3758
5224
6591
7638
8018
7678
6775
5325
3329
849
-1478
-3135
-4417
-4952
-4601
-3391
-1528
696
2890
4710
5957
6348
5841
4754
3231
1210
-885
-2551
-3849
-4756
-5004
-4508
-3423
-1941
-428
769
1612
2358
2429
1814
669
-791
-2270
-3685
-4826
-5589
-5883
-5605
-4835
-3861
-2841
-2038
-1155
-681
-435
-384
-804
-1548
-2354
-3283
-4217
-4808
-5131
-5235
-5111
-4955
-4662
-4170
-3745
-3571
-3482
-3522
-3691
-3779
-3857
-3842
-3927
-3949
-3840
-3471
-2903
-2557
-2393
-2223
-1990
-1997
-2031
-1990
-2032
-2168
-2416
-2699
-2779
-2674
-2398
-2024
-1539
-1354
-1153
-955
-768
-644
-583
-832
-1351
-1811
-2421
-3272
-4241
-5257
-6130
-6921
-7326
-7209
-6761
-6127
-5459
-4705
-3878
-2882
-2178
-1886
-1769
-2044
-2764
-3747
-4794
-5737
-6323
-6809
-7088
-6775
-6082
-5313
-4509
-3725
-2863
-2228
-1958
-2031
-2580
-3266
-3891
-4635
-5080
-5398
-5556
-5408
-5126
-4707
-3931
-3097
-2306
-1836
-1523
-1076
-935
-928
-1105
-1298
-1401
-1442
-1368
-1293
-992
-488
-206
98
509
952
1257
1352
1246
1283
1396
1479
1412
1342
1432
1606
1686
1689
1628
1687
1644
1442
1282
1154
768
500
442
561
714
761
808
888
1110
1238
1104
1022
1168
1359
1299
851
68
-857
-1396
-1625
-1368
-552
461
1496
2447
3038
3210
2656
1543
299
-1034
-2279
-3351
-3950
-3946
-3250
-1989
-409
1218
2407
3106
3362
2972
2234
1261
-282
-1878
-3413
-4824
-5443
-5425
-4708
-3389
-2033
-747
546
1538
1953
1920
1525
1028
327
-749
-1945
-2782
-3079
-2997
-2629
-1981
-1304
-442
499
1425
2035
2115
1819
1251
587
-105
-742
-1418
-1837
-2071
-2005
-1605
-1288
-803
-229
319
612
722
758
465
14
-251
-517
-713
-1010
-1310
-1550
-1576
-1238
-822
-719
-832
-956
-1105
-1271
-1480
-1866
-2093
-2250
-2529
-2831
-2821
-2732
-2480
-2152
-1892
-1889
-1764
-1596
-1652
-1910
-2254
-2539
-2924
-3603
-4464
-5328
-6209
-7162
-7859
-8027
-7878
-7365
-6629
-6017
-5315
-4383
-3429
-2843
-2570
-2604
-3172
-4066
-4821
-5491
-6072
-6353
-6378
-6038
-5236
-4504
-3670
-2486
-1427
-711
-334
-182
-325
-649
-991
-1389
-1735
-2075
-2288
-2120
-1795
-1343
-623
264
972
1366
1892
2333
2583
2759
2719
2646
2422
2170
2110
2164
2276
2620
2996
3495
3739
3830
3999
4278
4284
4211
4122
4003
3901
3896
3717
3702
3662
3445
3401
3437
3439
3369
3249
3067
2767
2487
2302
2110
1988
2029
1954
1953
2214
2455
2386
2200
2244
2220
2113
1804
1289
662
168
299
994
2060
3324
4688
5986
6670
6607
5946
4883
3635
2310
1056
-40
-919
-1296
-1089
-238
940
2346
3563
4514
5142
5296
4882
3987
2807
1510
293
-803
-1568
-1680
-1291
-510
367
1440
2466
3316
3917
3946
3592
2973
2172
1098
-5
-955
-1700
-1892
-1768
-1200
-348
408
1038
1852
2518
2620
2259
1795
1029
215
-619
-1160
-1593
-2015
-2142
-1905
-1484
-970
-559
-53
277
261
136
-233
-718
-1120
-1522
-1888
-2067
-2247
-2223
-1989
-1699
-1334
-934
-745
-678
-623
-707
-999
-1195
-1382
-1530
-1602
-1718
-1842
-1717
-1579
-1407
-1197
-911
-638
-470
-412
-598
-775
-1002
-1405
-2155
-2918
-3797
-4613
-5396
-6055
-6388
-6317
-6082
-5684
-4921
-4096
-3188
-2237
-1555
-1105
-1140
-1701
-2552
-3272
-3847
-4598
-5481
-5790
-5512
-4985
-4214
-3337
-2434
-1801
-1301
-854
-523
-459
-846
-1347
-1978
-2496
-2897
-3258
-3313
-3053
-2520
-1822
-1280
-480
295
850
1200
1205
1080
848
565
479
440
514
529
604
799
1050
1286
1579
1982
2346
2516
2611
2661
2534
2295
2068
2035
2130
2046
1770
1802
1900
1980
2117
2102
1874
1600
1327
1239
1255
1044
1026
1015
920
878
961
1158
1347
1366
1352
1435
1368
1184
681
-4
-356
-392
-116
570
1968
3580
4935
5707
5924
5565
4636
3412
2050
571
-788
-1751
-2229
-2301
-1919
-933
513
2058
3254
3941
4046
3663
2964
1727
266
-1098
-2299
-3134
-3578
-3547
-2883
-1865
-699
422
1242
1829
2034
1840
1250
423
-441
-1507
-2556
-3249
-3572
-3468
-3024
-2412
-1612
-689
196
774
992
878
542
96
-550
-1383
-2182
-2827
-3176
-3160
-2896
-2542
-2218
-1735
-1368
-1010
-700
-522
-657
-983
-1443
-1857
-2176
-2298
-2350
-2206
-2047
-1909
-1557
-1040
-774
-792
-754
-664
-806
-1149
-1490
-1668
-1871
-1902
-1859
-1784
-1542
-1198
-893
-859
-869
-793
-709
-617
-707
-738
-1033
-1638
-2357
-3197
-4117
-5094
-5862
-6317
-6462
-6281
-5853
-5048
-4233
-3347
-2484
-2008
-1733
-1612
-1922
-2444
-3124
-3903
-4502
-4963
-5474
-5442
-4794
-3934
-3278
-2505
-1445
-695
-236
-11
84
-5
-295
-748
-1255
-1794
-2216
-2304
-2128
-1571
-975
-229
604
1286
1885
2225
2456
2412
2367
2354
2207
2195
2114
2030
2181
2483
2811
3234
3514
3720
4082
4340
4413
4298
4319
4398
4415
4321
4165
4069
3973
3822
3756
3748
3798
3807
3668
3599
3344
3232
3233
3046
2867
2620
2497
2722
2871
2880
2982
3214
3254
3196
3091
2981
2546
1977
1529
1227
1429
2075
3092
4489
5873
6988
7497
7333
6544
5501
4206
2768
1458
313
-444
-636
-214
755
2062
3452
4542
5247
5566
5484
4962
3978
2691
1240
-23
-1168
-1848
-1681
-1054
-225
806
1867
2784
3419
3715
3796
3563
2896
1916
774
-218
-846
-1267
-1317
-986
-425
240
1003
1720
2353
2704
2776
2522
1928
1207
455
-231
-858
-1359
-1560
-1541
-1197
-611
-54
296
636
883
852
620
446
171
-274
-752
-970
-1039
-1003
-818
-630
-471
-107
244
551
772
628
328
63
-216
-470
-792
-903
-873
-797
-670
-407
-157
95
151
234
253
354
398
425
275
-345
-1214
-2199
-3006
-3891
-4696
-5190
-5436
-5320
-5020
-4576
-3813
-2865
-1851
-893
-357
-392
-647
-1060
-1681
-2537
-3297
-3819
-4143
-4278
-4249
-3692
-3001
-2212
-1136
-289
292
526
798
665
192
-408
-1023
-1411
-1732
-1818
-1637
-1383
-1028
-562
171
859
1428
1751
1903
1953
1740
1472
1121
963
1051
1267
1596
1846
2267
2656
2796
2699
2297
1701
1121
607
172
-41
31
538
1257
2183
2943
3471
3716
3667
3097
2302
1391
519
-103
-400
-323
292
1437
2698
3783
4949
5897
6385
6329
5947
5328
4541
3730
2945
2373
2026
2059
2460
3455
4872
6595
8225
9452
9938
9826
9182
7918
6227
4536
2827
1315
333
-63
141
943
2014
3062
4174
5125
5562
5473
4987
4045
2866
1570
65
-1274
-2137
-2490
-2387
-1797
-942
66
1012
1668
2160
2380
2382
2089
1216
42
-1177
-2309
-3208
-3737
-3887
-3642
-2954
-2084
-1254
-390
276
462
292
-22
-379
-1017
-1759
-2388
-2790
-3050
-3113
-2848
-2161
-1374
-631
-138
294
752
850
778
833
613
226
-108
-281
-260
38
365
792
1269
1694
1916
2007
2038
1970
1713
1526
1267
1061
871
721
520
493
529
859
1152
1361
1394
1228
1178
1198
1054
957
694
344
-344
-1251
-2221
-3245
-4025
-4662
-5055
-5093
-4884
-4598
-3984
-3134
-2253
-1599
-1079
-768
-721
-927
-1697
-2666
-3522
-4389
-5004
-5147
-5023
-4584
-3697
-3026
-2379
-1699
-895
-516
-573
-914
-1273
-1673
-2379
-3073
-3434
-3743
-3875
-3779
-3387
-2613
-1898
-1355
-721
-252
87
449
569
343
-24
-558
-1116
-1473
-1653
-1812
-1576
-1060
-320
339
1095
1727
2175
2193
1884
1489
714
-34
-595
-916
-934
-965
-821
-251
372
908
1357
1550
1415
1012
467
-171
-794
-1506
-2099
-2425
-2414
-2267
-1916
-1360
-681
-252
-154
-372
-1033
-2023
-3219
-4382
-5144
-5221
-4505
-2915
-1186
357
1635
2245
2034
1285
-6
-1475
-3223
-5104
-6568
-7299
-7563
-6950
-5515
-3843
-2060
-582
421
769
640
177
-840
-2367
-4074
-5448
-6385
-6705
-6473
-5704
-4489
-3090
-1597
-474
407
1059
1168
712
119
-774
-1994
-3055
-3654
-3824
-3748
-3291
-2484
-1353
-417
353
1026
1636
1806
1370
889
282
-411
-1045
-1422
-1680
-1862
-1782
-1499
-1004
-302
303
756
869
995
938
778
446
-78
-411
-774
-959
-1008
-771
-443
-97
248
621
935
1008
885
740
307
-91
-306
-466
-493
-473
-252
100
451
642
674
854
1090
1169
1242
1448
1495
1097
459
-222
-918
-1610
-2502
-3220
-3466
-3418
-3035
-2385
-1555
-735
126
980
1745
2211
2442
2368
1975
1382
584
-53
-474
-548
-454
-194
456
1467
2547
3530
4256
4600
4700
4628
4259
3845
3346
2820
2424
2206
2049
1884
2055
2523
3331
3996
4322
4453
4487
4532
4495
4281
4028
3786
3332
3029
2895
2881
3029
3340
3659
3817
3883
3923
4114
4137
3908
3817
3781
3436
3113
3065
2984
2957
3002
3068
3106
3174
3110
2949
2804
2672
2467
2162
1812
1633
1647
1703
1896
2023
1973
1875
1956
2248
2389
2288
2041
1755
1314
744
432
756
1555
2688
4260
5689
6462
6836
6877
6291
5159
3879
2692
1532
661
-108
-338
199
1179
2394
3602
4781
5669
5975
5854
5439
4574
3386
1929
606
-361
-893
-808
-71
854
1896
2889
3800
4403
4715
4751
4449
3674
2745
1691
878
192
-317
-397
-6
645
1352
2177
2985
3420
3701
3773
3496
2910
2291
1560
893
357
-19
-180
-83
330
795
1141
1653
2119
2262
2252
2048
1753
1505
1040
672
577
489
441
583
762
1102
1465
1859
2181
2226
2117
2075
1936
1732
1541
1441
1349
1255
1273
1583
1891
2041
2136
2328
2426
2617
2936
2990
2777
2406
1902
1116
345
-447
-1282
-2082
-2421
-2421
-2395
-2097
-1321
-536
172
1067
1812
2268
2251
2117
1753
1031
215
-510
-917
-1123
-1330
-1093
-613
195
1172
1964
2689
3144
3194
2980
2826
2329
1558
760
198
-172
-533
-582
-345
4
453
945
1463
1892
2218
2246
2052
1768
1303
898
662
300
94
156
435
697
777
926
1078
1282
1397
1344
1343
1476
1333
954
698
734
843
774
592
612
586
491
380
435
448
174
-176
-405
-545
-547
-391
-461
-674
-827
-859
-783
-684
-521
-545
-765
-972
-1264
-1647
-2203
-2575
-2647
-1998
-782
659
2112
3195
3854
4077
3743
2749
1490
47
-1469
-2591
-3469
-3973
-3864
-3114
-1839
-390
924
2041
2806
2928
2238
1231
21
-1389
-2639
-3730
-4376
-4594
-4388
-3677
-2598
-1250
-9
830
1251
1384
1118
482
-487
-1485
-2462
-3502
-4070
-4054
-3955
-3476
-2537
-1556
-479
243
737
1055
895
344
-332
-1003
-1777
-2498
-2947
-3306
-3300
-2921
-2441
-1846
-1242
-703
-286
-196
-277
-471
-837
-1335
-1621
-1753
-2090
-2139
-1783
-1539
-1183
-679
-178
87
170
127
82
-11
-137
-420
-688
-763
-777
-725
-474
-143
152
355
435
542
655
787
925
782
494
236
-228
-1030
-1912
-2687
-3446
-4158
-4571
-4526
-4114
-3520
-2698
-1797
-985
-216
443
814
692
406
-89
-806
-1733
-2456
-2806
-2865
-2546
-1997
-1323
-349
715
1576
2170
2554
2499
2304
1765
1263
619
49
-407
-769
-947
-788
-441
-4
672
1247
1629
1907
2105
1893
1657
1507
1383
1143
808
641
568
461
541
870
1284
1654
1811
1847
1872
1970
1975
1874
1777
1431
1209
1201
1276
1308
1360
1344
1350
1309
1265
1085
785
555
492
500
414
223
165
116
163
127
156
381
688
728
607
548
390
135
84
148
565
1279
