-4893
-4485
-4105
-3915
-3763
-3955
-4101
-4092
-4186
-4314
-4491
-4815
-4989
-4779
-4537
-4349
-4119
-3977
-3750
-3462
-3137
-3068
-3087
-3173
-3248
-3671
-4463
-5327
-6174
-6901
-7670
-8368
-8768
-8656
-8248
-7795
-6914
-5794
-4768
-4103
-3598
-3277
-3320
-3763
-4368
-5086
-6016
-6744
-7257
-7463
-7152
-6550
-5842
-4977
-4105
-3309
-2454
-1834
-1625
-1988
-2484
-3074
-3737
-4476
-5140
-5355
-5442
-5334
-4910
-4427
-3844
-3232
-2783
-2491
-2615
-3111
-3712
-4359
-5073
-5301
-5434
-5391
-4783
-3605
-2303
-1502
-1359
-1809
-3037
-4679
-6357
-8240
-10038
-11407
-12010
-11776
-10892
-9324
-7641
-6158
-5005
-4481
-4796
-5826
-7342
-9192
-10937
-12386
-13220
-13141
-12152
-10411
-8140
-5677
-3180
-1209
246
1200
1267
530
-605
-2109
-3721
-5560
-7036
-7333
-6534
-4771
-2428
247
3046
5276
6463
6605
5705
4055
2203
-101
-2353
-4169
-5556
-6293
-6179
-5194
-3699
-2026
-459
537
793
342
-820
-2451
-4419
-6392
-8122
-9503
-10437
-10393
-9620
-8225
-6703
-5301
-4172
-3386
-3270
-3501
-4220
-5659
-7381
-8975
-10273
-11293
-11905
-12089
-11716
-10614
-9252
-7851
-6547
-5603
-5189
-5050
-5277
-6059
-7208
-8537
-9770
-10756
-11447
-11733
-11465
-10969
-9838
-8468
-7208
-6036
-4954
-4236
-3944
-3716
-3414
-3558
-3867
-4056
-4155
-3916
-3492
-2865
-2107
-1692
-1483
-1160
-975
-680
-524
-646
-1021
-1377
-1666
-1866
-1981
-2183
-2278
-2141
-1927
-1880
-2082
-2356
-2383
-2590
-2728
-2824
-3117
-3471
-3986
-4644
-5334
-5939
-6501
-6806
-6910
-6865
-6670
-6259
-5701
-5008
-4219
-3686
-3356
-3344
-3569
-4033
-4712
-5510
-6518
-7526
-8266
-8715
-8734
-8331
-7801
-7338
-6529
-5659
-4874
-4225
-3837
-3809
-4092
-4524
-4974
-5284
-5528
-5712
-5383
-4744
-4042
-3230
-2255
-1218
-403
361
943
1224
1396
1703
1927
1849
1415
661
-148
-1250
-2560
-3732
-4350
-4309
-3503
-2013
7
2074
3686
4812
5446
5426
4402
2801
879
-1085
-2719
-3626
-3742
-3116
-1741
90
2100
4016
5445
6313
6431
5684
4536
3074
1503
64
-1065
-1654
-1366
-327
1411
3627
5387
6453
6997
7070
6673
6316
6097
5893
6082
6374
6618
6743
6792
6548
5942
5243
4274
3096
1925
836
-48
-455
-198
401
1438
2487
3488
4299
4681
4761
4342
3518
2272
969
-197
-1147
-1818
-2271
-2291
-1751
-894
-40
607
1331
1687
1706
1389
679
-218
-1237
-2144
-2926
-3681
-4214
-4230
-4140
-3971
-3750
-3535
-3127
-2964
-3120
-3397
-3733
-3847
-4075
-4345
-4537
-4601
-4528
-4488
-4303
-3932
-3608
-3219
-3078
-3069
-3089
-3303
-3628
-3963
-4221
-4347
-4289
-3941
-3462
-2952
-2461
-1873
-1364
-997
-886
-928
-1059
-1328
-1683
-2028
-2551
-3122
-3458
-3688
-3713
-3366
-3003
-2643
-2455
-2231
-1923
-1569
-1534
-1897
-2373
-3048
-4047
-5395
-6752
-8109
-9122
-10061
-10489
-10496
-10216
-9510
-8545
-7373
-6337
-5456
-4878
-4657
-4926
-5596
-6244
-7051
-8079
-9140
-10040
-10468
-10325
-9739
-9213
-8474
-7460
-6607
-6045
-5685
-5478
-5565
-5956
-6618
-7340
-8008
-8454
-8544
-8545
-8355
-7768
-7100
-6324
-5522
-4846
-4279
-3727
-3408
-3198
-3035
-2928
-2820
-2608
-2524
-2442
-2278
-1987
-1397
-856
-440
-211
-189
-146
-204
-530
-805
-982
-961
-1164
-1315
-1455
-1493
-1369
-1320
-1436
-1429
-1492
-1586
-1681
-1943
-2068
-2288
-2690
-2941
-3201
-3250
-3105
-3034
-2915
-2660
-2531
-2307
-2135
-2230
-2612
-3265
-3937
-4337
-4356
-3814
-2760
-1668
-459
423
954
942
232
-916
-2470
-4105
-5648
-7110
-7973
-8320
-8104
-7058
-5683
-4230
-3004
-1969
-1247
-1067
-1522
-2607
-4067
-5501
-6710
-7869
-8830
-9193
-8957
-8033
-6704
-5226
-4050
-3149
-2597
-2446
-2693
-3220
-4262
-5486
-6576
-7520
-8077
-8386
-8304
-7784
-6900
-5742
-4891
-4092
-3451
-3038
-3038
-3449
-4119
-4763
-5434
-6320
-6919
-7166
-7190
-7083
-6706
-6095
-5473
-5058
-4788
-4523
-4425
-4636
-5109
-5621
-6168
-6567
-6823
-6964
-6859
-6375
-6104
-5866
-5479
-5369
-5433
-5450
-5589
-5956
-6229
-6578
-6793
-6838
-6728
-6506
-6388
-6180
-5990
-5756
-5462
-5199
-5129
-4918
-4899
-5018
-5310
-5975
-6740
-7588
-8599
-9514
-10262
-10614
-10731
-10741
-10518
-9970
-9088
-7886
-6826
-6142
-5774
-5531
-5592
-6044
-6851
-7683
-8607
-9255
-9584
-9580
-9432
-8982
-8175
-7132
-6159
-5298
-4290
-3469
-3135
-3242
-3639
-4113
-4618
-5162
-5563
-5740
-5682
-5333
-4819
-4141
-3338
-2749
-2256
-1814
-1299
-962
-767
-655
-693
-930
-1080
-1206
-1206
-944
-653
-259
224
563
877
1154
1346
1641
1675
1564
1446
1440
1243
1101
1100
1068
1031
1025
1003
901
747
633
399
230
58
7
-157
-337
-371
-361
-239
-35
48
233
316
279
448
410
160
-279
-891
-1481
-1778
-1275
-105
1458
2943
4114
4861
5113
4869
4084
2897
1394
-17
-1302
-2316
-2806
-2779
-2323
-1312
62
1519
2698
3321
3356
3039
2417
1429
139
-1380
-2741
-3577
-3834
-3690
-2956
-1982
-898
228
1215
1727
1984
1826
1372
704
-513
-1791
-2833
-3594
-4093
-4107
-3613
-2899
-2196
-1473
-748
-254
-24
-38
-209
-748
-1432
-2109
-2730
-3343
-3821
-4098
-4169
-3775
-3058
-2512
-2091
-1702
-1426
-1413
-1585
-2014
-2495
-3086
-3498
-3635
-3730
-3576
-3345
-3087
-2625
-2173
-1730
-1719
-1891
-1790
-1790
-2049
-2470
-2746
-3017
-3267
-3241
-3135
-2818
-2443
-2205
-1999
-1946
-1976
-1828
-1901
-2109
-2208
-2438
-2934
-3644
-4641
-5576
-6418
-7055
-7708
-8000
-7777
-7274
-6493
-5397
-4425
-3764
-3213
-2807
-2885
-3309
-3896
-4564
-5466
-6475
-7208
-7377
-7274
-7054
-6543
-5642
-4409
-3400
-2671
-2022
-1694
-1579
-1998
-2555
-3069
-3595
-4060
-4384
-4519
-4400
-4031
-3588
-2973
-2302
-1681
-1243
-867
-455
-252
-330
-469
-668
-865
-816
-727
-643
-490
-325
-180
220
695
1130
1364
1768
2031
1929
1659
1590
1720
1727
1526
1373
1348
1338
1229
1189
1234
1243
997
671
547
507
452
331
250
68
-41
90
257
313
307
294
288
308
110
-478
-1154
-1685
-1991
-1768
-1043
155
1695
3172
4232
4497
4185
3460
2318
993
-309
-1704
-3085
-3984
-4100
-3569
-2559
-1329
-4
1098
2032
2436
2309
1655
601
-733
-2237
-3737
-4717
-5217
-5395
-4966
-4046
-2847
-1674
-669
95
451
457
29
-720
-1656
-3004
-4115
-4905
-5420
-5408
-5133
-4520
-3668
-2822
-2020
-1391
-928
-766
-992
-1621
-2523
-3333
-4062
-4705
-5310
-5616
-5603
-5447
-4943
-4226
-3459
-2892
-2817
-2942
-3028
-3332
-3782
-4280
-4621
-4768
-5004
-5087
-4911
-4632
-4328
-4044
-3763
-3521
-3306
-3461
-3707
-3830
-4063
-4385
-4777
-5178
-5257
-5081
-4831
-4383
-4101
-3953
-3842
-3845
-3685
-3679
-3585
-3468
-3791
-4490
-5416
-6440
-7336
-8199
-8899
-9332
-9573
-9529
-9088
-8506
-7801
-6872
-5970
-5177
-4742
-4541
-4683
-5266
-6088
-7155
-8096
-8609
-8950
-8881
-8595
-8204
-7355
-6247
-5379
-4525
-3684
-3254
-3071
-3300
-3786
-4349
-4796
-5126
-5436
-5538
-5457
-5180
-4625
-4039
-3281
-2611
-1966
-1411
-1038
-952
-1100
-1270
-1309
-1489
-1633
-1548
-1175
-930
-748
-544
-177
170
403
592
796
908
941
814
793
882
845
728
843
787
731
717
722
742
557
508
473
300
-11
-330
-366
-473
-551
-461
-361
-158
117
232
79
109
23
-300
-829
-1506
-2472
-3353
-3666
-3458
-3059
-2193
-811
525
1327
1490
1267
773
140
-854
-1839
-2519
-2958
-3037
-2671
-1838
-837
238
1084
1681
1798
1495
835
-3
-954
-2088
-3121
-3768
-4226
-4117
-3450
-2261
-1086
-181
697
1453
1848
1801
1435
799
18
-829
-1870
-2698
-2949
-2764
-2336
-1645
-779
6
770
1319
1627
1765
1562
1010
297
-452
-1127
-1803
-2379
-2514
-2377
-2030
-1434
-909
-461
90
444
542
288
-80
-379
-793
-1391
-2081
-2606
-2990
-3121
-3161
-3003
-2575
-2325
-2240
-2166
-2156
-2439
-2633
-2760
-3046
-3290
-3400
-3398
-3513
-3487
-3389
-3288
-3208
-3121
-3048
-2916
-2804
-2740
-2764
-2981
-3355
-3949
-4798
-5631
-6521
-7279
-7870
-8142
-8289
-8030
-7452
-6725
-5765
-4625
-3717
-3251
-2988
-3079
-3356
-3804
-4567
-5342
-6098
-6670
-6759
-6584
-6028
-5085
-4046
-2928
-2001
-1325
-831
-620
-672
-897
-1247
-1651
-2046
-2463
-2864
-2660
-2307
-1984
-1500
-787
-63
521
989
1383
1594
1723
1528
1348
1063
800
762
938
1140
1259
1547
1929
2197
2443
2630
2692
2665
2647
2669
2798
2845
2752
2565
2376
2291
2206
2221
2167
2182
2100
1913
1647
1354
1269
1203
1076
974
776
747
867
926
836
912
1063
1140
1063
1028
776
575
728
1191
1862
3027
4394
5793
7105
8036
8359
8060
6973
5380
3321
1178
-1002
-2912
-4178
-4692
-4267
-2967
-1024
1305
3410
5149
6339
6694
6296
5175
3621
1817
-17
-1679
-3233
-4120
-4228
-3750
-2969
-1651
-17
1292
2173
2574
2479
1898
942
-362
-1822
-3124
-4141
-4910
-5201
-5080
-4686
-3912
-2835
-1686
-772
-145
91
-55
-406
-1092
-1993
-3021
-3909
-4482
-4628
-4806
-4714
-4484
-4210
-3908
-3512
-3158
-3063
-3105
-3124
-3232
-3502
-3661
-3590
-3453
-3308
-2972
-2516
-2168
-1883
-1570
-1343
-1477
-1649
-1626
-1866
-2230
-2445
-2437
-2321
-2127
-1832
-1553
-1117
-651
-426
-458
-328
-129
-284
-402
-533
-1040
-1771
-2655
-3696
-4640
-5424
-6104
-6418
-6413
-6031
-5336
-4529
-3705
-2854
-2037
-1515
-1337
-1396
-1798
-2490
-3472
-4436
-5433
-6257
-6769
-6593
-5986
-5448
-4731
-3984
-3155
-2526
-1960
-1537
-1493
-1887
-2567
-3203
-3796
-4283
-4641
-4733
-4570
-4218
-3759
-3280
-2740
-1973
-1273
-744
-468
-304
-256
-355
-474
-704
-897
-920
-894
-718
-270
118
587
1168
1506
1753
2059
2123
2076
2146
2124
2099
2217
2181
2168
2241
2207
2178
2218
2236
2085
1997
1773
1643
1336
1148
1185
1247
1374
1495
1484
1516
1724
1835
1859
1919
1855
1612
1161
573
-67
-924
-1425
-1176
-406
704
1884
2895
3308
3218
2448
1340
102
-1117
-2157
-3109
-3640
-3616
-3021
-1874
-331
1221
2449
3380
3934
3788
2888
1611
112
-1413
-2858
-4205
-5048
-5204
-4589
-3532
-2120
-726
582
1753
2157
2221
2037
1400
463
-645
-1654
-2371
-2840
-3039
-2885
-2166
-1086
-107
822
1583
2065
2219
2128
1816
1222
447
-493
-1290
-1716
-1786
-1799
-1607
-1100
-700
-269
418
832
802
642
554
409
125
-256
-691
-1139
-1297
-1282
-1307
-1266
-1138
-975
-934
-881
-1024
-1241
-1497
-1675
-1851
-2174
-2483
-2582
-2474
-2480
-2333
-2093
-1806
-1791
-1749
-1659
-1681
-1830
-2163
-2564
-3126
-3819
-4558
-5461
-6459
-7306
-7759
-8063
-7918
-7260
-6330
-5674
-4858
-4024
-3326
-2881
-2808
-3130
-3640
-4289
-5085
-5820
-6428
-6861
-7007
-6590
-5699
-4493
-3432
-2637
-1748
-985
-532
-436
-718
-1064
-1378
-1696
-2050
-2321
-2488
-2320
-1923
-1478
-913
-84
811
1406
1855
2152
2276
2150
2014
1975
1885
1800
1596
1620
1730
1958
2285
2591
2942
3237
3579
3843
3831
3647
3643
3508
3411
3310
3204
3202
3054
3076
3208
3145
2899
2779
2625
2385
2256
2190
2038
1784
1479
1601
1664
1642
1696
1748
1999
2018
1668
1525
1490
1232
710
-43
-622
-597
102
1329
2803
4253
5377
5991
5908
5246
4423
3391
2194
934
-415
-1375
-1722
-1480
-611
602
1978
3397
4423
5019
5109
4628
3759
2579
1347
-24
-1100
-1825
-2072
-1694
-983
36
1047
2099
3051
3460
3402
3130
2456
1458
420
-508
-1407
-1991
-2125
-1975
-1429
-599
219
911
1468
1940
2111
2128
1664
878
179
-543
-1225
-1686
-1975
-2152
-2032
-1749
-1248
-696
-252
-25
-43
-14
-196
-682
-1247
-1652
-1933
-2052
-2174
-2093
-1800
-1508
-1326
-1135
-907
-597
-577
-750
-849
-990
-1271
-1559
-1821
-1811
-1731
-1480
-1292
-1171
-904
-643
-573
-452
-265
-105
-170
-570
-1152
-1937
-2723
-3419
-4187
-5010
-5751
-5855
-5657
-5364
-5035
-4379
-3568
-2631
-1770
-1123
-777
-932
-1246
-2010
-2841
-3565
-4317
-4888
-4988
-4812
-4259
-3529
-2740
-1913
-1026
-330
16
27
-44
-310
-735
-1296
-1972
-2370
-2543
-2530
-2265
-1714
-1026
-297
504
1095
1577
1828
1992
2013
1898
1660
1550
1379
1161
1243
1504
1803
2058
2334
2805
3027
3129
3293
3498
3558
3446
3289
3140
3018
2980
2983
2977
2988
3060
3096
3094
2925
2942
2869
2560
2410
2294
2147
1946
1886
1926
1883
1941
2105
2271
2581
2709
2545
2422
2255
1856
1188
503
294
678
1496
2754
4318
5750
6602
6676
6200
5307
4211
2859
1336
100
-724
-1189
-1140
-410
441
1554
2931
4071
4718
4829
4678
3994
2901
1495
52
-1140
-2049
-2473
-2319
-1844
-1014
163
1298
2014
2531
2844
2918
2418
1490
478
-568
-1455
-2067
-2419
-2453
-2114
-1392
-521
284
1000
1574
1882
1823
1505
854
68
-629
-1328
-1885
-2253
-2416
-2119
-1608
-1174
-831
-404
-17
168
203
-64
-512
-998
-1325
-1467
-1879
-2021
-1923
-1682
-1336
-1040
-739
-432
-274
-147
-131
-370
-569
-855
-1180
-1398
-1504
-1659
-1569
-1141
-760
-666
-609
-434
-236
-44
24
-46
-224
-579
-1289
-2235
-3219
-4060
-4835
-5585
-6083
-6201
-5986
-5584
-4787
-3782
-2898
-2105
-1283
-927
-1100
-1640
-2331
-2986
-3695
-4477
-4920
-5050
-5193
-4974
-4378
-3454
-2514
-1432
-722
-186
124
60
-110
-542
-1125
-1619
-2065
-2536
-2521
-2183
-1647
-1005
-535
24
873
1711
2199
2417
2331
2211
2158
2247
2099
1890
1724
1677
1887
2359
2886
3274
3497
3693
3896
4115
4245
4318
4234
4117
4013
3834
3796
3718
3588
3558
3515
3400
3347
3228
3210
3101
2870
2673
2568
2538
2520
2607
2667
2570
2573
2656
2615
2439
2436
2689
2547
2124
1578
1024
756
846
1570
2984
4435
5557
6483
6986
6758
5948
4787
3556
2287
981
-193
-977
-1139
-696
285
1687
2946
4125
4927
5262
5083
4480
3598
2244
745
-587
-1561
-1997
-1992
-1578
-570
444
1294
2103
2832
3237
3317
2989
2204
1072
-75
-975
-1621
-1914
-1894
-1631
-1100
-277
627
1339
1915
2254
2377
2048
1629
1066
237
-464
-1067
-1599
-1870
-1780
-1505
-1131
-682
-149
467
642
564
439
223
14
-329
-719
-936
-1246
-1388
-1133
-817
-598
-216
111
307
414
421
181
-166
-343
-647
-960
-1081
-1108
-1141
-1113
-760
-291
-78
102
249
267
220
147
73
-60
-650
-1435
-2251
-3242
-4171
-4892
-5411
-5641
-5411
-5051
-4571
-3674
-2631
-1781
-1263
-830
-564
-795
-1330
-1981
-2662
-3470
-4264
-4809
-4852
-4583
-4139
-3227
-2198
-1336
-557
169
677
766
515
176
-452
-1031
-1401
-1806
-1988
-1814
-1519
-1162
-413
389
1033
1503
1773
1877
1902
1889
1631
1229
825
759
1068
1697
2230
2576
2748
2706
2522
2042
1574
1035
577
272
341
681
1167
1790
2511
3259
3827
3829
3622
3150
2432
1630
653
-61
-228
217
1217
2258
3255
4381
5374
6118
6559
6527
6212
5470
4598
3920
3151
2682
2340
2188
2670
3718
5368
7027
8433
9517
10116
10052
9231
7904
6322
4586
2954
1609
763
502
894
1605
2554
3750
4870
5620
5833
5679
5118
4160
2890
1553
319
-868
-1739
-2197
-1969
-1269
-328
586
1308
1887
2270
2562
2517
2025
1164
89
-962
-1888
-2762
-3442
-3391
-2876
-2246
-1488
-724
-25
501
709
745
546
51
-666
-1167
-1623
-2088
-2460
-2603
-2369
-2019
-1386
-556
208
739
806
715
727
705
486
408
470
432
341
277
580
897
1235
1647
2008
2227
2326
2058
1878
1680
1328
944
727
610
607
718
851
954
1060
1045
1178
1146
1098
1210
1232
1035
770
205
-479
-1291
-2377
-3146
-3782
-4442
-4863
-4938
-4728
-4517
-3786
-2841
-2119
-1568
-1109
-908
-1125
-1483
-2075
-2952
-3780
-4536
-5214
-5529
-5481
-5115
-4405
-3466
-2502
-1591
-1002
-778
-793
-1040
-1379
-1937
-2634
-3190
-3697
-4174
-4196
-3977
-3585
-2964
-2136
-1519
-894
-415
-97
71
31
-124
-495
-1008
-1458
-1955
-2234
-2175
-1935
-1427
-905
-269
444
1264
1659
1563
1363
942
298
-330
-810
-1177
-1261
-1273
-966
-606
-163
251
580
952
920
578
-55
-867
-1695
-2509
-3032
-3237
-3235
-3048
-2407
-1806
-1509
-1256
-1195
-1310
-1772
-2685
-3712
-4843
-5708
-5841
-5003
-3558
-1693
-231
834
1501
1430
618
-759
-2552
-4416
-6158
-7708
-8653
-8762
-8006
-6621
-4674
-2766
-1408
-340
114
-67
-738
-1853
-3256
-4692
-6117
-7288
-7716
-7336
-6438
-5152
-3855
-2507
-1245
-383
17
52
-193
-876
-1829
-2885
-3767
-4425
-4914
-4922
-4280
-3351
-2357
-1374
-422
349
881
1059
642
246
-243
-902
-1775
-2477
-2786
-2720
-2478
-2130
-1579
-960
-243
162
387
442
297
-128
-572
-995
-1408
-1620
-1568
-1541
-1455
-1124
-672
-267
12
268
156
-46
-167
-380
-596
-764
-977
-1187
-1097
-1092
-930
-469
-105
194
358
592
965
1087
956
874
588
116
-612
-1413
-2134
-2784
-3501
-3943
-3853
-3354
-2798
-2087
-1132
-67
870
1523
2003
2124
1929
1417
680
5
-468
-856
-1215
-1064
-610
31
1040
2004
2881
3563
4162
4413
4359
3822
3239
2766
2296
1835
1429
1316
1472
1714
2146
2823
3461
3928
4235
4265
4263
4132
3926
3773
3613
3168
2840
2824
2806
2776
2893
3130
3457
3714
3868
3823
3695
3650
3565
3486
3386
3228
3116
3034
2929
2847
2789
2743
2781
2816
2716
2587
2329
2074
1948
1907
1803
1819
1775
1955
2067
2070
2250
2389
2372
2413
2482
2177
1777
1297
721
439
572
1368
2728
4164
5580
6683
6943
6691
6245
5254
3986
2681
1515
487
-225
-478
-15
1120
2512
3946
4868
5681
6257
6246
5662
4661
3510
2157
902
-61
-655
-779
-193
819
1940
2908
3766
4490
4925
4857
4487
3938
2930
1753
765
93
-317
-392
-119
416
1203
2037
2816
3580
4001
3864
3452
2928
2453
1927
1321
556
-251
-578
-296
108
619
1075
1533
1892
2216
2313
2141
1991
1639
1155
661
484
538
669
775
931
1184
1468
1845
2186
2300
2354
2285
2069
1739
1593
1495
1392
1299
1314
1517
1887
2159
2369
2516
2647
2834
2867
2845
2868
2673
2155
1412
632
-66
-791
-1343
-1954
-2206
-2147
-1936
-1335
-489
569
1565
2126
2384
2543
2317
1811
1187
333
-394
-1089
-1485
-1500
-1346
-731
221
1173
2008
2632
2947
3164
3246
2942
2467
1922
1057
304
-256
-477
-305
-133
98
436
940
1510
1993
2302
2386
2403
2107
1530
1118
773
509
383
386
495
637
875
1014
1210
1497
1593
1680
1744
1543
1257
1244
1183
951
835
787
722
636
806
1065
1055
799
528
302
129
-1
-176
-476
-707
-728
-636
-592
-537
-290
-239
-320
-438
-529
-636
-1047
-1699
-2266
-2552
-2456
-1834
-831
543
2091
3314
4053
4209
3596
2629
1310
-266
-1810
-3091
-3931
-4147
-3921
-3142
-1888
-406
1055
2016
2626
2616
2127
1299
186
-1161
-2673
-4060
-4755
-4784
-4315
-3583
-2658
-1521
-356
507
1063
1444
1299
672
-323
-1609
-2695
-3538
-3969
-4202
-4064
-3582
-2785
-1779
-749
103
551
645
483
203
-263
-790
-1658
-2373
-2830
-3134
-3250
-3039
-2500
-1901
-1280
-960
-614
-405
-502
-801
-981
-1269
-1519
-1791
-2062
-2127
-2067
-1748
-1284
-868
-561
-528
-335
-154
-196
-262
-453
-764
-1010
-1338
-1393
-1146
-873
-503
-339
-230
95
366
573
753
849
684
457
76
-576
-1398
-2349
-3186
-3779
-4209
-4386
-4301
-4060
-3642
-2936
-1972
-968
-129
513
830
721
330
-173
-863
-1549
-2378
-2875
-2960
-2709
-2360
-1693
-667
380
1281
1933
2166
2073
1837
1633
1255
560
-153
-509
-852
-1035
-984
-692
-82
433
896
1324
1687
1836
1708
1583
1533
1414
1131
658
313
249
497
770
1035
1326
1503
1707
1840
1957
1920
1764
1621
1387
1332
1360
1329
1149
1160
1360
1396
1307
1329
1333
1167
1014
910
787
572
354
83
98
361
439
313
294
398
492
519
593
500
405
170
-52
-34
363
1178
