-5262
-4986
-4689
-4588
-4521
-4538
-4440
-4520
-4666
-4846
-5005
-5224
-5234
-5225
-5298
-5177
-4993
-4753
-4471
-4177
-4001
-3937
-4031
-4181
-4281
-4547
-5122
-6015
-6959
-7703
-8481
-8981
-9161
-9168
-8869
-8383
-7539
-6650
-5717
-4816
-4146
-3789
-3783
-4190
-4899
-5737
-6338
-6856
-7363
-7609
-7267
-6495
-5536
-4630
-3670
-2786
-2040
-1500
-1303
-1559
-2154
-2862
-3617
-4236
-4646
-4872
-4893
-4661
-4279
-3651
-2932
-2453
-2078
-1863
-2037
-2345
-2844
-3646
-4490
-5001
-5122
-5034
-4325
-3047
-1815
-981
-869
-1343
-2599
-4278
-6167
-8057
-9908
-11396
-12082
-11854
-10776
-9310
-7807
-6359
-5279
-4795
-5203
-6259
-7547
-9245
-11045
-12550
-13420
-13580
-12689
-10834
-8326
-5618
-3205
-1186
320
1008
825
121
-896
-2341
-3915
-5252
-6021
-5839
-4719
-2747
-20
2991
5616
7368
8143
7907
6683
4783
2307
-456
-3257
-5575
-7097
-7661
-7188
-5726
-3637
-1433
619
2010
2637
2400
1186
-622
-2879
-5239
-7454
-9433
-10643
-10901
-10380
-9229
-7453
-5846
-4558
-3455
-2931
-3138
-4022
-5237
-6767
-8698
-10651
-12205
-13016
-13184
-12784
-12208
-11037
-9296
-7770
-6579
-5707
-5427
-5626
-6466
-7782
-9004
-10098
-11236
-12185
-12666
-12469
-12004
-11189
-9983
-8601
-7372
-6297
-5576
-5046
-4826
-4560
-4342
-4209
-4123
-4178
-3871
-3396
-2784
-2126
-1546
-1114
-710
-398
-259
-510
-973
-1202
-1398
-1552
-1757
-1765
-1593
-1402
-1369
-1313
-1126
-1191
-1379
-1564
-1686
-1888
-2305
-2579
-2833
-3248
-3809
-4731
-5492
-5821
-6214
-6505
-6654
-6533
-6018
-5157
-4255
-3455
-2800
-2374
-2233
-2610
-3388
-4438
-5320
-6091
-6961
-7867
-8418
-8592
-8286
-7676
-6782
-5940
-5237
-4628
-4169
-4003
-4134
-4382
-4801
-5229
-5698
-6202
-6140
-5642
-5235
-4723
-4019
-3286
-2282
-1212
-500
187
972
1186
1221
1199
1190
929
198
-673
-1552
-2546
-3667
-4561
-4677
-3741
-1837
247
2144
3762
4896
5443
5288
4411
2887
1109
-754
-2342
-3410
-3686
-3112
-1693
288
2356
4332
5636
6392
6565
5999
4876
3366
1870
493
-645
-1219
-962
271
2034
4062
5968
7387
8078
8339
8484
8559
8596
8658
8688
8553
8438
8207
7535
6784
5815
4766
3518
2209
1132
300
-50
-174
218
1167
2334
3451
4328
4884
5182
5067
4508
3647
2464
1365
146
-938
-1512
-1874
-2087
-1791
-1056
-329
215
748
1078
1021
497
-314
-1242
-2168
-3024
-3684
-4134
-4475
-4652
-4537
-4391
-4138
-3732
-3451
-3574
-3726
-3909
-4024
-4184
-4457
-4598
-4749
-4644
-4590
-4343
-3950
-3734
-3546
-3518
-3553
-3769
-3891
-3827
-4089
-4342
-4276
-4033
-3785
-3417
-2940
-2544
-1743
-951
-569
-468
-347
-318
-487
-1048
-1395
-1823
-2279
-2517
-2630
-2717
-2621
-2350
-2117
-1921
-1596
-1208
-1028
-928
-1037
-1231
-1622
-2489
-3733
-5025
-6213
-7401
-8628
-9677
-10239
-10388
-10231
-9615
-8673
-7365
-6156
-5419
-5221
-4955
-4838
-5376
-6190
-7092
-8110
-9175
-10184
-10611
-10493
-10075
-9409
-8618
-7750
-6868
-6140
-5707
-5620
-5992
-6310
-6612
-7301
-8109
-8622
-8964
-9012
-8776
-8385
-7794
-7314
-6592
-5682
-4996
-4510
-4088
-3700
-3515
-3454
-3348
-3212
-3160
-2853
-2215
-1791
-1462
-1224
-1018
-731
-543
-375
-298
-441
-661
-997
-1323
-1510
-1652
-1652
-1528
-1286
-1245
-1310
-1468
-1550
-1601
-1803
-1962
-2211
-2498
-2759
-3045
-3230
-3271
-3104
-2928
-2706
-2593
-2440
-2261
-2136
-2324
-2642
-3000
-3532
-4114
-4479
-4207
-3230
-1911
-600
347
904
776
48
-1076
-2478
-4156
-5770
-6952
-7880
-8549
-8482
-7495
-6011
-4461
-3011
-1906
-1337
-1358
-1925
-2991
-4373
-5968
-7556
-8888
-9450
-9463
-9070
-8126
-6899
-5710
-4403
-3218
-2433
-2290
-2687
-3348
-4260
-5496
-6643
-7588
-8168
-8453
-8509
-8011
-7084
-5818
-4689
-3815
-3119
-2875
-3066
-3531
-4147
-4838
-5538
-6159
-6792
-7279
-7264
-7076
-6692
-6055
-5389
-4807
-4618
-4555
-4577
-4786
-5054
-5436
-5937
-6306
-6604
-6680
-6484
-6216
-5951
-5686
-5397
-5186
-5239
-5370
-5460
-5737
-6121
-6574
-6895
-7024
-6878
-6678
-6651
-6412
-5951
-5557
-5310
-5356
-5263
-4893
-4877
-5136
-5635
-6225
-6805
-7532
-8458
-9410
-10257
-11033
-11413
-11370
-10821
-10054
-9139
-8097
-7196
-6518
-5944
-5513
-5491
-6001
-6721
-7630
-8496
-9106
-9636
-9788
-9635
-9120
-8150
-7027
-5939
-4918
-4250
-3676
-3297
-3373
-3693
-4098
-4587
-5106
-5495
-5815
-5925
-5797
-5169
-4368
-3535
-2841
-2056
-1398
-942
-639
-626
-600
-576
-733
-869
-1010
-1010
-638
-256
105
460
784
1099
1328
1577
1760
1769
1729
1627
1482
1516
1469
1416
1505
1430
1376
1296
1178
1018
835
671
507
270
82
-83
-213
-122
83
238
274
248
456
639
592
569
737
719
236
-376
-920
-1178
-834
132
1561
3068
4488
5393
5566
5177
4310
3096
1756
284
-1099
-2182
-2784
-2847
-2267
-957
420
1762
2839
3480
3815
3705
2909
1664
317
-1205
-2639
-3537
-3886
-3607
-2770
-1750
-612
561
1457
2053
2459
2355
1703
712
-377
-1548
-2660
-3475
-3723
-3616
-2995
-2188
-1445
-703
-96
388
616
485
68
-577
-1384
-2199
-2705
-3194
-3611
-3949
-3961
-3644
-3053
-2525
-2103
-1694
-1325
-1288
-1491
-1763
-2200
-2769
-3218
-3467
-3589
-3594
-3495
-3216
-2728
-2209
-2032
-1919
-1855
-1834
-2142
-2555
-2860
-3031
-3133
-3240
-3319
-3179
-2981
-2608
-2389
-2166
-2038
-2002
-1860
-1741
-1917
-2199
-2608
-3276
-4032
-5057
-5955
-6719
-7369
-7777
-7963
-7908
-7386
-6721
-5923
-4998
-4103
-3353
-3065
-3075
-3488
-4131
-4900
-5803
-6600
-7238
-7529
-7595
-7317
-6546
-5561
-4515
-3778
-3025
-2371
-2028
-2042
-2425
-2850
-3241
-3781
-4513
-5003
-5081
-4839
-4305
-3713
-3134
-2454
-1735
-1131
-645
-557
-552
-706
-855
-885
-1155
-1436
-1400
-1266
-977
-647
-414
-75
304
684
943
1139
1184
1117
1027
865
732
621
571
468
347
328
517
560
492
361
113
-152
-368
-528
-679
-971
-994
-771
-724
-785
-712
-704
-641
-635
-724
-570
-546
-974
-1694
-2393
-2716
-2594
-1747
-436
995
2353
3354
3919
3789
3092
1806
155
-1423
-2775
-3992
-4896
-5168
-4742
-3721
-2354
-902
381
1173
1508
1423
927
3
-1529
-3192
-4706
-5885
-6443
-6287
-5710
-4741
-3628
-2417
-1286
-542
-227
-399
-760
-1338
-2258
-3477
-4797
-5831
-6342
-6363
-6124
-5579
-4592
-3475
-2477
-1755
-1395
-1325
-1743
-2563
-3376
-4208
-5009
-5562
-6086
-6349
-6334
-5857
-5206
-4765
-4255
-3795
-3576
-3415
-3593
-3984
-4325
-4684
-5043
-5199
-5386
-5438
-5404
-5197
-4831
-4336
-3811
-3596
-3652
-3692
-3741
-3966
-4366
-4730
-4777
-4900
-4974
-4858
-4653
-4580
-4533
-4375
-4094
-3751
-3613
-3527
-3617
-3747
-4137
-4830
-5444
-6207
-7315
-8285
-8962
-9437
-9744
-9494
-8932
-8374
-7583
-6653
-5810
-4929
-4360
-4189
-4332
-4930
-5862
-6812
-7555
-8202
-8804
-8866
-8525
-7846
-6828
-5724
-4657
-3745
-3102
-2756
-2673
-2912
-3246
-3719
-4249
-4786
-5304
-5485
-5478
-5091
-4357
-3487
-2732
-2028
-1403
-922
-489
-252
-370
-538
-667
-832
-877
-889
-750
-518
-255
44
599
1103
1483
1606
1745
2152
2140
1858
1641
1521
1343
1349
1498
1538
1644
1724
1729
1614
1330
1122
1007
1000
858
607
373
381
501
617
639
690
726
862
1177
1143
853
752
486
27
-784
-1488
-1608
-1228
-250
1158
2572
3680
4393
4558
4081
3176
2040
816
-304
-1365
-2045
-2160
-2003
-1389
-161
1197
2473
3288
3742
3678
2965
1843
646
-671
-1949
-2964
-3528
-3470
-3013
-2034
-1048
-1
1077
1923
2453
2549
2271
1602
491
-509
-1460
-2230
-2730
-2929
-2613
-2032
-1209
-325
451
1336
1866
1884
1577
963
252
-646
-1398
-1732
-2207
-2632
-2577
-2250
-1849
-1357
-719
-199
6
-33
40
-184
-634
-1111
-1579
-1955
-2318
-2546
-2692
-2563
-2218
-1794
-1535
-1364
-1139
-1202
-1421
-1478
-1686
-2013
-2016
-2185
-2449
-2652
-2605
-2332
-2083
-1904
-1747
-1614
-1576
-1477
-1468
-1492
-1732
-2161
-2834
-3660
-4683
-5889
-6659
-7020
-7227
-7118
-6851
-6284
-5350
-4589
-3873
-3032
-2320
-2002
-2295
-2731
-3286
-4091
-4872
-5574
-6118
-6506
-6325
-5723
-4826
-3847
-2873
-1933
-1157
-683
-653
-697
-937
-1385
-1858
-2465
-3087
-3281
-3113
-2841
-2482
-1847
-1232
-667
-69
552
1047
1327
1413
1326
1122
757
433
444
629
709
1038
1488
1560
1754
2073
2377
2707
2678
2614
2639
2567
2448
2359
2301
2113
1945
1908
1966
2029
1996
1979
1877
1705
1426
1111
933
978
885
633
854
1010
989
741
617
890
1059
938
804
734
364
-70
-397
-191
566
1715
2979
4330
5546
6158
6319
5741
4598
3147
1468
-160
-1644
-2910
-3514
-3354
-2565
-1207
499
2087
3382
4172
4437
4108
3157
1802
349
-1217
-2849
-4072
-4640
-4491
-3678
-2672
-1456
-182
880
1557
1805
1598
1070
192
-879
-2064
-3269
-4262
-4899
-4914
-4525
-3571
-2490
-1609
-870
-430
-70
201
-16
-720
-1417
-2278
-3235
-4029
-4446
-4548
-4282
-3900
-3638
-3365
-3048
-2633
-2313
-2149
-2178
-2562
-2882
-3014
-3364
-3612
-3631
-3488
-3183
-2907
-2614
-2184
-1932
-1782
-1693
-1704
-2086
-2303
-2441
-2648
-2817
-2957
-2955
-2745
-2362
-2029
-1788
-1664
-1680
-1656
-1438
-1193
-1232
-1571
-2032
-2626
-3374
-4413
-5661
-6591
-7145
-7390
-7347
-6967
-6471
-5859
-4945
-4005
-3314
-2783
-2460
-2308
-2630
-3414
-4212
-5063
-5752
-6299
-6776
-6864
-6533
-5875
-4995
-4039
-3055
-2207
-1744
-1411
-1469
-1875
-2418
-3024
-3582
-4168
-4644
-4750
-4547
-4140
-3478
-2740
-2003
-1184
-459
-31
179
179
-32
-263
-457
-530
-633
-483
-310
-213
133
540
925
1404
1797
1940
2069
2168
2147
2077
2100
1887
1629
1647
1852
1955
1967
1905
1923
1926
1754
1548
1389
1174
1027
828
831
755
706
731
757
880
1137
1301
1322
1245
1140
882
425
-260
-746
-1038
-1047
-623
494
1812
3167
4181
4563
4470
3737
2709
1623
270
-929
-1983
-2775
-3000
-2536
-1491
-18
1322
2483
3225
3677
3639
2947
1804
375
-1037
-2398
-3551
-4147
-4102
-3633
-2733
-1435
-30
1006
1726
2213
2288
1918
1265
406
-803
-1890
-2652
-3075
-3111
-2818
-2169
-1258
-303
570
1208
1622
1775
1574
986
142
-684
-1374
-1998
-2415
-2623
-2481
-2189
-1889
-1304
-662
-361
-12
274
181
-45
-479
-1055
-1475
-1704
-1841
-1937
-1896
-1701
-1411
-1170
-939
-752
-670
-699
-817
-1098
-1371
-1726
-1965
-2017
-2027
-1856
-1708
-1555
-1496
-1368
-1283
-1145
-794
-774
-932
-1043
-1279
-1764
-2657
-3675
-4591
-5441
-6142
-6544
-6779
-6767
-6443
-5691
-4754
-3835
-3034
-2482
-2034
-1766
-1928
-2506
-3238
-3948
-4597
-5203
-5621
-5684
-5357
-4917
-4115
-3084
-2012
-1064
-343
62
89
-216
-547
-889
-1242
-1711
-2192
-2495
-2579
-2348
-1746
-945
-123
591
1125
1543
2009
2231
2154
2013
1855
1684
1676
1703
1751
1909
2084
2464
2929
3368
3661
3777
3868
3948
4079
4126
4011
3807
3600
3492
3399
3437
3331
3239
3308
3181
3033
2824
2607
2646
2630
2362
2103
2066
2105
1972
1988
2124
2303
2357
2398
2515
2463
2238
1904
1444
882
518
410
827
1998
3423
4928
6219
6772
6810
6170
5063
3842
2493
1097
-127
-1113
-1488
-1245
-335
975
2390
3715
4756
5252
5228
4718
3627
2362
1083
-131
-1349
-2082
-2245
-2007
-1298
-277
1018
2242
2969
3341
3578
3307
2669
1567
465
-573
-1602
-2175
-2333
-2118
-1540
-663
100
848
1430
1827
2133
2082
1570
799
32
-780
-1336
-1887
-2292
-2337
-2051
-1558
-1129
-702
-253
-76
-80
-41
-124
-359
-1046
-1589
-1813
-1920
-1978
-1938
-1765
-1487
-1146
-810
-584
-534
-446
-478
-701
-954
-1118
-1343
-1554
-1777
-1903
-1697
-1273
-963
-764
-588
-522
-448
-401
-293
-508
-852
-1202
-1897
-2818
-3794
-4612
-5230
-5891
-6354
-6363
-5920
-5345
-4720
-3856
-2879
-2099
-1633
-1499
-1610
-1881
-2475
-3372
-4212
-4856
-5342
-5474
-5415
-5080
-4366
-3499
-2389
-1435
-848
-360
-174
-359
-821
-1277
-1751
-2285
-2666
-2721
-2807
-2555
-2033
-1429
-741
111
762
1268
1476
1531
1568
1565
1465
1322
1275
1363
1416
1697
1872
2048
2332
2791
3229
3515
3683
3572
3423
3324
3402
3460
3292
3172
3219
3237
3134
3066
3195
3332
3313
3228
3000
2709
2471
2313
2174
2112
2115
1964
2091
2166
2259
2375
2252
2171
2289
2248
1978
1501
770
339
439
767
1572
2828
4226
5523
6451
6754
6366
5407
4227
2835
1408
126
-727
-1135
-1268
-795
193
1494
2825
3944
4618
4800
4510
3729
2678
1325
-207
-1516
-2253
-2605
-2615
-1859
-747
436
1596
2501
2935
2940
2866
2459
1571
343
-701
-1533
-2206
-2632
-2742
-2410
-1571
-609
455
1457
2016
2222
2118
1782
1156
233
-808
-1516
-1958
-2282
-2510
-2464
-1998
-1346
-819
-361
7
141
88
-64
-461
-905
-1237
-1609
-1851
-1864
-1884
-1708
-1426
-1182
-798
-435
-116
4
-249
-467
-556
-711
-1086
-1249
-1422
-1578
-1352
-1269
-1062
-639
-456
-469
-401
-258
-165
-344
-474
-768
-1580
-2616
-3503
-4375
-5093
-5611
-6146
-6318
-6263
-5746
-4833
-4106
-3396
-2499
-1759
-1345
-1480
-1851
-2356
-2983
-3559
-4296
-4985
-5430
-5494
-5048
-4297
-3511
-2516
-1614
-745
-214
-26
-12
-215
-600
-1044
-1595
-2105
-2360
-2375
-2260
-1869
-1201
-460
238
838
1384
1852
2145
2139
2084
2051
2050
1775
1462
1536
1747
1958
2251
2587
3006
3447
3687
3853
3951
4092
4188
4048
3815
3643
3623
3632
3592
3453
3319
3347
3331
3244
3167
3108
2962
2681
2501
2423
2481
2394
2243
2243
2358
2454
2511
2576
2643
2951
2943
2630
2241
1614
1038
741
973
1654
2835
4227
5494
6534
6925
6669
5932
4837
3473
2176
984
-247
-1023
-1106
-505
426
1629
2986
4190
4990
5316
5125
4477
3513
2324
879
-572
-1537
-2102
-2227
-1801
-891
356
1662
2640
3218
3470
3438
3032
2316
1431
377
-717
-1630
-2291
-2385
-1916
-1172
-327
437
1388
2087
2330
2432
2282
1795
1037
246
-524
-1252
-1655
-1867
-1787
-1499
-1103
-623
6
434
606
449
198
201
-6
-551
-924
-1120
-1179
-1214
-1133
-925
-580
-206
19
167
339
351
310
126
-137
-476
-734
-800
-806
-992
-916
-468
-282
-221
1
274
353
197
32
124
-74
-753
-1574
-2528
-3360
-4062
-4825
-5316
-5684
-5757
-5217
-4373
-3631
-2820
-1860
-1212
-797
-666
-770
-1135
-1668
-2333
-3160
-4162
-4666
-4679
-4374
-3749
-2997
-2080
-1206
-307
266
444
537
474
120
-324
-701
-1286
-1786
-1943
-1759
-1373
-907
-343
217
747
1367
1994
2328
2296
2005
1667
1478
1364
1289
1363
1712
2262
2563
2801
3038
2823
2311
1754
1149
747
559
542
792
1274
1915
2704
3688
4290
4359
4101
3585
2908
2025
1124
455
146
425
1061
2206
3435
4603
5636
6388
6805
6897
6489
5733
4961
4351
3736
3126
2700
2646
3001
3968
5427
7159
8809
9908
10450
10361
9625
8291
6537
4790
3309
2049
1057
525
632
1472
2754
4171
5304
5948
6242
6065
5444
4419
3321
2126
739
-555
-1504
-1769
-1564
-950
-146
871
1772
2400
3005
3352
3176
2552
1672
705
-422
-1609
-2485
-2788
-2742
-2441
-1864
-1154
-323
340
734
1002
1074
844
441
-216
-1056
-1770
-2385
-2595
-2564
-2371
-1837
-1011
-200
281
765
1093
1165
1140
1001
777
539
335
346
464
537
764
1162
1523
1764
1966
2277
2301
2163
2032
1800
1399
1113
1024
881
759
839
1087
1207
1229
1123
1112
1205
1311
1343
1122
768
457
35
-584
-1412
-2200
-3062
-3955
-4514
-4771
-4724
-4477
-4181
-3706
-2926
-2096
-1463
-1097
-850
-904
-1342
-2088
-2978
-4012
-4807
-5396
-5626
-5498
-4956
-4272
-3396
-2634
-1873
-1265
-965
-715
-944
-1399
-1997
-2797
-3385
-3783
-4052
-4168
-3959
-3488
-3083
-2551
-1643
-971
-579
-274
-95
-172
-371
-588
-1007
-1479
-1944
-2464
-2660
-2336
-1721
-1069
-218
646
1286
1454
1368
1116
756
175
-458
-1019
-1446
-1678
-1578
-1146
-668
-260
240
594
608
400
190
-373
-1241
-2101
-2928
-3353
-3369
-3237
-3048
-2648
-2240
-1772
-1555
-1569
-1743
-2250
-3015
-4097
-5195
-5918
-5916
-5189
-3729
-2056
-459
898
1516
1379
483
-958
-2602
-4414
-6142
-7606
-8665
-9003
-8347
-6835
-4878
-3039
-1477
-430
17
53
-585
-1635
-3187
-4903
-6324
-7304
-7697
-7572
-6723
-5396
-4013
-2688
-1281
-308
136
219
-199
-1051
-2171
-3417
-4188
-4774
-5258
-5202
-4654
-3782
-2661
-1519
-526
328
826
902
562
-32
-592
-1178
-1795
-2343
-2826
-3051
-2880
-2455
-1829
-1296
-832
-330
35
157
10
-175
-519
-1082
-1474
-1588
-1693
-1711
-1641
-1397
-1054
-648
-188
193
205
29
-141
-430
-716
-1082
-1296
-1255
-1190
-1098
-921
-644
-237
11
146
392
675
818
937
730
301
-129
-765
-1645
-2572
-3321
-3937
-4197
-4167
-3703
-3098
-2242
-1175
-148
844
1417
1733
1906
1770
1308
647
-118
-734
-1123
-1258
-1167
-780
3
1054
1951
2801
3457
4059
4347
4223
3810
3292
2722
2188
1631
1349
1373
1390
1646
2208
2823
3379
3763
3993
4217
4340
4278
4113
3697
3180
2954
2800
2621
2554
2652
2790
3027
3327
3554
3709
3895
4055
3966
3802
3596
3413
3145
2748
2684
2848
2953
3053
3092
3110
2903
2669
2534
2419
2188
1934
1716
1724
1708
1601
1587
1677
1811
1937
2185
2331
2316
2419
2316
1631
770
-69
-482
-470
-113
853
2287
3728
4666
5073
4992
4591
3989
3064
2043
1139
381
-88
-140
387
1503
2727
3958
4800
5456
5587
5144
4367
3557
2590
1545
579
-219
-555
-319
321
1181
2316
3526
4519
5154
5300
5200
4709
4000
3114
2095
1287
755
446
504
1013
1743
2562
3363
4004
4499
4854
4804
4496
3993
3198
2443
1753
1205
939
730
739
1134
1619
2268
2850
3274
3602
3588
3302
2937
2593
2091
1583
1071
712
732
881
1035
1305
1521
1659
1897
2164
2291
2198
1805
1607
1315
1094
833
691
872
992
1327
1545
1743
1989
2096
2243
2275
2249
2161
1819
1395
811
-83
-819
-1444
-2092
-2650
-2863
-2799
-2400
-1745
-1001
-56
708
1405
1864
2001
2022
1794
1194
234
-725
-1500
-1617
-1440
-1299
-879
81
1195
2040
2797
3441
3768
3671
3249
2695
2049
1370
957
540
230
77
217
786
1384
1989
2317
2589
2979
3077
2840
2407
2021
1644
1246
874
621
531
752
980
1130
1354
1457
1510
1594
1718
1848
1670
1471
1275
959
652
546
594
672
548
314
334
429
287
-47
-163
-359
-661
-767
-908
-954
-1089
-1118
-1069
-978
-851
-842
-784
-731
-610
-515
-828
-1311
-1676
-1538
-966
9
1408
2879
4251
5275
5754
5409
4434
3104
1477
-415
-2394
-4087
-5185
-5558
-5150
-4029
-2072
42
1829
3177
3853
3980
3486
2448
925
-852
-2628
-4284
-5430
-5896
-5694
-4598
-3160
-1796
-575
351
1017
1433
1286
616
-619
-1905
-3174
-4280
-4973
-5337
-5372
-4917
-4039
-3073
-1985
-1061
-465
-231
-232
-369
-846
-1677
-2459
-2965
-3477
-3978
-4317
-4299
-3959
-3513
-3035
-2450
-2058
-1769
-1598
-1672
-1794
-1999
-2259
-2609
-2711
-2550
-2327
-2044
-1548
-922
-329
-120
-178
-215
-180
-258
-591
-881
-1019
-1007
-905
-757
-390
94
416
662
930
1170
1213
1369
1364
1146
890
336
-339
-1116
-1876
-2634
-3340
-3970
-4301
-4228
-3784
-2968
-2032
-1164
-224
551
953
1296
1175
807
-22
-1095
-1795
-2363
-2741
-2875
-2708
-2379
-1743
-777
282
1126
1736
2123
2019
1669
1200
529
-75
-687
-1363
-1828
-1882
-1739
-1473
-1070
-544
117
875
1311
1368
1468
1364
986
585
234
-21
-35
-54
30
219
454
672
814
1114
1451
1710
1726
1719
1637
1563
1334
1125
1103
1225
1198
1167
1342
1510
1430
1235
1149
905
622
561
618
466
239
178
273
301
446
686
752
784
814
845
848
739
428
-183
-672
-877
-610
