-5291
-4737
-4357
-4295
-4321
-4340
-4318
-4460
-4655
-4940
-5240
-5468
-5535
-5418
-5317
-5053
-4743
-4567
-4577
-4424
-4219
-4147
-4112
-4138
-4175
-4650
-5269
-5900
-6785
-7570
-8225
-8830
-9289
-9195
-8710
-8003
-7299
-6563
-5874
-5121
-4319
-3963
-4073
-4405
-5032
-5858
-6749
-7382
-7500
-7359
-6987
-6348
-5532
-4712
-3759
-2770
-2033
-1521
-1406
-1544
-1989
-2686
-3410
-4061
-4536
-4849
-4818
-4500
-4209
-3652
-2976
-2379
-1931
-1835
-1970
-2260
-2685
-3488
-4450
-4938
-5021
-4790
-4044
-3027
-1950
-1212
-988
-1357
-2401
-4109
-5990
-7909
-9755
-11203
-11895
-11891
-10991
-9349
-7621
-6194
-5246
-4757
-5047
-5898
-7258
-9025
-10836
-12230
-13062
-12999
-12059
-10446
-8317
-5716
-3166
-1145
399
1204
1095
341
-659
-2006
-3670
-5264
-6038
-5922
-4638
-2514
249
3236
5754
7428
8202
8053
6941
4887
2226
-672
-3451
-5809
-7384
-7888
-7319
-5897
-3745
-1422
566
2140
2871
2541
1260
-514
-2650
-5280
-7624
-9535
-10701
-10937
-10272
-8834
-7010
-5464
-4181
-3393
-3065
-3301
-4089
-5445
-7151
-9019
-10898
-12232
-12872
-12968
-12644
-11993
-10706
-9090
-7827
-6853
-6036
-5662
-5873
-6689
-7772
-8903
-10140
-11374
-12195
-12598
-12404
-11900
-11095
-10071
-8968
-7725
-6798
-6018
-5466
-5264
-5207
-5059
-4857
-4761
-4658
-4299
-3886
-3341
-2669
-2162
-1758
-1294
-950
-770
-842
-1092
-1370
-1700
-1900
-2041
-2045
-1878
-1707
-1527
-1262
-1273
-1362
-1459
-1615
-1832
-2105
-2339
-2518
-2826
-3329
-4033
-4660
-5351
-5767
-5995
-6134
-6130
-5897
-5395
-4843
-4202
-3483
-2832
-2391
-2339
-2627
-3350
-4409
-5363
-6271
-7061
-7624
-8028
-8231
-7971
-7548
-6879
-6246
-5479
-4857
-4495
-4308
-4385
-4650
-5108
-5620
-6052
-6239
-6404
-6348
-5954
-5211
-4350
-3358
-2332
-1462
-873
-262
263
507
752
826
868
683
-22
-1103
-2221
-3223
-4257
-5062
-5085
-4047
-2307
-420
1455
3008
4242
4960
4870
4024
2340
451
-1308
-2882
-3956
-4002
-3075
-1632
218
2240
4054
5531
6430
6509
5833
4725
3258
1649
217
-955
-1395
-905
328
1989
3894
5717
7152
7977
8311
8483
8529
8594
8623
8604
8528
8194
7676
6987
6376
5516
4281
3094
1803
642
-169
-414
-285
259
1074
2141
3217
4067
4840
5338
5138
4437
3266
2078
882
-313
-1266
-1992
-2324
-2126
-1800
-1244
-514
-46
232
322
250
-64
-734
-1763
-2843
-3709
-4572
-5193
-5337
-5366
-5169
-4879
-4557
-4340
-4368
-4532
-4582
-4457
-4542
-4838
-5073
-5391
-5577
-5399
-5126
-4893
-4638
-4392
-4375
-4163
-4048
-4152
-4463
-4532
-4734
-5192
-5274
-4874
-4462
-3916
-3483
-3066
-2538
-1940
-1435
-1090
-938
-899
-1072
-1574
-2114
-2568
-2768
-3139
-3326
-3167
-2965
-2704
-2546
-2398
-2034
-1681
-1394
-1143
-1069
-1227
-1736
-2558
-3592
-4915
-6372
-7724
-8758
-9543
-10090
-10097
-9802
-9236
-8498
-7535
-6433
-5473
-4732
-4618
-4821
-5235
-6024
-7073
-8227
-9281
-10159
-10491
-10283
-10075
-9639
-9004
-8047
-7134
-6587
-6180
-5986
-6127
-6574
-7053
-7671
-8228
-8540
-8923
-9093
-9018
-8550
-7925
-7096
-6320
-5713
-5207
-4788
-4385
-3991
-3881
-3685
-3504
-3419
-3219
-2855
-2443
-2207
-1886
-1514
-1231
-1002
-820
-851
-867
-1080
-1210
-1223
-1334
-1564
-1618
-1665
-1573
-1417
-1428
-1358
-1469
-1588
-1602
-1667
-1951
-2226
-2444
-2800
-2980
-2923
-2854
-2979
-2819
-2819
-2704
-2566
-2424
-2256
-2334
-2687
-3300
-3916
-4509
-4835
-4404
-3350
-1947
-769
52
527
555
-210
-1434
-2987
-4550
-6075
-7291
-8045
-8450
-8165
-7349
-6235
-4812
-3476
-2372
-1876
-1943
-2484
-3400
-4869
-6471
-7881
-8994
-9700
-9754
-9169
-8232
-7053
-5766
-4664
-3753
-3134
-2854
-3106
-3774
-4825
-6089
-7188
-8147
-8843
-9214
-9011
-8503
-7545
-6273
-5064
-4314
-3837
-3502
-3484
-3762
-4315
-5090
-5776
-6327
-6803
-7100
-7062
-6765
-6427
-6030
-5491
-5133
-4776
-4476
-4615
-4916
-5300
-5768
-6047
-6301
-6557
-6697
-6687
-6518
-6275
-6039
-5679
-5437
-5347
-5312
-5582
-6021
-6319
-6429
-6679
-6988
-7110
-6902
-6709
-6506
-6239
-5910
-5554
-5356
-5232
-5085
-5020
-5091
-5435
-6046
-6828
-7708
-8626
-9425
-10159
-10769
-11077
-11184
-10845
-10205
-9361
-8269
-7222
-6334
-5715
-5496
-5657
-6242
-6971
-7739
-8744
-9465
-9782
-9737
-9356
-8911
-8199
-7081
-6027
-5217
-4585
-4067
-3758
-3665
-3756
-4031
-4468
-4985
-5532
-5852
-5947
-5591
-4929
-4162
-3575
-2934
-2382
-2040
-1601
-1128
-908
-860
-962
-1078
-1073
-980
-937
-935
-662
-243
271
763
986
1048
1062
1232
1454
1447
1349
1330
1314
1222
1057
1004
1114
1133
976
941
918
851
576
286
-19
-50
-96
-124
-24
0
-16
115
231
341
523
521
570
702
505
-38
-748
-1342
-1556
-1107
-126
1140
2530
3790
4619
4877
4487
3590
2496
1338
13
-1254
-2261
-2873
-2816
-2380
-1365
92
1552
2676
3272
3515
3189
2381
1297
258
-1107
-2543
-3427
-3796
-3598
-2933
-1950
-698
471
1323
1955
2048
1736
1010
190
-649
-1666
-2630
-3459
-3961
-3759
-3215
-2577
-1811
-1037
-398
182
419
249
-143
-667
-1264
-2019
-2850
-3475
-3758
-3768
-3638
-3393
-3137
-2566
-1971
-1580
-1270
-1165
-1308
-1695
-2127
-2602
-3143
-3551
-3655
-3589
-3409
-3092
-2723
-2434
-2205
-2057
-1989
-2142
-2417
-2596
-2793
-3089
-3337
-3161
-2945
-2913
-2870
-2722
-2563
-2543
-2478
-2201
-1882
-1847
-1937
-2020
-2336
-2958
-3865
-4950
-5900
-6644
-7190
-7667
-7967
-7781
-7299
-6480
-5665
-4756
-3866
-3332
-3071
-3076
-3535
-4197
-4808
-5726
-6649
-7215
-7407
-7123
-6700
-6243
-5358
-4481
-3723
-2846
-2250
-2163
-2358
-2599
-2937
-3352
-3968
-4398
-4701
-4868
-4715
-4390
-3768
-2960
-2343
-1779
-1290
-795
-580
-603
-732
-852
-962
-1043
-1258
-1297
-1068
-878
-797
-519
-63
394
724
858
1048
1140
1116
1017
944
819
644
526
638
667
625
638
634
543
437
191
-26
-190
-355
-497
-656
-657
-684
-677
-664
-614
-511
-411
-536
-546
-472
-645
-1120
-1845
-2460
-2686
-2540
-1944
-663
953
2404
3407
3739
3426
2618
1598
218
-1238
-2634
-3774
-4482
-4800
-4414
-3435
-2089
-606
536
1281
1704
1426
623
-434
-1666
-2908
-4186
-5117
-5686
-5900
-5372
-4324
-3350
-2394
-1374
-486
-177
-553
-913
-1405
-2363
-3698
-4897
-5708
-5971
-5975
-5784
-5103
-4302
-3431
-2655
-1971
-1564
-1529
-1831
-2392
-3103
-3926
-4967
-5541
-5968
-6007
-5817
-5446
-5058
-4648
-4136
-3812
-3715
-3611
-3658
-3821
-4080
-4440
-4886
-5248
-5372
-5295
-4962
-4672
-4388
-4137
-3925
-3814
-3768
-3771
-3765
-4196
-4662
-4861
-5121
-5401
-5484
-5295
-5081
-4818
-4456
-4251
-3950
-3889
-3934
-3874
-3870
-3871
-4098
-4774
-5621
-6713
-7730
-8310
-8792
-9274
-9392
-9393
-9249
-8803
-7959
-6722
-5759
-4980
-4561
-4585
-4958
-5566
-6343
-7066
-7830
-8524
-8858
-8806
-8408
-7687
-7090
-6264
-5262
-4332
-3736
-3500
-3437
-3642
-4037
-4456
-4939
-5307
-5637
-5813
-5660
-5343
-4930
-4237
-3323
-2286
-1595
-1243
-1026
-1056
-1071
-957
-1066
-1311
-1398
-1175
-1039
-913
-534
-193
109
317
650
1094
1341
1292
1283
1282
1209
936
815
950
974
942
950
1065
1128
1052
823
796
857
638
397
289
132
-132
-240
-232
-115
239
402
460
518
447
465
441
54
-647
-1278
-1903
-2144
-1863
-739
881
2248
3416
4220
4442
3979
2983
1666
407
-735
-1822
-2710
-2961
-2621
-1943
-845
416
1502
2309
2822
2866
2381
1467
324
-1046
-2306
-3226
-3712
-3863
-3703
-2844
-1611
-541
464
1213
1647
1614
1263
698
-157
-1336
-2328
-2837
-3346
-3514
-3331
-2867
-2059
-1142
-354
212
862
1172
946
385
-277
-923
-1651
-2448
-3081
-3381
-3299
-3065
-2544
-2015
-1586
-1134
-766
-707
-767
-842
-1181
-1764
-2312
-2628
-2808
-2837
-2606
-2542
-2468
-2220
-1882
-1428
-1376
-1501
-1709
-1937
-2024
-2129
-2392
-2649
-2863
-2954
-2971
-2662
-2265
-2176
-2034
-1856
-1611
-1500
-1571
-1696
-1959
-2447
-3131
-3827
-4711
-5661
-6460
-6931
-7263
-7417
-7101
-6538
-5802
-4986
-4162
-3302
-2775
-2487
-2665
-3125
-3531
-4193
-5037
-5885
-6471
-6743
-6631
-5993
-5156
-4144
-3193
-2321
-1636
-1231
-1147
-1215
-1546
-1900
-2426
-3055
-3382
-3545
-3641
-3370
-2888
-2299
-1657
-1018
-327
244
479
523
599
533
440
349
284
62
-105
268
704
923
1141
1583
2077
2266
2433
2488
2368
2411
2311
2079
1975
2034
2194
2099
2047
1965
1963
1846
1742
1665
1374
1038
1009
1042
874
676
507
636
799
914
969
940
885
937
1024
1049
969
469
-293
-661
-626
-132
902
2308
3768
4845
5450
5575
5164
4090
2590
1125
-517
-1897
-2810
-3336
-3199
-2381
-1168
374
1890
3117
3854
4101
3753
2917
1653
143
-1295
-2580
-3610
-4156
-4057
-3305
-2450
-1355
-6
1001
1650
1845
1528
1029
385
-585
-1846
-2894
-3732
-4093
-4052
-3615
-3000
-2178
-1365
-688
-229
-59
-40
-185
-582
-1333
-2110
-2949
-3629
-3919
-4027
-4003
-3815
-3454
-2953
-2665
-2460
-2104
-2023
-2140
-2316
-2636
-3020
-3502
-3790
-3741
-3567
-3331
-3071
-2776
-2507
-2246
-1947
-1959
-2167
-2401
-2529
-2732
-3044
-3295
-3277
-3250
-3112
-2652
-2293
-2190
-2267
-2243
-2017
-1747
-1729
-1958
-2107
-2125
-2610
-3642
-4657
-5595
-6413
-7026
-7525
-7614
-7432
-7048
-6191
-5243
-4438
-3587
-3010
-2607
-2710
-3070
-3714
-4480
-5270
-6016
-6628
-6961
-6846
-6467
-6063
-5318
-4280
-3280
-2506
-2153
-1886
-1990
-2142
-2554
-3091
-3569
-4150
-4657
-4955
-4754
-4210
-3649
-3005
-2273
-1435
-940
-589
-417
-399
-454
-440
-466
-444
-516
-575
-450
-231
56
272
642
1098
1387
1487
1685
1842
1900
1883
1744
1741
1872
1914
1741
1544
1480
1505
1641
1610
1536
1458
1362
1231
962
606
456
646
719
669
634
741
894
961
964
1087
1132
934
314
-277
-912
-1367
-1392
-778
362
1766
3037
4067
4517
4412
3679
2560
1432
92
-1276
-2325
-2877
-3029
-2644
-1815
-564
801
2091
2952
3198
3039
2654
1743
373
-1095
-2322
-3365
-4101
-4056
-3317
-2364
-1375
-275
736
1413
1825
1838
1515
775
-254
-1385
-2405
-3188
-3511
-3459
-3112
-2386
-1650
-810
80
871
1289
1236
928
464
-199
-1000
-1662
-2237
-2589
-2745
-2737
-2493
-2050
-1454
-918
-568
-334
-302
-395
-668
-1244
-1833
-2144
-2282
-2354
-2457
-2496
-2211
-1823
-1462
-1239
-1096
-970
-1092
-1286
-1513
-1687
-1895
-2042
-2343
-2540
-2554
-2261
-2063
-1814
-1534
-1428
-1303
-1291
-1123
-1095
-1299
-1606
-1937
-2416
-3365
-4327
-5212
-6143
-6661
-6893
-6887
-6601
-5901
-5107
-4165
-3239
-2462
-2002
-1809
-2144
-2651
-3221
-4028
-4906
-5444
-5925
-6028
-5699
-4985
-4160
-3413
-2413
-1558
-979
-442
-166
-309
-685
-1249
-1851
-2269
-2493
-2545
-2334
-2076
-1517
-962
-123
743
1159
1469
1863
1982
1953
1937
1759
1492
1514
1601
1734
1891
2147
2428
2653
3031
3407
3672
3840
3838
3760
3687
3648
3631
3459
3331
3288
3399
3415
3323
3238
3119
3018
3020
2914
2675
2525
2371
2248
2169
2121
2128
2230
2241
2435
2421
2379
2429
2435
2258
1918
1205
677
388
302
836
1868
3240
4759
5898
6366
6318
5647
4663
3506
2269
1030
-251
-1049
-1201
-986
-267
990
2324
3614
4481
4923
4953
4402
3497
2268
829
-498
-1455
-2067
-2147
-1844
-1075
8
1117
1986
2570
2915
2971
2686
2125
1187
84
-947
-1777
-2308
-2411
-2208
-1669
-1036
-254
636
1169
1541
1690
1554
972
267
-287
-907
-1582
-2224
-2471
-2382
-2057
-1692
-1230
-939
-728
-439
-275
-383
-626
-984
-1398
-1810
-2288
-2454
-2403
-2220
-2011
-1804
-1414
-1086
-804
-788
-820
-924
-1259
-1611
-1718
-1966
-2101
-1984
-1888
-2012
-2030
-1803
-1406
-1096
-950
-843
-777
-869
-848
-990
-1415
-2073
-3018
-4068
-4952
-5612
-6179
-6534
-6594
-6306
-5840
-5199
-4313
-3239
-2421
-1975
-1896
-1903
-2204
-2769
-3551
-4407
-5208
-5752
-6042
-5947
-5522
-4774
-3762
-2865
-2008
-1194
-728
-622
-753
-1121
-1438
-2023
-2683
-3082
-3257
-3174
-2927
-2690
-2096
-1264
-331
300
664
975
1027
1097
1186
1119
1081
873
608
576
750
973
1507
2048
2334
2398
2556
2850
3038
3044
3020
2881
2593
2533
2617
2564
2537
2534
2569
2475
2486
2564
2319
2080
1883
1975
1868
1577
1371
1304
1375
1556
1577
1705
1701
1715
1799
1850
1829
1719
1210
465
-78
-399
-204
588
1871
3472
4841
5539
5662
5338
4711
3683
2316
957
-235
-1155
-1839
-2030
-1460
-274
1317
2625
3541
4012
4105
3768
2954
1887
591
-571
-1535
-2356
-2761
-2796
-2297
-1277
-173
918
1780
2430
2665
2383
1969
1268
216
-878
-1881
-2589
-2872
-2848
-2396
-1594
-774
78
774
1241
1431
1283
1115
606
-116
-925
-1594
-2120
-2562
-2596
-2275
-1949
-1537
-1262
-899
-494
-226
-209
-286
-575
-1006
-1468
-1842
-1985
-2035
-1990
-1975
-1768
-1412
-911
-501
-493
-557
-610
-744
-901
-995
-1293
-1609
-1795
-1728
-1630
-1608
-1370
-1038
-996
-898
-679
-598
-441
-375
-523
-919
-1493
-2321
-3229
-4168
-5064
-5721
-6152
-6301
-6053
-5491
-4492
-3630
-2918
-2280
-1800
-1402
-1131
-1444
-2234
-2917
-3494
-4249
-4928
-5276
-5149
-4720
-4132
-3278
-2438
-1660
-995
-381
-44
42
-207
-676
-1093
-1441
-1875
-2099
-2150
-1986
-1550
-940
-246
601
1328
1642
1953
2276
2498
2625
2489
2178
2074
2006
1966
2007
2212
2595
3114
3550
3904
4110
4253
4339
4245
4207
4222
4168
3940
3734
3835
3827
3780
3671
3670
3752
3725
3596
3486
3323
2874
2606
2550
2547
2510
2457
2572
2634
2622
2662
2741
2911
3074
3110
2891
2468
1894
1199
835
1089
1800
2851
4230
5900
6939
7144
6755
6101
5073
3836
2361
974
61
-573
-745
-199
831
2074
3323
4261
4890
5270
5160
4561
3689
2449
912
-304
-1090
-1553
-1582
-1237
-337
755
1736
2581
3346
3676
3409
3083
2445
1541
572
-322
-1052
-1636
-1881
-1647
-918
80
955
1811
2361
2681
2681
2290
1807
1161
435
-89
-670
-1061
-1412
-1439
-1098
-704
-150
345
653
929
1082
976
632
190
-215
-690
-1003
-1175
-1272
-1195
-921
-569
76
375
413
415
450
392
-14
-475
-697
-786
-746
-651
-509
-389
-162
69
161
209
295
438
607
715
612
303
-286
-1164
-2035
-2836
-3628
-4266
-4882
-5190
-5059
-4709
-4172
-3380
-2615
-1805
-1142
-623
-506
-592
-968
-1634
-2493
-3241
-3788
-4353
-4659
-4445
-3860
-3068
-2190
-1391
-379
298
577
679
583
244
-343
-899
-1332
-1639
-1698
-1777
-1489
-930
-316
272
839
1277
1727
1943
2019
1998
1808
1461
1154
906
1030
1410
1828
2305
2738
2967
2810
2335
1724
1117
673
295
147
451
1148
1994
2763
3455
4037
4262
3998
3457
2624
1777
1016
341
-52
79
814
2033
3397
4698
5673
6377
6808
6997
6684
5907
4975
4135
3491
3032
2505
2306
2779
3757
5071
6823
8484
9554
10095
9996
9328
7957
6283
4619
3142
1828
854
410
607
1245
2433
3838
4944
5692
6046
5892
5268
4246
3011
1851
450
-756
-1718
-1979
-1756
-1231
-538
359
1333
2022
2558
2868
2662
2007
1067
45
-1058
-2031
-2779
-3166
-3172
-2887
-2386
-1588
-736
109
555
705
817
621
363
-195
-1041
-1752
-2348
-2658
-2513
-2237
-1816
-1182
-666
-170
357
914
1217
1205
1021
691
300
-52
-64
28
158
509
1049
1416
1679
1867
1946
2035
1991
1866
1667
1468
1203
829
701
657
547
592
729
1032
1262
1324
1310
1251
1293
1262
1127
800
315
-350
-1084
-2014
-3002
-3860
-4621
-4963
-4874
-4647
-4233
-3647
-2875
-1976
-1404
-1065
-906
-924
-1352
-2230
-3132
-3982
-4656
-5112
-5335
-5186
-4828
-4314
-3585
-2808
-2095
-1418
-1018
-1077
-1240
-1481
-2031
-2730
-3325
-3762
-4055
-4258
-4204
-3754
-3036
-2325
-1688
-1176
-544
-97
-133
-249
-309
-673
-1111
-1540
-2017
-2547
-2646
-2207
-1666
-1128
-463
406
1032
1382
1542
1291
918
206
-493
-924
-1227
-1236
-1234
-1158
-661
-8
441
747
919
885
485
-228
-965
-1617
-2187
-2621
-3027
-3232
-3090
-2546
-1899
-1330
-1019
-1012
-1235
-1735
-2595
-3952
-5198
-5940
-5991
-5151
-3710
-1934
-252
872
1402
1245
420
-785
-2292
-4076
-5849
-7257
-8163
-8339
-7623
-6138
-4528
-2925
-1434
-493
-29
51
-730
-1847
-3174
-4652
-6105
-7046
-7277
-7175
-6533
-5277
-3587
-2073
-1040
-335
77
20
-445
-1139
-2217
-3290
-4100
-4515
-4829
-4693
-4265
-3490
-2515
-1569
-520
350
729
759
649
355
-294
-1040
-1828
-2486
-2812
-2895
-2735
-2239
-1581
-857
-265
112
258
260
159
-263
-735
-1108
-1425
-1666
-1836
-1734
-1548
-1271
-824
-305
25
207
204
216
-33
-379
-651
-963
-1074
-979
-842
-836
-671
-429
-2
91
268
546
806
959
896
941
841
251
-604
-1375
-1982
-2627
-3297
-3770
-3691
-3275
-2732
-2061
-1043
-61
807
1495
1836
1881
1770
1463
864
53
-617
-1026
-1167
-1027
-601
147
1063
1990
2869
3531
4006
4256
4274
3935
3359
2797
2273
1912
1663
1632
1718
1877
2254
2744
3371
3943
4342
4460
4302
4151
3890
3677
3366
3058
2836
2712
2593
2747
3048
3315
3605
3737
3838
3918
3789
3785
3717
3606
3487
3303
3088
3029
2952
2981
3115
3161
3058
2901
2884
2784
2572
2193
1970
2010
1930
1689
1493
1615
1868
1993
2071
2087
2119
2120
2138
2193
1871
1073
80
-567
-657
-366
366
1647
3152
4188
4616
4657
4273
3513
2645
1794
919
262
-35
-23
364
1243
2433
3718
4775
5286
5251
4900
4263
3398
2470
1456
430
-272
-487
-297
326
1376
2429
3425
4212
4741
5022
4924
4561
3829
2997
2144
1448
718
501
607
863
1628
2556
3480
4124
4370
4551
4642
4301
3731
3063
2493
1842
1147
754
754
950
1323
1840
2337
2747
3078
3169
3222
3100
2763
2342
1919
1505
1164
887
844
889
1062
1265
1410
1644
1676
1779
1874
1709
1601
1341
1034
841
681
698
671
688
977
1233
1405
1477
1639
1634
1649
1614
1640
1419
1011
616
10
-867
-1719
-2520
-3061
-3193
-3036
-2661
-2100
-1266
-342
336
1024
1501
1778
1712
1080
277
-342
-1052
-1605
-2042
-2000
-1733
-1257
-384
693
1690
2362
2780
2923
2930
2804
2446
1761
1120
441
6
-107
-113
61
480
927
1329
1806
2339
2631
2592
2335
2052
1653
1304
1117
901
603
514
445
552
796
1056
1375
1607
1669
1516
1448
1359
1124
897
748
550
399
366
342
295
198
214
216
118
-52
-339
-560
-751
-879
-1047
-1113
-1178
-1202
-1220
-1227
-1207
-1040
-1105
-1109
-915
-789
-970
-1373
-1650
-1532
-956
-11
1438
3007
4439
5365
5660
5195
4142
2665
846
-1244
-3247
-4701
-5649
-5982
-5377
-3797
-1875
46
1861
3347
4284
4380
3811
2778
1120
-849
-2662
-4089
-5188
-5645
-5477
-4695
-3314
-1797
-451
474
1173
1627
1339
439
-760
-2158
-3449
-4490
-5327
-5737
-5599
-5204
-4299
-3046
-2101
-1226
-412
-201
-381
-729
-1137
-1742
-2596
-3567
-4303
-4632
-4633
-4474
-4237
-3820
-3102
-2656
-2489
-2406
-2379
-2379
-2625
-2926
-2972
-3029
-3140
-2966
-2612
-2059
-1576
-1326
-1085
-767
-657
-478
-486
-625
-716
-821
-979
-1075
-1029
-871
-591
-138
353
632
848
1015
1194
1354
1413
1226
983
671
25
-814
-1694
-2463
-3089
-3485
-3672
-3645
-3217
-2581
-1835
-958
-27
797
1244
1370
1258
942
358
-542
-1460
-2214
-2572
-2762
-2691
-2241
-1542
-781
86
1074
1700
2032
2033
1742
1370
806
77
-697
-1261
-1677
-1989
-1808
-1407
-1016
-474
92
618
873
1032
1155
1145
839
497
105
-94
-189
-201
-192
-150
74
280
447
743
1280
1577
1437
1289
1304
1402
1399
1225
951
1022
1209
1243
1090
1059
1222
1415
1468
1135
770
632
506
336
228
285
399
442
536
637
772
901
1062
1031
950
630
170
-268
-841
-1348
-1241
