-4912
-4398
-3990
-3594
-3466
-3535
-3681
-3931
-4217
-4359
-4564
-4724
-4751
-4678
-4563
-4270
-3954
-3747
-3594
-3409
-3042
-2842
-2922
-3170
-3502
-3871
-4401
-5136
-6213
-7254
-7947
-8330
-8432
-8285
-7872
-7261
-6646
-5798
-4906
-4192
-3607
-3186
-3089
-3539
-4376
-5238
-5971
-6618
-7076
-7202
-7120
-6726
-5876
-4860
-3886
-2981
-2184
-1726
-1583
-1928
-2350
-2906
-3630
-4439
-5078
-5386
-5416
-5144
-4730
-4299
-3793
-3225
-2747
-2430
-2296
-2622
-3309
-4193
-5070
-5599
-5709
-5415
-4511
-3270
-2136
-1263
-1015
-1421
-2338
-3915
-5713
-7722
-9701
-11093
-11657
-11315
-10241
-8857
-7251
-5989
-4983
-4646
-4798
-5527
-6823
-8720
-10581
-12103
-13052
-13207
-12385
-10418
-7968
-5442
-3146
-1070
447
1325
1533
825
-398
-1755
-3462
-5028
-6330
-6931
-6253
-4629
-2102
770
3294
5442
6748
6940
6204
4537
2521
241
-2120
-4110
-5550
-6211
-6128
-5244
-3763
-1953
-521
567
1144
862
-233
-1927
-3997
-6198
-8081
-9469
-10232
-10178
-9539
-8467
-7005
-5498
-4159
-3308
-2979
-3238
-4100
-5508
-7235
-8909
-10386
-11409
-12234
-12399
-11830
-10863
-9498
-7990
-6653
-5580
-4951
-4737
-5082
-5956
-7121
-8399
-9812
-10925
-11465
-11642
-11496
-10960
-9915
-8699
-7310
-6123
-5043
-4421
-4152
-4083
-3841
-3746
-3901
-3937
-3954
-3755
-3484
-3107
-2400
-1905
-1498
-986
-628
-592
-782
-982
-1213
-1525
-1749
-1968
-2172
-2288
-2295
-2208
-1991
-1932
-2151
-2399
-2566
-2889
-3147
-3292
-3377
-3743
-4267
-4836
-5438
-6128
-6478
-6802
-7153
-7348
-7083
-6597
-5984
-5205
-4402
-3679
-3271
-3143
-3366
-3989
-5021
-6069
-6902
-7717
-8377
-8759
-8704
-8447
-8021
-7202
-6228
-5510
-5028
-4515
-4226
-4244
-4526
-4883
-5290
-5818
-6162
-6016
-5707
-5300
-4763
-3906
-2781
-1831
-1026
-145
500
717
883
1144
1451
1471
1192
434
-620
-1650
-2694
-3794
-4669
-4771
-3866
-2123
-235
1585
3302
4469
5034
5009
4123
2545
627
-1122
-2767
-4073
-4424
-3813
-2338
-558
1301
3327
4870
5858
6038
5273
4098
2667
1182
-317
-1481
-2047
-1843
-839
862
2862
4747
6031
6662
6677
6386
6029
5693
5721
6069
6306
6456
6619
6488
6064
5580
4808
3850
2769
1563
336
-386
-655
-577
-6
941
1985
3125
3811
4154
4199
3901
3107
1937
618
-573
-1659
-2342
-2703
-2560
-2178
-1538
-548
204
782
1244
1160
661
129
-651
-1691
-2748
-3628
-4235
-4596
-4806
-4864
-4669
-4351
-4017
-3770
-3657
-3635
-3892
-4190
-4405
-4559
-4724
-5064
-5211
-5041
-5033
-4727
-4193
-3827
-3705
-3673
-3757
-4021
-4206
-4156
-4150
-4252
-4458
-4644
-4358
-3882
-3466
-2799
-2127
-1638
-1418
-1190
-1100
-1351
-1848
-2115
-2390
-2912
-3485
-3709
-3648
-3593
-3545
-3309
-3020
-2770
-2502
-2190
-1896
-1817
-2025
-2537
-3217
-4259
-5599
-6989
-8384
-9594
-10466
-11073
-11216
-10974
-10280
-9228
-8051
-7008
-6103
-5431
-5206
-5328
-5805
-6678
-7528
-8504
-9548
-10187
-10563
-10626
-10329
-9616
-8696
-7981
-7203
-6473
-6095
-5889
-6087
-6463
-6951
-7620
-8330
-8715
-8877
-8715
-8423
-7855
-7267
-6727
-6043
-5325
-4750
-4260
-3849
-3592
-3338
-3274
-3271
-2959
-2630
-2499
-2250
-2026
-1754
-1419
-1066
-670
-593
-519
-529
-572
-706
-992
-1328
-1390
-1360
-1385
-1514
-1767
-1714
-1607
-1536
-1530
-1817
-2018
-2258
-2530
-2703
-2968
-3188
-3247
-3155
-3073
-2972
-2829
-2872
-2853
-2589
-2297
-2242
-2634
-3317
-4019
-4551
-4707
-4311
-3206
-1842
-653
219
712
647
-15
-1052
-2409
-4025
-5609
-7079
-8144
-8516
-8445
-7692
-6096
-4352
-3073
-2284
-1740
-1644
-2081
-2948
-4135
-5545
-7026
-8196
-9182
-9734
-9336
-8283
-7042
-5676
-4186
-3080
-2606
-2636
-2760
-3204
-4088
-5329
-6523
-7717
-8540
-8790
-8642
-8123
-7308
-6063
-4802
-3932
-3525
-3331
-3220
-3533
-3976
-4551
-5418
-6324
-6743
-6881
-7119
-7017
-6756
-6148
-5481
-5101
-4930
-4886
-4868
-5210
-5492
-5636
-6000
-6362
-6641
-6676
-6655
-6536
-6392
-6226
-5942
-5669
-5507
-5521
-5832
-6156
-6272
-6487
-6755
-6956
-6969
-6906
-6866
-6713
-6607
-6183
-5716
-5544
-5433
-5289
-5179
-5249
-5643
-6169
-6925
-7981
-9113
-9973
-10620
-10978
-11368
-11554
-11203
-10521
-9557
-8274
-7287
-6544
-5916
-5660
-5605
-6061
-6809
-7667
-8541
-9232
-9905
-10208
-9942
-9370
-8512
-7465
-6340
-5242
-4301
-3625
-3402
-3584
-4052
-4662
-5204
-5631
-5906
-6185
-6104
-5849
-5278
-4673
-3930
-3082
-2495
-2024
-1524
-1245
-1057
-999
-1147
-1143
-1244
-1336
-1365
-1295
-1015
-654
-175
74
361
754
1051
1184
1180
1186
1018
921
909
1019
1074
836
576
613
679
719
493
195
-82
-267
-343
-454
-442
-474
-584
-743
-790
-632
-403
-268
-46
138
173
118
-32
-604
-1398
-1949
-2064
-1600
-506
949
2443
3779
4712
4806
4373
3505
2135
867
-319
-1803
-2861
-3328
-3359
-2884
-1684
-250
1043
2099
2715
3005
2800
2140
1008
-379
-1752
-2883
-3706
-4167
-4236
-3660
-2480
-1169
-34
869
1458
1667
1433
822
-68
-1113
-2185
-3072
-3936
-4411
-4315
-3999
-3564
-2604
-1535
-617
-38
159
80
-346
-831
-1439
-2328
-3239
-3910
-4410
-4529
-4225
-3795
-3490
-3092
-2580
-2106
-1801
-1862
-2038
-2374
-2923
-3266
-3431
-3762
-4061
-3954
-3750
-3367
-2753
-2323
-2220
-2198
-2267
-2328
-2493
-2661
-2844
-2967
-3109
-3391
-3614
-3420
-3071
-2971
-2888
-2755
-2595
-2435
-2241
-2062
-2071
-2327
-2808
-3476
-4403
-5423
-6315
-7138
-7695
-8219
-8383
-8155
-7670
-6876
-5992
-5202
-4341
-3746
-3345
-3218
-3439
-4139
-5105
-5969
-6807
-7535
-7818
-7733
-7385
-6686
-5657
-4643
-3845
-3087
-2525
-2272
-2373
-2701
-3006
-3317
-3825
-4318
-4664
-4921
-4647
-4139
-3535
-3019
-2437
-1815
-1266
-851
-641
-458
-443
-623
-874
-1148
-1212
-1114
-856
-524
-271
-64
265
702
1013
1150
1372
1429
1394
1423
1211
995
973
999
858
736
536
537
637
625
583
412
294
95
-203
-391
-421
-449
-515
-490
-418
-465
-478
-367
-373
-409
-498
-611
-1080
-1699
-2325
-2433
-2219
-1619
-414
1009
2567
3664
4089
3887
3203
2162
867
-591
-2176
-3430
-4184
-4561
-4309
-3551
-2345
-799
595
1603
2123
1892
1152
-23
-1446
-2870
-4139
-5154
-5748
-5812
-5370
-4519
-3582
-2535
-1342
-458
-2
-3
-451
-1325
-2422
-3499
-4674
-5687
-6167
-6123
-5761
-5117
-4301
-3497
-2660
-1856
-1397
-1402
-1709
-2280
-3073
-3946
-4774
-5292
-5622
-5979
-6052
-5775
-5125
-4546
-4043
-3792
-3626
-3476
-3469
-3692
-4026
-4482
-4865
-5223
-5274
-5264
-5131
-4899
-4626
-4250
-3908
-3730
-3693
-3573
-3788
-4043
-4409
-4583
-4630
-4894
-5062
-4999
-4730
-4492
-4351
-4264
-4128
-3881
-3671
-3532
-3580
-3816
-4152
-4639
-5382
-6428
-7479
-8388
-9110
-9650
-9912
-9788
-9308
-8526
-7774
-6899
-5878
-5016
-4604
-4482
-4566
-5069
-5757
-6715
-7631
-8489
-9056
-9222
-8935
-7997
-6999
-6031
-5019
-4150
-3636
-3284
-3037
-3053
-3428
-3896
-4598
-5226
-5667
-5842
-5703
-4943
-4146
-3561
-3009
-2489
-1843
-1181
-784
-781
-795
-896
-1050
-1273
-1317
-1177
-1003
-811
-689
-265
230
572
810
1004
1233
1371
1477
1494
1473
1393
1285
1127
1218
1244
1268
1343
1228
1125
1139
1031
665
464
448
447
277
55
2
23
176
332
405
424
520
582
597
586
151
-669
-1615
-2405
-2891
-2937
-2440
-1255
98
1177
1868
2085
1823
1278
533
-320
-1267
-2098
-2523
-2500
-2283
-1536
-469
626
1686
2355
2447
2267
1618
679
-414
-1482
-2580
-3376
-3618
-3462
-2934
-2076
-909
300
1361
2172
2611
2605
2077
1309
411
-386
-1333
-2092
-2493
-2420
-1975
-1330
-438
416
1190
1850
2344
2404
2056
1534
767
-136
-955
-1643
-1980
-1909
-1797
-1642
-1166
-629
-145
450
802
868
758
298
-191
-754
-1424
-1811
-2196
-2450
-2657
-2699
-2470
-2250
-2073
-2014
-1859
-1632
-1688
-2096
-2536
-2753
-2958
-3144
-3113
-3062
-3018
-2983
-2750
-2554
-2502
-2534
-2617
-2650
-2533
-2462
-2562
-2881
-3557
-4476
-5478
-6305
-7073
-7792
-8272
-8246
-7901
-7141
-6373
-5591
-4682
-3930
-3311
-2937
-3030
-3313
-3837
-4550
-5350
-6193
-6705
-6812
-6639
-6099
-5276
-4258
-3165
-2150
-1332
-770
-577
-650
-903
-1220
-1577
-2071
-2466
-2804
-2731
-2369
-1951
-1426
-706
94
853
1327
1574
1732
1696
1580
1513
1455
1198
1196
920
870
1132
1433
1826
2142
2414
2701
3013
3143
3042
2984
2962
2677
2358
2271
2234
2335
2218
2009
2010
1864
1737
1716
1658
1494
1244
1034
958
950
867
684
666
726
829
950
978
930
982
855
782
628
556
832
1559
2494
3843
5408
6804
7694
7982
7735
6913
5415
3367
1150
-1031
-2871
-4170
-4715
-4529
-3340
-1345
865
2916
4599
5714
6063
5890
5032
3477
1546
-478
-2343
-3885
-4722
-4662
-4084
-3032
-1680
-385
866
1841
2556
2550
1869
805
-534
-1872
-3187
-4391
-5195
-5537
-5431
-4853
-3875
-2733
-1805
-923
-373
-266
-263
-589
-1287
-2144
-3045
-3772
-4387
-4670
-4750
-4911
-4689
-4285
-3941
-3595
-3159
-3017
-3288
-3301
-3275
-3604
-3889
-3877
-3796
-3498
-3015
-2607
-2290
-2020
-1691
-1441
-1538
-1692
-1913
-2166
-2356
-2586
-2586
-2466
-2346
-2150
-1754
-1370
-1230
-961
-634
-422
-362
-629
-828
-1098
-1438
-2109
-3013
-3850
-4780
-5769
-6536
-6726
-6715
-6526
-5985
-5129
-4121
-3212
-2355
-1714
-1387
-1532
-2113
-2725
-3495
-4430
-5423
-6330
-6823
-6856
-6500
-5883
-5098
-4208
-3196
-2395
-1839
-1567
-1577
-2020
-2629
-3336
-4033
-4617
-5135
-5359
-5223
-4600
-3928
-3377
-2712
-2129
-1609
-946
-518
-382
-408
-521
-674
-1019
-1255
-1145
-991
-749
-313
-31
328
805
1208
1552
1782
1799
1913
2038
1910
1688
1619
1749
1790
1680
1683
1653
1823
1716
1466
1415
1233
982
687
609
670
610
761
875
929
1011
1166
1263
1328
1372
1217
978
765
183
-540
-1168
-1367
-1186
-513
476
1514
2416
2891
2788
2292
1425
233
-1083
-2246
-3237
-3764
-3811
-3327
-2066
-503
1021
2378
3247
3604
3210
2574
1547
33
-1624
-3249
-4619
-5320
-5348
-4676
-3475
-2155
-837
434
1542
2068
2174
1960
1383
425
-740
-1773
-2620
-3122
-3046
-2598
-2129
-1539
-599
467
1310
1864
1959
1666
1318
755
-92
-1022
-1658
-1999
-2192
-2202
-2016
-1527
-781
-161
237
698
776
510
178
-13
-198
-619
-1057
-1378
-1619
-1635
-1506
-1333
-1145
-979
-906
-918
-969
-1277
-1551
-1808
-1961
-2195
-2391
-2594
-2538
-2529
-2307
-2078
-1883
-1690
-1701
-1739
-1554
-1550
-1881
-2305
-2811
-3367
-4393
-5445
-6272
-7288
-7856
-7958
-7746
-7202
-6602
-5735
-4687
-3864
-3177
-2665
-2471
-2488
-2938
-3733
-4572
-5434
-6090
-6521
-6622
-6156
-5195
-4133
-3079
-2095
-1205
-524
-186
54
-45
-333
-831
-1293
-1747
-2215
-2319
-2033
-1591
-998
-419
193
948
1557
2149
2469
2674
2794
2740
2449
2222
2143
2170
2125
2160
2512
2931
3291
3484
3799
4139
4177
4316
4348
4260
4215
4016
3872
3628
3663
3660
3670
3718
3675
3644
3385
3148
3001
2865
2614
2319
2112
2146
2117
2182
2188
2116
2079
2255
2518
2510
2356
2262
2028
1425
740
366
418
990
2145
3531
4762
5845
6360
6410
6061
5176
3947
2665
1357
101
-798
-1085
-900
-139
1056
2492
3821
4735
5298
5321
4902
4079
3000
1764
352
-748
-1528
-1878
-1606
-769
429
1389
2201
2943
3492
3737
3401
2727
1947
1045
-58
-1015
-1813
-2142
-1917
-1409
-707
47
862
1559
2034
2156
2003
1459
768
112
-614
-1397
-2014
-2308
-2274
-2001
-1709
-1416
-1101
-654
-271
-107
-246
-382
-540
-989
-1691
-2222
-2443
-2352
-2204
-2032
-1784
-1428
-1034
-858
-668
-637
-761
-990
-1274
-1676
-1980
-2039
-2004
-2022
-2068
-1970
-1685
-1351
-1149
-933
-756
-680
-664
-721
-878
-1060
-1752
-2812
-3843
-4764
-5522
-6096
-6490
-6530
-6210
-5612
-4994
-4315
-3305
-2255
-1527
-1455
-1672
-2086
-2710
-3564
-4438
-5113
-5629
-5910
-5718
-5237
-4575
-3680
-2710
-1881
-1110
-644
-603
-761
-1109
-1624
-2101
-2654
-3158
-3449
-3387
-3159
-2631
-1946
-1432
-970
-309
406
953
979
846
930
949
812
747
838
740
697
914
1338
1619
1779
2158
2523
2686
2758
2805
2908
2837
2632
2532
2414
2481
2418
2248
2237
2211
2162
2201
2161
2026
1687
1559
1521
1508
1454
1346
1308
1390
1591
1726
1576
1358
1415
1611
1514
1308
907
383
-38
-256
34
981
2432
3938
5107
5743
5881
5619
4823
3754
2386
862
-602
-1666
-2181
-2180
-1582
-513
792
2252
3422
4094
4241
3932
3227
2033
568
-796
-2017
-2956
-3418
-3155
-2371
-1330
-264
581
1477
2175
2481
2228
1592
774
-213
-1131
-2188
-3114
-3481
-3174
-2676
-2157
-1421
-497
400
1055
1146
1057
849
422
-308
-1168
-1859
-2468
-2979
-3005
-2535
-2173
-1846
-1368
-827
-576
-401
-289
-365
-799
-1415
-1683
-1727
-1850
-2048
-2245
-2189
-1849
-1360
-989
-748
-672
-661
-707
-936
-1221
-1473
-1716
-1807
-1776
-1804
-1631
-1351
-1222
-1041
-1011
-954
-733
-655
-578
-581
-790
-1223
-1767
-2475
-3431
-4522
-5372
-5896
-6105
-6069
-5907
-5535
-4951
-4148
-3295
-2395
-1681
-1371
-1379
-1925
-2480
-3125
-3775
-4538
-5145
-5467
-5369
-4841
-4183
-3431
-2624
-1734
-898
-407
-168
-137
-329
-653
-1192
-1784
-2188
-2399
-2421
-2341
-1881
-1226
-744
-233
398
1049
1536
1821
2045
2016
1702
1607
1613
1601
1574
1702
1938
2183
2576
2870
3104
3488
3760
3644
3522
3543
3689
3745
3490
3169
3120
3133
3095
3115
3147
3190
3209
3122
2938
2751
2592
2128
1889
1864
1791
1814
1923
1952
2103
2071
2058
2179
2270
2295
2129
1732
1277
643
228
360
1068
2376
3950
5558
6469
6742
6381
5494
4480
3289
1959
610
-594
-1368
-1580
-1163
1
1422
2688
3790
4737
5206
4979
4334
3408
2175
903
-377
-1425
-2039
-2217
-1797
-929
265
1260
2176
2983
3314
3435
3136
2519
1510
382
-570
-1423
-2037
-2034
-1638
-1019
-302
404
1178
1869
2378
2559
2437
1960
1166
375
-419
-1129
-1520
-1696
-1556
-1343
-1043
-530
45
520
731
633
540
319
-54
-515
-798
-1088
-1318
-1172
-954
-749
-477
50
447
593
612
392
97
-62
-184
-343
-691
-946
-969
-854
-593
-292
5
128
302
333
334
448
362
201
45
-380
-1025
-1816
-2691
-3618
-4311
-4879
-5160
-5005
-4700
-4023
-3168
-2152
-1284
-778
-360
-187
-337
-841
-1509
-2295
-3152
-3911
-4154
-4139
-4055
-3592
-2785
-1692
-654
202
788
1134
1167
831
313
-221
-704
-1169
-1527
-1680
-1506
-1064
-473
79
691
1339
1912
2244
2447
2479
2382
2098
1856
1637
1453
1670
2187
2703
3026
3314
3335
3153
2817
2316
1663
1233
936
940
1123
1625
2295
3162
3819
4224
4373
4167
3661
3078
2322
1295
579
286
639
1449
2475
3497
4730
5896
6660
7084
7226
6976
6334
5430
4506
3897
3392
3011
2832
3304
4469
5952
7637
9128
10060
10499
10424
9808
8557
6917
5182
3630
2209
1329
950
1208
1968
2915
4147
5257
6069
6430
6495
5980
4928
3626
2266
998
-214
-1260
-1716
-1563
-1073
-257
583
1509
2436
3110
3331
2986
2279
1514
612
-467
-1673
-2488
-2851
-2883
-2735
-2210
-1456
-646
-50
548
997
1097
928
586
-205
-1077
-1672
-2066
-2359
-2515
-2250
-1761
-1240
-584
81
664
1032
1178
1109
997
774
542
218
29
-11
201
620
1068
1561
2080
2389
2463
2433
2334
2056
1794
1651
1404
1112
805
694
926
1165
1202
1336
1342
1476
1554
1531
1455
1274
1210
1038
683
9
-998
-2080
-2899
-3672
-4356
-4745
-4874
-4644
-4288
-3679
-2849
-1922
-1052
-701
-783
-880
-1218
-2071
-3059
-4023
-4734
-5116
-5310
-5187
-4768
-4079
-3378
-2558
-1772
-1194
-759
-606
-758
-1418
-2249
-2849
-3278
-3818
-4153
-4297
-4092
-3664
-3007
-2416
-1878
-1190
-612
-268
-67
-128
-241
-382
-907
-1490
-1955
-2384
-2429
-2102
-1504
-814
-133
570
1207
1457
1389
1234
835
371
-410
-1183
-1467
-1483
-1272
-1068
-688
-149
317
692
829
654
214
-323
-1030
-1825
-2532
-2968
-3161
-3180
-3065
-2490
-1965
-1652
-1488
-1384
-1377
-1728
-2554
-3942
-5163
-5862
-5749
-4961
-3582
-1919
-243
1048
1587
1480
610
-745
-2431
-4218
-5858
-7368
-8384
-8487
-7846
-6670
-4966
-3082
-1460
-481
150
168
-557
-1606
-3127
-4846
-6301
-7289
-7658
-7414
-6547
-5329
-3903
-2585
-1341
-387
155
59
-335
-886
-1737
-2745
-3875
-4897
-5240
-4981
-4466
-3696
-2508
-1454
-595
331
906
1144
1068
509
-340
-1140
-1929
-2503
-2718
-2775
-2477
-2124
-1659
-1117
-525
-81
320
564
408
112
-337
-889
-1305
-1531
-1710
-1865
-1630
-981
-499
-104
210
470
483
308
24
-230
-528
-716
-899
-1053
-1028
-923
-739
-530
-183
101
381
570
737
877
1012
960
730
65
-762
-1553
-2323
-2999
-3608
-3857
-3799
-3603
-3177
-2302
-1086
-35
783
1392
1810
1993
1844
1426
889
250
-306
-674
-865
-896
-520
241
1142
2203
3243
3957
4186
4275
4180
3933
3563
2929
2356
1935
1608
1479
1658
1892
2296
2902
3455
4006
4406
4548
4509
4155
3848
3703
3504
3133
2771
2694
2803
2940
3070
3436
3632
3615
3765
3881
3933
3986
3703
3483
3456
3349
3225
3139
3037
2959
2907
2885
2849
2790
2807
2842
2548
2277
2180
2102
1933
1866
1900
2099
2207
2284
2311
2353
2437
2313
2471
2467
2025
1392
757
405
603
1380
2591
4054
5413
6436
6920
6895
6278
5167
3996
2803
1584
494
-263
-465
82
976
2239
3728
4867
5646
6059
6073
5498
4547
3478
2074
823
19
-556
-813
-414
497
1570
2807
3837
4568
4905
4884
4649
4057
2959
1836
984
223
-365
-398
16
660
1535
2327
2980
3411
3707
3891
3625
3185
2471
1688
1099
512
209
-45
-4
224
401
1008
1627
2165
2406
2325
2241
2036
1661
1347
1129
774
482
516
803
1047
1306
1610
1857
2181
2308
2308
2301
2013
1756
1616
1431
1473
1576
1583
1619
1778
1935
2120
2382
2496
2594
2720
2860
2788
2416
1869
1268
565
-171
-943
-1711
-2271
-2471
-2415
-2012
-1458
-679
211
979
1762
2238
2451
2247
1832
1053
244
-417
-1072
-1452
-1631
-1460
-831
-36
735
1622
2593
3081
3192
3163
2857
2167
1533
1001
431
-67
-464
-521
-332
13
491
907
1368
1736
2002
2118
2054
1825
1445
967
552
360
117
86
286
491
761
1128
1254
1356
1295
1287
1315
1243
1139
1045
849
756
506
479
500
326
252
361
481
414
304
38
-494
-744
-821
-832
-866
-930
-1065
-991
-633
-458
-489
-620
-580
-692
-695
-855
-1417
-2271
-2773
-2705
-1933
-797
562
2120
3402
4152
4165
3533
2538
1206
-426
-1836
-2945
-3856
-4488
-4437
-3460
-2155
-707
622
1799
2485
2618
2263
1386
59
-1462
-2922
-4135
-4918
-5188
-4860
-4093
-3128
-2009
-721
239
777
1026
900
333
-582
-1745
-2887
-3679
-4328
-4652
-4419
-3882
-3192
-2260
-1360
-390
186
389
154
-189
-735
-1585
-2330
-2929
-3440
-3784
-3926
-3540
-2912
-2388
-2060
-1517
-1105
-1018
-1070
-1206
-1427
-1601
-2004
-2347
-2420
-2439
-2268
-1784
-1291
-904
-737
-582
-473
-517
-642
-820
-985
-1067
-1094
-1195
-1241
-1197
-1135
-820
-462
-175
13
59
242
467
556
508
331
-183
-921
-1733
-2671
-3410
-4005
-4517
-4839
-4915
-4642
-3972
-2999
-2025
-1109
-364
269
488
358
32
-553
-1172
-1811
-2387
-2898
-3047
-3054
-2650
-1780
-684
321
1019
1522
1784
1863
1838
1503
782
101
-423
-1020
-1429
-1535
-1318
-854
-507
11
722
1263
1452
1552
1704
1834
1593
1143
810
490
337
246
206
426
716
1016
1205
1490
1711
1812
1866
1623
1510
1410
1185
1073
1013
867
890
922
977
1087
1080
1123
1048
910
749
446
326
246
148
-56
-113
-79
55
227
170
159
267
372
456
359
-26
-225
-212
195
977
