-4998
-4606
-4260
-3898
-3696
-3608
-3789
-4129
-4349
-4563
-4829
-4766
-4728
-4559
-4498
-4392
-4107
-3664
-3533
-3560
-3420
-3296
-3122
-3059
-3250
-3692
-4424
-5507
-6436
-7358
-8270
-8801
-8842
-8738
-8469
-7488
-6403
-5574
-4919
-4220
-3455
-3011
-3187
-3742
-4378
-5162
-6076
-6818
-7195
-7358
-7137
-6410
-5513
-4455
-3454
-2622
-1970
-1749
-1629
-1830
-2476
-3092
-3810
-4652
-5278
-5470
-5397
-5207
-4876
-4264
-3463
-2996
-2663
-2519
-2490
-3028
-3697
-4507
-5198
-5418
-5447
-5304
-4674
-3562
-2258
-1375
-1009
-1447
-2676
-4352
-6325
-8220
-9915
-11396
-12119
-11835
-10780
-9316
-7629
-5999
-5007
-4636
-4776
-5641
-7337
-9185
-10883
-12204
-13112
-13181
-12400
-10683
-8332
-5734
-3139
-916
668
1337
1331
532
-616
-2067
-3729
-5407
-6738
-7116
-6410
-4651
-2103
801
3518
5609
6771
6955
6019
4371
2341
105
-2099
-4082
-5694
-6331
-5936
-4746
-3270
-1613
-231
530
832
452
-721
-2238
-4146
-6227
-8259
-9836
-10589
-10572
-9735
-8423
-6833
-5294
-4222
-3447
-3106
-3509
-4404
-5755
-7366
-8948
-10329
-11581
-12193
-12299
-11781
-10673
-9106
-7677
-6322
-5327
-4912
-4859
-5243
-6174
-7327
-8555
-9697
-10703
-11417
-11597
-11443
-10863
-9693
-8423
-7067
-5781
-4787
-4203
-3802
-3563
-3440
-3608
-3787
-3796
-3853
-3720
-3508
-2923
-2168
-1529
-1053
-843
-705
-564
-616
-866
-1214
-1331
-1557
-1821
-1737
-1585
-1540
-1729
-1711
-1674
-1878
-2188
-2376
-2479
-2713
-3195
-3487
-3799
-4164
-4637
-5208
-5856
-6469
-6868
-6941
-7061
-6976
-6485
-5800
-4859
-3911
-3287
-3135
-3216
-3586
-4244
-4893
-5593
-6556
-7471
-8066
-8477
-8689
-8530
-7831
-6826
-5974
-5196
-4566
-4210
-4082
-4076
-4345
-4786
-5002
-5407
-5677
-5632
-5343
-4853
-4016
-2835
-1724
-938
-262
415
1004
1444
1697
1911
1958
1705
1274
622
-217
-1196
-2374
-3474
-4056
-4010
-3052
-1349
525
2317
3875
4893
5586
5596
4576
2899
917
-1076
-2746
-3891
-4324
-3595
-2032
-159
1842
3712
5194
6070
6106
5484
4431
2933
1260
-204
-1210
-1784
-1684
-688
1213
3501
5469
6619
7046
6992
6773
6436
6159
6018
6287
6735
7100
7217
7009
6526
5824
4956
4050
3008
1695
639
34
-187
-119
560
1701
2896
3803
4482
4956
4905
4322
3400
2322
1208
28
-1160
-1831
-2117
-2034
-1530
-827
-60
694
1427
1872
1927
1604
944
-29
-1175
-2179
-2907
-3374
-3788
-4071
-4188
-4064
-3755
-3225
-2898
-2970
-3108
-3226
-3447
-3809
-4181
-4303
-4273
-4397
-4552
-4531
-4136
-3737
-3189
-2891
-2850
-3054
-3433
-3609
-3630
-3739
-3761
-3821
-3719
-3462
-3026
-2517
-2148
-1709
-1149
-793
-702
-738
-755
-1061
-1475
-1869
-2445
-2860
-3140
-3084
-2954
-2815
-2653
-2485
-2127
-1914
-1853
-1792
-1573
-1612
-2077
-2801
-3942
-5287
-6613
-7795
-9038
-9954
-10441
-10433
-10163
-9483
-8478
-7313
-6147
-5122
-4550
-4386
-4605
-5260
-6134
-7177
-8173
-9095
-9519
-9847
-9877
-9339
-8567
-7829
-7031
-6103
-5646
-5401
-5299
-5452
-5789
-6231
-7005
-7746
-8176
-8408
-8310
-7937
-7305
-6781
-6149
-5421
-4654
-4128
-3764
-3380
-3004
-2803
-2874
-2781
-2687
-2616
-2389
-2120
-1836
-1487
-1003
-562
-226
-45
21
-41
-264
-555
-854
-1071
-1122
-1165
-1163
-1166
-1291
-1275
-1279
-1319
-1419
-1623
-1695
-1922
-2351
-2733
-2886
-2973
-3154
-3324
-3349
-3133
-2930
-2645
-2291
-2171
-2144
-2250
-2635
-3076
-3649
-4300
-4471
-3884
-2781
-1580
-358
641
1144
942
103
-1065
-2524
-4170
-5722
-6980
-8014
-8497
-8055
-7084
-5856
-4299
-2775
-1598
-1007
-1093
-1748
-2951
-4361
-5784
-7251
-8602
-9385
-9415
-8800
-7678
-6340
-4972
-3907
-3136
-2554
-2250
-2495
-3203
-4221
-5135
-6177
-7386
-8087
-8412
-8166
-7495
-6551
-5528
-4519
-3757
-3243
-2844
-2861
-3264
-3913
-4656
-5455
-6173
-6767
-6919
-6841
-6512
-6189
-5771
-5189
-4881
-4750
-4657
-4519
-4681
-5081
-5452
-5879
-6183
-6669
-6855
-6727
-6523
-6136
-5691
-5373
-5175
-5079
-5229
-5528
-5755
-5991
-6294
-6516
-6657
-6736
-6605
-6468
-6151
-5776
-5437
-5101
-4872
-4769
-4672
-4623
-4845
-5383
-6013
-6704
-7461
-8492
-9557
-10345
-10780
-11028
-11041
-10592
-9670
-8649
-7794
-6882
-5942
-5557
-5342
-5347
-5782
-6485
-7405
-8403
-9157
-9525
-9536
-9065
-8218
-7445
-6513
-5407
-4507
-3726
-3065
-2745
-2936
-3515
-4096
-4714
-5196
-5406
-5673
-5689
-5474
-4950
-4359
-3725
-2909
-2147
-1648
-1217
-864
-704
-766
-803
-871
-1023
-1146
-1108
-915
-686
-480
-44
495
789
871
1077
1269
1338
1295
1207
1229
1066
850
832
737
768
829
814
692
570
393
64
-119
-327
-391
-327
-501
-420
-265
-244
-186
10
208
311
397
353
222
47
-464
-1140
-1591
-1626
-964
106
1555
3188
4559
5250
5485
5056
4028
2729
1452
-39
-1437
-2387
-2966
-2926
-2310
-1319
93
1605
2870
3627
3646
3239
2424
1170
-118
-1333
-2491
-3362
-3767
-3751
-3158
-2009
-839
99
1042
1606
1835
1794
1198
181
-993
-1976
-2996
-3643
-3919
-4023
-3643
-2961
-2128
-1256
-454
37
240
286
-53
-658
-1463
-2321
-3025
-3533
-3936
-4080
-3900
-3437
-2948
-2527
-2094
-1715
-1540
-1613
-1779
-2085
-2548
-3070
-3272
-3321
-3472
-3467
-3373
-3023
-2577
-2210
-2074
-1891
-1899
-1958
-2221
-2615
-2708
-2959
-3324
-3427
-3287
-3111
-2771
-2449
-2272
-2311
-2355
-2283
-1977
-1683
-1722
-2097
-2475
-3114
-3926
-4987
-6084
-6848
-7248
-7562
-7766
-7584
-7048
-6302
-5423
-4500
-3816
-3263
-2860
-2817
-3287
-4060
-4770
-5596
-6538
-7176
-7379
-7320
-6960
-6079
-5209
-4298
-3433
-2590
-1804
-1618
-1862
-2179
-2534
-3100
-3794
-4317
-4627
-4574
-4388
-4167
-3624
-3019
-2309
-1672
-1128
-809
-718
-583
-442
-635
-1073
-1399
-1402
-1304
-1111
-993
-633
-150
68
399
765
1116
1304
1236
1190
1349
1148
923
826
789
790
668
654
770
870
803
612
372
35
-129
-183
-317
-502
-640
-656
-674
-673
-558
-389
-292
-279
-386
-493
-586
-866
-1576
-2233
-2514
-2273
-1328
-35
1457
2937
3858
4339
4285
3460
2088
326
-1219
-2405
-3393
-4211
-4469
-4034
-3078
-1770
-486
746
1740
2048
1710
1155
244
-1107
-2615
-3969
-4974
-5706
-5745
-5263
-4330
-3076
-1950
-895
-62
377
476
-20
-873
-1979
-3227
-4209
-5023
-5565
-5696
-5543
-4804
-3758
-2735
-1870
-1366
-1038
-943
-1142
-1863
-2953
-3749
-4421
-5204
-5828
-5835
-5538
-5245
-4718
-4118
-3582
-3389
-3142
-3013
-3029
-3323
-3920
-4389
-4702
-4920
-5156
-5237
-4932
-4564
-4269
-3921
-3629
-3441
-3329
-3295
-3448
-3810
-4037
-4350
-4673
-4836
-4814
-4802
-4680
-4469
-4180
-3843
-3388
-3330
-3401
-3517
-3721
-3805
-4006
-4490
-5460
-6564
-7584
-8360
-9099
-9611
-9760
-9634
-9137
-8234
-7293
-6416
-5553
-4889
-4392
-4223
-4488
-5017
-5787
-6652
-7635
-8440
-8906
-8794
-8346
-7624
-6710
-5864
-4839
-3978
-3521
-3140
-2748
-2853
-3177
-3777
-4566
-5135
-5489
-5617
-5503
-4990
-4429
-3822
-3039
-2448
-1943
-1409
-887
-689
-688
-720
-945
-1168
-1297
-1109
-1017
-860
-496
-156
312
647
939
1183
1375
1468
1584
1703
1639
1463
1399
1285
1151
1138
1194
1324
1384
1338
1282
1156
920
625
429
213
91
72
93
-26
42
378
621
611
568
572
553
449
80
-622
-1808
-2866
-3382
-3192
-2583
-1552
-270
903
1600
1936
1820
1203
403
-377
-1282
-1967
-2373
-2434
-2133
-1344
-96
1082
1797
2193
2590
2383
1498
454
-665
-1783
-2781
-3515
-3870
-3672
-2818
-1765
-635
386
1266
2162
2458
2167
1886
1414
499
-565
-1400
-2296
-2803
-2670
-2168
-1336
-468
347
1131
1773
2065
2050
1684
1293
684
-82
-917
-1697
-2164
-2257
-2003
-1623
-1020
-497
-129
351
717
736
512
300
-86
-771
-1554
-2077
-2418
-2675
-2932
-2820
-2735
-2459
-2231
-2002
-1936
-2050
-2234
-2446
-2719
-3029
-3331
-3549
-3626
-3590
-3534
-3407
-3326
-3282
-3061
-2873
-2914
-2894
-2841
-2984
-3262
-3801
-4337
-5036
-5969
-6910
-7612
-8262
-8654
-8740
-8450
-7751
-6867
-5849
-4954
-4113
-3435
-3022
-3044
-3580
-4296
-5080
-5789
-6512
-7017
-7150
-6836
-6137
-5269
-4355
-3314
-2321
-1476
-845
-654
-861
-1059
-1516
-2047
-2492
-2886
-3146
-3071
-2755
-2277
-1530
-700
30
656
1171
1533
1664
1511
1256
1176
1044
860
711
773
983
1224
1422
1654
1971
2308
2456
2495
2643
2789
2663
2548
2408
2379
2323
1969
1783
1770
1765
1764
1570
1472
1494
1283
1042
960
722
494
273
341
636
607
507
536
642
679
611
499
543
625
527
594
955
1682
2865
4330
5742
6903
7879
8119
7771
6830
5181
2964
659
-1488
-3374
-4655
-5143
-4764
-3403
-1397
996
3207
4946
6039
6279
5722
4442
2882
988
-1132
-2887
-4249
-4932
-5141
-4705
-3554
-2016
-446
883
1858
2258
2064
1386
392
-969
-2480
-3954
-5019
-5668
-6074
-6060
-5420
-4325
-3099
-1926
-1131
-540
-337
-409
-762
-1585
-2535
-3443
-4423
-4997
-5272
-5624
-5657
-5249
-4713
-4433
-4283
-4086
-3677
-3578
-3616
-3595
-3697
-3886
-4051
-4065
-3926
-3489
-2978
-2560
-2037
-1653
-1589
-1729
-1910
-2076
-2337
-2646
-2885
-2966
-2862
-2673
-2470
-1981
-1473
-1034
-962
-897
-686
-485
-624
-1007
-1394
-1627
-2360
-3384
-4511
-5466
-6149
-6640
-6856
-6918
-6662
-6054
-5251
-4381
-3381
-2255
-1530
-1519
-1638
-2146
-3100
-4055
-4999
-5893
-6668
-7115
-7117
-6687
-5915
-5044
-4209
-3509
-2761
-2219
-1945
-1983
-2426
-2964
-3551
-4187
-4779
-5343
-5574
-5530
-5244
-4454
-3641
-2903
-2006
-1446
-1035
-727
-719
-773
-829
-956
-1075
-1147
-1265
-1236
-855
-417
-33
360
819
1244
1730
1882
1901
2055
1973
1938
1925
1883
1819
1756
1942
2208
2144
1932
1980
2142
1886
1421
1266
1167
1096
1109
1014
964
1086
1396
1440
1566
1702
1784
1731
1661
1607
1111
249
-598
-1086
-1281
-852
27
1129
2140
2781
3135
3046
2461
1498
410
-678
-1746
-2749
-3330
-3166
-2447
-1440
-28
1521
2784
3526
3604
3368
2784
1606
56
-1572
-3096
-4056
-4596
-4656
-4067
-3143
-1871
-497
785
1750
2412
2523
2282
1658
746
-406
-1516
-2325
-2713
-2574
-2214
-1542
-783
-150
855
1741
2185
2405
2312
1962
1220
340
-466
-1161
-1602
-1737
-1646
-1490
-1172
-514
175
583
910
1175
1165
839
552
254
-246
-511
-791
-1082
-1246
-1260
-1025
-647
-600
-677
-624
-754
-1090
-1438
-1597
-1723
-1823
-2049
-2209
-2141
-2048
-2064
-1878
-1688
-1551
-1622
-1575
-1537
-1726
-1857
-2169
-2695
-3475
-4466
-5379
-6225
-7034
-7577
-7780
-7715
-7214
-6143
-5115
-4261
-3477
-2916
-2537
-2446
-2627
-3140
-3893
-4780
-5610
-6019
-6190
-6281
-5931
-5222
-4323
-3307
-2240
-1257
-588
-203
-218
-362
-661
-1013
-1371
-1899
-2304
-2489
-2422
-2054
-1518
-789
52
944
1694
2310
2680
2894
2723
2441
2324
2167
2141
2072
2074
2374
2726
2934
3183
3528
3871
3985
4070
4261
4278
4186
3861
3666
3633
3597
3402
3259
3241
3151
3211
3241
3136
3066
2916
2604
2370
2342
2211
2248
2208
1888
1716
1862
2097
2189
2071
1926
1926
1776
1446
853
309
67
77
771
1864
3304
4728
5920
6578
6527
5914
4850
3752
2555
1017
-314
-1213
-1514
-1124
-277
1044
2418
3660
4689
5160
5204
4776
3904
2616
1136
-154
-1161
-1837
-2119
-1750
-840
421
1436
2173
2928
3312
3409
3318
2815
1937
968
-155
-1230
-1782
-1978
-1832
-1450
-608
389
1039
1574
2194
2464
2114
1557
779
-64
-790
-1535
-2040
-2284
-2400
-2099
-1654
-1303
-909
-461
-30
246
-64
-561
-882
-1251
-1688
-1906
-2051
-2160
-2083
-1939
-1673
-1314
-943
-630
-462
-545
-589
-734
-1003
-1257
-1512
-1842
-1971
-1774
-1574
-1450
-1280
-1095
-1108
-894
-663
-394
-325
-528
-751
-1339
-2190
-2955
-3847
-4554
-5191
-5834
-6325
-6368
-5953
-5327
-4506
-3424
-2533
-1866
-1340
-1104
-1222
-1746
-2476
-3132
-3783
-4462
-5103
-5311
-5073
-4547
-3823
-2942
-2055
-1276
-388
23
4
-112
-452
-1122
-1830
-2345
-2672
-2933
-2942
-2648
-2137
-1429
-665
34
563
930
1151
1374
1526
1443
1223
1044
827
793
840
1092
1237
1383
1779
2061
2248
2637
3061
3284
3142
3211
3169
2844
2550
2410
2585
2616
2472
2399
2628
2676
2514
2258
2002
1725
1701
1671
1424
1399
1476
1401
1398
1512
1806
1976
1996
1954
1805
1630
1410
839
101
-223
-206
90
1041
2601
4253
5477
6049
6103
5753
4955
3728
2365
1022
-174
-1295
-1939
-1938
-1260
28
1468
2701
3619
4313
4538
4109
3340
2263
822
-555
-1718
-2700
-3060
-2979
-2296
-1323
-247
889
1720
2215
2331
2105
1639
1003
2
-1075
-2050
-2712
-3109
-3145
-2696
-1930
-983
-144
678
1253
1513
1446
1092
503
-312
-1059
-1705
-2386
-2802
-2904
-2755
-2340
-1736
-1145
-681
-396
-207
-235
-490
-867
-1230
-1538
-1889
-2107
-2050
-1857
-1497
-1125
-825
-556
-520
-531
-474
-509
-732
-1012
-1122
-1178
-1285
-1413
-1617
-1585
-1375
-1165
-976
-897
-810
-654
-536
-488
-424
-670
-1042
-1631
-2442
-3316
-4177
-4915
-5781
-6423
-6438
-6050
-5323
-4629
-3821
-2988
-2160
-1459
-1169
-1190
-1580
-2277
-3005
-3765
-4379
-4880
-5234
-5364
-4934
-4128
-3207
-2162
-1153
-425
25
224
262
54
-339
-860
-1530
-1973
-2289
-2267
-1851
-1458
-952
-332
524
1169
1707
2174
2562
2691
2567
2359
2332
2267
2168
2213
2251
2462
2833
3397
3776
4079
4296
4290
4399
4495
4430
4269
4197
4116
4117
4101
4084
4060
3994
4015
4044
3954
3663
3431
3207
3107
3185
3303
3147
2978
2990
2941
2906
2884
2878
2916
3097
3163
3055
2752
2362
1977
1541
1254
1290
2028
3400
4982
6206
7151
7482
7259
6538
5399
4035
2636
1351
386
-233
-536
-58
1095
2303
3516
4647
5453
5752
5558
4892
3728
2293
1011
-188
-1122
-1576
-1739
-1191
-244
822
2031
2953
3535
3749
3605
3212
2509
1471
580
-248
-1033
-1622
-1788
-1387
-732
-11
839
1775
2449
2710
2559
2257
1989
1359
568
-177
-881
-1289
-1498
-1473
-1136
-671
-160
288
765
937
744
512
290
24
-386
-815
-1176
-1347
-1253
-1003
-702
-346
46
175
198
266
376
396
178
-203
-482
-675
-789
-774
-693
-478
-182
25
90
217
426
470
477
383
168
-53
-520
-1323
-2285
-3254
-4090
-4820
-5267
-5583
-5785
-5167
-4266
-3473
-2665
-1887
-1116
-714
-515
-611
-1213
-2168
-3041
-3714
-4279
-4662
-4776
-4440
-3699
-2766
-1976
-1135
-301
194
503
540
270
-190
-483
-897
-1372
-1693
-1723
-1709
-1561
-986
-341
350
1116
1667
2131
2274
2092
1783
1505
1199
1055
1123
1371
1828
2061
2456
2888
2947
2611
2108
1577
1004
592
255
270
665
1153
1852
2709
3396
3938
4014
3696
3220
2539
1691
843
206
-40
139
837
1909
3183
4472
5537
6306
6731
6721
6401
5954
5128
4025
3228
2713
2277
2084
2502
3671
5353
7201
8818
9783
10295
10195
9592
8384
6765
5024
3257
1839
910
630
950
1605
2365
3584
4860
5766
6216
6066
5461
4571
3274
1715
409
-775
-1736
-2089
-2021
-1465
-636
274
1308
2111
2630
2764
2495
2007
1209
325
-634
-1804
-2841
-3461
-3609
-3256
-2702
-2007
-1061
-159
512
945
1049
614
-79
-742
-1463
-2110
-2544
-2961
-3054
-2675
-1955
-1283
-668
-77
472
782
961
977
778
549
350
184
123
57
106
362
730
1309
1735
1990
2199
2275
2221
1987
1668
1362
1126
999
810
781
779
948
1009
1060
1340
1280
1288
1297
1159
1224
1106
795
338
-442
-1326
-2301
-3147
-3756
-4411
-4820
-4958
-4821
-4431
-3867
-3107
-2241
-1561
-1108
-820
-857
-1401
-2286
-3027
-3728
-4472
-5140
-5519
-5483
-4988
-4185
-3257
-2244
-1379
-844
-691
-681
-852
-1248
-1902
-2660
-3342
-3756
-4080
-4271
-4130
-3648
-3014
-2364
-1737
-1119
-512
-126
91
68
-180
-488
-879
-1371
-1767
-2148
-2283
-2027
-1491
-853
-160
689
1379
1729
1638
1390
1173
534
-169
-747
-1193
-1367
-1132
-845
-368
63
468
968
1198
1064
554
-195
-938
-1610
-2219
-2816
-3164
-3161
-2719
-2201
-1746
-1446
-1181
-1013
-1136
-1815
-2891
-4077
-5209
-5869
-5528
-4637
-3210
-1416
112
1201
1588
1641
962
-523
-2401
-4245
-5966
-7496
-8455
-8393
-7444
-5974
-4294
-2501
-897
136
539
364
-361
-1609
-3105
-4530
-5857
-6859
-7437
-7436
-6422
-5030
-3444
-1920
-787
-53
402
383
121
-506
-1529
-2701
-3701
-4347
-4601
-4424
-3859
-2843
-1894
-961
187
1049
1459
1532
1262
630
-95
-766
-1537
-2145
-2271
-2149
-1941
-1531
-867
-309
189
511
743
999
918
457
-75
-386
-634
-1085
-1382
-1308
-1009
-638
-168
228
509
701
663
553
318
30
-360
-640
-807
-667
-480
-376
-396
-294
25
394
670
826
1031
1330
1525
1390
896
357
-204
-1113
-1972
-2730
-3294
-3533
-3507
-3234
-2670
-1781
-718
315
1167
1903
2251
2414
2247
1681
1057
410
-29
-478
-739
-598
-125
597
1603
2741
3595
4276
4619
4703
4641
4276
3656
3096
2428
1898
1595
1562
1738
2039
2548
3153
3667
4163
4647
4854
4659
4471
4346
4128
4006
3637
3213
3081
3064
3226
3363
3574
3808
4138
4257
4251
4234
4071
3903
3723
3587
3589
3416
3236
3137
3094
3251
3479
3363
3104
3096
2986
2732
2494
2304
1989
1768
1831
1858
1888
2093
2333
2322
2206
2192
2222
2359
2107
1614
998
416
281
798
1841
3244
4612
5848
6819
7163
6937
6236
5270
4016
2609
1277
303
-162
-211
318
1256
2524
3931
5058
5778
6063
5915
5431
4615
3534
2221
896
-161
-673
-629
-36
890
1915
3068
3980
4702
5050
4982
4574
3760
2730
1705
885
44
-438
-483
-71
597
1476
2437
3274
3733
3952
3903
3705
3107
2308
1635
949
320
-71
-234
-210
57
514
993
1486
1942
2160
2228
2273
2037
1516
989
767
505
408
555
702
1034
1320
1650
2044
2234
2317
2189
2135
1969
1757
1471
1302
1198
1180
1319
1515
1674
1948
2382
2697
2693
2747
2700
2755
2744
2405
1888
1212
199
-819
-1537
-2031
-2429
-2595
-2373
-1860
-1299
-624
358
1367
2025
2264
2440
2319
1805
1045
57
-617
-998
-1392
-1580
-1169
-596
-63
725
1629
2415
2884
2978
2828
2505
2020
1517
872
122
-488
-912
-962
-705
-260
285
755
1095
1509
1774
1830
1669
1482
1193
977
712
400
163
49
94
232
523
839
1031
1224
1570
1583
1206
977
1137
1167
836
604
492
501
553
545
625
569
377
270
136
-34
-209
-464
-537
-709
-998
-1192
-1223
-1300
-1193
-801
-643
-751
-835
-710
-848
-1327
-1811
-2316
-2691
-2544
-1862
-726
700
2186
3431
4110
4173
3427
2363
1073
-310
-1714
-3123
-4007
-4428
-4204
-3307
-2031
-603
678
1717
2420
2524
1961
894
-454
-1809
-3166
-4269
-4884
-5149
-4797
-3984
-2856
-1703
-565
532
1212
1194
940
287
-781
-1952
-2954
-3764
-4217
-4461
-4308
-3696
-2898
-1972
-887
-16
418
413
270
-46
-500
-1124
-1950
-2742
-3294
-3583
-3436
-2964
-2430
-1994
-1640
-951
-573
-517
-444
-537
-854
-1483
-2050
-2252
-2242
-2065
-1875
-1726
-1391
-956
-434
-71
40
111
75
-253
-473
-622
-832
-975
-904
-681
-440
-309
-274
12
351
678
819
639
397
365
364
-41
-660
-1516
-2450
-3362
-4122
-4578
-4782
-4643
-4247
-3751
-2845
-1905
-1101
-295
374
754
846
383
-282
-1027
-1910
-2519
-2827
-2868
-2600
-2111
-1441
-687
198
1069
1848
2480
2525
2114
1554
852
186
-440
-1002
-1250
-1363
-1098
-601
-197
376
1067
1600
2034
2254
2149
1697
1360
1257
1053
743
588
543
510
548
726
983
1302
1543
1845
1974
1918
1913
1890
1616
1606
1457
1215
1049
1008
1106
1261
1266
1142
1107
941
687
376
289
305
217
130
-7
-110
-214
8
302
298
219
227
356
287
261
53
-195
-172
224
1059
