-4845
-4560
-4232
-3962
-3751
-3663
-3715
-3814
-4083
-4219
-4389
-4603
-4774
-4691
-4490
-4262
-3942
-3661
-3615
-3502
-3276
-3123
-3040
-3090
-3170
-3455
-4071
-4885
-5800
-6634
-7255
-7786
-7991
-8117
-7903
-7169
-6397
-5646
-4738
-4003
-3480
-3061
-3099
-3604
-4342
-5174
-5956
-6423
-6824
-6979
-6765
-6235
-5512
-4672
-3645
-2835
-2150
-1736
-1747
-2003
-2388
-2952
-3686
-4318
-4803
-4996
-4990
-4721
-4252
-3855
-3314
-2874
-2483
-2287
-2253
-2578
-3264
-4083
-5017
-5356
-5237
-4976
-4309
-3275
-1936
-928
-665
-1284
-2680
-4353
-6095
-8025
-9774
-11051
-11518
-11277
-10516
-9013
-7307
-5918
-4737
-4231
-4547
-5578
-7080
-8654
-10231
-11719
-12816
-12991
-12020
-10094
-7570
-5027
-2751
-657
951
1609
1328
506
-582
-1918
-3377
-4961
-6297
-6733
-6130
-4379
-1931
904
3575
5507
6453
6447
5641
4019
1979
-398
-2812
-4871
-6198
-6666
-6128
-4928
-3405
-1600
-54
974
1280
710
-542
-2308
-4227
-6280
-8161
-9456
-10057
-10045
-9403
-8107
-6573
-5166
-4016
-3455
-3188
-3508
-4530
-5837
-7342
-9074
-10615
-11803
-12255
-12245
-11767
-10728
-9272
-7700
-6524
-5561
-4997
-4909
-5386
-6411
-7617
-9009
-10296
-10947
-11304
-11550
-11405
-10889
-9863
-8626
-7261
-5793
-4825
-4369
-4110
-3910
-3739
-3991
-4188
-4183
-4168
-4216
-4058
-3529
-2713
-2003
-1427
-1165
-1062
-1014
-1022
-1139
-1393
-1834
-2082
-2180
-2267
-2133
-1965
-1846
-1965
-2129
-2068
-2311
-2624
-2703
-2731
-2880
-3141
-3314
-3606
-4280
-4993
-5582
-5971
-6288
-6694
-6827
-6456
-5859
-5434
-4946
-4245
-3577
-3333
-3179
-3194
-3727
-4644
-5674
-6556
-7315
-7946
-8310
-8498
-8292
-7710
-6919
-6020
-5202
-4518
-3989
-3870
-4136
-4487
-4840
-5165
-5446
-5703
-5568
-5310
-4677
-3935
-3150
-2268
-1362
-549
10
606
1262
1615
1609
1574
1558
1246
356
-548
-1480
-2631
-3603
-4490
-4614
-3515
-1757
37
1878
3426
4538
5213
5158
4448
2993
999
-849
-2522
-3726
-4100
-3380
-1771
241
2229
4188
5675
6472
6518
6026
4907
3347
1720
229
-820
-1380
-1188
-201
1523
3617
5366
6582
7273
7370
7243
7080
6871
6688
6569
6644
6802
6843
6725
6466
6109
5241
4029
2799
1621
634
-46
-55
417
1004
1828
2925
3967
4663
4926
4783
4216
3353
2434
1342
208
-716
-1255
-1463
-1407
-905
-395
145
865
1319
1577
1358
800
269
-565
-1720
-2616
-3172
-3597
-3943
-4056
-3975
-3892
-3718
-3460
-3221
-2991
-3016
-3297
-3602
-4005
-4217
-4522
-4577
-4213
-4136
-4079
-3644
-3381
-3345
-3317
-3163
-3166
-3279
-3387
-3584
-4072
-4266
-4122
-3963
-3860
-3502
-3033
-2655
-2089
-1489
-1109
-1104
-1106
-1131
-1308
-1454
-2000
-2641
-2970
-3248
-3357
-3310
-3038
-2719
-2696
-2505
-2218
-1821
-1561
-1394
-1626
-2052
-2543
-3525
-4685
-5959
-7413
-8532
-9402
-10026
-10170
-9898
-9268
-8484
-7405
-6175
-5261
-4814
-4689
-4835
-5344
-6095
-6915
-7741
-8717
-9559
-9981
-10005
-9727
-9039
-8115
-7142
-6542
-6079
-5620
-5527
-5821
-6279
-6573
-6985
-7588
-7897
-8013
-7843
-7513
-7037
-6552
-5931
-5161
-4609
-4169
-3866
-3567
-3402
-3213
-3007
-2878
-2599
-2518
-2394
-2095
-1769
-1194
-768
-531
-425
-308
-205
-358
-582
-772
-960
-1140
-1347
-1361
-1176
-1004
-1024
-1113
-939
-991
-1205
-1419
-1574
-1675
-1838
-2036
-2187
-2501
-2668
-2642
-2491
-2388
-2380
-2178
-2062
-1999
-1948
-1979
-2188
-2875
-3563
-4005
-4169
-3741
-2911
-1636
-255
608
1016
824
107
-1015
-2378
-3938
-5416
-6641
-7562
-7965
-7551
-6714
-5444
-3927
-2658
-1568
-1050
-1155
-1758
-2686
-3968
-5483
-6753
-7744
-8350
-8602
-8249
-7340
-6123
-4937
-3857
-2885
-2357
-2192
-2448
-3213
-4160
-5441
-6721
-7581
-8045
-8215
-7959
-7490
-6777
-5864
-4767
-3727
-2965
-2697
-2882
-3299
-3774
-4475
-5295
-5934
-6277
-6527
-6688
-6554
-5966
-5324
-4928
-4736
-4436
-4207
-4204
-4392
-4774
-5219
-5578
-5960
-6297
-6405
-6551
-6397
-6068
-5674
-5287
-5143
-5386
-5575
-5676
-5777
-6052
-6468
-6643
-6429
-6440
-6488
-6427
-6207
-5704
-5384
-5202
-5011
-4880
-4747
-4631
-4766
-4983
-5361
-5939
-6735
-7921
-9084
-9767
-10318
-10427
-10366
-10015
-9370
-8575
-7582
-6563
-5872
-5379
-4933
-5104
-5836
-6653
-7428
-8155
-8839
-9147
-9322
-9248
-8716
-7862
-6736
-5556
-4596
-3969
-3493
-3258
-3256
-3644
-4180
-4594
-4983
-5358
-5615
-5561
-5009
-4494
-4052
-3595
-2778
-1949
-1383
-1147
-1031
-815
-659
-634
-753
-977
-1265
-1088
-763
-492
-224
175
590
894
1015
1178
1427
1584
1704
1719
1530
1357
1306
1310
1369
1501
1455
1316
1277
1206
1114
958
682
566
312
149
158
215
278
218
323
591
848
849
863
1014
1091
882
345
-372
-853
-944
-467
362
1650
3043
4289
4995
5058
4743
4033
2889
1421
93
-1090
-2027
-2513
-2381
-1579
-398
842
2033
2925
3454
3455
3078
2365
1201
18
-1203
-2203
-3027
-3410
-3164
-2396
-1296
-221
776
1568
1977
2155
1912
1251
348
-616
-1759
-2736
-3443
-3870
-3825
-3343
-2547
-1700
-840
19
605
556
303
-39
-679
-1548
-2229
-2672
-3153
-3529
-3641
-3414
-3094
-2702
-2383
-1910
-1337
-1136
-1170
-1414
-1842
-2306
-2629
-3037
-3367
-3571
-3645
-3383
-2961
-2548
-2295
-2061
-2018
-1966
-1991
-2176
-2355
-2634
-2746
-2836
-3006
-2985
-2859
-2828
-2644
-2289
-2116
-1969
-1685
-1555
-1601
-1678
-1763
-2153
-2642
-3395
-4298
-5149
-6000
-6701
-7221
-7362
-7238
-6850
-6171
-5272
-4385
-3702
-3030
-2571
-2638
-3105
-3722
-4545
-5513
-6268
-6928
-7329
-7427
-7069
-6271
-5367
-4351
-3577
-2949
-2337
-1813
-1822
-2200
-2633
-3109
-3553
-4112
-4591
-4736
-4523
-4125
-3454
-2664
-2032
-1519
-1147
-796
-430
-221
-374
-430
-498
-627
-779
-899
-880
-735
-428
-45
315
795
1246
1429
1594
1613
1516
1405
1288
1078
1015
1024
1084
1149
1238
1198
1105
989
902
811
717
577
391
84
-130
-131
-197
-145
-75
91
212
121
194
236
176
-134
-646
-1318
-2047
-2548
-2358
-1611
-307
1017
2426
3462
3830
3657
3012
1910
484
-1035
-2470
-3525
-4117
-4142
-3818
-3004
-1721
-344
765
1561
2071
1933
1184
169
-1053
-2441
-3901
-5190
-5845
-5592
-4841
-3915
-2894
-1850
-1053
-589
-222
-248
-732
-1445
-2512
-3512
-4588
-5426
-5730
-5829
-5617
-4920
-4016
-2992
-2125
-1547
-1343
-1351
-1579
-2079
-2807
-3524
-4458
-4988
-5257
-5435
-5346
-5082
-4763
-4385
-3772
-3263
-3027
-3039
-3153
-3315
-3715
-4223
-4605
-4987
-5368
-5255
-4922
-4714
-4718
-4310
-3917
-3774
-3766
-3720
-3803
-4092
-4440
-4606
-4658
-4697
-4928
-5052
-4786
-4451
-4379
-4091
-3762
-3702
-3686
-3684
-3689
-3905
-4276
-4687
-5374
-6267
-7134
-7863
-8573
-9076
-9285
-9118
-8724
-8099
-7211
-6210
-5501
-4878
-4400
-4308
-4593
-5134
-5973
-6804
-7609
-8555
-9049
-8953
-8516
-7891
-6980
-6028
-5288
-4584
-3903
-3399
-3208
-3329
-3574
-3892
-4420
-4953
-5320
-5225
-4995
-4510
-3872
-3234
-2582
-2050
-1478
-925
-674
-521
-460
-487
-724
-1017
-963
-992
-952
-729
-312
125
549
957
1181
1366
1511
1659
1757
1735
1659
1451
1331
1446
1479
1376
1416
1591
1862
1875
1827
1621
1421
1236
1042
858
583
509
587
744
993
1114
1117
1125
1119
1076
1009
1095
808
-171
-1364
-2177
-2557
-2492
-1901
-872
522
1751
2342
2434
2160
1518
838
202
-795
-1742
-2147
-2262
-1886
-1029
-114
1003
1979
2380
2527
2401
1810
988
-152
-1363
-2292
-2885
-3224
-3130
-2453
-1630
-694
177
953
1709
2118
2220
1874
1143
376
-310
-1169
-1902
-2199
-2198
-1772
-1185
-558
244
1103
1777
2118
2116
1830
1251
474
-70
-449
-968
-1352
-1590
-1739
-1617
-1165
-288
466
740
950
1212
1134
518
-77
-570
-1154
-1650
-2003
-2111
-2309
-2377
-2320
-2116
-1787
-1767
-1725
-1698
-1874
-2117
-2425
-2643
-2708
-2945
-3144
-3205
-3206
-3098
-2838
-2639
-2467
-2364
-2301
-2392
-2553
-2392
-2374
-2997
-3793
-4601
-5415
-6318
-7101
-7552
-7802
-7931
-7850
-7334
-6615
-5715
-4683
-3850
-3229
-2848
-2974
-3512
-4216
-4894
-5589
-6095
-6609
-6878
-6769
-6276
-5567
-4551
-3434
-2539
-1808
-1343
-1062
-1082
-1314
-1629
-2151
-2733
-3061
-3174
-3120
-2688
-2073
-1491
-1055
-389
240
734
1005
1034
1063
1146
1007
757
612
512
689
953
1196
1418
1574
1788
2206
2300
2432
2403
2317
2257
2162
2032
1879
1661
1548
1569
1625
1617
1605
1610
1557
1385
1163
919
848
732
596
455
456
358
202
242
352
331
320
354
419
555
370
11
-144
8
598
1619
3054
4591
5766
6457
6719
6322
5333
3798
1833
-132
-1998
-3605
-4798
-5130
-4543
-3162
-1419
558
2537
4183
5092
5286
4875
3752
2171
326
-1471
-3010
-4179
-4928
-4764
-4110
-2957
-1518
-191
843
1358
1605
1456
791
-336
-1814
-3211
-4522
-5291
-5682
-5790
-5566
-4809
-3665
-2690
-1897
-1184
-615
-483
-759
-1403
-2036
-2772
-3600
-4333
-4900
-5204
-5336
-4956
-4517
-4282
-3982
-3780
-3525
-3381
-3607
-3848
-4093
-4313
-4401
-4494
-4566
-4378
-4040
-3458
-2837
-2427
-2154
-1999
-2089
-2243
-2474
-2710
-2777
-2922
-3038
-3090
-3012
-2713
-2363
-2008
-1574
-1201
-1050
-760
-411
-480
-735
-990
-1382
-1974
-2913
-3686
-4321
-4951
-5748
-6172
-6186
-5938
-5406
-4640
-3692
-2792
-2097
-1460
-1113
-1150
-1655
-2385
-3418
-4318
-5146
-5740
-6024
-6140
-5770
-5111
-4287
-3597
-2961
-2251
-1751
-1559
-1660
-1942
-2209
-2760
-3486
-4092
-4366
-4334
-4204
-3835
-3429
-2834
-2199
-1607
-1101
-736
-474
-357
-362
-397
-447
-507
-595
-656
-633
-460
-176
279
634
950
1265
1523
1711
1868
2008
2070
2038
2086
2097
2027
1966
2038
2033
2164
2366
2362
2154
2133
1942
1681
1556
1360
1268
1136
1267
1469
1754
1892
1792
1800
1851
1992
1898
1728
1435
786
-124
-919
-1172
-918
-112
1027
2247
3209
3564
3349
2787
1923
896
-211
-1351
-2380
-2885
-2782
-2127
-1003
365
1688
2777
3463
3692
3535
2646
1385
175
-1138
-2605
-3826
-4382
-4303
-3668
-2569
-1511
-345
675
1529
2020
2112
1744
984
74
-1017
-1821
-2420
-2841
-2880
-2428
-1578
-628
302
1198
1866
2136
2127
1888
1488
835
96
-519
-881
-1228
-1499
-1402
-1064
-618
-31
559
1069
1240
1147
1097
985
583
244
-103
-509
-960
-1145
-1013
-925
-801
-746
-480
-302
-445
-663
-791
-1013
-1333
-1571
-1889
-2036
-2179
-2122
-1837
-1704
-1519
-1398
-1432
-1490
-1452
-1332
-1293
-1408
-1746
-2270
-3150
-4096
-4992
-5811
-6647
-6984
-7076
-7025
-6789
-6081
-5321
-4460
-3678
-3119
-2680
-2553
-2628
-3087
-3836
-4616
-5431
-5996
-6249
-6163
-5780
-5162
-4321
-3529
-2615
-1583
-858
-434
-160
-298
-553
-967
-1440
-1943
-2218
-2152
-2020
-1802
-1349
-647
330
1016
1511
1891
2208
2449
2489
2317
2232
2172
2312
2405
2301
2254
2542
2838
3196
3444
3589
3798
4035
4224
4310
4250
4054
4004
3904
3659
3542
3565
3611
3732
3816
3756
3619
3376
3331
3330
3106
2750
2384
2234
2142
2067
2169
2314
2462
2551
2469
2392
2483
2479
2138
1454
618
114
73
628
1842
3249
4630
5730
6297
6137
5659
4684
3458
2200
924
-217
-1007
-1328
-999
-199
1050
2523
3869
4778
5286
5247
4741
3817
2771
1597
376
-750
-1558
-1633
-1016
-168
729
1739
2603
3143
3395
3564
3290
2404
1394
446
-421
-1335
-1925
-2148
-1908
-1129
-366
442
1301
1916
2163
2123
1861
1344
642
-97
-753
-1367
-1838
-2099
-2319
-2146
-1680
-1101
-625
-358
-155
-129
-422
-783
-1014
-1505
-1945
-2153
-2502
-2660
-2444
-2258
-1880
-1594
-1414
-1183
-974
-957
-1094
-1351
-1602
-1826
-2012
-2150
-2164
-2100
-2078
-1966
-1604
-1448
-1298
-988
-807
-719
-752
-874
-1015
-1496
-2211
-2986
-3821
-4666
-5437
-5931
-6112
-6006
-5993
-5656
-4764
-3945
-3012
-2228
-1816
-1554
-1687
-2070
-2619
-3347
-4230
-4866
-5397
-5564
-5525
-5147
-4461
-3711
-2743
-1843
-1130
-895
-964
-1052
-1285
-1528
-2014
-2700
-3157
-3297
-3160
-2902
-2460
-1891
-1124
-543
-49
321
637
871
942
949
731
469
443
441
430
519
717
1012
1505
1913
2176
2465
2608
2659
2608
2574
2372
2262
2247
2282
2286
2203
2243
2447
2539
2400
2275
2259
2156
2019
1861
1701
1738
1701
1545
1533
1493
1544
1612
1562
1714
1865
1805
1700
1461
938
513
104
-31
409
1261
2366
3532
4765
5592
5892
5538
4638
3441
2137
873
-516
-1505
-1947
-1710
-1078
-191
1161
2516
3563
4168
4261
3991
3198
2041
637
-640
-1775
-2626
-2915
-2697
-2083
-1127
-81
921
1674
1957
2007
1961
1470
503
-582
-1648
-2407
-2933
-3164
-3109
-2614
-1719
-774
37
653
938
1116
1191
831
174
-523
-1191
-1740
-2169
-2421
-2576
-2511
-2153
-1660
-1110
-608
-278
-253
-336
-468
-885
-1371
-1714
-2056
-2424
-2618
-2452
-1916
-1431
-1129
-862
-563
-311
-556
-855
-984
-1119
-1346
-1558
-1782
-1777
-1531
-1388
-1313
-1216
-1041
-854
-680
-442
-271
-301
-340
-534
-1026
-1493
-2240
-3095
-3829
-4725
-5441
-5799
-5796
-5474
-5057
-4457
-3857
-3025
-2189
-1715
-1376
-1274
-1471
-1901
-2642
-3591
-4390
-4911
-5261
-5231
-4860
-4284
-3373
-2503
-1691
-903
-236
106
-32
-258
-588
-1064
-1557
-1797
-2184
-2273
-2034
-1727
-1244
-569
111
698
1280
1728
1969
2008
1979
1904
1776
1738
1738
1775
1832
1874
2182
2546
2958
3333
3665
3824
3799
3848
3944
3966
3842
3762
3603
3381
3348
3498
3727
3693
3556
3604
3701
3506
3208
2873
2903
2770
2562
2489
2473
2486
2560
2628
2690
2621
2602
2753
2752
2465
1957
1558
1087
726
822
1423
2757
4143
5309
6214
6543
6264
5484
4517
3347
1902
573
-362
-811
-912
-621
292
1698
3094
4056
4830
5130
4877
4156
3218
2076
790
-347
-1109
-1576
-1680
-1276
-481
436
1465
2311
2971
3425
3390
2956
2148
1077
71
-819
-1462
-1849
-1964
-1437
-451
337
986
1713
2344
2469
2274
1826
1332
840
194
-430
-891
-1160
-1313
-1216
-1055
-726
-163
444
767
808
752
636
412
-69
-469
-923
-1310
-1476
-1299
-1047
-569
-306
-108
97
348
465
438
154
-111
-441
-820
-1025
-1024
-900
-682
-445
-263
-240
-253
-79
152
331
559
541
363
149
-325
-935
-1633
-2560
-3475
-4204
-4810
-5106
-5012
-4642
-3935
-3111
-2197
-1318
-727
-390
-262
-390
-875
-1677
-2516
-3226
-3868
-4184
-4374
-4065
-3524
-2820
-1895
-874
21
358
617
667
685
470
-99
-739
-1246
-1482
-1584
-1413
-996
-371
185
712
1319
1808
2040
2151
2196
1967
1844
1593
1343
1339
1567
1882
2145
2399
2779
3018
2853
2399
1777
1224
685
388
319
563
1163
1960
2744
3384
3812
4068
3995
3607
2822
1766
894
292
38
364
1212
2248
3325
4465
5627
6542
7012
6925
6480
5787
4920
4086
3443
2904
2533
2546
2910
3792
5281
6901
8396
9532
10121
10094
9285
7837
6262
4591
2895
1522
678
306
701
1596
2771
3899
5005
5760
6079
5905
5246
4324
3008
1571
357
-711
-1379
-1632
-1454
-973
-123
853
1711
2382
2787
2728
2353
1803
997
-152
-1296
-2177
-2741
-3005
-3083
-2892
-2351
-1510
-660
102
572
928
972
506
35
-597
-1254
-1793
-2281
-2551
-2534
-2198
-1596
-985
-230
558
934
1039
1342
1420
1154
752
480
169
-47
-40
68
381
807
1240
1597
1840
2051
2021
1978
1818
1451
1060
833
727
653
725
769
656
770
989
976
1099
1272
1339
1231
1166
1157
901
370
-303
-925
-1686
-2666
-3703
-4259
-4488
-4712
-4526
-4154
-3521
-2812
-2026
-1324
-861
-810
-1062
-1534
-2181
-2980
-3973
-4785
-5253
-5356
-5299
-5001
-4241
-3477
-2758
-1949
-1358
-1038
-1012
-1121
-1526
-2109
-2679
-3181
-3714
-4103
-4089
-3838
-3373
-2838
-2242
-1609
-1035
-490
-98
20
-39
-255
-490
-854
-1493
-2063
-2334
-2352
-1961
-1618
-943
-129
682
1255
1395
1269
1155
821
187
-611
-1287
-1623
-1637
-1559
-1276
-808
-225
289
677
1057
1063
582
-135
-1050
-1720
-2140
-2497
-2808
-2954
-2792
-2266
-1607
-1207
-992
-1083
-1088
-1542
-2506
-3754
-4989
-5742
-5928
-5228
-3809
-2108
-541
475
1019
953
86
-1199
-2565
-4302
-6041
-7416
-8181
-8318
-7703
-6347
-4530
-2841
-1365
-332
176
62
-701
-1893
-3310
-4748
-6029
-6984
-7248
-7047
-6083
-4837
-3492
-2212
-1252
-524
-124
-144
-539
-1247
-2307
-3301
-4081
-4684
-5011
-4828
-4144
-3134
-2127
-1183
-310
363
673
832
610
16
-596
-1174
-1774
-2299
-2678
-2763
-2330
-1717
-1143
-551
-19
485
703
599
217
-129
-575
-1109
-1550
-1811
-1939
-1881
-1578
-1224
-882
-497
-202
-115
-45
-37
-252
-368
-504
-890
-1299
-1437
-1377
-1141
-918
-527
-227
118
469
716
921
1016
1034
893
531
33
-519
-1075
-1690
-2484
-3011
-3286
-3357
-3033
-2459
-1710
-891
16
1025
1757
2028
2029
1825
1364
888
197
-388
-784
-1087
-852
-305
357
1183
2107
2914
3575
3997
4217
4109
3769
3373
2912
2399
1868
1483
1423
1562
1934
2251
2646
3248
3893
4187
4246
4208
4244
4034
3552
3245
3084
2914
2756
2549
2505
2626
2942
3313
3607
3774
3712
3643
3645
3685
3747
3441
3096
2947
3042
3123
3125
3167
3096
3086
3107
3097
3033
2782
2585
2522
2450
2289
2179
2135
2107
1952
2152
2357
2340
2318
2362
2314
2142
1900
1205
539
264
311
961
2285
3720
4884
5770
6328
6303
5662
4599
3494
2314
1217
283
-173
-76
416
1365
2491
3824
5092
5878
6001
5641
4962
4004
2845
1805
789
-140
-568
-531
-97
813
1887
2909
3695
4143
4447
4534
4169
3358
2386
1530
639
-48
-354
-378
11
603
1438
2373
3157
3713
3915
3816
3563
3170
2487
1695
1063
545
114
-111
-76
369
931
1404
1766
2117
2194
2274
2241
1926
1570
1323
944
583
361
391
524
809
1191
1557
1810
1989
2103
2131
2061
1758
1434
1306
1149
999
1026
1184
1365
1646
1910
1990
2078
2280
2465
2649
2814
2858
2651
2114
1355
573
-302
-1157
-1766
-2205
-2311
-2133
-1965
-1488
-598
418
1082
1603
1955
1944
1745
1367
704
170
-494
-1111
-1618
-1704
-1557
-891
-69
728
1387
2018
2615
2817
2708
2400
1780
1179
760
293
-213
-388
-440
-343
96
507
870
1309
1631
1804
1960
2015
1903
1568
1094
661
360
193
88
142
305
475
535
871
1311
1494
1549
1509
1360
1116
896
622
572
614
654
686
626
550
681
809
559
266
4
-150
-353
-685
-836
-746
-602
-641
-555
-386
-278
-384
-446
-524
-452
-545
-833
-1425
-2150
-2419
-2176
-1468
-360
846
2243
3373
3858
3749
3143
2013
624
-663
-1990
-3350
-4237
-4608
-4161
-3103
-1785
-272
1121
2168
2693
2521
1981
1153
36
-1380
-2858
-4125
-4722
-4941
-4506
-3707
-2776
-1458
-158
696
1018
1099
774
54
-1171
-2156
-3015
-3804
-4361
-4504
-4208
-3608
-2659
-1721
-893
-269
132
308
239
-110
-739
-1462
-2181
-2954
-3509
-3588
-3407
-3233
-2852
-2286
-1638
-1279
-952
-907
-1108
-1231
-1484
-1805
-2236
-2491
-2491
-2443
-2274
-2072
-1869
-1529
-1102
-728
-403
-436
-583
-521
-621
-967
-1313
-1393
-1375
-1205
-962
-589
-203
-4
69
317
561
668
764
851
842
419
-384
-1299
-1977
-2630
-3379
-4043
-4430
-4215
-3848
-3260
-2685
-1884
-965
-124
431
802
920
564
-155
-1095
-1917
-2390
-2746
-2830
-2681
-2227
-1711
-1017
-34
832
1389
1839
1914
1731
1463
981
333
-248
-676
-942
-997
-966
-645
-178
375
725
1118
1427
1424
1270
1129
1000
643
465
364
95
-35
-15
188
448
838
1118
1252
1454
1575
1502
1430
1339
1183
1134
1076
1066
885
805
994
1112
1193
1221
1057
894
632
443
340
309
263
55
104
233
118
194
320
552
747
676
616
498
414
265
-20
-236
118
605
