-4733
-4520
-4024
-3550
-3423
-3674
-4077
-4113
-4165
-4343
-4521
-4642
-4643
-4701
-4611
-4371
-4075
-3853
-3663
-3341
-2975
-2894
-2963
-3135
-3536
-4124
-4695
-5204
-6108
-7109
-7955
-8475
-8697
-8658
-8232
-7533
-6799
-5841
-5026
-4281
-3714
-3354
-3332
-3720
-4567
-5447
-5904
-6422
-6909
-7045
-6737
-6182
-5616
-4714
-3594
-2637
-1963
-1637
-1510
-1721
-2241
-2926
-3749
-4524
-4887
-5121
-5183
-5108
-4693
-4197
-3687
-3057
-2629
-2525
-2525
-2839
-3369
-4380
-5288
-5629
-5687
-5344
-4461
-3230
-2019
-1062
-653
-1088
-2310
-3932
-5854
-7821
-9695
-11110
-11801
-11728
-10826
-9178
-7425
-6053
-5005
-4612
-4847
-5768
-7208
-8921
-10695
-12118
-12894
-12952
-12147
-10322
-7830
-5381
-3106
-1017
484
1185
1237
705
-355
-1860
-3656
-5429
-6534
-6971
-6258
-4418
-1987
748
3321
5469
6620
6724
5911
4426
2402
138
-2017
-3953
-5381
-6010
-5650
-4550
-3036
-1370
121
878
815
191
-754
-2249
-4159
-6265
-8266
-9590
-10387
-10467
-9687
-8314
-6614
-4977
-3787
-3153
-3024
-3471
-4351
-5642
-7249
-8987
-10387
-11435
-12005
-11974
-11347
-10352
-8940
-7602
-6415
-5414
-4730
-4816
-5410
-6171
-7296
-8704
-9962
-10706
-11384
-11765
-11232
-10462
-9359
-8179
-7175
-6028
-5069
-4418
-3898
-3838
-3800
-3797
-3809
-3875
-4122
-3974
-3464
-2864
-2332
-1663
-1042
-649
-558
-628
-578
-767
-1098
-1466
-1756
-1932
-1860
-1797
-1818
-1822
-1775
-1781
-2020
-2317
-2489
-2705
-2798
-2974
-3333
-3683
-4116
-4435
-5059
-5789
-6297
-6663
-6778
-6737
-6567
-6245
-5606
-4850
-4047
-3509
-3140
-3019
-3148
-3825
-4667
-5617
-6546
-7228
-7914
-8335
-8409
-8012
-7265
-6499
-5944
-5439
-4766
-4206
-3817
-3648
-3948
-4577
-5127
-5440
-5490
-5436
-5180
-4715
-3994
-3058
-2105
-1213
-336
340
880
1364
1611
1807
1962
1893
1603
971
-19
-1152
-2407
-3359
-3887
-4009
-3253
-1613
252
2136
3921
5070
5709
5535
4633
3098
1205
-664
-2284
-3498
-3853
-3142
-1670
150
2182
4140
5620
6309
6271
5662
4416
3055
1577
18
-1107
-1636
-1345
-297
1325
3453
5356
6437
6962
6992
6716
6385
6064
6114
6487
6760
6985
6910
6688
6566
6100
5204
4087
2976
1860
1003
268
-170
116
817
1684
2649
3470
4232
4711
4618
4031
3219
2131
766
-492
-1413
-1936
-2016
-1788
-1423
-888
-128
692
1338
1672
1799
1389
543
-284
-1115
-2015
-2968
-3723
-4023
-4033
-4067
-3889
-3704
-3431
-3247
-3218
-3274
-3289
-3632
-4131
-4417
-4587
-4620
-4674
-4693
-4364
-3749
-3334
-3276
-3262
-3006
-2983
-3335
-3617
-3718
-3854
-3947
-4041
-4099
-3823
-3473
-3058
-2437
-1747
-1364
-1169
-1185
-1103
-1009
-1194
-1629
-2078
-2302
-2589
-2920
-3238
-3427
-3282
-2944
-2750
-2521
-2114
-1823
-1731
-1834
-1917
-2122
-3026
-4292
-5549
-6752
-7974
-9117
-10029
-10650
-10731
-10251
-9468
-8590
-7635
-6655
-5765
-5073
-4857
-5080
-5510
-6212
-7195
-8124
-9048
-9769
-10010
-9981
-9626
-9090
-8186
-7161
-6435
-5842
-5697
-5738
-5772
-6098
-6727
-7266
-7858
-8382
-8669
-8523
-8151
-7714
-7016
-6203
-5467
-4853
-4405
-3988
-3686
-3374
-3158
-3108
-3114
-2900
-2501
-1979
-1658
-1401
-1179
-878
-420
-282
-262
-349
-363
-435
-620
-1017
-1280
-1289
-1257
-1263
-1215
-1184
-1190
-1150
-1145
-1245
-1472
-1705
-1898
-2219
-2545
-2896
-3011
-2946
-3039
-3123
-2964
-2757
-2456
-2270
-2248
-2068
-2202
-2606
-3208
-3834
-4367
-4512
-4008
-2896
-1525
-240
662
1094
942
210
-974
-2429
-3978
-5453
-6846
-7755
-7988
-7585
-6716
-5555
-4200
-2849
-1626
-1114
-1226
-1890
-2950
-4359
-5795
-7310
-8549
-9027
-8922
-8494
-7623
-6327
-5017
-3946
-3082
-2540
-2253
-2515
-3261
-4198
-5328
-6586
-7554
-8246
-8349
-7924
-7290
-6518
-5399
-4423
-3657
-3245
-3023
-3009
-3391
-3965
-4593
-5384
-6170
-6667
-6809
-6700
-6546
-6166
-5675
-5275
-5017
-4852
-4554
-4376
-4538
-4904
-5349
-5681
-5983
-6299
-6437
-6423
-6243
-6055
-5713
-5438
-5305
-5333
-5399
-5393
-5750
-6306
-6676
-6731
-6591
-6704
-6877
-6645
-6176
-5813
-5734
-5538
-5292
-5179
-5136
-5199
-5152
-5102
-5760
-6774
-7652
-8705
-9662
-10364
-10792
-10989
-10905
-10572
-9998
-9239
-8413
-7402
-6422
-5924
-5685
-5732
-6152
-6899
-7583
-8452
-9320
-9689
-9848
-9697
-9074
-7928
-6715
-5750
-4963
-4210
-3703
-3488
-3618
-3986
-4504
-4854
-5230
-5497
-5872
-5933
-5529
-4974
-4366
-3833
-3078
-2397
-1855
-1418
-1257
-1110
-1063
-1127
-1136
-1303
-1336
-1298
-1145
-718
-429
-50
507
1007
1196
1340
1400
1327
1312
1370
1376
1235
1046
1008
1056
1001
937
827
811
615
409
324
154
28
-75
-374
-638
-617
-452
-238
-35
89
190
180
170
254
422
360
-65
-663
-1192
-1332
-965
-28
1372
2956
4359
5166
5312
4787
3893
2749
1328
-45
-1303
-2429
-3022
-2905
-2044
-810
618
1981
2715
3217
3478
3296
2535
1269
-185
-1586
-2572
-3220
-3585
-3394
-2827
-1883
-659
529
1338
1781
1915
1692
1223
351
-637
-1831
-2822
-3507
-3786
-3663
-3353
-2722
-1741
-865
-237
285
447
298
-162
-835
-1392
-2170
-3171
-3783
-4075
-4072
-3790
-3401
-2942
-2530
-2158
-1940
-1806
-1775
-1963
-2259
-2537
-2849
-3129
-3293
-3557
-3554
-3227
-2946
-2701
-2430
-2119
-1952
-1948
-1950
-2215
-2508
-2693
-2796
-2959
-3132
-3159
-3025
-2683
-2419
-2365
-2247
-2171
-2168
-2185
-2071
-2140
-2429
-2901
-3541
-4205
-5001
-5890
-6640
-7382
-7815
-8136
-8015
-7557
-6843
-5820
-4819
-4023
-3366
-2971
-2978
-3463
-4187
-5002
-5906
-6627
-7185
-7443
-7500
-7133
-6346
-5445
-4671
-3735
-2799
-2247
-2154
-2069
-2233
-2855
-3342
-3767
-4314
-4725
-4922
-4712
-4234
-3586
-2872
-2226
-1624
-1044
-678
-519
-464
-401
-362
-527
-778
-837
-964
-954
-791
-359
78
542
943
1356
1628
1651
1550
1630
1532
1293
1182
1161
1155
1159
1150
1106
1009
889
986
994
798
448
192
108
181
-93
-335
-286
-226
-305
-311
-281
-96
63
74
0
-246
-572
-1049
-1742
-2173
-1855
-775
449
1832
3077
3780
4339
4240
3455
2411
996
-523
-1987
-3160
-3816
-4055
-3752
-2711
-1315
73
1344
2017
2056
1764
1090
69
-1231
-2690
-4089
-5106
-5433
-5201
-4716
-3964
-2962
-1770
-767
-199
255
259
-269
-1003
-2117
-3394
-4381
-5251
-5624
-5564
-5181
-4486
-3759
-3022
-2142
-1500
-1261
-1158
-1432
-2065
-2884
-3854
-4631
-5163
-5566
-5679
-5746
-5483
-4961
-4485
-3878
-3491
-3284
-3155
-3170
-3456
-4024
-4458
-4675
-4722
-4864
-5018
-4961
-4826
-4477
-3952
-3632
-3551
-3563
-3551
-3528
-3731
-4016
-4450
-4844
-4899
-4820
-4813
-4732
-4479
-4316
-4072
-3838
-3796
-3870
-3783
-3639
-3748
-4164
-4900
-5765
-6654
-7497
-8239
-8808
-9369
-9670
-9655
-9291
-8513
-7453
-6270
-5367
-4934
-4726
-4703
-4868
-5282
-5927
-6685
-7515
-8270
-8742
-8791
-8403
-7771
-6936
-5762
-4676
-3954
-3604
-3297
-2935
-3032
-3460
-3931
-4465
-4921
-5381
-5589
-5442
-5074
-4464
-3728
-3033
-2331
-1842
-1464
-1089
-881
-972
-1088
-1065
-1176
-1321
-1278
-1000
-864
-578
-190
208
601
838
1169
1329
1535
1607
1485
1233
997
945
926
1031
1206
1136
1040
1169
1202
1141
1105
876
670
409
289
138
-82
-67
131
170
180
247
395
479
382
450
368
-53
-609
-1605
-2559
-3187
-3280
-2519
-1456
-183
981
1701
2021
1889
1375
574
-382
-1354
-2204
-2621
-2652
-2255
-1452
-228
867
1692
2223
2494
2355
1759
753
-466
-1503
-2560
-3275
-3380
-3134
-2455
-1471
-308
662
1453
2044
2345
2380
2087
1392
406
-576
-1524
-2171
-2385
-2257
-1607
-877
-100
680
1304
1880
2243
2341
2007
1287
600
-231
-830
-1362
-1707
-1888
-1822
-1532
-1043
-355
187
653
944
982
852
559
40
-547
-1105
-1763
-2302
-2499
-2439
-2370
-2283
-2053
-1746
-1573
-1588
-1632
-1886
-2100
-2441
-2790
-2787
-2830
-3111
-3222
-3093
-2883
-2830
-2780
-2606
-2641
-2779
-2811
-2603
-2575
-2851
-3072
-3598
-4374
-5423
-6619
-7291
-7747
-8201
-8303
-7889
-7294
-6449
-5350
-4389
-3586
-3236
-3155
-3183
-3430
-4131
-4760
-5250
-5810
-6314
-6428
-6215
-5668
-4702
-3661
-2562
-1738
-1030
-552
-347
-445
-696
-1113
-1621
-2049
-2330
-2477
-2559
-2400
-1917
-1274
-400
319
887
1375
1648
1783
1653
1532
1482
1382
1462
1423
1246
1305
1526
1743
1993
2264
2657
3010
3115
3191
3156
3064
2827
2662
2563
2591
2406
2187
2189
2187
2192
2115
1993
1844
1578
1298
1189
1129
828
497
614
730
828
858
872
1199
1288
1199
1157
1091
967
829
786
1060
1631
2757
4379
5852
7135
7987
8318
7985
6969
5360
3322
916
-1232
-2787
-3898
-4480
-4148
-2900
-1040
1164
3288
5031
5982
6111
5745
4687
3065
1093
-893
-2685
-3889
-4527
-4498
-3911
-2732
-1245
174
1315
2109
2335
2034
1461
496
-780
-2216
-3587
-4619
-5431
-5591
-5141
-4381
-3377
-2360
-1321
-596
-134
89
-112
-797
-1630
-2468
-3315
-4125
-4661
-4839
-5034
-5004
-4638
-4237
-3846
-3567
-3530
-3416
-3449
-3574
-3744
-3870
-3707
-3519
-3330
-3147
-2872
-2516
-2073
-1624
-1377
-1379
-1476
-1554
-1798
-1903
-2038
-2108
-2178
-2283
-2196
-1911
-1615
-1180
-780
-641
-414
-163
-148
-366
-577
-875
-1260
-1974
-2808
-3756
-4647
-5550
-6351
-6651
-6459
-6082
-5736
-5147
-4136
-3191
-2345
-1662
-1348
-1414
-1901
-2679
-3665
-4556
-5315
-5815
-6268
-6519
-6136
-5449
-4620
-3812
-3000
-2201
-1654
-1444
-1576
-1880
-2345
-2911
-3657
-4379
-4811
-4954
-4773
-4433
-3998
-3356
-2487
-1769
-1169
-780
-509
-229
-271
-414
-582
-686
-601
-419
-329
-241
-56
224
683
1236
1586
1854
2187
2231
2249
2348
2467
2513
2409
2312
2318
2194
2161
2172
2260
2385
2342
2176
1872
1631
1491
1380
1355
1274
1066
1048
1308
1515
1578
1798
1975
2031
1959
1731
1194
418
-323
-1010
-1218
-757
81
1007
2090
2935
3335
3192
2534
1635
461
-832
-1985
-2785
-3110
-3000
-2388
-1398
-18
1561
2751
3389
3566
3277
2555
1361
-244
-1739
-2900
-3766
-4303
-4252
-3570
-2518
-1245
-19
1164
2135
2626
2542
2149
1444
523
-418
-1467
-2322
-2665
-2563
-2218
-1614
-595
449
1200
1694
2139
2235
2021
1693
1156
412
-334
-1003
-1486
-1688
-1601
-1280
-825
-322
166
701
1187
1287
1300
1157
659
201
-148
-384
-710
-1004
-1125
-996
-787
-533
-320
-326
-453
-685
-871
-1213
-1698
-1948
-2066
-2055
-2165
-2128
-2051
-2017
-1851
-1700
-1666
-1587
-1581
-1663
-1688
-1682
-2006
-2613
-3344
-4288
-5320
-6134
-6910
-7297
-7475
-7201
-6905
-6513
-5609
-4694
-3817
-3022
-2513
-2312
-2676
-3288
-3802
-4529
-5288
-5966
-6235
-6099
-5675
-4918
-3923
-2995
-2120
-1140
-282
-18
-144
-254
-398
-837
-1464
-1959
-2074
-1914
-1879
-1537
-885
-112
484
1031
1792
2428
2718
2856
2788
2687
2591
2464
2349
2346
2435
2637
2784
3050
3291
3815
4142
4220
4378
4389
4295
4282
4225
4057
3930
3837
3783
3621
3597
3519
3460
3360
3354
3356
3136
2833
2582
2536
2333
2164
2150
2145
2251
2345
2308
2195
2184
2309
2370
2231
1839
1281
635
165
174
824
2010
3477
4865
5914
6594
6668
5954
4865
3919
2777
1375
194
-692
-1082
-618
225
1405
2767
4028
4955
5348
5256
4810
4028
2844
1432
21
-996
-1647
-1639
-1153
-433
523
1592
2566
3237
3643
3759
3323
2627
1664
680
-166
-837
-1550
-1801
-1559
-1083
-437
434
1289
1879
2094
2173
2079
1727
1029
92
-806
-1513
-1944
-2252
-2188
-1799
-1286
-1054
-755
-432
-31
287
225
-193
-718
-1064
-1471
-1837
-1967
-1872
-1782
-1653
-1376
-871
-706
-633
-556
-622
-767
-875
-1082
-1416
-1588
-1522
-1453
-1502
-1461
-1336
-1116
-876
-684
-566
-526
-508
-557
-566
-758
-1170
-1762
-2486
-3318
-4332
-5205
-5709
-5965
-6119
-5964
-5322
-4453
-3576
-2778
-2076
-1443
-1212
-1379
-1648
-2218
-3035
-3825
-4436
-4794
-4988
-4849
-4534
-3806
-2877
-2079
-1408
-672
-237
-29
-173
-595
-1147
-1695
-2316
-2796
-2793
-2741
-2663
-2422
-1678
-967
-388
241
951
1459
1554
1447
1371
1230
912
752
809
1010
1259
1445
1657
1956
2209
2454
2766
2885
3010
3055
3033
3082
2890
2772
2718
2713
2669
2730
2668
2596
2615
2575
2620
2502
2310
2266
2030
1766
1542
1480
1645
1629
1628
1761
1796
1882
1956
1915
1778
1567
1281
770
230
75
527
1511
2916
4293
5473
6331
6510
5972
5095
4082
2626
1125
17
-857
-1442
-1507
-962
121
1570
2945
3819
4331
4619
4271
3299
1991
759
-391
-1442
-2361
-2839
-2653
-1872
-704
456
1298
1926
2511
2926
2737
2090
1181
110
-882
-1814
-2598
-2820
-2381
-1862
-1310
-730
-53
660
1263
1516
1438
1191
594
-165
-947
-1680
-2253
-2524
-2617
-2434
-2018
-1442
-867
-523
-205
9
-85
-300
-457
-778
-1282
-1593
-1764
-1882
-1803
-1675
-1319
-924
-523
-245
-150
-182
-299
-444
-549
-680
-850
-1151
-1255
-1135
-1030
-986
-798
-568
-366
-269
-302
-289
-181
-123
-325
-816
-1321
-2169
-2933
-3795
-4668
-5280
-5754
-5949
-5772
-5262
-4514
-3715
-2839
-2061
-1435
-1093
-970
-1277
-1800
-2603
-3466
-4214
-4777
-4871
-4745
-4377
-3687
-2996
-2098
-1086
-179
363
451
310
42
-260
-712
-1270
-1754
-2038
-2044
-1811
-1331
-714
-160
454
1101
1661
2169
2375
2411
2368
2287
2161
2076
2072
2103
2227
2523
2912
3311
3711
4021
4112
4197
4403
4610
4631
4422
4266
3967
3656
3537
3726
3761
3697
3770
3740
3466
3445
3411
3201
3130
2943
2707
2620
2572
2630
2618
2681
2808
2744
2764
3009
2975
2720
2646
2448
1837
1213
946
1046
1800
2986
4371
5762
6870
7149
6871
6265
5205
3878
2554
1289
218
-491
-602
8
930
2062
3245
4360
5262
5569
5251
4488
3415
2287
1176
-41
-1250
-1864
-1819
-1216
-259
803
1839
2796
3533
3758
3672
3311
2600
1514
426
-381
-1141
-1530
-1662
-1350
-676
173
1205
1972
2429
2549
2498
2421
1962
1224
497
-89
-650
-1101
-1225
-1268
-1022
-645
-178
411
896
934
779
759
608
171
-282
-550
-554
-687
-815
-601
-219
54
126
281
581
702
671
506
157
-128
-243
-349
-406
-493
-521
-399
-152
-11
111
172
176
249
477
585
524
272
-138
-999
-1994
-2836
-3606
-4341
-4846
-4990
-4894
-4600
-4081
-3361
-2479
-1709
-973
-534
-389
-388
-726
-1324
-2071
-2894
-3726
-4181
-4148
-3904
-3286
-2493
-1470
-497
245
757
1112
1198
1062
786
259
-260
-811
-1306
-1605
-1507
-1050
-607
-20
634
1175
1630
1898
2189
2346
2242
1866
1459
1130
1075
1218
1755
2399
2644
2665
2778
2752
2501
1896
1217
513
132
194
454
880
1765
2839
3675
4088
4138
3910
3375
2530
1481
626
30
-100
313
1002
1904
3090
4481
5608
6238
6635
6718
6296
5518
4594
3809
3279
2786
2465
2429
2956
3940
5265
6992
8588
9782
10457
10419
9472
8050
6511
4893
3274
1777
840
432
638
1569
2752
3955
5087
5869
6109
6048
5330
4114
2806
1521
393
-582
-1468
-1841
-1699
-1049
-244
775
1505
2048
2651
2846
2594
2066
1227
238
-876
-1801
-2450
-2880
-3125
-3027
-2281
-1297
-599
6
659
1021
954
622
101
-587
-1369
-2071
-2350
-2460
-2505
-2346
-1912
-1268
-553
101
605
946
1069
960
935
644
309
196
221
261
336
570
967
1525
1811
2059
2385
2417
2185
2021
1827
1514
1280
1083
1023
1048
1018
1015
1090
1308
1429
1367
1550
1777
1692
1454
1140
891
464
-164
-960
-1916
-2841
-3477
-3917
-4365
-4566
-4476
-3996
-3353
-2556
-1661
-1011
-556
-404
-581
-915
-1607
-2457
-3273
-4027
-4661
-4991
-4873
-4455
-3759
-2920
-2034
-1166
-526
-111
-103
-364
-958
-1678
-2188
-2841
-3371
-3552
-3593
-3363
-2931
-2416
-1842
-1016
-367
56
318
488
487
450
209
-276
-772
-1176
-1534
-1626
-1553
-1087
-415
380
1146
1697
1943
1999
1787
1273
741
115
-322
-813
-1041
-867
-467
-86
435
959
1322
1489
1381
953
421
-259
-1004
-1669
-2198
-2515
-2520
-2210
-1791
-1352
-1061
-860
-630
-713
-1138
-1914
-3192
-4488
-5222
-5178
-4319
-2860
-1212
292
1429
2046
2031
1258
-113
-1645
-3412
-5353
-6844
-7552
-7579
-6830
-5605
-3936
-2170
-751
-1
339
332
-248
-1311
-2534
-3883
-5430
-6477
-6752
-6366
-5654
-4505
-3068
-1801
-618
284
811
846
265
-627
-1614
-2529
-3346
-3998
-4315
-4156
-3536
-2771
-1903
-911
166
918
1327
1334
1160
783
5
-842
-1465
-1944
-2297
-2323
-2069
-1756
-1256
-552
78
520
674
734
635
336
-26
-518
-1050
-1541
-1713
-1385
-977
-681
-459
-50
271
477
517
470
239
19
-219
-452
-725
-861
-845
-626
-363
-122
14
242
438
706
1045
1175
1057
835
439
-157
-714
-1405
-2043
-2739
-3464
-3907
-4035
-3716
-3029
-2306
-1457
-426
578
1302
1702
1968
1736
1232
623
84
-437
-798
-905
-800
-443
214
1148
2129
2873
3624
4023
4075
3983
3720
3398
2919
2176
1713
1425
1450
1626
1943
2317
2696
3160
3698
4122
4233
4239
4060
3658
3391
3173
2952
2679
2458
2573
2713
2747
2986
3478
3684
3620
3609
3732
3748
3593
3325
3118
2914
2750
2705
2622
2617
2644
2577
2496
2459
2519
2397
2135
1863
1645
1627
1488
1371
1272
1376
1480
1574
1671
1805
1690
1533
1569
1451
1223
818
186
-137
151
1075
2422
3919
5267
6348
6712
6548
5918
4762
3514
2320
1060
-78
-671
-836
-303
819
2075
3291
4562
5533
5893
5751
5203
4208
2844
1467
300
-692
-1199
-1073
-401
581
1509
2465
3474
4276
4701
4805
4383
3551
2522
1373
352
-323
-570
-602
-328
409
1261
1924
2598
3265
3534
3550
3288
2940
2322
1383
822
302
-249
-381
-214
-1
471
1037
1448
1725
1875
2076
1972
1705
1465
966
502
368
471
547
649
935
1298
1802
2097
2156
2057
1937
1969
1919
1590
1475
1503
1342
1183
1117
1225
1581
1899
2201
2239
2544
2953
2877
2723
2680
2511
1873
1201
578
-397
-1404
-2048
-2351
-2446
-2489
-2132
-1477
-605
371
1230
1783
2189
2261
2203
1676
821
69
-672
-1170
-1518
-1627
-1320
-682
156
897
1766
2480
2909
3142
2926
2543
1968
1331
724
232
-76
-220
-409
-347
-14
562
1073
1427
1821
1961
2035
2000
1764
1412
1094
838
512
279
385
529
685
720
833
1105
1333
1626
1638
1570
1489
1376
1118
789
603
581
658
748
699
625
514
399
277
210
55
-162
-463
-659
-712
-555
-718
-983
-938
-658
-684
-793
-641
-383
-344
-619
-1147
-1629
-2083
-2610
-2610
-1802
-563
855
2339
3549
4173
4064
3434
2552
1231
-196
-1632
-2950
-3854
-4132
-3783
-2990
-1735
-323
975
2005
2508
2421
2000
1130
-121
-1557
-3035
-3985
-4586
-4781
-4385
-3633
-2533
-1350
-363
425
1020
1219
902
275
-542
-1514
-2550
-3596
-4270
-4301
-3827
-3271
-2549
-1549
-694
-80
456
649
447
-11
-610
-1151
-1695
-2383
-3014
-3398
-3441
-3155
-2548
-1925
-1363
-820
-516
-379
-398
-513
-774
-1259
-1879
-2182
-2202
-2138
-1892
-1595
-1135
-773
-536
-172
7
21
-79
-294
-465
-659
-826
-798
-803
-723
-589
-353
15
231
269
343
595
736
754
618
400
47
-523
-1218
-2132
-2996
-3618
-4246
-4567
-4469
-4149
-3484
-2677
-1929
-988
-172
368
714
727
417
-318
-1026
-1645
-2220
-2590
-2778
-2550
-1885
-978
-168
511
1189
1862
2187
2274
2191
1645
1030
466
-102
-779
-1094
-1180
-965
-546
-151
420
1008
1454
1784
1902
1907
1830
1595
1409
1089
562
287
310
466
758
1114
1316
1485
1674
1956
2279
2215
1907
1712
1504
1333
1220
1234
1320
1393
1357
1301
1219
1183
1319
1277
996
633
385
249
86
8
54
-20
-93
69
383
452
612
639
537
558
573
443
251
194
483
1128
