-4952
-4586
-4402
-4295
-4096
-3942
-4075
-4110
-4245
-4570
-4731
-4751
-4749
-4907
-4843
-4521
-4202
-3926
-3813
-3579
-3522
-3594
-3485
-3439
-3450
-3850
-4418
-5281
-6411
-7400
-7971
-8247
-8501
-8682
-8418
-7741
-6934
-5857
-5040
-4238
-3572
-3387
-3554
-3876
-4359
-5095
-5990
-6829
-7239
-7340
-7118
-6660
-5758
-4758
-3698
-2881
-2363
-2009
-1756
-1785
-2141
-2806
-3559
-4201
-4736
-5011
-5101
-4865
-4492
-3792
-3159
-2785
-2456
-2228
-2374
-2714
-3165
-3906
-4874
-5375
-5304
-5119
-4519
-3342
-1985
-994
-770
-1558
-2715
-4178
-5869
-7832
-9886
-11350
-11950
-11897
-11023
-9499
-7811
-6249
-5158
-4652
-4751
-5694
-7168
-9041
-10954
-12429
-13279
-13102
-12141
-10315
-8043
-5478
-2954
-857
650
1228
1218
642
-435
-1891
-3676
-5270
-6461
-6784
-5939
-3957
-1284
1520
4169
6078
7126
7102
6112
4466
2181
-326
-2807
-4917
-6371
-6875
-6305
-5068
-3428
-1587
33
1068
1245
883
1
-1727
-4038
-6217
-8113
-9719
-10608
-10689
-9939
-8408
-6652
-5145
-3918
-3142
-2966
-3459
-4430
-5758
-7401
-9107
-10724
-11974
-12686
-12694
-12109
-11089
-9665
-8051
-6669
-5615
-4974
-5000
-5526
-6298
-7432
-8810
-10153
-11220
-11921
-12188
-11835
-11220
-10057
-8669
-7722
-6653
-5818
-5172
-4559
-4171
-4086
-4225
-4370
-4368
-4331
-4016
-3504
-2934
-2337
-1912
-1482
-857
-680
-637
-675
-909
-1296
-1622
-1771
-2005
-2170
-2099
-1898
-1628
-1495
-1471
-1784
-2176
-2311
-2395
-2504
-2649
-2878
-3210
-3723
-4356
-4999
-5520
-5980
-6446
-6665
-6531
-6283
-5876
-5252
-4672
-3914
-3222
-2808
-2848
-3259
-3765
-4387
-5220
-6338
-7201
-7818
-8343
-8582
-8470
-7815
-6856
-6077
-5284
-4549
-4129
-3716
-3790
-4193
-4770
-5332
-5738
-5852
-5736
-5464
-4928
-4196
-3421
-2548
-1619
-753
-181
444
1130
1520
1617
1643
1605
1493
750
-385
-1607
-2791
-3742
-4283
-4286
-3566
-1936
-30
1819
3478
4721
5377
5354
4530
3074
1122
-911
-2729
-3864
-4089
-3358
-1897
-70
1935
3798
5297
6313
6544
5846
4615
3145
1502
-100
-1212
-1421
-1000
-9
1711
3707
5461
6752
7369
7547
7438
7299
7296
7269
7264
7212
7176
7256
7034
6501
5892
5117
4082
2934
1959
1193
424
22
174
948
2070
3031
3905
4589
5027
5088
4485
3376
2204
1162
45
-947
-1569
-1752
-1742
-1296
-639
-63
585
1118
1396
1311
738
83
-638
-1619
-2684
-3425
-3968
-4235
-4172
-4022
-3733
-3604
-3457
-3439
-3426
-3444
-3464
-3703
-4064
-4427
-4670
-4623
-4295
-4174
-4257
-4041
-3815
-3567
-3388
-3170
-3124
-3330
-3706
-4110
-4337
-4230
-4018
-3839
-3656
-3176
-2580
-2167
-1720
-1117
-785
-805
-878
-1092
-1305
-1660
-2067
-2457
-2882
-3118
-3118
-2957
-2953
-2845
-2576
-2260
-1958
-1610
-1331
-1270
-1441
-1894
-2739
-3764
-4907
-6316
-7637
-8796
-9619
-10135
-10212
-10016
-9421
-8436
-7375
-6300
-5460
-4817
-4640
-4833
-5368
-6231
-7217
-8102
-8968
-9669
-10203
-10309
-9841
-9081
-8329
-7530
-6869
-6221
-5869
-5757
-5917
-6187
-6543
-7059
-7660
-8205
-8563
-8533
-8227
-7664
-6981
-6451
-5931
-5327
-4593
-3997
-3522
-3373
-3271
-3054
-2988
-2933
-2783
-2568
-2117
-1747
-1431
-1075
-664
-321
-213
-268
-254
-399
-744
-941
-1074
-1232
-1416
-1455
-1411
-1318
-1299
-1323
-1291
-1394
-1520
-1668
-1986
-2264
-2444
-2571
-2755
-3022
-3128
-2997
-2790
-2707
-2605
-2386
-2123
-1908
-2034
-2330
-2979
-3790
-4372
-4566
-3968
-2902
-1660
-413
470
861
737
73
-1047
-2570
-4223
-5684
-6836
-7688
-8135
-7952
-7191
-5852
-4344
-2968
-2077
-1668
-1565
-1980
-2992
-4385
-5712
-7109
-8441
-9388
-9449
-8701
-7787
-6628
-5231
-3952
-3030
-2426
-2213
-2500
-3144
-4223
-5224
-6475
-7695
-8495
-8641
-8396
-7667
-6778
-5696
-4593
-3819
-3298
-3009
-2976
-3433
-4218
-4928
-5593
-6017
-6574
-6830
-6738
-6581
-6362
-5875
-5305
-4825
-4433
-4303
-4439
-4801
-5201
-5701
-6237
-6549
-6680
-6781
-6671
-6416
-6022
-5837
-5773
-5628
-5566
-5675
-5742
-5863
-6227
-6538
-6676
-6725
-6861
-6860
-6616
-6154
-5801
-5469
-5279
-5147
-5069
-5019
-5082
-5167
-5279
-5750
-6563
-7620
-8453
-9331
-10111
-10783
-11060
-11113
-10849
-10101
-9217
-8190
-7186
-6373
-5500
-5079
-5260
-5851
-6687
-7460
-8278
-9065
-9633
-9868
-9540
-8850
-8016
-7015
-5949
-4899
-4090
-3644
-3452
-3726
-4116
-4399
-4816
-5495
-5921
-6059
-6004
-5761
-5136
-4508
-4017
-3192
-2365
-1810
-1546
-1312
-1135
-1149
-1267
-1428
-1426
-1389
-1349
-1184
-1029
-699
-320
60
486
764
983
934
952
1123
1114
1053
727
572
593
623
523
453
447
461
474
409
158
-165
-483
-674
-688
-599
-620
-665
-650
-566
-322
-116
-18
-20
-76
-157
-489
-823
-1151
-1680
-1828
-1441
-400
969
2420
3701
4545
4840
4526
3585
2225
912
-328
-1636
-2701
-3287
-3140
-2435
-1321
-64
1195
2328
3069
3095
2649
2070
1027
-356
-1747
-2994
-3876
-4353
-4178
-3387
-2338
-1136
-87
822
1377
1608
1530
956
75
-1134
-2392
-3459
-4273
-4466
-4077
-3546
-2890
-2046
-1255
-644
-103
162
-5
-496
-1155
-1777
-2599
-3267
-3686
-4023
-4044
-3859
-3576
-3083
-2429
-2067
-1803
-1627
-1730
-1787
-2141
-2630
-3040
-3332
-3537
-3545
-3530
-3203
-2958
-2702
-2263
-2038
-1969
-2076
-2036
-2038
-2476
-2891
-3139
-3279
-3317
-3314
-3186
-2972
-2664
-2390
-2333
-2235
-1913
-1721
-1839
-2097
-2313
-2557
-2976
-3812
-4835
-5762
-6662
-7269
-7621
-7697
-7489
-6941
-6265
-5521
-4798
-4054
-3455
-3098
-2988
-3268
-3916
-4795
-5621
-6458
-7001
-7409
-7349
-6816
-6087
-5312
-4581
-3780
-2876
-2412
-2246
-2126
-2245
-2656
-3168
-3772
-4193
-4426
-4381
-4305
-4059
-3365
-2529
-1988
-1541
-979
-484
-195
-130
-226
-481
-763
-1027
-1125
-924
-822
-652
-432
60
565
937
1290
1452
1488
1548
1578
1537
1380
1226
1321
1404
1322
1331
1335
1401
1280
1023
831
760
668
372
24
-90
-123
3
138
183
153
84
122
109
178
212
103
-136
-484
-1168
-1896
-2327
-2116
-1088
253
1621
2930
4029
4552
4306
3418
2344
1051
-597
-2062
-3256
-4017
-4094
-3709
-2788
-1436
-155
891
1807
2207
2104
1399
103
-1256
-2594
-3811
-4813
-5540
-5636
-5078
-4033
-2921
-1748
-726
-132
172
177
-338
-1199
-2156
-3200
-4149
-4945
-5508
-5685
-5398
-4637
-3740
-2849
-2131
-1692
-1419
-1541
-1948
-2439
-2980
-3731
-4482
-5140
-5621
-5803
-5701
-5326
-4796
-4260
-3857
-3474
-3084
-2978
-3226
-3652
-4263
-4662
-4879
-5275
-5497
-5375
-5086
-4683
-4317
-3934
-3755
-3749
-3746
-3794
-3959
-4156
-4358
-4517
-4743
-4794
-4934
-4952
-4901
-4715
-4306
-4130
-4091
-4055
-3875
-3713
-3833
-4020
-4270
-4941
-5808
-6583
-7236
-8134
-9062
-9643
-9760
-9623
-9203
-8492
-7716
-6979
-6162
-5272
-4737
-4562
-4907
-5593
-6306
-6993
-7891
-8748
-9081
-9074
-8733
-8166
-7340
-6331
-5391
-4543
-3898
-3409
-3288
-3550
-3915
-4398
-5059
-5539
-5710
-5804
-5723
-5268
-4782
-4185
-3500
-2840
-2192
-1700
-1409
-1192
-1026
-990
-1350
-1609
-1572
-1478
-1273
-1167
-896
-545
-112
380
767
971
1202
1343
1428
1326
1087
854
822
762
687
709
746
753
854
847
699
641
396
122
5
-263
-437
-513
-651
-663
-610
-375
61
315
382
249
172
107
-450
-1327
-2103
-2786
-3189
-3044
-2365
-1433
-139
1100
1889
2169
1748
1090
264
-662
-1577
-2422
-3013
-3074
-2907
-2412
-1224
93
1264
1876
2021
1703
1207
407
-576
-1566
-2738
-3684
-4166
-4180
-3582
-2596
-1320
-336
423
996
1366
1498
1013
235
-590
-1345
-2102
-2683
-3074
-3060
-2701
-2090
-1332
-525
323
998
1336
1283
989
466
-148
-816
-1481
-2138
-2685
-2887
-2713
-2286
-1762
-1179
-612
-205
-35
-159
-257
-529
-1012
-1731
-2269
-2673
-2967
-3150
-3141
-3025
-2808
-2489
-2320
-2093
-2047
-2232
-2435
-2526
-2591
-2713
-2933
-3058
-3047
-3127
-3186
-2971
-2836
-2815
-2809
-2597
-2335
-2310
-2315
-2575
-2858
-3261
-3897
-4726
-5643
-6490
-7282
-7976
-8345
-8268
-7815
-7066
-6311
-5460
-4670
-4059
-3472
-3059
-3135
-3518
-4218
-5038
-5790
-6396
-6846
-6917
-6645
-6245
-5471
-4267
-3132
-2323
-1641
-1111
-874
-1048
-1422
-1852
-2366
-2874
-3171
-3293
-3023
-2712
-2389
-1830
-1119
-421
134
707
1166
1345
1306
1043
881
797
704
788
930
1036
1166
1216
1508
1942
2249
2308
2418
2540
2633
2668
2526
2385
2231
2144
1985
2022
1939
1908
1960
1904
1878
1866
1743
1344
1089
961
867
898
967
927
837
874
869
832
883
987
1095
1029
826
529
286
513
1077
1855
2950
4458
6029
7042
7181
6905
6141
4753
2869
863
-852
-2367
-3543
-4036
-3564
-2296
-533
1293
3038
4503
5548
5724
5098
4138
2702
848
-1054
-2738
-4040
-4611
-4509
-3795
-2515
-1067
260
1236
2002
2396
2256
1459
327
-956
-2355
-3626
-4618
-5117
-5165
-4785
-4045
-3024
-2027
-1084
-373
-71
-149
-343
-753
-1320
-2045
-2902
-3768
-4304
-4631
-4635
-4317
-3780
-3334
-3061
-2772
-2647
-2637
-2678
-2747
-3053
-3353
-3638
-3778
-3681
-3325
-2932
-2686
-2296
-1880
-1653
-1479
-1603
-1768
-1871
-2095
-2244
-2487
-2769
-2678
-2428
-2169
-2026
-1807
-1353
-1087
-890
-882
-906
-780
-728
-1019
-1523
-2138
-3048
-4106
-5090
-5810
-6355
-6670
-6718
-6541
-5955
-5176
-4247
-3457
-2853
-2350
-1996
-1986
-2350
-3166
-3949
-4743
-5571
-6205
-6452
-6440
-6259
-5693
-4831
-3983
-3155
-2289
-1803
-1782
-2039
-2389
-2624
-3209
-3993
-4613
-5010
-5037
-4739
-4337
-4060
-3441
-2530
-1788
-1474
-1191
-826
-647
-728
-893
-958
-898
-950
-968
-945
-777
-556
-289
217
621
937
1143
1218
1329
1339
1388
1426
1423
1337
1413
1510
1497
1422
1462
1464
1375
1358
1166
969
904
863
670
516
474
388
367
405
618
891
874
951
1128
1177
868
367
-273
-992
-1558
-1633
-1250
-539
425
1590
2551
3210
3125
2586
1565
155
-1230
-2383
-3251
-3787
-3772
-3103
-2052
-667
679
1867
2645
2947
2745
1983
755
-595
-1975
-3362
-4498
-5046
-4986
-4492
-3449
-2116
-948
270
1323
1623
1349
999
468
-421
-1467
-2324
-2939
-3265
-3398
-3209
-2459
-1472
-516
258
709
947
1092
1098
717
82
-721
-1507
-1989
-2274
-2502
-2606
-2296
-1822
-1215
-574
-176
36
205
46
-338
-751
-1114
-1440
-1626
-1688
-1745
-1728
-1748
-1713
-1465
-1302
-1270
-1255
-1297
-1538
-1821
-2137
-2580
-2622
-2548
-2612
-2689
-2756
-2572
-2241
-1942
-1951
-2096
-2024
-1943
-1971
-2098
-2448
-2921
-3516
-4305
-5302
-6224
-6960
-7590
-7955
-7757
-7247
-6601
-5882
-4947
-3911
-3067
-2836
-2909
-3106
-3619
-4156
-4846
-5591
-6156
-6532
-6542
-6224
-5672
-4808
-3736
-2724
-1907
-1142
-704
-630
-895
-1340
-1812
-2273
-2655
-2870
-2882
-2694
-2281
-1763
-990
-234
473
913
1480
1894
2046
2145
2099
2033
1700
1633
1589
1508
1710
1984
2318
2611
3000
3301
3447
3727
3763
3561
3427
3423
3498
3378
3168
3052
3102
3053
2901
2986
2971
2956
2801
2560
2432
2288
2136
1995
1899
2007
1927
1842
1784
1792
1958
2125
2051
1952
1735
1530
995
392
-79
-204
289
1558
3278
4667
5817
6498
6488
5776
4697
3475
2109
784
-171
-715
-1010
-891
-93
990
2263
3597
4498
4973
4977
4494
3601
2330
971
-351
-1328
-1754
-1889
-1567
-849
218
1513
2522
3066
3439
3512
3162
2418
1513
548
-580
-1334
-1736
-1805
-1768
-1328
-628
169
1029
1665
2082
2294
2116
1625
990
203
-650
-1264
-1763
-2083
-2117
-2014
-1779
-1242
-565
-112
-31
-64
-180
-216
-532
-1120
-1661
-1863
-1929
-1872
-1798
-1623
-1268
-940
-659
-539
-425
-343
-549
-888
-1051
-1275
-1512
-1743
-1617
-1383
-1243
-1094
-898
-635
-528
-556
-645
-529
-314
-286
-671
-1190
-1581
-2348
-3323
-4259
-4968
-5512
-5877
-6005
-5617
-5032
-4589
-3774
-2748
-1819
-1279
-1043
-1179
-1613
-2271
-3195
-4036
-4749
-5168
-5344
-5150
-4760
-4025
-3135
-2138
-1272
-637
-224
-114
-121
-478
-1068
-1617
-2174
-2666
-2753
-2525
-2263
-1830
-1317
-533
190
694
1201
1641
1761
1587
1507
1494
1347
1148
1050
1107
1359
1672
2116
2456
2829
3014
3129
3372
3458
3494
3319
3248
3258
3157
2965
2991
3114
3062
2848
2888
2955
3121
3002
2581
2375
2429
2385
2207
2132
2061
1997
2031
2137
2128
2140
2278
2362
2457
2280
2013
1541
744
195
161
667
1603
2817
4142
5323
6228
6504
6131
5345
4199
2796
1299
125
-701
-1246
-1371
-739
559
1832
3052
4114
4578
4680
4280
3471
2242
803
-473
-1512
-2328
-2689
-2525
-1900
-1043
10
1178
2024
2471
2557
2529
1959
1027
-31
-1096
-2008
-2653
-2884
-2697
-2225
-1584
-805
61
859
1402
1562
1515
1152
560
-191
-921
-1602
-2256
-2561
-2541
-2419
-2060
-1531
-1050
-632
-319
-176
-133
-248
-610
-1082
-1585
-2016
-2217
-2192
-1962
-1664
-1481
-1257
-1038
-840
-665
-402
-276
-452
-818
-1194
-1489
-1567
-1696
-1665
-1593
-1653
-1492
-1081
-687
-542
-638
-714
-628
-703
-781
-991
-1554
-2258
-3192
-4283
-5079
-5724
-6167
-6184
-5918
-5547
-4948
-4121
-3054
-2291
-1811
-1584
-1650
-1850
-2280
-2925
-3787
-4723
-5465
-5609
-5371
-4971
-4335
-3670
-2832
-1911
-1228
-781
-488
-501
-657
-979
-1407
-1840
-2291
-2494
-2394
-2281
-2024
-1568
-847
-180
408
909
1287
1539
1620
1742
1839
1683
1437
1421
1572
1771
1948
2157
2625
3000
3110
3357
3572
3657
3694
3624
3529
3444
3419
3326
3248
3135
3134
3282
3353
3153
2968
2905
2869
2650
2394
2180
2084
2090
1921
1864
1987
2272
2297
2309
2386
2357
2241
2193
2296
2000
1244
594
438
874
1474
2459
3831
5236
6240
6605
6387
5683
4567
3221
1879
626
-391
-899
-1109
-812
162
1425
2760
3885
4647
5053
4752
4017
3121
1910
524
-808
-1692
-2278
-2230
-1672
-745
424
1457
2268
2890
3236
3174
2710
1986
1059
138
-798
-1613
-2128
-2134
-1655
-814
99
909
1508
1916
2037
2059
1827
1372
808
143
-655
-1367
-1847
-2085
-2029
-1402
-801
-484
-55
312
471
496
382
172
-141
-575
-925
-1087
-1190
-1205
-1131
-972
-752
-534
-129
256
351
306
157
-47
-362
-586
-698
-955
-930
-768
-616
-481
-276
-76
101
311
396
460
410
289
67
-518
-1195
-2173
-3214
-3916
-4561
-5034
-5166
-5062
-4815
-4231
-3392
-2538
-1620
-877
-326
-106
-440
-1118
-1971
-2653
-3282
-3761
-4117
-4472
-4172
-3449
-2586
-1720
-945
-35
647
882
882
659
303
-156
-735
-1215
-1540
-1576
-1370
-1046
-423
182
646
1154
1620
2046
2312
2261
2026
1602
1378
1375
1307
1397
1518
1914
2556
2958
3160
2821
2257
1660
995
680
438
496
818
1353
2037
2731
3457
4046
4343
4124
3401
2486
1594
796
161
-89
190
878
1939
3251
4556
5612
6393
6850
6894
6512
5765
4919
4125
3393
2816
2319
2263
2769
3779
5241
6877
8356
9566
10225
10069
9324
8115
6543
4820
3258
1897
1002
640
714
1322
2566
3926
5213
6109
6315
6107
5361
4276
3118
1760
283
-801
-1444
-1815
-1666
-1125
-187
854
1550
2156
2686
2871
2578
2092
1309
136
-952
-2066
-2921
-3338
-3238
-2826
-2325
-1683
-882
-56
481
818
890
670
274
-503
-1259
-1978
-2509
-2690
-2661
-2268
-1671
-1177
-518
120
700
1086
1252
1254
1091
795
434
306
143
233
378
698
1065
1501
1992
2290
2321
2197
2186
1990
1661
1233
1007
971
755
678
802
953
1198
1368
1349
1310
1226
1360
1532
1442
1248
974
508
-158
-1067
-2029
-2861
-3556
-3985
-4362
-4718
-4613
-3968
-3163
-2402
-1702
-1200
-695
-623
-982
-1380
-1975
-2727
-3493
-4295
-4932
-5026
-4881
-4635
-4016
-3207
-2429
-1534
-918
-582
-515
-670
-1072
-1749
-2676
-3263
-3527
-3710
-3738
-3488
-3118
-2700
-2116
-1413
-784
-362
15
232
235
-6
-295
-618
-1179
-1747
-1973
-1994
-1643
-1137
-528
270
937
1369
1654
1626
1310
970
389
-332
-914
-1288
-1498
-1449
-1121
-475
61
509
935
1237
1100
600
96
-523
-1254
-2004
-2714
-3053
-3105
-2859
-2345
-1847
-1422
-1100
-1026
-998
-1409
-2361
-3536
-4841
-5613
-5633
-4754
-3185
-1460
143
1397
1872
1453
563
-716
-2354
-4083
-5873
-7352
-8264
-8376
-7785
-6467
-4597
-2743
-1326
-183
450
194
-679
-1786
-3177
-4499
-5869
-6990
-7299
-6993
-6100
-4857
-3366
-1893
-795
-93
188
123
-355
-1230
-2194
-3183
-3999
-4594
-4866
-4582
-3918
-3036
-2012
-925
-20
685
1018
1100
796
399
-347
-1205
-1745
-2146
-2426
-2416
-2136
-1893
-1378
-743
-80
344
430
419
300
186
-88
-432
-992
-1516
-1567
-1338
-1127
-895
-559
-110
182
246
154
123
87
-120
-443
-744
-992
-1065
-902
-685
-479
-169
76
427
654
865
943
989
1064
939
717
228
-583
-1438
-2146
-2773
-3285
-3686
-3756
-3377
-2743
-2050
-1175
-99
869
1611
2065
2104
1846
1331
641
120
-383
-847
-1070
-942
-692
66
1234
2212
2985
3397
3859
4229
4060
3686
3266
2812
2257
1727
1441
1563
1685
1992
2371
2779
3165
3411
3770
4172
4317
4189
3882
3618
3274
2869
2620
2466
2554
2818
3091
3260
3379
3607
3731
3685
3630
3480
3402
3233
3044
2961
3044
3016
2882
2760
2777
2853
2783
2671
2577
2463
2231
2011
1944
1800
1597
1497
1654
1717
1537
1576
1829
1992
2017
1960
2043
1998
1521
882
340
-102
70
789
1882
3230
4568
5558
6048
5929
5242
4423
3433
2289
1110
133
-279
-192
288
1080
2230
3537
4677
5372
5698
5464
4745
3813
2708
1405
309
-353
-647
-489
-117
733
2013
3151
3955
4576
4812
4616
4034
3392
2753
1768
703
-4
-344
-254
122
755
1494
2297
3121
3586
3802
3943
3794
3247
2613
1777
1011
453
92
-48
-1
159
586
1159
1709
2126
2472
2555
2261
1819
1438
1080
812
542
347
293
449
782
1134
1543
1850
1958
1902
1835
1750
1614
1481
1189
1005
849
849
933
1005
1227
1531
1764
2019
2102
2075
2316
2458
2304
1987
1488
854
22
-892
-1617
-2205
-2612
-2667
-2568
-2155
-1645
-880
96
943
1696
1988
2016
1712
1254
577
-167
-840
-1353
-1800
-2039
-1671
-1041
-248
723
1585
2281
2892
3008
2934
2694
2228
1604
778
135
-259
-550
-659
-436
26
577
1189
1580
1963
2046
2147
2238
2035
1670
1307
915
538
254
258
340
489
749
923
952
937
1109
1268
1427
1303
1019
760
676
493
270
370
439
364
485
535
236
-24
-132
-250
-227
-461
-769
-957
-1078
-1044
-1066
-834
-594
-647
-757
-748
-574
-625
-708
-1056
-1651
-2154
-2377
-2267
-1585
-251
1320
2807
3932
4426
4240
3564
2390
890
-809
-2418
-3759
-4446
-4500
-4260
-3387
-1943
-402
1101
2320
2953
2925
2322
1269
-96
-1506
-3029
-4204
-4996
-5263
-4920
-4107
-3005
-1763
-516
371
896
983
762
108
-862
-1982
-3118
-4087
-4845
-5026
-4678
-4107
-3426
-2510
-1548
-651
-85
149
25
-275
-801
-1530
-2471
-3131
-3614
-3953
-3959
-3735
-3272
-2592
-2083
-1869
-1658
-1555
-1502
-1753
-1961
-2053
-2195
-2148
-2204
-2425
-2384
-2198
-1929
-1566
-988
-613
-445
-466
-548
-590
-811
-938
-929
-1121
-1248
-1244
-916
-561
-221
44
287
401
563
733
797
665
446
79
-618
-1491
-2295
-3016
-3797
-4333
-4418
-4186
-3823
-3250
-2584
-1699
-681
149
528
676
626
275
-227
-896
-1712
-2443
-2983
-3215
-2983
-2292
-1532
-639
244
912
1608
1955
2076
1731
1206
605
12
-747
-1257
-1462
-1674
-1630
-1323
-736
-49
516
932
1253
1408
1256
1108
876
538
290
60
13
141
171
191
216
442
807
1183
1526
1637
1642
1521
1250
994
880
1026
1144
1089
1094
1100
1122
1118
1011
906
850
659
492
363
121
-93
-215
-324
-354
-215
-188
16
352
535
594
546
499
437
-27
-504
-465
-361
74
