-4897
-4675
-4473
-4151
-3905
-3887
-4028
-4399
-4674
-4778
-4962
-5149
-5124
-4922
-4799
-4612
-4334
-4104
-3927
-3912
-3697
-3531
-3606
-3667
-3726
-4113
-4878
-5762
-6490
-7251
-7926
-8474
-8617
-8644
-8583
-8137
-7294
-6361
-5624
-4791
-4038
-3634
-3661
-4094
-4727
-5386
-5946
-6646
-7094
-7050
-6796
-6145
-5265
-4285
-3287
-2476
-1829
-1553
-1461
-1538
-1870
-2354
-2955
-3690
-4212
-4441
-4386
-4265
-3949
-3445
-2880
-2258
-1775
-1628
-1704
-1952
-2416
-3233
-4310
-4810
-4774
-4549
-3984
-2844
-1545
-686
-402
-884
-2085
-3664
-5593
-7641
-9579
-11106
-11909
-11570
-10406
-8982
-7420
-6019
-5063
-4672
-4785
-5531
-6896
-8685
-10487
-12096
-12992
-12880
-11896
-10243
-7968
-5392
-2998
-1018
556
1280
1174
403
-708
-2034
-3475
-4957
-6012
-5811
-4372
-2101
614
3565
6184
7912
8511
8077
6676
4622
2025
-832
-3608
-5792
-7148
-7643
-7260
-5706
-3308
-1051
814
2204
2881
2673
1569
-259
-2559
-5056
-7462
-9345
-10366
-10579
-9984
-8614
-7001
-5516
-4048
-3129
-2731
-2954
-3783
-5269
-7253
-9078
-10719
-12141
-13019
-13224
-12771
-11855
-10649
-9036
-7483
-6428
-5869
-5626
-5832
-6698
-7905
-9093
-10170
-11202
-11986
-12574
-12576
-12220
-11240
-10025
-8865
-7769
-6841
-5983
-5386
-5192
-5190
-5177
-5079
-4870
-4634
-4108
-3595
-3103
-2525
-1818
-1154
-774
-723
-741
-942
-1108
-1219
-1438
-1722
-1882
-1855
-1641
-1492
-1386
-1413
-1350
-1351
-1430
-1494
-1554
-1808
-2158
-2414
-2699
-3232
-3957
-4649
-5192
-5540
-5815
-6070
-6111
-5818
-5309
-4773
-4162
-3352
-2587
-2313
-2413
-2780
-3347
-4110
-5143
-6218
-7112
-7794
-8132
-8261
-8139
-7875
-7113
-6171
-5432
-4900
-4498
-4238
-4344
-4672
-5167
-5440
-5805
-6192
-6304
-6086
-5621
-5069
-4214
-3098
-2060
-1343
-896
-292
318
820
1066
1079
884
604
104
-811
-1923
-3112
-4293
-5288
-5301
-4222
-2552
-464
1419
2946
4203
5035
5047
4215
2732
976
-825
-2544
-3720
-4035
-3542
-2233
-305
1786
3916
5635
6471
6560
6006
4891
3390
1755
217
-866
-1376
-1170
29
1932
3954
5887
7259
8023
8468
8672
8836
9055
9072
9023
8865
8331
7650
7086
6376
5432
4216
2842
1795
951
277
-249
-144
292
1180
2316
3425
4343
4847
5041
4949
4411
3515
2400
1142
-248
-1292
-1912
-2061
-2047
-1568
-790
-269
69
403
456
77
-457
-984
-1750
-2658
-3620
-4386
-4817
-5151
-5076
-4827
-4511
-4225
-4189
-4248
-4251
-4273
-4343
-4556
-4881
-5132
-5207
-5247
-5273
-5054
-4722
-4510
-4406
-4350
-4231
-4260
-4271
-4236
-4391
-4704
-4852
-4746
-4545
-4358
-4021
-3321
-2505
-1895
-1530
-1147
-811
-896
-1035
-1189
-1503
-1932
-2083
-2358
-2802
-2953
-2856
-2687
-2560
-2193
-1920
-1693
-1499
-1228
-1171
-1216
-1243
-1632
-2414
-3408
-4617
-5869
-7154
-8304
-9423
-10119
-10085
-9579
-8899
-8171
-7345
-6294
-5220
-4528
-4305
-4567
-4982
-5861
-6908
-8087
-9163
-9829
-10192
-10286
-10188
-9611
-8578
-7636
-6917
-6202
-5649
-5430
-5585
-6077
-6708
-7350
-7992
-8419
-8577
-8635
-8580
-8251
-7505
-6749
-5948
-5301
-4804
-4324
-4028
-3722
-3587
-3400
-3155
-2918
-2631
-2474
-2113
-1700
-1276
-916
-664
-262
-84
-51
-266
-365
-502
-556
-690
-900
-953
-916
-833
-806
-762
-600
-456
-563
-951
-1168
-1335
-1591
-1903
-2120
-2093
-2232
-2411
-2354
-2145
-1911
-1781
-1642
-1573
-1490
-1428
-1631
-2350
-3146
-3621
-3756
-3459
-2612
-1392
-1
999
1535
1449
674
-532
-2053
-3599
-5108
-6525
-7553
-8031
-7841
-6860
-5531
-4093
-2577
-1547
-1129
-1265
-1850
-2771
-4052
-5581
-7029
-8264
-9063
-9277
-8627
-7573
-6365
-5096
-3864
-2858
-2372
-2205
-2359
-3043
-4084
-5302
-6399
-7338
-8182
-8473
-7974
-7235
-6652
-5701
-4595
-3647
-3154
-2913
-2768
-3041
-3647
-4352
-5234
-5988
-6476
-6645
-6543
-6354
-5934
-5442
-4894
-4353
-4099
-4121
-4245
-4345
-4510
-5270
-5923
-6061
-6138
-6301
-6031
-5762
-5596
-5515
-5289
-5055
-5064
-5107
-5345
-5719
-6067
-6280
-6366
-6368
-6477
-6380
-6200
-5862
-5693
-5523
-5229
-4882
-4745
-4869
-5047
-5297
-5446
-5752
-6405
-7217
-8239
-9221
-9999
-10600
-10809
-10818
-10486
-9831
-8979
-7869
-6762
-5804
-5191
-5133
-5447
-5996
-6645
-7371
-8268
-9057
-9553
-9687
-9510
-8915
-8197
-7273
-6065
-4885
-4057
-3780
-3581
-3471
-3688
-4091
-4718
-5348
-5742
-5839
-5720
-5435
-4824
-4337
-3868
-3016
-2102
-1532
-1310
-1121
-1024
-992
-1054
-1157
-1262
-1288
-1290
-1032
-736
-543
-133
288
568
651
855
1200
1323
1264
1128
988
903
914
1072
1183
1083
847
705
608
574
442
140
-113
-274
-463
-497
-408
-471
-580
-617
-505
-97
112
134
98
194
275
164
-286
-948
-1490
-1550
-1214
-370
1056
2564
3744
4506
4887
4687
3683
2346
1081
-280
-1546
-2519
-3085
-3059
-2523
-1458
-84
1296
2512
3182
3196
2747
1962
1019
-141
-1521
-2746
-3596
-3932
-3719
-3113
-2044
-842
235
971
1549
1788
1630
1025
251
-901
-2031
-3024
-3748
-4125
-4124
-3623
-2927
-1988
-1141
-439
237
417
214
-217
-824
-1564
-2346
-3050
-3824
-4165
-4061
-3809
-3534
-3173
-2519
-1935
-1544
-1433
-1684
-1948
-2239
-2560
-2896
-3254
-3470
-3492
-3428
-3222
-2944
-2699
-2467
-2133
-1828
-1702
-1814
-2120
-2472
-2739
-2878
-3005
-3176
-3259
-3184
-2951
-2613
-2390
-2394
-2263
-1902
-1792
-1822
-1788
-1923
-2344
-2992
-3748
-4530
-5495
-6335
-6875
-7276
-7521
-7429
-7101
-6419
-5537
-4701
-3809
-3165
-2943
-2961
-3297
-3909
-4665
-5535
-6384
-6928
-7219
-7207
-6912
-6307
-5483
-4416
-3403
-2603
-1943
-1742
-1875
-2231
-2604
-3062
-3603
-4135
-4631
-4871
-4555
-3936
-3318
-2875
-2311
-1620
-1108
-666
-313
-86
-252
-420
-699
-846
-810
-880
-914
-800
-517
-137
394
605
895
1315
1581
1609
1415
1437
1465
1154
933
841
947
894
897
982
984
780
764
703
507
269
126
58
-156
-295
-408
-429
-347
-311
-204
-258
-337
-292
-245
-518
-968
-1492
-1992
-2233
-2167
-1522
-358
1168
2567
3524
4042
3825
3153
2131
799
-638
-2101
-3407
-4189
-4390
-4111
-3135
-1862
-497
770
1595
1976
1951
1339
184
-1060
-2315
-3697
-4852
-5391
-5496
-5094
-4216
-3140
-1845
-791
-105
228
72
-356
-1092
-2054
-3321
-4612
-5280
-5815
-6018
-5586
-4856
-3955
-3108
-2253
-1606
-1228
-1203
-1621
-2206
-3016
-3723
-4385
-4972
-5373
-5503
-5473
-5203
-4693
-4250
-3750
-3271
-3115
-3077
-3109
-3356
-3844
-4328
-4672
-4967
-5044
-5055
-5005
-4775
-4459
-4181
-3775
-3428
-3305
-3381
-3649
-3936
-4183
-4414
-4628
-4658
-4678
-4733
-4520
-4128
-3923
-3858
-3812
-3594
-3384
-3518
-3649
-3583
-3741
-4313
-4957
-5686
-6696
-7740
-8500
-9119
-9228
-9022
-8687
-8110
-7295
-6319
-5352
-4549
-4098
-4033
-4314
-4772
-5553
-6625
-7588
-8240
-8591
-8457
-8188
-7755
-6964
-5973
-4794
-3863
-3363
-2930
-2609
-2854
-3330
-3887
-4452
-4962
-5381
-5420
-5198
-4910
-4464
-3758
-2913
-2239
-1742
-1310
-880
-750
-857
-824
-836
-1009
-964
-953
-875
-703
-370
-33
347
888
1289
1544
1743
1760
1684
1701
1734
1720
1496
1255
1258
1439
1577
1833
1893
1791
1637
1490
1348
1138
997
872
764
638
446
463
674
783
898
1044
1211
1114
996
867
573
-99
-820
-1315
-1425
-1148
-251
1083
2439
3802
4626
4649
4218
3161
2094
937
-231
-1259
-2009
-2289
-2162
-1478
-331
988
2045
2837
3207
3168
2748
2000
924
-460
-1663
-2770
-3623
-3661
-3164
-2345
-1286
-237
577
1253
1821
1860
1649
1059
133
-834
-1840
-2705
-3267
-3453
-3284
-2566
-1548
-682
-35
627
1112
1337
1118
538
-76
-796
-1541
-2207
-2784
-3046
-3044
-2813
-2368
-1759
-1111
-606
-457
-470
-707
-1038
-1344
-1640
-2088
-2309
-2456
-2687
-2631
-2538
-2386
-2074
-1708
-1339
-1279
-1369
-1435
-1594
-1812
-2149
-2468
-2700
-2748
-2802
-2670
-2437
-2214
-2038
-1807
-1706
-1638
-1511
-1536
-1661
-1933
-2422
-3149
-4052
-4929
-5624
-6453
-7116
-7440
-7440
-7239
-6807
-5917
-5038
-4098
-3336
-2799
-2543
-2694
-3209
-3907
-4725
-5433
-6104
-6582
-6778
-6598
-6081
-5367
-4496
-3566
-2629
-1942
-1530
-1423
-1429
-1601
-2055
-2547
-3174
-3605
-3777
-3916
-3713
-3177
-2441
-1722
-1174
-645
10
378
593
588
456
355
262
199
95
-72
224
571
904
1096
1360
1870
2272
2361
2265
2195
2265
2263
2117
1967
1860
1717
1634
1664
1766
1790
1804
1752
1649
1330
1063
834
623
455
527
721
705
485
352
605
684
768
885
821
678
568
247
-370
-918
-1053
-588
482
2008
3690
4824
5340
5309
4797
3994
2554
890
-656
-2033
-3052
-3633
-3597
-2875
-1521
-62
1439
2787
3640
3917
3698
2771
1384
-173
-1667
-2977
-3687
-4053
-4116
-3579
-2619
-1564
-429
524
1165
1382
1124
648
-58
-1090
-2289
-3224
-4100
-4638
-4644
-4220
-3492
-2588
-1651
-905
-258
78
153
-210
-859
-1510
-2226
-3054
-3750
-4164
-4317
-4247
-3868
-3332
-2935
-2611
-2319
-2030
-2023
-2220
-2575
-2954
-3257
-3451
-3674
-3786
-3804
-3541
-3111
-2774
-2372
-2018
-1856
-2022
-2105
-2280
-2541
-2933
-3101
-3198
-3116
-2964
-2874
-2728
-2458
-2147
-1874
-1848
-1896
-1910
-1833
-1727
-1853
-2235
-2897
-3723
-4671
-5725
-6403
-6844
-7431
-7808
-7405
-6729
-6063
-5269
-4279
-3370
-2742
-2496
-2640
-2943
-3324
-4029
-4956
-5820
-6305
-6559
-6586
-6453
-5979
-5051
-4106
-3219
-2567
-2020
-1661
-1739
-2140
-2634
-3073
-3503
-3872
-4078
-4218
-4158
-3887
-3434
-2604
-1897
-1207
-604
-158
126
256
180
-45
-340
-493
-393
-327
-128
104
411
795
1250
1484
1857
2193
2241
2205
2294
2343
2290
2070
1967
1990
1980
2045
2125
2252
2339
2118
1966
1806
1505
1379
1219
1128
1015
917
937
1022
1039
1060
1340
1612
1608
1491
1411
1269
880
167
-567
-997
-888
-189
986
2309
3479
4538
5125
5033
4230
3131
1937
739
-502
-1675
-2346
-2495
-2029
-1025
174
1524
2614
3330
3678
3503
2869
1958
718
-689
-1931
-2811
-3514
-3654
-3149
-2122
-1024
-146
776
1540
2013
2138
1819
1165
254
-790
-2063
-3014
-3426
-3249
-2839
-2234
-1426
-631
313
1129
1500
1401
1006
537
-11
-612
-1486
-2192
-2622
-2721
-2549
-2242
-1891
-1430
-916
-578
-248
-103
-228
-471
-951
-1434
-1741
-1965
-2170
-2384
-2217
-1781
-1454
-1081
-762
-636
-701
-725
-815
-955
-1228
-1505
-1737
-1998
-2083
-1867
-1587
-1442
-1236
-1139
-930
-770
-720
-557
-715
-1175
-1510
-1884
-2415
-3039
-4020
-4888
-5633
-6165
-6412
-6534
-6239
-5501
-4631
-3729
-2810
-2047
-1541
-1486
-1916
-2496
-3054
-3917
-4690
-5127
-5409
-5607
-5533
-5056
-4117
-3034
-1960
-1146
-658
-286
-327
-457
-739
-1279
-1620
-1888
-2125
-2446
-2451
-2020
-1536
-910
-280
441
1160
1652
1964
2158
2238
2138
1944
1661
1533
1463
1632
1931
2104
2304
2723
3260
3549
3588
3625
3751
3803
3799
3662
3650
3632
3498
3447
3554
3561
3325
3146
2965
2966
3056
2908
2707
2687
2608
2352
2250
2290
2353
2472
2516
2457
2372
2456
2463
2395
2376
2163
1485
848
357
195
888
2271
3775
5043
6014
6464
6397
5882
4876
3709
2422
997
-212
-991
-1389
-1115
-391
796
2252
3409
4288
4739
4815
4357
3576
2329
1019
-296
-1496
-2356
-2500
-2132
-1395
-291
837
1633
2345
2839
2975
2768
2111
1255
168
-772
-1580
-2236
-2710
-2496
-1675
-744
111
901
1554
2011
2057
1690
1162
535
-177
-971
-1672
-2244
-2475
-2461
-2238
-1761
-1291
-1017
-862
-434
-161
-284
-563
-1002
-1458
-1781
-2043
-2153
-2246
-2206
-2122
-1898
-1361
-975
-786
-778
-721
-747
-1008
-1170
-1363
-1683
-1855
-1981
-1910
-1646
-1393
-1183
-908
-816
-845
-877
-927
-864
-680
-846
-1370
-1875
-2658
-3648
-4602
-5328
-5902
-6352
-6588
-6377
-5839
-4926
-3972
-3063
-2294
-1659
-1250
-1616
-2252
-2720
-3374
-4330
-5205
-5786
-5962
-5735
-5168
-4360
-3591
-2729
-1823
-940
-555
-359
-396
-762
-1281
-1841
-2455
-2918
-3176
-3098
-2854
-2355
-1640
-971
-364
294
888
1166
1181
1129
961
896
954
915
932
971
1050
1283
1630
1954
2308
2695
2973
3145
3209
3074
3024
2969
2975
2978
2958
2940
2890
2853
2936
3110
3022
2903
2766
2449
2288
2039
1951
1905
1706
1656
1758
1940
1935
2079
2319
2393
2257
2106
2149
1982
1398
874
291
86
444
1411
2834
4116
5041
5768
6102
5972
5175
3920
2632
1105
-353
-1326
-1840
-1773
-1080
119
1423
2794
3881
4399
4471
4160
3370
2209
874
-395
-1433
-2195
-2491
-2332
-1745
-905
-37
944
1871
2454
2624
2407
1756
1062
190
-947
-1892
-2362
-2518
-2487
-2290
-1685
-852
219
1136
1671
1819
1633
1207
754
224
-601
-1448
-1995
-2184
-2260
-2276
-1969
-1566
-1139
-674
-402
-245
-125
-269
-606
-914
-1268
-1629
-1962
-2137
-2177
-2038
-1671
-1345
-1109
-1005
-860
-704
-670
-757
-910
-1217
-1519
-1654
-1720
-1558
-1374
-1318
-1242
-929
-705
-583
-395
-310
-413
-457
-674
-964
-1508
-2274
-3056
-4042
-4944
-5481
-5929
-6188
-6104
-5669
-4902
-4000
-3062
-2303
-1696
-1240
-1271
-1633
-2107
-2857
-3643
-4350
-4935
-5331
-5413
-5031
-4335
-3370
-2439
-1465
-668
-119
39
-222
-322
-615
-1141
-1535
-1999
-2235
-2215
-2171
-1926
-1332
-531
273
994
1451
1819
2190
2441
2459
2303
2092
1821
1747
1772
1861
2050
2421
2813
3130
3552
3811
3826
3942
4069
4165
4097
3845
3630
3555
3706
3644
3613
3660
3617
3628
3466
3234
3209
3178
3085
2942
2774
2538
2391
2418
2446
2481
2740
2967
2946
2828
2744
2672
2462
1996
1468
1011
655
908
1567
2634
4163
5498
6374
6723
6603
5928
4862
3636
2274
979
-81
-694
-831
-590
123
1467
2784
3981
4787
5184
4928
4257
3219
2023
806
-312
-1253
-1867
-1664
-1018
-332
592
1548
2444
3048
3318
3182
2749
2076
1204
271
-711
-1476
-1891
-1844
-1556
-1085
-371
586
1499
2127
2294
2208
1974
1468
845
111
-533
-1182
-1725
-1979
-1832
-1505
-1063
-563
-115
409
717
678
261
-87
-330
-661
-1046
-1325
-1461
-1499
-1459
-1117
-728
-388
-106
128
104
-60
-102
-266
-481
-740
-992
-1076
-866
-722
-680
-646
-679
-658
-408
-16
252
383
307
85
-266
-779
-1490
-2382
-3323
-4016
-4490
-5047
-5361
-5262
-4831
-4343
-3586
-2701
-1894
-1178
-640
-499
-837
-1432
-2058
-2850
-3614
-4239
-4692
-4816
-4619
-4106
-3183
-2062
-1175
-565
15
301
292
42
-237
-515
-973
-1579
-1928
-1928
-1744
-1515
-1380
-913
-237
458
1186
1681
1944
1927
1637
1293
810
504
517
690
964
1508
1968
2217
2305
2079
1708
1260
699
263
-1
-163
-25
513
1422
2385
3089
3486
3672
3462
2887
2071
1229
493
-88
-395
45
880
1789
2921
4092
5236
6128
6614
6531
5956
5351
4660
3768
3048
2461
2028
1951
2408
3319
4744
6540
8256
9508
10054
9778
8977
7691
5918
3994
2492
1292
389
131
391
1022
2160
3491
4557
5173
5566
5465
4858
3911
2633
1378
124
-1047
-1957
-2333
-2173
-1631
-706
261
1118
1838
2341
2532
2233
1479
644
-213
-1162
-2299
-3133
-3553
-3634
-3328
-2805
-2241
-1437
-468
260
593
644
498
10
-787
-1608
-2292
-2786
-2718
-2517
-2373
-1931
-1352
-642
-21
398
721
922
892
705
409
185
94
45
35
52
299
631
1034
1387
1624
1770
1871
1783
1657
1405
1097
978
850
545
358
310
407
742
1027
1068
990
1029
1200
1160
1021
939
674
177
-458
-1161
-1870
-2765
-3588
-4266
-4710
-4750
-4556
-4236
-3667
-2773
-2029
-1530
-1090
-803
-826
-1361
-2127
-2936
-3823
-4670
-5180
-5473
-5431
-5012
-4308
-3482
-2598
-1628
-1049
-753
-754
-954
-1337
-1895
-2528
-3115
-3541
-3786
-4015
-3997
-3583
-2846
-2062
-1442
-920
-328
12
113
31
-161
-302
-695
-1240
-1635
-1995
-2147
-1810
-1213
-592
191
733
1154
1604
1592
1445
1144
601
95
-362
-784
-1096
-1187
-822
-235
360
872
1344
1513
1321
876
317
-448
-1271
-1898
-2314
-2490
-2590
-2409
-1913
-1331
-929
-699
-610
-751
-1230
-2112
-3374
-4658
-5438
-5344
-4518
-3128
-1486
-5
1141
1704
1598
855
-358
-1994
-3763
-5437
-6848
-7659
-7699
-7163
-5992
-4231
-2357
-888
11
322
360
-104
-1174
-2774
-4426
-5570
-6421
-6982
-6726
-5940
-4876
-3452
-1969
-607
139
332
274
-5
-743
-1719
-2587
-3565
-4436
-4787
-4577
-3959
-3014
-1956
-926
-144
403
917
1030
832
526
-237
-1008
-1692
-2219
-2393
-2412
-2158
-1671
-1181
-853
-460
-20
376
573
564
309
-190
-743
-1190
-1386
-1514
-1468
-1132
-856
-712
-263
87
182
192
199
-46
-280
-504
-812
-1032
-1116
-1033
-900
-623
-319
134
455
618
788
979
1027
863
759
530
101
-529
-1248
-1953
-2696
-3212
-3426
-3513
-3410
-2836
-2093
-1263
-217
865
1580
1842
1849
1670
1316
731
18
-715
-1222
-1320
-1118
-584
204
925
1717
2734
3576
4088
4293
4239
4011
3569
2884
2125
1616
1446
1426
1559
1841
2129
2646
3235
3688
4102
4259
4260
4153
3815
3576
3193
2916
2814
2667
2635
2834
2962
3241
3499
3575
3585
3741
3834
3760
3521
3443
3335
3173
3124
3067
3001
2984
2977
2928
2877
2786
2739
2439
2111
2024
1890
1735
1589
1542
1578
1745
1854
1798
1861
1979
2086
2053
1841
1722
1337
709
-102
-790
-1049
-673
208
1413
2735
3736
4397
4482
4016
3308
2468
1618
825
231
-242
-136
388
1065
2127
3365
4257
4790
4868
4640
3995
3018
2037
1131
325
-226
-482
-337
254
1154
2210
3263
4201
4633
4825
4692
4313
3598
2750
1812
1007
503
249
489
1076
1748
2623
3314
3836
4171
4375
4398
4168
3639
2861
2185
1658
1231
997
962
1068
1425
2001
2509
2927
3239
3416
3457
3330
2905
2421
1959
1522
1155
893
742
600
718
1180
1480
1625
1670
1570
1601
1535
1205
872
807
822
721
632
707
849
1136
1307
1366
1450
1530
1698
1741
1673
1657
1575
1162
478
-305
-1002
-1647
-2279
-2835
-3011
-2777
-2374
-1787
-1195
-380
481
1066
1414
1532
1475
1146
560
-252
-933
-1523
-1863
-1972
-1689
-991
-114
835
1693
2388
2718
3002
3319
3147
2602
1998
1483
1168
745
345
327
564
834
1234
1747
2281
2578
2647
2603
2583
2523
2199
1802
1250
654
462
558
643
892
1148
1292
1463
1619
1824
1804
1678
1470
1219
970
854
800
781
802
672
529
522
560
616
454
116
-14
-178
-422
-594
-825
-1000
-960
-924
-827
-822
-846
-913
-885
-664
-406
-363
-685
-1017
-1335
-1295
-725
376
1753
3307
4701
5705
5997
5539
4399
2760
943
-1049
-3028
-4541
-5426
-5460
-4860
-3647
-1884
287
2355
3715
4498
4670
4097
2951
1323
-582
-2423
-3956
-5066
-5598
-5198
-4060
-2736
-1356
-80
980
1662
1903
1532
669
-533
-1805
-3107
-4315
-5214
-5630
-5473
-4912
-3947
-2878
-1897
-1012
-383
55
91
-293
-854
-1360
-2122
-3039
-3669
-3891
-3940
-3883
-3875
-3737
-3354
-2692
-2159
-1979
-1966
-2050
-2033
-2231
-2443
-2524
-2489
-2377
-2004
-1509
-1076
-700
-395
-32
165
128
-43
-279
-592
-878
-894
-876
-836
-606
-311
194
575
836
1113
1444
1618
1660
1558
1431
1298
968
350
-373
-1090
-1836
-2562
-2953
-3250
-3342
-3031
-2433
-1618
-707
153
1088
1727
1797
1694
1255
654
-191
-1026
-1824
-2574
-2722
-2475
-1986
-1362
-587
268
998
1496
1840
2045
1825
1302
748
90
-590
-1118
-1434
-1382
-1256
-1078
-800
-385
130
601
913
1120
1202
979
701
380
-26
-194
-211
-249
-82
217
387
571
1029
1286
1465
1691
1662
1404
1380
1395
1405
1397
1170
1169
1436
1504
1541
1531
1476
1482
1315
1242
1116
821
559
438
320
340
546
676
816
817
932
1016
1037
1039
1059
946
524
-59
-627
-995
-942
