-5256
-4844
-4500
-4274
-4024
-3834
-3970
-4272
-4722
-5110
-5174
-5144
-4945
-4842
-5043
-5018
-4667
-4381
-4235
-4044
-3783
-3636
-3609
-3651
-3778
-4055
-4679
-5515
-6535
-7431
-8124
-8681
-8950
-9046
-8774
-8205
-7244
-6233
-5456
-4742
-4101
-3762
-3844
-4188
-4790
-5502
-6149
-6675
-7175
-7467
-7250
-6584
-5673
-4659
-3511
-2616
-2153
-1898
-1750
-1742
-2116
-2824
-3579
-4173
-4742
-5102
-5142
-4835
-4428
-3951
-3300
-2664
-2399
-2186
-2114
-2536
-3242
-4059
-4717
-5169
-5398
-5011
-4193
-3128
-1847
-903
-585
-1161
-2384
-4043
-5891
-7874
-9857
-11352
-12027
-11654
-10772
-9421
-7712
-6113
-5069
-4602
-4808
-5772
-7261
-9054
-10842
-12224
-13007
-12995
-12250
-10460
-8068
-5410
-2867
-828
545
1215
1224
617
-430
-1806
-3486
-5149
-6109
-6082
-5034
-2994
-270
2502
5056
6986
7929
7736
6649
4729
2145
-512
-3180
-5636
-7218
-7587
-7036
-5583
-3445
-1237
568
1807
2191
1758
752
-941
-2960
-5181
-7546
-9501
-10633
-10810
-10085
-8677
-7166
-5538
-4210
-3349
-3039
-3429
-4288
-5691
-7430
-9187
-10792
-12017
-12733
-12938
-12639
-11603
-10227
-8695
-7280
-6318
-5679
-5564
-5809
-6418
-7591
-8889
-9948
-10968
-11728
-12201
-12019
-11473
-10521
-9501
-8368
-7182
-6234
-5526
-4885
-4610
-4457
-4419
-4373
-4232
-4257
-4232
-3798
-3144
-2586
-1962
-1318
-907
-665
-693
-871
-1059
-1309
-1630
-1929
-2012
-1894
-1651
-1584
-1477
-1326
-1362
-1610
-1783
-1810
-1951
-2230
-2423
-2529
-2849
-3394
-3991
-4406
-5043
-5638
-6122
-6288
-6200
-5917
-5435
-4758
-4177
-3565
-2900
-2417
-2374
-2743
-3307
-4117
-5094
-6069
-7024
-7732
-8194
-8321
-7892
-7288
-6668
-6098
-5284
-4545
-4009
-3792
-3985
-4358
-4686
-4986
-5395
-5792
-5794
-5427
-4922
-4306
-3398
-2403
-1364
-457
161
697
1162
1506
1610
1640
1473
1177
574
-444
-1532
-2769
-3820
-4489
-4453
-3524
-1938
-6
1932
3389
4449
5190
5234
4279
2835
1074
-785
-2355
-3448
-3702
-3028
-1520
334
2168
4026
5569
6522
6720
6173
4876
3317
1799
254
-772
-1159
-883
183
1828
3860
5759
7081
7744
7979
8100
8009
7860
7903
8123
8187
7942
7600
7152
6514
5642
4731
3781
2641
1379
454
-108
-164
320
1118
2176
3289
4415
5232
5452
5331
4700
3601
2537
1344
201
-821
-1571
-1986
-2055
-1709
-996
-297
71
599
1108
1295
917
116
-741
-1886
-2910
-3642
-4215
-4439
-4526
-4424
-4226
-3939
-3733
-3552
-3622
-3772
-3874
-4046
-4158
-4468
-4784
-4869
-4793
-4652
-4504
-4198
-3934
-3603
-3493
-3546
-3689
-3936
-4079
-4209
-4441
-4318
-4103
-3922
-3716
-3216
-2653
-2052
-1439
-980
-746
-659
-824
-1173
-1417
-1741
-2112
-2327
-2738
-3130
-3080
-2808
-2656
-2455
-2180
-1894
-1452
-1202
-1042
-955
-1086
-1535
-2306
-3403
-4735
-6018
-7394
-8506
-9468
-9966
-9946
-9597
-9040
-8131
-7124
-6143
-5364
-4807
-4489
-4544
-5212
-6126
-7105
-8187
-9325
-10162
-10446
-10283
-9876
-9210
-8505
-7880
-7019
-6328
-5959
-5873
-5935
-6358
-6975
-7504
-8040
-8508
-8817
-8792
-8537
-8185
-7465
-6716
-6084
-5426
-4980
-4575
-4031
-3415
-3161
-3265
-3245
-2950
-2701
-2525
-2333
-2028
-1765
-1467
-1106
-747
-439
-380
-543
-656
-755
-921
-1098
-1220
-1269
-1288
-1243
-1378
-1447
-1350
-1359
-1271
-1209
-1474
-1872
-2206
-2396
-2516
-2809
-2855
-2789
-2751
-2661
-2606
-2439
-2304
-2303
-2155
-2130
-2441
-2935
-3547
-4135
-4307
-3912
-3128
-1998
-669
312
834
827
-4
-1207
-2619
-4104
-5513
-6810
-7748
-8265
-8069
-7301
-5971
-4472
-3127
-2159
-1646
-1659
-2188
-3126
-4378
-5828
-7389
-8603
-9211
-9568
-9165
-8172
-6818
-5348
-4135
-3375
-2861
-2642
-2918
-3643
-4629
-5814
-7015
-7984
-8714
-8885
-8582
-7966
-7015
-6100
-5108
-4174
-3555
-3180
-3166
-3518
-4008
-4824
-5684
-6489
-7050
-7206
-7019
-6789
-6478
-5890
-5304
-4939
-4677
-4439
-4376
-4740
-5283
-5774
-6182
-6367
-6455
-6520
-6500
-6315
-6056
-5798
-5569
-5442
-5369
-5459
-5771
-6043
-6370
-6603
-6754
-6966
-6900
-6600
-6423
-6118
-5654
-5155
-4959
-5017
-4942
-4904
-5025
-5202
-5522
-6065
-6835
-7574
-8382
-9284
-10036
-10633
-11008
-11055
-10981
-10263
-9103
-8185
-7474
-6600
-5840
-5486
-5562
-5859
-6528
-7432
-8305
-9249
-9963
-10258
-9906
-9093
-8117
-7145
-6296
-5350
-4465
-3753
-3216
-3233
-3599
-4204
-4941
-5668
-6097
-6267
-6047
-5636
-5246
-4816
-4071
-3120
-2159
-1525
-1283
-1231
-1035
-1063
-1189
-1271
-1373
-1400
-1237
-1047
-826
-606
-311
146
780
1186
1318
1449
1458
1399
1283
1112
997
983
974
839
846
971
780
589
515
577
633
507
174
-154
-290
-379
-289
-138
-37
-77
66
428
412
330
365
425
71
-360
-771
-1116
-1322
-1138
-159
1226
2755
4019
4775
5010
4738
4000
2924
1498
-40
-1341
-2297
-2822
-2839
-2440
-1271
263
1599
2679
3322
3469
3089
2388
1369
205
-1198
-2468
-3281
-3588
-3379
-2699
-1831
-703
348
1007
1563
1833
1584
925
71
-879
-1953
-2850
-3502
-3949
-3902
-3507
-2919
-1996
-1050
-374
129
250
235
-126
-678
-1219
-2060
-2949
-3596
-3919
-3971
-3957
-3614
-3123
-2499
-2018
-1740
-1592
-1611
-1793
-2082
-2489
-2976
-3424
-3693
-3570
-3522
-3444
-3184
-2753
-2176
-1800
-1739
-1954
-2271
-2593
-2848
-2966
-3047
-3070
-3097
-3181
-3305
-3388
-2993
-2545
-2427
-2287
-2228
-2283
-1942
-1773
-2062
-2679
-3363
-4113
-4929
-5837
-6714
-7416
-7820
-7901
-7671
-7234
-6563
-5759
-4774
-3801
-3190
-2972
-3015
-3604
-4391
-5128
-5752
-6541
-7377
-7712
-7595
-7137
-6283
-5401
-4507
-3637
-2875
-2176
-1918
-2123
-2363
-2801
-3406
-3947
-4342
-4599
-4659
-4738
-4472
-3771
-3062
-2567
-2067
-1576
-1032
-747
-711
-706
-856
-1034
-1218
-1396
-1467
-1336
-981
-686
-404
-104
139
529
940
1197
1168
1023
923
916
815
660
709
843
821
841
793
611
520
405
237
35
-165
-508
-684
-793
-795
-725
-658
-632
-771
-653
-511
-467
-410
-539
-682
-1085
-1904
-2574
-2806
-2541
-1836
-801
764
2191
3187
3666
3492
2629
1416
-75
-1513
-2695
-3800
-4624
-4833
-4388
-3568
-2346
-1101
19
928
1424
1362
866
-155
-1548
-2907
-4295
-5565
-6200
-6263
-5659
-4562
-3442
-2398
-1493
-829
-543
-608
-1036
-1783
-2752
-3872
-4845
-5527
-6089
-6266
-6024
-5499
-4478
-3678
-2880
-2218
-1909
-1901
-2075
-2401
-3075
-3795
-4604
-5337
-5720
-5908
-5911
-5693
-5425
-4911
-4350
-3892
-3573
-3625
-3852
-4095
-4501
-5040
-5256
-5490
-5659
-5622
-5447
-5211
-4891
-4531
-4139
-3770
-3667
-3826
-3959
-4215
-4636
-5030
-5127
-5134
-5174
-5074
-4864
-4457
-4293
-4249
-4009
-3911
-3868
-3814
-3682
-3809
-4222
-4762
-5456
-6300
-7238
-8103
-8756
-9394
-9801
-9684
-9236
-8531
-7655
-6554
-5576
-4718
-4206
-4258
-4568
-5247
-6064
-6784
-7543
-8324
-8791
-8925
-8644
-8010
-7054
-6001
-4977
-4110
-3410
-3136
-3078
-3317
-3779
-4309
-4787
-5165
-5514
-5569
-5306
-4966
-4427
-3767
-2963
-2254
-1642
-1016
-736
-620
-584
-760
-1006
-978
-1037
-1256
-1292
-916
-369
-15
280
646
946
1035
1168
1389
1564
1734
1725
1483
1286
1247
1276
1242
1282
1311
1293
1197
1096
1125
992
826
721
580
507
392
429
486
651
752
805
807
798
854
771
676
303
-341
-1107
-1765
-2143
-1908
-1005
268
1678
2927
3646
3731
3345
2450
1520
485
-605
-1675
-2433
-2634
-2529
-1791
-594
770
1863
2499
2845
2818
2360
1548
505
-682
-1817
-2753
-3385
-3628
-3451
-2561
-1261
-175
763
1522
2099
2262
1870
1180
417
-702
-1796
-2457
-2856
-2842
-2357
-1720
-1055
-259
521
1214
1541
1555
1428
1110
397
-502
-1392
-2087
-2450
-2403
-2256
-2272
-1945
-1385
-829
-281
184
158
112
-54
-473
-1045
-1529
-1958
-2419
-2730
-2794
-2663
-2432
-2013
-1677
-1528
-1423
-1292
-1469
-1851
-2091
-2330
-2551
-2831
-2855
-2709
-2706
-2656
-2299
-2060
-2056
-2013
-1770
-1592
-1720
-1958
-2118
-2385
-3002
-3781
-4737
-5596
-6312
-6957
-7438
-7590
-7293
-6552
-5661
-4871
-4109
-3258
-2606
-2316
-2335
-2729
-3534
-4306
-5042
-5818
-6494
-6682
-6344
-5783
-4961
-3928
-2916
-2050
-1401
-1083
-901
-755
-959
-1489
-1965
-2463
-2922
-3052
-2878
-2565
-2275
-1899
-1372
-629
123
643
1056
1367
1352
1185
995
1024
1112
1214
1165
1221
1267
1479
1762
2031
2356
2619
2791
2836
2788
2880
2953
2898
2778
2662
2660
2524
2466
2464
2402
2166
2075
1964
1783
1700
1647
1571
1363
1092
963
986
1076
991
992
1083
1157
1437
1570
1524
1296
845
402
332
509
1163
2409
3739
5097
6220
6773
6708
5988
4693
2948
1145
-488
-1884
-2990
-3449
-3135
-2189
-722
970
2690
4053
4931
5167
4773
3718
2566
1151
-470
-2196
-3373
-3917
-3960
-3340
-2290
-1141
-65
927
1705
2155
2046
1431
474
-615
-1873
-2925
-3840
-4489
-4597
-4283
-3582
-2533
-1570
-872
-195
179
173
-197
-768
-1452
-2034
-2719
-3338
-3727
-3913
-3970
-3792
-3521
-3124
-2596
-2177
-2067
-2203
-2431
-2506
-2685
-2982
-3374
-3686
-3683
-3464
-3262
-2888
-2468
-2127
-1865
-1764
-1759
-1760
-1941
-2283
-2496
-2658
-2737
-2699
-2637
-2699
-2456
-2013
-1541
-1410
-1347
-1023
-881
-986
-950
-1121
-1602
-2440
-3263
-4200
-5058
-5849
-6472
-6927
-7063
-6683
-6073
-5230
-4579
-3951
-3137
-2191
-1793
-1889
-2349
-2929
-3714
-4658
-5560
-6406
-6877
-6867
-6526
-5746
-4878
-4067
-3177
-2252
-1700
-1491
-1657
-1999
-2513
-3049
-3549
-4098
-4477
-4587
-4502
-3973
-3371
-2849
-2180
-1569
-1070
-528
-196
-65
-73
-135
-259
-282
-287
-331
-265
-97
137
461
858
1263
1617
1822
1917
2081
2247
2303
2267
2000
1840
1979
2135
2023
1965
2105
2106
2053
1949
1770
1543
1363
1296
1161
1009
1070
1215
1274
1281
1340
1591
1695
1585
1485
1318
1165
814
241
-466
-1034
-1000
-498
591
1938
3184
4000
4338
4234
3617
2555
1291
-49
-1279
-2355
-2930
-2914
-2305
-1360
92
1680
3002
3697
3885
3734
3000
1807
403
-1047
-2297
-3415
-4133
-4143
-3528
-2396
-1190
-5
1062
1811
2247
2096
1774
1255
357
-694
-1798
-2574
-2789
-2751
-2599
-2197
-1450
-570
377
1124
1675
1754
1417
998
516
-102
-906
-1649
-1926
-2037
-2099
-1984
-1636
-980
-375
-57
178
268
220
-8
-287
-802
-1204
-1271
-1576
-1750
-1646
-1413
-1163
-1033
-826
-587
-628
-808
-1026
-1163
-1442
-1682
-1927
-2207
-2321
-2214
-1912
-1652
-1529
-1353
-1201
-1153
-1079
-977
-1040
-1061
-1250
-1759
-2633
-3665
-4604
-5400
-5994
-6521
-6777
-6727
-6309
-5685
-4968
-4145
-3150
-2244
-1775
-1656
-1906
-2584
-3395
-4090
-4813
-5400
-5815
-5870
-5609
-4849
-3877
-2966
-1909
-981
-426
-83
65
-187
-532
-1015
-1457
-1967
-2440
-2535
-2483
-2177
-1712
-1104
-446
331
1121
1672
1894
1886
2048
2166
2068
1681
1489
1440
1611
1796
1863
2038
2577
3030
3431
3618
3581
3446
3388
3440
3475
3528
3466
3264
3049
2998
3055
3035
3107
3028
2851
2856
2579
2276
2180
1953
1891
1894
1888
1950
1931
1923
2069
2190
2144
2123
2130
1868
1450
1061
460
-166
-222
376
1530
2994
4278
5453
6135
6324
5864
4689
3361
2074
855
-253
-1109
-1423
-1160
-357
728
2082
3434
4564
5125
5016
4396
3442
2268
1063
-4
-1241
-2183
-2398
-2105
-1345
-232
866
1859
2687
3050
3090
2908
2260
1355
322
-745
-1722
-2363
-2595
-2341
-1570
-643
131
823
1397
1885
2105
1986
1574
815
67
-551
-1321
-2024
-2349
-2222
-1838
-1415
-978
-593
-320
-40
136
119
-114
-549
-1151
-1360
-1704
-1998
-2163
-2160
-1883
-1379
-896
-648
-575
-418
-335
-504
-790
-1124
-1328
-1480
-1566
-1703
-1757
-1582
-1375
-1121
-910
-792
-563
-461
-457
-276
-151
-394
-1086
-1887
-2525
-3170
-4113
-5055
-5673
-5850
-5661
-5330
-4811
-4179
-3318
-2370
-1794
-1330
-1111
-1194
-1476
-2043
-3046
-3825
-4552
-5156
-5156
-4946
-4539
-3846
-2938
-2077
-1337
-680
-28
276
121
-385
-816
-1109
-1615
-2274
-2650
-2622
-2252
-1663
-1125
-496
322
1195
1555
1661
1816
1913
1851
1668
1443
1458
1594
1568
1784
2237
2407
2629
2928
3235
3494
3543
3603
3678
3631
3580
3503
3412
3477
3580
3637
3654
3431
3199
3279
3456
3528
3409
3211
3074
2727
2488
2532
2638
2492
2448
2556
2602
2840
2885
2951
2984
2923
2581
2135
1463
913
561
856
1836
3263
4804
5953
6617
6650
6386
5678
4513
3019
1776
729
-281
-890
-848
-281
771
2063
3387
4437
5033
5066
4772
4174
3183
1928
573
-636
-1646
-2147
-2141
-1481
-367
689
1603
2307
2929
3294
3164
2616
1856
925
-249
-1312
-2055
-2416
-2343
-1722
-874
48
928
1638
2015
2150
2039
1648
1125
566
97
-549
-1164
-1608
-1897
-1797
-1529
-1064
-418
90
386
485
482
455
163
-236
-631
-1163
-1378
-1548
-1569
-1555
-1374
-1024
-752
-444
-149
-58
2
-157
-504
-776
-941
-1096
-1303
-1298
-1068
-804
-643
-434
-333
-235
-172
-81
64
32
-14
-423
-1128
-2021
-2933
-3752
-4557
-5334
-5833
-5939
-5636
-4930
-4140
-3588
-2929
-2089
-1344
-967
-984
-1409
-1987
-2670
-3515
-4326
-4877
-5190
-5312
-4978
-4292
-3448
-2663
-1696
-798
-305
77
221
32
-523
-1117
-1620
-2132
-2558
-2524
-2194
-1692
-1141
-601
98
805
1234
1656
2000
2071
1970
1854
1837
1863
1671
1583
1708
1897
2238
2669
3162
3401
3395
3571
3772
3861
3831
3705
3557
3531
3466
3361
3421
3459
3465
3515
3399
3090
2949
2784
2821
2839
2638
2463
2229
2172
2252
2283
2333
2320
2311
2479
2610
2629
2555
2329
1975
1379
792
384
533
1225
2571
3873
5071
6083
6411
6288
5748
4747
3254
1844
610
-410
-1039
-1374
-983
71
1412
2809
3931
4663
5022
4978
4448
3281
2028
925
-411
-1605
-2389
-2379
-1658
-713
198
1199
2172
2857
3201
3181
2681
1893
988
74
-859
-1722
-2296
-2292
-1967
-1383
-464
434
1281
1835
2075
2160
1924
1375
767
161
-568
-1313
-1752
-1799
-1604
-1242
-785
-465
-20
462
692
689
476
167
-248
-830
-1296
-1367
-1381
-1339
-1180
-1029
-787
-325
90
337
246
89
193
100
-346
-742
-968
-1040
-1052
-1017
-690
-272
-218
-229
-161
118
367
408
354
288
-262
-901
-1524
-2288
-3262
-4178
-4814
-5106
-5298
-5175
-4810
-4406
-3569
-2750
-1754
-1035
-558
-530
-811
-1265
-1922
-2746
-3511
-4225
-4683
-4730
-4258
-3647
-2947
-2156
-1268
-525
-40
491
805
624
214
-180
-568
-1073
-1379
-1542
-1584
-1184
-573
65
669
1248
1694
1921
2027
2064
1949
1710
1311
1222
1234
1394
1596
2042
2579
2863
2864
2524
2053
1609
1110
689
410
469
761
1344
2077
2978
3767
4246
4315
4023
3459
2792
2036
1188
447
83
255
948
2120
3431
4731
5816
6617
7154
7076
6543
5773
4953
4136
3509
2996
2701
2705
2974
3871
5396
7166
8735
9767
10193
10164
9550
8316
6683
4898
3163
1923
1160
843
989
1638
2798
4000
5093
6004
6501
6321
5566
4677
3468
2144
1017
-9
-763
-1134
-1158
-753
-3
893
1802
2572
3071
3213
2962
2330
1571
682
-527
-1591
-2389
-2797
-2872
-2582
-1964
-1262
-542
72
635
1042
1104
860
458
-118
-876
-1516
-2029
-2165
-2069
-1997
-1672
-1053
-238
664
1171
1274
1347
1325
1130
936
744
458
310
351
575
851
1191
1532
1892
2023
2154
2289
2317
2112
1822
1441
1238
1135
961
842
890
1052
1212
1412
1406
1345
1403
1457
1505
1375
1171
985
633
99
-640
-1730
-2864
-3568
-4178
-4674
-4691
-4300
-3854
-3372
-2742
-2036
-1331
-796
-462
-515
-980
-1714
-2556
-3490
-4365
-4909
-5234
-5148
-4882
-4310
-3314
-2331
-1397
-903
-602
-503
-722
-1083
-1513
-2073
-2843
-3483
-3852
-3955
-3896
-3448
-2711
-2059
-1435
-878
-410
48
336
360
239
-253
-791
-1185
-1738
-2054
-2142
-1940
-1619
-952
172
983
1430
1532
1405
1267
928
357
-257
-709
-1144
-1606
-1539
-1122
-532
114
425
606
624
648
495
48
-733
-1559
-2241
-2764
-3123
-3310
-3075
-2588
-1920
-1251
-994
-1046
-1309
-1780
-2695
-3863
-5024
-5738
-5635
-4835
-3371
-1625
-205
798
1363
1324
589
-782
-2661
-4523
-6163
-7524
-8402
-8681
-7991
-6512
-4821
-3005
-1379
-283
161
-81
-778
-1796
-3063
-4708
-6165
-7075
-7410
-7274
-6636
-5363
-3838
-2355
-1205
-398
18
4
-469
-1166
-1883
-2865
-3846
-4457
-4858
-4790
-4200
-3406
-2456
-1339
-282
392
596
635
333
15
-488
-1139
-1773
-2304
-2618
-2634
-2437
-1999
-1444
-1034
-606
-249
122
276
252
-81
-594
-1249
-1751
-1938
-2051
-1944
-1493
-1351
-1009
-494
-182
-131
-125
-176
-304
-592
-942
-1178
-1303
-1317
-1211
-1016
-740
-497
-467
-170
123
309
708
881
932
816
372
-144
-669
-1434
-2310
-3016
-3471
-3776
-3972
-3718
-3006
-2194
-1308
-340
610
1372
1883
1851
1491
1127
646
-40
-633
-1153
-1380
-1182
-653
187
933
1794
2711
3564
4038
4094
3843
3613
3376
2895
2363
1906
1453
1310
1413
1549
1972
2710
3365
3752
4063
4113
4052
4061
3839
3438
3069
2637
2508
2482
2479
2556
2774
3088
3335
3449
3545
3745
3748
3637
3536
3362
3228
2986
2806
2806
2742
2797
2943
3116
2979
2733
2700
2851
2714
2506
2150
1860
1740
1702
1749
1829
1933
2085
2269
2381
2257
2224
2155
1968
1637
1024
247
-323
-311
237
1197
2478
3727
4694
5252
5172
4562
3929
2990
1859
860
71
-221
-143
435
1411
2568
3782
4652
5221
5488
5197
4585
3776
2697
1605
613
-182
-518
-333
183
957
2037
3131
3923
4451
4843
4737
4402
3884
3010
1971
1109
459
125
148
561
1290
1978
2619
3389
4026
4352
4262
3809
3440
2878
2214
1577
1073
704
564
714
1096
1566
2023
2457
2752
2945
3074
2945
2693
2315
1851
1322
996
742
579
672
784
976
1382
1657
1720
1760
1679
1583
1525
1294
1091
1004
959
928
808
887
1140
1476
1682
1742
1885
2002
2028
2106
2184
2204
1785
1082
296
-607
-1513
-2099
-2558
-2861
-2750
-2399
-1684
-994
-295
536
1432
2053
2181
1905
1406
707
-124
-920
-1456
-1723
-1652
-1297
-862
-159
787
1621
2187
2755
3097
3127
2883
2242
1581
1076
603
201
-138
-248
-82
228
655
1365
1997
2308
2410
2349
2127
1962
1822
1405
838
605
571
480
412
529
735
903
1255
1512
1518
1529
1525
1388
1189
1047
881
593
493
543
547
492
478
357
350
292
73
-260
-420
-584
-727
-761
-994
-1190
-1264
-1227
-1045
-938
-969
-1008
-995
-915
-1017
-1229
-1414
-1762
-1978
-1700
-688
847
2463
3715
4588
4949
4685
3792
2435
840
-852
-2748
-4366
-5315
-5736
-5239
-3984
-2279
-311
1458
2764
3428
3487
3170
2258
727
-1052
-2702
-3985
-4959
-5472
-5311
-4582
-3368
-1962
-734
348
1034
1166
910
249
-690
-1843
-3177
-4344
-5008
-5206
-5228
-4945
-4144
-3104
-2033
-1246
-615
-95
19
-519
-1096
-1733
-2343
-2979
-3601
-4138
-4175
-4110
-3902
-3350
-2692
-2286
-2026
-1876
-1853
-1930
-2311
-2709
-2948
-2980
-2870
-2695
-2451
-2213
-1918
-1500
-1025
-767
-571
-480
-599
-772
-1054
-1248
-1434
-1427
-1210
-1075
-873
-596
-191
161
406
640
869
833
737
664
672
368
-379
-1171
-1940
-2773
-3377
-3917
-4293
-4218
-3937
-3244
-2263
-1296
-459
289
844
1022
675
314
-187
-983
-1817
-2497
-2885
-3209
-3247
-2708
-1926
-1087
-229
625
1409
1629
1593
1433
1148
603
-82
-775
-1318
-1763
-1923
-1745
-1364
-949
-502
-25
402
904
1180
1206
1069
775
456
189
-39
-262
-297
-228
4
182
289
548
829
991
1248
1344
1293
1115
936
871
815
966
997
795
751
954
1204
1143
1014
892
742
520
215
198
155
34
39
99
237
266
403
563
571
560
494
390
284
-243
-715
-921
-830
-613
