-5458
-5350
-5077
-4820
-4650
-4506
-4510
-4692
-4929
-5148
-5364
-5526
-5596
-5710
-5651
-5380
-4958
-4652
-4523
-4420
-4283
-4109
-3946
-4003
-4321
-4595
-4932
-5568
-6379
-7271
-8111
-8759
-9301
-9401
-8882
-8322
-7807
-7091
-6079
-5183
-4519
-4167
-4179
-4544
-5181
-5881
-6491
-7071
-7402
-7487
-7342
-6949
-6245
-5127
-3893
-3184
-2496
-1971
-1864
-2036
-2525
-3129
-3658
-4190
-4706
-4963
-5051
-4961
-4704
-4146
-3365
-2770
-2467
-2300
-2342
-2689
-3327
-4159
-5073
-5410
-5475
-5155
-4275
-3230
-2184
-1341
-1164
-1781
-3046
-4596
-6414
-8301
-10004
-11353
-12095
-12020
-11043
-9503
-7819
-6328
-5315
-4935
-5200
-5931
-7184
-8843
-10487
-12073
-13054
-13223
-12474
-10788
-8427
-5512
-3115
-1420
19
784
745
118
-874
-2331
-3883
-5294
-6268
-6367
-5325
-3329
-798
2019
4749
6618
7391
7209
6142
4193
1753
-853
-3330
-5515
-7206
-7783
-7287
-5843
-3909
-1862
-44
1287
1892
1530
458
-1180
-3307
-5748
-8050
-9755
-10746
-10908
-10205
-9130
-7608
-5940
-4598
-3746
-3287
-3444
-4392
-6058
-7658
-9399
-11006
-12223
-12932
-13098
-12667
-11805
-10668
-9118
-7699
-6575
-5826
-5554
-5795
-6647
-7778
-9107
-10366
-11312
-12035
-12541
-12416
-12000
-11291
-10069
-8708
-7511
-6627
-6007
-5611
-5249
-5033
-5118
-5200
-4906
-4698
-4505
-4247
-3587
-2897
-2340
-1696
-1248
-1063
-1069
-1234
-1540
-1713
-1964
-2250
-2310
-2305
-2193
-2161
-2121
-1877
-1528
-1439
-1629
-1859
-2344
-2642
-2641
-2690
-2984
-3540
-4124
-4598
-4907
-5414
-5841
-5986
-5962
-5850
-5502
-4988
-4317
-3624
-2936
-2481
-2363
-2710
-3392
-4215
-5259
-6125
-6934
-7827
-8381
-8479
-8275
-7738
-6893
-6111
-5552
-5051
-4379
-4053
-4194
-4463
-4949
-5433
-5857
-6058
-6021
-5985
-5512
-4809
-3943
-3050
-2229
-1174
-386
195
687
906
1044
1079
894
580
28
-814
-1916
-2991
-4191
-5071
-5028
-4157
-2532
-457
1549
2948
4043
4596
4557
3796
2471
720
-1111
-2723
-3807
-4019
-3441
-2038
-81
1943
3990
5641
6557
6580
5806
4480
3065
1603
106
-1057
-1420
-1092
-96
1603
3631
5526
7029
7806
8091
8121
8011
7873
7909
7946
7846
7515
7167
6907
6380
5534
4546
3371
1973
923
217
-195
-374
-24
913
2028
3056
3904
4568
4933
4841
4332
3401
2205
930
-198
-1042
-1695
-1981
-1887
-1648
-1259
-782
-91
436
653
574
58
-651
-1590
-2567
-3542
-4135
-4424
-4628
-4875
-4899
-4693
-4473
-4183
-4019
-4071
-3964
-4029
-4144
-4433
-4729
-4909
-5121
-5216
-4914
-4501
-4328
-4262
-4163
-3883
-3685
-3841
-4169
-4263
-4426
-4484
-4492
-4307
-4019
-3710
-3342
-2952
-2431
-1890
-1500
-1302
-1090
-891
-951
-1375
-1914
-2356
-2560
-2720
-2833
-2927
-2862
-2785
-2550
-2245
-1836
-1336
-1079
-1000
-1080
-1195
-1406
-1981
-3055
-4235
-5466
-6903
-8206
-9052
-9620
-9960
-9873
-9127
-8017
-6983
-6122
-5434
-4860
-4547
-4610
-5156
-5963
-6921
-7941
-9068
-9952
-10438
-10440
-10075
-9516
-8650
-7834
-7007
-6383
-6015
-5724
-5783
-6204
-6731
-7292
-7860
-8351
-8628
-8714
-8464
-7938
-7067
-6388
-5829
-5307
-4753
-4121
-3808
-3684
-3563
-3393
-3310
-3074
-2739
-2423
-2087
-1966
-1803
-1398
-940
-462
-208
-169
-300
-546
-682
-894
-1218
-1345
-1259
-1104
-1028
-1000
-965
-799
-799
-946
-1095
-1425
-1689
-1750
-2018
-2216
-2254
-2326
-2513
-2497
-2474
-2332
-2147
-1996
-1768
-1685
-1713
-1944
-2561
-3410
-4022
-4127
-3710
-2825
-1630
-560
303
863
800
188
-808
-2218
-3792
-5348
-6656
-7529
-7917
-7729
-6964
-5772
-4431
-3154
-2177
-1640
-1520
-2085
-2933
-4134
-5427
-6900
-8344
-9046
-9091
-8727
-7722
-6467
-5365
-4435
-3477
-2783
-2523
-2672
-3420
-4453
-5605
-6700
-7597
-8359
-8620
-8479
-7758
-6797
-5811
-4970
-4112
-3409
-3055
-3028
-3444
-4019
-4598
-5241
-5941
-6532
-6837
-6707
-6426
-6000
-5564
-5039
-4609
-4437
-4245
-4168
-4446
-4830
-5179
-5719
-6218
-6406
-6535
-6554
-6326
-5869
-5742
-5709
-5339
-5123
-5351
-5562
-5756
-6033
-6346
-6623
-6696
-6680
-6704
-6624
-6319
-5810
-5395
-5163
-5036
-4976
-4922
-5072
-5116
-5215
-5588
-6327
-7183
-8101
-9160
-10013
-10510
-10867
-10837
-10294
-9581
-8630
-7666
-6872
-6291
-5847
-5518
-5492
-5982
-6635
-7369
-8036
-8764
-9371
-9628
-9457
-9117
-8174
-6991
-5948
-5136
-4547
-3913
-3484
-3480
-3973
-4522
-4894
-5365
-5781
-5976
-5758
-5359
-4910
-4520
-3891
-3080
-2387
-1942
-1475
-1320
-1203
-1180
-1200
-1215
-1145
-1159
-1114
-874
-674
-556
-279
156
685
1012
1101
1257
1486
1481
1447
1159
881
899
1006
968
860
977
967
914
718
457
345
340
117
-36
-153
-222
-165
-212
-96
-8
-18
93
191
245
435
450
206
-246
-785
-1202
-1350
-1122
-285
1073
2552
3822
4617
4773
4449
3652
2406
970
-213
-1375
-2357
-2776
-2647
-2167
-1349
-205
1116
2377
3257
3389
2957
2323
1635
342
-1169
-2382
-3228
-3520
-3377
-2837
-1820
-672
319
1174
1646
1714
1580
1112
324
-813
-1934
-3024
-3683
-3998
-3925
-3400
-2844
-2099
-1204
-540
23
465
317
-204
-792
-1624
-2315
-2897
-3259
-3669
-3914
-3670
-3344
-3030
-2522
-1957
-1675
-1559
-1591
-1798
-2095
-2401
-2741
-3069
-3302
-3481
-3600
-3372
-3115
-2950
-2559
-2002
-1711
-1863
-2019
-2107
-2362
-2708
-2983
-3219
-3316
-3114
-2873
-2803
-2688
-2527
-2423
-2242
-1914
-1649
-1635
-1764
-1928
-2189
-2867
-3718
-4592
-5482
-6325
-6962
-7541
-7896
-7836
-7378
-6446
-5392
-4585
-3924
-3226
-2900
-2893
-3102
-3513
-4407
-5574
-6602
-7298
-7476
-7300
-6898
-6256
-5444
-4392
-3626
-2990
-2416
-2019
-2042
-2257
-2652
-3338
-4045
-4604
-4830
-4853
-4600
-4086
-3591
-3011
-2460
-1907
-1309
-845
-343
-137
-189
-378
-655
-975
-1089
-1078
-940
-792
-461
-115
312
715
989
1148
1251
1324
1347
1222
1198
1096
854
724
806
978
1073
1184
1138
911
725
687
486
209
64
56
-279
-552
-396
-232
-223
-414
-287
-97
-150
-247
-216
-361
-836
-1499
-2115
-2422
-2391
-1810
-597
810
2254
3319
3913
3685
2924
1882
451
-1025
-2456
-3677
-4429
-4687
-4287
-3261
-2006
-657
343
1140
1626
1594
1036
96
-1138
-2568
-3893
-4924
-5442
-5363
-5078
-4310
-3293
-2312
-1396
-709
-182
-234
-841
-1478
-2312
-3474
-4676
-5518
-5858
-5919
-5708
-5215
-4400
-3406
-2613
-1960
-1638
-1631
-1882
-2484
-3156
-3881
-4655
-5343
-5788
-6020
-6024
-5663
-5138
-4507
-4065
-3836
-3572
-3403
-3584
-3797
-4008
-4522
-5005
-5175
-5518
-5790
-5645
-5359
-5180
-4883
-4450
-3966
-3756
-3969
-4056
-4196
-4508
-4822
-5138
-5364
-5420
-5262
-5071
-4877
-4751
-4525
-4231
-4102
-3988
-3893
-3832
-3888
-4208
-4748
-5368
-6093
-7021
-7916
-8867
-9502
-9643
-9441
-9159
-8709
-7819
-6864
-5974
-5201
-4669
-4598
-4916
-5477
-6201
-6969
-7641
-8539
-8931
-8986
-8733
-8037
-7157
-6269
-5416
-4540
-3841
-3415
-3335
-3431
-3836
-4437
-5043
-5443
-5685
-5810
-5705
-5430
-4884
-4294
-3594
-2835
-2135
-1567
-1190
-1079
-1155
-1254
-1435
-1506
-1529
-1478
-1362
-1157
-841
-618
-261
-6
378
777
968
996
1078
1201
1057
997
982
854
821
861
910
987
1131
1119
914
693
519
348
482
277
108
52
41
35
34
-5
65
327
645
636
479
238
-137
-680
-1414
-2050
-2270
-2133
-1453
-258
1214
2380
3122
3373
3045
2278
1247
120
-969
-2121
-2801
-3091
-2827
-2035
-885
296
1374
2265
2703
2551
1959
1101
-93
-1356
-2306
-2987
-3575
-3794
-3480
-2687
-1839
-723
480
1184
1435
1383
1012
412
-274
-1152
-2011
-2790
-3339
-3485
-3342
-2745
-1808
-940
-249
448
849
847
582
173
-279
-1001
-1650
-2267
-2660
-2934
-3010
-2708
-2148
-1574
-1011
-666
-627
-728
-798
-866
-1176
-1807
-2364
-2617
-2849
-3066
-3098
-2950
-2701
-2499
-2319
-2124
-1948
-1916
-2046
-2247
-2455
-2641
-2775
-2941
-3135
-3260
-3288
-3075
-2774
-2608
-2574
-2509
-2281
-2106
-2028
-2101
-2417
-3033
-3663
-4398
-5180
-6085
-6883
-7516
-7835
-7807
-7687
-7191
-6394
-5516
-4504
-3700
-3167
-2811
-3069
-3594
-4203
-5064
-5684
-6222
-6720
-6894
-6825
-6422
-5725
-4824
-3750
-2850
-2242
-1793
-1513
-1503
-1757
-2079
-2507
-3014
-3442
-3705
-3698
-3377
-2894
-2240
-1665
-905
-254
216
623
731
698
662
437
232
139
249
361
553
791
933
1193
1573
1787
2113
2339
2372
2452
2527
2408
2171
2017
1999
1894
1822
1735
1873
2095
2186
1944
1660
1502
1261
988
832
816
680
611
712
790
780
839
996
1059
1086
1100
979
739
275
-39
-208
-9
515
1485
2900
4370
5374
5841
5808
5401
4394
2827
963
-856
-2284
-3317
-3755
-3602
-2837
-1502
291
1924
3165
3929
4280
4057
3295
2107
589
-963
-2472
-3564
-4236
-4274
-3592
-2374
-1185
-170
806
1429
1563
1400
948
69
-1130
-2435
-3517
-4312
-4685
-4834
-4455
-3732
-2740
-1727
-1030
-514
-192
-103
-474
-939
-1570
-2387
-3225
-3933
-4328
-4501
-4431
-4244
-3793
-3149
-2699
-2616
-2426
-2351
-2447
-2741
-3217
-3647
-3937
-3942
-3991
-3980
-3681
-3252
-2853
-2597
-2386
-2260
-2211
-2269
-2439
-2629
-2848
-3017
-3215
-3403
-3362
-2999
-2516
-2217
-2118
-1988
-1715
-1499
-1509
-1399
-1301
-1562
-2213
-2859
-3518
-4329
-5329
-6231
-6944
-7179
-7229
-7131
-6708
-5813
-4950
-4043
-3230
-2716
-2433
-2513
-2931
-3487
-4241
-5078
-6053
-6700
-6931
-6913
-6803
-6289
-5403
-4331
-3570
-2869
-2212
-2092
-2106
-2228
-2546
-3065
-3800
-4481
-4814
-4768
-4520
-4146
-3719
-3287
-2544
-1712
-1130
-822
-722
-419
-264
-518
-922
-1160
-1330
-1298
-1069
-759
-376
-121
141
519
946
1142
1110
1089
1219
1330
1330
1324
1299
1263
1211
1375
1584
1659
1720
1590
1230
1023
881
725
496
222
145
322
386
316
297
339
573
716
811
843
725
502
181
-464
-1150
-1533
-1507
-1107
-303
922
2178
3239
3709
3538
2957
2013
948
-322
-1726
-2864
-3542
-3569
-3116
-2152
-739
784
2064
2810
2980
2792
2237
1289
-19
-1444
-2691
-3626
-4226
-4313
-3859
-3126
-1934
-742
136
815
1270
1431
1115
321
-588
-1658
-2693
-3594
-4058
-4000
-3585
-2883
-2096
-1112
-267
444
889
846
617
137
-501
-1331
-2007
-2425
-2813
-2938
-2865
-2705
-2323
-1826
-1292
-762
-486
-493
-645
-886
-1078
-1316
-1726
-2113
-2323
-2532
-2443
-2307
-2134
-1628
-1168
-1158
-1438
-1491
-1511
-1783
-2016
-2198
-2337
-2575
-2893
-2891
-2693
-2406
-2156
-2082
-1859
-1624
-1569
-1414
-1441
-1616
-1811
-2379
-2998
-3831
-4904
-5826
-6415
-6866
-7162
-7146
-6700
-5981
-5293
-4571
-3608
-2769
-2321
-2297
-2395
-2610
-3341
-4263
-5010
-5810
-6355
-6566
-6196
-5315
-4356
-3499
-2652
-1733
-1073
-614
-566
-595
-837
-1428
-1895
-2289
-2658
-2708
-2566
-2327
-1855
-1278
-487
298
886
1230
1533
1728
1704
1648
1451
1408
1397
1344
1446
1735
2037
2253
2526
2807
3140
3314
3306
3433
3548
3442
3199
3121
3168
3194
3100
3072
3084
3250
3306
3096
2884
2788
2674
2654
2462
2155
1968
1954
2059
2080
2135
2121
2051
1997
2116
2240
2222
2187
1820
1190
489
36
137
680
1744
3201
4461
5519
6162
6108
5578
4640
3459
2159
806
-277
-1150
-1545
-1266
-588
487
1977
3435
4301
4645
4589
4131
3293
2267
961
-230
-1270
-1938
-2142
-1747
-944
-92
906
1859
2589
3012
3037
2709
2035
1071
-2
-1019
-1730
-2170
-2469
-2283
-1625
-725
17
745
1324
1741
1855
1713
1320
641
-54
-708
-1261
-1741
-2032
-2170
-2144
-1893
-1478
-1025
-477
-173
-168
-288
-382
-729
-1264
-1712
-1985
-2081
-2051
-2005
-1802
-1587
-1301
-1050
-804
-754
-828
-813
-720
-1094
-1672
-1826
-1681
-1498
-1483
-1563
-1550
-1435
-1246
-1052
-965
-688
-453
-403
-533
-764
-1131
-1758
-2665
-3453
-4231
-5012
-5579
-5934
-6083
-5807
-5223
-4438
-3770
-2962
-2157
-1679
-1498
-1552
-1865
-2458
-3188
-4001
-4791
-5275
-5481
-5442
-5041
-4267
-3330
-2375
-1664
-1103
-603
-390
-572
-773
-1098
-1594
-2127
-2553
-2814
-2738
-2485
-2097
-1551
-931
-394
260
931
1217
1170
1229
1173
1096
990
936
803
845
983
1187
1524
1858
2195
2669
2967
3165
3153
3048
2899
2837
2898
2916
3013
3067
2803
2609
2590
2678
2718
2757
2733
2625
2422
2069
1852
1693
1638
1701
1746
1875
1990
2123
2206
2237
2136
2045
1903
1603
1269
680
47
-177
147
1093
2504
3983
5272
6004
5934
5470
4693
3609
2434
1228
56
-1065
-1778
-1756
-1168
-74
1397
2780
3772
4319
4412
4125
3477
2473
1132
-168
-1262
-2187
-2515
-2419
-1987
-1117
-47
906
1686
2235
2483
2412
1937
1142
192
-759
-1705
-2533
-2820
-2661
-2353
-1736
-829
20
715
1072
1338
1458
1013
350
-213
-926
-1597
-2181
-2389
-2534
-2522
-2147
-1524
-996
-625
-170
-35
-277
-571
-866
-1217
-1558
-1861
-2179
-2325
-2323
-2000
-1751
-1588
-1388
-944
-835
-932
-924
-946
-1011
-1371
-1710
-1888
-2144
-2260
-2017
-1627
-1409
-1274
-1122
-1039
-775
-429
-304
-391
-673
-955
-1415
-2244
-3326
-4328
-5097
-5660
-6050
-6263
-6071
-5532
-4964
-4093
-2927
-2097
-1684
-1445
-1489
-1834
-2457
-3246
-3997
-4717
-5359
-5757
-5679
-5207
-4624
-3754
-2784
-1894
-1283
-854
-465
-441
-767
-1044
-1340
-1841
-2132
-2386
-2630
-2469
-2064
-1563
-1067
-472
293
1142
1609
1770
1809
1642
1469
1201
1075
1101
1183
1407
1630
1872
2171
2437
2720
3035
3179
3149
3322
3702
3748
3483
3305
3154
3045
2899
2806
2678
2826
2887
2777
2649
2589
2532
2364
2138
2084
2002
1971
1838
1747
1794
1876
2056
2094
2145
2271
2291
1961
1534
1144
611
122
238
946
2099
3270
4648
5870
6217
6005
5332
4221
2965
1524
22
-1073
-1588
-1731
-1269
-429
790
2229
3427
4187
4559
4516
4006
3107
1914
473
-793
-1834
-2447
-2573
-1983
-1152
-124
835
1575
2251
2826
2900
2403
1612
672
-315
-1223
-1910
-2248
-2426
-2362
-1753
-939
-39
613
1161
1630
1790
1440
1024
502
-219
-1091
-1699
-1937
-2098
-2149
-1950
-1517
-968
-393
-29
107
138
47
-91
-483
-931
-1312
-1450
-1539
-1497
-1398
-1262
-1014
-546
-269
-126
-76
-145
-290
-604
-699
-659
-798
-1000
-1129
-1159
-889
-416
-254
-201
-98
-66
21
163
321
334
-1
-646
-1385
-2123
-2917
-3851
-4648
-5079
-5301
-5254
-4831
-4237
-3547
-2552
-1694
-1042
-718
-587
-750
-1267
-1843
-2534
-3403
-4171
-4606
-4607
-4397
-3949
-3251
-2342
-1382
-531
68
398
619
520
197
-326
-842
-1118
-1363
-1593
-1543
-1393
-1014
-432
320
1051
1505
1715
1830
1981
1970
1684
1254
933
852
1009
1394
1904
2404
2659
2534
2353
2071
1637
1191
778
454
439
664
1107
1799
2585
3425
4046
4231
4092
3703
2972
2012
1083
524
205
251
835
1771
3008
4304
5605
6349
6718
6758
6397
5776
4919
4106
3514
2964
2548
2503
2879
3621
4861
6530
8053
9185
9824
9819
9177
8069
6539
4760
3065
1639
818
647
948
1544
2397
3708
4841
5597
5832
5670
5039
4043
3067
1872
618
-253
-909
-1252
-1483
-1089
-154
822
1732
2163
2565
2834
2511
1906
1207
389
-689
-1674
-2364
-2774
-2814
-2524
-2094
-1413
-562
93
410
687
851
652
143
-515
-1220
-1726
-2058
-2278
-2236
-1920
-1538
-914
-295
373
949
1106
1222
1270
1049
818
608
368
242
182
331
533
920
1489
1958
1948
1896
1996
1999
1815
1447
1302
1205
969
792
721
731
823
1008
1287
1265
1113
1152
1300
1227
1004
712
498
237
-386
-1181
-2061
-2772
-3547
-4271
-4748
-4925
-4818
-4347
-3707
-2963
-2159
-1491
-979
-785
-905
-1282
-1887
-2784
-3643
-4509
-5212
-5425
-5279
-4928
-4341
-3568
-2668
-1761
-1148
-865
-879
-1018
-1305
-1885
-2540
-3156
-3722
-4028
-4105
-3781
-3314
-2817
-2173
-1682
-1223
-724
-145
169
120
-39
-419
-969
-1529
-2069
-2333
-2218
-1984
-1651
-977
-128
609
1055
1206
1345
1131
600
-15
-474
-973
-1510
-1711
-1488
-1020
-505
53
511
650
717
828
568
-77
-718
-1510
-2384
-2996
-3122
-3026
-2953
-2760
-2161
-1595
-1114
-835
-1009
-1633
-2730
-3859
-4818
-5674
-5850
-5085
-3819
-2203
-668
583
1407
1459
641
-960
-2803
-4574
-6399
-7766
-8480
-8550
-8008
-6797
-5076
-3299
-1704
-525
50
58
-612
-1706
-2928
-4458
-5875
-6855
-7315
-7232
-6547
-5310
-3825
-2525
-1347
-385
43
-202
-654
-1225
-2091
-3137
-4170
-5003
-5321
-5039
-4394
-3478
-2325
-1139
-376
106
455
657
493
127
-481
-1144
-1758
-2422
-2865
-3007
-2884
-2362
-1722
-1103
-576
-210
66
236
100
-155
-434
-1063
-1653
-1883
-2122
-2110
-1858
-1512
-1235
-923
-447
-164
-156
-377
-611
-734
-908
-1264
-1471
-1462
-1410
-1391
-1076
-655
-375
-86
226
501
696
790
862
745
388
-75
-665
-1356
-2087
-2659
-3365
-3842
-3738
-3432
-2962
-2226
-1250
-208
529
1180
1668
1777
1579
1188
703
-62
-785
-1338
-1531
-1293
-801
-214
486
1327
2156
2951
3592
3977
3849
3499
2946
2389
1880
1461
1228
1084
1143
1431
1842
2375
2983
3470
3854
3938
3863
3872
3720
3354
2902
2679
2560
2485
2421
2424
2563
2706
3028
3223
3381
3486
3492
3460
3284
3148
3029
2977
2867
2825
2792
2731
2801
2913
2942
2882
2821
2714
2433
2067
1778
1668
1834
1854
1782
1749
1817
1903
2098
2326
2225
2111
2075
2042
1692
870
34
-576
-685
-305
609
1993
3370
4418
4867
4749
4259
3572
2764
1903
1097
379
-122
-303
230
1280
2394
3401
4295
5035
5331
5077
4491
3582
2569
1623
665
-121
-509
-426
151
1127
2129
3064
3952
4490
4855
4777
4395
3637
2793
1896
1122
611
464
547
824
1372
2112
2987
3676
4202
4510
4397
4045
3644
3100
2495
1878
1193
827
822
980
1323
1675
2160
2701
3103
3250
3208
3046
2745
2392
2012
1552
1028
786
758
826
906
1104
1450
1767
1890
2074
2009
1743
1525
1501
1420
1211
1009
899
918
1011
1195
1452
1666
1810
1927
2157
2238
2402
2318
2030
1567
1011
339
-426
-1201
-1895
-2303
-2394
-2458
-2056
-1353
-724
-112
577
1125
1532
1957
2084
1690
932
33
-807
-1266
-1574
-1724
-1369
-854
-200
565
1578
2436
2852
3104
3133
2929
2372
1783
1308
841
191
-184
-147
156
594
1017
1451
2003
2413
2541
2542
2446
2258
1932
1575
1094
679
385
375
475
552
749
1002
1282
1510
1669
1745
1521
1398
1270
1049
851
732
564
459
458
542
563
507
333
276
220
90
-31
-215
-465
-749
-972
-953
-831
-741
-697
-868
-1113
-1175
-952
-760
-660
-897
-1224
-1623
-1627
-1223
-500
805
2334
3509
4465
4910
4590
3602
2334
687
-1281
-3100
-4497
-5309
-5407
-4948
-3846
-2133
-309
1355
2558
3378
3609
3087
2055
598
-1177
-2917
-4229
-5045
-5290
-5080
-4480
-3424
-2211
-990
268
1194
1367
1080
291
-805
-2169
-3548
-4471
-5161
-5462
-5262
-4608
-3681
-2840
-1980
-1069
-330
14
-66
-403
-833
-1679
-2554
-3207
-3630
-3901
-4164
-4204
-3776
-3184
-2744
-2215
-1896
-1920
-1890
-1971
-2212
-2403
-2664
-2772
-2817
-2781
-2392
-2027
-1708
-1400
-973
-558
-366
-475
-742
-845
-880
-1047
-1271
-1409
-1394
-1205
-812
-383
-50
103
301
699
1006
1150
1200
1137
963
585
-41
-798
-1642
-2423
-3010
-3539
-3784
-3824
-3608
-3006
-2177
-1441
-715
50
593
983
1129
796
83
-739
-1620
-2303
-2720
-2805
-2741
-2616
-2111
-1366
-273
765
1454
1679
1694
1533
1219
695
-69
-841
-1359
-1579
-1718
-1573
-1258
-698
-77
406
736
1044
1090
901
857
757
395
12
-159
-348
-447
-313
-135
103
293
627
853
1047
1042
1129
1311
1281
1148
1033
1006
1149
1236
1185
1029
1119
1271
1257
1188
1170
1244
944
481
140
133
100
-23
12
110
256
403
509
708
749
731
707
557
281
-156
-747
-890
-562
