-4922
-4638
-4328
-4046
-4033
-4032
-3957
-4145
-4219
-4372
-4527
-4760
-4979
-4894
-4692
-4274
-4110
-4208
-4286
-4050
-3752
-3665
-3650
-3716
-3734
-4044
-4707
-5559
-6525
-7526
-8148
-8618
-8934
-8850
-8647
-7946
-6981
-6172
-5410
-4813
-4143
-3636
-3634
-4001
-4746
-5366
-6002
-6582
-6844
-6858
-6696
-6116
-5293
-4259
-3262
-2265
-1471
-1123
-1197
-1531
-1921
-2492
-3295
-3977
-4477
-4774
-4765
-4478
-4008
-3536
-2999
-2483
-2078
-1887
-1758
-1811
-2526
-3600
-4474
-4795
-4784
-4383
-3759
-2777
-1589
-767
-476
-983
-2194
-3792
-5625
-7562
-9384
-11086
-11848
-11540
-10649
-9299
-7578
-5890
-4770
-4348
-4593
-5364
-6792
-8698
-10467
-11928
-12815
-13078
-12138
-10252
-7932
-5392
-2946
-796
830
1501
1295
597
-314
-1625
-3236
-4713
-5799
-5827
-4571
-2401
223
3125
5646
7347
8150
7988
6826
4872
2365
-439
-3239
-5320
-6606
-7059
-6537
-5181
-3148
-1032
690
1975
2439
2003
928
-900
-3158
-5558
-7746
-9536
-10610
-10645
-9772
-8526
-6970
-5365
-4099
-3263
-2821
-3000
-3960
-5436
-7078
-8914
-10708
-12003
-12677
-12728
-12267
-11666
-10522
-8817
-7021
-5681
-5246
-5238
-5723
-6577
-7676
-8818
-9991
-11229
-11967
-12152
-12089
-11779
-10738
-9428
-8110
-6949
-6063
-5518
-5136
-4738
-4494
-4509
-4576
-4487
-4196
-3696
-3277
-2897
-2184
-1521
-1161
-862
-539
-377
-481
-840
-979
-1117
-1380
-1582
-1468
-1308
-1476
-1371
-1125
-1140
-1241
-1234
-1448
-1773
-2028
-2269
-2401
-2842
-3486
-4097
-4596
-5193
-5768
-6210
-6432
-6293
-5777
-4991
-4514
-4068
-3437
-2771
-2421
-2384
-2723
-3448
-4265
-4921
-5830
-6794
-7481
-8083
-8320
-8067
-7543
-6790
-6094
-5282
-4582
-4283
-4098
-4102
-4284
-4687
-5052
-5434
-5855
-6172
-5969
-5468
-4825
-3822
-2760
-1651
-710
-29
500
880
1202
1409
1521
1443
1193
528
-442
-1640
-2909
-3998
-4740
-4612
-3681
-2138
64
2009
3412
4542
5406
5518
4682
3144
1174
-981
-2608
-3497
-3716
-3012
-1581
341
2522
4189
5545
6441
6636
5972
4703
3323
1823
383
-715
-1335
-1052
11
1707
3795
5668
7067
7895
8291
8358
8341
8332
8398
8361
8252
7995
7674
7222
6424
5500
4482
3320
2145
1177
428
-68
-203
245
1126
2233
3343
4204
4704
4811
4642
4094
3199
2012
831
-370
-1289
-1919
-2147
-1994
-1508
-906
-304
231
556
674
578
252
-517
-1397
-2350
-3297
-4066
-4592
-4782
-4653
-4599
-4515
-4301
-4132
-3987
-3948
-4089
-4221
-4267
-4427
-4694
-5055
-5108
-5047
-4772
-4477
-4046
-3698
-3634
-3609
-3822
-3900
-3907
-4134
-4482
-4670
-4582
-4295
-4044
-3890
-3444
-2714
-2094
-1483
-1032
-852
-767
-787
-872
-1008
-1389
-1896
-2265
-2577
-2825
-2753
-2598
-2466
-2180
-1939
-1745
-1391
-1032
-1032
-1074
-1201
-1652
-2371
-3464
-4767
-6008
-7219
-8364
-9378
-9906
-9925
-9706
-9188
-8195
-7074
-6086
-5231
-4534
-4492
-4856
-5390
-6259
-7192
-8002
-8905
-9618
-9908
-10076
-9881
-9284
-8469
-7514
-6933
-6427
-6013
-5810
-5945
-6337
-6887
-7474
-8000
-8415
-8574
-8528
-8291
-7845
-7162
-6552
-6075
-5456
-4727
-4244
-4082
-3853
-3588
-3488
-3474
-3245
-2892
-2607
-2421
-2130
-1798
-1412
-1168
-964
-713
-563
-495
-469
-622
-1033
-1281
-1305
-1376
-1544
-1574
-1386
-1172
-1226
-1255
-1315
-1437
-1630
-1895
-2086
-2245
-2455
-2828
-2987
-2934
-2941
-2816
-2729
-2588
-2309
-2226
-2277
-2387
-2669
-3034
-3793
-4442
-4444
-3909
-2906
-1663
-354
577
858
600
-59
-1128
-2403
-3985
-5674
-7072
-8120
-8460
-8122
-7206
-5870
-4435
-2944
-1974
-1537
-1535
-2206
-3231
-4472
-5947
-7500
-8613
-9203
-9351
-8866
-7841
-6716
-5399
-4178
-3207
-2604
-2509
-2734
-3290
-4371
-5706
-6834
-7801
-8308
-8313
-8012
-7485
-6727
-5902
-4871
-3932
-3335
-3135
-3279
-3720
-4286
-4823
-5559
-6350
-6847
-7083
-7087
-6796
-6319
-5754
-5348
-4943
-4438
-4375
-4503
-4740
-5144
-5571
-5943
-6173
-6392
-6400
-6414
-6357
-6196
-5870
-5497
-5090
-5119
-5283
-5342
-5674
-5994
-6336
-6554
-6720
-6950
-6896
-6478
-6045
-5818
-5700
-5452
-5181
-4965
-4968
-5088
-5078
-5298
-5992
-6793
-7607
-8465
-9627
-10619
-11108
-11215
-10872
-10484
-9974
-9208
-8339
-7301
-6220
-5451
-5187
-5518
-6000
-6615
-7345
-8258
-9133
-9557
-9611
-9565
-8915
-8000
-7007
-6009
-4971
-4036
-3535
-3203
-3162
-3643
-4227
-4846
-5169
-5578
-5875
-5806
-5546
-5102
-4520
-3715
-2911
-2157
-1723
-1460
-1212
-929
-975
-1131
-1183
-1224
-1165
-1101
-889
-678
-448
-2
334
675
1045
1266
1355
1348
1490
1543
1251
1063
1035
1185
909
711
542
467
471
492
415
125
-133
-179
-329
-627
-642
-618
-565
-487
-362
-260
-303
-286
-172
62
123
-82
-564
-1294
-1810
-1943
-1464
-378
940
2437
3823
4705
4856
4387
3489
2450
1147
-236
-1516
-2441
-3071
-3068
-2421
-1250
117
1429
2385
2920
3118
2731
1935
938
-318
-1620
-2863
-3727
-4053
-3740
-2916
-1747
-575
189
846
1269
1525
1333
806
0
-967
-2073
-3166
-4062
-4429
-4235
-3669
-3033
-2361
-1445
-663
-34
257
162
-195
-849
-1741
-2771
-3590
-4089
-4214
-4103
-3944
-3774
-3400
-2882
-2304
-1930
-1802
-1813
-1821
-2081
-2699
-3488
-3855
-3917
-3900
-3785
-3463
-3136
-2935
-2645
-2277
-2005
-2069
-2338
-2565
-2808
-3087
-3259
-3346
-3475
-3424
-3283
-3152
-2860
-2500
-2459
-2535
-2412
-2209
-2041
-1920
-2241
-2829
-3331
-3928
-4720
-5793
-6810
-7381
-7667
-7784
-7750
-7326
-6483
-5539
-4696
-3813
-3106
-2825
-2915
-3434
-4058
-4743
-5593
-6612
-7330
-7573
-7521
-7121
-6452
-5628
-4620
-3728
-2997
-2387
-2085
-2148
-2587
-3039
-3539
-4236
-4721
-4882
-4913
-4772
-4459
-4065
-3393
-2644
-1914
-1257
-966
-746
-746
-869
-1083
-1269
-1324
-1553
-1617
-1374
-1021
-619
-236
153
545
753
961
1182
1319
1333
1242
989
875
797
705
632
582
530
596
686
704
593
449
224
6
-72
-254
-447
-530
-729
-860
-812
-714
-620
-373
-321
-284
-282
-394
-850
-1635
-2292
-2614
-2417
-1681
-537
1035
2510
3487
3861
3640
2902
1652
126
-1251
-2451
-3522
-4302
-4640
-4406
-3434
-1978
-555
554
1200
1558
1431
843
-160
-1498
-3032
-4311
-5367
-6050
-6008
-5309
-4183
-3047
-2089
-1208
-437
-48
16
-471
-1460
-2582
-3609
-4568
-5407
-5798
-5841
-5410
-4784
-4146
-3358
-2511
-1691
-1244
-1233
-1539
-2104
-2879
-3838
-4654
-5339
-5709
-5937
-5801
-5300
-4736
-4317
-3914
-3667
-3524
-3435
-3450
-3525
-3794
-4296
-4901
-5359
-5426
-5313
-5209
-4985
-4491
-4109
-3697
-3456
-3266
-3320
-3697
-4093
-4442
-4603
-4706
-4888
-5064
-4934
-4854
-4740
-4451
-4326
-4296
-3984
-3830
-3737
-3773
-3953
-4227
-4767
-5593
-6491
-7439
-8227
-8872
-9407
-9690
-9638
-9183
-8368
-7407
-6508
-5913
-5217
-4478
-4352
-4747
-5446
-6232
-6888
-7575
-8186
-8748
-8884
-8387
-7824
-7219
-6235
-5178
-4275
-3647
-3271
-3195
-3359
-3710
-4251
-4878
-5226
-5578
-5925
-5997
-5503
-4638
-4027
-3429
-2671
-1871
-1288
-1112
-1033
-970
-1151
-1361
-1644
-1643
-1520
-1413
-1013
-568
-209
196
516
736
926
1094
1227
1185
1166
1053
932
928
1035
1107
980
947
856
806
837
824
782
576
424
161
-139
-238
-209
-186
-254
-108
68
126
210
177
144
217
254
-74
-693
-1405
-2158
-2524
-2203
-1287
259
1736
2816
3449
3547
3100
2431
1433
128
-1261
-2240
-2766
-3011
-2708
-2021
-764
531
1565
2295
2703
2460
1832
866
-326
-1556
-2562
-3404
-4045
-4163
-3679
-2781
-1727
-586
426
1092
1571
1786
1431
540
-488
-1518
-2411
-3137
-3627
-3722
-3350
-2682
-1746
-729
98
660
815
746
584
171
-626
-1364
-1922
-2624
-3110
-3280
-3176
-2954
-2564
-1986
-1437
-899
-388
-545
-927
-1128
-1413
-1936
-2598
-2980
-3237
-3429
-3405
-3069
-2614
-2251
-2105
-2141
-2125
-2169
-2113
-2122
-2365
-2786
-3170
-3268
-3187
-3089
-2974
-2799
-2723
-2635
-2549
-2511
-2363
-2269
-2238
-2213
-2549
-2976
-3663
-4630
-5443
-6325
-7015
-7436
-7758
-7914
-7733
-7245
-6408
-5365
-4499
-3550
-3089
-3040
-3109
-3361
-4024
-4778
-5568
-6317
-6705
-6730
-6676
-6301
-5285
-4227
-3206
-2360
-1707
-1388
-1237
-1400
-1792
-2147
-2650
-3151
-3572
-3800
-3726
-3501
-3106
-2492
-1667
-676
-55
374
653
838
778
553
502
393
270
291
440
568
852
1158
1479
1728
2094
2371
2487
2567
2669
2670
2283
2115
2164
2101
2018
1942
1888
1726
1721
1949
1997
1929
1603
1367
1147
970
817
714
781
743
505
458
558
836
1007
1071
1275
1316
1189
723
203
-19
96
889
2058
3423
4735
5889
6537
6435
5758
4557
3055
1217
-576
-2013
-2861
-3051
-2968
-2153
-799
786
2380
3754
4539
4601
4179
3392
2150
463
-1227
-2680
-3774
-4385
-4239
-3437
-2251
-1079
63
1016
1733
1985
1729
1187
303
-688
-1767
-3056
-4122
-4691
-4630
-4063
-3356
-2568
-1629
-748
-71
278
233
-81
-644
-1334
-2193
-3278
-4063
-4247
-4194
-4099
-3950
-3563
-3090
-2631
-2379
-2250
-2207
-2268
-2478
-2866
-2998
-3159
-3447
-3608
-3592
-3243
-2778
-2337
-1902
-1548
-1261
-1276
-1589
-1939
-2098
-2302
-2549
-2643
-2645
-2701
-2548
-2257
-1987
-1758
-1493
-1436
-1409
-1398
-1302
-1219
-1317
-1718
-2453
-3400
-4385
-5202
-5980
-6737
-7332
-7400
-7019
-6505
-5766
-4800
-4003
-3194
-2612
-2379
-2370
-2617
-3120
-3965
-4989
-5958
-6457
-6698
-6521
-6108
-5538
-4825
-3920
-3080
-2544
-2136
-1729
-1737
-2073
-2578
-3189
-3862
-4181
-4443
-4627
-4642
-4375
-3791
-3229
-2410
-1617
-1036
-690
-542
-333
-304
-424
-520
-699
-918
-1006
-927
-647
-217
148
739
1256
1378
1427
1578
1668
1677
1667
1520
1580
1451
1317
1550
1584
1395
1253
1265
1259
1200
1202
1127
930
706
524
319
261
178
194
379
666
662
621
685
775
790
625
46
-613
-1153
-1332
-1177
-638
146
1101
2346
3517
4306
4272
3520
2446
1044
-464
-1800
-2748
-3308
-3364
-2753
-1756
-414
1023
2234
2918
3152
2992
2373
1326
24
-1441
-2679
-3634
-4463
-4591
-4097
-3020
-1587
-319
595
1242
1810
1785
1340
726
-119
-1102
-2275
-3193
-3709
-3684
-3138
-2399
-1562
-736
3
694
981
1129
1028
471
-122
-808
-1696
-2434
-2761
-2922
-2770
-2361
-1991
-1551
-905
-385
-64
-83
-318
-504
-893
-1303
-1599
-1896
-2058
-2194
-2131
-1895
-1633
-1295
-964
-791
-769
-938
-1130
-1492
-1824
-1940
-2187
-2362
-2361
-2261
-1997
-1775
-1615
-1483
-1407
-1353
-1221
-1071
-1076
-1379
-1807
-2380
-3050
-3874
-4789
-5594
-6373
-7063
-7336
-7128
-6654
-5676
-4742
-3900
-3115
-2512
-2035
-1896
-2264
-2637
-3202
-4117
-4813
-5340
-5575
-5640
-5669
-5065
-4027
-2853
-1924
-1145
-616
-291
39
-84
-473
-1122
-1786
-2147
-2278
-2448
-2429
-2081
-1536
-908
-154
733
1488
1956
2234
2448
2708
2541
2237
2170
2175
2232
2173
2225
2612
2956
3236
3572
3858
4163
4485
4512
4463
4265
3991
3899
3804
3885
3999
3930
3831
3835
3796
3665
3469
3328
3415
3460
3258
3011
2756
2544
2522
2634
2628
2640
2574
2658
2747
2698
2878
2810
2470
1855
1099
638
803
1516
2642
3985
5240
6379
6989
6943
6329
5346
4167
2806
1391
61
-633
-734
-498
120
1341
2808
4131
5021
5339
5141
4685
3898
2760
1443
48
-1001
-1587
-1717
-1369
-541
588
1663
2509
3261
3621
3541
3169
2467
1616
669
-304
-1091
-1591
-1808
-1566
-1062
-386
488
1251
1946
2345
2403
2197
1810
1173
196
-628
-1166
-1674
-1890
-1908
-1841
-1536
-888
-291
183
453
440
271
62
-289
-821
-1277
-1502
-1623
-1679
-1568
-1357
-1072
-809
-550
-377
-234
-145
-196
-440
-749
-1038
-1264
-1256
-1247
-1384
-1380
-1108
-814
-574
-533
-434
-317
-141
-220
-379
-639
-1084
-1766
-2612
-3447
-4297
-5052
-5675
-6018
-6080
-5805
-5126
-4294
-3426
-2553
-1841
-1394
-1241
-1329
-1610
-2245
-3103
-3960
-4701
-5297
-5416
-5167
-4801
-4134
-3147
-2015
-1225
-692
-361
-228
-423
-772
-1309
-1866
-2287
-2742
-2921
-2585
-2335
-1942
-1428
-650
23
506
840
1013
1228
1440
1422
1303
1119
1071
1110
1191
1374
1586
1840
2162
2739
3228
3317
3260
3218
3412
3440
3258
3201
3152
3028
2759
2699
2823
3041
3174
3031
2898
2775
2717
2646
2475
2153
1880
1813
1910
1818
1905
2120
2132
2219
2318
2275
2341
2240
2069
1505
851
326
163
426
1330
2714
4231
5457
6254
6470
6115
5241
4036
2606
1184
-69
-869
-1328
-1402
-772
371
1568
2745
3807
4428
4592
4206
3476
2339
1032
-381
-1668
-2475
-2572
-2169
-1630
-713
313
1392
2241
2813
3030
2896
2391
1504
202
-971
-1837
-2340
-2548
-2469
-2108
-1389
-575
370
1140
1518
1522
1373
1061
605
-9
-669
-1361
-1886
-2431
-2737
-2549
-2058
-1415
-933
-373
17
174
15
-253
-610
-1064
-1422
-1633
-1723
-1851
-1789
-1527
-1216
-922
-561
-174
-92
-226
-325
-518
-892
-1299
-1545
-1708
-1639
-1591
-1525
-1347
-1045
-739
-639
-551
-327
-172
-119
-179
-311
-643
-1312
-2002
-2894
-3896
-4733
-5309
-5717
-5835
-5703
-5382
-4667
-3966
-3212
-2193
-1352
-1038
-1067
-1388
-1886
-2717
-3621
-4212
-4628
-4906
-5065
-4770
-4129
-3292
-2393
-1506
-728
-68
283
153
-218
-548
-807
-1198
-1754
-2105
-2200
-2115
-1731
-1277
-651
183
853
1457
1925
2284
2381
2420
2426
2298
2262
2117
2024
2063
2128
2341
2790
3169
3602
4032
4164
4251
4344
4327
4330
4273
4032
4002
3899
3856
4023
4031
4039
3895
3773
3657
3532
3423
3257
3205
3113
2850
2791
2837
2925
2911
2927
2976
2925
3070
3162
3071
2835
2375
1911
1420
1159
1392
2149
3409
4918
6209
6789
7049
6973
6355
5134
3798
2635
1501
473
-277
-398
-152
667
2006
3423
4586
5242
5437
5348
4677
3503
2202
1016
-202
-1101
-1395
-1355
-970
-48
1117
2237
3122
3675
3997
3877
3240
2421
1569
712
-201
-947
-1465
-1666
-1553
-882
214
1122
1859
2350
2631
2851
2620
2026
1278
577
-44
-596
-1127
-1522
-1492
-1270
-805
-89
381
717
915
954
666
349
149
-189
-542
-722
-808
-939
-793
-482
-159
302
712
769
747
658
421
204
-73
-380
-520
-680
-746
-561
-298
-51
-91
-99
165
386
529
486
468
481
275
-224
-978
-1734
-2823
-3859
-4588
-4995
-5271
-5183
-4762
-4080
-3221
-2364
-1483
-827
-521
-550
-769
-1244
-1820
-2552
-3271
-3969
-4294
-4306
-3765
-3210
-2729
-1986
-1079
-243
454
751
840
644
305
-252
-923
-1467
-1781
-1826
-1607
-1209
-676
-192
441
1023
1550
1790
1986
2081
1985
1662
1235
948
813
861
1244
1941
2386
2689
2703
2586
2247
1736
1105
471
62
72
430
843
1608
2622
3494
3987
4081
3665
2992
2246
1320
631
86
-192
89
640
1528
2866
4205
5343
6077
6494
6565
6178
5579
4880
4085
3376
2696
2075
2031
2789
3882
5238
6911
8431
9572
10223
10133
9342
8042
6317
4513
2874
1508
400
-10
343
1164
2265
3597
4889
5659
5861
5543
4989
4025
2805
1411
95
-1046
-1868
-2224
-2006
-1291
-374
685
1551
2073
2392
2562
2464
1855
961
-77
-1192
-2236
-3044
-3265
-3211
-2793
-2140
-1528
-797
-38
572
831
656
328
-111
-613
-1379
-2132
-2657
-2992
-2941
-2497
-1872
-1220
-532
249
781
1079
1245
1211
1020
719
356
279
316
319
457
820
1212
1501
1849
2168
2461
2556
2317
2019
1811
1545
1366
1172
1008
1134
1261
1362
1394
1353
1502
1552
1632
1593
1494
1443
1302
1009
586
57
-717
-1835
-2934
-3662
-4054
-4356
-4572
-4379
-3887
-3207
-2304
-1420
-840
-513
-494
-630
-962
-1485
-2187
-3030
-3961
-4825
-5212
-5017
-4461
-3870
-3145
-2193
-1320
-555
-111
-239
-773
-1260
-1737
-2279
-2877
-3593
-4023
-3923
-3604
-3081
-2545
-1914
-1208
-686
-256
95
239
265
93
-193
-567
-1155
-1737
-1995
-1885
-1501
-957
-224
528
1187
1645
2082
2059
1554
1079
669
25
-592
-942
-1013
-925
-795
-396
112
667
1091
1348
1352
852
199
-598
-1367
-2105
-2448
-2586
-2690
-2568
-2262
-1777
-1052
-648
-462
-726
-1462
-2366
-3668
-4930
-5500
-5260
-4451
-3240
-1667
-42
1229
1779
1509
626
-516
-1944
-3793
-5575
-6898
-7700
-7854
-7198
-5851
-4101
-2448
-1059
-18
463
173
-731
-1647
-2862
-4330
-5722
-6681
-6942
-6842
-6185
-4944
-3359
-1936
-614
335
770
741
250
-472
-1575
-2734
-3674
-4398
-4707
-4508
-3842
-2873
-1758
-764
-12
638
1251
1464
1199
708
17
-879
-1637
-2297
-2575
-2335
-2057
-1630
-1040
-504
23
380
641
787
682
352
-193
-505
-928
-1340
-1323
-1263
-1101
-940
-536
-139
211
459
588
530
274
-13
-255
-369
-561
-814
-832
-652
-460
-60
394
605
690
828
1041
1250
1338
1148
816
190
-493
-1267
-2137
-2763
-3165
-3400
-3471
-3141
-2587
-1970
-1039
-4
926
1612
2063
2084
1829
1409
747
244
-165
-419
-597
-545
-251
307
1013
2067
3191
4046
4416
4470
4418
4093
3675
3060
2396
1944
1793
1817
1896
2122
2670
3245
3706
4145
4422
4692
4723
4562
4280
3904
3588
3352
3268
3125
2928
2989
3282
3574
3844
4077
4246
4319
4101
3938
3784
3759
3745
3537
3358
3478
3496
3401
3171
3207
3308
3237
3070
2901
2674
2419
2249
2143
2057
1983
2010
2055
2127
2392
2538
2485
2374
2435
2449
2362
2040
1241
320
-266
-289
331
1360
2605
3936
4939
5590
5592
4970
4113
3272
2423
1485
703
194
128
583
1607
2864
4066
4905
5390
5556
5373
4755
3799
2654
1448
417
-204
-313
-129
392
1448
2622
3558
4421
5063
5251
5199
4601
3829
3037
2091
1119
400
139
404
995
1512
2292
3203
3893
4342
4512
4562
4380
3825
3065
2274
1632
1197
1006
964
1082
1382
1812
2337
2921
3110
3194
3111
3119
3008
2528
1842
1269
1127
910
771
799
1022
1422
1716
1739
1635
1725
1867
1890
1733
1219
1016
874
890
932
942
1017
1064
1194
1529
1833
1807
1788
2030
2152
2203
1984
1404
729
41
-639
-1423
-2167
-2650
-2879
-2764
-2331
-1731
-1075
-293
600
1358
1854
1902
1721
1329
767
58
-677
-1338
-1710
-1883
-1559
-849
140
1119
1870
2514
3042
3386
3295
2886
2315
1640
978
389
118
120
107
140
495
1121
1521
1920
2320
2656
2738
2604
2169
1671
1215
821
528
481
455
595
912
1064
1140
1141
1383
1578
1540
1416
1332
1209
1042
915
623
528
650
679
557
425
394
412
325
107
-140
-241
-373
-662
-981
-1125
-1181
-1336
-1387
-1167
-1005
-985
-819
-725
-711
-746
-1018
-1361
-1580
-1583
-1149
-267
1142
2704
4065
4839
5297
5085
4181
2712
843
-976
-2788
-4389
-5390
-5459
-4721
-3503
-1941
19
1820
3163
3757
3811
3110
1892
435
-1138
-2682
-4154
-5081
-5374
-5205
-4535
-3255
-1719
-407
614
1216
1379
1151
365
-662
-1910
-3148
-4248
-5023
-5291
-5143
-4674
-3876
-2887
-1797
-937
-273
-11
-73
-280
-841
-1641
-2334
-2955
-3492
-3785
-3898
-3860
-3568
-3089
-2714
-2337
-1880
-1603
-1563
-1673
-1783
-2059
-2369
-2490
-2525
-2388
-2137
-1623
-1130
-845
-439
-115
18
-65
-228
-338
-374
-507
-585
-757
-834
-692
-473
-98
199
511
827
1068
1291
1507
1463
1329
1066
587
-78
-903
-1714
-2515
-3182
-3793
-4145
-4137
-3684
-2908
-1990
-1062
-212
403
793
1150
1083
666
19
-805
-1445
-2145
-2687
-2841
-2768
-2270
-1621
-802
205
954
1571
1919
1860
1695
1382
838
-19
-716
-1253
-1626
-1759
-1572
-971
-515
11
591
916
1056
1286
1354
1161
767
386
182
207
137
20
158
321
570
764
1009
1369
1566
1625
1644
1570
1571
1409
1283
1217
1131
994
1129
1292
1423
1453
1276
1083
1082
933
725
479
259
237
382
519
542
434
192
302
611
823
917
839
581
400
134
-158
-670
-910
-672
