-5067
-4726
-4460
-4259
-4027
-3859
-3741
-3944
-4398
-4706
-4911
-4960
-4763
-4551
-4392
-4141
-4003
-3797
-3467
-3175
-2873
-2703
-2813
-3068
-3172
-3435
-4106
-4932
-5709
-6467
-7306
-7850
-7981
-7915
-7515
-7010
-6276
-5482
-4658
-3836
-3360
-3358
-3407
-3550
-4228
-5161
-6079
-6853
-7349
-7322
-6868
-6130
-5583
-4901
-3915
-2840
-2067
-1690
-1767
-1960
-2299
-2788
-3499
-4278
-4922
-5071
-4973
-4805
-4509
-4050
-3457
-2932
-2578
-2369
-2496
-2963
-3762
-4650
-5423
-5596
-5522
-5308
-4720
-3756
-2503
-1363
-972
-1605
-2780
-4281
-6210
-8220
-9963
-11213
-11855
-11859
-11017
-9397
-7490
-5790
-4637
-4372
-4807
-5722
-7133
-8723
-10469
-12097
-13054
-13037
-11862
-9873
-7636
-5216
-2746
-592
769
1364
1389
684
-471
-1832
-3333
-4984
-6349
-6904
-6348
-4861
-2423
467
3248
5384
6486
6532
5618
3877
1768
-412
-2550
-4553
-5807
-6174
-5842
-4884
-3572
-1932
-356
710
1026
547
-544
-2398
-4501
-6380
-8208
-9626
-10349
-10290
-9435
-8163
-6754
-5210
-3946
-3422
-3464
-3915
-4799
-6086
-7745
-9398
-10884
-11788
-12028
-11905
-11457
-10387
-8929
-7438
-6164
-5281
-4838
-4854
-5397
-6267
-7397
-8810
-10000
-10911
-11602
-11922
-11584
-10781
-9501
-8162
-6832
-5691
-4899
-4341
-3930
-3672
-3686
-3965
-4193
-4193
-4296
-3961
-3452
-3062
-2649
-2301
-1768
-1288
-1039
-964
-957
-1115
-1362
-1733
-1937
-2086
-2068
-2036
-2242
-2334
-2228
-2061
-2024
-2354
-2791
-2973
-3203
-3392
-3646
-3893
-4129
-4541
-5208
-5995
-6486
-6873
-7062
-6895
-6676
-6284
-5885
-5347
-4655
-3944
-3524
-3339
-3481
-4077
-4754
-5712
-6597
-7510
-8245
-8746
-8914
-8494
-7932
-7241
-6383
-5649
-5000
-4287
-3990
-4016
-4338
-4696
-5141
-5618
-5821
-5741
-5416
-4718
-4032
-3255
-2401
-1619
-734
91
728
1128
1450
1594
1761
1677
1226
469
-430
-1520
-2654
-3816
-4568
-4536
-3559
-1898
92
1826
3270
4386
4923
4890
4094
2574
814
-996
-2710
-3910
-4189
-3597
-2143
-315
1700
3699
5133
5942
6034
5458
4343
2888
1429
46
-1102
-1631
-1434
-386
1283
3224
4938
6077
6689
6797
6518
6159
5882
5728
5846
6120
6271
6219
6320
6238
5772
4959
3920
2828
1753
764
-38
-423
-188
248
1172
2304
3208
3859
4295
4555
4193
3194
2032
889
-280
-1209
-1887
-2125
-2016
-1570
-1003
-296
426
834
1147
1364
1130
492
-369
-1400
-2530
-3398
-3911
-4257
-4227
-4108
-4091
-4077
-3824
-3448
-3260
-3324
-3632
-4027
-4220
-4296
-4465
-4635
-4555
-4536
-4333
-4055
-3807
-3497
-3161
-3006
-2987
-3090
-3337
-3585
-3846
-3956
-4083
-4217
-4121
-3824
-3474
-2929
-2326
-1810
-1504
-1434
-1323
-1333
-1513
-1700
-2295
-2670
-3037
-3329
-3474
-3454
-3209
-3014
-2941
-2821
-2329
-1925
-1782
-1713
-1774
-2197
-2903
-3908
-4993
-6365
-7639
-8776
-9581
-10196
-10403
-9983
-9134
-8178
-7158
-6240
-5643
-5226
-4861
-4926
-5518
-6404
-7298
-8312
-9254
-9839
-10116
-10074
-9781
-9255
-8574
-7551
-6605
-5967
-5633
-5636
-5881
-6177
-6500
-7071
-7695
-8152
-8264
-8219
-7943
-7399
-6799
-6189
-5457
-4867
-4174
-3637
-3397
-3254
-3089
-2884
-2830
-2616
-2436
-2211
-1972
-1625
-1273
-821
-520
-478
-544
-407
-302
-482
-565
-738
-1167
-1605
-1771
-1630
-1376
-1247
-1190
-1215
-1309
-1578
-1739
-1924
-2002
-2160
-2411
-2611
-2828
-2988
-2784
-2534
-2651
-2642
-2517
-2404
-2145
-1945
-2026
-2401
-3013
-3660
-4221
-4404
-4131
-3303
-2168
-904
11
585
666
-68
-1241
-2551
-4045
-5621
-6878
-7765
-8219
-7903
-6903
-5719
-4448
-3151
-2058
-1445
-1499
-2060
-2932
-4100
-5566
-7045
-8340
-9031
-9104
-8668
-7524
-6260
-4980
-3954
-3165
-2766
-2774
-3130
-3636
-4491
-5628
-6811
-7809
-8380
-8594
-8408
-7719
-6784
-5756
-4724
-3994
-3588
-3361
-3152
-3369
-4045
-4802
-5465
-6237
-6852
-7074
-6959
-6655
-6284
-5945
-5368
-4798
-4533
-4614
-4802
-4954
-5312
-5998
-6476
-6752
-6881
-6991
-6916
-6647
-6282
-5956
-5738
-5621
-5641
-5715
-5873
-6176
-6410
-6692
-6891
-7061
-7010
-6808
-6561
-6101
-5665
-5340
-5342
-5402
-5232
-5078
-5104
-5119
-5043
-5416
-6174
-7130
-8188
-9175
-9990
-10335
-10461
-10497
-10233
-9556
-8476
-7594
-6856
-6082
-5415
-5160
-5437
-5914
-6661
-7494
-8380
-9217
-9599
-9782
-9623
-9004
-8133
-7105
-6141
-5198
-4198
-3508
-3373
-3527
-3822
-4276
-4728
-5146
-5653
-6013
-5961
-5566
-4973
-4510
-3916
-2962
-2087
-1392
-959
-798
-792
-849
-990
-1146
-1340
-1473
-1236
-1023
-830
-381
111
426
606
1005
1328
1443
1523
1583
1458
1220
1076
1070
1065
1051
1116
1187
1166
1073
897
650
406
270
130
102
116
-60
-181
-186
-151
-43
163
415
483
549
652
678
493
19
-588
-1257
-1433
-1037
-23
1498
2939
4086
4634
4967
4519
3487
2332
1213
-48
-1352
-2344
-2902
-2968
-2319
-1158
266
1767
2726
3183
3310
3053
2370
1281
22
-1207
-2251
-3050
-3394
-3328
-2780
-1913
-730
473
1258
1770
1914
1461
819
-26
-1102
-2192
-2946
-3526
-3944
-3823
-3248
-2632
-1876
-889
-173
154
290
188
-168
-691
-1424
-2225
-3076
-3803
-4126
-4080
-3793
-3413
-3049
-2591
-2038
-1594
-1472
-1501
-1691
-1974
-2551
-3116
-3483
-3564
-3442
-3607
-3539
-3186
-2806
-2424
-2208
-2044
-1925
-1873
-2002
-2303
-2572
-2881
-3175
-3118
-2938
-2831
-2692
-2502
-2385
-2225
-1953
-1895
-1932
-1805
-1900
-2093
-2415
-3004
-3813
-4679
-5506
-6074
-6594
-7213
-7528
-7438
-6818
-6068
-5416
-4637
-3800
-3045
-2731
-2968
-3431
-4071
-4741
-5494
-6345
-6890
-7146
-7164
-6946
-6393
-5454
-4359
-3410
-2601
-2162
-1988
-2126
-2381
-2791
-3326
-3726
-4217
-4546
-4618
-4330
-3927
-3492
-2984
-2326
-1586
-1036
-511
-166
-118
-271
-538
-756
-817
-853
-839
-737
-518
-131
392
787
1018
1220
1408
1587
1678
1716
1683
1596
1569
1617
1583
1642
1778
1674
1604
1578
1459
1362
1175
931
920
725
537
484
418
328
335
367
535
594
548
627
664
700
408
-32
-654
-1492
-1908
-1766
-1024
332
1785
3007
3827
4187
4229
3697
2603
1245
-144
-1512
-2576
-3375
-3689
-3254
-2255
-944
482
1755
2451
2525
2215
1562
513
-680
-2008
-3495
-4625
-5052
-4971
-4640
-3854
-2705
-1484
-530
32
350
347
-101
-791
-1798
-3018
-4105
-4902
-5410
-5430
-4877
-4143
-3369
-2558
-1785
-1106
-822
-824
-1219
-1850
-2487
-3385
-4223
-4689
-5103
-5287
-5076
-4875
-4513
-3913
-3235
-2987
-3097
-3069
-3021
-3141
-3613
-4110
-4525
-4922
-5115
-5184
-4898
-4610
-4325
-4022
-3798
-3579
-3423
-3609
-3748
-3774
-3913
-4285
-4617
-4922
-5002
-4828
-4573
-4336
-4090
-3708
-3545
-3504
-3462
-3326
-3343
-3573
-4003
-4528
-5255
-6120
-6866
-7785
-8519
-9046
-9281
-9218
-8789
-8257
-7386
-6514
-5732
-4874
-4240
-4081
-4345
-4934
-5793
-6766
-7593
-8267
-8823
-8851
-8454
-7857
-6979
-5987
-5039
-4392
-3825
-3263
-3099
-3356
-3738
-4086
-4491
-5064
-5532
-5698
-5601
-5304
-4760
-4124
-3227
-2349
-1746
-1297
-956
-896
-1033
-1314
-1374
-1287
-1371
-1628
-1620
-1259
-871
-514
-87
455
835
992
997
1123
1369
1453
1210
1068
1047
1098
1090
992
1066
1178
1155
1140
1061
1025
1011
744
526
271
-125
-239
-45
135
244
188
214
159
321
452
327
227
-72
-878
-2117
-3170
-3640
-3457
-2771
-1661
-483
616
1268
1519
1446
1009
225
-838
-1794
-2551
-2908
-2931
-2491
-1758
-879
131
1166
1798
1962
1873
1178
232
-697
-1794
-2695
-3364
-3764
-3467
-2810
-1935
-1044
-150
694
1297
1574
1623
1452
926
148
-894
-1765
-2323
-2657
-2634
-2080
-1291
-578
157
951
1584
1912
1970
1669
1017
325
-292
-913
-1540
-1958
-2061
-1963
-1722
-1231
-597
0
515
797
823
610
359
-206
-866
-1286
-1757
-2284
-2589
-2768
-2654
-2460
-2262
-2112
-2026
-1879
-1871
-2071
-2316
-2519
-2665
-3035
-3324
-3391
-3383
-3415
-3155
-2845
-2631
-2583
-2588
-2481
-2526
-2519
-2507
-2711
-3211
-3825
-4636
-5457
-6157
-6854
-7492
-7987
-8106
-7726
-6978
-6184
-5231
-4289
-3676
-3236
-3014
-3021
-3278
-4017
-4798
-5527
-6200
-6611
-6671
-6475
-5997
-5085
-3996
-3041
-2155
-1274
-768
-658
-674
-845
-1238
-1681
-2096
-2461
-2773
-2745
-2386
-1686
-1098
-591
205
931
1397
1567
1633
1783
1839
1567
1237
1001
798
822
1030
1276
1589
1922
2261
2680
2875
2956
3014
2957
2909
2866
2645
2478
2537
2640
2669
2527
2283
2263
2292
2120
1911
1775
1690
1645
1449
1264
1081
1011
1112
1148
1126
1112
1040
941
1085
1368
1564
1484
1192
874
1048
1780
2822
3938
5257
6691
7635
7894
7573
6616
5018
3025
816
-1236
-2845
-3901
-4213
-3714
-2485
-675
1567
3555
5129
6307
6644
6121
5050
3599
1705
-379
-2140
-3538
-4164
-3987
-3271
-2017
-703
583
1530
2252
2571
2275
1585
366
-908
-2201
-3382
-4393
-5247
-5447
-5074
-4356
-3398
-2396
-1567
-725
-202
-21
-134
-543
-1160
-2057
-3057
-3700
-4366
-4783
-4791
-4406
-4210
-3966
-3454
-3235
-3165
-3268
-3281
-3320
-3501
-3800
-3921
-3879
-3655
-3360
-3059
-2708
-2344
-1991
-1787
-1665
-1646
-1787
-1818
-2057
-2417
-2452
-2506
-2565
-2374
-2063
-1641
-1241
-969
-590
-245
-77
-65
-77
-165
-523
-1097
-1762
-2395
-3206
-4166
-4980
-5586
-6038
-6069
-5665
-4960
-4162
-3484
-2616
-1895
-1306
-979
-1156
-1573
-2349
-3321
-4376
-5363
-6078
-6343
-6322
-6092
-5477
-4672
-3863
-3070
-2246
-1625
-1414
-1525
-1833
-2412
-2907
-3498
-4267
-4741
-4892
-4671
-4266
-3698
-3131
-2534
-1846
-1191
-763
-596
-603
-545
-594
-743
-865
-999
-1081
-943
-586
-179
182
504
861
1099
1295
1523
1727
1892
1886
1835
1829
1867
1909
1894
1992
2198
2239
2239
2156
2045
1889
1701
1623
1580
1550
1319
1212
1387
1487
1542
1732
1672
1511
1538
1756
1788
1587
1107
475
-236
-771
-1049
-981
-390
659
1714
2611
3124
3069
2646
1638
567
-438
-1692
-2854
-3274
-3097
-2533
-1519
-163
1481
2799
3506
3639
3365
2686
1622
268
-1278
-2683
-3843
-4476
-4478
-4031
-3134
-1954
-639
480
1421
1818
1857
1512
823
-32
-1029
-2042
-2804
-3097
-2945
-2579
-1900
-1122
-285
671
1411
1807
1878
1606
1302
622
-251
-873
-1416
-1932
-2091
-2033
-1673
-1154
-598
-9
497
783
993
1110
808
284
-264
-558
-784
-1038
-1246
-1275
-1117
-957
-876
-934
-911
-950
-932
-980
-1387
-1850
-2165
-2306
-2553
-2700
-2569
-2323
-2125
-2004
-1992
-1860
-1806
-1740
-1458
-1435
-1785
-2266
-2797
-3440
-4301
-5265
-6166
-6946
-7454
-7731
-7742
-7480
-6927
-6104
-5191
-4225
-3626
-3135
-2829
-2957
-3372
-4274
-5284
-5882
-6422
-6741
-6679
-6366
-5700
-4943
-3916
-2775
-1815
-1134
-623
-474
-640
-932
-1460
-2071
-2500
-2790
-2760
-2609
-2194
-1595
-899
-183
525
1222
1663
1995
2297
2413
2206
1996
1841
1885
1900
1913
2070
2290
2455
2743
3075
3386
3653
3805
3801
3898
3992
3926
3874
3631
3390
3379
3328
3315
3429
3454
3182
2803
2686
2702
2554
2304
2151
2126
2124
1981
1946
1930
1964
1946
2039
2148
2137
2010
1828
1509
771
-50
-538
-433
369
1438
2663
3963
5029
5668
5866
5339
4440
3175
1808
430
-806
-1420
-1501
-1231
-387
761
1904
3080
4151
4666
4689
4323
3633
2699
1431
56
-1121
-1961
-2147
-1788
-1160
-201
1036
2212
2973
3239
3171
2841
2242
1285
142
-930
-1729
-2188
-2352
-2015
-1322
-520
216
907
1587
2096
2193
1968
1474
698
-198
-878
-1413
-1946
-2306
-2358
-2088
-1684
-1334
-853
-273
6
23
-78
-409
-1006
-1598
-1955
-2231
-2459
-2505
-2416
-2113
-1835
-1501
-1135
-1025
-971
-939
-1136
-1280
-1460
-1722
-2010
-2268
-2377
-2204
-1892
-1669
-1505
-1252
-999
-834
-666
-567
-386
-309
-544
-1019
-1688
-2406
-3206
-4037
-4936
-5547
-5854
-5841
-5601
-5112
-4412
-3465
-2561
-1925
-1462
-1179
-1219
-1687
-2429
-3162
-3965
-4633
-5079
-5292
-5084
-4688
-4019
-3120
-2211
-1352
-582
-196
-230
-403
-597
-970
-1596
-2163
-2584
-2856
-2905
-2680
-2204
-1335
-485
147
619
1036
1451
1533
1408
1305
1331
1329
1130
1037
1008
1198
1383
1738
2286
2694
2933
3193
3313
3289
3291
3428
3342
3196
3128
3131
3101
3088
3142
3153
3253
3315
3196
3018
2929
2724
2442
2151
2156
2211
2169
2206
2191
2316
2672
2774
2683
2587
2710
2667
2261
1669
1021
449
454
1005
1927
3150
4444
5702
6513
6702
6301
5479
4254
2886
1589
370
-593
-1147
-1176
-618
529
1935
3279
4328
4856
4969
4692
3920
2747
1527
230
-1064
-1951
-2276
-1957
-1240
-314
626
1444
2167
2779
3093
2893
2360
1502
312
-941
-1837
-2279
-2518
-2531
-2001
-1295
-571
111
975
1681
1835
1696
1422
821
116
-556
-1249
-1887
-2328
-2441
-2356
-1925
-1255
-692
-377
-172
97
31
-207
-421
-679
-1141
-1632
-1833
-1791
-1829
-1729
-1506
-1131
-718
-390
-219
-145
-286
-547
-872
-1020
-1224
-1406
-1576
-1575
-1336
-1051
-727
-692
-684
-493
-394
-329
-225
-37
-189
-694
-1346
-2138
-2968
-3831
-4554
-5252
-5717
-5958
-5813
-5446
-4737
-3848
-2995
-2296
-1813
-1386
-1442
-1769
-2321
-3132
-4057
-4939
-5328
-5525
-5572
-5187
-4397
-3535
-2839
-2096
-1360
-746
-465
-517
-586
-774
-1230
-1789
-2316
-2609
-2592
-2414
-2140
-1443
-530
148
651
1073
1443
1710
1813
1884
1822
1602
1339
1195
1239
1378
1635
1939
2327
2778
3183
3285
3305
3550
3752
3733
3471
3321
3312
3155
3062
2942
2952
3020
2991
2936
2977
2969
2892
2638
2274
2216
2214
2200
2237
2273
2215
2220
2387
2478
2402
2430
2487
2398
2227
1698
963
403
165
473
1279
2376
3782
5093
5900
6233
6085
5445
4332
3085
1721
394
-739
-1463
-1537
-949
170
1466
2875
3903
4494
4514
4335
3853
2958
1815
486
-878
-1689
-2199
-2356
-1966
-1150
-165
996
1923
2610
3045
3094
2625
1714
729
-362
-1359
-2084
-2400
-2346
-1883
-1265
-521
306
1041
1705
2180
2143
1702
1244
601
-126
-991
-1728
-1900
-1716
-1579
-1362
-984
-648
-219
133
378
619
560
136
-304
-797
-1184
-1403
-1572
-1588
-1370
-1030
-736
-385
-150
5
3
-100
-222
-455
-779
-943
-1210
-1567
-1496
-1061
-674
-473
-412
-395
-238
-132
1
96
150
34
-347
-884
-1527
-2334
-3292
-4233
-4883
-5178
-5343
-5383
-5186
-4629
-3797
-2814
-1908
-1225
-763
-568
-864
-1366
-2090
-2856
-3502
-4265
-4709
-4740
-4426
-3807
-3074
-2180
-1341
-593
72
481
589
439
-1
-508
-980
-1501
-1929
-2198
-2108
-1667
-957
-115
723
1185
1615
1998
2272
2290
2001
1698
1548
1253
1063
1316
1760
2089
2481
2815
3048
3037
2533
1775
1166
784
556
456
780
1316
1945
2833
3712
4281
4332
4152
3596
2673
1920
1159
537
507
789
1444
2355
3543
4794
6004
6795
7235
7332
6770
5939
5111
4412
3698
3202
2873
2856
3314
4314
5790
7334
8709
9902
10491
10266
9431
8095
6651
5159
3580
2110
1124
738
1025
1734
2862
4243
5387
6100
6491
6247
5605
4658
3491
2206
923
-47
-739
-1303
-1329
-727
215
998
1875
2559
2857
2936
2674
2275
1487
531
-563
-1737
-2475
-2752
-2715
-2578
-2191
-1343
-300
422
871
1079
1080
834
298
-272
-903
-1550
-2075
-2403
-2462
-2065
-1385
-532
238
740
1100
1273
1458
1443
1213
966
693
300
229
360
453
692
1107
1432
1687
2033
2208
2265
2259
2142
1808
1354
995
956
939
970
1003
1031
1116
1192
1234
1264
1398
1488
1402
1370
1238
952
534
-85
-888
-1734
-2707
-3629
-4362
-4695
-4679
-4604
-4223
-3464
-2738
-2053
-1423
-989
-867
-1064
-1617
-2405
-3153
-4013
-4808
-5325
-5592
-5564
-5136
-4365
-3316
-2476
-1781
-1235
-928
-859
-1025
-1397
-1982
-2672
-3338
-3770
-4068
-4150
-4083
-3689
-2964
-2305
-1781
-1244
-653
-242
-133
-266
-443
-685
-1155
-1632
-2057
-2242
-2274
-2090
-1615
-1036
-328
297
971
1556
1556
1145
648
-5
-561
-1125
-1544
-1670
-1653
-1469
-1011
-389
316
752
811
809
561
77
-688
-1652
-2290
-2778
-3225
-3413
-3132
-2562
-2035
-1608
-1305
-1271
-1560
-2086
-2907
-4205
-5433
-6379
-6331
-5413
-3979
-2237
-636
440
1097
1045
237
-996
-2602
-4472
-6422
-7858
-8590
-8664
-7926
-6554
-4785
-2980
-1501
-526
-253
-446
-1083
-2092
-3415
-4945
-6161
-6969
-7303
-7019
-6399
-5446
-4111
-2638
-1554
-682
-228
-247
-567
-1279
-2269
-3478
-4420
-5130
-5346
-5065
-4482
-3655
-2855
-1864
-777
63
482
565
451
43
-634
-1311
-2000
-2542
-2856
-2951
-2744
-2260
-1644
-1087
-682
-227
92
201
118
-125
-613
-1228
-1495
-1733
-2003
-1897
-1593
-1397
-1060
-622
-313
-197
-192
-261
-365
-575
-959
-1457
-1553
-1480
-1516
-1478
-1181
-690
-385
-115
238
505
535
660
840
757
545
33
-682
-1434
-2139
-2778
-3470
-3911
-3743
-3277
-2765
-1977
-1075
-237
709
1491
1708
1665
1531
1277
720
-184
-896
-1279
-1395
-1170
-589
198
1065
2071
3047
3687
4058
4154
4036
3863
3462
2841
2159
1535
1228
1338
1553
1851
2199
2651
3433
3980
4211
4362
4438
4215
4092
3842
3431
2988
2886
3007
2996
3225
3454
3442
3450
3569
3672
3998
4182
4000
3739
3627
3482
3388
3310
3159
3055
3158
3339
3401
3344
3276
3079
2987
2877
2564
2383
2254
2099
2119
2160
2316
2469
2526
2645
2702
2673
2631
2620
2470
1958
1343
820
509
703
1638
2990
4467
5793
6625
6980
6860
6309
5407
4147
2749
1449
558
90
-56
217
1196
2549
4065
5384
6068
6317
6206
5724
4870
3635
2281
1124
353
-24
-74
277
1126
2140
3291
4209
4667
4943
4866
4578
3918
2954
1991
994
202
-282
-192
237
762
1441
2201
3013
3625
3916
3980
3689
3152
2545
1856
1220
654
292
280
334
570
1018
1467
1936
2351
2577
2560
2391
2082
1811
1493
1130
857
751
844
1145
1365
1616
2004
2244
2291
2302
2412
2427
2208
1985
1702
1480
1517
1615
1626
1825
2278
2552
2657
2849
3042
3275
3345
3238
3129
3023
2677
1988
1074
244
-506
-1053
-1412
-1697
-1721
-1391
-893
-220
574
1512
2231
2721
2815
2571
1912
1120
368
-169
-620
-1083
-1224
-967
-445
249
1064
1944
2741
3157
3383
3343
2997
2375
1660
1131
617
158
-112
-189
-3
224
657
1091
1481
1819
2067
2245
2281
2056
1645
1204
897
650
512
552
517
661
959
1112
1188
1499
1718
1729
1651
1513
1465
1261
1023
863
678
710
881
973
953
850
802
799
756
439
113
-28
-169
-263
-315
-456
-399
-337
-402
-213
-60
-91
-129
-228
-525
-921
-1436
-1993
-2487
-2531
-1892
-712
671
2054
3290
4016
4200
3567
2489
1267
-357
-1808
-2925
-3692
-3941
-3662
-2798
-1724
-337
1205
2260
2627
2645
2255
1327
-64
-1495
-2827
-3830
-4379
-4559
-4261
-3477
-2428
-1340
-335
520
1051
1139
951
434
-558
-1776
-2929
-3549
-4128
-4421
-4166
-3544
-2633
-1630
-783
-75
383
542
391
81
-394
-1154
-1967
-2640
-3056
-3296
-3234
-3082
-2759
-2126
-1358
-858
-683
-612
-632
-786
-1134
-1556
-1925
-2277
-2431
-2407
-2274
-2026
-1629
-1152
-667
-388
-211
-283
-318
-441
-752
-923
-976
-997
-1056
-981
-895
-831
-682
-313
23
254
486
743
966
869
495
103
-290
-897
-1685
-2724
-3621
-4081
-4338
-4302
-4059
-3640
-2644
-1439
-679
-93
388
535
520
211
-263
-916
-1721
-2517
-2963
-2912
-2654
-2218
-1559
-674
103
817
1546
2022
2156
1845
1427
1041
385
-177
-727
-1139
-1127
-949
-525
-169
346
987
1450
1724
1970
1997
1707
1500
1183
834
552
422
329
197
277
671
876
1146
1618
1928
1889
1667
1593
1551
1563
1406
1225
1037
1058
1154
1163
1150
1233
1244
1144
1000
856
579
483
446
256
268
281
267
265
248
230
106
135
161
352
631
637
360
-65
-105
199
805
