-4834
-4453
-4071
-3902
-3771
-3788
-3836
-4075
-4446
-4574
-4568
-4723
-4801
-4768
-4611
-4421
-4358
-4034
-3725
-3492
-3319
-3317
-3197
-3232
-3605
-4013
-4571
-5344
-6195
-6951
-7802
-8530
-8808
-8611
-8127
-7675
-7139
-6199
-5092
-4169
-3549
-3214
-3145
-3638
-4391
-5295
-6121
-6713
-7381
-7660
-7334
-6631
-5764
-4882
-3966
-3146
-2481
-1973
-1860
-2129
-2483
-3129
-3932
-4662
-5124
-5406
-5430
-5250
-4861
-4339
-3821
-3378
-3045
-2951
-2940
-3090
-3574
-4298
-5164
-5577
-5489
-5268
-4721
-3762
-2414
-1306
-1124
-1706
-2787
-4373
-6367
-8485
-10374
-11571
-12084
-11992
-10945
-9383
-7725
-6306
-5347
-4800
-5047
-6203
-7570
-9067
-10806
-12312
-13298
-13401
-12444
-10685
-8143
-5490
-3092
-942
495
1251
1087
277
-790
-2094
-3716
-5379
-6640
-7121
-6494
-4642
-2126
793
3488
5358
6434
6558
5675
4022
2117
-45
-2435
-4368
-5782
-6288
-5928
-4797
-3213
-1787
-429
526
873
412
-698
-2311
-4242
-6279
-8142
-9355
-10053
-10167
-9525
-8242
-6588
-5125
-3977
-3331
-3099
-3375
-4372
-5861
-7459
-9079
-10456
-11441
-12007
-12161
-11671
-10577
-9165
-7829
-6724
-5650
-5031
-5063
-5459
-6142
-7245
-8591
-10051
-11066
-11548
-11672
-11364
-10758
-9606
-8376
-7247
-6180
-5135
-4346
-3903
-3802
-3756
-3785
-3977
-4090
-4111
-3704
-3192
-2864
-2570
-2090
-1437
-1057
-928
-892
-866
-950
-1113
-1633
-1838
-1949
-1989
-1969
-1943
-1828
-1804
-1943
-2147
-2302
-2495
-2817
-3091
-3327
-3339
-3567
-4034
-4725
-5503
-5989
-6393
-6770
-7007
-7078
-7007
-6650
-6059
-5341
-4643
-3896
-3398
-3394
-3727
-4159
-4913
-5865
-6777
-7570
-8426
-8861
-8772
-8355
-7666
-7085
-6308
-5484
-4914
-4396
-4067
-4078
-4346
-4933
-5311
-5502
-5729
-5621
-5284
-4697
-3991
-3229
-2222
-1339
-484
260
706
1134
1620
1938
2045
1801
1298
586
-391
-1343
-2360
-3431
-4176
-4162
-3302
-1673
330
2191
3771
4994
5514
5320
4414
2841
818
-1185
-2851
-3820
-4119
-3604
-2372
-369
1823
3709
5296
6084
6028
5386
4286
2874
1306
-269
-1363
-1788
-1473
-319
1416
3382
5215
6432
6834
6916
6706
6274
5772
5574
5739
6176
6679
6892
6825
6493
5898
5071
4130
3096
1936
805
-27
-435
-163
430
1301
2325
3375
4227
4634
4671
4280
3360
2109
786
-450
-1439
-2113
-2277
-2005
-1585
-931
-126
622
1205
1525
1589
1223
674
-153
-1225
-2304
-3197
-3915
-4191
-4138
-3905
-3672
-3528
-3375
-3275
-3267
-3273
-3368
-3517
-3942
-4269
-4553
-4717
-4733
-4493
-3979
-3736
-3618
-3381
-3107
-2933
-2950
-3144
-3313
-3452
-3672
-3885
-3979
-3861
-3561
-3236
-2912
-2458
-1994
-1522
-1071
-664
-563
-874
-1249
-1626
-2186
-2686
-2973
-3073
-3231
-3203
-3100
-2938
-2788
-2426
-2134
-1816
-1727
-1681
-1712
-1995
-2813
-3860
-5024
-6481
-7951
-8982
-9762
-10373
-10576
-10399
-9787
-8637
-7450
-6408
-5477
-4882
-4590
-4649
-5265
-6059
-7011
-7988
-8936
-9829
-10390
-10369
-9756
-8871
-7961
-7152
-6487
-5890
-5524
-5530
-5705
-5979
-6500
-7042
-7482
-7805
-8051
-8127
-7840
-7493
-7039
-6351
-5525
-4757
-4301
-3837
-3379
-3092
-3034
-2977
-2797
-2680
-2496
-2385
-2051
-1663
-1278
-989
-713
-409
-152
-215
-330
-572
-822
-1063
-1172
-1289
-1461
-1546
-1795
-1897
-1622
-1574
-1775
-1847
-1811
-2062
-2291
-2634
-2793
-2936
-3230
-3411
-3427
-3348
-3130
-3116
-3141
-3119
-2934
-2740
-2544
-2719
-3287
-3988
-4466
-4729
-4252
-3224
-1899
-573
334
776
618
-164
-1158
-2541
-4240
-5979
-7334
-8061
-8259
-7915
-7123
-6000
-4621
-3247
-2365
-1906
-1897
-2352
-3180
-4462
-6006
-7475
-8704
-9310
-9476
-9111
-8250
-7056
-5677
-4541
-3557
-2793
-2456
-2816
-3515
-4515
-5732
-6777
-7601
-8205
-8422
-8360
-7875
-7127
-6226
-5142
-4271
-3569
-3148
-3174
-3493
-4066
-4851
-5745
-6523
-7040
-7238
-7140
-6859
-6469
-6052
-5632
-5220
-4829
-4641
-4577
-4714
-5103
-5626
-5976
-6206
-6467
-6664
-6687
-6403
-6023
-5741
-5436
-5256
-5244
-5381
-5562
-5816
-6159
-6384
-6554
-6494
-6468
-6333
-6268
-6043
-5710
-5377
-5326
-5282
-5138
-4992
-4934
-5031
-5343
-5798
-6368
-7221
-8115
-9025
-9728
-10154
-10488
-10424
-10127
-9696
-8925
-7990
-6919
-5934
-5277
-4957
-5013
-5455
-6224
-7036
-7985
-8720
-9019
-9190
-9057
-8594
-7769
-6720
-5556
-4544
-3682
-3158
-3062
-3214
-3558
-3979
-4576
-5079
-5497
-5735
-5732
-5620
-5079
-4388
-3515
-2560
-1849
-1328
-824
-617
-671
-865
-858
-916
-964
-911
-901
-797
-598
-232
200
674
1002
1224
1384
1663
1845
1899
1813
1562
1318
1079
929
906
1057
1182
1131
1097
1190
1060
738
452
134
38
71
-50
-24
32
6
128
468
627
623
775
902
848
698
233
-427
-928
-895
-284
607
1899
3302
4572
5455
5612
5307
4523
3281
1967
440
-892
-1810
-2466
-2645
-2055
-734
697
2016
2886
3422
3580
3289
2565
1742
616
-855
-2237
-3196
-3532
-3237
-2453
-1494
-562
471
1420
2067
2229
1952
1508
744
-332
-1609
-2670
-3489
-3844
-3846
-3478
-2735
-1882
-947
-243
285
375
327
156
-372
-1270
-2162
-2819
-3344
-3804
-3823
-3660
-3177
-2615
-2161
-1730
-1478
-1323
-1316
-1432
-1640
-2020
-2453
-2799
-3124
-3356
-3237
-2942
-2557
-2231
-1830
-1552
-1677
-1615
-1495
-1655
-2144
-2661
-2877
-2960
-2948
-2764
-2690
-2629
-2416
-2190
-2038
-1938
-1634
-1510
-1711
-1820
-1991
-2312
-2890
-3796
-4764
-5589
-6208
-6798
-7308
-7611
-7578
-7116
-6333
-5363
-4506
-3839
-3162
-2707
-2833
-3323
-3898
-4622
-5499
-6585
-7295
-7462
-7227
-6697
-6099
-5337
-4329
-3439
-2652
-2016
-1605
-1599
-1920
-2564
-3231
-3830
-4498
-4883
-4823
-4539
-4162
-3741
-3021
-2187
-1544
-965
-477
-229
-280
-407
-449
-591
-842
-852
-807
-885
-661
-455
-51
470
889
1213
1433
1641
1662
1423
1395
1448
1256
1058
976
860
839
798
874
938
853
692
462
370
334
47
-144
-412
-481
-272
-269
-348
-414
-347
-184
-246
-339
-279
-433
-853
-1423
-1986
-2418
-2361
-1365
56
1514
2935
3915
4243
3939
3232
2156
798
-704
-2138
-3321
-3922
-4228
-3901
-2824
-1537
-219
817
1591
1919
1762
1088
138
-1152
-2520
-3903
-5078
-5773
-5727
-5147
-4329
-3207
-2062
-976
-252
53
58
-392
-1164
-2084
-3125
-4250
-5187
-5709
-5864
-5468
-4687
-3876
-3040
-2190
-1552
-1282
-1366
-1747
-2250
-2994
-3763
-4321
-4887
-5591
-6004
-5948
-5537
-4904
-4231
-3637
-3371
-3218
-3042
-3216
-3571
-4072
-4577
-4918
-5054
-5057
-5054
-5122
-4870
-4526
-4136
-3711
-3422
-3321
-3532
-3724
-4060
-4272
-4467
-4690
-4777
-4721
-4608
-4438
-4241
-3968
-3828
-3728
-3611
-3569
-3551
-3547
-3527
-3621
-4315
-5211
-6002
-6922
-7985
-8825
-9190
-9419
-9343
-8847
-8270
-7415
-6433
-5433
-4786
-4413
-4267
-4517
-5188
-5871
-6821
-7736
-8338
-8568
-8493
-8265
-7627
-6789
-5921
-5050
-4131
-3340
-2879
-2840
-3247
-3636
-3948
-4497
-5127
-5547
-5640
-5598
-5164
-4508
-3877
-3150
-2443
-1943
-1490
-1022
-670
-538
-606
-829
-1052
-1051
-1099
-1085
-901
-672
-420
-70
342
828
1096
1271
1414
1408
1281
1177
1029
980
977
1077
1327
1189
1039
991
965
992
809
496
306
62
-110
-230
-119
-130
-209
-88
14
228
334
318
211
376
455
1
-847
-1980
-2919
-3453
-3399
-2723
-1534
-236
770
1436
1695
1407
820
148
-681
-1560
-2196
-2655
-2685
-2223
-1394
-460
509
1474
2191
2328
1926
1273
463
-522
-1777
-2827
-3490
-3836
-3643
-2847
-1727
-676
266
1205
1833
2233
2403
2062
1222
289
-611
-1389
-1949
-2411
-2605
-2165
-1278
-292
652
1416
1911
2156
2106
1984
1606
843
-7
-833
-1367
-1592
-1695
-1796
-1665
-1028
-238
208
613
898
934
798
501
-116
-879
-1514
-2036
-2531
-2863
-2911
-2757
-2433
-2313
-2277
-2211
-2031
-1867
-1932
-2186
-2574
-3034
-3238
-3243
-3140
-3294
-3325
-3053
-2871
-2828
-2767
-2765
-2848
-2769
-2675
-2681
-2797
-3216
-3836
-4532
-5531
-6482
-7199
-7650
-7791
-7978
-7807
-7175
-6395
-5531
-4566
-3851
-3291
-3049
-3158
-3494
-4106
-4808
-5517
-6209
-6656
-6803
-6532
-5958
-5074
-4040
-2991
-1948
-1268
-909
-729
-600
-657
-1173
-1824
-2281
-2578
-2545
-2564
-2458
-1846
-1125
-507
149
744
1312
1677
1781
1699
1502
1218
1110
1007
940
966
1132
1378
1709
2026
2160
2384
2734
2872
2850
2766
2789
2789
2484
2279
2184
2203
2236
2281
2273
2030
1983
1899
1778
1665
1312
1226
1106
807
608
782
1062
1188
1098
886
879
1008
1118
1119
1058
881
656
750
1076
1805
2795
4101
5727
7122
8009
8264
7957
7185
5615
3365
1009
-1014
-2742
-3892
-4284
-3890
-2730
-967
1128
3163
4825
5843
6091
5718
4861
3367
1395
-700
-2553
-3824
-4505
-4607
-3963
-2744
-1536
-232
962
1845
2250
2163
1706
706
-641
-2158
-3726
-5037
-5717
-5736
-5353
-4584
-3794
-2892
-1949
-1059
-437
-168
-286
-951
-1772
-2516
-3246
-4186
-5079
-5420
-5404
-5258
-4963
-4623
-4228
-3927
-3678
-3518
-3498
-3747
-3932
-3982
-3867
-3791
-3774
-3655
-3321
-2957
-2508
-1965
-1730
-1689
-1803
-2024
-2047
-2362
-2713
-2759
-2726
-2656
-2421
-2114
-1861
-1544
-1272
-995
-759
-722
-559
-484
-717
-1178
-1774
-2485
-3301
-4256
-5234
-6243
-6801
-6969
-6973
-6629
-6027
-5202
-4414
-3515
-2764
-2161
-1788
-1856
-2148
-2915
-3976
-4933
-5871
-6479
-6875
-7170
-6884
-6310
-5587
-4549
-3527
-2701
-2372
-2032
-2087
-2705
-3287
-3917
-4598
-5078
-5385
-5512
-5445
-5118
-4445
-3880
-3177
-2461
-1879
-1393
-930
-713
-838
-938
-1088
-1317
-1466
-1489
-1427
-1158
-784
-461
-251
60
617
1142
1295
1214
1305
1340
1337
1334
1343
1414
1461
1424
1450
1467
1238
1218
1328
1259
989
750
609
601
581
493
474
594
724
855
868
959
1075
1029
961
864
588
-183
-1166
-1708
-1789
-1651
-1132
-150
991
2104
2571
2493
2048
1162
-165
-1702
-2866
-3532
-3800
-3841
-3355
-2237
-870
501
1755
2630
2997
2724
1843
548
-886
-2261
-3737
-4918
-5460
-5440
-4850
-3885
-2620
-1166
89
1089
1664
1688
1365
741
-72
-1173
-2229
-2956
-3370
-3490
-3366
-2759
-1625
-349
509
1106
1627
1795
1705
1165
600
-29
-767
-1509
-2081
-2317
-2251
-2033
-1554
-987
-344
210
460
679
641
474
111
-263
-674
-1018
-1305
-1409
-1295
-1117
-972
-928
-848
-786
-996
-1191
-1357
-1789
-2196
-2369
-2561
-2709
-2671
-2598
-2383
-2242
-2300
-2270
-2198
-2118
-1920
-1734
-1776
-2089
-2525
-3270
-3972
-4683
-5613
-6463
-7268
-7764
-7958
-7886
-7276
-6487
-5671
-4864
-4042
-3140
-2567
-2577
-2880
-3463
-3999
-4775
-5537
-6164
-6655
-6580
-6126
-5425
-4691
-3678
-2536
-1579
-826
-391
-244
-370
-739
-1077
-1401
-1851
-2401
-2730
-2559
-2038
-1252
-419
143
664
1254
1945
2394
2519
2515
2363
2076
1819
1769
1985
1969
2032
2366
2693
3011
3361
3629
3699
3746
3836
3805
3819
3787
3679
3432
3394
3357
3156
2981
3038
3011
2854
2780
2681
2564
2249
2044
1988
1933
1904
1580
1359
1520
1755
1969
2016
1941
1966
1933
1865
1611
924
223
-190
-274
393
1560
3080
4559
5673
6141
6157
5761
4824
3682
2225
664
-347
-1031
-1251
-963
-241
935
2250
3452
4360
5051
5155
4602
3632
2391
1165
44
-885
-1746
-2217
-1802
-944
40
1111
2197
3038
3527
3601
3218
2604
1732
603
-370
-1350
-1909
-2110
-1849
-1323
-605
186
905
1579
2016
2108
1874
1317
666
-49
-667
-1183
-1802
-2304
-2529
-2370
-1961
-1483
-1001
-671
-343
-148
-102
-262
-720
-1153
-1574
-1880
-2184
-2204
-2050
-1942
-1777
-1494
-1146
-924
-932
-1095
-1101
-1149
-1320
-1691
-1979
-2108
-2030
-1716
-1588
-1500
-1290
-1088
-978
-838
-694
-668
-716
-855
-1130
-1387
-1815
-2743
-3842
-4813
-5510
-5913
-6281
-6303
-5921
-5325
-4504
-3665
-2831
-2022
-1453
-1107
-1136
-1525
-2308
-3237
-4007
-4655
-5206
-5426
-5002
-4444
-3851
-3102
-2158
-1369
-692
-233
11
-112
-617
-1158
-1704
-2207
-2585
-2882
-2967
-2950
-2530
-1737
-894
-48
421
730
1044
1195
1325
1127
810
684
709
612
648
745
988
1260
1499
1898
2431
2793
2988
3079
3058
2750
2600
2619
2652
2663
2588
2422
2276
2355
2456
2328
2246
2165
1944
1871
1769
1761
1764
1706
1554
1488
1493
1438
1589
1670
1601
1717
1717
1532
1333
954
404
-19
-186
297
1213
2526
4043
5256
5980
6252
5842
4927
3717
2350
859
-348
-1281
-1669
-1505
-1051
-141
1140
2449
3530
4193
4301
4137
3489
2338
1011
-499
-1827
-2858
-3152
-3035
-2436
-1345
-252
770
1607
2208
2522
2397
1900
1030
101
-997
-2056
-2644
-2959
-3045
-2621
-1803
-900
-196
487
991
1385
1421
935
291
-306
-840
-1505
-2202
-2653
-2686
-2689
-2358
-1763
-1263
-895
-532
-275
-241
-431
-674
-1049
-1423
-1847
-2076
-2126
-2160
-1979
-1592
-1197
-819
-563
-400
-376
-497
-603
-759
-1130
-1383
-1495
-1556
-1678
-1610
-1331
-1065
-996
-735
-505
-532
-440
-305
-304
-562
-1094
-1673
-2343
-3145
-3994
-4772
-5467
-6074
-6339
-6134
-5732
-5173
-4300
-3097
-2061
-1582
-1364
-1324
-1699
-2250
-2696
-3415
-4448
-4997
-5228
-5256
-4967
-4449
-3664
-2581
-1617
-813
-326
-82
27
-227
-662
-1139
-1621
-2029
-2480
-2701
-2569
-2174
-1467
-707
61
654
1046
1532
1819
1812
1720
1760
1646
1408
1206
1329
1538
1792
2123
2518
2851
3124
3479
3759
3858
3693
3516
3491
3521
3380
3320
3184
3225
3376
3417
3355
3285
3189
2927
2756
2586
2510
2408
2272
2102
2027
1903
1908
2018
2165
2290
2290
2257
2268
2289
2169
1776
1109
490
255
485
1228
2390
3885
5257
6196
6439
6231
5596
4439
3161
1849
530
-573
-1322
-1446
-885
50
1222
2525
3665
4468
4989
4872
4069
3039
1743
397
-841
-1859
-2352
-2309
-1791
-811
286
1225
2109
2917
3447
3411
2949
2184
1246
225
-625
-1242
-1730
-1890
-1647
-1128
-328
528
1367
2091
2471
2277
1919
1517
885
82
-762
-1363
-1723
-1895
-1756
-1570
-1122
-557
-121
277
452
438
296
149
-259
-672
-987
-1247
-1404
-1412
-1254
-877
-441
-86
90
212
252
302
87
-192
-380
-528
-687
-846
-961
-813
-633
-377
-101
-17
127
270
468
488
279
165
-86
-402
-1072
-1960
-2905
-3821
-4594
-5158
-5511
-5446
-5050
-4337
-3608
-2669
-1785
-990
-410
-330
-618
-1183
-1902
-2618
-3269
-3950
-4297
-4296
-4080
-3613
-2746
-1804
-926
-118
512
946
904
774
592
214
-362
-955
-1355
-1545
-1388
-1046
-628
-18
711
1454
1971
2228
2395
2599
2453
2051
1680
1471
1466
1540
1754
2222
2822
3190
3290
3281
2865
2247
1589
1097
932
879
1011
1675
2437
3123
3755
4272
4555
4350
3887
3139
2183
1329
764
457
540
1147
2212
3465
4764
5948
6907
7345
7237
6625
5948
5294
4489
3636
3191
2905
2882
3328
4201
5596
7322
8902
10149
10709
10586
9844
8469
6930
5284
3669
2301
1256
939
1186
1857
2790
3950
5151
6017
6231
6079
5471
4676
3467
2028
679
-235
-952
-1525
-1482
-965
-134
771
1569
2336
2910
3177
3067
2524
1551
653
-240
-1358
-2260
-2845
-3064
-2965
-2457
-1627
-645
319
815
1088
1156
821
255
-414
-1063
-1792
-2229
-2298
-2350
-2161
-1628
-1066
-325
358
902
1254
1334
1177
990
657
346
187
221
396
521
780
1168
1488
1797
2032
2277
2395
2200
1799
1561
1417
1064
780
710
727
745
869
1094
1164
1094
933
960
1098
1076
966
985
888
288
-554
-1341
-2164
-3078
-3944
-4628
-5112
-5233
-5140
-4693
-3932
-3082
-2147
-1423
-1069
-1022
-1055
-1386
-2178
-3150
-4032
-4743
-5288
-5706
-5712
-5100
-4344
-3450
-2529
-1841
-1439
-1035
-657
-945
-1456
-2097
-2783
-3361
-4053
-4465
-4531
-4367
-3994
-3497
-2759
-1902
-1196
-664
-368
-227
-246
-423
-774
-1128
-1488
-1882
-2281
-2419
-2198
-1801
-1075
-384
232
789
1178
1401
1036
541
58
-466
-1105
-1608
-1830
-1757
-1514
-1029
-342
44
384
609
420
25
-562
-1295
-2023
-2818
-3259
-3406
-3546
-3426
-2881
-2372
-1893
-1526
-1274
-1419
-2053
-3058
-4399
-5626
-6573
-6548
-5432
-3758
-2044
-382
795
1345
1105
125
-1110
-2701
-4547
-6270
-7688
-8518
-8525
-8027
-6851
-5109
-3295
-1683
-582
-55
-152
-762
-1975
-3537
-5169
-6491
-7382
-7795
-7573
-6756
-5463
-3980
-2605
-1354
-461
-38
84
-147
-1030
-2142
-3269
-4268
-4998
-5304
-5132
-4458
-3485
-2625
-1575
-517
66
439
591
487
151
-591
-1315
-1997
-2691
-3098
-3241
-3004
-2389
-1740
-1228
-779
-264
-175
-135
-98
-289
-796
-1258
-1557
-1875
-2030
-1907
-1540
-1159
-763
-510
-299
-79
66
113
-128
-550
-884
-1080
-1075
-1102
-1082
-1000
-813
-639
-284
94
236
467
594
629
823
779
343
-314
-884
-1640
-2467
-3080
-3524
-3873
-4055
-3746
-2974
-2144
-1284
-303
613
1377
1707
1800
1671
1342
919
205
-525
-1099
-1212
-969
-600
86
1102
2147
2941
3525
4056
4426
4360
3926
3444
2947
2328
1769
1409
1274
1427
1669
2251
3024
3675
4156
4375
4294
4174
4086
3928
3629
3317
3086
2925
2832
2764
2937
3261
3607
3771
3822
3925
3984
4021
4031
3958
3690
3497
3365
3109
2980
3017
3126
3065
2984
3040
2984
2886
2729
2500
2354
2078
1769
1662
1692
1737
1757
1904
2166
2399
2458
2408
2319
2161
2043
1709
1321
792
483
599
1324
2749
4365
5668
6557
6898
6730
6189
5365
4157
2790
1471
429
-205
-196
197
1072
2514
3897
5053
5893
6200
6040
5478
4586
3399
2028
775
-117
-623
-584
128
1150
2136
3005
3930
4685
5095
5097
4746
3999
3014
1996
984
179
-59
70
400
935
1721
2498
3203
3839
4031
3917
3595
3197
2731
2000
1294
848
544
418
306
366
734
1397
1934
2210
2466
2501
2413
2035
1608
1214
951
776
687
686
908
1270
1515
1739
2088
2462
2479
2451
2408
2372
2205
1974
1734
1643
1791
1870
1963
2105
2332
2554
2658
2867
3091
3089
3021
2933
2569
2069
1647
1060
164
-732
-1522
-1857
-2081
-2057
-1588
-946
-332
443
1322
2061
2511
2609
2309
1877
1158
384
-215
-694
-1020
-1160
-1131
-536
362
1303
2155
2733
3055
3174
3114
2829
2242
1559
834
363
-89
-542
-630
-348
181
652
1156
1640
1727
1884
2049
2155
2110
1696
1238
851
577
316
202
446
600
882
1072
1259
1596
1900
1963
1775
1553
1318
1162
1073
913
888
724
662
571
670
719
563
424
314
46
-222
-453
-545
-595
-784
-626
-481
-381
-355
-558
-659
-565
-510
-494
-668
-1150
-1956
-2636
-2956
-2765
-1973
-874
522
2138
3410
3998
4024
3539
2576
1087
-431
-1753
-2885
-3851
-4159
-3984
-3167
-2038
-806
645
1762
2393
2299
1796
973
-169
-1404
-2870
-4126
-4884
-4936
-4518
-3655
-2690
-1509
-475
356
808
998
762
220
-582
-1573
-2651
-3548
-4114
-4287
-4163
-3700
-2802
-1800
-879
-187
294
581
490
58
-581
-1269
-2061
-2705
-3203
-3413
-3432
-3245
-2760
-2375
-1887
-1344
-847
-552
-692
-989
-1379
-1673
-1946
-2218
-2355
-2321
-2054
-1743
-1469
-1132
-800
-384
-249
-243
-315
-562
-816
-928
-1043
-1077
-1075
-979
-801
-501
-133
34
171
317
575
429
322
577
563
249
-532
-1447
-2400
-3229
-3836
-4324
-4688
-4741
-4351
-3569
-2642
-1823
-968
-177
522
883
762
385
-280
-1169
-2000
-2532
-2828
-2952
-2711
-2240
-1599
-774
197
1146
1751
2142
2323
2227
1731
1084
386
-279
-729
-1127
-1167
-939
-622
-261
229
713
1200
1661
1897
1902
1786
1466
1060
735
599
513
359
416
566
859
1306
1572
1714
1696
1804
1871
1814
1758
1655
1597
1437
1268
1289
1314
1251
1318
1316
1238
1030
888
804
719
455
315
246
185
134
166
192
205
164
225
359
266
194
310
355
237
-35
-20
484
1222
