-4763
-4263
-3931
-3719
-3623
-3566
-3634
-3816
-4143
-4343
-4496
-4725
-4777
-4716
-4701
-4610
-4479
-4001
-3536
-3166
-3014
-2995
-2945
-3043
-3288
-3690
-4391
-5310
-6307
-7120
-7575
-8127
-8691
-8781
-8461
-7941
-7040
-5869
-4894
-4173
-3612
-3172
-3189
-3707
-4500
-5351
-6179
-6714
-6910
-6850
-6728
-6393
-5618
-4502
-3469
-2621
-2065
-1872
-1894
-1989
-2380
-3155
-4032
-4647
-5012
-5150
-5252
-5056
-4705
-4358
-3866
-3247
-2593
-2332
-2519
-3013
-3543
-4301
-5105
-5507
-5662
-5376
-4562
-3284
-2103
-1249
-1141
-1846
-3011
-4583
-6520
-8441
-10172
-11414
-12045
-11864
-10765
-9131
-7391
-6170
-5271
-4664
-4756
-5874
-7526
-9376
-11103
-12486
-13226
-13178
-12332
-10757
-8398
-5511
-2932
-955
462
1282
1185
429
-724
-2048
-3706
-5276
-6609
-7417
-6867
-4958
-2142
693
3164
5193
6506
6772
5998
4401
2306
-72
-2439
-4560
-5974
-6640
-6562
-5534
-3817
-2016
-604
355
645
282
-784
-2525
-4494
-6479
-8249
-9633
-10576
-10566
-9877
-8585
-6962
-5388
-4239
-3669
-3512
-3706
-4447
-5695
-7360
-9050
-10466
-11563
-12204
-12224
-11449
-10420
-9212
-7876
-6432
-5354
-4788
-4790
-5300
-6057
-7280
-8760
-10112
-11100
-11765
-12031
-11665
-10970
-9782
-8598
-7338
-5984
-5045
-4307
-3857
-3735
-3696
-3812
-3918
-3908
-3913
-3888
-3806
-3181
-2497
-2031
-1635
-1196
-988
-959
-1074
-1276
-1364
-1613
-1899
-2129
-2450
-2427
-2233
-2144
-2095
-1983
-2125
-2447
-2739
-3058
-3272
-3267
-3361
-3706
-4062
-4477
-5122
-5879
-6610
-7062
-7294
-7286
-7021
-6665
-5925
-5083
-4284
-3675
-3233
-3146
-3514
-4140
-4956
-5832
-6690
-7421
-8113
-8633
-8777
-8583
-8076
-7184
-6240
-5396
-4671
-4348
-4246
-4209
-4434
-4911
-5334
-5619
-5856
-5801
-5503
-5180
-4601
-3769
-2735
-1678
-831
-223
335
823
1186
1334
1330
1175
634
-266
-1191
-2223
-3328
-4216
-4804
-4681
-3823
-2360
-490
1434
2991
4116
4760
4677
3899
2429
429
-1583
-3223
-4398
-4909
-4402
-2799
-790
1240
3256
4737
5691
5765
5160
3949
2225
474
-941
-1837
-2225
-1916
-970
696
2686
4534
5915
6468
6487
6218
5884
5602
5395
5498
5981
6293
6454
6513
6066
5421
4659
3629
2305
1144
51
-926
-1190
-857
-189
578
1729
2949
3698
3997
4164
3948
3050
1774
397
-888
-2066
-2725
-2784
-2781
-2430
-1855
-1056
-107
643
1119
1197
826
53
-894
-1838
-2657
-3495
-4288
-4790
-4923
-4761
-4439
-4158
-3911
-3808
-3798
-3546
-3564
-3960
-4388
-4672
-4967
-5189
-5341
-5226
-4810
-4471
-4140
-3716
-3350
-3286
-3472
-3636
-3573
-3679
-4013
-4464
-4555
-4386
-4166
-3751
-3110
-2470
-1938
-1499
-1163
-863
-828
-1075
-1400
-1752
-2088
-2532
-3031
-3340
-3505
-3521
-3365
-3039
-2753
-2590
-2234
-1949
-1733
-1662
-1879
-2193
-2922
-4101
-5405
-6766
-8168
-9379
-10376
-10772
-10679
-10279
-9549
-8540
-7493
-6385
-5463
-4907
-4723
-4841
-5381
-6162
-7146
-8168
-8913
-9574
-10091
-10051
-9719
-9164
-8275
-7167
-6243
-5748
-5544
-5516
-5645
-6146
-6669
-7214
-7720
-8040
-8398
-8573
-8448
-7848
-7030
-6261
-5556
-4925
-4369
-3798
-3487
-3320
-3165
-3090
-2927
-2709
-2570
-2383
-2200
-1832
-1423
-1000
-629
-492
-382
-154
-174
-472
-771
-976
-1108
-1397
-1513
-1471
-1505
-1417
-1416
-1304
-1268
-1411
-1776
-2106
-2219
-2343
-2736
-2864
-2873
-2943
-2995
-3169
-3214
-3008
-2825
-2721
-2569
-2408
-2393
-2705
-3172
-3773
-4237
-4381
-3942
-2960
-1693
-291
741
1213
1239
709
-467
-2007
-3689
-5388
-6939
-7941
-8047
-7754
-7042
-5874
-4256
-2847
-1804
-1286
-1243
-1741
-2658
-4019
-5514
-7004
-8352
-9183
-9278
-8883
-8129
-6839
-5288
-4029
-3131
-2473
-2173
-2443
-3149
-4211
-5261
-6464
-7520
-8182
-8565
-8405
-7717
-6707
-5657
-4708
-3929
-3265
-3030
-2927
-3256
-3903
-4738
-5581
-6264
-6703
-6975
-7049
-6838
-6303
-5746
-5219
-4669
-4518
-4415
-4328
-4507
-4921
-5413
-5868
-6352
-6579
-6727
-6645
-6310
-5960
-5693
-5552
-5415
-5174
-5038
-5225
-5601
-6134
-6434
-6702
-7051
-6959
-6653
-6350
-6122
-5731
-5519
-5507
-5411
-5223
-5066
-4925
-5039
-5331
-5858
-6587
-7534
-8655
-9724
-10341
-10956
-11269
-11186
-10811
-9939
-9065
-8128
-7186
-6347
-5640
-5366
-5434
-5769
-6430
-7335
-8311
-8993
-9521
-9765
-9426
-8700
-7752
-6768
-5790
-4794
-3995
-3529
-3373
-3421
-3626
-4041
-4615
-5257
-5674
-6002
-6146
-5940
-5424
-4602
-3827
-3134
-2313
-1713
-1286
-1120
-1052
-1110
-1155
-1211
-1255
-1282
-1215
-1241
-1131
-739
-397
12
472
874
1140
1114
1180
1014
922
743
621
596
592
588
597
626
603
565
516
316
7
-226
-325
-446
-562
-738
-903
-911
-855
-575
-421
-362
-207
-60
-10
62
-130
-578
-1160
-1709
-2004
-1676
-672
738
2369
3836
4653
4843
4473
3734
2566
1192
-270
-1569
-2550
-3181
-3285
-2773
-1705
-440
826
2081
2899
3130
2821
2009
868
-412
-1879
-3027
-3820
-4266
-4077
-3478
-2573
-1317
-61
866
1265
1472
1484
896
-84
-1192
-2188
-2996
-3762
-4257
-4348
-4093
-3436
-2452
-1695
-942
-332
6
-132
-542
-1176
-1922
-2771
-3602
-4221
-4552
-4644
-4462
-4068
-3528
-3097
-2565
-2033
-1897
-2039
-2128
-2303
-2716
-3265
-3673
-3805
-3921
-3828
-3703
-3636
-3294
-2968
-2651
-2286
-2033
-2086
-2371
-2706
-3029
-3367
-3611
-3585
-3637
-3645
-3367
-2854
-2533
-2517
-2347
-2204
-2162
-2012
-1988
-2286
-2812
-3486
-4284
-5177
-6171
-7079
-7975
-8453
-8482
-8283
-7733
-7019
-6150
-5147
-4290
-3637
-3196
-3228
-3589
-4248
-4899
-5784
-6717
-7371
-7687
-7670
-7335
-6778
-5835
-4581
-3663
-2966
-2321
-1856
-1875
-2282
-2878
-3554
-4139
-4632
-4848
-4964
-4843
-4447
-3914
-3166
-2505
-1812
-1067
-641
-555
-570
-565
-798
-999
-998
-933
-916
-885
-800
-586
-242
219
768
1096
1278
1466
1544
1598
1441
1238
1061
927
836
755
761
891
944
887
865
611
309
25
-99
-373
-623
-775
-812
-729
-545
-650
-765
-689
-562
-390
-306
-335
-390
-869
-1617
-2162
-2514
-2362
-1412
-223
1140
2509
3611
4047
3992
3234
2075
724
-751
-2281
-3546
-4372
-4598
-4177
-3186
-1867
-373
821
1644
1895
1710
1250
213
-1110
-2680
-4113
-5140
-5614
-5593
-5217
-4541
-3312
-1945
-984
-299
203
236
-321
-1125
-2122
-3367
-4389
-5122
-5619
-5770
-5572
-4989
-4031
-2982
-2246
-1731
-1363
-1258
-1442
-2061
-2717
-3622
-4338
-5119
-5853
-5923
-5800
-5588
-5152
-4583
-4008
-3570
-3374
-3289
-3494
-3629
-3855
-4254
-4735
-5146
-5277
-5090
-4950
-4774
-4384
-4077
-3668
-3334
-3178
-3269
-3519
-3775
-4021
-4206
-4403
-4927
-5123
-5017
-4677
-4332
-4086
-3931
-3882
-3652
-3399
-3353
-3492
-3657
-3907
-4370
-5036
-5952
-6894
-7726
-8596
-9095
-9209
-9144
-8947
-8408
-7438
-6500
-5771
-4987
-4396
-4150
-4291
-4847
-5460
-6324
-7307
-8208
-8762
-8872
-8578
-7846
-6882
-5784
-4686
-3901
-3359
-2937
-2907
-3053
-3412
-3722
-4133
-4729
-5326
-5573
-5361
-4869
-4309
-3662
-2832
-2048
-1363
-889
-629
-473
-496
-628
-751
-777
-800
-811
-871
-602
-267
105
349
747
1233
1500
1611
1544
1474
1609
1613
1497
1534
1631
1409
1211
1323
1506
1672
1481
1182
1026
832
590
379
177
159
277
337
230
171
459
676
812
869
856
747
541
69
-680
-1583
-2534
-3035
-2962
-2355
-1189
-19
1068
1793
2106
1898
1428
722
-186
-1163
-2039
-2484
-2621
-2248
-1344
-230
898
1832
2354
2480
2214
1552
617
-355
-1350
-2396
-3240
-3601
-3357
-2623
-1671
-596
514
1256
2006
2605
2554
2006
1362
602
-432
-1455
-2247
-2628
-2446
-2081
-1382
-370
506
1334
2049
2310
2320
2006
1492
786
-43
-992
-1765
-2067
-1983
-1813
-1555
-1161
-497
116
655
1015
1151
991
524
74
-673
-1434
-1956
-2383
-2586
-2777
-2719
-2495
-2283
-2057
-1921
-1758
-1678
-1932
-2341
-2519
-2715
-2928
-3197
-3459
-3513
-3407
-3200
-3086
-3000
-3039
-2901
-2704
-2558
-2538
-2562
-2733
-3123
-3773
-4692
-5702
-6508
-7134
-7817
-8147
-8129
-7836
-7289
-6580
-5661
-4613
-3871
-3411
-3074
-2942
-3283
-4036
-4878
-5728
-6301
-6680
-6810
-6650
-6161
-5294
-4320
-3159
-2273
-1514
-891
-563
-448
-801
-1448
-2001
-2468
-2855
-3062
-2972
-2562
-2100
-1448
-713
-132
297
800
1177
1389
1509
1368
1104
769
488
520
647
774
1032
1258
1393
1717
2031
2164
2383
2539
2501
2532
2475
2385
2082
1829
1776
1747
1676
1690
1801
1613
1312
1151
930
752
601
388
145
43
135
249
327
332
257
219
335
436
474
507
533
283
164
273
797
1887
3348
4874
6310
7407
7754
7311
6368
5001
3090
787
-1473
-3257
-4583
-5167
-4968
-3874
-2048
133
2417
4435
5710
6002
5677
4631
3146
1262
-771
-2737
-4279
-5272
-5522
-4899
-3697
-2017
-551
638
1455
2001
2064
1627
715
-787
-2276
-3590
-4796
-5743
-6131
-5897
-5309
-4484
-3225
-2192
-1495
-920
-523
-403
-837
-1641
-2526
-3481
-4276
-4961
-5443
-5716
-5437
-4991
-4554
-4106
-3762
-3624
-3532
-3490
-3506
-3601
-3902
-4049
-3950
-3793
-3524
-3112
-2675
-2327
-2010
-1763
-1562
-1542
-1769
-1977
-2023
-2178
-2412
-2439
-2326
-2201
-2048
-1721
-1409
-1179
-970
-929
-776
-601
-413
-490
-829
-1337
-2032
-2939
-3958
-4921
-5760
-6360
-6706
-6635
-6343
-5987
-5376
-4253
-3088
-2167
-1840
-1815
-1792
-1919
-2553
-3523
-4630
-5595
-6262
-6537
-6762
-6477
-5727
-4831
-4074
-3191
-2262
-1746
-1513
-1746
-2200
-2634
-3322
-4070
-4582
-4777
-4800
-4880
-4683
-4097
-3347
-2563
-1781
-1019
-561
-391
-160
49
-123
-363
-515
-567
-523
-374
-310
-1
365
809
1382
1715
1964
2082
2186
2053
2129
2108
2001
1929
1838
1946
2081
2113
2149
2140
1983
1787
1666
1667
1573
1292
1003
932
931
941
1203
1459
1512
1387
1535
1627
1762
1700
1443
978
220
-417
-766
-908
-926
-423
627
1791
2772
3263
3278
2708
1753
544
-781
-1965
-3074
-3691
-3424
-2795
-1787
-305
1462
2886
3470
3715
3540
2939
1900
484
-1129
-2823
-4051
-4703
-4726
-4183
-3151
-1781
-505
778
1810
2413
2552
2155
1544
715
-269
-1368
-2349
-2767
-2805
-2455
-1813
-875
93
933
1638
2218
2428
2283
1748
1042
209
-550
-1076
-1497
-1759
-1699
-1438
-959
-344
138
466
683
843
832
675
414
161
-273
-600
-852
-1038
-1233
-1360
-1146
-766
-518
-416
-495
-652
-967
-1519
-1968
-2083
-2157
-2251
-2281
-2191
-2082
-1937
-1782
-1858
-1824
-1702
-1550
-1321
-1420
-1757
-2097
-2711
-3649
-4506
-5300
-6185
-6903
-7450
-7671
-7642
-7277
-6569
-5713
-4758
-3889
-3129
-2547
-2346
-2583
-3188
-3773
-4406
-5299
-6018
-6315
-6448
-6079
-5361
-4328
-3227
-2197
-1310
-706
-315
-141
-160
-605
-1315
-1931
-2432
-2463
-2467
-2391
-2045
-1494
-811
178
1026
1634
1958
2170
2454
2605
2574
2314
2291
2391
2260
2274
2324
2502
2747
2952
3152
3486
3763
4022
4158
4098
4041
3885
3680
3522
3412
3255
3230
3312
3173
2917
2757
2704
2747
2636
2476
2372
2204
2048
1783
1611
1628
1604
1729
1894
1917
1835
1942
1983
1708
1223
785
164
-286
-99
668
1898
3317
4769
5776
6308
6288
5685
4765
3580
2338
952
-455
-1373
-1695
-1434
-621
583
1915
3229
4165
4939
5286
4885
3917
2719
1340
-31
-1190
-1868
-2224
-2043
-1253
-211
1058
2116
2871
3201
3271
3006
2282
1391
261
-745
-1512
-1966
-2255
-2206
-1792
-902
14
665
1233
1773
1912
1835
1344
634
-71
-828
-1637
-2315
-2654
-2602
-2155
-1850
-1564
-1153
-819
-478
-382
-423
-521
-924
-1440
-1773
-2099
-2309
-2330
-2215
-2154
-1993
-1715
-1316
-928
-779
-846
-1019
-1308
-1615
-1738
-1852
-2012
-2043
-2061
-1995
-1786
-1611
-1293
-1017
-904
-749
-447
-472
-736
-1008
-1469
-2085
-2936
-4058
-4861
-5457
-5907
-6389
-6456
-6051
-5310
-4620
-4067
-3210
-2359
-1784
-1516
-1708
-2137
-2633
-3373
-4226
-4980
-5405
-5397
-5299
-4858
-4055
-3088
-2202
-1491
-891
-471
-359
-555
-896
-1391
-1973
-2493
-2907
-3078
-3012
-2766
-2332
-1869
-1278
-467
248
637
1054
1363
1337
1190
1080
1035
897
770
821
965
1064
1218
1440
1787
2351
2681
2766
2960
3164
3158
3010
2854
2712
2681
2694
2658
2668
2739
2702
2613
2636
2597
2422
2189
2096
2004
1874
1965
1967
1895
1908
1910
1937
2025
2032
1951
2101
2026
1811
1290
640
171
256
612
1572
3025
4583
5769
6369
6529
6172
5322
4172
2951
1591
202
-1064
-1750
-1617
-860
289
1549
2882
4069
4871
4942
4395
3406
2408
1225
-92
-1314
-2363
-2822
-2736
-2266
-1311
42
1285
2253
2860
2897
2631
2164
1370
475
-680
-1759
-2514
-2864
-2689
-2264
-1594
-706
148
841
1301
1591
1558
1308
771
2
-791
-1648
-2188
-2574
-2729
-2636
-2255
-1666
-1178
-672
-433
-272
-219
-284
-620
-1098
-1445
-1745
-1895
-2010
-1991
-1662
-1310
-1011
-730
-606
-451
-183
-37
-279
-613
-1110
-1597
-1788
-1692
-1514
-1559
-1594
-1307
-1000
-738
-661
-522
-391
-308
-420
-633
-1055
-1668
-2401
-3224
-4186
-5160
-5795
-6196
-6414
-6265
-5865
-5085
-4100
-3016
-2173
-1631
-1444
-1409
-1689
-2231
-2915
-3723
-4662
-5270
-5380
-5289
-4875
-4292
-3423
-2499
-1660
-991
-479
-196
-333
-611
-910
-1286
-1934
-2562
-2801
-2727
-2427
-2002
-1591
-874
-27
604
1181
1688
2067
2239
2158
2010
1811
1599
1617
1697
1810
1968
2232
2533
2788
3143
3525
3711
3944
4097
3883
3675
3526
3454
3459
3468
3386
3271
3311
3257
3112
3015
2994
2940
2787
2654
2566
2386
2254
2194
2137
2272
2356
2280
2301
2396
2373
2288
2267
2132
1835
1306
705
414
484
1221
2537
3955
5159
6180
6657
6417
5721
4802
3635
2227
888
-275
-936
-1197
-934
44
1493
2898
4076
4890
5220
5071
4354
3308
2027
535
-737
-1733
-2269
-2356
-1965
-1058
120
1286
2114
2859
3265
3186
2917
2412
1489
214
-1040
-1762
-2119
-2169
-1677
-1023
-260
545
1218
1693
2090
2108
1803
1462
888
15
-759
-1264
-1728
-2109
-2188
-1816
-1275
-694
-64
262
391
351
344
246
-178
-700
-1178
-1405
-1402
-1580
-1499
-1160
-949
-615
-205
85
280
341
97
-186
-390
-530
-970
-1318
-1375
-1313
-1062
-666
-326
-242
-170
-82
71
111
26
-122
-415
-917
-1544
-2403
-3428
-4378
-5089
-5512
-5807
-5804
-5367
-4710
-3737
-2734
-1880
-1199
-732
-522
-781
-1468
-2316
-2982
-3644
-4360
-4840
-4978
-4683
-3973
-3076
-2225
-1337
-459
181
524
511
352
108
-361
-1040
-1704
-2086
-2181
-2090
-1678
-1144
-384
467
1146
1565
1918
2118
2055
1706
1365
1030
927
1083
1119
1371
1832
2383
2735
2637
2347
2118
1724
1105
524
324
496
659
996
1716
2517
3287
3785
3805
3745
3260
2319
1416
664
-12
-202
140
797
1612
2666
4125
5330
6053
6400
6482
6169
5566
4780
3886
3191
2672
2204
2038
2487
3625
5262
6965
8567
9769
10280
10223
9517
8264
6706
4935
3102
1675
931
495
475
1175
2352
3633
4757
5741
6223
6079
5340
4290
3091
1764
598
-618
-1591
-1920
-1895
-1487
-711
245
1219
1953
2446
2646
2455
2107
1391
445
-729
-1899
-2777
-3306
-3426
-3012
-2445
-1767
-997
-287
310
659
682
528
159
-492
-1263
-1958
-2404
-2736
-2769
-2424
-1947
-1381
-693
127
652
865
988
1120
1066
790
414
143
149
232
303
472
881
1282
1586
1930
2222
2219
2132
2069
1854
1428
1018
739
635
680
826
1042
1133
1191
1171
1116
1086
1205
1250
1063
830
488
-43
-763
-1458
-2262
-3177
-4019
-4535
-4773
-4829
-4739
-4292
-3631
-2673
-1811
-1307
-912
-889
-1087
-1530
-2225
-2897
-3623
-4526
-5281
-5583
-5420
-4876
-4171
-3405
-2545
-1866
-1320
-778
-605
-805
-1264
-1923
-2523
-3238
-3824
-4095
-4024
-3903
-3606
-3022
-2484
-1856
-1156
-530
-18
198
195
94
-191
-791
-1380
-1808
-2020
-2248
-2113
-1575
-911
-77
694
1304
1641
1593
1355
952
283
-315
-816
-1268
-1550
-1540
-1140
-577
-24
432
747
1007
1031
654
19
-628
-1496
-2428
-3036
-3385
-3328
-3012
-2483
-1997
-1598
-1130
-843
-851
-1490
-2609
-3910
-5130
-5957
-6040
-5291
-3738
-2030
-494
758
1390
1328
468
-1006
-2476
-4097
-5784
-7360
-8442
-8697
-7990
-6630
-4907
-3072
-1438
-247
309
157
-522
-1675
-3260
-4967
-6292
-7058
-7270
-7130
-6468
-5255
-3927
-2542
-1336
-351
325
476
122
-781
-1925
-3070
-4092
-4827
-5126
-4835
-4143
-3423
-2266
-1172
-340
294
836
1151
870
249
-417
-1042
-1859
-2565
-2963
-3055
-2702
-2208
-1618
-935
-235
197
246
213
119
-153
-563
-936
-1438
-1732
-1927
-1898
-1581
-1253
-911
-533
-83
72
-73
-137
-218
-402
-706
-952
-1136
-1288
-1331
-1129
-952
-679
-282
113
396
400
557
741
840
705
438
-112
-935
-1819
-2686
-3275
-3688
-3874
-3903
-3808
-3165
-2359
-1432
-274
507
1013
1502
1712
1578
1154
617
-47
-648
-1064
-1130
-1097
-922
-175
765
1797
2739
3568
4088
4010
3733
3543
3315
2849
2237
1696
1184
982
1202
1660
2192
2724
3218
3663
3914
4077
4091
3943
3848
3499
3061
2861
2661
2654
2748
2685
2690
2882
3114
3346
3568
3613
3687
3739
3639
3425
3171
3019
2915
2787
2646
2709
2814
2810
2739
2742
2628
2488
2281
2006
1866
1693
1624
1555
1477
1523
1584
1716
1864
1970
1967
2116
2233
2165
1682
1002
386
189
585
1338
2511
4076
5457
6276
6721
6628
5993
5158
3997
2556
1194
170
-515
-686
-191
967
2448
3981
5029
5557
5906
5947
5630
4702
3359
1985
697
-307
-936
-814
-252
613
1695
2739
3685
4328
4765
4917
4644
3918
2943
1714
609
-112
-531
-565
-286
373
1211
2139
2864
3326
3597
3657
3563
3202
2494
1693
863
93
-251
-327
-246
70
592
1219
1564
1921
2281
2315
2130
1707
1453
1148
633
300
405
487
642
895
1146
1699
2145
2279
2353
2438
2233
1824
1465
1274
1140
1153
1289
1426
1611
1864
2002
2181
2339
2593
2841
3031
2986
2773
2400
2023
1308
560
-304
-1217
-1790
-2250
-2563
-2597
-2120
-1265
-460
321
1223
2004
2463
2328
1998
1719
1198
528
-374
-927
-1196
-1401
-1149
-594
158
953
1820
2573
3084
3375
3264
2847
2164
1420
698
64
-321
-687
-817
-486
-23
391
771
1187
1723
2004
2129
2176
1955
1617
1358
928
559
286
178
208
389
650
935
1336
1425
1573
1793
1784
1586
1510
1494
1186
947
705
713
765
784
787
648
562
411
261
116
-87
-293
-516
-757
-907
-819
-821
-763
-641
-520
-412
-392
-413
-284
-257
-531
-1269
-2026
-2477
-2566
-1958
-682
809
2333
3413
4070
4035
3586
2697
1402
-108
-1619
-2893
-3730
-4096
-3871
-3031
-1683
-277
1008
2009
2610
2761
2224
1332
124
-1345
-2696
-3998
-4814
-4969
-4699
-4021
-2767
-1494
-385
542
1208
1302
1023
419
-510
-1435
-2484
-3508
-4300
-4454
-4037
-3373
-2596
-1654
-655
88
447
772
903
613
-184
-956
-1774
-2586
-3140
-3261
-3225
-2904
-2519
-2114
-1601
-1023
-657
-501
-541
-778
-1104
-1525
-1838
-2000
-2065
-2069
-1950
-1675
-1284
-798
-475
-118
122
173
42
-222
-544
-1006
-1344
-1355
-999
-712
-650
-514
-246
60
178
272
355
480
632
807
708
272
-496
-1421
-2281
-3135
-3858
-4203
-4352
-4363
-4053
-3469
-2743
-1934
-937
-280
227
597
634
259
-398
-1220
-1915
-2517
-2923
-2891
-2623
-2176
-1462
-600
274
1202
1813
2319
2443
2129
1467
862
318
-287
-840
-1150
-1222
-1100
-626
-98
415
887
1294
1566
1764
1767
1495
1223
1012
821
534
339
322
368
429
557
840
1255
1662
1894
1907
1850
1845
1643
1395
1304
1210
1176
1166
1163
1126
1066
1064
1017
968
769
460
221
112
54
-79
-220
-207
-49
49
175
273
235
263
227
289
408
335
-1
-185
-113
256
1022
