-4946
-4639
-4327
-4008
-3911
-3780
-3897
-4048
-4263
-4492
-4715
-4861
-4704
-4535
-4335
-3935
-3612
-3572
-3571
-3366
-3085
-2869
-2786
-2797
-3130
-3630
-4109
-4791
-5719
-6755
-7550
-8076
-8346
-8350
-8057
-7344
-6376
-5437
-4515
-3856
-3310
-2978
-3030
-3422
-4052
-4877
-5712
-6509
-7033
-7200
-7056
-6332
-5400
-4558
-3567
-2636
-1973
-1495
-1332
-1701
-2321
-2849
-3558
-4214
-4862
-5210
-5124
-4988
-4669
-4155
-3619
-2982
-2409
-2184
-2230
-2654
-3340
-4179
-5067
-5630
-5552
-5034
-4501
-3507
-2032
-970
-903
-1540
-2551
-4031
-5730
-7659
-9517
-11064
-11865
-11790
-10747
-9157
-7493
-5983
-4829
-4345
-4606
-5363
-6606
-8498
-10589
-12088
-12923
-13104
-12261
-10363
-7917
-5332
-2967
-785
828
1553
1554
923
-311
-1866
-3483
-5117
-6471
-7047
-6371
-4403
-1914
799
3501
5559
6654
6660
5958
4536
2563
313
-1932
-4002
-5529
-6184
-5766
-4793
-3476
-1893
-333
803
1096
644
-493
-2079
-3904
-6059
-7955
-9422
-10306
-10339
-9335
-7927
-6468
-5019
-3937
-3146
-2940
-3296
-4027
-5328
-6913
-8635
-10140
-11276
-11882
-11786
-11163
-10023
-8783
-7429
-6129
-5145
-4603
-4754
-5221
-5938
-7015
-8313
-9707
-10756
-11192
-11235
-11050
-10659
-9615
-8432
-7050
-5766
-4883
-4176
-3747
-3503
-3425
-3519
-3674
-3758
-3891
-3743
-3339
-2820
-2269
-1782
-1346
-992
-805
-610
-529
-613
-904
-1307
-1425
-1590
-1825
-1795
-1668
-1663
-1752
-1900
-2070
-2129
-2422
-2707
-2709
-2849
-3115
-3501
-3974
-4689
-5379
-5878
-6448
-6743
-6900
-6761
-6395
-5906
-5416
-4830
-4041
-3527
-3088
-2955
-3256
-4014
-4901
-5826
-6736
-7511
-8185
-8488
-8403
-8399
-7933
-7000
-6075
-5451
-4905
-4405
-3998
-3939
-4138
-4468
-4883
-5362
-5805
-5835
-5341
-4642
-3957
-3194
-2293
-1433
-529
329
767
1059
1342
1619
1718
1536
1135
442
-472
-1396
-2544
-3611
-4388
-4391
-3474
-1782
150
1992
3567
4822
5508
5403
4460
3048
1171
-875
-2647
-3762
-3787
-3181
-1939
-39
1952
3787
5232
6031
6027
5442
4394
3077
1407
-118
-1106
-1623
-1468
-489
1224
3392
5211
6413
7046
6958
6643
6318
6128
6048
6142
6456
6642
6708
6584
6250
5798
5140
4273
3157
1971
847
31
-294
-89
520
1531
2611
3535
4267
4650
4680
4373
3593
2284
999
-165
-1290
-1978
-2356
-2181
-1566
-841
-10
950
1639
1880
1749
1264
722
-90
-1113
-2125
-3169
-3783
-4066
-4166
-4025
-3816
-3603
-3300
-3014
-3003
-3058
-3237
-3522
-3854
-4085
-4291
-4687
-4867
-4658
-4316
-3924
-3548
-3256
-3029
-2969
-2900
-3035
-3283
-3451
-3626
-3726
-3804
-3929
-3870
-3405
-2831
-2291
-1820
-1453
-1078
-782
-684
-740
-931
-1355
-1855
-2380
-2886
-3149
-3293
-3354
-3134
-2638
-2357
-2309
-1966
-1673
-1467
-1481
-1758
-2147
-2892
-3877
-5140
-6425
-7713
-8822
-9685
-10228
-10192
-9949
-9357
-8326
-7283
-6290
-5473
-4759
-4582
-4857
-5379
-6130
-7115
-8245
-9147
-9822
-10096
-9935
-9598
-8890
-8103
-7331
-6721
-6101
-5651
-5450
-5551
-5882
-6446
-7046
-7480
-7805
-8133
-8244
-8097
-7683
-7068
-6341
-5577
-4918
-4338
-3831
-3448
-3177
-2890
-2756
-2732
-2578
-2361
-2216
-1876
-1533
-1172
-860
-585
-361
-320
-380
-370
-485
-694
-874
-1026
-1124
-1129
-1250
-1320
-1412
-1332
-1292
-1363
-1327
-1440
-1612
-1746
-1843
-2090
-2415
-2664
-2698
-2628
-2635
-2657
-2467
-2338
-2120
-2064
-1844
-1801
-2170
-2860
-3603
-4102
-4093
-3674
-2796
-1641
-454
618
1142
1088
373
-810
-2331
-3931
-5209
-6489
-7491
-7875
-7742
-6905
-5493
-4027
-2741
-1770
-1300
-1288
-1630
-2527
-3757
-5169
-6530
-7803
-8702
-8941
-8326
-7250
-6020
-4907
-3757
-2950
-2470
-2306
-2450
-2883
-3930
-5233
-6428
-7263
-7935
-8463
-8275
-7555
-6435
-5449
-4648
-3958
-3428
-3087
-3120
-3477
-3886
-4566
-5277
-6012
-6500
-6674
-6774
-6729
-6227
-5570
-4989
-4714
-4588
-4414
-4469
-4739
-5071
-5373
-5834
-6335
-6507
-6632
-6593
-6447
-6206
-5642
-5179
-5000
-5159
-5422
-5558
-5828
-6144
-6334
-6457
-6515
-6436
-6403
-6306
-5928
-5596
-5390
-5170
-5069
-4886
-4714
-4783
-5047
-5411
-5788
-6441
-7332
-8237
-9188
-10112
-10536
-10616
-10640
-10415
-9751
-8953
-7886
-6918
-6260
-5692
-5312
-5177
-5711
-6592
-7621
-8328
-8858
-9369
-9584
-9292
-8728
-7776
-6744
-5752
-4646
-3796
-3294
-3059
-3084
-3495
-3916
-4437
-5034
-5664
-5917
-5760
-5349
-4683
-4070
-3532
-2892
-2241
-1500
-1080
-942
-959
-1098
-1127
-1117
-1109
-1105
-1045
-1009
-725
-408
-46
459
1020
1255
1178
1138
1232
1351
1327
1090
890
733
655
731
782
773
738
650
573
429
183
-110
-394
-465
-687
-871
-836
-718
-637
-538
-211
15
241
294
265
167
-101
-665
-1259
-1727
-1897
-1529
-471
1019
2490
3839
4706
4903
4498
3642
2455
1027
-433
-1880
-2924
-3321
-3114
-2550
-1559
-160
1421
2476
2953
3152
2943
2230
945
-474
-1657
-2648
-3517
-3915
-3627
-2856
-1903
-873
61
690
1261
1705
1697
1076
246
-746
-1893
-3024
-3878
-4285
-4359
-4001
-3153
-2156
-1317
-622
-70
206
182
-207
-716
-1313
-2133
-3111
-3881
-4294
-4309
-4044
-3621
-3168
-2642
-2027
-1744
-1632
-1521
-1635
-1961
-2435
-2804
-3103
-3303
-3432
-3312
-3044
-2964
-2830
-2324
-1883
-1727
-1642
-1704
-2088
-2473
-2838
-2975
-2987
-2893
-2871
-2969
-3003
-2676
-2344
-2184
-1994
-1832
-1626
-1671
-1690
-1784
-2102
-2794
-3765
-4812
-5757
-6542
-7085
-7440
-7596
-7278
-6884
-6348
-5555
-4504
-3446
-2766
-2613
-2617
-3136
-3919
-4596
-5393
-6251
-6906
-7368
-7462
-7015
-6209
-5312
-4215
-3219
-2452
-2084
-1858
-1877
-2155
-2529
-2894
-3306
-3767
-4217
-4466
-4353
-3869
-3173
-2570
-2040
-1366
-597
-209
-13
-51
-60
-169
-382
-526
-413
-339
-355
-157
318
562
965
1513
1844
1997
2017
2017
1999
2124
2123
1975
1888
1643
1592
1631
1523
1499
1471
1590
1575
1349
1088
855
648
510
438
342
289
423
495
637
716
698
711
660
462
120
-255
-535
-986
-1280
-1142
-482
734
2135
3419
4359
4808
4658
3810
2672
1405
-59
-1466
-2661
-3421
-3573
-3165
-2238
-919
546
1700
2405
2697
2458
1779
740
-625
-1983
-3429
-4443
-4905
-4914
-4328
-3447
-2349
-1371
-410
378
815
873
277
-723
-1635
-2651
-3830
-4698
-5189
-5309
-4930
-4141
-3183
-2428
-1789
-1219
-871
-856
-1141
-1503
-2197
-3121
-3932
-4770
-5256
-5384
-5202
-4768
-4355
-3911
-3448
-3011
-2785
-2723
-2822
-3102
-3553
-3973
-4344
-4690
-4894
-4808
-4715
-4494
-4187
-3842
-3481
-3277
-3272
-3521
-3608
-3728
-3912
-4144
-4463
-4601
-4725
-4885
-4738
-4308
-3888
-3653
-3681
-3513
-3470
-3521
-3544
-3787
-4120
-4645
-5340
-6232
-7159
-8101
-8695
-9126
-9629
-9609
-9135
-8411
-7555
-6571
-5467
-4623
-4147
-4190
-4624
-5152
-5987
-6877
-7769
-8426
-8740
-8770
-8470
-7908
-7161
-6157
-5049
-4221
-3603
-3127
-2952
-3054
-3578
-4280
-4867
-5311
-5691
-5958
-5659
-5149
-4366
-3717
-3170
-2643
-2106
-1663
-1310
-1007
-1030
-1133
-1100
-1045
-1245
-1450
-1448
-1177
-918
-488
-107
136
392
628
739
909
1042
953
879
872
955
845
787
787
912
954
690
498
478
538
279
-14
-143
-236
-355
-585
-656
-508
-338
-111
32
76
-23
52
-35
-275
-585
-1281
-2380
-3464
-4018
-3909
-3162
-2098
-861
371
1143
1308
1021
495
-120
-1011
-1932
-2600
-3023
-2971
-2704
-2103
-1107
-12
809
1321
1696
1452
711
-132
-1011
-2156
-3394
-4228
-4335
-3917
-3349
-2487
-1359
-311
699
1467
1713
1640
1263
782
-87
-1057
-2026
-2787
-3155
-2967
-2429
-1771
-877
-91
642
1416
1862
1835
1421
723
35
-633
-1294
-1910
-2340
-2573
-2491
-2179
-1692
-1080
-506
38
333
200
-19
-250
-607
-1180
-1834
-2335
-2837
-3141
-3161
-3152
-3143
-3051
-2824
-2452
-2317
-2488
-2737
-2845
-2975
-3236
-3456
-3743
-3913
-3720
-3490
-3541
-3555
-3301
-3350
-3357
-3161
-3044
-2975
-3000
-3304
-3780
-4394
-5304
-6239
-7158
-7938
-8517
-8758
-8720
-8382
-7830
-7097
-6198
-5233
-4326
-3720
-3441
-3491
-3902
-4506
-5214
-5972
-6634
-7072
-7213
-6917
-6250
-5235
-4131
-3236
-2458
-1769
-1219
-876
-791
-981
-1355
-1970
-2562
-2844
-2936
-2861
-2418
-1898
-1365
-682
128
899
1502
1872
1799
1611
1600
1395
1138
1099
1132
1234
1371
1581
1824
2060
2361
2591
2801
2959
2933
2857
2727
2576
2496
2409
2349
2261
2161
2148
2161
2175
2094
1950
1821
1751
1598
1450
1209
912
723
577
649
646
704
946
917
892
832
1030
1163
1107
933
690
968
1507
2577
4052
5696
7052
7865
8156
7842
6712
4995
2981
970
-1068
-2986
-4311
-4721
-4237
-2931
-1121
1239
3425
5050
6227
6596
6047
5080
3585
1716
-250
-2135
-3521
-4337
-4301
-3754
-2781
-1362
66
1264
1984
2430
2364
1791
791
-547
-2129
-3534
-4636
-5351
-5409
-5052
-4428
-3577
-2674
-1761
-799
-190
77
-109
-748
-1406
-2254
-3124
-3836
-4452
-4898
-4996
-4758
-4371
-3975
-3761
-3546
-3449
-3307
-3148
-3134
-3441
-3838
-3960
-3843
-3615
-3327
-2916
-2751
-2449
-2006
-1741
-1496
-1292
-1443
-1688
-1968
-2126
-2374
-2658
-2724
-2512
-2221
-1747
-1262
-934
-769
-722
-502
-429
-536
-675
-933
-1497
-2021
-2838
-4020
-5040
-5767
-6353
-6622
-6684
-6223
-5571
-4955
-4176
-3274
-2497
-1923
-1663
-1554
-2032
-2744
-3660
-4671
-5600
-6372
-6924
-7106
-6664
-5961
-5138
-4304
-3421
-2518
-1976
-1828
-1956
-2222
-2748
-3622
-4339
-4907
-5300
-5530
-5372
-4857
-4156
-3423
-2778
-2089
-1628
-1317
-995
-868
-913
-965
-1034
-1094
-1146
-1281
-1418
-1207
-698
-223
189
618
982
1206
1444
1608
1707
1748
1671
1598
1567
1584
1457
1373
1368
1681
1679
1561
1419
1344
1336
1208
907
751
741
629
507
647
882
831
865
1091
1195
1140
1213
997
356
-304
-843
-1335
-1654
-1358
-633
247
1262
2178
2729
2623
1980
1094
-142
-1388
-2595
-3521
-4025
-4043
-3387
-2013
-479
932
2063
2821
3084
2919
2031
809
-592
-2184
-3517
-4619
-5301
-5327
-4737
-3715
-2337
-1024
170
1054
1638
1895
1658
890
-65
-1135
-2277
-3088
-3510
-3356
-2950
-2329
-1467
-540
355
1078
1579
1736
1419
1087
484
-291
-905
-1580
-2071
-2396
-2367
-1930
-1451
-875
-238
194
468
478
428
415
287
-36
-455
-976
-1489
-1554
-1463
-1401
-1295
-1163
-905
-1005
-1267
-1314
-1347
-1711
-2029
-2294
-2560
-2822
-2945
-2783
-2657
-2455
-2220
-2015
-1911
-1993
-1911
-1889
-1987
-2100
-2315
-2793
-3578
-4512
-5422
-6392
-7285
-7878
-8028
-7925
-7442
-6747
-5944
-4953
-4045
-3214
-2762
-2669
-2859
-3400
-4120
-5142
-6022
-6595
-6900
-6836
-6564
-5840
-4818
-3638
-2604
-1725
-905
-391
-217
-417
-852
-1186
-1599
-2131
-2397
-2290
-2075
-1764
-1286
-664
208
981
1575
2140
2494
2602
2551
2417
2284
2165
2094
2109
2176
2196
2415
2753
3021
3465
3792
4063
4197
4194
4202
4089
3981
3747
3580
3539
3525
3461
3433
3453
3376
3234
3101
3004
2842
2645
2423
2245
2140
1966
1873
1888
2011
2084
2023
2182
2261
2163
2156
2098
1724
1054
253
-33
241
866
1905
3328
4749
5740
6316
6294
5912
4921
3605
2330
1130
65
-893
-1435
-1203
-223
1150
2613
3940
4879
5399
5255
4592
3877
2941
1734
445
-826
-1565
-1698
-1242
-291
779
1723
2696
3391
3899
3841
3594
2892
1875
777
-203
-951
-1435
-1674
-1379
-922
-308
462
1330
2058
2406
2495
2373
2138
1423
495
-213
-844
-1470
-1943
-1896
-1564
-1247
-826
-362
144
413
283
142
34
-286
-728
-1325
-1665
-1855
-2021
-1891
-1741
-1521
-1196
-846
-441
-297
-224
-289
-592
-940
-1257
-1493
-1720
-1761
-1651
-1487
-1198
-986
-720
-464
-332
-94
-128
-147
-171
-467
-952
-1563
-2426
-3292
-4022
-4628
-5177
-5647
-5863
-5596
-5008
-4190
-3267
-2463
-1715
-1282
-1122
-1083
-1324
-1880
-2710
-3612
-4264
-4495
-4795
-4912
-4454
-3633
-2759
-2009
-1176
-411
102
298
177
-214
-774
-1404
-1846
-2212
-2380
-2263
-2105
-1678
-942
-376
126
677
1170
1577
2021
2103
1827
1541
1429
1321
1238
1265
1561
1887
2229
2531
2752
3037
3299
3344
3354
3451
3514
3425
3487
3488
3500
3480
3405
3337
3159
3239
3473
3539
3267
2886
2865
2670
2268
1936
1994
2130
2128
2195
2317
2490
2602
2711
2702
2748
2652
2234
1707
1157
758
771
1074
1852
3294
4752
5945
6706
6877
6471
5589
4473
3097
1594
321
-635
-1036
-958
-528
558
2068
3532
4564
5057
5070
4519
3895
2960
1655
306
-1041
-2067
-2554
-2414
-1792
-762
409
1458
2388
2904
2993
2741
2282
1618
582
-545
-1446
-2168
-2446
-2369
-1979
-1359
-423
535
1220
1570
1750
1772
1464
985
162
-694
-1357
-1935
-2186
-2123
-1969
-1604
-1131
-662
-229
65
240
267
80
-281
-741
-1136
-1305
-1407
-1562
-1638
-1571
-1239
-836
-480
-199
-84
13
-108
-411
-671
-804
-942
-1233
-1354
-1254
-1037
-793
-635
-415
-218
-231
-254
-181
-128
-257
-516
-905
-1407
-2218
-3227
-4178
-4838
-5538
-5978
-6099
-5634
-4932
-4440
-3819
-2966
-2232
-1495
-1086
-1211
-1469
-2109
-3005
-3917
-4637
-5030
-5378
-5436
-4987
-4269
-3306
-2333
-1429
-702
-321
-132
-101
-207
-485
-1042
-1610
-2019
-2267
-2196
-1960
-1644
-1021
-362
372
1087
1614
2054
2321
2351
2378
2382
2184
1901
1798
1887
2124
2367
2718
3089
3403
3693
3958
4106
4209
4266
4296
4141
3993
3882
3839
3826
3866
3713
3458
3556
3877
3941
3732
3458
3291
3143
2922
2773
2693
2668
2673
2698
2746
2900
2981
2936
3054
3133
3110
2836
2341
1641
1017
899
1218
1957
3099
4325
5576
6631
7031
7005
6437
5356
4031
2480
1080
-33
-679
-772
-177
838
2038
3402
4535
5082
5242
5274
4785
3791
2446
925
-220
-1122
-1836
-1797
-1290
-430
617
1652
2569
3371
3735
3541
2955
2346
1380
325
-641
-1364
-1674
-1726
-1372
-699
118
1046
1767
2173
2491
2485
2230
1761
1160
392
-410
-1159
-1454
-1271
-1029
-891
-698
-141
448
772
1011
1050
905
505
111
-299
-689
-856
-896
-919
-694
-375
-63
23
237
467
483
357
121
20
-228
-540
-727
-762
-698
-749
-836
-576
-210
3
270
443
499
566
499
493
153
-581
-1460
-2256
-3048
-3789
-4459
-5017
-5276
-5274
-4981
-4359
-3417
-2395
-1458
-803
-491
-347
-517
-1066
-1759
-2657
-3576
-4099
-4477
-4523
-4366
-3795
-2660
-1666
-989
-307
308
703
807
669
482
177
-431
-1064
-1404
-1515
-1491
-1171
-726
-76
722
1504
2010
2321
2444
2335
2124
1888
1588
1374
1433
1707
2066
2384
2816
3191
3145
2873
2645
2160
1569
1023
724
682
804
1182
1899
3024
3909
4573
4633
4282
3756
2979
2142
1265
484
250
432
899
1908
3258
4652
5651
6391
6880
7039
6730
5960
5085
4236
3618
3132
2592
2387
2920
4153
5676
7345
8901
10010
10699
10555
9753
8513
6772
5024
3479
2166
1227
803
905
1700
2880
4083
5317
6302
6614
6447
5685
4749
3572
2160
834
-261
-1095
-1436
-1419
-900
-28
969
1870
2597
3188
3379
2983
2263
1379
413
-402
-1437
-2332
-2813
-2910
-2617
-2097
-1319
-426
405
880
1054
1072
813
333
-212
-846
-1458
-1796
-1972
-2084
-1891
-1415
-857
-177
561
1081
1339
1492
1538
1452
1134
751
503
517
566
710
973
1364
1810
2166
2293
2386
2367
2264
2228
2109
1822
1446
1171
981
947
1105
1322
1504
1734
1931
2069
1866
1757
1810
1808
1588
1256
782
151
-588
-1549
-2406
-3031
-3668
-4097
-4209
-4026
-3593
-2905
-2151
-1260
-465
36
77
-239
-839
-1641
-2311
-3116
-3998
-4703
-4912
-4801
-4464
-3852
-2929
-2058
-1296
-621
-335
-286
-474
-939
-1624
-2166
-2591
-3007
-3367
-3626
-3340
-2829
-2374
-1719
-1088
-441
62
344
574
628
519
232
-274
-982
-1588
-1764
-1684
-1428
-939
-306
410
939
1498
2072
2269
1991
1338
663
115
-420
-837
-1029
-788
-352
119
534
969
1383
1543
1370
902
340
-178
-925
-1771
-2351
-2529
-2452
-2136
-1871
-1512
-1025
-671
-605
-780
-1156
-2123
-3441
-4692
-5364
-5371
-4669
-3078
-1324
333
1613
2083
1801
873
-413
-1960
-3697
-5364
-6763
-7714
-7973
-7292
-5769
-3967
-2159
-710
186
526
385
-134
-1045
-2462
-4048
-5442
-6485
-6910
-6669
-5776
-4574
-3199
-1787
-521
303
772
829
416
-495
-1594
-2492
-3253
-3971
-4242
-4195
-3697
-2777
-1771
-583
383
1017
1384
1368
1104
720
128
-645
-1215
-1721
-2171
-2349
-2024
-1419
-737
-61
428
729
907
855
707
355
60
-228
-474
-763
-1038
-1100
-861
-555
-325
-26
310
563
720
860
738
286
-26
-294
-571
-610
-533
-387
-98
217
488
726
898
1118
1319
1395
1282
1185
1012
432
-377
-1178
-1824
-2380
-2951
-3320
-3305
-3166
-2612
-1844
-907
93
961
1755
2203
2346
1943
1463
997
429
-112
-707
-859
-697
-83
738
1557
2462
3324
4034
4418
4504
4591
4479
4002
3440
2816
2274
2006
1737
1750
2103
2614
3367
3892
4178
4443
4613
4643
4701
4616
4325
3824
3448
3385
3283
3088
3173
3314
3439
3667
3999
4233
4246
4096
3995
3925
3750
3463
3291
3254
3243
3282
3206
3138
3294
3425
3268
3084
2919
2730
2654
2527
2378
2255
2181
2063
2002
2148
2237
2144
2132
2265
2378
2439
2298
1941
1351
740
611
872
1694
2959
4313
5566
6622
7125
6828
6142
5348
4295
2812
1546
630
19
-1
348
1160
2613
4195
5341
5970
6251
6185
5631
4703
3566
2273
1054
123
-394
-345
216
984
1972
3067
3941
4760
5087
4926
4499
3821
2863
1950
1096
453
22
-102
156
724
1527
2348
2906
3441
3803
3991
3708
3173
2557
1802
1224
731
183
-123
108
531
1104
1535
1844
2244
2481
2536
2258
1781
1400
1099
809
744
610
651
889
1161
1458
1809
2224
2523
2634
2551
2327
2086
2049
1962
1718
1447
1384
1659
1935
2133
2354
2579
2755
2802
2917
3091
3100
2865
2686
2469
1640
746
-43
-748
-1376
-1794
-2034
-1960
-1573
-1030
-251
637
1528
2033
2286
2419
2401
2075
1212
428
-371
-1003
-1287
-1399
-1150
-391
425
1251
2098
2624
2998
3239
3279
2872
2265
1806
1193
530
-42
-401
-351
-107
280
772
1289
1634
1755
1861
2073
2139
2047
1757
1373
981
576
407
496
671
747
830
1074
1328
1634
1807
1791
1690
1547
1283
1007
896
815
695
743
767
736
938
948
803
763
587
272
153
-100
-357
-492
-618
-708
-573
-518
-360
-219
-229
-245
-266
-238
-470
-825
-1382
-2153
-2644
-2488
-1774
-557
918
2264
3485
4179
4091
3656
2699
1548
91
-1579
-2797
-3568
-3855
-3634
-2795
-1540
-164
1227
2220
2710
2716
2185
1298
115
-1350
-2695
-3756
-4405
-4630
-4367
-3531
-2616
-1564
-343
705
1364
1511
1189
569
-247
-1330
-2441
-3325
-3994
-4193
-3955
-3320
-2560
-1660
-786
-163
379
714
614
68
-587
-1100
-1697
-2445
-2983
-3148
-3143
-2999
-2697
-2235
-1624
-1115
-697
-488
-552
-741
-772
-1088
-1527
-1980
-2062
-2006
-1863
-1518
-1037
-708
-516
-343
-76
71
-71
-248
-488
-701
-832
-854
-849
-795
-804
-550
-232
67
407
542
601
680
730
660
525
163
-488
-1329
-2143
-2896
-3615
-4215
-4475
-4371
-3983
-3459
-2759
-1763
-916
-251
321
630
719
420
-199
-915
-1727
-2473
-2868
-3009
-2860
-2326
-1472
-626
129
1057
1944
2313
2277
1987
1366
781
178
-458
-936
-1183
-1220
-994
-598
106
598
957
1315
1571
1707
1741
1650
1621
1288
1043
823
527
424
518
725
1057
1338
1501
1746
1952
1933
1866
1869
1771
1702
1483
1298
1211
1182
1074
1032
1213
1396
1370
1296
1175
1146
863
402
82
81
211
229
156
214
310
360
513
613
579
450
435
391
160
-120
-162
296
1098
