-4865
-4501
-4190
-3828
-3636
-3564
-3654
-3893
-4087
-4212
-4357
-4453
-4471
-4457
-4298
-4180
-4014
-3664
-3338
-3162
-3032
-2689
-2634
-2819
-3064
-3430
-3941
-4734
-5751
-6689
-7406
-7839
-8115
-8199
-8006
-7324
-6585
-5754
-4871
-3983
-3247
-2984
-3154
-3548
-4198
-5014
-5726
-6499
-6888
-6974
-6701
-6115
-5240
-4459
-3715
-2916
-2175
-1566
-1378
-1567
-2086
-2906
-3604
-4129
-4730
-5065
-5055
-4786
-4408
-3832
-3236
-2828
-2582
-2404
-2476
-2736
-3206
-4020
-5003
-5461
-5432
-5010
-4355
-3258
-1805
-678
-464
-1124
-2294
-3774
-5613
-7647
-9459
-10906
-11571
-11349
-10294
-8730
-7162
-5729
-4731
-4280
-4589
-5561
-6848
-8456
-10382
-11903
-12902
-12923
-12026
-10245
-7838
-5121
-2465
-395
879
1423
1380
898
-126
-1642
-3344
-4881
-5979
-6613
-6249
-4437
-1790
1068
3757
5744
6740
6786
6000
4563
2405
106
-2183
-4110
-5438
-6008
-5679
-4696
-3167
-1412
77
1024
1240
632
-445
-2027
-4131
-6279
-8227
-9648
-10253
-9872
-9055
-7824
-6243
-4662
-3501
-2942
-2899
-3213
-4017
-5497
-7325
-8939
-10178
-11200
-11905
-11945
-11082
-9907
-8620
-7129
-5866
-5121
-4628
-4551
-4800
-5601
-6780
-8121
-9474
-10535
-11079
-11152
-10869
-10281
-9112
-7866
-6641
-5449
-4548
-3999
-3504
-3334
-3311
-3553
-3682
-3736
-3837
-3566
-3219
-2712
-2142
-1636
-1238
-769
-464
-375
-363
-588
-916
-1184
-1362
-1573
-1659
-1758
-1852
-1822
-1684
-1544
-1661
-1863
-2042
-2336
-2585
-2797
-3038
-3368
-3783
-4438
-5166
-5767
-6217
-6490
-6575
-6544
-6307
-5979
-5539
-4915
-4153
-3546
-3217
-3164
-3306
-3780
-4373
-5228
-6236
-7114
-7873
-8384
-8505
-8205
-7580
-6697
-5858
-5055
-4314
-3954
-3923
-3857
-4052
-4511
-4974
-5109
-5185
-5205
-5159
-4838
-4057
-3041
-2046
-1044
-174
453
968
1542
1920
2181
2097
1872
1555
897
66
-887
-2031
-3134
-3952
-3982
-3095
-1396
558
2396
3822
4703
5309
5447
4618
3013
1096
-763
-2182
-3274
-3804
-3334
-1897
92
2175
3822
5182
6063
6262
5783
4664
3243
1690
24
-1199
-1801
-1455
-241
1466
3408
5228
6485
7028
7030
6833
6485
6187
6135
6174
6283
6503
6690
6770
6573
6155
5227
4142
3107
1934
1059
294
-25
215
707
1685
2719
3677
4536
4982
4874
4213
3377
2443
1306
12
-1047
-1857
-2144
-2062
-1567
-798
-46
692
1210
1576
1678
1204
376
-567
-1344
-2132
-3027
-3690
-4023
-4130
-4104
-3841
-3497
-3270
-3252
-3242
-3338
-3468
-3626
-3770
-3991
-4308
-4612
-4726
-4551
-4349
-4217
-3838
-3355
-3087
-3171
-3291
-3377
-3573
-3661
-3900
-4121
-4096
-4138
-3989
-3690
-3216
-2487
-1823
-1308
-1008
-842
-792
-1180
-1474
-1799
-2166
-2487
-2744
-3017
-3124
-3086
-3053
-3025
-2975
-2752
-2435
-2151
-1922
-1776
-1784
-2250
-3043
-3991
-5332
-6732
-7935
-8927
-9820
-10461
-10660
-10284
-9579
-8774
-7760
-6756
-5881
-5084
-4883
-5032
-5415
-6260
-7327
-8309
-9154
-9891
-10183
-10095
-9761
-9234
-8564
-7609
-6692
-6014
-5429
-5204
-5526
-6266
-6913
-7415
-7835
-8094
-8322
-8347
-7918
-7507
-7105
-6548
-5703
-4921
-4422
-3906
-3507
-3277
-3223
-3122
-3044
-2719
-2239
-1985
-1891
-1691
-1249
-660
-365
-301
-267
-211
-329
-574
-750
-952
-1101
-1143
-1076
-1161
-1261
-1247
-1267
-1344
-1437
-1451
-1669
-1906
-1954
-2082
-2350
-2687
-2918
-2950
-2873
-2732
-2619
-2516
-2438
-2266
-2262
-2204
-2199
-2481
-3179
-3827
-4144
-4286
-3965
-3045
-1628
-323
548
1066
888
139
-987
-2548
-4120
-5567
-6826
-7656
-7858
-7463
-6566
-5441
-4128
-2893
-1934
-1400
-1391
-1911
-2960
-4293
-5759
-7356
-8511
-9067
-9236
-8770
-7776
-6559
-5334
-4071
-2973
-2287
-2084
-2422
-3155
-4138
-5336
-6555
-7576
-8134
-8399
-8220
-7548
-6638
-5692
-4798
-4065
-3353
-2886
-2801
-3199
-3979
-4747
-5529
-6170
-6641
-6799
-6815
-6720
-6283
-5708
-5163
-4734
-4466
-4414
-4649
-4999
-5258
-5345
-5569
-5941
-6248
-6396
-6350
-6324
-6306
-5945
-5450
-5179
-5334
-5465
-5566
-5949
-6206
-6523
-6927
-7066
-6921
-6694
-6529
-6342
-5926
-5564
-5300
-5140
-5057
-4966
-4917
-5118
-5401
-5878
-6417
-7116
-8176
-9273
-10186
-10664
-10927
-10859
-10258
-9575
-8884
-8070
-7079
-6207
-5575
-5303
-5332
-5727
-6316
-7064
-7982
-8811
-9468
-9553
-9228
-8610
-7808
-6871
-5843
-4876
-4038
-3541
-3335
-3405
-3710
-4153
-4806
-5401
-5589
-5716
-5788
-5549
-5020
-4322
-3673
-2982
-2357
-1675
-1210
-889
-712
-798
-912
-1040
-1280
-1296
-1176
-943
-650
-281
41
282
661
1201
1665
1745
1644
1563
1486
1449
1431
1276
1142
990
960
1052
965
839
706
525
524
352
165
26
-110
-354
-346
-185
-168
-106
277
520
624
570
584
620
375
-175
-759
-1247
-1315
-972
-82
1449
3108
4297
5123
5218
4704
3904
2834
1630
285
-1130
-2196
-2780
-2816
-2209
-1118
276
1484
2532
3284
3523
3163
2244
1155
-11
-1224
-2538
-3365
-3594
-3379
-2903
-2093
-866
348
1352
1848
2032
1884
1329
528
-644
-1922
-2917
-3654
-3890
-3805
-3436
-2628
-1602
-650
75
427
440
199
-132
-766
-1741
-2570
-3077
-3540
-4023
-4212
-4048
-3529
-2828
-2264
-1736
-1399
-1245
-1246
-1426
-1842
-2409
-2849
-3063
-3131
-3265
-3338
-3176
-2946
-2613
-2282
-2074
-1899
-1848
-1971
-2201
-2467
-2581
-2524
-2662
-2854
-2969
-2963
-2885
-2525
-2221
-2033
-1895
-1777
-1672
-1758
-1920
-2070
-2467
-2985
-3713
-4625
-5663
-6504
-7111
-7496
-7496
-7409
-7178
-6402
-5491
-4686
-4028
-3405
-2939
-2768
-3134
-3872
-4781
-5653
-6544
-7152
-7229
-7235
-7006
-6286
-5276
-4376
-3530
-2803
-2377
-1982
-1891
-2217
-2516
-3051
-3709
-4242
-4550
-4516
-4403
-4122
-3647
-3024
-2245
-1594
-1065
-696
-451
-458
-633
-706
-795
-992
-1144
-853
-760
-648
-337
-39
361
692
982
1328
1566
1656
1520
1549
1517
1313
1175
981
981
1115
1237
1279
1194
1077
945
846
617
365
137
11
-37
-366
-543
-369
-231
-180
-223
-160
-20
17
-60
-221
-668
-1269
-2008
-2255
-1949
-1127
-59
1365
2761
3694
4157
3835
3181
2194
978
-439
-2069
-3412
-4183
-4264
-3910
-2868
-1475
19
1066
1574
1742
1573
974
51
-1196
-2640
-4081
-5191
-5693
-5591
-5044
-4141
-2898
-1624
-664
-25
250
111
-305
-990
-2004
-3118
-4118
-5116
-5782
-5794
-5244
-4470
-3708
-2851
-2101
-1584
-1295
-1168
-1391
-1959
-2777
-3744
-4560
-4956
-5496
-5932
-5939
-5473
-4763
-4119
-3706
-3431
-3241
-3187
-3223
-3472
-3771
-4259
-4846
-5017
-5144
-5302
-5075
-4820
-4526
-4208
-3779
-3495
-3439
-3488
-3791
-4048
-4378
-4662
-4944
-5080
-4990
-4749
-4534
-4445
-4405
-4214
-3777
-3657
-3652
-3604
-3649
-3622
-3870
-4413
-5137
-6094
-7121
-8261
-9013
-9455
-9539
-9420
-9035
-8416
-7550
-6563
-5649
-4995
-4567
-4479
-4767
-5349
-6037
-6752
-7579
-8257
-8632
-8740
-8385
-7815
-6904
-5789
-4732
-3968
-3392
-2903
-2807
-2935
-3273
-3791
-4337
-4873
-5330
-5375
-5328
-4934
-4386
-3752
-3011
-2234
-1484
-1039
-824
-595
-512
-604
-770
-941
-1058
-939
-797
-721
-491
-69
480
1157
1486
1497
1603
1602
1596
1561
1447
1487
1538
1561
1592
1495
1478
1620
1714
1682
1583
1400
1204
1052
784
616
561
400
433
481
604
678
696
769
772
911
993
816
359
-268
-1165
-2072
-2619
-2590
-2031
-1082
317
1525
2251
2435
2128
1634
666
-274
-1053
-1750
-2152
-2146
-1860
-1047
-72
1008
2101
2678
2784
2536
1876
871
-206
-1281
-2181
-2922
-3392
-3290
-2578
-1592
-497
598
1590
2303
2556
2565
2283
1726
869
-192
-1133
-1778
-2099
-2160
-1779
-950
68
1024
1668
2015
2207
2188
2062
1620
818
5
-633
-1179
-1581
-1584
-1350
-833
-442
-98
290
641
974
1017
939
649
67
-651
-1194
-1604
-1996
-2266
-2388
-2358
-2233
-2140
-1958
-1771
-1779
-1808
-1690
-1907
-2302
-2666
-2738
-2747
-2758
-2938
-3072
-3011
-3065
-2973
-2738
-2414
-2260
-2313
-2430
-2610
-2814
-3116
-3570
-4296
-5330
-6294
-7046
-7704
-8085
-8288
-8000
-7127
-6149
-5393
-4722
-4016
-3361
-2954
-2970
-3308
-4017
-4991
-5806
-6335
-6623
-6813
-6621
-6082
-5172
-4337
-3280
-2323
-1572
-1081
-956
-1057
-1294
-1763
-2142
-2682
-2901
-2828
-2726
-2485
-2160
-1600
-825
-37
622
992
1193
1232
1247
1187
1037
828
608
624
777
929
1085
1347
1617
1854
2237
2549
2685
2800
2910
2623
2400
2134
1984
1977
1972
1885
1725
1754
1757
1797
1736
1568
1303
931
840
754
647
411
245
323
269
218
439
582
604
751
877
878
781
586
403
538
1082
2093
3537
5102
6566
7493
7771
7410
6423
4807
2749
429
-1570
-3193
-4341
-4846
-4443
-3099
-1408
508
2599
4318
5491
5816
5409
4387
2801
926
-914
-2500
-3999
-4841
-4875
-4195
-3048
-1660
-241
844
1658
2057
1845
1200
264
-1147
-2674
-3906
-4895
-5553
-5827
-5492
-4691
-3657
-2590
-1644
-968
-546
-413
-557
-1026
-1844
-2760
-3494
-4085
-4661
-5096
-5292
-5214
-4847
-4506
-4007
-3589
-3346
-3355
-3630
-3821
-3868
-3935
-4043
-4097
-4056
-3860
-3582
-3147
-2685
-2128
-1663
-1494
-1560
-1859
-2165
-2411
-2624
-2760
-2736
-2635
-2477
-2336
-1963
-1348
-1042
-927
-767
-767
-519
-327
-423
-848
-1309
-1901
-2789
-3739
-4715
-5382
-5960
-6438
-6542
-6292
-5796
-4975
-4095
-3252
-2347
-1627
-1316
-1295
-1851
-2630
-3527
-4568
-5528
-6169
-6409
-6424
-6143
-5574
-4810
-3805
-2878
-2192
-1733
-1512
-1658
-2092
-2683
-3217
-3964
-4303
-4377
-4549
-4621
-4252
-3650
-3165
-2514
-1859
-1360
-792
-455
-269
-197
-318
-597
-622
-550
-460
-220
-111
220
502
974
1365
1643
1929
2105
2101
2124
2319
2365
2224
2136
2071
2068
2267
2480
2571
2515
2252
1962
1977
1926
1681
1332
1263
1366
1403
1372
1407
1485
1581
1601
1566
1762
2077
2090
1870
1292
538
-215
-847
-945
-736
1
1058
2175
3028
3537
3402
2788
1911
914
-371
-1573
-2533
-3120
-3015
-2290
-1239
61
1539
2628
3299
3655
3483
2714
1638
196
-1462
-2938
-4023
-4445
-4370
-3785
-2746
-1448
-266
922
1858
2275
2138
1759
1313
544
-483
-1538
-2379
-2815
-2820
-2360
-1537
-697
298
1276
1895
2201
2286
2188
1834
1155
413
-504
-1290
-1831
-1988
-1687
-1309
-844
-332
256
753
971
1030
898
700
515
189
-196
-492
-896
-1180
-1245
-1119
-866
-698
-502
-352
-452
-615
-901
-1172
-1415
-1743
-2135
-2249
-2300
-2296
-2296
-2040
-1789
-1636
-1522
-1565
-1552
-1508
-1482
-1640
-2009
-2626
-3549
-4486
-5309
-6075
-6730
-7115
-7492
-7522
-7204
-6745
-5788
-4717
-3875
-3263
-2824
-2487
-2551
-3019
-3769
-4635
-5520
-6102
-6380
-6500
-6105
-5404
-4459
-3339
-2342
-1393
-664
-203
-86
-132
-322
-827
-1374
-1850
-2281
-2420
-2277
-1810
-1221
-534
280
1110
1717
2038
2380
2675
2708
2606
2650
2620
2280
2062
2062
2225
2474
2816
3261
3648
3856
3993
4163
4235
4391
4281
4081
3762
3562
3524
3522
3512
3491
3403
3539
3476
3293
3156
2935
2591
2447
2312
2232
2198
2050
1969
1887
1870
1979
2159
2233
2208
2268
2220
1811
1200
607
298
283
715
1711
3070
4655
5864
6297
6337
5901
4925
3734
2389
1129
25
-912
-1238
-858
28
1248
2698
4002
4864
5317
5272
4801
3936
2625
1172
-65
-976
-1600
-1783
-1369
-505
510
1472
2455
3211
3656
3699
3210
2509
1637
739
-212
-1102
-1603
-1754
-1499
-948
-178
738
1361
1830
2152
2159
2059
1577
895
346
-344
-1228
-1822
-2221
-2289
-2021
-1642
-1113
-460
-106
-41
-61
-60
-368
-732
-1019
-1445
-1901
-2244
-2159
-1895
-1635
-1510
-1272
-841
-633
-622
-525
-493
-745
-1094
-1462
-1810
-2004
-1947
-1698
-1530
-1382
-1245
-1188
-1030
-976
-837
-583
-375
-460
-768
-1197
-1813
-2542
-3394
-4409
-5334
-5797
-5918
-5990
-5713
-5166
-4533
-3642
-2634
-1937
-1529
-1348
-1467
-1770
-2364
-3139
-3978
-4766
-5165
-5349
-5073
-4487
-3832
-3072
-2227
-1416
-893
-423
-211
-355
-647
-952
-1445
-2045
-2509
-2937
-2946
-2576
-1986
-1259
-707
-96
515
992
1273
1478
1541
1309
1037
968
851
845
900
1014
1343
1714
2022
2329
2660
2804
2982
3185
3290
3055
2896
2844
2864
2974
2904
2760
2743
2752
2809
2852
2846
2760
2472
2228
2105
1951
1956
1938
1776
1673
1672
1905
2006
2011
2070
2155
2277
2102
1760
1228
651
275
63
461
1536
2842
4236
5485
6298
6417
6058
5144
3869
2688
1439
13
-1063
-1454
-1363
-882
118
1546
2861
3882
4561
4797
4443
3771
2704
1158
-219
-1399
-2236
-2604
-2545
-1853
-782
342
1450
2169
2728
2904
2623
2073
1291
275
-834
-1783
-2308
-2592
-2695
-2329
-1530
-583
322
945
1531
1876
1818
1339
732
7
-767
-1508
-2011
-2257
-2370
-2368
-1886
-1371
-925
-381
-191
-99
-128
-201
-483
-835
-1198
-1560
-1748
-1802
-1872
-1685
-1442
-1203
-869
-545
-345
-387
-476
-639
-825
-846
-1035
-1234
-1267
-1308
-1174
-963
-799
-592
-561
-411
-212
-20
132
-130
-403
-757
-1264
-2154
-3301
-4164
-4701
-5283
-5736
-5907
-5823
-5302
-4616
-3769
-2851
-2041
-1306
-978
-903
-1267
-1948
-2650
-3349
-4116
-4772
-5183
-5146
-4511
-3788
-3040
-2098
-1243
-429
80
268
204
11
-284
-732
-1268
-1787
-2135
-2224
-2075
-1581
-962
-311
407
1112
1678
2036
2392
2583
2468
2210
2056
2092
2016
2158
2518
2715
2709
2984
3482
3752
3820
3975
4193
4289
4179
3993
3968
4031
3898
3938
4063
3970
3847
3740
3639
3594
3431
3418
3478
3293
2968
2746
2584
2562
2678
2825
2877
2950
2988
2867
2778
2811
3004
2878
2458
1731
1094
870
1092
1789
3085
4572
5924
6780
7127
6845
6040
4965
3624
2251
938
-53
-702
-877
-471
507
1833
3267
4520
5186
5427
5125
4399
3494
2415
1125
-216
-1325
-1828
-1716
-1033
-81
952
1937
2844
3494
3630
3555
3198
2458
1403
347
-538
-1321
-1735
-1599
-1172
-624
131
979
1711
2251
2589
2737
2527
2023
1291
415
-286
-746
-1110
-1308
-1328
-1140
-712
-207
182
559
736
790
674
470
35
-436
-512
-582
-819
-986
-816
-495
-224
184
486
506
426
385
374
159
-123
-511
-739
-790
-803
-651
-403
-250
43
249
247
333
521
460
382
376
140
-472
-1208
-2070
-3000
-3801
-4531
-5100
-5438
-5267
-4783
-4117
-3301
-2282
-1401
-879
-501
-360
-563
-1050
-1832
-2724
-3384
-4074
-4518
-4418
-3989
-3415
-2686
-1982
-1088
-241
481
1002
986
489
-59
-502
-849
-1130
-1487
-1648
-1559
-1154
-739
-231
472
1154
1719
2052
2178
2133
1865
1590
1415
1302
1277
1264
1392
1855
2496
2952
3057
2715
2193
1697
1122
686
435
418
629
1060
1653
2537
3457
3976
4078
3895
3394
2604
1624
761
59
-202
161
877
1852
2969
4055
5186
6192
6744
6647
6285
5695
4840
4037
3371
2779
2261
2165
2938
4063
5349
6971
8615
9872
10437
10223
9383
7992
6194
4387
2749
1537
898
597
652
1447
2575
3661
4817
5631
6029
5869
5253
4273
3005
1643
329
-813
-1670
-1952
-1803
-1222
-465
516
1579
2377
2755
2814
2557
2118
1261
148
-889
-1831
-2752
-3179
-3303
-3029
-2377
-1603
-811
0
682
967
937
670
149
-496
-1041
-1785
-2377
-2601
-2542
-2272
-1837
-1323
-593
125
697
947
1182
1345
1218
897
568
237
-16
32
386
777
1075
1400
1855
2221
2380
2264
2177
2185
1999
1616
1345
1202
1018
981
978
1050
1424
1605
1587
1519
1587
1676
1734
1533
1282
850
420
-232
-1120
-1917
-2650
-3399
-3983
-4327
-4553
-4627
-4200
-3353
-2431
-1777
-1239
-807
-446
-408
-917
-1727
-2714
-3708
-4366
-4756
-5045
-4958
-4454
-3679
-2836
-2141
-1570
-1018
-626
-556
-834
-1221
-1677
-2329
-3019
-3617
-3989
-3960
-3685
-3305
-2669
-2026
-1435
-826
-345
-72
211
340
194
-72
-553
-1138
-1568
-1914
-1949
-1757
-1222
-428
311
935
1376
1619
1770
1678
1275
661
-1
-516
-1004
-1212
-1052
-804
-241
355
889
1241
1400
1214
779
284
-486
-1301
-2032
-2485
-2721
-2917
-2733
-2138
-1501
-1144
-923
-722
-723
-1361
-2476
-3631
-4656
-5302
-5329
-4529
-3229
-1591
-34
1199
1836
1574
771
-463
-2185
-3879
-5561
-6980
-7801
-7827
-7131
-5917
-4288
-2522
-1025
-135
323
245
-369
-1460
-3044
-4497
-5693
-6529
-6932
-6532
-5673
-4528
-3196
-1881
-851
-43
412
522
73
-757
-1601
-2597
-3642
-4218
-4361
-4206
-3749
-2939
-1862
-741
180
781
1225
1408
1050
449
-280
-736
-1292
-1773
-2082
-2156
-2039
-1625
-1052
-380
273
633
756
865
659
372
-55
-547
-851
-1002
-1252
-1257
-1043
-748
-429
-34
295
562
572
431
253
53
-190
-469
-574
-668
-656
-389
-208
9
376
627
656
761
1019
1181
1205
1142
878
201
-462
-1124
-1902
-2627
-3270
-3533
-3467
-3227
-2657
-1870
-1119
-178
834
1630
2076
2211
1983
1512
739
-83
-526
-690
-896
-894
-460
399
1378
2266
3098
3655
4027
4212
4180
3822
3326
2869
2352
1902
1434
1297
1558
1949
2384
2786
3267
3788
4291
4430
4356
4198
3925
3741
3506
3142
2908
2783
2839
3036
3250
3480
3691
3832
4057
4213
4145
3951
3665
3457
3353
3271
3067
3136
3337
3427
3412
3296
3194
3077
2912
2852
2625
2249
2073
2019
1921
1810
1898
2031
2031
2098
2115
2127
2264
2352
2293
2043
1661
1148
731
419
496
1223
2607
4140
5493
6591
7082
7026
6430
5257
3924
2716
1424
383
-122
-148
358
1331
2534
3779
4864
5664
6146
5998
5371
4480
3253
2072
904
-80
-614
-525
32
1030
2192
3158
4033
4710
4969
4924
4499
3725
2661
1601
820
128
-320
-428
-153
455
1261
2157
3069
3651
3947
3899
3487
2996
2336
1606
1054
478
27
-96
-90
184
663
1146
1485
1822
2022
2114
2083
1905
1549
1138
765
534
403
451
727
1025
1464
1780
1914
2163
2164
2068
2190
2067
1883
1498
1254
1296
1301
1427
1751
2051
2079
2155
2303
2609
2812
2911
2939
2876
2651
2152
1461
680
-247
-1075
-1767
-2244
-2333
-2323
-2144
-1442
-573
120
901
1724
2289
2390
2065
1637
1030
242
-605
-1131
-1583
-1534
-948
-296
382
1047
1754
2522
3110
3184
2994
2675
2291
1603
862
139
-433
-567
-461
-425
-47
498
945
1459
1760
1933
1922
1802
1712
1477
1172
756
408
349
329
284
371
610
938
1058
1173
1353
1356
1316
1260
1028
861
782
698
611
558
529
567
689
664
591
409
214
129
105
2
-246
-478
-622
-646
-678
-763
-663
-535
-489
-387
-312
-334
-496
-931
-1578
-2213
-2588
-2570
-2019
-909
679
2224
3382
4021
4076
3531
2619
1244
-241
-1577
-2769
-3502
-3881
-3879
-3153
-1862
-450
1023
2117
2620
2726
2353
1419
54
-1332
-2516
-3610
-4401
-4667
-4275
-3473
-2471
-1217
-41
777
1253
1363
1194
574
-423
-1525
-2572
-3395
-3819
-3890
-3622
-3110
-2212
-1134
-258
211
487
685
755
491
-152
-1049
-1735
-2243
-2703
-2856
-2919
-2738
-2309
-1772
-1129
-595
-287
-186
-257
-539
-796
-993
-1415
-1769
-1917
-1893
-1801
-1553
-1248
-873
-390
-72
139
145
87
-100
-296
-514
-717
-955
-1052
-825
-517
-320
-135
148
319
500
617
872
940
848
651
375
-168
-981
-1887
-2676
-3375
-3914
-4342
-4520
-4073
-3408
-2448
-1472
-666
-9
474
685
772
482
-145
-769
-1643
-2401
-2789
-2722
-2458
-2069
-1385
-570
204
1017
1771
2200
2295
2126
1706
1044
336
-188
-542
-878
-889
-583
-225
92
415
952
1475
1775
1936
2023
1798
1330
1164
1112
852
804
692
508
601
924
1395
1526
1817
2049
2056
1976
1953
1912
1936
1822
1364
1035
1105
1131
1181
1266
1326
1288
1151
1199
1068
804
480
325
485
456
248
231
121
136
378
441
534
710
667
531
329
225
115
69
527
1325
