-5215
-4844
-4530
-4270
-4245
-4266
-4419
-4502
-4696
-4968
-5294
-5566
-5633
-5732
-5739
-5419
-5227
-5008
-4798
-4468
-4432
-4209
-4193
-4365
-4562
-4814
-5290
-6148
-7028
-7960
-8697
-9024
-9292
-9349
-8995
-8269
-7524
-6850
-6186
-5358
-4702
-4349
-4168
-4351
-5100
-5826
-6479
-7049
-7507
-7744
-7518
-6799
-5758
-4725
-3753
-2933
-2209
-1891
-1843
-2088
-2461
-2792
-3414
-4187
-4763
-4915
-4917
-4707
-4348
-3665
-2969
-2349
-1946
-1763
-2036
-2545
-3220
-4056
-4784
-4921
-4952
-4875
-4198
-3133
-1978
-1077
-998
-1571
-2623
-4132
-6195
-8377
-10229
-11583
-12094
-11883
-11039
-9626
-7991
-6309
-5162
-4815
-5184
-6241
-7789
-9301
-10909
-12480
-13324
-13436
-12523
-10669
-8427
-6007
-3513
-1356
75
838
672
-90
-975
-2427
-4059
-5615
-6430
-6217
-4981
-2797
53
3167
5741
7364
8014
7805
6528
4470
1900
-872
-3644
-6181
-7837
-8440
-7810
-6218
-4030
-1701
346
1736
2341
2011
892
-973
-3431
-6071
-8516
-10339
-11377
-11415
-10586
-9088
-7422
-5851
-4500
-3474
-3086
-3424
-4296
-5671
-7623
-9527
-11162
-12499
-13227
-13471
-13326
-12416
-11164
-9628
-8044
-6793
-6137
-5950
-6262
-6961
-7997
-9443
-10915
-12032
-12908
-13333
-13129
-12595
-11461
-10424
-9267
-7909
-6797
-6230
-5759
-5476
-5278
-5286
-5348
-5147
-4890
-4530
-3963
-3276
-2464
-1777
-1360
-1118
-1166
-1180
-1118
-1177
-1482
-1714
-1815
-1855
-1903
-1835
-1787
-1593
-1391
-1345
-1406
-1593
-1831
-2270
-2592
-2666
-2833
-3176
-3732
-4418
-5114
-5891
-6415
-6595
-6720
-6590
-6253
-5679
-4802
-4020
-3479
-3100
-2665
-2615
-3061
-3739
-4675
-5659
-6573
-7472
-8158
-8526
-8638
-8345
-7733
-6928
-6082
-5445
-5030
-4747
-4574
-4604
-4896
-5447
-5776
-6092
-6356
-6550
-6429
-5865
-5185
-4513
-3722
-2607
-1308
-434
-31
208
511
771
881
816
531
-95
-1099
-2276
-3425
-4530
-5112
-4883
-3870
-2278
-266
1762
3278
4281
4951
4858
3904
2421
608
-1263
-2949
-3883
-3995
-3337
-1890
55
2335
4187
5498
6188
6197
5690
4608
3087
1422
-241
-1342
-1836
-1454
-146
1739
3729
5668
7105
7855
8325
8582
8687
8662
8587
8514
8438
8146
7593
6941
6219
5193
4131
2868
1613
637
-139
-540
-417
70
996
2035
3007
3999
4664
4801
4495
3799
2932
1916
724
-547
-1623
-2275
-2408
-2264
-1806
-1276
-770
-341
14
177
-62
-574
-1244
-1982
-2948
-3853
-4556
-5114
-5422
-5339
-5054
-4817
-4633
-4513
-4393
-4457
-4678
-4807
-5039
-5259
-5462
-5586
-5502
-5273
-5047
-4920
-4809
-4687
-4677
-4503
-4422
-4391
-4494
-4731
-5051
-5263
-5066
-4734
-4438
-4030
-3501
-2985
-2466
-2000
-1536
-1176
-1182
-1255
-1397
-1754
-1987
-2191
-2532
-2937
-3206
-3263
-3081
-2769
-2451
-2101
-1854
-1577
-1392
-1333
-1189
-1426
-2013
-2736
-3500
-4689
-6093
-7346
-8534
-9488
-10124
-10390
-10146
-9364
-8456
-7715
-6629
-5514
-4808
-4708
-5156
-5694
-6393
-7426
-8549
-9519
-10052
-10296
-10373
-10075
-9494
-8715
-7936
-7292
-6760
-6316
-6173
-6448
-6879
-7361
-7983
-8623
-9057
-9284
-9287
-8969
-8360
-7842
-7348
-6723
-5854
-5032
-4594
-4371
-4295
-4071
-3832
-3700
-3651
-3364
-2981
-2686
-2412
-1965
-1549
-1357
-1283
-1118
-1095
-1188
-1124
-1253
-1647
-1705
-1627
-1751
-1801
-1811
-1797
-1661
-1700
-1711
-1737
-1771
-1874
-2184
-2557
-2827
-3017
-3150
-3307
-3149
-2972
-3012
-2875
-2691
-2544
-2445
-2361
-2336
-2642
-3303
-4021
-4514
-4705
-4368
-3389
-2086
-814
185
797
611
-197
-1387
-2865
-4551
-6108
-7366
-8374
-8911
-8504
-7397
-6023
-4548
-3242
-2194
-1609
-1728
-2482
-3544
-4866
-6359
-7995
-9283
-9902
-9883
-9268
-8255
-7058
-5648
-4441
-3628
-2946
-2703
-3051
-3770
-4785
-5934
-7054
-8008
-8635
-8987
-8875
-8058
-6907
-5959
-5085
-4273
-3638
-3351
-3406
-3801
-4343
-4870
-5624
-6467
-7000
-7226
-7198
-7033
-6645
-6043
-5452
-5106
-4912
-4646
-4555
-4788
-5191
-5678
-6231
-6585
-6772
-6727
-6583
-6353
-5984
-5741
-5598
-5725
-5663
-5444
-5364
-5499
-5961
-6399
-6680
-6801
-6538
-6420
-6524
-6401
-6092
-5805
-5509
-5217
-5064
-4962
-5069
-5134
-5262
-6007
-6858
-7605
-8516
-9476
-10329
-10922
-11300
-11281
-10765
-10082
-9111
-8149
-7339
-6623
-6007
-5521
-5474
-5998
-6683
-7556
-8451
-9129
-9416
-9520
-9254
-8644
-7838
-6768
-5658
-4797
-4118
-3497
-3334
-3451
-3802
-4225
-4661
-5120
-5623
-5945
-5908
-5567
-4836
-3988
-3264
-2588
-1936
-1515
-1295
-1013
-798
-686
-625
-752
-783
-864
-784
-611
-414
-9
352
711
1110
1480
1746
1819
1908
1805
1492
1139
1047
1191
1348
1362
1333
1242
1149
1036
1000
934
681
412
321
209
-53
-103
16
56
88
198
474
636
580
722
941
952
678
125
-503
-905
-961
-672
230
1612
3062
4325
5253
5454
5102
4341
3147
1654
151
-1136
-2044
-2409
-2363
-1836
-626
799
2019
2910
3507
3710
3419
2540
1323
92
-1177
-2403
-3266
-3474
-3203
-2404
-1364
-244
836
1613
2206
2393
2034
1334
374
-815
-1993
-2811
-3422
-3685
-3585
-3148
-2416
-1676
-810
-63
400
583
503
109
-556
-1391
-2244
-2858
-3458
-3891
-3945
-3724
-3343
-2794
-2101
-1571
-1291
-1358
-1486
-1611
-1942
-2285
-2709
-3062
-3446
-3816
-3825
-3465
-3084
-2654
-2424
-2151
-1913
-1960
-2142
-2371
-2509
-2714
-3007
-3234
-3231
-3151
-3185
-3099
-2857
-2624
-2482
-2222
-2067
-2123
-1975
-2027
-2319
-2749
-3541
-4265
-5193
-6129
-6955
-7538
-7837
-8089
-7987
-7528
-6753
-5707
-4799
-4074
-3487
-3027
-3072
-3579
-4365
-5144
-5918
-6714
-7326
-7597
-7574
-7277
-6733
-5854
-4770
-3760
-2910
-2559
-2383
-2289
-2493
-3020
-3872
-4442
-4829
-5259
-5432
-5073
-4669
-4136
-3414
-2471
-1833
-1473
-1125
-957
-935
-1030
-1225
-1311
-1401
-1620
-1577
-1251
-1024
-815
-598
-86
497
801
935
930
980
1047
932
679
639
705
553
397
290
277
355
369
331
269
155
-205
-490
-461
-551
-856
-1244
-1217
-937
-925
-969
-844
-656
-673
-803
-778
-862
-1331
-2127
-2875
-3168
-2849
-2062
-780
838
2178
3181
3631
3307
2571
1570
163
-1499
-3017
-4201
-4886
-4920
-4434
-3515
-2278
-1031
254
1166
1273
1066
453
-551
-1944
-3412
-4586
-5604
-6118
-6101
-5613
-4641
-3568
-2398
-1432
-679
-401
-528
-1009
-1797
-2798
-3897
-4949
-5772
-6240
-6257
-5968
-5447
-4646
-3629
-2677
-2007
-1730
-1721
-2092
-2663
-3449
-4353
-5259
-6061
-6496
-6439
-6148
-5818
-5266
-4774
-4357
-3940
-3631
-3442
-3686
-4017
-4352
-4761
-5200
-5760
-5905
-5726
-5565
-5209
-4838
-4540
-4254
-4020
-3856
-3976
-4111
-4210
-4591
-4795
-5082
-5269
-5265
-5289
-5135
-4824
-4556
-4445
-4311
-3929
-3645
-3760
-4050
-4235
-4382
-4961
-5810
-6720
-7564
-8407
-9185
-9705
-10039
-9956
-9520
-8777
-7862
-6786
-5909
-5205
-4620
-4393
-4706
-5248
-5906
-6797
-7602
-8296
-8656
-8659
-8465
-7852
-7127
-6294
-5266
-4332
-3657
-3268
-3214
-3341
-3569
-4019
-4699
-5249
-5602
-5715
-5608
-5218
-4539
-3832
-3104
-2424
-1679
-1181
-898
-811
-794
-937
-1240
-1338
-1416
-1413
-1240
-957
-557
-188
104
409
705
971
1175
1289
1237
1220
1261
1180
1017
1132
1328
1307
1296
1310
1433
1430
1327
1115
976
699
392
289
177
-28
-21
111
392
571
667
664
568
528
517
530
139
-599
-1319
-1889
-1806
-1114
-174
1136
2535
3811
4465
4522
4054
3261
2175
765
-607
-1669
-2376
-2647
-2496
-1799
-615
849
2028
2844
3288
3325
2970
1975
660
-759
-1975
-2968
-3447
-3604
-3315
-2573
-1349
-165
839
1756
2157
2120
1778
1025
96
-838
-1810
-2603
-3104
-3216
-2828
-2154
-1396
-735
53
738
1053
1065
954
555
-54
-791
-1537
-2253
-2780
-3034
-3012
-2529
-1902
-1411
-936
-562
-291
-198
-268
-518
-1115
-1796
-2224
-2606
-2698
-2806
-2739
-2561
-2276
-1742
-1363
-1121
-904
-1030
-1292
-1483
-1645
-1951
-2242
-2368
-2446
-2347
-2163
-1988
-1863
-1779
-1681
-1533
-1423
-1229
-1042
-1017
-1394
-2141
-2816
-3714
-4583
-5587
-6408
-6961
-7398
-7510
-7230
-6602
-5675
-4619
-3721
-2963
-2286
-1993
-2166
-2665
-3422
-4232
-4905
-5621
-6143
-6223
-6014
-5632
-4912
-3989
-3053
-2138
-1368
-856
-698
-804
-1198
-1803
-2254
-2626
-2926
-3117
-3002
-2848
-2517
-1776
-969
-293
247
719
946
1103
1224
1219
1049
914
919
960
838
861
1058
1431
1998
2242
2509
2835
2997
2968
2956
3025
2825
2665
2653
2698
2670
2538
2591
2549
2261
2000
2060
2095
1960
1745
1548
1430
1338
1178
1081
1082
987
1155
1571
1727
1547
1462
1501
1457
1245
859
356
-181
-229
402
1496
3034
4472
5675
6377
6264
5606
4662
3341
1685
74
-1348
-2445
-3130
-3069
-2186
-827
772
2186
3491
4341
4488
3906
3014
1829
434
-1119
-2457
-3286
-3855
-3941
-3284
-2142
-984
215
1257
1863
2001
1716
1113
290
-628
-1773
-2913
-3772
-4283
-4221
-3740
-2884
-1914
-1065
-417
177
551
552
170
-593
-1433
-2243
-3082
-3694
-4093
-4229
-4062
-3603
-3080
-2754
-2332
-1934
-1846
-2005
-2130
-2349
-2661
-3189
-3423
-3360
-3342
-3409
-3279
-2778
-2212
-1863
-1715
-1640
-1694
-1861
-2039
-2332
-2756
-2949
-3015
-2960
-2909
-2777
-2624
-2419
-2278
-2100
-1854
-1717
-1685
-1702
-1692
-1825
-2305
-2914
-3885
-4952
-5833
-6659
-7238
-7500
-7752
-7564
-6939
-6280
-5546
-4637
-3576
-2787
-2421
-2450
-2944
-3690
-4543
-5324
-6122
-6706
-7003
-7101
-6791
-6045
-5210
-4267
-3397
-2642
-2198
-1835
-1620
-1945
-2581
-3381
-4125
-4531
-4702
-4739
-4598
-4171
-3543
-2974
-2312
-1588
-1052
-725
-300
-218
-455
-541
-610
-619
-772
-846
-627
-426
-206
140
491
868
1178
1473
1719
1800
1787
1702
1550
1487
1421
1276
1185
1270
1495
1517
1508
1469
1409
1233
860
675
664
529
503
445
353
383
562
662
706
769
686
535
582
632
91
-762
-1293
-1484
-1241
-508
648
1942
3254
4218
4461
4270
3781
2865
1505
32
-1292
-2220
-2903
-3061
-2674
-1610
-296
1183
2479
3196
3404
3150
2465
1454
204
-1142
-2411
-3417
-3949
-3977
-3418
-2520
-1373
-281
662
1468
1861
1879
1454
846
-214
-1396
-2292
-2835
-3200
-3400
-3199
-2500
-1506
-621
142
647
991
1073
780
366
-273
-1082
-1899
-2574
-3039
-3174
-3030
-2428
-1957
-1518
-1096
-843
-684
-611
-752
-935
-1275
-1715
-2078
-2275
-2252
-2165
-2139
-2046
-1932
-1626
-1320
-928
-792
-905
-999
-1349
-1655
-1914
-2163
-2281
-2252
-2251
-2152
-1846
-1736
-1500
-1247
-1181
-991
-841
-754
-951
-1307
-1975
-2724
-3557
-4554
-5403
-6139
-6616
-6713
-6374
-5908
-5525
-4725
-3735
-2671
-1977
-1628
-1528
-1623
-2026
-2712
-3474
-4418
-5266
-5741
-5765
-5278
-4554
-3754
-2904
-1929
-1064
-555
-267
-181
-326
-551
-808
-1347
-2021
-2378
-2345
-2250
-1933
-1411
-746
-177
605
1317
1623
1747
1965
2106
2030
1856
1813
1905
1784
1835
2151
2435
2619
2894
3389
3738
4011
4132
4033
4093
4082
3953
3813
3769
3831
3960
3969
3823
3610
3670
3789
3763
3571
3323
3042
2838
2729
2682
2601
2545
2442
2472
2596
2680
2738
2826
2884
2885
2709
2335
1775
1203
887
985
1713
2762
4042
5409
6441
6961
7057
6612
5611
4329
2974
1650
570
-178
-511
-265
538
1712
2996
4228
5117
5535
5399
4767
3745
2433
1122
-3
-1047
-1687
-1789
-1296
-596
404
1493
2516
3257
3563
3574
3216
2553
1627
583
-553
-1538
-2175
-2293
-1949
-1336
-453
509
1281
1811
2157
2317
2151
1745
1012
208
-620
-1336
-1796
-2039
-2212
-1956
-1608
-1204
-729
-241
203
337
278
-23
-469
-1007
-1444
-1769
-1884
-2064
-2034
-1796
-1424
-1129
-846
-453
-237
-259
-523
-793
-982
-1049
-1264
-1441
-1529
-1507
-1444
-1351
-1187
-1073
-897
-669
-445
-433
-412
-478
-740
-1250
-2128
-3055
-3841
-4594
-5211
-5748
-6168
-6219
-6011
-5423
-4661
-3906
-3054
-2368
-1658
-1359
-1493
-1926
-2562
-3372
-4139
-5028
-5533
-5621
-5494
-5036
-4231
-3239
-2366
-1733
-1245
-732
-435
-446
-750
-1351
-1947
-2518
-2953
-3341
-3284
-2917
-2474
-1877
-1226
-552
125
616
830
1174
1335
1168
812
602
545
491
679
878
1061
1429
1856
2169
2507
2695
2869
2987
2866
2678
2695
2736
2577
2516
2571
2644
2626
2617
2696
2660
2322
2222
2293
2152
1778
1666
1608
1528
1419
1240
1363
1480
1704
1827
1813
1655
1539
1589
1421
838
55
-453
-575
-114
887
2328
3862
5043
5826
5937
5406
4423
3249
1994
712
-471
-1409
-2002
-1984
-1627
-463
966
2290
3351
3938
4181
4025
3336
2046
514
-859
-2164
-3175
-3517
-3245
-2434
-1469
-420
636
1471
2022
2350
2197
1763
949
-328
-1549
-2512
-3053
-3225
-3019
-2459
-1732
-929
-246
267
820
1062
1161
965
257
-531
-1310
-2166
-2695
-2956
-3031
-2918
-2566
-1958
-1410
-901
-406
-178
-182
-498
-1042
-1411
-1705
-2110
-2264
-2430
-2486
-2323
-1999
-1627
-1126
-715
-638
-554
-458
-630
-978
-1348
-1573
-1710
-1842
-1808
-1543
-1389
-1338
-1219
-1047
-918
-719
-574
-522
-478
-676
-1180
-1811
-2640
-3390
-4264
-5110
-5832
-6209
-6407
-6281
-5660
-4840
-3898
-3001
-2220
-1609
-1290
-1162
-1470
-2126
-3084
-3859
-4599
-5128
-5550
-5599
-5056
-4124
-3265
-2366
-1436
-678
-147
84
-31
-354
-648
-1017
-1526
-1946
-2214
-2260
-2102
-1524
-831
-234
377
1010
1583
2067
2232
2377
2457
2278
2108
1899
1810
1887
2115
2310
2645
2965
3247
3614
3884
4181
4332
4311
4351
4507
4442
4131
3921
3917
4060
4014
3920
3984
3877
3633
3477
3423
3218
3104
3029
2940
2845
2788
2805
2811
2896
3017
2971
2953
2990
3071
3220
3104
2673
2082
1545
1142
1288
2066
3256
4741
6123
7086
7521
7190
6209
5066
3855
2472
1140
249
-324
-479
-60
856
2056
3303
4481
5343
5713
5453
4740
3648
2341
999
-295
-1233
-1623
-1541
-1087
-213
839
1970
2956
3574
3815
3758
3416
2652
1612
488
-471
-1171
-1581
-1649
-1235
-621
156
1077
1834
2425
2854
2998
2671
2098
1392
602
-180
-889
-1444
-1668
-1422
-1000
-547
111
628
966
1282
1310
1011
488
70
-267
-646
-858
-867
-799
-662
-616
-431
65
384
388
333
339
431
209
-87
-188
-515
-787
-838
-699
-420
-205
-50
-47
-125
270
547
516
404
235
88
-415
-1294
-2108
-2951
-3779
-4507
-5144
-5498
-5434
-5048
-4461
-3685
-2755
-1828
-1023
-627
-468
-626
-1225
-1759
-2534
-3533
-4289
-4478
-4444
-4293
-3804
-2797
-1822
-993
-367
114
473
487
520
277
-231
-897
-1405
-1671
-1816
-1735
-1411
-885
-100
665
1258
1677
1884
2160
2135
1886
1552
1304
1078
934
909
1293
1892
2210
2369
2486
2407
2066
1554
992
424
45
-83
268
1010
1760
2602
3230
3645
3782
3586
3115
2206
1196
404
-63
-384
-122
646
1621
2881
4152
5239
6036
6373
6429
6035
5369
4440
3589
3033
2447
2034
2022
2635
3665
5231
7064
8524
9466
9904
9737
8945
7602
6026
4257
2617
1387
653
256
360
1123
2303
3522
4538
5453
5827
5432
4505
3561
2451
1212
39
-1008
-1800
-2168
-1960
-1414
-697
278
1176
1989
2460
2553
2182
1448
556
-318
-1282
-2317
-3153
-3658
-3627
-3242
-2760
-1909
-969
-245
153
455
444
202
-272
-964
-1569
-2152
-2727
-2988
-2921
-2698
-2270
-1627
-972
-224
456
683
649
650
734
708
259
-182
-286
-292
-35
301
643
1094
1570
1810
1812
1826
1744
1614
1455
1056
885
716
535
403
394
584
898
956
1025
1059
962
912
899
926
851
684
221
-629
-1776
-2750
-3554
-4121
-4546
-4948
-5189
-5100
-4689
-4000
-3115
-2397
-1698
-1160
-896
-971
-1481
-2073
-2895
-3912
-4693
-5246
-5280
-5102
-4788
-4264
-3428
-2698
-1877
-1224
-1009
-940
-1077
-1630
-2217
-2808
-3277
-3737
-4042
-3931
-3876
-3658
-3170
-2478
-1792
-1082
-456
-191
-89
104
8
-500
-1080
-1733
-2153
-2362
-2292
-1727
-1039
-511
207
862
1348
1697
1723
1381
821
280
-151
-708
-1161
-1352
-1259
-910
-371
95
640
1170
1229
915
565
-29
-677
-1299
-2048
-2643
-2880
-2940
-2667
-2202
-1693
-1136
-899
-714
-883
-1479
-2300
-3601
-4876
-5535
-5522
-4734
-3338
-1654
-27
1297
1754
1530
831
-447
-2167
-3996
-5594
-6871
-7745
-8004
-7404
-6013
-4258
-2548
-1061
26
648
408
-256
-1378
-2900
-4567
-6035
-6909
-7021
-6546
-5782
-4454
-3042
-1677
-662
34
502
415
10
-600
-1521
-2643
-3735
-4385
-4589
-4347
-3780
-2969
-1856
-814
127
899
1284
1476
1292
790
80
-583
-1213
-1741
-2044
-2188
-1925
-1410
-833
-236
311
732
1034
1135
864
434
-34
-336
-454
-903
-1252
-1143
-914
-527
-120
97
361
702
741
533
436
346
118
-237
-591
-563
-532
-405
-188
115
433
569
754
963
1237
1424
1369
1156
859
428
-19
-867
-1809
-2518
-3072
-3423
-3453
-3183
-2464
-1733
-838
88
946
1792
2367
2501
2121
1641
1058
438
-238
-632
-742
-650
-173
625
1453
2333
3322
4048
4504
4790
4750
4224
3622
3059
2569
2117
1802
1685
1808
2137
2733
3299
3875
4192
4359
4704
4798
4583
4318
3967
3633
3468
3227
3011
3016
3171
3361
3588
4013
4220
4233
4206
4157
4077
3808
3741
3745
3655
3643
3521
3330
3168
3133
3141
3050
2956
2961
2943
2668
2440
2240
2031
1964
1970
1950
1876
2041
2215
2306
2415
2433
2321
2259
2180
1740
842
-86
-695
-781
-355
664
1948
3159
4147
4837
4682
4298
3735
2843
1872
991
475
261
222
827
1814
2801
3827
4697
5380
5574
5132
4403
3451
2396
1254
267
-351
-430
-48
602
1601
2737
3724
4600
5146
5318
5156
4714
4061
3300
2361
1358
748
565
699
1141
1909
2813
3540
4152
4640
4905
4857
4537
3996
3329
2654
1930
1239
934
1030
1223
1591
2055
2483
3122
3679
3846
3757
3557
3196
2575
1955
1514
1199
884
655
642
783
1174
1536
1602
1736
1808
1767
1687
1509
1211
950
827
811
828
894
924
975
1029
1239
1551
1747
1809
1915
1910
1936
1722
1273
731
-198
-1173
-1904
-2559
-3063
-3326
-3198
-2704
-2246
-1501
-487
340
1143
1645
1748
1585
1193
532
-346
-1096
-1528
-1793
-1849
-1354
-625
147
1034
1731
2480
2976
3080
3034
2825
2340
1673
1149
592
-2
-318
-204
97
492
1129
1696
1982
2251
2596
2734
2588
2239
1990
1619
1148
811
542
472
606
945
1041
1135
1288
1465
1550
1580
1650
1523
1197
1022
804
826
935
920
678
385
321
431
413
347
156
-103
-432
-668
-911
-1129
-1215
-1313
-1275
-1099
-939
-820
-801
-750
-659
-606
-561
-828
-1234
-1463
-1418
-867
190
1703
3301
4687
5587
5969
5699
4525
2771
790
-1315
-3266
-4744
-5594
-5926
-5463
-4096
-2010
72
1903
3369
4147
4431
3836
2503
921
-876
-2688
-4287
-5266
-5557
-5333
-4500
-3178
-1578
-141
711
1185
1466
1234
544
-483
-1617
-2932
-4172
-5073
-5512
-5500
-5073
-4274
-3227
-2076
-1042
-370
-96
1
-268
-796
-1592
-2354
-3026
-3792
-4338
-4449
-4231
-3981
-3647
-2916
-2333
-2126
-2061
-2073
-2107
-2070
-2238
-2612
-2777
-2699
-2498
-2240
-1903
-1329
-845
-479
-101
-98
-37
-138
-439
-741
-909
-880
-800
-702
-635
-442
-78
211
594
1133
1497
1581
1351
1252
1354
1262
859
185
-680
-1537
-2290
-3034
-3400
-3447
-3278
-2973
-2435
-1644
-656
192
813
1330
1557
1460
1023
396
-451
-1249
-2011
-2532
-2659
-2544
-2232
-1448
-459
363
978
1617
2122
2146
1872
1440
768
45
-590
-1145
-1623
-1841
-1561
-1165
-634
-288
220
768
1130
1223
1189
1144
952
633
410
244
-38
-269
-220
142
430
663
920
1265
1448
1564
1521
1419
1465
1310
1112
1204
1312
1271
1272
1317
1319
1450
1476
1513
1403
1147
912
708
546
505
450
418
340
345
611
811
805
1054
1061
988
893
605
130
-414
-1016
-1196
-953
