-4923
-4373
-4090
-3956
-3832
-3570
-3699
-3903
-4205
-4445
-4579
-4843
-4639
-4239
-4296
-4314
-4082
-3778
-3598
-3518
-3288
-3243
-3021
-3050
-3387
-3810
-4457
-5418
-6460
-7421
-8143
-8525
-8725
-8786
-8289
-7404
-6726
-6037
-5329
-4457
-3664
-3191
-3201
-3671
-4395
-5340
-6185
-6765
-7062
-7217
-6996
-6354
-5514
-4541
-3582
-2820
-2175
-1853
-1781
-1920
-2098
-2631
-3363
-4065
-4725
-5210
-5231
-4995
-4653
-4090
-3480
-3018
-2647
-2472
-2458
-2704
-3282
-4182
-4858
-5184
-5248
-5022
-4442
-3190
-1780
-951
-1004
-1540
-2497
-3986
-5850
-7816
-9641
-11208
-11956
-11708
-10554
-8985
-7505
-6019
-4957
-4609
-4823
-5748
-7135
-8784
-10490
-12078
-12930
-12883
-12008
-10406
-8215
-5549
-2953
-875
668
1467
1240
482
-619
-2061
-3670
-5254
-6340
-6766
-6083
-4327
-2011
878
3730
5707
6791
6884
5883
4301
2346
114
-2175
-4300
-5787
-6467
-6115
-4970
-3286
-1464
117
972
1132
688
-440
-2089
-4146
-6251
-8149
-9756
-10426
-10297
-9578
-8448
-7098
-5532
-4073
-3161
-2975
-3285
-4054
-5390
-7072
-8677
-10289
-11338
-12030
-12317
-11722
-10519
-9139
-7682
-6379
-5354
-4939
-4934
-5327
-6166
-7190
-8444
-9801
-10759
-11278
-11637
-11489
-10882
-9840
-8332
-7092
-6105
-5059
-4196
-3722
-3633
-3636
-3776
-3928
-3975
-4017
-3651
-3038
-2594
-2277
-1718
-1095
-660
-598
-689
-526
-604
-1046
-1369
-1644
-1676
-1719
-1651
-1747
-1854
-1859
-1851
-2020
-2219
-2237
-2361
-2736
-2957
-3124
-3345
-3748
-4447
-5120
-5790
-6305
-6480
-6695
-6896
-6716
-6223
-5644
-5028
-4245
-3674
-3266
-3071
-3286
-3899
-4685
-5560
-6514
-7267
-8007
-8440
-8495
-8322
-7812
-6867
-5917
-5190
-4512
-4127
-3963
-4143
-4470
-4922
-5289
-5510
-5558
-5450
-5413
-5011
-4278
-3497
-2489
-1304
-427
172
592
1201
1739
1890
1837
1813
1592
813
-80
-1031
-2253
-3487
-4315
-4439
-3598
-1978
164
2127
3714
4874
5448
5407
4478
2890
996
-796
-2435
-3636
-3993
-3294
-1780
150
2028
3799
5270
6284
6553
5985
4801
3266
1626
25
-1145
-1740
-1474
-306
1448
3466
5390
6740
7291
7271
7123
6947
6732
6552
6616
6928
7060
7123
7016
6674
5990
5056
3994
2922
1874
826
148
-34
217
896
1734
2633
3505
4288
4704
4570
4115
3234
2015
881
-299
-1497
-2190
-2528
-2262
-1854
-1229
-410
367
959
1292
1202
943
510
-432
-1543
-2547
-3289
-3801
-4302
-4474
-4264
-3964
-3704
-3631
-3458
-3208
-3038
-3189
-3458
-3870
-4304
-4638
-4662
-4654
-4718
-4656
-4354
-3833
-3485
-3344
-3306
-3283
-3333
-3527
-3823
-4100
-4213
-4199
-4068
-3749
-3419
-2938
-2360
-1784
-1329
-1049
-938
-830
-1019
-1475
-1857
-2138
-2499
-2815
-3080
-3203
-3217
-3109
-2920
-2890
-2607
-2301
-2038
-1818
-1685
-1724
-2224
-3041
-4003
-5358
-6855
-8195
-9293
-10034
-10521
-10740
-10648
-9987
-8760
-7643
-6515
-5728
-5218
-5028
-5112
-5590
-6459
-7482
-8537
-9444
-10053
-10353
-10493
-10101
-9229
-8357
-7494
-6692
-6150
-5810
-5864
-6052
-6279
-6700
-7334
-7859
-8354
-8703
-8695
-8436
-7995
-7572
-6977
-6213
-5506
-4884
-4390
-3966
-3662
-3333
-3320
-3294
-3040
-3004
-2932
-2548
-2016
-1592
-1376
-1084
-665
-357
-368
-582
-731
-963
-1307
-1703
-1846
-1892
-1882
-1847
-1889
-1752
-1739
-1980
-2246
-2272
-2306
-2529
-2765
-2959
-3172
-3373
-3472
-3301
-3076
-3006
-3074
-3102
-3070
-3091
-2919
-2916
-2854
-3194
-4034
-4663
-4907
-4368
-3379
-2121
-828
114
614
516
-143
-1220
-2708
-4394
-5972
-7315
-8144
-8679
-8392
-7477
-6247
-4712
-3377
-2471
-1831
-1719
-2201
-3166
-4509
-6217
-7738
-8873
-9636
-9654
-9168
-8314
-7070
-5620
-4315
-3447
-2917
-2562
-2699
-3366
-4364
-5549
-6760
-7862
-8504
-8704
-8410
-7844
-7002
-5974
-4983
-4066
-3489
-3210
-3279
-3711
-4239
-4896
-5754
-6408
-6876
-7060
-7206
-7152
-6706
-6086
-5482
-5018
-4782
-4756
-4789
-5006
-5356
-5811
-6120
-6337
-6623
-6781
-6758
-6447
-6108
-5843
-5700
-5503
-5426
-5427
-5690
-6015
-6349
-6533
-6580
-6839
-6916
-6699
-6548
-6418
-6035
-5520
-5392
-5347
-5233
-5023
-4962
-5001
-5063
-5689
-6603
-7524
-8532
-9300
-9863
-10748
-11118
-10908
-10782
-10268
-9332
-8185
-7194
-6399
-5943
-5547
-5361
-5749
-6438
-7230
-8136
-8817
-9312
-9558
-9380
-8886
-7975
-6865
-5930
-4989
-4112
-3475
-3214
-3296
-3642
-4075
-4578
-5171
-5538
-5772
-5782
-5514
-5116
-4368
-3599
-2920
-2294
-1786
-1423
-1277
-1075
-789
-710
-893
-1071
-994
-923
-911
-566
-70
239
484
617
822
1078
1252
1335
1262
1238
1254
1181
1043
1032
945
717
579
529
380
385
259
51
-187
-309
-420
-595
-561
-468
-445
-372
-153
-49
11
126
168
178
178
114
-408
-1015
-1767
-1990
-1327
-106
1305
2784
4023
4821
5030
4549
3740
2737
1385
-54
-1464
-2457
-3086
-3253
-2712
-1580
-125
1293
2394
3116
3296
2967
2286
1194
-283
-1736
-2720
-3338
-3661
-3434
-2806
-1838
-697
292
1070
1576
1839
1530
931
352
-521
-1812
-2983
-3664
-3934
-3817
-3405
-2804
-2158
-1324
-457
116
288
190
-100
-676
-1524
-2404
-3124
-3616
-3985
-4156
-3936
-3557
-3009
-2363
-1838
-1689
-1591
-1602
-1628
-1957
-2448
-2916
-3316
-3520
-3542
-3419
-3225
-2997
-2764
-2387
-1928
-1804
-1862
-2012
-2149
-2263
-2524
-2821
-3058
-3067
-2927
-2851
-2779
-2623
-2566
-2458
-2335
-2194
-2009
-1845
-1901
-2112
-2559
-3274
-4109
-5012
-5767
-6609
-7262
-7692
-7891
-7742
-7065
-6169
-5279
-4447
-3660
-3117
-2840
-2845
-2977
-3534
-4414
-5249
-6147
-6816
-7192
-7357
-7067
-6289
-5399
-4313
-3387
-2536
-1812
-1758
-1903
-2207
-2620
-3235
-3765
-4023
-4456
-4684
-4699
-4377
-3729
-3044
-2412
-1768
-1323
-949
-644
-527
-681
-945
-978
-984
-983
-995
-970
-737
-303
60
313
631
983
1092
1058
1244
1337
1281
1074
1009
1069
1066
1151
1016
970
911
904
920
652
255
14
14
-12
-203
-463
-564
-550
-406
-327
-406
-333
-191
-145
-8
-80
-224
-727
-1478
-2200
-2467
-2155
-1206
83
1394
2637
3779
4259
4019
3452
2296
803
-645
-2225
-3540
-4236
-4518
-4199
-3179
-1683
-279
969
1942
2306
1931
1299
199
-1242
-2732
-4073
-5070
-5646
-5618
-5064
-4256
-3149
-1887
-806
-282
-11
-74
-659
-1459
-2374
-3285
-4225
-5012
-5463
-5608
-5333
-4707
-3942
-3072
-2257
-1646
-1441
-1386
-1538
-2052
-2885
-3605
-4135
-4713
-5403
-5918
-6153
-5809
-5119
-4440
-3723
-3441
-3322
-3378
-3441
-3527
-3886
-4256
-4668
-5007
-5210
-5209
-4959
-4657
-4499
-4144
-3758
-3632
-3565
-3526
-3668
-3912
-4161
-4418
-4595
-4857
-4977
-4902
-4621
-4401
-4315
-4096
-3836
-3707
-3700
-3577
-3551
-3825
-4174
-4725
-5390
-6192
-7156
-7968
-8779
-9507
-9927
-9739
-9055
-8453
-7607
-6567
-5625
-4903
-4539
-4471
-4718
-5339
-6013
-6725
-7493
-8285
-9041
-9218
-8736
-7786
-6843
-5980
-4896
-4016
-3404
-3086
-3023
-3272
-3738
-4174
-4833
-5280
-5540
-5759
-5392
-5012
-4652
-3839
-2959
-2524
-1907
-1250
-848
-773
-960
-998
-1033
-1102
-1221
-1169
-789
-567
-432
-290
-28
347
734
1067
1326
1466
1371
1291
1067
949
1025
1070
1089
1035
1017
1168
1212
1023
935
961
794
545
323
132
-59
-147
-237
-157
-8
314
444
483
317
262
342
331
-44
-802
-1913
-2965
-3414
-3161
-2449
-1381
-63
1123
1906
2159
1881
1226
428
-504
-1466
-2197
-2539
-2539
-2210
-1560
-510
711
1729
2156
2248
2099
1496
553
-429
-1444
-2477
-3141
-3486
-3438
-3027
-2071
-779
309
1148
1800
2277
2288
1772
1057
331
-609
-1578
-2330
-2665
-2613
-2192
-1463
-478
463
1238
1740
1824
1764
1484
1012
410
-365
-1041
-1467
-1876
-2046
-2033
-1803
-1323
-604
21
381
644
828
712
409
-214
-815
-1448
-1970
-2398
-2698
-2717
-2515
-2314
-2178
-2171
-2002
-1893
-2014
-2125
-2233
-2430
-2745
-2962
-3012
-3207
-3269
-3176
-3037
-2812
-2787
-2809
-2742
-2616
-2493
-2434
-2515
-2766
-3137
-3629
-4235
-5197
-6177
-6996
-7442
-7673
-7715
-7662
-7359
-6509
-5466
-4496
-3909
-3351
-2954
-2985
-3378
-3936
-4637
-5353
-5910
-6286
-6477
-6272
-5673
-4821
-3937
-2865
-1953
-1311
-680
-346
-487
-807
-1339
-1649
-2007
-2513
-2747
-2777
-2623
-2173
-1353
-457
227
691
1137
1424
1572
1687
1601
1414
1258
1079
909
1021
1360
1516
1654
1989
2361
2589
2750
2893
2952
2926
2897
2721
2560
2537
2565
2511
2452
2282
2055
2124
2185
1891
1711
1778
1641
1440
1308
1181
985
680
684
945
1079
1059
993
962
1186
1419
1461
1237
937
733
819
1482
2556
3999
5444
6641
7606
8185
8025
7014
5438
3552
1442
-588
-2551
-3997
-4531
-4196
-2991
-1107
1272
3445
5059
5970
6315
6007
4895
3327
1457
-592
-2401
-3671
-4371
-4450
-3676
-2571
-1331
82
1373
2326
2703
2438
1839
988
-331
-1672
-3158
-4324
-5040
-5235
-4912
-4265
-3400
-2554
-1629
-873
-381
-15
-92
-541
-1194
-2006
-2830
-3752
-4510
-4928
-4839
-4580
-4254
-3947
-3582
-3220
-2999
-2835
-2863
-3106
-3471
-3636
-3393
-3260
-3450
-3303
-2844
-2396
-1920
-1478
-1186
-1075
-1116
-1312
-1537
-1695
-2095
-2240
-2426
-2552
-2292
-1934
-1682
-1440
-977
-723
-638
-545
-335
-124
-363
-775
-1199
-2012
-3253
-4318
-5140
-5876
-6438
-6582
-6596
-6402
-5816
-4847
-3931
-3047
-2235
-1746
-1577
-1652
-2097
-2716
-3294
-4175
-5183
-5968
-6358
-6506
-6140
-5555
-4688
-3751
-2916
-2215
-1778
-1592
-1586
-1869
-2561
-3224
-3750
-4357
-4789
-4982
-5045
-4581
-3907
-3229
-2387
-1647
-1154
-791
-590
-425
-432
-523
-684
-730
-584
-487
-489
-449
-95
397
803
1129
1499
1591
1762
1916
2019
1993
1901
1870
1896
1949
2012
1887
1822
1927
1995
1900
1717
1563
1348
1189
1104
1029
883
758
797
820
994
1188
1234
1424
1531
1635
1647
1492
914
225
-482
-1031
-1073
-749
-137
830
2014
3027
3421
3348
2750
1544
117
-962
-1986
-2922
-3341
-3350
-2810
-1714
-296
1146
2483
3355
3750
3484
2507
1206
-191
-1609
-3045
-4240
-4928
-4914
-4148
-2954
-1665
-421
676
1512
2039
2141
2005
1371
375
-889
-2055
-2799
-3258
-3216
-2814
-2249
-1346
-196
803
1349
1734
1878
1842
1462
713
-3
-748
-1555
-2013
-2015
-1982
-1773
-1402
-873
-392
9
456
721
765
544
176
-351
-730
-1011
-1300
-1348
-1250
-1218
-1303
-1150
-874
-713
-779
-975
-1152
-1366
-1783
-2245
-2469
-2569
-2565
-2576
-2650
-2339
-2048
-1897
-1961
-1793
-1432
-1403
-1708
-2116
-2565
-3144
-3963
-4927
-5721
-6532
-7224
-7558
-7715
-7706
-7268
-6675
-5944
-4970
-3939
-3239
-2789
-2630
-2731
-3198
-3982
-4898
-5675
-6166
-6276
-6259
-5899
-5315
-4591
-3628
-2553
-1627
-784
-460
-485
-434
-804
-1239
-1855
-2399
-2658
-2696
-2610
-2138
-1540
-746
173
899
1435
1936
2388
2587
2459
2228
2162
2071
1818
1807
2014
2157
2365
2637
2974
3329
3568
3818
3988
4041
3902
3800
3794
3543
3350
3431
3419
3266
3124
3055
2974
3011
3007
2875
2672
2402
2245
2172
2055
1859
1651
1645
1767
1980
2063
2066
2213
2176
2232
2171
1693
858
86
-296
-149
537
1779
3240
4669
5800
6288
6264
5723
4778
3615
2253
916
-157
-1018
-1479
-1419
-460
838
2147
3359
4354
4987
4920
4426
3667
2508
1222
-52
-1136
-1816
-1914
-1431
-641
233
1185
2208
3057
3564
3769
3389
2480
1519
487
-534
-1403
-1842
-1985
-1858
-1473
-889
-91
786
1526
2031
2025
1784
1369
644
-121
-870
-1632
-2193
-2449
-2449
-2224
-1827
-1229
-802
-488
-227
-40
-75
-424
-851
-1332
-1857
-2343
-2462
-2302
-1959
-1852
-1579
-1208
-944
-810
-896
-797
-679
-918
-1117
-1312
-1549
-1755
-1760
-1699
-1571
-1603
-1571
-1354
-1115
-913
-706
-672
-810
-854
-1005
-1371
-2036
-2863
-3777
-4562
-5247
-5810
-6229
-6311
-6056
-5544
-4546
-3699
-2968
-2242
-1892
-1510
-1417
-1767
-2268
-2980
-4051
-4896
-5309
-5425
-5362
-5030
-4243
-3397
-2516
-1664
-875
-363
-172
-172
-551
-1152
-1735
-2071
-2477
-2819
-2919
-2728
-2362
-1748
-987
-369
318
1036
1475
1484
1432
1232
1132
1091
915
826
886
1086
1399
1640
1983
2322
2705
3040
3134
3025
2895
2881
2805
2621
2591
2663
2591
2570
2585
2701
2720
2647
2593
2362
2068
1854
1691
1478
1304
1290
1466
1454
1412
1456
1754
1791
1760
1752
1675
1738
1625
1013
405
-51
-57
393
1188
2527
4050
5213
5962
6175
5844
5066
3822
2474
1143
-56
-1111
-1798
-1993
-1326
15
1375
2509
3510
4274
4424
3987
3077
1837
707
-630
-1946
-2741
-2986
-2796
-2156
-1217
-90
968
1833
2493
2673
2434
1796
921
-17
-1076
-2032
-2732
-3134
-3049
-2496
-1822
-1057
-199
684
1255
1413
1351
1046
501
-88
-817
-1673
-2220
-2404
-2476
-2326
-2095
-1495
-828
-451
-279
-54
-7
-278
-690
-961
-1082
-1313
-1590
-1722
-1736
-1597
-1361
-1208
-806
-501
-572
-597
-588
-692
-781
-970
-1208
-1457
-1575
-1549
-1420
-1292
-1105
-840
-636
-500
-448
-320
-318
-410
-520
-812
-1408
-2218
-3112
-4064
-4884
-5609
-6049
-5935
-5715
-5368
-4864
-4032
-3031
-2208
-1618
-1261
-1172
-1554
-2277
-2917
-3638
-4381
-5161
-5600
-5361
-4776
-4086
-3270
-2283
-1402
-778
-341
73
357
-38
-761
-1287
-1606
-1960
-2239
-2386
-2130
-1694
-1123
-490
232
1146
1887
2262
2450
2555
2513
2493
2526
2451
2331
2267
2317
2471
2646
3090
3513
3792
4036
4279
4472
4529
4498
4442
4575
4328
4061
4070
4174
4170
4034
3973
3970
3878
3725
3688
3452
3304
3199
3102
2971
2983
3174
2938
2683
2828
3037
3195
3039
2940
3096
3030
2609
1806
1230
1106
1467
2390
3671
4985
6215
7194
7609
7492
6733
5452
4037
2779
1519
445
-154
-337
-2
766
2062
3473
4593
5315
5702
5566
4873
3830
2500
1077
-108
-860
-1332
-1471
-1100
-183
905
2006
2997
3694
3979
3847
3515
2794
1737
618
-302
-1052
-1510
-1495
-1082
-425
111
882
1893
2705
2905
2804
2602
2220
1621
840
-30
-923
-1447
-1461
-1157
-881
-642
-132
323
628
845
877
693
415
86
-299
-489
-805
-986
-916
-758
-552
-248
285
668
745
657
536
444
245
-101
-401
-472
-647
-693
-554
-367
-129
61
114
157
162
352
487
526
310
37
-387
-1181
-1910
-2811
-3831
-4579
-4996
-5328
-5257
-4859
-4218
-3498
-2608
-1661
-857
-312
-133
-462
-1113
-1780
-2676
-3507
-4057
-4354
-4468
-4298
-3672
-2650
-1591
-898
-452
-3
382
668
572
246
-58
-651
-1215
-1581
-1761
-1636
-1264
-730
-157
447
915
1269
1646
1933
1947
1792
1481
1076
963
1039
1170
1475
2129
2666
2797
2631
2376
1949
1411
839
389
233
150
376
1000
1640
2403
3339
3849
3925
3740
3328
2487
1535
564
-41
-158
106
806
1849
3073
4078
5076
6062
6628
6598
6139
5544
4682
3932
3258
2678
2350
2256
2654
3687
5169
6864
8493
9690
10287
10076
9215
7975
6387
4656
3111
1778
750
351
460
1242
2356
3546
4690
5542
5897
5753
5270
4303
2890
1424
184
-878
-1708
-2140
-2078
-1496
-660
292
1221
2010
2496
2686
2456
1971
1233
99
-1108
-1970
-2558
-2932
-3043
-2863
-2412
-1752
-884
-90
416
745
797
484
76
-552
-1186
-1687
-2239
-2516
-2469
-2261
-1958
-1254
-510
79
533
816
1061
925
598
456
314
167
55
280
572
794
1003
1315
1848
2288
2419
2404
2208
1977
1608
1333
1085
794
623
721
766
813
977
1280
1383
1275
1161
1300
1395
1253
1106
774
330
-276
-1052
-2043
-2910
-3519
-4013
-4560
-4781
-4865
-4566
-3857
-2997
-2045
-1172
-652
-492
-759
-1170
-1877
-2706
-3481
-4316
-4913
-5230
-4999
-4595
-3961
-3107
-2237
-1466
-1034
-629
-320
-627
-1118
-1621
-2265
-2944
-3503
-3718
-3765
-3718
-3340
-2811
-2137
-1460
-756
-166
220
547
610
365
-245
-817
-1204
-1630
-1894
-1958
-1708
-1242
-540
242
898
1293
1695
1838
1669
1245
737
99
-509
-893
-921
-745
-568
-258
400
924
1042
1157
1079
747
313
-363
-1328
-2155
-2563
-2700
-2813
-2593
-2208
-1757
-1204
-767
-692
-893
-1449
-2266
-3328
-4560
-5407
-5374
-4605
-3356
-1861
-240
1204
2011
1828
1038
-184
-1876
-3806
-5598
-6981
-7915
-8186
-7462
-6067
-4322
-2329
-797
149
590
459
-211
-1450
-2843
-4284
-5676
-6695
-7010
-6812
-5907
-4628
-3289
-1895
-715
96
503
564
389
-347
-1406
-2451
-3336
-3934
-4317
-4191
-3576
-2825
-1749
-531
431
1056
1470
1526
1327
909
154
-551
-1261
-1908
-2235
-2208
-2056
-1636
-997
-363
206
556
765
713
549
286
-21
-520
-957
-1197
-1313
-1338
-1285
-1000
-581
-92
305
560
629
533
285
-118
-502
-558
-462
-580
-705
-601
-472
-123
207
337
533
662
912
1122
1084
782
527
124
-635
-1455
-2102
-2777
-3454
-3873
-4108
-3827
-3110
-2152
-1215
-349
698
1574
1980
2025
1778
1330
872
130
-366
-803
-1122
-836
-278
433
1321
2353
3265
3984
4307
4434
4331
3994
3598
3035
2414
1866
1521
1612
1714
1902
2231
2839
3483
4143
4421
4360
4401
4401
4157
3718
3393
3294
3153
2888
2850
3090
3313
3435
3632
3881
4007
4044
4056
3911
3690
3503
3340
3124
3008
2862
2806
2898
2982
2925
2846
2819
2722
2607
2431
2142
1978
1840
1827
1877
1871
1795
1717
1814
1988
2212
2358
2415
2347
2276
1881
995
263
29
327
1193
2540
3971
5271
6219
6679
6586
6009
5021
3710
2331
1180
203
-468
-427
230
1176
2272
3550
4705
5463
5695
5644
5121
4030
2823
1684
510
-300
-732
-831
-342
696
1870
2961
3864
4454
4671
4556
4155
3534
2721
1712
734
-102
-460
-410
-231
293
1228
2252
3053
3528
3726
3592
3142
2794
2168
1423
761
224
31
-278
-346
0
520
943
1367
1913
2319
2198
1864
1573
1332
967
701
445
224
154
236
560
1047
1389
1647
1837
1846
1770
1667
1681
1621
1438
1108
994
945
1050
1238
1451
1635
1780
1971
2218
2487
2577
2534
2253
2053
1733
1089
194
-681
-1403
-1917
-2316
-2718
-2727
-2366
-1652
-913
-115
856
1599
2004
2180
1995
1516
865
181
-630
-1445
-1599
-1532
-1162
-658
48
735
1402
2268
2927
3263
3317
2857
2087
1331
683
195
-153
-437
-549
-348
-50
363
891
1495
1852
2022
2052
1861
1540
1103
632
379
235
183
141
102
301
604
768
1079
1204
1165
1111
1177
1282
1025
698
630
679
613
343
285
339
247
125
253
239
120
-66
-348
-731
-1077
-1327
-1316
-1090
-1132
-1106
-867
-769
-939
-1079
-899
-736
-891
-1253
-1707
-2202
-2649
-2624
-1996
-928
502
1942
3248
4030
4035
3346
2372
1052
-536
-2148
-3594
-4447
-4725
-4472
-3554
-2106
-447
1047
2012
2362
2415
2171
1352
-92
-1487
-2943
-4286
-5245
-5373
-4925
-4026
-2926
-1620
-477
410
999
1137
854
224
-666
-1674
-2866
-3982
-4460
-4441
-4081
-3597
-3008
-2101
-1125
-343
138
403
360
71
-505
-1366
-2214
-2848
-3302
-3583
-3610
-3263
-2715
-2264
-1807
-1312
-892
-917
-1015
-991
-1381
-1820
-2116
-2301
-2367
-2230
-2219
-2088
-1702
-1189
-714
-478
-289
-212
-229
-326
-462
-633
-812
-1063
-1076
-703
-534
-500
-356
-175
128
465
624
589
680
653
364
-242
-804
-1408
-2290
-3204
-3880
-4358
-4803
-4923
-4352
-3659
-2879
-1880
-925
-221
211
488
747
558
-155
-925
-1690
-2242
-2822
-3079
-2909
-2330
-1551
-660
227
1154
1772
1914
1868
1843
1514
859
95
-449
-1023
-1434
-1598
-1470
-861
-260
366
827
1143
1435
1737
1784
1567
1294
943
509
269
166
63
267
522
774
1083
1299
1576
1695
1692
1660
1681
1623
1478
1331
1176
1105
1059
904
867
1042
1162
1119
1040
960
710
401
240
134
-23
-120
-24
151
123
117
138
256
350
350
233
164
189
-50
-199
-233
22
584
