-4904
-4627
-4397
-4281
-4065
-3948
-4086
-4238
-4358
-4509
-4712
-5002
-5039
-5003
-4910
-4571
-4177
-3921
-3777
-3731
-3732
-3577
-3380
-3229
-3478
-4088
-4669
-5420
-6291
-7201
-7884
-8395
-8739
-8692
-8279
-7550
-6827
-6006
-5076
-4247
-3543
-3316
-3575
-4044
-4560
-5201
-5890
-6505
-7062
-7283
-7091
-6431
-5505
-4503
-3555
-2684
-2066
-1637
-1524
-1707
-2210
-2778
-3449
-4191
-4596
-4929
-5054
-4871
-4525
-4010
-3334
-2758
-2393
-2118
-2011
-2399
-3133
-3868
-4585
-5104
-5108
-4812
-4119
-3182
-1912
-946
-792
-1303
-2497
-4131
-5996
-7922
-9834
-11295
-11927
-11626
-10769
-9344
-7646
-6150
-5109
-4646
-4863
-5804
-7124
-8857
-10535
-12021
-12987
-13217
-12335
-10532
-8271
-5735
-3178
-891
689
1412
1271
562
-549
-1915
-3453
-5097
-6242
-6406
-5614
-3739
-1066
1767
4390
6346
7190
7224
6357
4620
2303
-157
-2619
-4701
-6196
-6774
-6388
-5271
-3406
-1343
432
1423
1594
1168
192
-1467
-3691
-5835
-7755
-9425
-10471
-10724
-10126
-8833
-7257
-5640
-4370
-3490
-3060
-3428
-4176
-5537
-7323
-8953
-10458
-11693
-12447
-12688
-12410
-11257
-9883
-8436
-6955
-5764
-5086
-4993
-5355
-6404
-7707
-8917
-10116
-11153
-11819
-11983
-11678
-11143
-10213
-8982
-7555
-6487
-5715
-5011
-4509
-4156
-3925
-3945
-3953
-3968
-4035
-3705
-3306
-2799
-2220
-1528
-906
-642
-701
-664
-626
-806
-1033
-1225
-1355
-1669
-1969
-2064
-1880
-1568
-1424
-1561
-1626
-1739
-2031
-2288
-2554
-2743
-2880
-3288
-3851
-4384
-5038
-5721
-6290
-6690
-6686
-6499
-6235
-5912
-5331
-4562
-4013
-3506
-3132
-3072
-3236
-3938
-4942
-5840
-6819
-7470
-7894
-8333
-8598
-8455
-7691
-6816
-6119
-5410
-4774
-4395
-4030
-4039
-4493
-5038
-5449
-5805
-5912
-5829
-5735
-5333
-4552
-3672
-2782
-1785
-958
-128
455
891
1292
1500
1461
1203
792
222
-490
-1386
-2567
-3659
-4473
-4652
-4042
-2230
57
2118
3557
4644
5247
5142
4305
2865
1016
-1055
-2891
-3984
-4088
-3486
-2173
-232
1923
3835
5390
6178
6242
5683
4467
2903
1502
63
-1141
-1627
-1332
-371
1443
3604
5522
6685
7166
7416
7404
7161
6962
7046
7001
6971
7040
7173
6932
6308
5645
4809
3784
2534
1411
602
51
-147
-153
512
1559
2713
3701
4409
4902
4933
4372
3459
2388
1024
-187
-1218
-1934
-2171
-2116
-1833
-1277
-498
281
898
1106
934
524
-19
-726
-1494
-2487
-3468
-4171
-4535
-4618
-4437
-4349
-4198
-3885
-3758
-3657
-3664
-3833
-4000
-4195
-4474
-4828
-4953
-4827
-4742
-4556
-4289
-3938
-3694
-3645
-3575
-3644
-3871
-4035
-4283
-4305
-4194
-4168
-4082
-3744
-3249
-2706
-2310
-1746
-1276
-1160
-980
-992
-1236
-1479
-1790
-2263
-2695
-2960
-3235
-3329
-3409
-3235
-2906
-2632
-2294
-2077
-1867
-1596
-1520
-1753
-2073
-2706
-3692
-4989
-6460
-7911
-9086
-9991
-10719
-10767
-10293
-9565
-8722
-7609
-6502
-5490
-4888
-4827
-4993
-5465
-6148
-7170
-8363
-9436
-10035
-10291
-10252
-10028
-9419
-8653
-7854
-6880
-6236
-5881
-5641
-5811
-6130
-6562
-7277
-7987
-8386
-8520
-8363
-8202
-7749
-7128
-6455
-5874
-5274
-4703
-4085
-3740
-3535
-3298
-3156
-3012
-2820
-2501
-2211
-1997
-1807
-1594
-1221
-1002
-803
-559
-378
-349
-558
-795
-911
-1030
-1217
-1395
-1430
-1267
-1333
-1464
-1336
-1265
-1455
-1558
-1686
-1956
-2156
-2283
-2549
-2792
-2917
-2759
-2733
-2584
-2356
-2328
-2444
-2354
-2341
-2297
-2549
-3145
-3948
-4489
-4555
-4027
-2963
-1726
-437
491
933
739
111
-1036
-2521
-4005
-5565
-6881
-7891
-8148
-7802
-6870
-5386
-3969
-2689
-1757
-1201
-1200
-1805
-2832
-4283
-5862
-7348
-8600
-9227
-9423
-9140
-8131
-6692
-5221
-3939
-3130
-2694
-2565
-2706
-3315
-4387
-5643
-6779
-7661
-8260
-8515
-8376
-7569
-6828
-6183
-5113
-3968
-3251
-3170
-3366
-3679
-4114
-4666
-5338
-5993
-6507
-6894
-7075
-6865
-6481
-6144
-5610
-5100
-4706
-4431
-4350
-4595
-5140
-5807
-6180
-6460
-6594
-6608
-6734
-6752
-6297
-5860
-5510
-5294
-5360
-5503
-5697
-5943
-6277
-6694
-6983
-7026
-6802
-6640
-6575
-6505
-6272
-5857
-5446
-5203
-5065
-4973
-5016
-5120
-5585
-6180
-6813
-7543
-8489
-9418
-10164
-10752
-11142
-11126
-10609
-10075
-9362
-8364
-7248
-6346
-5848
-5577
-5649
-6103
-6791
-7676
-8521
-9229
-9546
-9578
-9532
-9095
-8205
-6949
-5882
-5052
-4216
-3653
-3366
-3367
-3559
-3960
-4589
-5162
-5454
-5676
-5691
-5424
-4871
-4231
-3481
-2572
-1908
-1311
-868
-581
-460
-671
-816
-767
-728
-706
-557
-421
-94
247
519
750
974
1200
1527
1766
1816
1921
1883
1681
1520
1294
1272
1464
1447
1692
1755
1598
1330
1076
944
740
422
278
285
274
173
75
70
318
558
732
854
861
899
871
601
117
-428
-929
-1275
-842
350
1865
3374
4538
5317
5418
4973
4222
3027
1713
412
-889
-1946
-2534
-2490
-1782
-630
840
2131
3034
3705
3946
3530
2654
1511
190
-1197
-2378
-3155
-3434
-3178
-2550
-1569
-271
1007
1882
2189
2304
2135
1510
537
-485
-1472
-2517
-3217
-3627
-3559
-3277
-2585
-1564
-614
111
470
522
543
214
-541
-1254
-2074
-2851
-3343
-3613
-3709
-3562
-3267
-2554
-1896
-1636
-1596
-1534
-1284
-1249
-1687
-2205
-2642
-2969
-3262
-3408
-3251
-3108
-2989
-2790
-2371
-2035
-1927
-1876
-1964
-2032
-2266
-2535
-2631
-2938
-3203
-3172
-3017
-2878
-2726
-2422
-2215
-2089
-1934
-1672
-1599
-1713
-2003
-2465
-3109
-3976
-4877
-5811
-6622
-7202
-7694
-7954
-7630
-6953
-6307
-5573
-4603
-3675
-3045
-2845
-2970
-3426
-3959
-4671
-5809
-6638
-7101
-7400
-7397
-7075
-6329
-5372
-4418
-3535
-2737
-2084
-1846
-2081
-2495
-2952
-3342
-3933
-4529
-4824
-4820
-4697
-4360
-3702
-2953
-2211
-1611
-1153
-816
-550
-516
-591
-726
-1026
-1176
-1281
-1265
-982
-582
-260
64
420
644
850
1009
1101
1339
1462
1351
1209
972
939
832
780
779
689
747
781
689
554
341
66
-62
19
-203
-624
-718
-680
-648
-659
-652
-774
-789
-583
-256
-202
-350
-803
-1530
-2176
-2529
-2419
-1571
-252
1231
2699
3657
4119
3821
2904
1790
362
-1049
-2489
-3737
-4600
-4684
-4126
-3124
-1917
-553
743
1541
1846
1739
1106
-4
-1312
-2935
-4428
-5318
-5673
-5550
-5048
-4346
-3279
-2166
-1197
-434
-44
-34
-395
-1209
-2240
-3573
-4878
-5694
-6124
-6138
-5767
-5115
-4264
-3269
-2469
-2017
-1607
-1436
-1802
-2348
-2972
-3761
-4568
-5285
-5854
-5966
-5877
-5461
-4907
-4377
-3894
-3471
-3309
-3323
-3305
-3521
-3972
-4414
-4813
-5159
-5410
-5286
-5064
-4867
-4643
-4268
-3951
-3749
-3645
-3762
-4029
-4372
-4405
-4323
-4468
-4790
-4877
-4794
-4750
-4561
-4151
-4026
-3920
-3725
-3618
-3423
-3439
-3701
-4085
-4688
-5375
-6154
-7024
-7868
-8639
-9219
-9570
-9550
-8949
-8151
-7259
-6327
-5522
-4740
-4268
-4185
-4455
-5032
-5924
-6902
-7626
-8195
-8476
-8589
-8509
-7849
-6879
-5800
-4867
-4014
-3309
-2888
-2811
-3064
-3503
-3995
-4459
-4924
-5270
-5370
-5125
-4838
-4341
-3725
-3034
-2191
-1579
-1134
-786
-537
-501
-638
-891
-1057
-1018
-895
-886
-742
-439
-146
183
645
1148
1557
1833
1890
1780
1559
1364
1325
1341
1415
1451
1459
1474
1432
1570
1539
1437
1411
1216
929
617
394
475
566
613
734
813
911
881
767
789
974
988
942
575
-359
-1447
-2198
-2285
-2069
-1461
-368
1128
2314
2961
3212
2867
2068
1197
239
-736
-1524
-1957
-2053
-1814
-1102
38
1041
1937
2550
2986
3016
2420
1338
165
-885
-1969
-2955
-3395
-3158
-2491
-1592
-686
232
1208
2061
2620
2627
2203
1438
547
-374
-1179
-1880
-2433
-2550
-2166
-1527
-743
114
974
1608
2045
2022
1740
1372
580
-235
-928
-1592
-2078
-2255
-2195
-1902
-1396
-743
-94
491
673
714
477
38
-463
-906
-1472
-1895
-2094
-2325
-2419
-2370
-2243
-2078
-1815
-1572
-1485
-1734
-1762
-1857
-2157
-2349
-2492
-2537
-2660
-2858
-3000
-3007
-2798
-2544
-2394
-2204
-2022
-2019
-2145
-2267
-2286
-2591
-3292
-4280
-5312
-6299
-7016
-7498
-7737
-7896
-7774
-7314
-6338
-5260
-4424
-3657
-3149
-2791
-2832
-3250
-3823
-4565
-5433
-6259
-6843
-7021
-6813
-6275
-5299
-4307
-3291
-2294
-1628
-1133
-801
-909
-1161
-1499
-2054
-2593
-3134
-3352
-3187
-2838
-2405
-1893
-1109
-366
205
843
1184
1333
1212
968
750
491
294
217
269
530
791
1126
1487
1693
1968
2254
2518
2651
2603
2381
2243
1993
1730
1624
1569
1367
1286
1314
1357
1527
1532
1434
1146
834
849
780
612
326
167
137
75
45
95
247
440
497
468
445
192
-43
-148
-160
106
1113
2638
4011
5205
6165
6681
6500
5578
4269
2539
574
-1399
-3201
-4575
-5048
-4596
-3434
-1626
392
2222
3711
4617
4927
4657
3736
2395
578
-1332
-2975
-4351
-5053
-5129
-4472
-3340
-1943
-600
550
1354
1561
1383
816
-202
-1458
-2756
-4104
-5084
-5687
-6020
-5808
-4932
-3808
-2712
-1826
-1136
-766
-745
-899
-1458
-2123
-3019
-3887
-4499
-4964
-5236
-5356
-5335
-5038
-4483
-3970
-3770
-3555
-3503
-3576
-3897
-4263
-4461
-4325
-4283
-4283
-4234
-3989
-3466
-2945
-2690
-2595
-2575
-2360
-2297
-2507
-2803
-3131
-3162
-3221
-3264
-3158
-3010
-2704
-2222
-1882
-1738
-1603
-1424
-1510
-1523
-1436
-1611
-2197
-2908
-3600
-4606
-5712
-6507
-6901
-7114
-7333
-7330
-6761
-5931
-5065
-4013
-3034
-2530
-2328
-2348
-2631
-3224
-4248
-5333
-6278
-6938
-7219
-7263
-6804
-6148
-5401
-4345
-3409
-2812
-2360
-2037
-2132
-2457
-2909
-3327
-3981
-4612
-4848
-4795
-4796
-4585
-3987
-3260
-2581
-1982
-1272
-664
-390
-479
-529
-462
-581
-808
-1058
-961
-777
-546
-252
171
583
757
997
1384
1578
1653
1913
2031
1991
1844
1792
1801
1760
1644
1667
1783
1767
1662
1461
1243
1170
1074
1038
1000
901
770
666
837
881
939
988
1006
1069
1076
1059
924
619
134
-646
-1176
-1152
-777
57
1143
2278
3214
3696
3556
2967
2047
880
-576
-2040
-2960
-3213
-3161
-2679
-1617
-149
1366
2723
3568
3667
3356
2576
1516
175
-1264
-2807
-3956
-4498
-4417
-3883
-3066
-1975
-523
647
1519
2092
2108
1725
975
77
-854
-1905
-2751
-3132
-3194
-2913
-2262
-1333
-154
733
1167
1550
1783
1629
1057
228
-476
-1025
-1651
-2179
-2387
-2176
-1808
-1389
-1029
-579
33
356
427
401
276
-108
-595
-901
-1110
-1309
-1539
-1604
-1417
-1333
-1202
-948
-750
-771
-923
-1233
-1483
-1658
-1963
-2302
-2406
-2442
-2314
-2090
-1945
-1855
-1792
-1630
-1457
-1396
-1419
-1475
-1554
-1875
-2623
-3538
-4350
-5151
-6005
-6784
-7318
-7463
-7237
-6885
-6357
-5561
-4593
-3519
-2883
-2644
-2630
-2672
-2983
-3637
-4460
-5442
-6176
-6399
-6240
-5962
-5337
-4567
-3670
-2589
-1699
-1064
-613
-389
-567
-942
-1326
-1789
-2214
-2505
-2662
-2593
-2386
-1924
-1151
-194
574
1102
1601
1938
1947
1920
1960
1860
1669
1581
1537
1582
1693
1873
2213
2567
3137
3552
3690
3783
3752
3752
3651
3521
3428
3368
3176
3161
3170
3115
3152
3065
2903
2930
2829
2535
2251
2158
2064
1867
1720
1622
1620
1634
1762
1970
1952
1984
1935
1795
1639
1461
909
163
-112
68
546
1637
3146
4578
5508
5976
5981
5312
4363
3183
1851
631
-488
-1336
-1654
-1484
-572
787
2192
3437
4262
4825
4939
4394
3455
2289
945
-320
-1412
-2187
-2219
-1773
-1204
-428
683
1836
2657
2972
3000
2736
2015
1197
158
-826
-1617
-2288
-2465
-2248
-1668
-983
-236
515
1295
1796
1684
1303
993
652
-24
-875
-1623
-2216
-2614
-2632
-2413
-2087
-1584
-1033
-504
-360
-274
-477
-822
-1118
-1477
-1908
-2419
-2593
-2584
-2343
-2066
-1790
-1492
-1274
-992
-981
-1206
-1299
-1412
-1591
-1889
-2191
-2119
-2178
-2223
-2103
-1962
-1666
-1398
-1307
-1087
-967
-972
-879
-787
-960
-1424
-2202
-3115
-4053
-5022
-5923
-6619
-6902
-6779
-6329
-5577
-4685
-3939
-3246
-2447
-1720
-1528
-1730
-2243
-2822
-3573
-4438
-5179
-5579
-5761
-5753
-5226
-4397
-3479
-2599
-1859
-1289
-775
-671
-650
-888
-1547
-2068
-2585
-2977
-3222
-3233
-2799
-2368
-2000
-1514
-834
8
683
1000
1116
1185
1265
1160
798
557
604
680
904
1094
1362
1531
1806
2206
2455
2701
2782
2877
2728
2478
2301
2139
2301
2498
2369
2197
2298
2401
2338
2260
2237
2135
1814
1577
1544
1429
1340
1110
1123
1293
1459
1524
1570
1571
1614
1550
1481
1174
742
213
-247
-319
40
997
2341
3773
5073
5864
6131
5571
4596
3494
2215
772
-628
-1572
-1903
-1929
-1510
-429
989
2442
3527
4027
4107
3794
3114
2037
651
-643
-1833
-2756
-3179
-3106
-2462
-1384
-371
680
1552
2129
2312
2115
1687
1025
103
-1006
-2155
-2851
-3156
-3164
-2650
-1991
-1282
-369
447
916
1043
993
757
182
-452
-1241
-2102
-2665
-2937
-3025
-2882
-2448
-1844
-1231
-742
-493
-459
-433
-739
-1055
-1384
-1760
-2077
-2244
-2256
-2199
-1992
-1804
-1463
-1110
-771
-609
-680
-814
-972
-1039
-1222
-1424
-1504
-1561
-1639
-1605
-1429
-1268
-1050
-819
-678
-627
-651
-665
-512
-571
-889
-1513
-2368
-3294
-4306
-5092
-5704
-6065
-6141
-6078
-5694
-4957
-4070
-3129
-2172
-1515
-1184
-1343
-1839
-2369
-3101
-3820
-4341
-4916
-5315
-5431
-4985
-3967
-3334
-2753
-1886
-981
-191
159
-7
-253
-520
-1113
-1669
-2117
-2257
-2229
-2160
-1852
-1353
-727
41
802
1539
2001
2203
2259
2079
1965
1989
1908
1825
1970
2090
2250
2497
2870
3282
3595
3906
4110
4095
4038
4088
4033
4021
3957
3779
3771
3874
3941
3819
3716
3667
3646
3524
3343
3229
3168
3030
2699
2562
2640
2618
2576
2601
2586
2490
2689
3053
3182
2976
2666
2339
1830
1191
790
919
1683
2889
4339
5614
6568
6927
6781
6124
5022
3764
2441
1163
84
-638
-782
-286
685
1953
3278
4295
4958
5371
5302
4707
3647
2341
950
-358
-1190
-1826
-1844
-1380
-474
682
1784
2634
3142
3499
3552
3250
2547
1544
498
-518
-1366
-1868
-1746
-1422
-762
89
740
1402
2103
2568
2635
2305
1768
986
268
-395
-915
-1265
-1577
-1557
-1246
-729
-256
179
540
788
923
767
335
-112
-435
-768
-1043
-1142
-1214
-1039
-788
-536
-196
39
308
475
405
210
-11
-215
-532
-963
-1190
-1181
-927
-650
-455
-364
-157
49
34
-33
113
242
128
-220
-784
-1490
-2301
-2992
-3835
-4577
-5068
-5421
-5329
-4877
-4334
-3544
-2618
-1827
-1057
-598
-392
-626
-1192
-2006
-2988
-3830
-4246
-4519
-4613
-4460
-3920
-3084
-2142
-1058
-152
278
438
457
205
-56
-390
-915
-1391
-1757
-2138
-2109
-1627
-1118
-593
151
842
1430
1853
2050
2063
1875
1621
1398
1235
1138
1160
1516
2109
2536
2768
2922
2889
2552
2161
1532
862
435
314
690
1163
1790
2685
3584
4194
4316
4146
3639
2885
2019
1098
326
7
347
1123
2046
3214
4543
5767
6690
7116
7099
6661
5919
4911
4001
3418
2974
2574
2589
2976
3951
5338
7034
8544
9811
10486
10337
9573
8204
6573
5004
3387
1790
795
507
823
1496
2541
3831
5136
5902
6250
6108
5657
4692
3345
2004
560
-782
-1660
-1911
-1608
-1018
-189
887
1822
2366
2744
2777
2555
2032
1178
107
-1015
-1773
-2517
-2980
-3034
-2688
-2161
-1473
-736
120
748
1094
1097
720
271
-395
-1084
-1553
-1950
-2363
-2558
-2256
-1678
-1064
-596
-97
450
960
1221
1252
1125
947
565
107
-9
50
326
620
1004
1313
1639
1971
2136
2067
1984
1998
1830
1427
1098
943
948
1110
1212
1166
1153
1208
1260
1304
1323
1470
1521
1364
1197
878
315
-461
-1354
-2200
-3057
-3676
-4445
-4978
-5091
-4921
-4438
-3664
-2965
-2307
-1548
-1168
-984
-1043
-1353
-2205
-3193
-3987
-4662
-5278
-5704
-5739
-5287
-4429
-3541
-2811
-2219
-1571
-1134
-1042
-1244
-1640
-2283
-2893
-3534
-4196
-4350
-4334
-4294
-4035
-3396
-2392
-1618
-1156
-621
-344
-120
-134
-406
-713
-1010
-1517
-1989
-2342
-2486
-2131
-1600
-852
-200
277
861
1403
1410
1103
527
-75
-603
-1208
-1711
-1718
-1431
-1049
-624
-67
413
711
822
634
314
-385
-1152
-1860
-2490
-3107
-3396
-3389
-3000
-2503
-2081
-1600
-1299
-1223
-1390
-1911
-2704
-3952
-5348
-6105
-6168
-5425
-4017
-2197
-470
664
1354
1082
186
-1178
-2810
-4559
-6211
-7589
-8421
-8605
-7936
-6580
-4809
-2998
-1619
-434
136
-93
-871
-2089
-3458
-5044
-6418
-7252
-7687
-7512
-6730
-5381
-4013
-2608
-1367
-480
-107
-56
-361
-1079
-2160
-3372
-4430
-5251
-5353
-5085
-4488
-3828
-2916
-1722
-361
587
913
1031
647
152
-404
-1178
-1868
-2441
-2909
-3000
-2620
-2114
-1571
-1014
-486
44
224
159
82
-240
-596
-1018
-1401
-1442
-1596
-1589
-1382
-1095
-751
-336
-57
23
39
-113
-364
-556
-834
-1188
-1385
-1300
-1168
-1042
-751
-476
-229
84
358
708
1015
1076
973
748
483
74
-515
-1173
-1837
-2720
-3442
-3778
-3721
-3416
-2911
-2104
-1050
-70
792
1571
2015
1989
1573
1042
597
30
-658
-1082
-1301
-1186
-646
22
927
2017
2936
3486
3942
4353
4368
4086
3659
3119
2577
2134
1622
1479
1607
1899
2297
2807
3402
4014
4352
4385
4298
4202
4091
3813
3453
3090
2813
2653
2750
2876
2967
3293
3592
3790
3923
3916
3874
3867
3915
3741
3467
3089
3065
3216
3232
3157
3073
3147
3044
2840
2791
2728
2620
2426
2203
2051
1945
1948
1952
1880
1894
1981
2052
2131
2240
2324
2316
2202
1903
1304
591
145
155
590
1694
3297
4849
5836
6244
6062
5462
4479
3480
2412
1345
379
-239
-223
543
1605
2779
3841
4832
5623
5868
5747
5230
4242
3021
1825
739
-72
-522
-357
173
979
1978
3166
4137
4705
4976
4934
4437
3666
2867
1933
1053
349
-121
-54
420
1012
1819
2704
3433
3990
4181
4272
4130
3544
2790
1999
1179
598
231
246
386
611
1047
1749
2183
2329
2440
2565
2584
2320
1930
1538
1042
708
723
748
852
936
1195
1577
1944
2167
2230
2205
2061
1752
1542
1382
1191
1121
1039
1077
1292
1563
1572
1724
1990
2332
2438
2510
2401
2266
2060
1579
926
264
-542
-1336
-1820
-2324
-2708
-2625
-2258
-1454
-594
137
788
1404
1952
2224
1892
1333
687
83
-531
-1192
-1787
-1869
-1360
-766
-47
784
1738
2524
2986
3117
3067
2881
2509
1760
1019
479
159
-140
-451
-392
155
743
1232
1738
2059
2137
2215
2093
1815
1504
1158
782
525
282
194
353
661
807
930
1142
1426
1619
1600
1556
1396
1153
1052
967
749
419
494
724
533
482
322
110
61
-62
-306
-653
-747
-747
-786
-982
-1207
-1330
-1092
-795
-716
-790
-765
-685
-604
-743
-1089
-1561
-1982
-2219
-2058
-1280
-79
1509
3041
4190
4692
4493
3796
2609
1038
-645
-2274
-3681
-4591
-4825
-4408
-3339
-1984
-419
1158
2395
2999
3007
2552
1737
470
-1161
-2881
-4316
-5062
-5266
-5041
-4084
-2760
-1473
-392
459
876
936
717
196
-812
-1944
-2959
-3849
-4646
-5024
-4730
-4144
-3316
-2335
-1340
-527
19
292
235
-103
-714
-1511
-2332
-3001
-3660
-4016
-4048
-3653
-3120
-2540
-2159
-1788
-1501
-1378
-1477
-1664
-1631
-1788
-1907
-2178
-2477
-2504
-2364
-2022
-1530
-977
-585
-327
-395
-438
-386
-482
-774
-1103
-1221
-1160
-1070
-1049
-895
-603
-194
196
450
664
740
799
702
493
335
119
-527
-1295
-2064
-2897
-3705
-4330
-4557
-4283
-3810
-3422
-2765
-1979
-994
-135
389
716
687
197
-360
-1006
-1725
-2465
-2986
-3111
-2900
-2500
-1719
-779
70
745
1525
1947
1968
1751
1199
534
82
-518
-1141
-1498
-1623
-1459
-1074
-625
-42
556
976
1298
1531
1478
1169
875
632
470
209
-91
-160
-16
250
507
729
904
1215
1556
1689
1572
1526
1480
1334
1110
950
1095
1076
1061
1168
1300
1326
1279
1299
1197
978
776
566
371
206
52
-83
-17
96
245
463
609
507
470
682
769
515
128
-362
-641
-479
124
