-5285
-5042
-4649
-4447
-4426
-4406
-4356
-4589
-4928
-5238
-5205
-5123
-5296
-5333
-5171
-5065
-4923
-4634
-4328
-4246
-4358
-4157
-3945
-3967
-4167
-4679
-5158
-5913
-6917
-7924
-8656
-9157
-9374
-9299
-8953
-8310
-7441
-6572
-5640
-4946
-4193
-3750
-3731
-4165
-4914
-5607
-6249
-6839
-7175
-7101
-6931
-6491
-5480
-4457
-3551
-2643
-1974
-1592
-1408
-1533
-2018
-2524
-3126
-3786
-4218
-4459
-4578
-4660
-4330
-3760
-3112
-2499
-2097
-1829
-1845
-2304
-2901
-3749
-4616
-4998
-5119
-4917
-4286
-3307
-1996
-1092
-994
-1503
-2515
-3995
-5886
-7890
-9723
-11206
-12022
-11956
-10960
-9536
-7873
-6457
-5405
-4839
-5117
-6123
-7594
-9266
-11146
-12645
-13463
-13604
-12723
-10960
-8734
-6032
-3426
-1453
-129
743
888
217
-936
-2289
-3908
-5475
-6283
-6124
-4852
-2625
169
2978
5600
7507
8269
7958
6872
5017
2470
-517
-3337
-5775
-7381
-8018
-7682
-6315
-4155
-1894
-150
1278
2107
2084
1301
-355
-2725
-5338
-7766
-9716
-10901
-11161
-10662
-9679
-8163
-6349
-4795
-3721
-3221
-3410
-3905
-5018
-6784
-8687
-10492
-12011
-13102
-13441
-12867
-12062
-11031
-9609
-8152
-6931
-6011
-5750
-6047
-6593
-7484
-8822
-10271
-11530
-12274
-12608
-12611
-12255
-11350
-10192
-8978
-7678
-6580
-5829
-5348
-5033
-4838
-4688
-4680
-4505
-4396
-3919
-3364
-2787
-2121
-1552
-1086
-671
-478
-514
-751
-1053
-1462
-1609
-1671
-1752
-1858
-1735
-1561
-1439
-1193
-1174
-1422
-1629
-1728
-1780
-2015
-2371
-2645
-3029
-3423
-4068
-4803
-5343
-5817
-6216
-6470
-6400
-6134
-5762
-5187
-4436
-3609
-2835
-2392
-2433
-2817
-3547
-4362
-5060
-5908
-6782
-7660
-8362
-8400
-8181
-7705
-6955
-6206
-5279
-4586
-4372
-4314
-4244
-4297
-4742
-5423
-5959
-6224
-6275
-6101
-5623
-4821
-4009
-3172
-2179
-1203
-234
545
807
1027
1118
1184
1057
735
30
-901
-1898
-3078
-4290
-5089
-5087
-3985
-2108
-283
1609
3243
4555
5312
5202
4303
2626
731
-1221
-2729
-3716
-3936
-3216
-1765
0
2060
3970
5446
6424
6360
5634
4608
3118
1356
-190
-1190
-1697
-1432
-256
1632
3772
5604
7027
7830
8198
8232
8162
8225
8220
8303
8457
8089
7693
7274
6672
5821
4579
3215
1876
749
14
-417
-576
-348
425
1527
2677
3722
4484
4947
5062
4475
3419
2172
902
-407
-1532
-2259
-2740
-2803
-2287
-1557
-981
-413
92
426
444
74
-490
-1201
-2282
-3280
-3987
-4649
-5112
-5196
-5247
-5210
-5075
-4857
-4497
-4294
-4175
-4090
-4310
-4695
-4831
-4900
-5042
-5046
-4929
-4845
-4639
-4353
-4316
-4440
-4496
-4525
-4563
-4540
-4372
-4493
-4536
-4329
-4076
-3723
-3048
-2278
-1611
-1317
-1123
-704
-498
-481
-756
-1251
-1789
-2298
-2660
-2774
-2963
-3079
-2948
-2662
-2393
-2126
-1921
-1688
-1423
-1303
-1188
-1286
-1864
-2600
-3632
-4876
-6443
-7807
-9008
-9959
-10440
-10565
-10243
-9565
-8553
-7468
-6295
-5368
-4639
-4285
-4352
-5148
-6113
-7243
-8296
-9062
-9834
-10357
-10543
-10208
-9524
-8667
-7699
-6902
-6253
-5945
-5819
-5831
-6292
-6937
-7628
-8181
-8748
-8959
-8953
-8652
-7936
-7417
-6898
-6203
-5475
-4846
-4269
-3828
-3645
-3592
-3285
-3093
-2942
-2607
-2329
-2075
-1803
-1348
-880
-554
-320
-262
-305
-366
-431
-448
-612
-877
-1018
-1192
-1326
-1317
-1121
-889
-831
-875
-1057
-1208
-1593
-1878
-2023
-2120
-2241
-2537
-2832
-2896
-2784
-2621
-2487
-2335
-2207
-2004
-1857
-1952
-2135
-2678
-3427
-3902
-3978
-3565
-2674
-1594
-316
769
1167
1087
528
-592
-2003
-3636
-5237
-6666
-7766
-8249
-7846
-6913
-5725
-4324
-3038
-2041
-1434
-1455
-1984
-2943
-4297
-5772
-7145
-8446
-9319
-9381
-9083
-8408
-7043
-5501
-4099
-3113
-2493
-2146
-2378
-3064
-4159
-5391
-6526
-7593
-8404
-8683
-8412
-7767
-6783
-5618
-4536
-3727
-3272
-3054
-3055
-3429
-4057
-4710
-5532
-6248
-6664
-6990
-7047
-6892
-6512
-5948
-5422
-4804
-4370
-4238
-4197
-4297
-4780
-5395
-5772
-6080
-6361
-6419
-6297
-6044
-5856
-5610
-5345
-5241
-5363
-5501
-5613
-5887
-5936
-5987
-6329
-6577
-6651
-6691
-6540
-6196
-5832
-5448
-5198
-5327
-5424
-5181
-5139
-5273
-5602
-6109
-6760
-7736
-8846
-9843
-10601
-11309
-11678
-11545
-11140
-10456
-9524
-8379
-7412
-6567
-6057
-5685
-5765
-6285
-7093
-7895
-8685
-9593
-10206
-10393
-10009
-9432
-8552
-7365
-6214
-5242
-4397
-3690
-3298
-3259
-3675
-4331
-4878
-5237
-5579
-5932
-5927
-5600
-5232
-4606
-3704
-2910
-2219
-1580
-1133
-1018
-990
-1014
-1114
-1159
-1085
-1016
-941
-952
-782
-369
-6
293
670
954
1139
1193
1307
1359
1223
1032
969
832
703
853
1017
900
634
534
434
245
95
-60
-331
-545
-546
-620
-675
-716
-728
-603
-372
-148
-36
22
154
181
-47
-432
-1166
-1601
-1690
-1405
-345
1225
2637
3753
4725
5171
4680
3614
2312
987
-277
-1563
-2660
-3264
-3433
-2909
-1901
-398
1212
2298
2993
3268
3006
2132
853
-478
-1844
-3049
-3978
-4297
-4094
-3459
-2455
-1316
-160
842
1501
1779
1609
1067
160
-975
-2061
-3116
-3949
-4404
-4516
-4097
-3326
-2389
-1429
-618
-17
190
2
-410
-1005
-1824
-2421
-2989
-3693
-4197
-4427
-4395
-4103
-3574
-2883
-2381
-2074
-1783
-1649
-1800
-2066
-2532
-3101
-3554
-3658
-3677
-3805
-3695
-3324
-2868
-2533
-2438
-2206
-2065
-2229
-2474
-2708
-3005
-3413
-3669
-3646
-3591
-3408
-3227
-3048
-2793
-2641
-2380
-2175
-2044
-1846
-1951
-2095
-2655
-3509
-4286
-5048
-5836
-6752
-7557
-7996
-8326
-7976
-7410
-6731
-5857
-4902
-4012
-3393
-2988
-3008
-3375
-3932
-4738
-5619
-6563
-7242
-7559
-7674
-7190
-6435
-5603
-4545
-3629
-2808
-2328
-1994
-1880
-2274
-2750
-3309
-3924
-4547
-5090
-5199
-4908
-4497
-3781
-3025
-2296
-1815
-1372
-910
-645
-360
-248
-476
-799
-1055
-913
-845
-798
-724
-533
-271
189
750
1194
1357
1396
1423
1524
1569
1364
1248
1310
1159
1103
1070
999
869
1021
960
765
621
465
326
146
-68
-261
-557
-594
-494
-325
-243
-156
-26
167
204
190
-48
-587
-1327
-1932
-2296
-2170
-1475
-199
1515
3082
3970
4328
4120
3455
2365
1080
-402
-2016
-3174
-3930
-4365
-4074
-3050
-1683
-146
1089
1974
2398
2320
1654
640
-710
-2350
-4014
-5159
-5799
-5772
-5184
-4276
-3128
-1845
-770
-63
251
212
-217
-907
-1654
-2687
-3794
-4832
-5506
-5744
-5445
-4805
-3922
-2998
-2139
-1400
-942
-849
-1367
-1969
-2715
-3520
-4238
-4877
-5270
-5606
-5709
-5309
-4646
-4120
-3636
-3096
-2845
-2885
-2956
-3071
-3597
-4148
-4500
-4723
-4761
-4702
-4637
-4382
-4156
-3918
-3461
-3198
-3122
-3082
-3254
-3519
-3753
-4074
-4308
-4484
-4586
-4455
-4198
-3904
-3774
-3645
-3379
-3260
-3442
-3301
-3182
-3376
-3673
-4271
-5043
-5893
-6864
-7857
-8693
-9329
-9425
-9028
-8554
-8082
-7407
-6380
-5438
-4714
-4204
-4096
-4332
-4785
-5714
-6690
-7543
-8136
-8535
-8576
-8254
-7668
-6750
-5769
-4855
-4104
-3313
-2729
-2551
-2718
-3328
-3889
-4140
-4528
-5047
-5336
-5344
-4902
-4165
-3578
-2867
-2184
-1575
-1148
-739
-471
-414
-589
-762
-1012
-1105
-1018
-850
-553
-264
9
357
761
976
1203
1433
1681
1832
1763
1579
1427
1409
1248
1245
1101
959
1106
1393
1373
1145
892
625
602
572
398
172
105
165
267
181
301
448
559
512
447
344
248
105
-333
-1050
-1639
-1942
-1582
-644
814
2407
3613
4202
4223
3717
2810
1757
515
-615
-1875
-2717
-3065
-2843
-1939
-694
665
1887
2763
3145
2903
2206
1297
287
-1013
-2279
-3299
-3933
-4121
-3729
-3079
-2065
-745
460
1331
1877
1978
1747
1013
105
-656
-1560
-2478
-3214
-3489
-3273
-2692
-1774
-802
39
753
1181
1247
1019
681
155
-733
-1823
-2588
-2948
-3174
-3224
-2892
-2217
-1506
-1150
-913
-685
-638
-588
-796
-1176
-1586
-1913
-2297
-2756
-3077
-3181
-2966
-2610
-1973
-1513
-1468
-1523
-1528
-1636
-1828
-1972
-2238
-2559
-2829
-2933
-2920
-2799
-2529
-2326
-2367
-2314
-2134
-1896
-1845
-1911
-2018
-2162
-2685
-3468
-4144
-4884
-6003
-6894
-7375
-7744
-7848
-7452
-6763
-5943
-5173
-4496
-3594
-2899
-2632
-2711
-3186
-3834
-4625
-5374
-6081
-6672
-7045
-6760
-6127
-5372
-4369
-3286
-2328
-1562
-1189
-1087
-1157
-1401
-1754
-2308
-2841
-3256
-3482
-3380
-3101
-2822
-2246
-1514
-708
-27
534
950
1095
1055
845
704
603
340
277
495
650
795
943
1318
1784
2291
2401
2510
2634
2717
2550
2330
2128
1991
2114
2329
2280
2073
1867
1748
1692
1601
1386
1409
1340
1146
1075
862
670
558
466
402
528
677
842
921
1095
1107
914
626
255
-45
-319
-277
205
1356
2761
4310
5622
6211
6171
5553
4559
3177
1619
-136
-1778
-2838
-3267
-3340
-2669
-1262
487
2087
3368
4277
4641
4339
3564
2348
658
-946
-2428
-3489
-4116
-4223
-3732
-2764
-1431
-185
783
1610
2052
2030
1431
424
-714
-1965
-2994
-3877
-4390
-4561
-4395
-3793
-2714
-1660
-892
-192
232
388
108
-528
-1290
-2136
-2888
-3494
-3930
-4207
-4151
-3942
-3639
-3275
-2863
-2395
-1921
-1835
-1999
-2299
-2766
-3254
-3442
-3478
-3455
-3308
-2998
-2780
-2484
-2090
-1805
-1658
-1698
-1831
-2035
-2246
-2446
-2583
-2653
-2609
-2760
-2718
-2435
-2183
-1879
-1541
-1336
-1449
-1632
-1639
-1672
-1936
-2280
-2828
-3601
-4475
-5449
-6390
-7181
-7736
-7784
-7422
-6764
-5924
-5194
-4314
-3272
-2596
-2252
-2444
-3013
-3469
-4145
-5269
-6242
-6948
-7272
-7281
-6963
-6156
-5109
-4274
-3390
-2566
-1914
-1774
-1936
-2182
-2464
-2918
-3501
-3908
-4263
-4304
-4321
-4112
-3466
-2685
-1994
-1306
-845
-275
8
186
193
47
-93
-256
-561
-581
-523
-296
133
737
1073
1140
1377
1849
2057
2057
2187
2272
2107
1806
1815
1782
1579
1506
1492
1607
1700
1588
1488
1413
1194
1001
825
660
437
334
402
531
521
390
471
541
628
659
571
575
161
-519
-1142
-1456
-1393
-873
183
1439
2782
3977
4491
4356
3685
2477
1133
-248
-1518
-2492
-3183
-3524
-3223
-2189
-754
785
2048
2833
3102
2839
2277
1241
-47
-1480
-2935
-4030
-4721
-4706
-4046
-3069
-1776
-493
454
1015
1566
1889
1615
957
-24
-1061
-2139
-3021
-3571
-3834
-3619
-2890
-1978
-1028
44
792
1148
1177
1076
724
162
-791
-1890
-2596
-2936
-3126
-3113
-2693
-2202
-1730
-1323
-968
-707
-606
-690
-918
-1314
-1775
-2276
-2487
-2366
-2445
-2457
-2150
-1823
-1628
-1398
-1188
-1040
-1186
-1390
-1621
-1975
-2184
-2507
-2649
-2566
-2584
-2444
-2270
-2201
-1919
-1686
-1390
-1234
-1376
-1610
-1819
-2042
-2512
-3210
-4080
-5037
-5775
-6507
-7077
-7504
-7412
-6791
-6146
-5342
-4305
-3347
-2699
-2268
-2112
-2298
-2822
-3578
-4360
-5115
-5778
-6190
-6453
-6262
-5394
-4236
-3191
-2270
-1489
-791
-376
-314
-459
-770
-1224
-1909
-2532
-2788
-2830
-2824
-2650
-2160
-1441
-767
-153
476
995
1335
1487
1604
1626
1540
1379
1298
1269
1214
1251
1506
1803
2243
2639
2915
3186
3295
3328
3382
3284
3138
2881
2774
2952
3089
3088
3098
3081
3058
2869
2567
2442
2304
2022
1794
1615
1544
1342
1295
1514
1608
1546
1497
1527
1702
1766
1738
1699
1545
1037
256
-233
-87
628
1675
3156
4686
5821
6356
6255
5764
4807
3521
2109
731
-588
-1545
-1724
-1408
-809
241
1786
3177
4147
4789
4669
4126
3384
2301
930
-489
-1725
-2646
-3065
-2807
-1904
-608
619
1574
2462
3035
3163
2882
2224
1357
293
-1019
-2272
-2929
-3042
-2895
-2151
-1206
-342
323
1000
1526
1806
1705
1343
647
-73
-891
-1694
-2292
-2813
-2904
-2567
-2106
-1632
-1183
-786
-538
-356
-243
-446
-968
-1413
-1622
-1827
-2078
-2178
-2062
-1871
-1705
-1476
-969
-712
-561
-453
-510
-645
-1010
-1399
-1697
-1867
-1917
-1838
-1675
-1413
-1250
-1125
-880
-654
-497
-437
-421
-522
-821
-1393
-2158
-2830
-3491
-4511
-5435
-6070
-6388
-6327
-6138
-5488
-4746
-3823
-2826
-2040
-1395
-1195
-1406
-1835
-2461
-3276
-4180
-5034
-5483
-5654
-5579
-5194
-4336
-3291
-2385
-1506
-860
-418
-254
-275
-513
-953
-1583
-2224
-2789
-3001
-2903
-2669
-2187
-1499
-743
-171
284
724
1165
1484
1468
1337
1080
953
907
791
730
845
1091
1443
1877
2282
2550
2796
2987
3058
3117
3234
3154
2880
2684
2595
2478
2527
2695
2833
2739
2410
2365
2386
2185
1939
1690
1565
1419
1299
1259
1197
1330
1458
1416
1408
1574
1833
2034
1966
1584
1056
590
8
-209
228
1263
2643
3930
5157
5994
6170
5855
5002
3839
2564
1130
-195
-1244
-1809
-1904
-1402
-434
970
2479
3688
4277
4352
4128
3471
2368
1132
-225
-1501
-2408
-3041
-3058
-2478
-1349
-189
958
2081
2628
2710
2640
2218
1344
332
-716
-1545
-2365
-2838
-2829
-2517
-1764
-868
120
909
1359
1768
1751
1384
751
-182
-962
-1641
-2189
-2694
-2749
-2494
-2145
-1637
-1186
-872
-626
-294
-172
-374
-863
-1219
-1510
-1777
-1993
-2078
-1862
-1684
-1562
-1203
-809
-499
-451
-495
-456
-667
-959
-1228
-1392
-1552
-1651
-1627
-1601
-1513
-1375
-1165
-1002
-802
-591
-502
-399
-365
-652
-1146
-1730
-2508
-3344
-4168
-5022
-5789
-6280
-6305
-5990
-5644
-5014
-4199
-3220
-2340
-1807
-1516
-1409
-1703
-2249
-2938
-3787
-4575
-5065
-5358
-5292
-5032
-4594
-3724
-2609
-1513
-601
30
272
270
-154
-644
-1113
-1622
-2079
-2447
-2592
-2149
-1611
-1259
-775
-163
500
1290
1889
2144
2145
2182
2187
1982
1695
1655
1847
2040
2126
2351
2599
2934
3228
3555
3833
4005
4131
4065
3869
3675
3414
3240
3184
3139
2960
2955
3022
2997
3088
2975
2812
2621
2517
2412
2202
2016
1977
1987
1855
1829
2049
2158
2268
2186
2155
2128
2088
1755
1142
534
277
411
1168
2548
4073
5415
6248
6662
6618
6036
4951
3534
2040
753
-321
-1089
-1389
-1074
-89
1115
2620
3841
4513
4804
4755
4269
3342
2116
705
-728
-1784
-2314
-2443
-2012
-1109
52
1217
2231
3003
3310
3359
3051
2217
1289
94
-889
-1569
-2201
-2514
-2284
-1441
-645
115
1002
1857
2237
2195
1920
1449
863
73
-745
-1510
-1978
-2185
-1957
-1564
-1348
-928
-321
189
444
423
255
-187
-549
-914
-1402
-1639
-1484
-1335
-1274
-995
-766
-401
-27
127
76
201
120
-286
-647
-875
-989
-1207
-1208
-1009
-755
-593
-446
-353
-178
63
192
163
117
-101
-521
-1077
-1767
-2698
-3776
-4726
-5360
-5782
-5928
-5801
-5373
-4768
-3965
-2984
-2202
-1535
-934
-701
-869
-1363
-2030
-2870
-3647
-4296
-4722
-4866
-4577
-4165
-3273
-2167
-1185
-466
-53
286
408
354
78
-448
-1031
-1538
-1847
-2034
-2089
-1811
-1276
-732
-109
576
1211
1646
1807
1837
1605
1387
1055
587
463
800
1208
1595
2030
2322
2533
2393
1982
1541
1010
338
-128
-101
167
687
1464
2222
2845
3231
3307
3197
2656
1901
1105
261
-327
-562
-273
341
1238
2315
3538
4840
5765
6184
6139
5770
5027
4174
3354
2817
2435
2029
1822
2289
3313
4823
6540
8145
9317
9821
9776
8911
7654
6142
4430
2787
1433
490
12
110
814
2044
3265
4372
5140
5491
5475
5016
4125
2903
1489
37
-1192
-1997
-2333
-2263
-1835
-891
145
916
1720
2270
2352
1994
1474
853
-84
-1209
-2230
-3142
-3724
-3871
-3672
-3121
-2270
-1420
-591
84
323
360
291
-181
-863
-1640
-2388
-2738
-2981
-3066
-2871
-2574
-1977
-1250
-443
1
428
579
554
433
219
-52
-188
-314
-414
-133
347
721
1017
1286
1642
1928
1934
1812
1527
1162
982
976
895
669
424
491
536
453
458
619
840
759
705
765
855
658
137
-364
-931
-1593
-2475
-3657
-4582
-5160
-5479
-5518
-5340
-4786
-4073
-3331
-2523
-1846
-1404
-1266
-1307
-1807
-2592
-3328
-4179
-4955
-5500
-5718
-5538
-5152
-4476
-3667
-2843
-2114
-1411
-1001
-1044
-1220
-1488
-2095
-2878
-3598
-3903
-4158
-4300
-4150
-3695
-3199
-2783
-2235
-1497
-807
-396
-211
-141
-230
-581
-1032
-1634
-2261
-2619
-2604
-2389
-1946
-1180
-228
591
1181
1480
1504
1301
761
-50
-641
-1001
-1376
-1700
-1675
-1403
-1025
-636
-108
465
740
626
76
-580
-1323
-2038
-2573
-3065
-3440
-3679
-3602
-3160
-2662
-2064
-1688
-1461
-1530
-2166
-3117
-4300
-5465
-6265
-6137
-5091
-3474
-1779
-289
969
1606
1360
481
-756
-2441
-4227
-5970
-7453
-8472
-8715
-8243
-6951
-5264
-3525
-1960
-623
114
71
-546
-1697
-3237
-4906
-6510
-7615
-8043
-7846
-7021
-5699
-4093
-2661
-1393
-587
-94
-90
-487
-1134
-2032
-3125
-4031
-4767
-5105
-5038
-4497
-3693
-2708
-1743
-717
105
643
824
611
246
-462
-1278
-2010
-2460
-2785
-2860
-2682
-2429
-1961
-1516
-890
-162
237
193
16
-230
-523
-1027
-1496
-1712
-1771
-1778
-1556
-1140
-863
-522
-179
11
160
0
-276
-608
-874
-1051
-1347
-1521
-1380
-1260
-1019
-596
-108
77
195
467
644
733
777
544
162
-325
-967
-1868
-2798
-3442
-3914
-4293
-4361
-3985
-3499
-2712
-1654
-606
299
940
1439
1709
1507
1001
306
-273
-958
-1595
-1683
-1557
-1143
-498
484
1661
2662
3470
3760
3868
3995
3730
3289
2700
2021
1472
1140
1045
1157
1392
1832
2359
2877
3334
3853
4223
4346
4027
3663
3408
3120
2833
2580
2379
2252
2300
2457
2759
3110
3329
3478
3537
3468
3317
3290
3308
3127
2969
2834
2639
2468
2443
2412
2518
2558
2442
2376
2174
1803
1539
1322
1277
1230
1095
971
875
1044
1177
1466
1709
1830
1906
1907
1708
1129
220
-544
-1027
-1280
-874
136
1421
2658
3601
4329
4518
4086
3241
2321
1464
622
-129
-540
-508
12
951
2114
3321
4219
4696
4986
4861
4318
3311
2100
1048
175
-638
-1055
-847
-113
1023
2104
3012
3854
4643
4986
4878
4406
3697
2898
1981
921
41
-289
-90
400
1197
1981
2714
3448
4002
4192
4226
3934
3445
2734
1908
1169
691
493
386
529
952
1338
1821
2353
2754
2999
3070
2933
2507
2083
1542
953
478
306
260
329
448
624
969
1228
1358
1510
1617
1569
1296
921
634
414
315
365
485
639
700
891
1080
1208
1464
1647
1837
1842
1673
1450
1078
541
-294
-1211
-2117
-2681
-3124
-3389
-3387
-3026
-2391
-1621
-665
195
845
1166
1458
1354
838
234
-520
-1011
-1582
-1938
-1859
-1625
-1054
-401
385
1458
2462
3084
3209
3270
3115
2475
1658
875
344
-52
-264
-238
-101
291
817
1269
1679
2086
2475
2731
2550
2119
1759
1552
1189
598
383
506
559
664
804
901
1021
1274
1419
1471
1410
1274
1138
811
569
438
311
354
276
113
120
67
-33
38
-88
-536
-743
-846
-1094
-1332
-1620
-1734
-1703
-1612
-1551
-1382
-1240
-1180
-1142
-926
-969
-1310
-1512
-1643
-1689
-1324
-343
1316
2835
4173
5317
5698
5228
4182
2714
888
-1160
-3211
-4706
-5613
-5907
-5480
-4276
-2443
-452
1474
3033
4080
4260
3604
2429
908
-915
-2814
-4484
-5634
-6173
-5908
-5091
-3906
-2574
-982
272
906
1179
1105
427
-657
-1958
-3179
-4343
-5287
-5842
-5919
-5466
-4640
-3597
-2525
-1552
-877
-395
-100
-214
-654
-1426
-2297
-3197
-4042
-4451
-4483
-4383
-4173
-3715
-3222
-2805
-2440
-2219
-2005
-1997
-2119
-2358
-2657
-2814
-2784
-2575
-2318
-1955
-1576
-1059
-695
-523
-369
-312
-288
-357
-607
-994
-1030
-801
-655
-721
-625
-326
20
445
770
992
1108
1103
1054
959
699
268
-398
-1143
-1987
-2997
-3796
-4079
-4118
-4066
-3770
-3247
-2493
-1474
-569
198
778
981
909
594
-96
-985
-1893
-2474
-2897
-3097
-3059
-2708
-1974
-1043
-60
817
1458
1814
1744
1445
963
351
-258
-935
-1340
-1741
-2159
-2040
-1575
-1033
-399
108
553
914
915
798
550
363
336
126
-210
-548
-695
-493
-133
125
382
665
986
1169
1300
1362
1362
1311
1132
976
854
966
913
812
711
597
693
923
904
659
423
380
295
50
-173
-307
-280
-282
-243
-6
56
123
218
445
521
436
259
-41
-622
-1175
-1289
-1138
