-4754
-4397
-4106
-3817
-3669
-3708
-3692
-3792
-4032
-4258
-4438
-4489
-4528
-4344
-4031
-3828
-3735
-3598
-3344
-3090
-2780
-2650
-2671
-2797
-3048
-3502
-4069
-4774
-5675
-6421
-6946
-7470
-7882
-7943
-7625
-6957
-6223
-5417
-4666
-3990
-3375
-3115
-3169
-3445
-4143
-4855
-5599
-6191
-6568
-6694
-6451
-5951
-5103
-4114
-3275
-2657
-2127
-1701
-1613
-1764
-2210
-2748
-3331
-3926
-4452
-4795
-4868
-4716
-4309
-3754
-3215
-2515
-2036
-1836
-1967
-2553
-3291
-4100
-4808
-5176
-5187
-4949
-4334
-3224
-1989
-1062
-853
-1392
-2350
-3893
-5646
-7711
-9820
-11093
-11491
-11188
-10344
-9031
-7382
-6039
-5025
-4246
-4220
-5137
-6643
-8407
-10257
-11961
-12958
-12909
-11856
-10023
-7741
-5105
-2547
-495
952
1750
1871
1123
-127
-1595
-3204
-4855
-6229
-6874
-6091
-4324
-1901
912
3478
5526
6811
6893
6003
4488
2549
347
-1940
-4059
-5449
-5938
-5603
-4597
-3160
-1640
-166
782
1119
777
-396
-2053
-3983
-5959
-7801
-9408
-10221
-10191
-9329
-8077
-6649
-5297
-4039
-3150
-2883
-3073
-3948
-5350
-7077
-8797
-10160
-11167
-11714
-11820
-11348
-10256
-8980
-7510
-6289
-5446
-5054
-5093
-5492
-6225
-6968
-8254
-9612
-10686
-11330
-11534
-11144
-10496
-9373
-8380
-7307
-6137
-5121
-4428
-4064
-3841
-3681
-3682
-3889
-3991
-3954
-3679
-3383
-2989
-2507
-1864
-1278
-906
-722
-679
-801
-892
-1118
-1327
-1584
-1905
-2115
-1954
-1833
-1827
-1940
-1962
-2062
-2211
-2238
-2420
-2567
-2671
-2991
-3380
-3780
-4288
-4890
-5567
-6048
-6250
-6501
-6665
-6327
-5702
-5365
-4955
-4164
-3439
-3134
-3148
-3400
-3874
-4758
-5592
-6423
-7320
-8031
-8410
-8442
-8166
-7597
-7052
-6352
-5375
-4584
-4048
-3739
-3815
-3963
-4400
-4921
-5382
-5587
-5512
-5237
-4706
-3999
-3162
-2301
-1471
-529
169
752
1044
1190
1437
1668
1593
1293
618
-300
-1279
-2592
-3644
-4417
-4582
-3788
-2144
-112
1811
3468
4772
5401
5232
4350
2821
1039
-867
-2629
-3736
-4124
-3515
-2175
-418
1828
3768
5274
6169
6244
5661
4472
3039
1549
39
-1334
-1986
-1650
-529
1198
3311
5315
6442
6984
7122
6764
6435
6161
5961
5980
6185
6472
6617
6668
6341
5682
4951
4012
2938
1751
609
-142
-465
-246
492
1530
2452
3378
4215
4744
4748
4284
3435
2299
1133
-205
-1251
-1866
-2142
-2062
-1849
-1038
-12
795
1321
1408
1285
900
552
-101
-1080
-2315
-3348
-3942
-4206
-4219
-3995
-3712
-3545
-3407
-3278
-3235
-3201
-3508
-3861
-3857
-3907
-4037
-4250
-4277
-4198
-4029
-3773
-3408
-3163
-3134
-3027
-3031
-3132
-3582
-3913
-3768
-3701
-3720
-3746
-3604
-3476
-2959
-2385
-1946
-1546
-1066
-760
-651
-853
-1085
-1511
-2026
-2533
-2807
-2853
-2944
-3005
-2798
-2469
-2360
-2361
-2193
-1874
-1542
-1446
-1559
-1998
-2700
-3704
-4978
-6297
-7534
-8559
-9378
-10008
-10329
-9973
-9219
-8361
-7353
-6282
-5364
-4745
-4380
-4396
-4951
-5933
-6744
-7645
-8470
-9283
-9753
-9765
-9478
-8914
-8112
-7101
-6257
-5595
-5405
-5417
-5546
-5801
-6465
-6972
-7249
-7707
-8004
-8024
-7670
-7137
-6678
-6024
-5273
-4708
-4131
-3657
-3399
-3257
-3118
-2961
-2806
-2654
-2451
-2086
-2001
-1741
-1299
-698
-380
-286
-92
22
-37
-273
-571
-852
-1062
-1079
-1124
-1089
-1188
-1293
-1203
-1109
-1070
-1121
-1150
-1380
-1592
-1894
-2206
-2345
-2419
-2387
-2422
-2459
-2389
-2138
-2012
-2108
-2009
-1953
-1898
-2140
-2764
-3272
-3609
-3792
-3571
-2749
-1597
-309
755
1369
1277
502
-661
-1959
-3391
-5022
-6498
-7461
-7888
-7674
-6850
-5548
-4095
-2679
-1742
-1226
-1279
-1644
-2487
-3613
-4960
-6508
-7668
-8282
-8415
-8100
-7411
-6321
-4932
-3605
-2786
-2405
-2249
-2482
-3035
-3754
-4895
-6070
-7068
-7699
-7851
-7728
-7004
-6224
-5356
-4506
-3699
-2928
-2664
-2605
-2981
-3508
-4200
-4951
-5617
-6100
-6458
-6651
-6209
-5689
-5324
-4835
-4445
-4224
-4029
-4025
-4357
-4921
-5396
-5806
-6071
-6251
-6529
-6472
-6293
-6163
-5805
-5369
-5207
-5200
-5256
-5224
-5397
-5851
-6236
-6540
-6573
-6519
-6579
-6430
-5986
-5505
-5275
-5247
-4937
-4658
-4617
-4562
-4670
-4991
-5509
-6111
-6940
-7868
-8795
-9526
-10081
-10377
-10367
-9951
-9377
-8783
-7875
-6712
-5682
-5274
-5258
-5270
-5544
-6163
-7036
-7854
-8454
-9008
-9177
-8995
-8516
-7680
-6731
-5727
-4728
-3919
-3368
-3157
-3188
-3545
-3922
-4351
-4799
-5170
-5493
-5449
-5129
-4640
-3910
-3177
-2532
-1979
-1559
-1154
-860
-698
-661
-789
-887
-830
-829
-819
-705
-472
-85
373
777
1120
1397
1494
1717
1794
1612
1596
1479
1202
1182
1315
1396
1436
1343
1206
1159
1047
832
614
439
392
502
394
167
55
102
177
381
430
493
727
777
861
922
673
3
-698
-1243
-1348
-954
-111
1298
2892
4221
5056
5172
4777
4089
2988
1637
263
-1059
-2172
-2687
-2566
-2040
-996
196
1507
2616
3378
3655
3375
2528
1414
36
-1301
-2307
-2986
-3390
-3291
-2628
-1727
-685
232
953
1688
2021
1830
1269
454
-613
-1796
-2799
-3538
-3715
-3452
-3125
-2584
-1966
-1003
-341
60
357
507
63
-663
-1581
-2447
-3119
-3556
-3928
-4073
-3741
-3152
-2770
-2502
-2134
-1726
-1533
-1624
-1908
-2106
-2448
-2943
-3246
-3392
-3432
-3483
-3392
-3061
-2825
-2548
-2280
-2047
-2014
-2103
-2230
-2323
-2507
-2630
-2945
-3224
-3212
-3009
-2779
-2548
-2333
-2208
-2045
-2076
-1907
-1600
-1393
-1466
-1907
-2803
-3722
-4610
-5577
-6494
-7270
-7468
-7244
-7210
-7006
-6329
-5491
-4613
-3872
-3280
-2907
-2794
-3200
-4017
-4928
-5771
-6441
-6991
-7384
-7376
-7075
-6533
-5604
-4626
-3801
-3076
-2510
-2121
-2062
-2344
-2780
-3383
-4028
-4586
-4756
-4759
-4471
-4081
-3793
-3080
-2247
-1590
-1059
-547
-254
-301
-372
-413
-538
-643
-720
-699
-520
-263
-120
178
631
1143
1359
1547
1631
1623
1671
1636
1553
1578
1583
1424
1313
1239
1274
1440
1619
1539
1336
1090
824
595
426
261
153
21
-123
-130
-89
1
141
219
202
320
321
67
-333
-942
-1593
-1925
-1846
-1098
198
1650
3013
3982
4419
4132
3450
2427
1007
-486
-1888
-3167
-3916
-4120
-3761
-2713
-1297
102
1088
1724
2209
2253
1575
374
-912
-2258
-3637
-4754
-5257
-5181
-4688
-3660
-2587
-1335
-409
128
240
180
-204
-1000
-1986
-3204
-4319
-5064
-5483
-5544
-5160
-4502
-3772
-2788
-2119
-1617
-1145
-1041
-1274
-1844
-2590
-3336
-4259
-5067
-5564
-5783
-5715
-5370
-4908
-4242
-3606
-3289
-2983
-2906
-2943
-3321
-3930
-4364
-4701
-5018
-5201
-5270
-5259
-4950
-4580
-4180
-3773
-3633
-3594
-3591
-3780
-4183
-4406
-4613
-4845
-4884
-4930
-4841
-4587
-4289
-3994
-3924
-3743
-3688
-3539
-3378
-3352
-3591
-3882
-4368
-5046
-5893
-6692
-7605
-8409
-9082
-9461
-9332
-9071
-8426
-7500
-6431
-5470
-4969
-4673
-4470
-4622
-5187
-5743
-6570
-7504
-8264
-8672
-8800
-8521
-7832
-6918
-6007
-5167
-4407
-3615
-3101
-3100
-3293
-3571
-4011
-4624
-5116
-5422
-5498
-5446
-5017
-4497
-3852
-2911
-2290
-1805
-1282
-922
-721
-813
-992
-1169
-1129
-1070
-1193
-1151
-799
-481
-217
121
674
1103
1258
1413
1483
1434
1430
1510
1493
1541
1537
1563
1576
1517
1452
1460
1446
1340
1125
896
675
585
552
423
413
413
388
461
627
704
759
697
581
710
598
102
-689
-1537
-2489
-3036
-2840
-2161
-1154
175
1351
2160
2309
1994
1587
844
-62
-989
-1725
-2221
-2341
-2127
-1311
-182
869
1605
2259
2415
2230
1799
820
-443
-1651
-2672
-3314
-3541
-3280
-2646
-1896
-910
205
1234
1808
2142
2091
1760
1246
456
-488
-1367
-1975
-2325
-2269
-1872
-1228
-362
406
1120
1883
2231
2192
1899
1423
758
187
-587
-1236
-1620
-2017
-1974
-1508
-875
-317
111
569
882
889
733
270
-270
-692
-1202
-1531
-1875
-2302
-2527
-2418
-2124
-1976
-1836
-1570
-1516
-1669
-1885
-2212
-2495
-2525
-2566
-2727
-2883
-3085
-3138
-3044
-3035
-2793
-2663
-2477
-2315
-2285
-2278
-2352
-2527
-2863
-3530
-4415
-5391
-6365
-7054
-7525
-7827
-7991
-7932
-7319
-6323
-5328
-4519
-3927
-3457
-3093
-2931
-3347
-4012
-4782
-5534
-6204
-6730
-6881
-6547
-5829
-4917
-4106
-3363
-2441
-1678
-1085
-725
-783
-996
-1318
-1765
-2380
-2637
-2662
-2628
-2378
-1888
-1270
-454
348
852
1311
1589
1582
1517
1405
1334
1218
1037
922
874
967
1269
1534
1835
2026
2189
2459
2653
2658
2597
2604
2481
2295
1967
1927
1916
1998
2064
1972
1963
1841
1759
1710
1528
1332
1191
1042
870
680
672
777
858
812
654
627
710
798
866
740
492
313
407
668
1133
2060
3360
4790
6179
7095
7495
7312
6411
4820
2805
656
-1440
-3117
-4305
-4788
-4361
-3164
-1218
828
2833
4643
5779
6051
5480
4328
2804
921
-967
-2710
-3922
-4604
-4528
-3839
-2653
-1370
-170
1096
1882
2225
1997
1233
341
-910
-2285
-3748
-4931
-5581
-5767
-5408
-4598
-3511
-2553
-1646
-899
-435
-208
-411
-1032
-1764
-2511
-3466
-4336
-4905
-5082
-5019
-4748
-4396
-4008
-3630
-3297
-3031
-3079
-3214
-3292
-3483
-3768
-4117
-4205
-3881
-3508
-3336
-3136
-2633
-2043
-1735
-1517
-1654
-1870
-2092
-2404
-2631
-2838
-2806
-2818
-2627
-2311
-1983
-1780
-1386
-910
-613
-516
-468
-313
-399
-661
-1107
-1845
-2779
-3757
-4571
-5276
-5893
-6373
-6538
-6296
-5622
-4876
-4117
-3315
-2344
-1599
-1286
-1263
-1709
-2558
-3499
-4325
-5160
-5956
-6382
-6385
-6044
-5472
-4759
-3853
-3002
-2300
-1822
-1622
-1658
-1919
-2414
-2914
-3485
-4018
-4397
-4663
-4595
-4067
-3477
-2875
-2129
-1533
-1118
-801
-437
-194
-165
-237
-360
-275
-386
-421
-396
-212
197
627
957
1311
1709
1889
2095
2312
2481
2579
2686
2588
2327
2375
2462
2438
2500
2705
2796
2773
2632
2510
2426
2321
2227
2065
1915
1811
1698
1821
2097
2206
2209
2257
2411
2411
2216
2154
1817
982
239
-298
-584
-211
588
1453
2426
3276
3748
3769
3268
2267
1039
-171
-1173
-1990
-2499
-2440
-1884
-969
258
1711
2938
3738
4143
3912
3013
1873
432
-1089
-2497
-3587
-4310
-4360
-3619
-2606
-1433
-157
880
1668
2204
2400
2086
1446
546
-572
-1577
-2267
-2597
-2595
-2439
-1723
-676
147
1025
1758
2148
2184
2048
1671
1148
282
-576
-1217
-1555
-1678
-1461
-1101
-557
14
451
676
947
1042
990
803
516
153
-357
-740
-957
-1106
-1183
-1058
-719
-611
-505
-386
-417
-723
-1027
-1269
-1428
-1640
-1963
-2221
-2259
-2169
-2174
-2036
-1694
-1527
-1431
-1266
-1261
-1444
-1605
-1686
-1972
-2487
-3245
-4341
-5304
-6085
-6998
-7675
-7782
-7657
-7315
-6824
-6083
-5017
-4025
-3203
-2786
-2755
-2859
-3287
-3946
-4837
-5569
-6183
-6698
-6687
-6309
-5645
-4697
-3695
-2713
-1709
-989
-744
-702
-794
-1024
-1300
-1830
-2417
-2740
-2762
-2625
-2257
-1480
-743
-189
469
1104
1786
2220
2317
2354
2383
2225
2034
1884
1798
1823
1986
2380
2623
2858
3226
3540
3798
3991
4036
3909
3819
3696
3632
3670
3721
3569
3425
3346
3409
3395
3290
3083
2944
2830
2671
2373
2066
2092
2075
2010
1954
2014
2146
2212
2215
2294
2204
2056
1883
1499
1010
431
34
-129
441
1591
2896
4289
5406
6055
6114
5671
4765
3401
1895
607
-390
-1165
-1516
-1204
-531
627
2050
3325
4333
4705
4691
4309
3441
2423
1130
-65
-1167
-1926
-2105
-1804
-1086
-92
940
2023
2892
3413
3510
3247
2552
1643
543
-512
-1562
-2128
-2206
-2021
-1436
-599
227
1049
1771
2255
2183
1837
1290
759
137
-620
-1287
-1686
-1892
-2025
-1981
-1670
-1274
-829
-373
-145
-249
-261
-378
-780
-1075
-1424
-1772
-2092
-2353
-2278
-2043
-1916
-1718
-1045
-758
-942
-1038
-948
-1066
-1508
-1825
-1865
-1900
-2000
-2075
-1884
-1676
-1385
-1206
-1114
-991
-778
-665
-686
-674
-988
-1333
-1806
-2640
-3550
-4358
-4979
-5551
-5956
-6010
-5823
-5384
-4601
-3766
-2868
-2177
-1632
-1287
-1458
-1810
-2429
-3311
-4051
-4819
-5260
-5495
-5420
-4964
-4316
-3302
-2284
-1485
-816
-219
42
-227
-734
-1291
-1685
-2052
-2445
-2657
-2674
-2315
-1804
-1386
-692
-13
591
1071
1248
1534
1601
1495
1361
1340
1356
1119
974
1114
1413
1740
2130
2468
2898
3099
3104
3147
3330
3342
3287
3123
2965
2929
2873
2994
2918
2896
2941
2902
2752
2666
2627
2452
2466
2450
2273
2147
2010
2069
2142
2101
2288
2366
2342
2361
2209
2088
2035
1564
914
394
144
359
1386
2889
4386
5555
6172
6434
6271
5547
4231
2782
1406
168
-695
-1153
-1094
-510
386
1644
2984
4063
4599
4752
4613
3772
2472
1317
124
-1062
-2031
-2560
-2513
-1924
-995
174
1304
2253
2959
3222
2963
2382
1553
475
-620
-1579
-2270
-2554
-2450
-1885
-1062
-337
458
1135
1637
1843
1764
1523
972
268
-455
-1188
-1623
-1971
-2231
-2019
-1510
-969
-432
-116
179
252
209
37
-241
-616
-991
-1357
-1571
-1673
-1590
-1397
-1125
-779
-486
-169
-142
-156
29
-66
-465
-805
-940
-1164
-1432
-1466
-1279
-969
-664
-479
-289
-159
-191
-69
150
113
-125
-495
-1062
-1818
-2672
-3561
-4341
-5081
-5554
-5759
-5577
-5117
-4563
-3581
-2689
-2000
-1418
-987
-835
-1337
-2044
-2692
-3525
-4323
-4904
-5212
-5062
-4640
-3813
-2815
-1965
-1298
-660
-66
418
468
250
-199
-795
-1318
-1668
-1812
-1955
-1900
-1397
-756
-94
583
1094
1584
2071
2252
2398
2418
2271
2188
2298
2180
2059
2275
2650
2837
2957
3218
3673
3866
3967
4112
4398
4432
4190
4141
4206
4109
4044
3975
3863
3758
3973
4091
3928
3740
3580
3338
3135
2976
2825
2653
2535
2546
2637
2739
2962
2964
3040
2971
2806
2979
2947
2565
1998
1361
963
1034
1804
2929
4331
5788
6720
6924
6714
6062
4998
3843
2561
1254
99
-751
-948
-451
492
1829
3265
4374
4997
5236
5200
4711
3629
2209
1002
-146
-1056
-1730
-1741
-1134
-225
711
1519
2382
2986
3396
3410
2992
2311
1237
265
-676
-1306
-1505
-1517
-1248
-743
27
853
1373
1912
2343
2524
2253
1736
1124
267
-704
-1413
-1747
-1687
-1423
-1133
-772
-436
-125
355
693
795
748
400
-116
-552
-889
-1002
-1125
-1284
-1218
-914
-448
4
304
480
498
408
182
-116
-462
-799
-870
-945
-1076
-934
-844
-543
-228
14
-28
-26
104
312
418
278
-30
-543
-1313
-2120
-3050
-3814
-4465
-4954
-5180
-5078
-4635
-4142
-3554
-2739
-1950
-1233
-640
-553
-710
-1109
-1850
-2575
-3184
-3738
-4118
-4257
-4328
-3934
-3100
-2034
-1106
-389
242
606
668
519
152
-395
-852
-1146
-1551
-1842
-1779
-1408
-915
-187
626
1254
1771
2140
2326
2267
1963
1567
1270
1170
1251
1302
1508
2129
2749
3009
2959
2747
2378
1816
1162
604
259
308
737
1257
1921
2689
3461
4034
4257
4076
3525
2707
1753
883
187
109
623
1310
2125
3304
4606
5655
6341
6739
6831
6538
6094
5246
4426
3688
3194
2601
2347
2741
3802
5404
6994
8542
9780
10319
10088
9191
7854
6313
4728
3156
1840
932
598
641
1295
2547
3977
5202
5822
6102
6077
5414
4355
3220
2123
955
-234
-1049
-1457
-1411
-982
-137
950
1749
2435
2791
2781
2570
2120
1430
494
-602
-1623
-2477
-3067
-3094
-2574
-1966
-1311
-582
112
603
964
1178
1017
368
-367
-1063
-1653
-1948
-2193
-2347
-2017
-1504
-856
-208
427
943
1436
1514
1503
1355
1064
693
568
497
540
689
1005
1114
1339
1800
2089
2177
2151
2249
2198
1943
1658
1347
1061
934
859
935
1142
1375
1510
1436
1510
1559
1556
1674
1614
1352
1145
780
175
-696
-1618
-2568
-3505
-4247
-4583
-4588
-4295
-3842
-3199
-2549
-1870
-1152
-703
-484
-641
-1002
-1587
-2386
-3292
-4099
-4569
-4684
-4707
-4531
-3860
-3040
-2222
-1407
-710
-258
-154
-324
-714
-1299
-2033
-2655
-3136
-3340
-3470
-3584
-3140
-2545
-1814
-1116
-567
20
409
565
433
232
-115
-623
-1211
-1634
-1845
-1769
-1437
-887
-413
280
1130
1640
1811
1877
1673
1307
733
76
-473
-1006
-1219
-846
-464
-57
387
873
1253
1558
1562
1069
475
-274
-1109
-1749
-2305
-2599
-2628
-2539
-2048
-1543
-1104
-760
-597
-762
-1403
-2290
-3543
-4742
-5311
-5456
-4654
-3064
-1355
128
1218
1934
1906
1187
-188
-1888
-3634
-5237
-6572
-7484
-7672
-7146
-5960
-4329
-2684
-1292
-207
435
503
-68
-1162
-2523
-4007
-5367
-6330
-6696
-6497
-5738
-4548
-3201
-1708
-579
112
576
590
190
-539
-1561
-2591
-3509
-4164
-4424
-4157
-3622
-2964
-1958
-849
108
800
1141
1214
1112
711
135
-557
-1377
-2013
-2344
-2156
-1791
-1272
-837
-458
74
604
841
773
618
592
299
-356
-997
-1293
-1236
-1064
-982
-769
-227
173
270
368
421
534
435
298
-132
-433
-626
-708
-503
-372
-183
128
420
721
905
1000
1241
1288
1251
1202
1046
526
-253
-915
-1598
-2444
-3075
-3313
-3231
-2972
-2381
-1626
-865
159
1122
1893
2326
2510
2226
1559
818
267
-174
-459
-646
-599
-178
404
1230
2079
2911
3673
4254
4504
4472
4255
3893
3161
2602
2108
1777
1843
1938
2058
2439
3000
3513
3852
4168
4469
4547
4482
4307
3967
3676
3351
3167
2967
2980
3079
3152
3290
3560
3818
3970
4024
4080
4110
4056
3943
3786
3587
3434
3392
3311
3229
3248
3263
3344
3351
3239
3105
2889
2621
2372
2273
2171
2090
2100
2217
2427
2405
2499
2680
2871
2908
2681
2504
2252
1598
1051
869
949
1498
2632
3991
5344
6355
6811
6725
6245
5393
4039
2673
1566
664
184
6
382
1269
2529
4017
5371
6148
6327
5943
5452
4670
3486
2147
945
192
-46
39
339
1110
2151
3220
4265
4874
5123
5017
4524
3846
2902
2001
1118
357
-55
-17
321
870
1616
2282
3071
3830
4088
4040
3702
3150
2519
1950
1284
666
354
152
249
563
996
1425
1943
2345
2495
2514
2342
2119
1914
1430
1110
915
756
742
787
1085
1676
2129
2320
2399
2387
2260
2275
2112
1956
1826
1527
1235
1187
1344
1625
1944
2272
2586
2785
2870
2928
3117
3263
3040
2715
2331
1790
1008
26
-901
-1549
-2007
-2212
-2035
-1664
-1154
-339
478
1323
1975
2315
2445
2232
1715
974
426
-209
-813
-1025
-1104
-909
-387
349
1143
1909
2561
3229
3450
3168
2717
2207
1707
1219
669
104
-303
-314
-100
283
822
1230
1626
2042
2263
2364
2217
1901
1600
1207
919
742
548
451
503
593
783
1138
1386
1621
1786
1654
1536
1381
1190
1102
986
928
856
779
694
693
795
965
1006
700
580
412
151
-94
-234
-327
-534
-652
-520
-384
-366
-202
-13
-119
-240
-257
-337
-661
-1250
-1911
-2328
-2282
-1638
-565
914
2361
3621
4297
4289
3700
2736
1425
-89
-1503
-2601
-3538
-4116
-3929
-3059
-1750
-323
964
1930
2675
2848
2336
1417
175
-1302
-2590
-3710
-4351
-4496
-4053
-3272
-2258
-1276
-183
719
1271
1269
1012
504
-337
-1431
-2598
-3433
-3966
-4164
-4024
-3369
-2582
-1765
-922
-5
456
655
674
351
-253
-1051
-1821
-2579
-2938
-2958
-3014
-2844
-2484
-1850
-1407
-890
-371
-282
-518
-806
-981
-1180
-1516
-1814
-1932
-1927
-1771
-1497
-1176
-757
-466
-302
-206
-116
36
-117
-474
-827
-918
-856
-718
-640
-444
-174
57
176
364
638
947
1067
1019
1004
814
459
-203
-976
-1668
-2299
-3064
-3735
-4034
-4003
-3678
-3172
-2421
-1436
-679
-13
537
955
1085
741
-39
-900
-1653
-2131
-2416
-2657
-2644
-2201
-1537
-614
344
1292
1844
2183
2324
2120
1678
1033
545
26
-502
-898
-1032
-927
-644
-29
552
1190
1780
2018
1995
2060
1975
1615
1173
807
642
534
460
585
864
917
976
1151
1541
1867
1968
1939
1866
1875
1763
1696
1432
1303
1422
1472
1499
1474
1501
1522
1398
1313
1261
1033
777
582
302
194
134
237
305
474
717
757
744
733
809
764
703
490
117
2
289
881
