-5219
-4846
-4462
-4186
-3958
-3987
-4132
-4295
-4441
-4753
-5019
-5109
-5090
-5187
-5183
-5014
-4813
-4595
-4410
-4284
-3905
-3768
-3766
-3747
-3870
-4287
-4864
-5606
-6457
-7248
-7910
-8448
-8654
-8614
-8353
-7923
-7182
-6427
-5794
-5152
-4489
-4086
-4149
-4558
-5057
-5694
-6251
-6839
-7094
-7213
-7081
-6410
-5476
-4457
-3506
-2605
-1918
-1565
-1498
-1727
-2179
-2832
-3414
-3803
-4298
-4643
-4574
-4386
-3948
-3254
-2621
-2198
-1963
-1777
-1737
-2154
-2883
-3735
-4533
-4911
-4875
-4549
-3961
-3000
-1703
-974
-893
-1307
-2359
-3925
-5718
-7702
-9566
-11179
-11989
-11583
-10514
-8892
-7197
-5850
-4927
-4475
-4645
-5663
-7181
-8847
-10502
-11943
-12891
-13032
-12209
-10570
-8409
-5864
-3291
-1020
569
1287
1113
346
-817
-2070
-3681
-5043
-5766
-5527
-4354
-2330
397
3295
5789
7412
8079
7779
6595
4608
2123
-716
-3645
-5993
-7256
-7472
-6845
-5286
-3194
-1003
733
2065
2595
2321
1150
-669
-2831
-5125
-7372
-9362
-10749
-11069
-10323
-8804
-7005
-5433
-4112
-3095
-2749
-3111
-3996
-5447
-7138
-9064
-11039
-12545
-13247
-13122
-12639
-11729
-10451
-8962
-7392
-6253
-5528
-5285
-5839
-6571
-7626
-8928
-10269
-11325
-11874
-12066
-11949
-11724
-10952
-9910
-8677
-7491
-6455
-5781
-5270
-5120
-5084
-5105
-4974
-4722
-4506
-4249
-3849
-3163
-2410
-1963
-1624
-1164
-1005
-1018
-1114
-1441
-1572
-1723
-1923
-2081
-2080
-1839
-1717
-1510
-1293
-1318
-1349
-1428
-1610
-1695
-1902
-2111
-2435
-2883
-3208
-3795
-4516
-4993
-5537
-5987
-6067
-5932
-5711
-5284
-4570
-3901
-3245
-2683
-2417
-2381
-2760
-3413
-4201
-5150
-6119
-6819
-7439
-7982
-8264
-8246
-7605
-6724
-6012
-5421
-4831
-4383
-4257
-4391
-4713
-5109
-5446
-5942
-6222
-6407
-6085
-5432
-4724
-3915
-3117
-2361
-1517
-724
20
414
758
1143
1207
1122
851
43
-989
-1809
-2976
-4122
-4963
-4997
-4005
-2297
-297
1681
3191
4362
5052
5036
4234
2728
854
-1016
-2448
-3493
-3932
-3232
-1738
216
2273
4259
5882
6747
6866
6237
5118
3614
2064
565
-670
-1261
-921
150
1970
4154
6005
7310
8098
8578
8959
8958
8826
8792
8751
8636
8326
7755
7111
6216
5240
4188
3259
2178
1203
527
185
131
562
1562
2728
3645
4352
5013
5440
5293
4484
3434
2286
1088
-39
-1092
-1790
-1954
-1763
-1389
-827
-218
60
268
274
103
-214
-834
-1720
-2889
-3876
-4522
-4859
-4994
-4902
-4775
-4534
-4433
-4335
-4204
-4005
-4006
-4268
-4413
-4578
-4753
-5024
-5148
-5031
-4691
-4415
-4322
-4157
-4094
-3977
-3786
-3763
-4106
-4397
-4528
-4486
-4236
-4078
-3883
-3546
-3157
-2658
-2157
-1724
-1288
-1007
-929
-1066
-1258
-1573
-1871
-2249
-2574
-2690
-2594
-2600
-2847
-2687
-2187
-1801
-1594
-1441
-1150
-841
-794
-1069
-1450
-2271
-3204
-4349
-5694
-6802
-7840
-8752
-9313
-9548
-9297
-8774
-8109
-7108
-6042
-5250
-4776
-4541
-4540
-5107
-6030
-6935
-7914
-8714
-9418
-9981
-10231
-10281
-9742
-8846
-7793
-6801
-6188
-5888
-5610
-5644
-6053
-6616
-7208
-7889
-8488
-8653
-8580
-8442
-8047
-7502
-6706
-6014
-5512
-4898
-4342
-4027
-3730
-3564
-3462
-3340
-3268
-3206
-2987
-2564
-2128
-1639
-1161
-852
-697
-719
-742
-784
-798
-925
-1156
-1283
-1345
-1452
-1566
-1655
-1529
-1432
-1260
-1202
-1312
-1444
-1722
-1986
-2363
-2730
-2882
-2871
-2715
-2740
-2995
-3120
-3010
-2629
-2067
-1855
-1970
-2012
-2292
-2844
-3607
-4243
-4356
-3867
-3089
-1954
-803
190
762
486
-176
-1238
-2664
-4260
-5969
-7366
-8249
-8560
-8246
-7366
-6043
-4614
-3406
-2516
-2017
-2080
-2607
-3430
-4694
-6181
-7613
-8927
-9736
-9680
-9006
-8061
-6894
-5547
-4339
-3387
-2940
-3051
-3370
-3933
-4858
-6123
-7294
-8276
-8863
-9175
-8951
-8117
-7090
-6270
-5376
-4405
-3720
-3486
-3467
-3641
-4119
-5037
-5993
-6558
-6992
-7251
-7034
-6665
-6227
-5689
-5380
-5196
-4816
-4561
-4685
-5029
-5370
-5828
-6280
-6555
-6686
-6695
-6734
-6712
-6487
-6074
-5849
-5782
-5666
-5576
-5534
-5817
-6123
-6555
-6925
-7029
-6969
-6776
-6626
-6464
-6091
-5729
-5671
-5610
-5387
-5274
-5191
-5203
-5332
-5906
-6568
-7367
-8207
-9245
-10155
-10763
-10960
-10926
-10494
-9901
-9072
-8201
-7236
-6377
-5896
-5724
-5763
-6091
-6798
-7605
-8390
-9109
-9444
-9689
-9574
-9186
-8401
-7344
-6258
-5240
-4388
-3723
-3348
-3386
-3807
-4306
-4740
-5139
-5588
-5857
-5858
-5555
-5105
-4513
-3898
-3249
-2366
-1649
-1430
-1425
-1548
-1490
-1479
-1514
-1558
-1547
-1434
-1303
-1132
-883
-389
58
459
733
769
900
1077
1226
1099
873
841
979
997
1014
856
568
426
406
379
221
43
30
-108
-257
-210
-295
-398
-473
-373
-347
-297
-150
-60
-33
-43
-21
-160
-569
-1112
-1746
-1961
-1566
-746
607
2273
3710
4459
4642
4379
3729
2569
1133
-403
-1751
-2740
-3204
-3007
-2495
-1424
18
1386
2403
2968
3221
2952
2198
976
-412
-1633
-2672
-3537
-3805
-3674
-3013
-1851
-636
391
1182
1640
1722
1381
978
215
-1059
-2305
-3291
-3926
-4106
-3925
-3576
-2914
-1999
-1034
-293
231
203
-7
-334
-801
-1553
-2371
-3061
-3730
-4101
-4186
-3937
-3435
-2910
-2313
-1839
-1557
-1375
-1327
-1664
-2102
-2641
-3054
-3292
-3515
-3739
-3642
-3358
-3044
-2768
-2566
-2284
-2001
-1928
-2040
-2176
-2444
-2801
-2993
-3045
-3224
-3190
-2949
-2886
-2660
-2378
-2332
-2185
-1909
-1729
-1711
-1860
-2095
-2447
-3106
-3808
-4668
-5563
-6283
-6938
-7327
-7284
-7183
-6710
-6024
-5232
-4459
-3675
-3069
-2607
-2607
-3133
-3737
-4407
-5337
-6303
-6735
-6847
-6999
-6729
-6107
-5205
-4281
-3416
-2532
-1982
-1804
-1790
-2090
-2576
-3052
-3551
-4046
-4385
-4536
-4356
-3940
-3473
-2891
-2100
-1339
-740
-289
-114
-192
-312
-468
-489
-674
-1000
-988
-778
-588
-183
216
489
874
1216
1400
1681
1851
1871
1876
1636
1317
1153
1178
1253
1324
1265
1081
1013
1214
1302
1030
842
623
452
428
316
210
128
196
250
276
318
386
469
517
424
255
-86
-790
-1490
-1935
-1758
-1012
138
1517
2922
3846
4256
4095
3311
2302
1148
-325
-1808
-3105
-3848
-3966
-3631
-2636
-1341
-30
1160
1904
2219
2071
1478
590
-732
-2292
-3756
-4611
-5017
-5046
-4519
-3692
-2579
-1539
-829
-208
116
106
-92
-852
-1982
-3186
-4287
-5111
-5502
-5585
-5252
-4662
-3798
-2843
-2072
-1611
-1128
-929
-1383
-2118
-2740
-3533
-4346
-4898
-5376
-5711
-5661
-5278
-4662
-4180
-3739
-3355
-3041
-2972
-3156
-3405
-3837
-4302
-4770
-5074
-5206
-5194
-5065
-4986
-4613
-4051
-3669
-3426
-3547
-3439
-3666
-4115
-4414
-4657
-4690
-4770
-4791
-4657
-4525
-4485
-4355
-4109
-3936
-3839
-3612
-3296
-3255
-3532
-3983
-4517
-5141
-5960
-6958
-7889
-8426
-8814
-9255
-9310
-8982
-8297
-7444
-6584
-5797
-5044
-4566
-4610
-4859
-5210
-5911
-6936
-7810
-8323
-8647
-8977
-8869
-8106
-7111
-6005
-5140
-4317
-3735
-3353
-3086
-3258
-3723
-4115
-4637
-5031
-5278
-5602
-5360
-5049
-4605
-3966
-3354
-2464
-1793
-1453
-1175
-960
-1072
-1169
-1212
-1410
-1531
-1450
-1357
-1205
-919
-481
25
370
759
996
1086
1048
1186
1157
1183
1087
940
829
683
701
878
981
1112
1006
814
687
555
416
363
230
-20
-255
-153
15
23
-28
37
255
341
222
48
-4
-298
-897
-1410
-1999
-2192
-1838
-831
584
1990
3036
3713
3791
3300
2398
1255
3
-1080
-2222
-3057
-3329
-3074
-2330
-1190
262
1406
2178
2458
2483
2038
1133
-22
-1156
-2400
-3486
-4130
-4167
-3654
-2747
-1672
-703
224
1047
1394
1302
982
393
-554
-1742
-2802
-3477
-3700
-3710
-3680
-3190
-2321
-1446
-623
63
563
562
346
39
-624
-1352
-2142
-2752
-3185
-3451
-3364
-2905
-2487
-2114
-1631
-1212
-891
-763
-690
-1069
-1622
-2102
-2682
-3120
-3300
-3354
-3356
-3045
-2496
-2259
-2080
-2009
-1965
-1909
-2052
-2171
-2388
-2593
-2758
-2754
-2860
-2991
-2992
-2885
-2729
-2449
-2226
-1883
-1618
-1744
-2000
-2281
-2365
-2508
-3023
-3807
-4674
-5683
-6555
-7223
-7474
-7585
-7221
-6508
-5744
-4823
-3963
-3233
-2737
-2377
-2553
-3077
-3798
-4612
-5327
-5817
-6189
-6498
-6436
-5961
-5385
-4501
-3456
-2429
-1646
-1258
-1141
-1148
-1433
-1942
-2498
-2804
-3081
-3397
-3531
-3266
-2655
-2027
-1527
-813
-54
443
683
682
718
767
684
702
599
367
205
456
953
1303
1524
1885
2365
2601
2688
2754
2636
2456
2418
2248
2064
2043
1993
1905
2035
2044
2004
2112
2199
2205
2207
2048
1843
1522
1196
1080
1201
1200
1164
1222
1206
1195
1239
1308
1534
1423
1147
705
124
-214
-257
91
1082
2494
4077
5228
5833
5890
5371
4444
3130
1456
-187
-1456
-2498
-2926
-2620
-1808
-544
930
2310
3434
4085
4269
3915
3024
1690
259
-974
-2218
-3354
-3845
-3679
-2930
-1947
-756
207
1022
1578
1910
1678
1002
65
-1089
-2154
-3102
-3798
-4000
-3777
-3405
-2812
-2049
-1342
-639
175
621
548
114
-560
-1287
-1915
-2622
-3426
-3752
-3771
-3654
-3131
-2528
-2175
-1771
-1576
-1318
-1192
-1435
-1677
-2119
-2689
-3027
-3030
-3074
-3112
-2903
-2569
-2231
-1835
-1590
-1423
-1469
-1717
-1877
-2004
-2283
-2556
-2629
-2718
-2819
-2588
-2191
-1872
-1665
-1601
-1615
-1448
-1215
-1047
-1174
-1470
-1875
-2547
-3462
-4354
-5157
-5893
-6419
-6827
-6916
-6862
-6408
-5584
-4739
-3784
-3024
-2478
-2163
-2190
-2484
-3161
-4014
-4887
-5650
-6129
-6351
-6428
-6288
-5545
-4637
-3782
-2973
-2210
-1697
-1436
-1341
-1461
-1877
-2413
-2997
-3575
-4020
-4170
-3907
-3566
-3124
-2351
-1566
-867
-324
-144
85
274
244
234
121
53
-171
-183
-165
35
433
642
943
1326
1767
2169
2363
2364
2301
2201
1977
1876
1791
1859
2030
1951
1913
2070
2111
2145
1930
1625
1396
1419
1378
1152
891
905
1005
1060
1281
1254
1208
1201
1256
1340
1293
1237
804
279
-344
-889
-983
-440
763
2007
3179
4189
4720
4631
3963
2922
1578
102
-1142
-2155
-2788
-2909
-2512
-1462
180
1611
2723
3383
3712
3501
2723
1674
573
-758
-2133
-3199
-3805
-3861
-3491
-2640
-1446
-177
784
1475
1921
1806
1254
750
-155
-1154
-2236
-3111
-3429
-3424
-3176
-2488
-1589
-696
185
794
1175
1244
879
300
-391
-984
-1644
-2329
-2788
-2868
-2644
-2387
-2037
-1563
-1118
-780
-460
-218
-239
-612
-1176
-1693
-2172
-2350
-2393
-2432
-2326
-2085
-1835
-1448
-1209
-1053
-989
-1078
-1186
-1466
-1809
-2212
-2395
-2358
-2314
-2222
-2057
-1776
-1553
-1441
-1373
-1305
-1133
-1050
-1078
-1292
-1566
-2065
-2833
-3673
-4516
-5315
-6074
-6640
-6968
-6950
-6545
-5868
-4928
-4089
-3234
-2599
-2126
-1984
-2318
-2946
-3640
-4284
-4917
-5447
-5910
-6038
-5654
-5052
-4377
-3544
-2539
-1646
-1038
-714
-763
-900
-1164
-1501
-1864
-2316
-2798
-2882
-2648
-2172
-1735
-1093
-467
249
1037
1677
1953
1864
1930
1999
1811
1575
1368
1215
1336
1760
2081
2431
3016
3363
3544
3702
3940
3899
3732
3747
3773
3581
3499
3531
3681
3818
3844
3834
3592
3431
3342
3361
3399
3180
2904
2703
2563
2453
2438
2456
2606
2750
2800
2887
2957
3056
3080
2894
2484
1958
1358
905
774
1275
2263
3592
5065
6117
6578
6531
6018
5114
3943
2656
1300
182
-619
-1062
-761
149
1306
2616
3780
4798
5296
5156
4623
3650
2442
1182
-2
-967
-1506
-1660
-1346
-552
447
1373
2245
2934
3392
3500
3118
2345
1484
533
-554
-1338
-1868
-2025
-1837
-1374
-453
460
1399
2026
2364
2425
2135
1889
1429
720
-139
-954
-1596
-2106
-2132
-1831
-1421
-847
-367
-21
139
286
179
-106
-485
-901
-1097
-1244
-1683
-1837
-1770
-1546
-1358
-1063
-557
-370
-396
-412
-382
-467
-730
-1148
-1244
-1317
-1435
-1495
-1349
-1174
-1023
-833
-805
-703
-360
-97
-24
-157
-483
-874
-1541
-2318
-3243
-4141
-4849
-5407
-5884
-6077
-5887
-5285
-4489
-3691
-2946
-2234
-1771
-1538
-1576
-1929
-2502
-3219
-4073
-4963
-5489
-5630
-5437
-4965
-4324
-3575
-2684
-1641
-812
-492
-457
-624
-932
-1295
-1770
-2327
-2779
-3025
-2983
-2494
-1909
-1314
-659
39
511
902
1196
1309
1268
1326
1172
770
717
733
753
953
1198
1547
1938
2270
2487
2563
2794
2942
2915
2854
2932
2887
2675
2513
2534
2583
2542
2494
2567
2584
2513
2376
2099
1870
1753
1654
1611
1530
1471
1336
1369
1549
1724
1974
1946
1798
1769
1711
1483
1023
379
-274
-579
-248
695
1895
3294
4519
5259
5494
5205
4361
3254
1925
645
-675
-1431
-1796
-1984
-1439
-332
1018
2333
3414
4023
4027
3627
2724
1656
314
-833
-1657
-2390
-2853
-2996
-2468
-1276
-56
889
1738
2227
2348
2140
1621
575
-431
-1505
-2618
-3266
-3286
-2950
-2569
-1940
-1110
-337
302
888
1268
1161
713
125
-645
-1369
-1897
-2394
-2627
-2590
-2342
-2102
-1673
-1204
-875
-492
-348
-299
-509
-799
-1173
-1744
-2128
-2448
-2643
-2631
-2291
-1962
-1528
-1084
-886
-841
-759
-858
-1038
-1278
-1508
-1777
-1854
-1883
-1841
-1633
-1495
-1288
-1156
-956
-717
-608
-545
-527
-554
-649
-782
-1324
-2177
-3130
-4102
-4873
-5341
-5826
-5986
-5787
-5437
-4817
-4005
-3160
-2416
-1716
-1321
-1244
-1418
-1768
-2486
-3523
-4389
-4798
-4935
-4878
-4556
-3962
-3118
-2338
-1454
-744
-205
115
93
-153
-628
-1055
-1546
-2006
-2190
-2003
-1756
-1355
-871
-347
412
1134
1524
1733
2050
2134
1946
2033
2004
1830
1669
1769
1948
2160
2591
3008
3308
3634
3782
3885
4022
4244
4311
4278
4156
3906
3730
3656
3798
3735
3559
3512
3601
3842
3755
3439
3257
3219
3136
3011
2859
2780
2749
2791
2842
2729
2742
2771
2799
2767
2804
2787
2284
1626
1175
957
1198
1850
3029
4307
5522
6439
6845
6566
5780
4669
3508
2221
961
10
-633
-850
-465
454
1794
3337
4647
5205
5236
5139
4617
3586
2399
1064
-119
-1103
-1695
-1645
-1020
21
909
1869
2888
3546
3771
3667
3225
2322
1287
341
-551
-1227
-1488
-1465
-1301
-852
-66
739
1578
2333
2659
2529
2250
1782
1129
431
-187
-879
-1375
-1591
-1420
-1128
-548
-43
358
723
911
959
813
557
103
-398
-724
-1002
-1068
-1083
-1029
-805
-290
49
286
441
569
526
305
44
-427
-681
-798
-725
-719
-822
-648
-399
-52
68
221
356
527
687
639
442
258
-220
-985
-1835
-2624
-3522
-4327
-4822
-4987
-4868
-4451
-3871
-3250
-2564
-1744
-1103
-533
-301
-605
-1094
-1762
-2458
-3263
-3967
-4403
-4554
-4375
-3886
-3056
-2145
-1279
-431
138
427
511
359
20
-379
-849
-1336
-1648
-1829
-1810
-1448
-1013
-330
474
1122
1643
1963
2110
1953
1591
1209
973
844
872
937
1293
1794
2185
2442
2528
2422
1992
1319
800
435
46
-138
41
490
1208
2198
3097
3590
3765
3519
3084
2298
1430
759
231
0
217
748
1654
2981
4276
5364
6141
6527
6484
6076
5363
4517
3774
3055
2424
2063
2112
2640
3577
4789
6283
7803
9010
9734
9711
8937
7535
5811
4096
2456
1072
257
82
290
893
2007
3313
4395
5229
5465
5197
4647
3806
2737
1457
154
-993
-1812
-2055
-1900
-1468
-701
158
1021
1807
2296
2458
2214
1580
558
-541
-1538
-2527
-3329
-3678
-3734
-3458
-2830
-1981
-1081
-295
267
461
267
28
-206
-559
-1292
-2123
-2695
-2964
-2855
-2523
-2067
-1448
-730
-135
459
767
859
863
678
395
47
-118
-119
-67
1
361
779
1101
1404
1735
1927
1923
1656
1383
1268
1012
777
660
494
403
323
390
707
1040
1226
1130
937
915
904
1008
1021
776
192
-510
-1258
-2050
-2835
-3601
-4275
-4657
-4963
-4783
-4100
-3374
-2699
-1961
-1314
-926
-874
-1039
-1507
-2085
-2847
-3718
-4570
-5305
-5704
-5504
-4908
-4182
-3404
-2680
-1957
-1388
-1017
-881
-955
-1400
-2042
-2664
-3308
-3595
-3842
-4065
-4018
-3646
-3075
-2435
-1855
-1215
-473
61
276
68
-211
-490
-1083
-1627
-1766
-1903
-2004
-1949
-1444
-606
129
695
1228
1523
1607
1383
1025
537
-146
-747
-1106
-1206
-965
-536
-87
410
723
962
1141
1235
1010
398
-530
-1253
-1852
-2393
-2780
-2874
-2493
-1982
-1487
-970
-715
-797
-1076
-1386
-2155
-3440
-4726
-5380
-5475
-4831
-3406
-1626
87
1254
1667
1311
525
-637
-1974
-3635
-5495
-7009
-7791
-7881
-7261
-5949
-4223
-2530
-946
66
612
465
-169
-1248
-2653
-4050
-5441
-6403
-6903
-6595
-5792
-4602
-3202
-1774
-646
151
655
669
263
-536
-1536
-2679
-3707
-4309
-4394
-4173
-3628
-2710
-1588
-528
270
840
1237
1351
1094
620
25
-659
-1558
-2238
-2309
-2312
-2175
-1826
-1200
-498
95
511
743
799
601
269
-194
-646
-975
-1195
-1526
-1582
-1221
-813
-465
-121
151
433
598
468
328
81
-225
-604
-895
-896
-709
-711
-421
-21
232
520
757
983
1149
1143
1240
1262
1151
637
-117
-798
-1467
-2128
-2774
-3215
-3363
-3138
-2594
-1808
-934
-79
880
1628
2136
2384
2121
1587
998
348
-246
-826
-1027
-861
-395
175
1015
1986
2779
3397
3952
4164
4116
3979
3542
2936
2294
1959
1624
1423
1461
1808
2390
2929
3225
3575
3911
4169
4194
4087
3887
3562
3234
2991
2799
2745
2674
2700
2879
3059
3308
3409
3459
3697
3797
3735
3539
3406
3206
3031
2904
2904
2884
2787
2893
3145
3193
3054
2882
2718
2616
2457
2368
2197
2046
1991
1879
1963
1971
2042
2260
2298
2212
2203
2205
2091
1655
865
-51
-713
-817
-477
485
1651
2906
3904
4455
4468
4088
3504
2767
1867
1014
428
39
-29
462
1147
2216
3491
4444
4971
4977
4581
3910
3209
2337
1221
369
-339
-649
-380
189
1050
2209
3331
4172
4785
4935
4843
4558
3836
2801
1807
1005
434
183
371
803
1496
2391
3143
4000
4451
4504
4356
4039
3593
2963
2380
1942
1429
901
774
869
1240
1825
2344
2717
3128
3511
3623
3318
2792
2322
1863
1329
956
713
681
754
748
769
1048
1350
1512
1625
1631
1546
1281
993
818
617
632
775
821
810
890
1056
1315
1635
1775
1872
1989
1989
1862
1551
1148
698
-33
-937
-1845
-2575
-2925
-3087
-3121
-2755
-1962
-1196
-386
493
1182
1572
1692
1474
1022
372
-372
-1044
-1621
-1862
-1793
-1483
-915
-203
685
1510
2219
2766
2931
2931
2698
2229
1674
1237
723
165
-147
-265
4
468
1066
1635
2117
2372
2476
2497
2433
2105
1684
1403
1087
773
585
617
615
696
883
1189
1290
1377
1521
1628
1525
1344
1206
1134
957
529
222
196
288
304
422
458
357
185
-49
-224
-439
-754
-920
-1085
-1150
-1266
-1238
-1073
-919
-870
-851
-947
-964
-783
-935
-1251
-1428
-1516
-1395
-919
215
1477
2855
4257
5229
5424
4947
3937
2392
525
-1437
-3231
-4686
-5709
-5877
-5209
-3929
-2046
-6
1898
3320
4047
4126
3453
2383
1028
-617
-2441
-4152
-5280
-5614
-5278
-4481
-3175
-1643
-331
524
1083
1276
1044
299
-752
-2167
-3548
-4673
-5432
-5810
-5718
-5105
-4002
-2988
-2012
-1163
-462
-175
-210
-553
-1104
-1840
-2598
-3332
-3914
-4140
-4113
-4133
-3934
-3442
-2882
-2353
-2178
-2116
-2110
-2155
-2348
-2538
-2669
-2829
-2873
-2759
-2403
-1975
-1675
-1389
-1092
-807
-529
-495
-591
-691
-882
-847
-847
-1056
-1115
-968
-593
-141
152
439
768
979
1169
1272
1210
1210
1133
822
142
-711
-1431
-2231
-3018
-3499
-3548
-3471
-3137
-2574
-1752
-723
47
711
1168
1368
1115
846
313
-438
-1256
-2054
-2583
-2702
-2578
-2242
-1583
-850
58
909
1466
1800
1895
1607
1131
617
-75
-737
-1297
-1703
-1760
-1599
-1395
-994
-436
146
686
944
939
983
844
672
301
-69
-301
-354
-266
-230
-72
197
368
588
788
1029
1143
1152
1218
1263
1122
955
903
977
1067
1001
963
1068
1175
1193
1029
923
829
710
604
520
388
311
310
246
387
591
728
808
814
1024
1209
1084
789
229
-450
-1093
-1450
-1330
