-5075
-4678
-4361
-4133
-3895
-3781
-3965
-4301
-4598
-4805
-5097
-5345
-5211
-4886
-4661
-4533
-4348
-4052
-3678
-3380
-3229
-3262
-3167
-3152
-3326
-3820
-4587
-5463
-6318
-7288
-7862
-8168
-8531
-8692
-8398
-7837
-7026
-6184
-5319
-4560
-3819
-3453
-3634
-4069
-4649
-5244
-5958
-6641
-7193
-7391
-7125
-6720
-5842
-4695
-3681
-2727
-2035
-1671
-1616
-1939
-2540
-3272
-3846
-4426
-4976
-5236
-5192
-4852
-4551
-3966
-3194
-2547
-2070
-1922
-2216
-2659
-3216
-4065
-4879
-5299
-5439
-5153
-4490
-3269
-1950
-1073
-873
-1559
-2801
-4465
-6161
-8063
-10138
-11603
-12150
-11722
-10503
-9033
-7506
-5880
-4656
-4133
-4501
-5604
-7165
-8943
-10674
-12009
-12863
-12968
-12197
-10416
-8045
-5403
-2785
-534
954
1568
1419
616
-500
-2017
-3703
-5316
-6513
-6750
-5726
-3666
-1213
1570
4218
6042
6934
6852
5835
4140
2017
-442
-2844
-4978
-6418
-6845
-6416
-5134
-3279
-1373
246
1295
1644
1207
129
-1568
-3780
-5937
-7944
-9556
-10321
-10099
-9372
-8268
-6734
-5133
-3986
-3302
-3065
-3443
-4452
-5867
-7372
-8847
-10437
-11883
-12469
-12344
-11645
-10719
-9609
-8193
-6891
-5879
-5342
-5096
-5428
-6449
-7714
-8970
-9994
-10952
-11813
-12170
-11763
-10978
-9873
-8617
-7468
-6411
-5358
-4706
-4406
-4209
-4013
-4096
-4382
-4374
-4269
-4035
-3608
-3055
-2511
-2055
-1638
-1217
-979
-833
-860
-1072
-1430
-1638
-1784
-2052
-2271
-2254
-2054
-1799
-1805
-1772
-1723
-1987
-2346
-2421
-2541
-2876
-3075
-3252
-3688
-4193
-4856
-5470
-6021
-6531
-6649
-6587
-6321
-5807
-5238
-4564
-3839
-3174
-2781
-2635
-3111
-3816
-4688
-5749
-6661
-7465
-7988
-8295
-8535
-8430
-7814
-6926
-6090
-5489
-4968
-4346
-3903
-3920
-4343
-4924
-5341
-5661
-5694
-5643
-5409
-4880
-4222
-3443
-2483
-1447
-628
-101
188
571
933
1183
1304
1185
850
114
-778
-1655
-2703
-3851
-4829
-4954
-4000
-2403
-500
1467
3053
4292
4971
4951
4168
2484
544
-1331
-3041
-4026
-4286
-3701
-2156
-197
1779
3685
5329
6389
6589
5848
4575
3087
1463
-159
-1338
-1657
-1278
-231
1361
3359
5221
6604
7278
7495
7446
7025
6706
6782
6854
6845
6851
6817
6534
5951
5169
4328
3398
2328
1332
429
-175
-260
105
914
1804
2764
3701
4398
4777
4772
4217
3394
2344
1074
12
-931
-1647
-2106
-2027
-1567
-1018
-560
192
702
839
748
361
-298
-1299
-2243
-3105
-3897
-4438
-4551
-4634
-4646
-4408
-4219
-4032
-3810
-3748
-3844
-4027
-4348
-4614
-4821
-4999
-5101
-4977
-4688
-4496
-4255
-3979
-3748
-3621
-3643
-3876
-4090
-4161
-4352
-4516
-4639
-4560
-4210
-3832
-3426
-2965
-2445
-1975
-1733
-1542
-1456
-1488
-1543
-1829
-2239
-2732
-3102
-3224
-3250
-3378
-3374
-3232
-2977
-2604
-2197
-1902
-1698
-1546
-1460
-1571
-1945
-2660
-3499
-4618
-6228
-7595
-8659
-9545
-9860
-9975
-9832
-9367
-8430
-7284
-6192
-5324
-4794
-4597
-4696
-5401
-6268
-7181
-8167
-9130
-9897
-10334
-10370
-10079
-9312
-8469
-7587
-6669
-5972
-5657
-5633
-5803
-6122
-6668
-7207
-7691
-8118
-8357
-8282
-8068
-7752
-7114
-6301
-5595
-4816
-4249
-3811
-3507
-3302
-3066
-3001
-2869
-2747
-2631
-2366
-2037
-1616
-1189
-720
-413
-233
-185
-191
-142
-234
-512
-722
-773
-891
-1067
-1124
-1121
-1044
-823
-703
-707
-874
-1123
-1375
-1553
-1689
-1974
-2328
-2392
-2440
-2399
-2324
-2224
-2175
-2139
-1975
-1831
-1576
-1578
-1799
-2350
-3260
-3949
-4150
-3728
-2788
-1539
-397
534
1023
862
252
-959
-2476
-3946
-5440
-6808
-7705
-8014
-7599
-6502
-5062
-3670
-2621
-1677
-1120
-1147
-1633
-2534
-3806
-5433
-7090
-8193
-8904
-9036
-8613
-7623
-6204
-4979
-3931
-3172
-2541
-2429
-2738
-3292
-4349
-5454
-6511
-7580
-8157
-8377
-8201
-7472
-6605
-5615
-4719
-3944
-3306
-3145
-3177
-3586
-4070
-4599
-5382
-6100
-6632
-6792
-6700
-6414
-6100
-5636
-5093
-4700
-4364
-4226
-4402
-4750
-5211
-5596
-6025
-6443
-6588
-6601
-6583
-6546
-6235
-5760
-5601
-5587
-5510
-5480
-5706
-6081
-6410
-6708
-6830
-6880
-6910
-6744
-6668
-6451
-6092
-5727
-5518
-5331
-4980
-4824
-4920
-5253
-5578
-5985
-6518
-7316
-8309
-9085
-9867
-10485
-10740
-10508
-10132
-9592
-8927
-8052
-6981
-6110
-5561
-5124
-5147
-5831
-6634
-7488
-8258
-9013
-9643
-9851
-9545
-9035
-8089
-6909
-5740
-4838
-4195
-3717
-3416
-3470
-4007
-4523
-4886
-5322
-5646
-5877
-5960
-5778
-5384
-4628
-3721
-2880
-2250
-1780
-1441
-1144
-1021
-1079
-1294
-1399
-1482
-1568
-1450
-1305
-1108
-747
-367
-4
480
771
832
1005
1230
1082
823
695
654
670
703
758
858
827
750
593
475
371
236
-7
-249
-234
-102
-117
-230
-410
-352
-71
115
294
389
361
348
221
-121
-687
-1131
-1478
-1526
-1050
-83
1112
2605
3803
4515
4707
4304
3474
2264
990
-431
-1789
-2559
-2976
-2957
-2476
-1314
140
1575
2691
3169
3109
2908
2212
1073
-210
-1521
-2657
-3469
-3854
-3698
-2984
-1875
-744
300
996
1314
1496
1525
1159
194
-1084
-2453
-3454
-4068
-4328
-4104
-3679
-2923
-1982
-1165
-589
-192
196
124
-412
-1109
-1947
-2711
-3300
-3751
-4067
-4069
-3818
-3477
-2916
-2350
-2112
-1872
-1580
-1443
-1765
-2342
-2730
-3128
-3458
-3553
-3559
-3635
-3588
-3303
-2865
-2367
-2197
-2300
-2334
-2433
-2690
-2901
-3087
-3100
-3318
-3417
-3181
-2948
-2868
-2646
-2421
-2332
-2180
-2011
-1871
-1576
-1511
-1762
-2277
-3102
-3867
-4652
-5557
-6272
-6969
-7403
-7455
-7265
-6808
-6221
-5425
-4399
-3550
-3032
-2849
-2841
-3304
-4038
-4836
-5598
-6216
-6796
-7263
-7307
-6825
-6044
-5097
-4401
-3689
-2762
-2141
-1910
-1971
-2197
-2427
-2933
-3681
-4324
-4668
-4721
-4475
-3993
-3425
-2746
-2064
-1259
-735
-363
-66
125
53
-140
-407
-647
-701
-714
-586
-434
-219
279
678
912
1352
1695
1855
1911
1875
1795
1786
1715
1628
1654
1715
1603
1507
1529
1475
1441
1387
1339
1174
1002
832
654
471
558
449
345
442
472
538
672
633
382
446
357
-149
-941
-1743
-2036
-1690
-671
471
1701
2887
3895
4335
4015
3269
2127
670
-644
-1906
-2954
-3652
-3857
-3366
-2220
-939
360
1440
2265
2563
2298
1661
527
-802
-2174
-3442
-4396
-5050
-5185
-4649
-3739
-2705
-1518
-670
49
369
171
-284
-1310
-2490
-3407
-4365
-5252
-5725
-5473
-4923
-4298
-3610
-2749
-1830
-1228
-1052
-1189
-1510
-2053
-2885
-3690
-4337
-4801
-5094
-5339
-5383
-5144
-4565
-4056
-3726
-3241
-2848
-2744
-2973
-3457
-3879
-4254
-4654
-4895
-4905
-4972
-4875
-4636
-4519
-4276
-3926
-3614
-3419
-3401
-3624
-4133
-4566
-4707
-4736
-4808
-4754
-4714
-4553
-4257
-4058
-4021
-3970
-3693
-3424
-3361
-3350
-3562
-3938
-4447
-5167
-6122
-7084
-7910
-8528
-9127
-9450
-9378
-8923
-8153
-7195
-6243
-5338
-4810
-4538
-4482
-4572
-5186
-6075
-6925
-7928
-8609
-9027
-9163
-8807
-8168
-7179
-6177
-5322
-4482
-3846
-3385
-3279
-3556
-4088
-4747
-5392
-5606
-5753
-5786
-5645
-5281
-4675
-4059
-3404
-2664
-1931
-1392
-1029
-815
-970
-1139
-1356
-1475
-1426
-1446
-1507
-1400
-1188
-870
-496
25
388
502
561
670
851
957
791
489
283
224
380
401
397
579
672
606
566
426
230
147
20
-24
-134
-319
-535
-648
-419
-213
-139
-92
-123
-282
-413
-418
-675
-1410
-2320
-3031
-3461
-3352
-2632
-1635
-353
840
1616
1929
1645
1043
167
-1015
-2163
-3132
-3555
-3454
-3172
-2518
-1299
-74
907
1610
1802
1585
964
186
-811
-2036
-3128
-3953
-4326
-4206
-3635
-2835
-1939
-881
10
736
1212
1301
762
-134
-1008
-1892
-2874
-3432
-3634
-3620
-3334
-2738
-1929
-1015
-78
617
925
918
610
21
-709
-1473
-2198
-2602
-2819
-3011
-2949
-2827
-2420
-1730
-1042
-508
-219
-106
-281
-705
-1254
-1855
-2454
-2847
-3117
-3249
-3255
-3114
-3144
-3044
-2734
-2376
-2274
-2454
-2492
-2622
-2940
-3265
-3523
-3703
-3668
-3745
-3638
-3458
-3212
-2983
-2843
-2734
-2772
-2744
-2566
-2642
-2833
-3108
-3863
-4848
-5740
-6477
-7177
-7768
-8139
-8144
-7778
-6998
-6171
-5357
-4562
-3887
-3442
-3355
-3342
-3811
-4460
-5229
-5858
-6506
-6963
-6935
-6718
-6146
-5321
-4412
-3295
-2322
-1748
-1357
-1122
-1058
-1352
-1906
-2372
-2631
-2906
-3209
-3296
-2790
-2133
-1527
-890
-273
396
1108
1493
1553
1508
1382
1290
1123
979
922
892
1132
1423
1685
1983
2414
2768
3035
3075
3094
3153
3143
3076
2787
2724
2676
2634
2686
2657
2727
2708
2570
2419
2369
2108
1817
1669
1694
1641
1362
1256
1177
1204
1272
1340
1535
1669
1649
1734
1715
1448
1057
713
521
868
1798
3207
4590
5844
6908
7301
6916
5972
4663
2993
1067
-789
-2168
-3020
-3425
-3012
-1842
-226
1670
3425
4828
5723
5991
5528
4426
2873
1199
-438
-1847
-3002
-3709
-3765
-3077
-1849
-594
715
1875
2604
2776
2342
1660
790
-525
-1893
-3001
-3884
-4557
-4653
-4098
-3223
-2355
-1435
-635
-65
444
548
414
-121
-966
-1827
-2711
-3363
-3802
-4031
-3961
-3709
-3446
-3121
-2771
-2442
-2190
-2133
-2379
-2647
-2913
-3222
-3508
-3837
-3917
-3639
-3297
-2769
-2168
-1897
-1902
-1769
-1638
-1715
-2023
-2338
-2584
-2731
-2731
-2670
-2415
-2181
-1972
-1587
-1328
-1128
-942
-647
-483
-532
-642
-1008
-1511
-2105
-2947
-3846
-4738
-5416
-5929
-6362
-6535
-6088
-5319
-4627
-3917
-3171
-2336
-1731
-1518
-1785
-2218
-2687
-3604
-4840
-5848
-6238
-6458
-6507
-6155
-5441
-4627
-3716
-2910
-2277
-1797
-1612
-1742
-1931
-2383
-3086
-3826
-4383
-4720
-4828
-4601
-4199
-3720
-3053
-2397
-1720
-1168
-610
-245
-187
-268
-427
-454
-547
-779
-863
-629
-483
-277
-25
466
1134
1607
1777
1612
1780
1943
1944
1937
1944
2010
1958
1915
1998
2018
2044
2065
1990
2030
1897
1702
1612
1487
1396
1319
1191
1116
1077
1191
1538
1729
1833
1847
1864
1793
1510
860
236
-493
-977
-1029
-586
174
1281
2511
3323
3645
3580
2999
1925
686
-489
-1624
-2417
-2996
-3102
-2466
-1196
171
1435
2590
3376
3564
3231
2425
1325
51
-1300
-2661
-3919
-4584
-4504
-3897
-3021
-1958
-725
362
1062
1560
1547
1078
364
-357
-1377
-2509
-3209
-3505
-3421
-3117
-2358
-1427
-514
349
868
1195
1331
1129
690
-37
-646
-1285
-1980
-2311
-2203
-1989
-1803
-1237
-655
-243
131
421
521
480
195
-341
-829
-1174
-1419
-1634
-1807
-1721
-1621
-1491
-1279
-1133
-1155
-1188
-1100
-1273
-1557
-1914
-2117
-2161
-2310
-2639
-2683
-2421
-2263
-2166
-2063
-1873
-1750
-1921
-1750
-1536
-1619
-1870
-2422
-3414
-4528
-5529
-6341
-6956
-7328
-7601
-7543
-7120
-6435
-5606
-4757
-3986
-3132
-2609
-2664
-2813
-3468
-4316
-5063
-5659
-6103
-6439
-6549
-6285
-5689
-4732
-3794
-2805
-1908
-1133
-687
-575
-814
-1059
-1392
-1856
-2359
-2744
-2932
-2836
-2482
-1739
-859
-113
545
1132
1617
1965
2138
2296
2292
1977
1600
1369
1421
1626
1887
2089
2368
2642
3036
3398
3625
3680
3711
3749
3683
3625
3588
3545
3701
3761
3484
3275
3423
3560
3411
3297
3187
2984
2811
2570
2313
2237
2375
2397
2464
2362
2309
2401
2430
2401
2300
2340
2408
2097
1363
602
205
289
978
2003
3336
4746
5809
6278
6127
5456
4489
3238
1884
592
-474
-1103
-1339
-1014
-131
982
2290
3651
4672
5120
5019
4431
3503
2529
1345
36
-899
-1548
-2008
-1790
-975
123
1136
2065
2858
3241
3271
2948
2300
1449
475
-646
-1581
-2063
-2128
-1769
-1224
-548
406
1072
1581
1984
2114
1851
1410
705
-53
-797
-1388
-1739
-2053
-2038
-1769
-1369
-884
-488
-149
61
-12
-177
-454
-896
-1319
-1654
-2007
-2185
-2175
-2204
-1927
-1634
-1391
-1135
-888
-655
-682
-967
-1226
-1388
-1487
-1805
-1973
-2017
-1862
-1636
-1394
-1208
-1000
-787
-660
-453
-332
-325
-328
-537
-828
-1558
-2503
-3417
-4289
-5007
-5512
-5744
-5786
-5648
-5211
-4526
-3521
-2645
-1972
-1460
-1259
-1386
-1747
-2342
-3235
-4117
-4884
-5343
-5504
-5342
-4572
-3910
-3118
-2044
-1248
-742
-278
-166
-407
-776
-1325
-1868
-2408
-2776
-2789
-2567
-2247
-1880
-1485
-938
-329
274
767
1053
1204
1225
1282
1265
1140
922
799
732
876
1104
1349
1523
1875
2218
2471
2754
2894
2798
2586
2645
2740
2629
2641
2655
2520
2498
2539
2573
2652
2641
2452
2334
2214
1961
1866
1919
1871
1802
1621
1546
1746
1842
1952
1960
1834
1846
1882
1592
975
419
-33
-220
144
1167
2577
3944
4943
5622
5777
5320
4390
3280
2097
727
-514
-1514
-1987
-1924
-1195
4
1350
2672
3675
4329
4497
3936
3115
2161
971
-464
-1916
-2751
-3075
-2953
-2320
-1313
-227
860
1783
2282
2336
2151
1491
561
-413
-1380
-2415
-3117
-3352
-3044
-2484
-1799
-991
-63
613
1042
1285
1285
929
436
-167
-1012
-1868
-2306
-2599
-2717
-2618
-2142
-1628
-1185
-751
-474
-280
-325
-386
-494
-950
-1492
-1962
-2212
-2240
-2193
-1975
-1698
-1256
-839
-640
-467
-407
-467
-614
-967
-1088
-1421
-1665
-1840
-1775
-1642
-1298
-1038
-829
-596
-463
-377
-411
-280
-319
-625
-1009
-1416
-2028
-3026
-4042
-4924
-5552
-5861
-5878
-5657
-5200
-4574
-3757
-2846
-2149
-1553
-1166
-1172
-1505
-2152
-2841
-3532
-4255
-5035
-5306
-5217
-4930
-4322
-3377
-2321
-1455
-839
-368
-43
-50
-298
-616
-1100
-1627
-2082
-2409
-2456
-2265
-1918
-1391
-816
-151
617
1314
1704
1852
1917
1808
1814
1853
1711
1647
1602
1646
1776
2023
2509
2946
3383
3507
3395
3491
3704
3701
3503
3328
3298
3288
3195
3250
3371
3395
3440
3342
3220
3123
2955
2709
2665
2690
2567
2478
2483
2429
2413
2490
2673
2749
2674
2607
2737
2641
2441
2051
1418
779
444
575
1392
2655
4118
5322
6076
6362
6113
5406
4125
2829
1633
532
-438
-1209
-1339
-902
153
1458
2814
4006
4727
5082
4958
4252
3218
1959
776
-503
-1542
-2117
-2037
-1444
-670
364
1494
2400
2928
3197
3126
2694
1918
1077
73
-938
-1555
-1890
-1938
-1770
-1177
-312
514
1379
2132
2589
2502
2086
1575
964
243
-449
-1003
-1472
-1636
-1555
-1202
-692
-93
330
661
900
855
636
166
-236
-440
-879
-1321
-1611
-1481
-1110
-812
-525
-257
-80
-48
-19
82
127
-156
-520
-672
-725
-859
-1038
-901
-404
-83
-33
34
152
333
515
610
562
178
-199
-511
-1130
-1880
-2732
-3597
-4197
-4540
-4754
-4735
-4482
-4120
-3316
-2172
-1225
-804
-471
-333
-547
-1099
-1819
-2686
-3453
-4064
-4309
-4376
-4166
-3590
-2852
-1971
-1022
-296
132
458
823
806
323
-292
-877
-1283
-1569
-1792
-1703
-1273
-750
-126
629
1107
1598
2065
2246
2139
1923
1707
1401
1066
1035
1229
1510
1982
2480
2672
2624
2557
2207
1786
1266
721
227
160
639
1198
1793
2628
3655
4346
4395
4324
3833
3132
2048
1171
655
389
639
1346
2467
3750
4989
5883
6533
7163
7438
7010
6237
5587
4868
3852
3010
2564
2574
3078
4025
5419
7069
8725
9928
10429
10287
9512
8124
6409
4595
3191
1987
988
570
1025
1947
2981
4101
5072
5906
6344
6071
5551
4667
3369
1975
685
-446
-1265
-1644
-1356
-738
48
929
1849
2604
2911
3042
2738
2092
1198
270
-746
-1865
-2708
-3043
-3004
-2548
-1905
-1136
-376
252
735
1006
917
664
100
-454
-961
-1626
-2114
-2258
-2194
-2118
-1601
-824
-10
603
921
1048
1208
1274
1076
759
375
298
136
47
104
359
864
1367
1794
1995
2151
2249
2040
1712
1499
1263
1074
864
656
613
725
778
778
964
1203
1276
1216
1191
1264
1360
1133
837
461
-158
-992
-1829
-2519
-3308
-3995
-4491
-4721
-4778
-4352
-3501
-2642
-1927
-1265
-632
-506
-993
-1609
-2252
-3037
-3895
-4694
-5186
-5280
-5161
-4781
-4175
-3403
-2543
-1840
-1447
-1075
-869
-1010
-1435
-2021
-2593
-3165
-3675
-3926
-4010
-3837
-3550
-3027
-2298
-1500
-706
-320
62
233
71
-44
-346
-878
-1411
-1899
-2149
-2168
-1910
-1348
-558
140
611
986
1374
1514
1305
884
348
-345
-948
-1312
-1244
-1136
-947
-411
262
856
1142
1144
1096
726
130
-512
-1341
-2030
-2417
-2841
-3085
-2810
-2311
-1635
-1236
-1092
-1046
-1196
-1787
-2858
-4109
-5200
-5900
-5978
-5277
-3867
-2126
-612
466
1108
1013
202
-1107
-2898
-4724
-6295
-7396
-8123
-8539
-8102
-6572
-4558
-2686
-1309
-353
272
74
-829
-2096
-3541
-4807
-6058
-7129
-7440
-6973
-6136
-5072
-3875
-2452
-1231
-463
-97
-193
-718
-1487
-2468
-3433
-4343
-5084
-5239
-4805
-4087
-3264
-2251
-1243
-377
328
603
629
521
125
-528
-1283
-2087
-2625
-2851
-2837
-2618
-2146
-1485
-983
-482
199
582
545
285
-57
-597
-1126
-1616
-2034
-2066
-1993
-1829
-1476
-999
-707
-415
-303
-374
-391
-532
-743
-1015
-1355
-1560
-1628
-1628
-1438
-1107
-601
-229
-31
165
304
465
657
695
494
138
-158
-747
-1563
-2427
-2973
-3351
-3534
-3474
-3161
-2737
-2084
-1114
-150
901
1595
1791
1745
1518
1201
543
-255
-922
-1235
-1358
-1247
-537
291
947
1735
2698
3554
4032
4175
4121
3775
3409
2882
2240
1756
1602
1503
1559
1790
2153
2684
3134
3749
4154
4364
4384
4197
3928
3551
3091
2777
2825
2821
2560
2494
2816
3085
3074
3142
3400
3592
3558
3480
3352
3259
3113
2965
2821
2696
2733
2797
2822
2780
2810
2806
2724
2557
2465
2360
2292
2171
1997
1951
1859
1774
1840
2080
2178
2172
2306
2446
2306
1971
1652
1124
386
-137
-137
535
1726
3209
4617
5642
5927
5706
5224
4464
3445
2040
959
253
-245
-316
181
1138
2412
3776
4893
5580
5748
5370
4707
3967
2897
1758
633
-138
-397
-366
141
944
1969
3053
3976
4671
4791
4428
4078
3263
2414
1479
569
-33
-199
-175
104
645
1455
2449
3342
3868
4105
4002
3766
3184
2502
1851
1173
501
141
152
281
659
1146
1602
1970
2314
2569
2671
2446
1968
1557
1238
854
504
364
472
663
944
1114
1423
1880
2131
2026
1856
1847
1674
1367
1149
1059
897
883
1068
1289
1429
1587
1817
2066
2320
2396
2503
2629
2670
2243
1444
826
115
-505
-1165
-1877
-2409
-2584
-2413
-2046
-1431
-458
361
1033
1710
2073
2120
1865
1415
678
-346
-1077
-1361
-1634
-1744
-1485
-1021
-200
584
1300
2240
2823
2888
2828
2555
2114
1548
1053
503
-31
-531
-536
-244
141
592
1032
1530
2027
2226
2149
1974
1796
1546
1337
831
394
153
47
25
209
559
927
1132
1140
1299
1418
1223
1059
970
846
705
559
503
556
655
636
419
402
518
537
313
86
-12
-94
-387
-685
-874
-969
-942
-909
-853
-634
-473
-583
-735
-676
-488
-718
-1450
-2136
-2452
-2336
-1504
-254
1187
2590
3643
4040
3829
3139
2009
475
-1165
-2838
-4162
-4872
-5030
-4655
-3608
-1997
-307
1229
2259
2852
2995
2636
1588
175
-1389
-2813
-4000
-4772
-4933
-4639
-3901
-2785
-1536
-525
179
691
779
429
-234
-1275
-2252
-3200
-4065
-4800
-5181
-4910
-4330
-3434
-2505
-1566
-709
-31
235
121
-302
-997
-1658
-2200
-2835
-3398
-3767
-3785
-3687
-3335
-2705
-2109
-1599
-1350
-1329
-1396
-1521
-1823
-2133
-2429
-2682
-2764
-2716
-2471
-2250
-1986
-1512
-1002
-655
-563
-597
-822
-1157
-1476
-1548
-1502
-1446
-1449
-1480
-1383
-1014
-513
-108
153
267
350
445
422
307
-35
-254
-671
-1278
-2035
-3052
-3714
-3863
-3983
-4026
-3921
-3349
-2704
-1920
-866
54
624
643
484
-36
-600
-1161
-1861
-2373
-2894
-3330
-3144
-2534
-1717
-931
-105
729
1315
1735
1883
1601
1127
464
-123
-702
-1134
-1475
-1705
-1619
-1203
-558
108
578
1010
1386
1458
1281
1176
955
677
383
14
-161
-253
-248
-105
58
264
538
915
1123
1320
1307
1373
1366
1298
1136
1089
1069
969
803
915
1116
1086
1113
1078
1014
916
510
183
179
71
-71
-118
6
53
187
354
461
501
476
575
542
370
59
-353
-655
-492
8
