-5578
-5174
-4532
-4216
-4140
-4075
-3984
-4144
-4531
-4825
-5005
-5096
-5063
-4994
-4792
-4467
-4180
-3927
-3773
-3606
-3383
-3194
-3087
-3210
-3584
-4116
-4762
-5313
-6168
-7194
-8093
-8723
-8855
-8760
-8516
-7786
-6861
-5949
-4989
-4218
-3642
-3418
-3447
-3900
-4622
-5489
-6330
-7015
-7388
-7467
-7211
-6627
-5904
-4953
-3870
-2962
-2438
-2093
-1978
-2213
-2793
-3442
-4184
-4820
-5300
-5461
-5389
-5411
-5150
-4586
-3931
-3247
-2693
-2351
-2567
-3190
-3886
-4460
-5060
-5414
-5672
-5692
-4965
-3653
-2287
-1348
-1115
-1713
-2791
-4468
-6256
-8168
-10152
-11658
-12276
-12027
-11073
-9619
-8012
-6349
-5286
-4872
-5268
-6224
-7574
-9310
-10979
-12345
-13239
-13319
-12633
-10998
-8424
-5705
-3196
-955
577
1321
1274
522
-683
-2003
-3713
-5401
-6728
-7223
-6598
-4881
-2437
422
3236
5262
6363
6606
5841
4084
1865
-350
-2477
-4371
-5765
-6479
-6236
-5164
-3565
-1850
-421
514
900
413
-860
-2645
-4743
-6765
-8603
-10045
-10871
-10642
-9784
-8535
-7069
-5588
-4295
-3480
-3268
-3617
-4514
-5727
-7489
-9441
-10995
-12016
-12630
-12613
-12015
-10909
-9487
-7863
-6657
-5884
-5221
-5014
-5392
-6081
-7277
-8860
-10325
-11250
-11734
-11954
-11709
-11149
-9951
-8707
-7431
-6135
-5101
-4457
-4093
-3887
-3675
-3674
-3931
-4198
-4180
-3972
-3833
-3164
-2392
-1904
-1596
-1249
-879
-770
-733
-929
-1312
-1750
-1964
-2029
-2047
-2056
-2009
-1951
-1906
-1918
-2209
-2605
-2888
-3000
-3140
-3340
-3369
-3556
-4073
-4740
-5534
-6206
-6697
-7049
-7177
-7118
-6944
-6403
-5742
-5205
-4472
-3795
-3388
-3457
-3740
-4274
-5110
-6039
-6944
-7692
-8423
-8871
-8977
-8631
-7983
-7131
-6262
-5541
-5073
-4760
-4285
-4138
-4563
-5115
-5429
-5774
-6019
-5933
-5739
-5261
-4639
-3773
-2689
-1876
-1010
-265
235
650
918
1070
1188
1085
709
-69
-949
-1762
-2911
-4081
-4931
-4945
-3971
-2350
-364
1436
2987
4351
4904
4710
3936
2415
516
-1480
-3190
-4284
-4489
-3825
-2462
-602
1453
3214
4682
5538
5698
5164
4031
2545
789
-838
-2028
-2629
-2188
-805
975
2862
4578
5831
6480
6447
6217
5927
5553
5206
5308
5800
6154
6206
6005
5766
5316
4449
3459
2317
1225
170
-660
-948
-718
-66
817
1823
2823
3646
4155
4104
3573
2719
1581
142
-1097
-1961
-2529
-2910
-2893
-2331
-1479
-580
55
643
1067
1040
719
160
-581
-1723
-2912
-4015
-4735
-4775
-4636
-4534
-4447
-4203
-3818
-3767
-3886
-3719
-3760
-4098
-4565
-5011
-5271
-5388
-5466
-5228
-4896
-4512
-4110
-3847
-3619
-3585
-3616
-3669
-3860
-4159
-4405
-4549
-4533
-4250
-4117
-3918
-3571
-3175
-2536
-1886
-1558
-1442
-1558
-1630
-1578
-1885
-2346
-2827
-3098
-3270
-3439
-3533
-3453
-3384
-3129
-2686
-2356
-2091
-1995
-2078
-2174
-2374
-3118
-4197
-5462
-6841
-8149
-9427
-10246
-10819
-10998
-10586
-9916
-8914
-7829
-6848
-5826
-5026
-4676
-4944
-5449
-6195
-7395
-8583
-9463
-10030
-10238
-10273
-9943
-9141
-8263
-7535
-6669
-6021
-5698
-5625
-5668
-5875
-6471
-7188
-7764
-8309
-8731
-8782
-8426
-7873
-7285
-6618
-5784
-5075
-4538
-3983
-3478
-3273
-3351
-3495
-3418
-3180
-2819
-2366
-2050
-1806
-1378
-1097
-907
-664
-407
-250
-233
-381
-704
-1044
-1198
-1316
-1507
-1619
-1646
-1688
-1636
-1522
-1372
-1392
-1537
-1810
-2148
-2272
-2526
-2838
-3025
-3043
-3020
-3076
-3006
-2919
-2793
-2536
-2211
-2159
-2540
-2942
-3287
-3725
-4388
-4882
-4442
-3352
-1953
-565
461
1087
903
101
-1129
-2662
-4407
-5991
-7247
-7911
-8148
-8093
-7373
-5903
-4305
-2856
-1782
-1199
-1169
-1776
-3002
-4473
-5857
-7237
-8569
-9284
-9596
-9096
-8087
-6872
-5481
-4233
-3373
-2761
-2605
-2914
-3528
-4442
-5596
-6713
-7704
-8377
-8544
-8450
-7798
-6797
-5923
-4987
-4044
-3389
-3139
-3177
-3440
-3930
-4701
-5525
-6304
-6998
-7040
-6772
-6669
-6432
-5935
-5423
-5038
-4662
-4434
-4422
-4713
-5264
-5930
-6351
-6598
-6602
-6514
-6637
-6710
-6479
-6146
-5864
-5658
-5507
-5561
-5830
-6170
-6418
-6544
-6760
-7008
-7208
-7279
-7197
-6921
-6441
-6021
-5752
-5551
-5250
-5053
-4920
-4983
-5362
-5936
-6650
-7507
-8517
-9693
-10606
-11219
-11301
-11100
-10677
-10009
-9242
-8388
-7344
-6302
-5480
-5068
-5345
-5989
-6862
-7717
-8565
-9234
-9939
-10371
-9879
-9080
-8313
-7371
-6319
-5326
-4378
-3752
-3646
-3877
-4299
-4611
-4939
-5425
-5905
-6103
-6150
-6062
-5514
-4847
-3936
-3137
-2360
-1854
-1574
-1400
-1324
-1223
-1311
-1327
-1305
-1375
-1294
-1000
-847
-658
-363
80
401
681
897
976
985
986
1022
999
732
549
575
763
820
689
635
554
547
393
122
-177
-409
-479
-536
-585
-579
-548
-367
-233
-55
-26
37
144
293
392
72
-529
-1195
-1665
-1738
-1187
-149
1250
2799
4048
4885
4941
4488
3609
2376
926
-486
-1636
-2713
-3364
-3361
-2730
-1500
51
1381
2328
2988
3134
2712
1928
902
-334
-1661
-2882
-3770
-4207
-4036
-3266
-2190
-1060
159
963
1497
1763
1565
1031
194
-1009
-2220
-3345
-4210
-4553
-4321
-3897
-3262
-2440
-1580
-768
-251
-33
-36
-325
-1150
-2017
-2754
-3301
-3789
-4304
-4476
-4317
-3967
-3290
-2618
-2191
-1871
-1776
-1997
-2138
-2432
-2874
-3173
-3392
-3617
-3657
-3745
-3671
-3454
-2964
-2621
-2430
-2266
-2206
-2186
-2479
-2805
-2984
-3217
-3368
-3418
-3427
-3323
-3238
-3072
-2837
-2609
-2529
-2325
-2164
-2087
-2253
-2491
-2891
-3511
-4195
-5162
-6067
-6905
-7740
-8100
-8271
-8015
-7447
-6668
-5726
-4849
-4029
-3490
-3355
-3413
-3853
-4365
-5162
-6095
-6848
-7390
-7698
-7731
-7480
-6841
-5903
-4832
-3831
-3033
-2396
-2145
-2215
-2548
-3114
-3730
-4211
-4610
-5011
-5310
-5126
-4562
-3998
-3315
-2661
-1990
-1444
-1175
-950
-693
-636
-778
-979
-1241
-1341
-1384
-1255
-883
-674
-465
16
352
625
953
1220
1300
1178
1032
1011
858
729
674
625
663
734
688
708
614
508
376
96
39
-90
-430
-594
-674
-629
-559
-595
-526
-432
-486
-352
-303
-369
-543
-1031
-1796
-2402
-2562
-2157
-1357
-214
1093
2455
3458
3928
3811
3028
1813
456
-1208
-2729
-3855
-4688
-4921
-4301
-3108
-1611
-293
789
1528
1934
1729
932
-192
-1515
-2841
-4250
-5407
-5908
-5884
-5281
-4198
-2987
-2073
-1232
-434
-35
-38
-455
-1316
-2301
-3485
-4610
-5406
-5838
-5768
-5265
-4670
-3730
-2874
-2371
-1868
-1451
-1319
-1667
-2256
-2918
-3730
-4575
-5140
-5527
-5726
-5654
-5136
-4745
-4271
-3649
-3294
-3306
-3302
-3405
-3629
-4033
-4387
-4653
-4986
-5209
-5295
-5080
-4738
-4374
-3918
-3572
-3329
-3499
-3712
-3635
-3727
-4106
-4444
-4639
-4728
-4817
-4813
-4686
-4399
-4217
-4222
-3969
-3694
-3635
-3650
-3896
-3984
-4171
-4687
-5411
-6219
-7240
-8211
-8888
-9435
-9634
-9432
-8941
-8226
-7414
-6486
-5485
-4773
-4382
-4220
-4559
-5217
-5964
-6733
-7672
-8413
-8739
-8768
-8414
-7638
-6744
-5829
-4945
-4109
-3458
-3055
-2910
-3016
-3385
-3925
-4466
-4892
-5319
-5475
-5313
-4992
-4264
-3519
-2910
-2156
-1435
-1080
-747
-637
-617
-795
-986
-1070
-1131
-1110
-1003
-895
-527
-32
238
559
1040
1303
1292
1280
1338
1434
1428
1219
1146
1306
1334
1335
1361
1365
1389
1331
1095
889
647
466
328
43
-94
-141
-151
72
228
276
380
579
598
491
544
469
74
-726
-1783
-2653
-3371
-3475
-2780
-1632
-365
757
1447
1599
1435
954
198
-615
-1424
-2068
-2497
-2629
-2354
-1560
-436
595
1460
2154
2370
2161
1518
561
-404
-1549
-2681
-3472
-3849
-3695
-3018
-1996
-678
674
1507
2060
2405
2220
1940
1351
490
-615
-1544
-2221
-2572
-2484
-2017
-1310
-412
567
1354
1936
2195
2233
2004
1465
646
-269
-936
-1458
-1882
-2039
-1884
-1531
-1018
-409
0
618
1046
965
772
456
-32
-611
-1169
-1838
-2425
-2658
-2754
-2717
-2569
-2343
-2150
-1993
-1949
-2057
-2035
-2123
-2502
-2992
-3323
-3525
-3527
-3673
-3628
-3479
-3320
-3270
-3131
-2895
-2646
-2557
-2661
-2738
-2943
-3337
-3931
-4814
-5653
-6440
-7275
-7985
-8482
-8308
-7934
-7531
-6841
-5941
-4970
-3964
-3240
-2954
-3072
-3498
-4084
-4731
-5545
-6367
-6710
-6700
-6400
-5918
-5119
-4133
-3042
-2081
-1295
-860
-698
-621
-819
-1427
-2145
-2597
-2877
-2897
-2755
-2405
-2001
-1368
-544
221
665
1041
1339
1636
1643
1515
1302
1033
871
728
657
884
1217
1411
1701
2071
2324
2447
2586
2538
2407
2375
2368
2277
2104
2046
2040
1893
1768
1740
1762
1699
1510
1402
1214
1051
947
910
875
727
536
298
224
469
548
531
552
649
621
530
437
325
387
817
1411
2421
3879
5420
6591
7567
7842
7511
6561
4833
2770
469
-1795
-3590
-4894
-5371
-4753
-3304
-1392
805
3056
4718
5787
6098
5586
4537
2934
1131
-1021
-2937
-4388
-5190
-5238
-4674
-3491
-1997
-484
816
1635
1981
1851
1332
291
-1123
-2596
-4054
-5335
-6128
-6223
-5578
-4941
-4129
-3187
-2248
-1483
-855
-555
-656
-1154
-2012
-2995
-3807
-4613
-5287
-5438
-5511
-5493
-5269
-4899
-4465
-4051
-3841
-3709
-3558
-3772
-4068
-4418
-4593
-4461
-4256
-4031
-3644
-3221
-2784
-2399
-2114
-2078
-2067
-1979
-2112
-2437
-2830
-3096
-3136
-3055
-2810
-2422
-2125
-1869
-1554
-1352
-1216
-1009
-880
-801
-941
-1359
-1792
-2469
-3234
-4263
-5250
-6008
-6587
-6982
-7068
-6789
-6190
-5300
-4249
-3403
-2672
-2079
-1769
-1798
-2331
-3241
-4257
-5153
-5904
-6485
-7003
-7124
-6857
-6320
-5388
-4427
-3698
-2973
-2279
-2100
-2149
-2482
-3067
-3675
-4272
-5016
-5490
-5640
-5597
-5314
-4861
-4237
-3395
-2573
-1935
-1654
-1397
-1128
-1124
-1297
-1521
-1710
-1728
-1489
-1384
-1199
-1012
-776
-353
-96
263
644
867
1048
1238
1410
1342
1117
1021
1154
1195
1163
1183
1289
1453
1391
1314
1206
919
615
504
452
268
6
42
272
586
577
580
803
742
830
915
731
289
-462
-1281
-2002
-2181
-1744
-1029
15
1052
1828
2185
2091
1621
558
-506
-1685
-2794
-3723
-4304
-4352
-3661
-2462
-922
699
1957
2781
2941
2623
1979
757
-732
-2418
-3907
-4922
-5643
-5758
-5141
-4101
-2818
-1487
-221
755
1298
1404
1106
391
-591
-1593
-2463
-3251
-3700
-3776
-3281
-2545
-1667
-740
181
977
1463
1639
1435
874
235
-519
-1185
-1788
-2304
-2510
-2555
-2377
-1716
-894
-365
-127
172
472
472
228
-30
-625
-1201
-1523
-1624
-1827
-1921
-1788
-1626
-1456
-1369
-1238
-1236
-1377
-1663
-1934
-2203
-2491
-2894
-3095
-3090
-2840
-2666
-2547
-2531
-2520
-2390
-2204
-2076
-2174
-2334
-2391
-2810
-3488
-4247
-5127
-6020
-6850
-7535
-7985
-8270
-8189
-7860
-7225
-6351
-5609
-4684
-3769
-3231
-3096
-3190
-3608
-4401
-5231
-6105
-6637
-6911
-7052
-6655
-5978
-4930
-3788
-2788
-1824
-1111
-625
-473
-708
-1040
-1465
-1992
-2534
-2641
-2470
-2411
-2176
-1594
-767
-10
714
1278
1806
2208
2325
2352
2313
2109
1868
1809
1807
2018
2211
2214
2495
2792
3125
3529
3809
3971
4075
4079
4042
3862
3670
3495
3343
3258
3091
3000
2879
2867
3050
3052
2864
2669
2383
2002
1757
1748
1784
1938
1892
1781
1761
1862
1826
1815
1840
1856
1854
1497
848
80
-408
-454
225
1600
3056
4412
5487
5962
5847
5352
4529
3481
2130
747
-441
-1250
-1537
-1294
-471
793
2261
3518
4484
4958
4992
4537
3531
2239
928
-272
-1373
-2145
-2380
-1811
-771
244
1259
2221
2971
3425
3513
3179
2449
1368
256
-743
-1557
-2143
-2301
-2038
-1319
-570
134
786
1425
1990
2157
1929
1527
854
107
-793
-1486
-1914
-2336
-2585
-2285
-1786
-1404
-862
-502
-428
-315
-156
-341
-914
-1383
-1732
-2041
-2414
-2567
-2382
-2016
-1589
-1253
-1185
-1209
-1084
-836
-881
-1225
-1525
-1742
-2068
-2171
-2189
-2088
-2065
-1664
-1292
-1164
-1131
-956
-751
-756
-833
-906
-1120
-1546
-2273
-3091
-3864
-4641
-5496
-6123
-6425
-6117
-5822
-5498
-4827
-3930
-3026
-2465
-2020
-1757
-1907
-2197
-2669
-3292
-4005
-4849
-5370
-5444
-5321
-4882
-4159
-3361
-2538
-1776
-1154
-707
-568
-613
-907
-1455
-2179
-2899
-3091
-3363
-3291
-2832
-2456
-1971
-1402
-661
-75
381
892
1163
1169
1039
783
476
379
276
377
641
851
1221
1650
2065
2369
2468
2680
2838
2732
2682
2617
2471
2257
2070
2100
2275
2292
2322
2299
2170
2021
2044
2060
1947
1847
1667
1528
1419
1404
1400
1327
1354
1498
1609
1682
1550
1534
1616
1549
985
262
-266
-384
32
972
2468
4039
5160
5809
5964
5516
4645
3475
2161
947
-307
-1472
-2085
-2044
-1341
-83
1179
2410
3431
3911
4073
3914
3226
2046
672
-788
-2077
-3029
-3483
-3355
-2616
-1690
-576
516
1501
2085
2273
2159
1613
724
-368
-1362
-2363
-3052
-3242
-3179
-2786
-2070
-1270
-391
363
837
1169
1144
829
210
-481
-1242
-1960
-2629
-2942
-2994
-3059
-2610
-1887
-1288
-765
-377
-300
-483
-767
-1025
-1297
-1699
-2131
-2494
-2730
-2570
-2199
-1874
-1575
-1233
-853
-779
-678
-728
-945
-1206
-1654
-2044
-2202
-2196
-2150
-1913
-1646
-1493
-1608
-1485
-1070
-763
-577
-522
-811
-1146
-1501
-2175
-3065
-3934
-4750
-5530
-6325
-6741
-6601
-6298
-5933
-5330
-4450
-3526
-2688
-2046
-1824
-1750
-2058
-2641
-3245
-4089
-4869
-5354
-5778
-5861
-5490
-4720
-3792
-2769
-1977
-1249
-607
-348
-342
-655
-1162
-1741
-2209
-2601
-2811
-2884
-2775
-2326
-1718
-970
-343
226
751
1206
1502
1540
1564
1529
1371
1325
1287
1258
1297
1529
1663
1863
2352
2775
2954
3112
3299
3473
3401
3386
3330
3270
3178
3215
3145
3085
2999
2869
2786
2697
2632
2437
2336
2128
1933
1959
1818
1647
1706
1853
1968
1992
1964
1933
1966
2009
2043
1876
1337
816
399
84
249
1058
2246
3797
5238
6050
6468
6289
5564
4380
3004
1759
597
-494
-1384
-1618
-1274
-296
1106
2598
3751
4472
4728
4636
4069
3133
1789
385
-798
-1936
-2497
-2482
-1942
-1047
55
1326
2233
2999
3191
3043
2701
1943
1017
-3
-1137
-2020
-2328
-2231
-1844
-1285
-531
387
1161
1762
2211
2234
1907
1236
735
-24
-992
-1677
-1989
-2040
-1912
-1566
-1095
-554
-31
410
547
435
313
65
-320
-761
-1097
-1473
-1793
-1732
-1395
-1010
-823
-558
-247
-70
-39
83
108
-175
-587
-866
-1106
-1155
-1192
-1154
-949
-572
-145
52
42
-42
66
295
335
157
-232
-833
-1603
-2502
-3428
-4352
-5053
-5478
-5658
-5487
-4997
-4284
-3368
-2537
-1887
-1187
-541
-494
-709
-1167
-1871
-2803
-3614
-4209
-4639
-4840
-4572
-3718
-2579
-1671
-1021
-449
217
766
812
500
-117
-521
-696
-1039
-1447
-1734
-1739
-1503
-1038
-257
563
1290
1845
2295
2564
2556
2206
1565
1195
828
634
805
1356
2055
2523
2816
2808
2664
2354
1863
1247
782
308
38
318
980
1746
2506
3229
3764
3899
3796
3407
2723
1820
922
132
-89
147
814
1677
2772
4098
5222
6046
6606
6731
6432
5611
4673
3946
3309
2684
2201
2341
2845
3673
5072
6830
8540
9678
10236
10120
9301
8004
6389
4634
2948
1570
624
342
788
1531
2581
3735
5014
6073
6418
6065
5363
4259
3091
1720
405
-650
-1479
-2089
-2086
-1301
-282
575
1284
1982
2537
2751
2637
2159
1280
61
-944
-1892
-2741
-3256
-3333
-3019
-2314
-1639
-934
-282
239
675
646
344
-181
-739
-1539
-2241
-2575
-2701
-2672
-2346
-1837
-1261
-616
11
470
801
1081
1184
1045
742
296
-49
-72
16
127
387
788
1193
1456
1686
1956
1959
1848
1626
1316
1118
939
776
548
438
391
387
572
928
998
1019
1035
1018
1114
1085
945
647
18
-663
-1352
-2164
-3124
-3967
-4650
-5212
-5433
-5114
-4581
-3849
-2958
-2053
-1386
-1113
-993
-1168
-1643
-2456
-3282
-3838
-4519
-5309
-5735
-5643
-5181
-4496
-3646
-2770
-1941
-1299
-965
-961
-1146
-1491
-2117
-2840
-3483
-3986
-4224
-4296
-4261
-3882
-3359
-2555
-1927
-1415
-801
-363
-80
-34
-245
-643
-1286
-1933
-2219
-2485
-2487
-2132
-1689
-1090
-267
583
1048
1335
1439
1140
656
92
-529
-1059
-1482
-1660
-1617
-1303
-830
-245
290
560
773
802
411
-281
-1034
-1880
-2710
-3134
-3220
-3282
-3158
-2707
-2248
-1809
-1476
-1270
-1315
-1908
-2948
-4101
-5360
-6145
-6070
-5222
-3781
-2110
-578
555
1086
934
101
-1038
-2549
-4272
-5935
-7482
-8444
-8701
-8068
-6844
-4986
-3304
-1863
-465
196
-72
-882
-2044
-3532
-5090
-6354
-7172
-7628
-7465
-6630
-5255
-3713
-2575
-1467
-572
-86
-112
-644
-1425
-2340
-3295
-4166
-4791
-5110
-5118
-4437
-3346
-2224
-1278
-401
285
657
803
511
-36
-669
-1293
-2034
-2631
-2945
-3109
-2932
-2341
-1671
-995
-354
66
204
182
106
-64
-558
-1240
-1665
-1834
-1866
-1694
-1676
-1585
-1081
-500
-232
-122
-96
-212
-491
-628
-895
-1210
-1346
-1373
-1340
-1195
-992
-654
-275
-57
184
404
617
734
571
363
144
-320
-978
-1868
-2657
-3302
-3721
-4126
-4211
-3950
-3319
-2406
-1408
-477
363
933
1273
1548
1430
964
393
-277
-828
-1315
-1407
-1221
-796
-176
757
1754
2614
3281
3690
3856
3881
3698
3326
2741
2052
1530
1212
1142
1174
1515
2132
2586
2943
3551
4113
4364
4181
3859
3805
3629
3167
2752
2441
2342
2404
2659
3001
3145
3171
3348
3623
3759
3615
3430
3270
3201
3226
3161
2830
2581
2509
2567
2557
2506
2478
2556
2598
2510
2295
2062
1866
1760
1736
1559
1461
1500
1685
1755
1701
1755
1942
2020
1990
1809
1514
1101
504
185
505
1334
2609
4025
5370
6249
6639
6541
5810
4809
3627
2238
997
-32
-687
-616
-69
918
2245
3502
4669
5453
5720
5654
5173
4116
3023
1980
856
-235
-996
-1068
-383
594
1577
2627
3608
4360
4696
4441
4040
3422
2552
1461
274
-519
-735
-503
-57
503
1116
1880
2618
3222
3550
3541
3208
2734
2217
1377
485
19
-276
-362
-389
-238
255
748
1202
1693
2004
1948
1807
1663
1349
941
553
370
257
359
527
673
945
1399
1845
2135
2013
1901
1845
1669
1349
1083
962
896
981
1114
1348
1596
2000
2173
2196
2325
2479
2634
2719
2576
2172
1721
972
122
-630
-1325
-2029
-2506
-2720
-2582
-2120
-1526
-804
-17
820
1475
1863
2006
2016
1575
796
-5
-651
-1251
-1702
-1817
-1583
-1046
-304
670
1516
2352
2875
3014
2894
2474
2087
1325
317
-302
-733
-970
-856
-714
-343
221
624
1109
1630
1868
1822
1677
1548
1261
800
360
128
8
28
30
154
370
591
949
1138
1160
1197
1288
1089
868
723
521
361
372
466
431
346
332
473
409
108
-119
-272
-529
-892
-935
-890
-930
-1072
-1088
-1097
-930
-900
-961
-946
-956
-947
-927
-1350
-2050
-2569
-2907
-2807
-2191
-1005
446
1913
2959
3577
3613
3140
2198
741
-764
-2378
-3699
-4492
-4644
-4266
-3513
-2238
-782
548
1644
2189
2202
1810
1020
-198
-1630
-3032
-4140
-4879
-5229
-5093
-4292
-3038
-1676
-558
135
559
675
530
-107
-1138
-2259
-3133
-3915
-4542
-4663
-4403
-3755
-2875
-2064
-1231
-426
119
322
190
-219
-828
-1521
-2338
-3132
-3455
-3572
-3483
-3184
-2820
-2272
-1623
-1187
-1001
-911
-975
-1251
-1521
-1788
-2100
-2417
-2587
-2594
-2566
-2183
-1670
-1131
-847
-730
-642
-556
-387
-484
-747
-1018
-1188
-1235
-1153
-1205
-1184
-883
-422
-257
-243
-159
169
479
423
233
-25
-293
-945
-1796
-2638
-3387
-4159
-4579
-4766
-4728
-4405
-3863
-3044
-2144
-1281
-501
143
481
311
-27
-596
-1392
-2312
-2940
-3273
-3364
-2956
-2459
-1758
-891
50
894
1564
1793
1660
1332
889
540
-92
-732
-1327
-1645
-1629
-1460
-1219
-750
-122
474
909
1293
1601
1518
1271
1040
721
323
86
-73
-64
186
280
383
552
808
937
1143
1410
1539
1562
1411
1347
1112
837
853
943
859
821
920
1093
1063
923
671
306
101
40
-166
-318
-360
-208
-46
-107
-117
5
-55
50
20
-44
-56
45
1
-233
-191
76
768
