-4903
-4422
-4081
-3906
-3711
-3549
-3689
-3954
-4155
-4300
-4392
-4560
-4667
-4690
-4512
-4257
-4032
-3714
-3471
-3285
-3031
-3088
-3257
-3305
-3281
-3516
-4135
-5189
-6338
-7052
-7667
-8384
-8631
-8412
-7950
-7487
-6780
-5889
-5030
-4105
-3527
-3246
-3352
-3609
-4237
-4958
-5671
-6414
-7053
-7065
-6770
-6095
-5239
-4405
-3617
-2877
-2280
-1894
-2005
-2253
-2507
-2962
-3733
-4393
-4944
-5390
-5400
-5121
-4769
-4271
-3738
-3285
-2826
-2495
-2523
-2845
-3560
-4477
-5227
-5519
-5447
-5169
-4435
-3462
-2236
-1148
-968
-1594
-2888
-4486
-6077
-7960
-9891
-11328
-12020
-11777
-10767
-9473
-7834
-6166
-4969
-4551
-4841
-5828
-7261
-8956
-10750
-12099
-12877
-12819
-11970
-10383
-8132
-5486
-2877
-798
631
1343
1191
527
-579
-2060
-3740
-5287
-6618
-7156
-6572
-4975
-2484
381
3090
5147
6418
6537
5610
3997
2061
-13
-2235
-4250
-5593
-6139
-5856
-4898
-3477
-1876
-561
318
585
155
-835
-2340
-4218
-6329
-8304
-9890
-10605
-10296
-9451
-8218
-6749
-5424
-4308
-3562
-3315
-3768
-4771
-6109
-7592
-9175
-10601
-11726
-12259
-12156
-11585
-10499
-9243
-7733
-6397
-5416
-4964
-4979
-5385
-6101
-7192
-8582
-9997
-10951
-11493
-11796
-11464
-10846
-9797
-8588
-7333
-6044
-4924
-4209
-3959
-3811
-3706
-3747
-3771
-3854
-4063
-3994
-3666
-3081
-2285
-1827
-1631
-1337
-1084
-853
-856
-1106
-1257
-1737
-1967
-1949
-1924
-1898
-2015
-2048
-1976
-1931
-2087
-2379
-2589
-2668
-2949
-3124
-3328
-3730
-4278
-4736
-5336
-6162
-6791
-6979
-7036
-6997
-6856
-6314
-5603
-5100
-4582
-4010
-3504
-3329
-3556
-4072
-4992
-6010
-6896
-7539
-8094
-8509
-8642
-8465
-7911
-7096
-6250
-5468
-4804
-4349
-4176
-4279
-4577
-4932
-5260
-5497
-5762
-5864
-5538
-4992
-4119
-3238
-2290
-1510
-761
-46
627
1076
1309
1481
1687
1521
1147
524
-242
-1287
-2407
-3602
-4419
-4550
-3709
-1903
72
1842
3334
4383
5135
5095
4210
2740
895
-1016
-2763
-4074
-4435
-3688
-2140
-156
1800
3676
4975
5746
5980
5502
4379
2764
1125
-361
-1483
-1962
-1713
-678
992
2960
4781
6069
6847
6898
6544
6097
5845
5773
5708
5925
6285
6485
6444
6154
5677
5062
4128
2914
1762
784
71
-433
-409
318
1193
2204
3252
3999
4198
4172
3844
3037
2062
786
-591
-1678
-2220
-2326
-2204
-1717
-1002
-112
692
1092
1365
1458
1139
499
-367
-1375
-2352
-3142
-3691
-4068
-4168
-4110
-4008
-3958
-3530
-3172
-3243
-3404
-3507
-3509
-3638
-4078
-4618
-4787
-4752
-4662
-4585
-4198
-3646
-3407
-3369
-3245
-2999
-2951
-3121
-3455
-3853
-4030
-4009
-4125
-4098
-3600
-2960
-2372
-1961
-1497
-1159
-1073
-988
-1037
-1314
-1645
-2294
-2759
-3051
-3254
-3453
-3375
-3159
-2964
-2881
-2792
-2481
-2152
-1873
-1686
-1737
-2180
-3193
-4083
-5067
-6510
-7875
-8799
-9522
-10277
-10556
-10266
-9775
-8911
-7755
-6543
-5627
-5018
-4789
-5021
-5525
-6178
-7130
-8151
-8983
-9675
-10129
-10041
-9619
-8949
-8291
-7676
-6928
-6090
-5686
-5640
-5680
-6041
-6678
-7236
-7717
-7998
-8238
-8265
-8038
-7627
-7038
-6290
-5537
-4936
-4366
-3916
-3659
-3283
-3145
-3146
-3077
-2835
-2566
-2284
-2109
-1939
-1525
-1130
-695
-455
-409
-404
-263
-202
-369
-619
-995
-1335
-1580
-1639
-1667
-1452
-1199
-1050
-1122
-1278
-1608
-1949
-2257
-2454
-2463
-2545
-2526
-2695
-2982
-3065
-2987
-2735
-2476
-2342
-2239
-2086
-2107
-2320
-2961
-3749
-4296
-4364
-3819
-2747
-1502
-378
516
1013
912
165
-1004
-2145
-3662
-5309
-6867
-7785
-8092
-7932
-7163
-5858
-4350
-2909
-1971
-1435
-1274
-1823
-2913
-4215
-5544
-6767
-7971
-8807
-8979
-8595
-7703
-6620
-5268
-3809
-2888
-2439
-2344
-2584
-3096
-4025
-5262
-6403
-7544
-8366
-8529
-8048
-7432
-6748
-5868
-4805
-4068
-3488
-3022
-3009
-3191
-3779
-4634
-5490
-6103
-6629
-6776
-6678
-6614
-6309
-5682
-5125
-4806
-4593
-4488
-4543
-4828
-5159
-5476
-5827
-6190
-6511
-6522
-6435
-6324
-5960
-5715
-5594
-5452
-5361
-5348
-5454
-5724
-5984
-6244
-6405
-6485
-6571
-6415
-6222
-6069
-5831
-5463
-5162
-5010
-5048
-4956
-4864
-4942
-5308
-5867
-6449
-7421
-8482
-9342
-10124
-10769
-11031
-10963
-10854
-10326
-9363
-8199
-7132
-6328
-5581
-5246
-5245
-5651
-6382
-7325
-8237
-9118
-9718
-9807
-9406
-8604
-7851
-7043
-5996
-5000
-4249
-3880
-3703
-3719
-4100
-4407
-4824
-5272
-5745
-6053
-5916
-5594
-5205
-4636
-3923
-3080
-2436
-1860
-1594
-1483
-1423
-1373
-1373
-1348
-1420
-1489
-1447
-1332
-1157
-818
-272
225
505
686
846
914
995
919
762
815
813
706
575
616
818
898
783
565
370
215
161
37
-180
-507
-763
-861
-739
-680
-625
-409
-257
-97
-3
90
161
233
-47
-592
-1127
-1694
-1692
-1145
-402
877
2363
3608
4528
4747
4514
3738
2466
1063
-319
-1636
-2737
-3208
-3060
-2339
-1335
-162
1177
2254
2856
2930
2649
1916
954
-338
-1700
-2895
-3811
-4235
-3870
-3001
-2147
-1151
84
882
1243
1559
1417
682
-223
-1144
-2070
-3150
-3931
-4177
-4139
-3754
-3048
-2196
-1235
-473
-162
-64
-146
-498
-994
-1713
-2617
-3449
-3980
-4252
-4270
-4104
-3627
-3173
-2764
-2323
-1970
-1766
-1730
-1880
-2182
-2539
-2983
-3387
-3834
-3927
-3812
-3527
-3253
-2934
-2522
-2217
-2175
-2283
-2356
-2357
-2457
-2796
-3052
-3177
-3374
-3455
-3384
-3219
-2875
-2601
-2529
-2517
-2384
-2152
-2116
-2297
-2607
-3083
-3661
-4132
-4962
-5994
-6863
-7503
-7988
-8063
-7857
-7478
-6782
-5867
-5021
-4321
-3791
-3315
-3158
-3539
-4347
-5109
-5786
-6473
-7083
-7485
-7682
-7437
-6673
-5619
-4646
-3816
-3022
-2415
-2147
-2339
-2719
-3070
-3453
-4031
-4626
-5079
-5068
-4732
-4326
-3885
-3339
-2763
-2273
-1736
-1182
-874
-831
-897
-1002
-1141
-1287
-1451
-1496
-1319
-1129
-881
-626
-166
248
663
865
906
1064
1146
1035
960
772
585
602
709
566
395
447
433
391
340
92
-221
-396
-505
-501
-465
-651
-828
-999
-957
-773
-729
-673
-746
-750
-509
-606
-1102
-1714
-2153
-2424
-2356
-1699
-534
1140
2642
3704
4057
3715
2956
1936
395
-1089
-2219
-3207
-3938
-4346
-4243
-3447
-2182
-828
420
1177
1373
1363
976
-130
-1444
-2805
-4081
-5198
-5805
-5650
-4990
-4088
-2955
-1903
-945
-317
-92
-297
-727
-1360
-2197
-3378
-4512
-5375
-5847
-5939
-5660
-4923
-3995
-3027
-2258
-1711
-1475
-1502
-1659
-2148
-2804
-3688
-4505
-5182
-5750
-6017
-5818
-5521
-5222
-4721
-4192
-3767
-3368
-3320
-3501
-3668
-3965
-4454
-4931
-5253
-5419
-5459
-5199
-4879
-4673
-4322
-3929
-3597
-3538
-3497
-3576
-3920
-4274
-4543
-4659
-4886
-4930
-4775
-4676
-4437
-4215
-4002
-3812
-3790
-3805
-3800
-3815
-3924
-4128
-4521
-5253
-6243
-7196
-8042
-8718
-9246
-9416
-9312
-8850
-8281
-7520
-6678
-5696
-4814
-4292
-4217
-4313
-4860
-5775
-6687
-7489
-8125
-8608
-8727
-8391
-7954
-7125
-6155
-5107
-4152
-3545
-3181
-3081
-3335
-3722
-4136
-4569
-5040
-5463
-5606
-5420
-4943
-4468
-3774
-2886
-2033
-1540
-1258
-894
-701
-726
-899
-1036
-1069
-1045
-991
-834
-713
-409
45
323
660
1009
1317
1402
1447
1487
1463
1520
1416
1136
1075
1089
1082
1278
1317
1379
1254
1080
977
718
358
86
-40
-38
-88
-44
32
108
269
232
356
515
342
288
87
-331
-1097
-2086
-2984
-3411
-3292
-2762
-1804
-608
534
1310
1501
1432
1047
338
-465
-1323
-1940
-2318
-2405
-2153
-1422
-589
179
1046
1783
2081
1861
1112
247
-667
-1582
-2522
-3347
-3777
-3598
-2941
-2012
-888
328
1205
1726
1852
1761
1606
1175
366
-627
-1454
-2113
-2345
-2263
-1721
-1046
-284
401
975
1706
2166
2177
1715
1293
751
-99
-777
-1390
-1876
-1830
-1663
-1414
-821
-240
47
358
617
715
689
299
-140
-735
-1379
-1990
-2419
-2689
-2695
-2624
-2590
-2447
-2049
-1747
-1721
-1800
-2074
-2414
-2623
-2890
-3169
-3136
-3124
-3314
-3231
-3025
-3018
-2957
-2870
-2695
-2464
-2401
-2331
-2360
-2577
-2997
-3702
-4539
-5416
-6185
-6677
-7239
-7753
-8023
-7859
-7269
-6531
-5676
-4803
-4002
-3142
-2908
-3065
-3455
-3960
-4461
-5254
-6058
-6631
-6734
-6388
-5644
-4809
-4058
-3234
-2259
-1435
-1091
-810
-804
-956
-1308
-1770
-2291
-2698
-2887
-2871
-2552
-2138
-1537
-741
8
583
1054
1366
1428
1459
1448
1270
1135
956
739
680
791
1175
1512
1695
1966
2297
2564
2657
2760
2661
2687
2638
2471
2298
2229
2236
2173
2107
1946
1901
1848
1742
1593
1538
1349
1042
920
833
741
825
880
745
656
763
934
947
797
594
656
730
755
699
895
1567
2521
3924
5448
6726
7555
7971
7655
6579
4978
3037
936
-1034
-2726
-3920
-4319
-3960
-2727
-1041
1089
3271
4875
5889
6165
5724
4554
2931
1038
-812
-2545
-3866
-4677
-4781
-4083
-2870
-1597
-139
1279
2152
2400
2153
1546
646
-803
-2469
-3795
-4642
-5215
-5414
-5225
-4520
-3536
-2600
-1700
-946
-541
-415
-598
-912
-1646
-2502
-3443
-4186
-4532
-5003
-5264
-5026
-4754
-4435
-4120
-3958
-3735
-3644
-3538
-3405
-3551
-3745
-4023
-4213
-4087
-3653
-3092
-2495
-2100
-1865
-1637
-1512
-1449
-1510
-1803
-2074
-2292
-2459
-2660
-2573
-2398
-2258
-1914
-1472
-1006
-876
-690
-558
-441
-457
-646
-939
-1352
-2046
-2880
-3693
-4555
-5456
-6084
-6376
-6302
-6093
-5645
-4952
-3992
-3038
-2181
-1579
-1339
-1509
-2054
-2687
-3594
-4533
-5426
-6104
-6430
-6342
-6089
-5589
-4811
-4044
-3139
-2352
-1935
-1814
-1873
-2137
-2574
-3294
-4019
-4592
-4861
-4908
-4928
-4626
-3966
-3428
-2853
-2106
-1396
-968
-863
-916
-959
-924
-884
-992
-1007
-1022
-970
-764
-397
62
461
800
1135
1401
1576
1691
1656
1541
1619
1688
1678
1579
1832
1863
1700
1625
1702
1779
1719
1604
1419
1170
950
880
783
722
735
718
874
950
1045
1332
1492
1489
1295
968
571
-14
-692
-1096
-1217
-1064
-614
214
1298
2473
3079
2881
2218
1283
138
-1106
-2310
-3277
-3702
-3692
-3230
-2037
-485
904
2069
2873
3274
3121
2170
919
-377
-1739
-3366
-4646
-5159
-4945
-4255
-3410
-2159
-632
595
1324
1685
1901
1526
764
-126
-1079
-2038
-2905
-3303
-3315
-2753
-2126
-1326
-215
755
1395
1893
2103
1852
1444
602
-86
-705
-1290
-1685
-1868
-1906
-1599
-1058
-508
14
493
903
988
740
473
210
-76
-338
-604
-720
-1001
-1282
-1333
-1142
-898
-662
-701
-812
-710
-926
-1177
-1471
-1750
-2029
-2351
-2379
-2312
-2258
-2176
-1994
-1808
-1630
-1557
-1435
-1219
-1268
-1708
-2091
-2622
-3420
-4389
-5423
-6218
-6782
-7160
-7520
-7727
-7493
-6693
-5833
-4909
-4014
-3202
-2644
-2515
-2597
-2993
-3576
-4440
-5213
-5715
-6048
-6198
-6015
-5340
-4423
-3252
-2216
-1244
-717
-330
-49
-162
-470
-834
-1178
-1650
-2076
-2227
-2004
-1634
-1194
-603
206
1099
1876
2273
2492
2747
2730
2567
2412
2324
2206
2218
2394
2526
2582
2905
3354
3688
4050
4261
4201
4220
4351
4331
4111
3960
3875
3845
3674
3533
3432
3602
3900
3720
3475
3163
2992
2932
2689
2514
2415
2279
2172
2137
2102
2208
2308
2352
2339
2355
2416
2337
1990
1437
869
534
628
1191
2178
3568
5010
6056
6548
6567
6096
5262
4066
2735
1436
524
-133
-718
-639
275
1584
2833
3921
4880
5388
5333
4781
3975
2884
1661
456
-579
-1336
-1520
-1113
-450
717
1945
2865
3606
3993
4000
3585
2931
2249
1298
78
-868
-1381
-1660
-1430
-927
-295
541
1287
1883
2261
2369
2283
1722
1061
420
-225
-992
-1570
-1801
-1808
-1731
-1443
-879
-369
10
127
170
32
-294
-678
-921
-1258
-1529
-1817
-1987
-1957
-1605
-1161
-858
-634
-589
-511
-537
-611
-798
-1095
-1309
-1583
-1786
-1781
-1434
-1175
-1120
-995
-848
-758
-647
-548
-355
-237
-359
-639
-1114
-1671
-2450
-3473
-4345
-5041
-5607
-5909
-6101
-5862
-5279
-4525
-3677
-2777
-1960
-1443
-1319
-1399
-1708
-2288
-3142
-3828
-4482
-4979
-5293
-5180
-4671
-4055
-3235
-2368
-1546
-845
-354
-160
-118
-450
-1053
-1681
-2114
-2510
-2719
-2689
-2495
-2120
-1590
-1063
-383
285
905
1265
1340
1309
1266
1167
1073
876
727
847
943
1017
1297
1797
2337
2643
2763
2901
2995
3002
2959
2825
2594
2609
2505
2499
2481
2352
2440
2584
2682
2580
2336
2219
2074
1980
1711
1301
1046
1054
1111
1287
1606
1765
1735
1739
1788
1792
1768
1714
1217
622
104
-243
-11
873
2245
3692
4956
5745
6109
5772
4725
3502
2237
889
-421
-1329
-1835
-1879
-1173
-120
1165
2334
3373
4101
4323
3965
3196
1986
666
-609
-1882
-2754
-3184
-3059
-2382
-1313
-125
978
1795
2205
2380
2231
1743
938
-88
-1149
-2182
-3082
-3451
-3181
-2607
-1728
-1019
-292
526
1066
1294
1257
848
241
-321
-932
-1785
-2518
-2855
-2907
-2754
-2358
-1926
-1505
-1098
-681
-457
-492
-660
-1017
-1475
-1990
-2204
-2388
-2562
-2496
-2058
-1705
-1432
-1037
-608
-491
-517
-501
-727
-960
-1069
-1361
-1747
-1817
-1675
-1511
-1373
-1225
-1112
-744
-516
-560
-559
-454
-508
-967
-1317
-1637
-2311
-3211
-4338
-5155
-5847
-6269
-6371
-6083
-5605
-4899
-4191
-3366
-2494
-1857
-1557
-1419
-1608
-2224
-2988
-3806
-4534
-5137
-5394
-5452
-5206
-4503
-3619
-2592
-1706
-1025
-537
-276
-385
-616
-909
-1363
-1747
-2125
-2324
-2358
-2277
-1787
-1195
-549
45
602
1216
1685
1923
2211
2170
1991
1831
1767
1760
1797
1827
2030
2352
2668
2972
3496
3876
3995
4021
4063
4022
3862
3635
3443
3449
3482
3583
3528
3505
3514
3495
3288
3291
3209
3141
3050
2787
2644
2618
2564
2424
2359
2384
2534
2606
2519
2430
2471
2638
2558
2087
1461
851
615
839
1484
2701
4083
5328
6228
6602
6595
6041
4966
3666
2222
887
-175
-767
-936
-564
346
1519
2731
3892
4795
5139
4873
4110
3048
1820
570
-577
-1556
-2043
-1898
-1372
-511
404
1474
2366
3123
3469
3359
2984
2302
1279
209
-726
-1523
-1968
-1987
-1730
-1058
-302
408
1366
2029
2186
2086
1971
1523
817
-25
-665
-1207
-1699
-1755
-1628
-1348
-897
-463
28
349
565
582
487
120
-392
-793
-1109
-1443
-1578
-1433
-1186
-799
-478
-285
120
323
364
140
-137
-257
-405
-703
-931
-1013
-969
-893
-792
-696
-511
-349
-183
-41
124
155
61
76
10
-414
-1302
-2295
-3092
-3927
-4778
-5416
-5649
-5468
-5030
-4585
-3994
-3054
-2109
-1447
-1072
-939
-954
-1254
-1947
-2733
-3597
-4228
-4657
-4761
-4440
-3912
-3020
-2232
-1492
-594
81
515
522
247
-108
-605
-1034
-1591
-1947
-1953
-1989
-1746
-1261
-808
-142
589
1245
1627
1862
1919
1733
1490
1100
753
766
863
1119
1604
2067
2482
2590
2241
1882
1433
994
570
199
111
364
873
1489
2193
3016
3702
3968
3734
2995
2063
1230
602
120
-100
40
610
1584
2730
3934
5116
6034
6414
6285
5868
5212
4459
3627
3002
2533
2172
2076
2560
3561
4980
6688
8235
9387
9922
9733
8967
7819
6257
4502
2869
1586
644
214
505
1082
1934
3093
4319
5325
5699
5498
4937
3966
2870
1454
-30
-1267
-2107
-2535
-2394
-1684
-686
325
1258
1986
2282
2429
2219
1704
917
52
-1010
-2240
-2987
-3214
-3298
-3295
-2786
-1929
-1076
-318
238
432
419
211
-236
-920
-1608
-2217
-2623
-2889
-2895
-2700
-2251
-1525
-823
-258
167
446
755
922
754
415
116
-28
-107
-89
214
597
947
1229
1580
1915
2149
2074
1848
1564
1271
1204
1065
947
669
636
755
919
1008
1047
1056
900
908
934
844
927
889
691
166
-353
-890
-1932
-3031
-3911
-4559
-5022
-5139
-5022
-4561
-3917
-3172
-2386
-1761
-1301
-926
-925
-1403
-2201
-3072
-3919
-4645
-5142
-5426
-5485
-5107
-4164
-3299
-2544
-1894
-1406
-1027
-855
-1141
-1653
-2168
-2738
-3382
-3969
-4297
-4358
-4220
-3773
-3063
-2362
-1686
-1141
-885
-616
-304
-185
-397
-720
-1067
-1505
-2030
-2574
-2689
-2355
-1697
-943
-121
638
1194
1424
1477
1374
843
167
-300
-672
-1075
-1516
-1539
-1236
-675
23
479
797
916
826
508
-56
-726
-1553
-2268
-2973
-3268
-3164
-3020
-2578
-1886
-1237
-869
-887
-1180
-1784
-2733
-3830
-4953
-5592
-5642
-5041
-3790
-2126
-382
978
1549
1637
868
-575
-2162
-3969
-5674
-7182
-8035
-8101
-7496
-6204
-4485
-2804
-1332
-335
-53
-312
-767
-1638
-2929
-4422
-5796
-6807
-7357
-7330
-6550
-5097
-3369
-2103
-1039
-296
149
273
-226
-1082
-1861
-2832
-3743
-4424
-4842
-4846
-4187
-3399
-2341
-1247
-191
617
1087
1154
746
245
-251
-930
-1720
-2335
-2486
-2528
-2395
-1870
-1220
-576
32
341
418
440
343
73
-580
-1141
-1508
-1652
-1599
-1492
-1362
-1237
-866
-128
223
310
385
302
114
-167
-328
-645
-992
-888
-930
-990
-823
-412
6
192
288
503
871
850
731
713
552
120
-517
-1260
-2057
-2748
-3253
-3453
-3374
-3193
-2890
-2190
-1132
-116
831
1606
1962
1928
1659
1197
845
444
-192
-793
-888
-801
-534
315
1367
2371
3096
3541
4005
4213
4217
3959
3449
2995
2439
1931
1593
1434
1444
1863
2459
2986
3250
3657
3969
4128
4168
4058
3807
3434
3284
3026
2722
2643
2720
2940
3131
3384
3724
4059
4085
3873
3650
3483
3377
3291
3039
2930
2811
2740
2830
2920
2988
3072
3102
2968
2766
2678
2449
2194
1917
1799
1740
1705
1656
1745
1924
2025
2107
2109
2325
2489
2436
2114
1789
1306
702
323
530
1504
2876
4300
5519
6396
6813
6657
6149
5300
4041
2765
1503
475
-162
-291
157
1131
2357
3783
4948
5579
5955
5785
5280
4448
3311
2007
657
-409
-929
-871
2
986
2005
2933
3736
4392
4711
4671
4221
3505
2706
1719
743
18
-249
-324
-18
609
1219
1988
2766
3415
3787
3814
3498
2934
2247
1556
767
65
-201
-255
-93
72
392
908
1342
1827
2100
2225
2106
1703
1220
1023
726
527
402
485
734
905
1135
1466
1741
2027
2189
2275
2099
1748
1616
1596
1412
1269
1322
1539
1760
1951
2143
2402
2563
2532
2529
2672
2776
2609
2359
2051
1493
653
-273
-1042
-1748
-2205
-2332
-2127
-1770
-1378
-775
79
958
1700
2310
2489
2276
1730
1061
368
-430
-1102
-1327
-1274
-1053
-531
259
1194
1919
2430
2862
2988
2881
2521
2199
1628
928
188
-340
-601
-689
-715
-322
372
983
1391
1678
1848
1838
1780
1544
1344
952
645
457
418
353
293
417
496
706
922
1250
1381
1331
1319
1352
1078
781
642
614
594
718
784
774
763
615
595
560
389
85
-144
-293
-541
-804
-1123
-1186
-1053
-935
-630
-383
-289
-243
-274
-450
-711
-989
-1585
-2178
-2514
-2503
-2072
-1107
374
1923
3258
3999
4037
3537
2639
1409
-96
-1515
-2710
-3560
-3892
-3767
-3005
-1917
-601
674
1765
2519
2583
2030
1050
-105
-1463
-2861
-3918
-4513
-4723
-4393
-3708
-2750
-1435
-164
710
1059
1061
831
153
-809
-1851
-2895
-3612
-3933
-4001
-3788
-3374
-2634
-1571
-627
105
720
835
575
287
-370
-1217
-1870
-2326
-2782
-3105
-3080
-2926
-2598
-2029
-1425
-1101
-774
-482
-367
-685
-1036
-1432
-1722
-1837
-1941
-2001
-1957
-1771
-1439
-775
-371
-204
-210
-230
-136
-133
-394
-663
-760
-780
-824
-827
-849
-535
-31
240
365
425
523
644
749
786
678
285
-359
-1151
-2044
-2901
-3628
-4098
-4291
-4283
-3912
-3291
-2667
-1978
-971
-131
419
752
731
376
-180
-789
-1646
-2361
-2689
-2729
-2672
-2249
-1441
-564
126
960
1676
2169
2186
2048
1645
924
157
-390
-840
-1026
-1056
-1061
-717
-173
283
836
1313
1641
1740
1651
1439
1241
975
675
515
338
175
324
580
901
1295
1666
1833
1849
1796
1750
1691
1630
1427
1306
1322
1315
1198
1129
1389
1473
1416
1335
1236
1017
1009
766
583
385
181
149
87
68
37
132
394
491
367
374
366
449
279
47
-67
64
377
926
