-4962
-4747
-4568
-4272
-4087
-3976
-4013
-4206
-4520
-4972
-5225
-5339
-5251
-5116
-4870
-4717
-4582
-4412
-4266
-4173
-4050
-3758
-3612
-3617
-3916
-4427
-4952
-5702
-6678
-7833
-8527
-8843
-8867
-8835
-8477
-7918
-7255
-6409
-5537
-4702
-4117
-3775
-3635
-3810
-4427
-5217
-6074
-6896
-7437
-7521
-6996
-6371
-5431
-4316
-3334
-2521
-1833
-1490
-1537
-1805
-2257
-2857
-3614
-4269
-4677
-4916
-4936
-4653
-4246
-3701
-3211
-2677
-2146
-2046
-2084
-2346
-3019
-3862
-4617
-5054
-5205
-5033
-4316
-3078
-1732
-754
-569
-1171
-2357
-3954
-5916
-8003
-10054
-11542
-12101
-11719
-10663
-9277
-7723
-6419
-5281
-4774
-5058
-5938
-7422
-9228
-10977
-12418
-13397
-13336
-12396
-10752
-8439
-5735
-3154
-1022
427
1184
1089
388
-628
-2043
-3639
-5165
-6278
-6440
-5470
-3441
-563
2481
5026
6780
7637
7531
6411
4682
2341
-216
-2756
-5201
-6920
-7433
-6836
-5594
-3742
-1567
275
1545
2016
1749
746
-919
-3199
-5618
-7801
-9623
-10737
-10746
-10004
-8652
-7190
-5795
-4477
-3471
-2906
-3113
-4022
-5332
-6876
-8650
-10426
-11822
-12602
-12937
-12753
-11878
-10491
-8902
-7441
-6348
-5655
-5368
-5731
-6362
-7500
-8849
-10184
-11352
-11879
-12234
-12223
-11795
-10853
-9580
-8325
-7138
-6083
-5429
-4910
-4571
-4526
-4585
-4474
-4244
-4147
-3928
-3430
-2865
-2330
-1945
-1364
-817
-703
-735
-832
-1000
-1012
-1065
-1246
-1480
-1727
-1873
-1741
-1576
-1608
-1632
-1637
-1821
-2023
-2102
-2177
-2401
-2573
-2985
-3495
-4137
-4836
-5465
-5982
-6481
-6500
-6370
-6106
-5689
-5266
-4509
-3646
-2936
-2550
-2509
-2761
-3341
-4124
-5210
-6298
-7175
-7738
-8259
-8477
-8300
-7595
-6625
-5942
-5324
-4664
-4179
-4022
-4238
-4529
-4837
-5102
-5441
-5807
-6016
-5980
-5657
-4863
-3853
-3032
-2158
-1342
-557
24
579
994
1104
1213
1126
449
-450
-1273
-2121
-3361
-4572
-5185
-5161
-4211
-2326
-271
1633
3177
4449
5107
4972
4158
2612
675
-1472
-3210
-4118
-4210
-3589
-2243
-215
1935
3759
5020
5810
6053
5494
4288
2769
1141
-350
-1474
-2120
-1815
-582
1190
3362
5279
6564
7284
7638
7761
7638
7452
7404
7485
7647
7605
7314
6761
6202
5492
4444
3208
2012
810
-229
-671
-621
-227
525
1540
2569
3413
4154
4700
4782
4250
3125
1757
664
-470
-1536
-2303
-2563
-2452
-2121
-1531
-902
-186
321
649
539
193
-593
-1418
-2304
-3223
-3987
-4864
-5137
-5047
-4953
-4889
-4800
-4519
-4138
-4093
-4220
-4369
-4376
-4411
-4684
-4949
-5140
-5147
-5011
-4864
-4537
-4358
-4222
-4090
-4066
-4037
-4139
-4350
-4481
-4577
-4455
-4309
-4309
-4107
-3561
-2851
-2259
-1703
-1113
-925
-858
-865
-1019
-1386
-1786
-2101
-2460
-2766
-2896
-2961
-3010
-2875
-2634
-2428
-2089
-1664
-1341
-1347
-1314
-1253
-1817
-2631
-3795
-5136
-6534
-7907
-9037
-9829
-10225
-10281
-10016
-9383
-8528
-7524
-6374
-5473
-4883
-4578
-4610
-5041
-6051
-7103
-8108
-8922
-9607
-10152
-10330
-10181
-9489
-8541
-7647
-6896
-6093
-5536
-5419
-5703
-6253
-6850
-7299
-7780
-8222
-8450
-8441
-8284
-7883
-7255
-6632
-5790
-5105
-4405
-3814
-3363
-3217
-3393
-3223
-2952
-2678
-2493
-2345
-2179
-1858
-1453
-1100
-809
-505
-272
-64
-64
-336
-581
-676
-810
-1080
-1243
-1239
-1174
-1109
-937
-930
-947
-1013
-1171
-1368
-1598
-1762
-2066
-2358
-2526
-2667
-2673
-2640
-2480
-2208
-2102
-1943
-1771
-1743
-1794
-2033
-2546
-3351
-3904
-4082
-3634
-2768
-1500
-176
656
1004
1034
507
-655
-2077
-3649
-5293
-6692
-7762
-8224
-8140
-7250
-5751
-4163
-2864
-1736
-1091
-1189
-1785
-2653
-3906
-5524
-7182
-8550
-9214
-9275
-8699
-7654
-6492
-5345
-4257
-3213
-2530
-2324
-2646
-3249
-4208
-5498
-6788
-7713
-8321
-8605
-8352
-7726
-6819
-5741
-4686
-3927
-3328
-2966
-2986
-3319
-3759
-4359
-5145
-6067
-6775
-6947
-6816
-6585
-6080
-5430
-4961
-4652
-4481
-4368
-4347
-4541
-4821
-5260
-5769
-6137
-6473
-6580
-6376
-6040
-5726
-5473
-5385
-5508
-5320
-5097
-5198
-5515
-5884
-6248
-6515
-6763
-6688
-6605
-6472
-6019
-5627
-5554
-5503
-5339
-5080
-4836
-4971
-5256
-5462
-5979
-6654
-7463
-8577
-9761
-10440
-10869
-11227
-11260
-10895
-10131
-9213
-8333
-7296
-6278
-5700
-5466
-5515
-5826
-6570
-7490
-8434
-9287
-9839
-10064
-9778
-9165
-8346
-7153
-6038
-5166
-4366
-3729
-3315
-3381
-3573
-3928
-4655
-5382
-5838
-5935
-5810
-5577
-5095
-4543
-3745
-2993
-2387
-1863
-1436
-1234
-1150
-1136
-1274
-1374
-1429
-1371
-1191
-983
-884
-667
-250
83
397
695
925
1191
1245
1145
1132
1262
1249
1104
989
1005
1105
1074
1043
892
626
571
407
125
-18
-97
-261
-523
-688
-643
-516
-259
50
89
78
140
310
350
91
-549
-1233
-1744
-1854
-1330
-317
1049
2460
3742
4681
4890
4530
3791
2844
1457
-219
-1606
-2531
-3157
-3236
-2661
-1638
-39
1498
2573
3306
3431
3109
2390
1271
-112
-1494
-2792
-3794
-4070
-3752
-3069
-2029
-960
226
1164
1716
1841
1670
1096
250
-769
-1961
-3094
-4100
-4468
-4268
-3831
-3223
-2348
-1480
-505
92
288
173
-4
-510
-1435
-2449
-3380
-4009
-4313
-4375
-4254
-3783
-3177
-2589
-2152
-1859
-1560
-1680
-1864
-2148
-2446
-2859
-3222
-3527
-3721
-3703
-3395
-2985
-2677
-2286
-1893
-1852
-2009
-2127
-2225
-2451
-2711
-3061
-3387
-3421
-3356
-3353
-3285
-2747
-2221
-2152
-2126
-1984
-1832
-1792
-1910
-2038
-2425
-3138
-4056
-5070
-5892
-6521
-7215
-7833
-8109
-7743
-7292
-6677
-5856
-4873
-3875
-3127
-2905
-3025
-3375
-4021
-4836
-5680
-6565
-7160
-7425
-7269
-6977
-6320
-5399
-4275
-3265
-2645
-2332
-2114
-2154
-2495
-2807
-3221
-3799
-4313
-4703
-4708
-4524
-4082
-3521
-2972
-2379
-1627
-991
-616
-476
-450
-473
-564
-684
-936
-945
-921
-893
-865
-577
-73
550
901
1082
1207
1344
1469
1338
1357
1492
1413
1192
1062
1038
953
945
1143
1157
1127
871
603
507
358
265
20
-136
-288
-421
-372
-301
-330
-349
-306
-121
-130
-122
-130
-513
-1222
-1959
-2447
-2296
-1328
-26
1329
2584
3565
4145
4111
3512
2385
1031
-581
-2065
-3218
-4094
-4446
-4041
-3040
-1788
-487
727
1559
2078
2024
1253
182
-1247
-2684
-4002
-4939
-5604
-5750
-5224
-4255
-3034
-1881
-802
-115
247
207
-281
-1001
-1960
-3173
-4249
-5112
-5786
-6133
-5717
-4870
-4010
-3098
-2203
-1607
-1262
-1307
-1632
-2143
-2907
-3744
-4480
-4997
-5362
-5609
-5640
-5310
-4714
-4135
-3585
-3226
-2984
-3052
-3089
-3274
-3574
-4008
-4357
-4629
-5044
-5132
-4846
-4617
-4442
-4185
-3794
-3510
-3405
-3487
-3807
-4176
-4377
-4523
-4634
-4886
-4857
-4582
-4376
-4403
-4338
-4138
-4055
-3754
-3479
-3475
-3536
-3585
-3861
-4563
-5413
-6113
-6839
-7861
-8833
-9388
-9383
-9398
-9100
-8353
-7527
-6608
-5647
-4973
-4449
-4192
-4391
-5014
-5863
-6964
-8020
-8609
-8869
-8770
-8358
-7814
-6990
-6116
-5251
-4259
-3434
-3047
-3067
-3180
-3454
-4086
-4817
-5199
-5329
-5294
-5057
-4657
-4156
-3783
-3091
-2269
-1495
-1094
-770
-647
-664
-743
-956
-1044
-1092
-1144
-1155
-1194
-1004
-630
-210
275
641
815
1121
1358
1216
1044
939
897
908
856
836
826
844
812
824
877
764
759
786
581
310
89
-4
-129
-299
-123
128
161
156
190
335
406
376
258
-124
-815
-1601
-2355
-2645
-2248
-1331
42
1414
2411
2998
3066
2868
2123
1024
-206
-1338
-2422
-3215
-3284
-2884
-2169
-990
305
1397
2112
2475
2431
1872
884
-195
-1568
-2718
-3698
-4396
-4389
-3870
-2829
-1730
-709
340
1216
1618
1636
1312
675
-174
-1267
-2296
-3145
-3690
-3835
-3635
-3022
-2010
-927
-157
429
802
832
644
261
-426
-1155
-1797
-2451
-3011
-3319
-3349
-2948
-2270
-1604
-998
-635
-420
-344
-482
-782
-1257
-1626
-2022
-2430
-2744
-2980
-2982
-2894
-2665
-2392
-2312
-2062
-1914
-1961
-1987
-2200
-2577
-2825
-2932
-3033
-3016
-2967
-3038
-2917
-2624
-2380
-2324
-2140
-1960
-1887
-1832
-1938
-2186
-2678
-3454
-4309
-5020
-5808
-6784
-7547
-7982
-7943
-7539
-6936
-6312
-5408
-4424
-3497
-2958
-2722
-2955
-3441
-3826
-4502
-5258
-5973
-6431
-6492
-6461
-6059
-5293
-4305
-3290
-2303
-1700
-1258
-949
-895
-1102
-1536
-1982
-2436
-2820
-3054
-3157
-2868
-2184
-1588
-913
-219
301
665
1029
1268
1441
1319
970
719
644
691
715
910
1180
1426
1644
1977
2372
2590
2610
2731
2900
2878
2656
2543
2471
2361
2373
2329
2285
2274
2411
2506
2366
2257
2151
1812
1506
1436
1372
1171
1084
1237
1185
1095
1093
1102
1141
1268
1345
1288
1127
794
424
210
420
1058
2260
3672
5014
6106
6632
6624
6051
4902
3284
1552
-153
-1795
-2994
-3406
-3135
-2374
-1159
522
2188
3583
4560
4916
4634
3777
2556
981
-706
-2271
-3494
-4086
-4002
-3374
-2353
-1142
118
1127
1773
2080
1962
1413
530
-544
-1731
-2853
-3733
-4360
-4514
-4242
-3790
-2859
-1753
-953
-431
-23
210
-11
-493
-1211
-2102
-2933
-3612
-4031
-4385
-4490
-4229
-3713
-3185
-2865
-2454
-2064
-2025
-2312
-2607
-2747
-2869
-3039
-3302
-3527
-3640
-3415
-3070
-2600
-2126
-1653
-1550
-1646
-1592
-1713
-1956
-2261
-2374
-2616
-2631
-2617
-2529
-2271
-1834
-1563
-1369
-1387
-1483
-1465
-1423
-1337
-1467
-2236
-2952
-3637
-4503
-5463
-6415
-7039
-7392
-7562
-7314
-6779
-5976
-5129
-4322
-3477
-2772
-2529
-2616
-3065
-3585
-4348
-5407
-6277
-6929
-7297
-7252
-6816
-6061
-5477
-4634
-3596
-2720
-2156
-1892
-1905
-2223
-2742
-3316
-3874
-4381
-4830
-4860
-4831
-4530
-3977
-3340
-2623
-1939
-1244
-790
-700
-629
-647
-771
-826
-861
-769
-707
-711
-733
-613
-133
262
582
1049
1395
1536
1417
1469
1665
1556
1346
1290
1234
1340
1451
1405
1310
1144
1140
1079
983
1015
834
515
246
214
234
277
294
382
580
708
651
692
750
805
798
387
-455
-1376
-1871
-1916
-1157
-91
1014
2306
3317
3829
3846
3207
2306
865
-666
-1948
-2871
-3443
-3528
-2970
-1983
-603
970
2235
3031
3249
3017
2362
1201
-154
-1467
-2743
-3760
-4331
-4293
-3800
-2940
-1824
-711
336
1145
1703
1865
1580
743
-277
-1458
-2455
-3142
-3562
-3534
-3218
-2625
-1705
-785
-71
501
1164
1356
1045
450
-75
-729
-1546
-2202
-2700
-2906
-2856
-2612
-2225
-1676
-1122
-575
-150
-6
-143
-501
-853
-1251
-1714
-1930
-2100
-2248
-2194
-2134
-2047
-1725
-1287
-1012
-1036
-1150
-1263
-1554
-1884
-2186
-2429
-2599
-2662
-2560
-2333
-2108
-1942
-1906
-1778
-1404
-1131
-1218
-1421
-1605
-1775
-2192
-2940
-3824
-4700
-5770
-6548
-7023
-7197
-7237
-6938
-6304
-5390
-4437
-3485
-2637
-2108
-1926
-2191
-2759
-3466
-4358
-5111
-5808
-6277
-6225
-5807
-5096
-4193
-3375
-2575
-1706
-851
-264
-90
-361
-720
-1204
-1667
-2022
-2387
-2574
-2471
-2176
-1685
-1034
-215
538
1262
1847
2208
2318
2276
2240
2080
1814
1740
1854
1829
1929
2161
2662
3126
3456
3761
3868
3946
4202
4458
4345
4084
3983
3872
3771
3726
3727
3747
3610
3624
3545
3392
3316
3143
2915
2782
2713
2746
2692
2512
2382
2368
2596
2682
2681
2673
2755
2764
2718
2419
1943
1468
1095
816
1156
2293
3744
5114
6141
6793
6926
6309
5233
3960
2584
1284
132
-713
-979
-711
-14
1136
2546
3790
4747
5338
5306
4816
3904
2702
1474
191
-886
-1481
-1748
-1477
-820
118
1329
2340
3133
3657
3798
3418
2745
1912
934
-244
-1312
-1757
-1870
-1871
-1551
-692
222
1067
1664
2123
2395
2224
1811
1294
461
-452
-1199
-1731
-2107
-2008
-1693
-1446
-1013
-524
-135
53
99
209
73
-355
-931
-1398
-1681
-1754
-1985
-1981
-1586
-1170
-727
-442
-298
-307
-391
-503
-666
-958
-1317
-1601
-1698
-1597
-1496
-1420
-1219
-761
-561
-514
-565
-507
-478
-408
-367
-594
-1075
-1739
-2442
-3262
-4282
-5180
-5733
-6088
-6057
-5671
-5383
-4781
-3881
-3028
-2238
-1600
-1277
-1282
-1817
-2453
-3291
-4191
-4904
-5442
-5786
-5575
-5083
-4428
-3598
-2705
-1893
-1238
-692
-498
-636
-931
-1325
-1810
-2175
-2586
-2875
-2927
-2697
-2043
-1389
-814
-226
371
858
1298
1362
1314
1240
999
926
936
849
856
895
1121
1429
1697
2071
2350
2861
3223
3174
2863
2699
2610
2521
2448
2504
2664
2783
2536
2393
2534
2569
2430
2240
2144
1953
1690
1444
1387
1410
1439
1405
1429
1626
1761
1866
1789
1678
1582
1465
1201
694
197
-257
-465
-103
940
2140
3446
4571
5409
5831
5593
4721
3482
2158
700
-550
-1505
-2086
-2074
-1473
-437
887
2233
3406
3983
4163
3945
3137
2005
563
-982
-2236
-3084
-3502
-3340
-2658
-1598
-416
664
1586
2206
2353
2184
1623
649
-381
-1476
-2368
-3064
-3436
-3420
-2880
-2113
-1303
-433
231
905
1339
1320
837
248
-511
-1354
-2141
-2716
-3106
-3217
-2864
-2391
-1760
-1184
-845
-504
-149
-195
-446
-764
-1132
-1587
-1908
-2032
-2055
-2089
-2081
-1822
-1505
-1128
-917
-918
-755
-671
-692
-878
-1207
-1581
-1795
-1891
-1902
-1743
-1517
-1243
-981
-776
-680
-659
-612
-522
-596
-777
-1072
-1700
-2654
-3531
-4412
-5256
-5790
-6053
-6163
-6114
-5846
-5234
-4353
-3407
-2421
-1741
-1433
-1498
-1726
-2281
-2999
-3807
-4433
-4928
-5365
-5302
-4960
-4342
-3382
-2485
-1665
-790
-218
-88
-94
-323
-575
-985
-1568
-1999
-2423
-2535
-2273
-1718
-1183
-661
129
835
1261
1731
1975
2108
2154
1984
1828
1751
1709
1713
1737
1883
2313
2662
3005
3289
3641
3993
4147
4060
3897
3851
3900
3803
3574
3482
3493
3588
3720
3715
3540
3360
3249
3258
3148
2969
2824
2722
2737
2573
2406
2371
2622
2804
2832
2747
2820
2995
2973
2807
2480
1820
1190
942
1094
1894
3176
4626
5836
6746
7224
7075
6298
5120
3742
2357
1095
66
-651
-834
-393
594
1997
3429
4471
5303
5711
5532
4823
3840
2690
1305
-32
-1087
-1657
-1762
-1348
-578
574
1881
2821
3438
3889
3777
3252
2720
1952
897
-268
-1102
-1536
-1620
-1343
-747
-84
815
1805
2545
2847
2817
2605
2229
1717
1021
138
-638
-1280
-1525
-1355
-1025
-539
-25
313
660
1000
1081
995
704
360
-54
-466
-742
-847
-911
-933
-634
-219
27
281
354
486
670
549
249
-3
-206
-376
-528
-556
-546
-558
-233
223
350
307
363
574
681
582
352
-77
-594
-1132
-1924
-3007
-3770
-4310
-4896
-5267
-5363
-4990
-4277
-3238
-2252
-1471
-868
-493
-355
-532
-975
-1673
-2616
-3384
-3973
-4387
-4647
-4580
-4034
-3173
-2071
-1110
-251
508
913
906
762
309
-328
-872
-1374
-1664
-1762
-1611
-1368
-1002
-360
225
782
1471
2109
2239
2025
1824
1654
1443
1214
1028
1085
1398
1916
2554
2895
2960
2685
2097
1551
1119
665
334
258
520
1024
1753
2573
3373
3933
3999
3728
3288
2498
1802
1093
275
-133
67
820
1880
3054
4388
5559
6449
6861
6721
6287
5540
4798
3861
3071
2583
2361
2356
2605
3593
5187
6856
8219
9382
10067
10062
9263
7988
6399
4653
3030
1666
681
336
542
1333
2435
3602
4705
5490
5783
5744
5352
4354
3136
1826
473
-748
-1640
-1992
-1874
-1341
-547
367
1230
2021
2412
2413
2351
1988
1190
125
-1008
-2097
-3034
-3546
-3581
-3287
-2683
-1909
-1045
-293
327
700
798
510
-32
-766
-1582
-2166
-2618
-2844
-2828
-2453
-1936
-1500
-926
-98
455
844
1041
1025
748
342
69
-115
-203
-135
93
366
666
942
1287
1605
1757
1766
1781
1643
1378
904
621
583
495
366
401
576
679
723
863
955
1013
1036
1068
895
637
338
-22
-718
-1455
-2275
-3179
-4057
-4746
-5123
-5463
-5399
-4818
-4045
-3211
-2467
-1698
-1099
-995
-1290
-1901
-2661
-3429
-4190
-4836
-5356
-5689
-5601
-5183
-4639
-3913
-3079
-2141
-1587
-1254
-1087
-1182
-1559
-2098
-2820
-3501
-3984
-4286
-4508
-4389
-3966
-3300
-2614
-1909
-1154
-563
-174
-108
-246
-505
-926
-1372
-1732
-2076
-2389
-2555
-2377
-1692
-905
-190
319
903
1288
1366
1152
725
153
-370
-843
-1307
-1587
-1472
-1141
-699
-269
161
715
900
542
311
-51
-853
-1824
-2694
-3161
-3378
-3288
-2996
-2599
-2148
-1672
-1214
-978
-935
-1511
-2632
-3980
-5188
-5814
-5844
-5159
-3795
-2021
-324
880
1433
1278
504
-781
-2313
-4094
-5820
-7333
-8292
-8487
-7892
-6597
-4950
-3235
-1627
-340
205
52
-534
-1653
-3031
-4619
-5942
-7155
-7900
-7553
-6550
-5119
-3616
-2286
-1170
-312
271
211
-216
-967
-1848
-2884
-4017
-4869
-5282
-5059
-4315
-3466
-2373
-1181
-193
521
838
801
654
431
-30
-885
-1750
-2336
-2528
-2486
-2364
-2012
-1463
-783
-201
279
557
663
657
294
-202
-722
-1164
-1447
-1641
-1559
-1304
-1017
-599
-240
83
190
234
110
86
-231
-531
-610
-866
-1003
-1022
-858
-584
-375
-133
103
562
943
1112
1125
1080
909
679
271
-342
-1214
-2089
-2883
-3339
-3564
-3490
-3207
-2606
-1737
-665
159
995
1646
2076
2058
1880
1593
999
218
-425
-838
-1086
-886
-372
373
1312
2182
3012
3627
4035
4238
4315
4155
3648
3083
2438
1876
1629
1562
1677
2005
2407
2872
3454
3975
4268
4394
4440
4394
4215
3882
3511
3339
3220
3021
3064
3075
3152
3387
3619
3853
3993
4007
4057
3948
3810
3700
3488
3326
3259
3273
3323
3266
3128
3127
3106
2981
2909
2723
2541
2384
2234
2115
2001
1914
1939
1940
1868
2061
2389
2389
2390
2354
2232
2025
1638
943
305
-162
-262
378
1356
2607
3892
4823
5453
5641
5140
4323
3231
2242
1404
528
-72
-59
644
1740
2803
3939
4998
5664
5896
5650
4970
3965
2842
1691
696
-68
-559
-400
455
1434
2480
3463
4365
5139
5365
5214
4797
4090
3253
2435
1482
660
352
405
894
1493
2425
3364
3970
4451
4817
4784
4329
3597
3007
2164
1505
1086
726
485
646
1038
1587
2173
2564
2926
3269
3296
3185
2830
2159
1680
1291
963
797
776
742
844
1200
1565
1776
1881
1910
2019
2127
1804
1590
1447
1279
1106
986
1054
1344
1634
1693
1818
2014
2114
2239
2387
2395
2294
1890
1433
844
-117
-1031
-1600
-2159
-2654
-2930
-2810
-2373
-1859
-1053
-151
723
1429
1863
1903
1836
1555
993
138
-701
-1140
-1474
-1683
-1428
-824
123
982
1673
2300
2772
3070
3236
3083
2425
1697
1013
479
122
-179
-259
-125
240
970
1581
1958
2194
2116
2058
2157
2137
1950
1548
1034
743
548
383
376
497
765
1036
1131
1143
1323
1478
1476
1316
1174
1081
875
739
596
400
391
409
352
246
188
169
18
-295
-467
-570
-861
-997
-966
-1048
-1168
-1171
-1245
-1107
-1068
-1074
-855
-786
-855
-1123
-1521
-1943
-2061
-1573
-649
622
2123
3476
4490
4905
4761
3952
2490
855
-809
-2634
-4266
-5388
-5663
-5225
-4169
-2543
-561
1102
2490
3206
3333
2939
1829
485
-1093
-2919
-4464
-5431
-5794
-5458
-4616
-3383
-1993
-638
359
947
1213
997
205
-829
-1999
-3177
-4283
-5257
-5617
-5619
-5131
-4201
-3262
-2408
-1578
-833
-272
-4
-379
-1111
-1814
-2517
-3215
-3770
-4022
-3918
-3761
-3564
-3252
-2949
-2587
-2184
-1810
-1568
-1598
-2010
-2399
-2552
-2743
-2833
-2654
-2358
-1985
-1506
-1003
-737
-523
-385
-469
-586
-612
-744
-1051
-1187
-1219
-1113
-806
-478
-277
14
232
549
1012
1182
1203
1074
849
704
277
-266
-903
-1783
-2801
-3625
-4067
-4326
-4219
-3614
-2816
-2065
-1328
-450
243
781
1084
999
561
-125
-895
-1663
-2265
-2714
-3021
-3100
-2699
-1909
-860
184
817
1362
1764
1846
1700
1208
640
149
-647
-1412
-1764
-1685
-1451
-1182
-791
-142
428
802
1207
1442
1340
1054
832
730
534
197
19
-3
-103
96
384
621
975
1217
1224
1217
1300
1404
1346
1154
1118
1136
1162
1135
1022
1003
1167
1167
1089
1034
957
845
540
373
341
279
-77
-158
178
398
454
416
465
562
555
620
714
580
180
-294
-629
-673
-345
