-5207
-4691
-4337
-4052
-3926
-3904
-3990
-4107
-4322
-4478
-4598
-4755
-4804
-4843
-4488
-4218
-4082
-3996
-3868
-3592
-3401
-3076
-3003
-3019
-3260
-3703
-4268
-5107
-5958
-6875
-7717
-8357
-8651
-8529
-8068
-7545
-6795
-5836
-5203
-4520
-3816
-3303
-3197
-3660
-4416
-5156
-6107
-6877
-7133
-7311
-7141
-6712
-6005
-4949
-3810
-2984
-2463
-2161
-2077
-2248
-2608
-3148
-3858
-4628
-5207
-5453
-5336
-5125
-4740
-4292
-3817
-3327
-2979
-2812
-2831
-3210
-3823
-4644
-5316
-5703
-5955
-5751
-4861
-3613
-2259
-1407
-1249
-1785
-2975
-4433
-6238
-8222
-10041
-11212
-11808
-11646
-10786
-9374
-7519
-5863
-4802
-4366
-4794
-5965
-7457
-8885
-10656
-12302
-13264
-13216
-12223
-10302
-7874
-5493
-3062
-983
545
1257
1184
648
-424
-1943
-3757
-5610
-7014
-7445
-6762
-5145
-2608
274
2960
5016
6061
6191
5535
4182
2263
134
-2134
-4281
-5829
-6284
-5804
-4929
-3566
-2047
-541
551
752
186
-746
-2259
-4275
-6446
-8512
-9810
-10277
-10064
-9418
-8292
-6792
-5365
-4238
-3531
-3305
-3464
-4375
-5859
-7491
-9078
-10491
-11496
-12066
-12092
-11599
-10434
-8986
-7582
-6278
-5336
-4983
-5059
-5613
-6406
-7501
-8816
-9992
-10986
-11701
-12024
-11702
-10957
-9858
-8669
-7417
-6191
-5121
-4338
-3835
-3655
-3555
-3659
-3970
-4045
-4026
-3916
-3537
-3032
-2458
-1957
-1614
-1320
-982
-796
-834
-1105
-1421
-1666
-1948
-2293
-2431
-2457
-2440
-2343
-2308
-2260
-2488
-2687
-2766
-2933
-2924
-3200
-3495
-3771
-4308
-4918
-5498
-6186
-6754
-7037
-7151
-7071
-6767
-6327
-5858
-5301
-4464
-3746
-3322
-3310
-3714
-4286
-4942
-5628
-6507
-7349
-8138
-8645
-8823
-8683
-8250
-7407
-6370
-5575
-4971
-4545
-4221
-4175
-4415
-4872
-5195
-5273
-5301
-5573
-5648
-5290
-4489
-3521
-2515
-1616
-735
-25
647
1136
1334
1444
1590
1497
1065
316
-508
-1555
-2780
-3836
-4602
-4701
-3789
-2102
-138
1607
3162
4521
5236
5009
3954
2460
574
-1337
-2986
-4064
-4417
-3827
-2399
-399
1717
3702
5226
6077
6330
5704
4393
2825
1047
-499
-1653
-2114
-1703
-605
1089
3104
4903
6150
6705
6935
6622
6139
5758
5596
5716
6057
6447
6500
6288
5957
5479
4787
3889
2837
1689
608
-86
-298
-112
431
1248
2235
3319
4231
4630
4691
4341
3504
2365
911
-236
-1185
-1914
-2253
-2169
-1782
-1047
-224
521
1159
1460
1487
1212
628
-292
-1372
-2362
-3191
-3747
-3917
-3958
-4000
-3910
-3705
-3514
-3421
-3404
-3386
-3570
-3858
-4188
-4417
-4522
-4791
-4874
-4651
-4559
-4345
-4002
-3726
-3420
-3339
-3255
-3366
-3511
-3661
-3925
-3945
-3936
-3891
-3898
-3669
-3244
-2577
-2110
-1616
-1293
-1114
-981
-1191
-1426
-1716
-2192
-2715
-3032
-3182
-3302
-3325
-3206
-3067
-2796
-2519
-2275
-2028
-1800
-1709
-1822
-2163
-2806
-3713
-5075
-6455
-7736
-8964
-9922
-10460
-10471
-10192
-9561
-8631
-7529
-6398
-5545
-5036
-4825
-5030
-5529
-6267
-7148
-8132
-9168
-9758
-10100
-10163
-9757
-9044
-8231
-7443
-6723
-6208
-5898
-5692
-5642
-5854
-6422
-6977
-7550
-7985
-8315
-8398
-8148
-7701
-6853
-6047
-5520
-4873
-4391
-3970
-3550
-3378
-3464
-3449
-3274
-3075
-2890
-2587
-2174
-1811
-1418
-1019
-601
-366
-345
-366
-422
-549
-656
-660
-793
-1071
-1290
-1262
-1294
-1281
-1345
-1251
-1145
-1273
-1481
-1442
-1481
-1746
-2141
-2462
-2547
-2444
-2531
-2621
-2578
-2413
-2275
-2261
-2156
-2056
-2134
-2283
-2697
-3386
-4260
-4618
-4052
-2977
-1723
-539
349
735
761
317
-697
-2066
-3707
-5273
-6730
-7885
-8219
-7793
-6971
-5555
-4100
-2927
-1891
-1229
-1204
-1718
-2680
-4019
-5449
-6953
-8231
-8979
-9027
-8517
-7596
-6241
-4896
-3819
-3024
-2433
-2230
-2678
-3349
-4179
-5255
-6442
-7454
-8064
-8329
-8159
-7477
-6508
-5468
-4487
-3761
-3161
-2951
-2947
-3277
-3834
-4389
-5172
-5925
-6367
-6537
-6587
-6492
-6054
-5512
-4985
-4582
-4206
-4169
-4283
-4533
-4974
-5447
-5877
-6173
-6279
-6375
-6379
-6243
-6051
-5637
-5235
-5080
-5157
-5261
-5411
-5694
-5981
-6086
-6299
-6546
-6453
-6296
-6339
-6013
-5465
-5038
-4850
-4873
-4743
-4547
-4427
-4415
-4847
-5512
-6258
-7123
-8102
-9036
-9801
-10411
-10695
-10639
-10291
-9762
-9106
-8177
-7080
-5994
-5331
-5077
-5100
-5509
-6245
-7095
-8060
-8765
-9080
-9297
-9221
-8721
-7916
-6819
-5635
-4644
-3973
-3544
-3350
-3372
-3656
-4307
-4883
-5153
-5391
-5731
-5675
-5363
-4820
-4190
-3491
-2796
-2121
-1518
-1081
-812
-716
-781
-896
-979
-926
-911
-890
-663
-432
-56
366
596
768
1049
1379
1609
1687
1743
1664
1390
1192
1027
966
953
992
971
906
847
748
660
575
484
239
2
-172
-307
-261
-67
-105
-58
57
305
479
462
609
846
679
140
-640
-1045
-1289
-973
-81
1273
2839
4157
5006
5277
4903
3942
2687
1346
-53
-1232
-2144
-2724
-2796
-2234
-1115
144
1548
2806
3364
3370
2968
2152
1125
-99
-1508
-2701
-3551
-3888
-3729
-2981
-1853
-595
407
1100
1668
1941
1604
1029
213
-928
-1989
-2887
-3630
-3927
-3905
-3644
-2943
-2010
-1152
-495
-20
228
328
38
-639
-1470
-2229
-2982
-3638
-4131
-4164
-4065
-3653
-3089
-2559
-2039
-1649
-1471
-1465
-1708
-2047
-2385
-2737
-3265
-3653
-3743
-3672
-3547
-3276
-2934
-2549
-2119
-1886
-1793
-1906
-2112
-2311
-2560
-2869
-3087
-3202
-3336
-3318
-3192
-2933
-2798
-2561
-2311
-2078
-1979
-2014
-2165
-2330
-2550
-3009
-3825
-4789
-5791
-6603
-7299
-7810
-7884
-7694
-7295
-6600
-5805
-4794
-3889
-3280
-3153
-3163
-3315
-3838
-4855
-5763
-6601
-7316
-7534
-7464
-7098
-6451
-5612
-4640
-3742
-2901
-2239
-1927
-1996
-2358
-2754
-3257
-3852
-4414
-4725
-4563
-4374
-4115
-3683
-2999
-2237
-1612
-1107
-839
-667
-448
-403
-725
-1003
-1082
-1138
-1159
-930
-715
-430
-43
381
736
1075
1161
1259
1213
1195
1345
1292
1078
916
919
924
870
911
915
781
676
842
792
366
217
199
139
-74
-458
-552
-501
-438
-263
-139
-130
-155
-76
43
-108
-743
-1656
-2238
-2233
-1970
-1318
-349
1035
2610
3511
3818
3795
3134
1965
441
-1085
-2393
-3452
-4159
-4270
-3929
-3101
-1807
-492
669
1641
2017
1754
1155
100
-1348
-2821
-4141
-5161
-5713
-5786
-5375
-4518
-3399
-1934
-815
-226
39
-65
-642
-1528
-2431
-3372
-4451
-5477
-6169
-6154
-5651
-4876
-4075
-3116
-2134
-1573
-1379
-1417
-1674
-2062
-2658
-3596
-4591
-5417
-5891
-5803
-5470
-5081
-4824
-4382
-3817
-3358
-3007
-2931
-3120
-3396
-3929
-4488
-4875
-4989
-5181
-5336
-5217
-4910
-4745
-4329
-3892
-3700
-3686
-3630
-3728
-3959
-4297
-4782
-4955
-4850
-4788
-4706
-4617
-4377
-4060
-4016
-3946
-3844
-3739
-3683
-3688
-3740
-4151
-4833
-5570
-6349
-7032
-7896
-8803
-9344
-9709
-9651
-9014
-8146
-7287
-6380
-5609
-4780
-4408
-4398
-4617
-5305
-6222
-7032
-7720
-8440
-8836
-8772
-8367
-7647
-6930
-6249
-5342
-4380
-3708
-3342
-3231
-3310
-3569
-3933
-4605
-5138
-5494
-5612
-5441
-5098
-4655
-4095
-3354
-2463
-1892
-1588
-1169
-874
-920
-1100
-1200
-1409
-1661
-1702
-1429
-1058
-734
-279
100
428
621
778
1089
1280
1307
1128
991
1043
1065
1055
1029
1091
1132
1093
1074
995
965
891
643
379
241
40
24
-71
-28
139
246
347
447
373
411
463
480
364
-362
-1252
-2184
-2976
-3428
-3529
-3067
-1995
-687
565
1419
1703
1614
1129
294
-646
-1460
-2107
-2585
-2665
-2307
-1670
-708
410
1415
2009
2149
1858
1208
419
-596
-1642
-2739
-3525
-3783
-3706
-3165
-2180
-960
265
1120
1740
2199
2182
1672
1148
339
-701
-1548
-2305
-2648
-2477
-2113
-1315
-341
485
1088
1591
1913
1915
1586
1183
662
-129
-935
-1452
-1988
-2060
-1816
-1443
-1062
-583
-13
637
1111
1139
819
324
-297
-837
-1302
-1858
-2304
-2536
-2634
-2659
-2597
-2419
-2060
-1775
-1722
-1890
-2076
-2266
-2647
-2906
-3205
-3527
-3525
-3282
-3226
-3234
-3210
-3108
-2885
-2758
-2591
-2506
-2670
-2859
-2967
-3249
-3793
-4454
-5369
-6264
-7098
-7594
-7868
-7911
-7611
-7193
-6479
-5637
-4633
-3834
-3375
-3147
-3208
-3508
-3899
-4801
-5748
-6399
-6788
-6858
-6745
-6146
-5180
-4104
-3067
-2137
-1432
-1050
-850
-729
-830
-1317
-1906
-2450
-2920
-2981
-2816
-2298
-1708
-1092
-419
202
846
1539
1794
1875
1896
1925
1743
1338
1110
1070
941
1000
1280
1613
2075
2491
2734
2965
3051
2996
3053
3194
3206
3095
2970
2749
2532
2502
2581
2579
2636
2426
2274
2208
2029
1823
1647
1515
1309
1141
1036
1221
1238
1125
1083
1129
1283
1367
1375
1390
1323
1008
978
1408
2093
3200
4377
5816
7072
7904
8208
7940
7074
5415
3253
1104
-1030
-2772
-3917
-4216
-3788
-2639
-708
1500
3604
5306
6370
6641
6082
4955
3436
1689
-228
-2007
-3180
-3875
-3970
-3408
-2293
-867
404
1538
2336
2548
2405
1962
1051
-467
-2160
-3658
-4686
-5350
-5373
-4953
-4227
-3275
-2174
-1156
-404
-152
-31
-167
-681
-1314
-2033
-2984
-3899
-4545
-4867
-4797
-4480
-4124
-4064
-3964
-3655
-3364
-3132
-3176
-3328
-3446
-3614
-3787
-3926
-3797
-3540
-3084
-2587
-2266
-1882
-1570
-1370
-1365
-1424
-1589
-1866
-2209
-2459
-2489
-2494
-2256
-1995
-1699
-1324
-948
-790
-717
-498
-301
-309
-463
-754
-1251
-1825
-2633
-3627
-4592
-5422
-5875
-6134
-6310
-6171
-5525
-4742
-3792
-2977
-2195
-1535
-1236
-1344
-1739
-2587
-3617
-4623
-5448
-6281
-6812
-6781
-6538
-5855
-4785
-3765
-3039
-2427
-1911
-1752
-1888
-2276
-2813
-3400
-4119
-4738
-5067
-5057
-4901
-4730
-4257
-3467
-2772
-2002
-1387
-889
-792
-770
-834
-983
-871
-925
-1123
-1047
-764
-446
-258
-74
303
747
1012
1429
1766
2028
1933
1824
1721
1738
1829
1791
1754
1777
1957
2130
2183
2171
2026
1892
1753
1675
1457
1285
1220
1083
970
1054
1281
1513
1679
1762
1786
1735
1859
1645
1050
256
-533
-1009
-1221
-1120
-538
492
1626
2494
2969
2927
2480
1563
240
-1150
-2242
-2935
-3426
-3483
-2835
-1648
-214
1199
2432
3255
3488
3142
2248
965
-408
-1859
-3283
-4346
-4900
-4957
-4524
-3389
-2021
-855
176
1130
1754
1856
1435
832
-16
-1163
-2155
-2921
-3333
-3232
-2942
-2267
-1112
-121
617
1282
1674
1827
1621
1126
514
-174
-955
-1509
-1909
-2159
-2169
-1832
-1275
-721
-168
306
637
750
603
209
-43
-240
-489
-867
-1159
-1363
-1466
-1661
-1607
-1352
-1272
-1208
-1208
-1224
-1303
-1595
-1913
-2218
-2601
-2706
-2662
-2667
-2616
-2406
-1983
-1958
-2077
-2049
-2071
-2086
-2112
-2329
-2807
-3427
-4169
-5000
-5887
-6747
-7516
-7989
-8125
-7944
-7540
-6978
-6269
-5240
-4345
-3828
-3446
-3248
-3331
-3812
-4594
-5329
-6021
-6640
-7140
-7132
-6556
-5643
-4797
-3883
-2962
-2113
-1230
-715
-502
-597
-913
-1550
-2040
-2393
-2618
-2695
-2376
-1866
-1391
-820
-17
813
1501
2140
2428
2494
2572
2606
2425
2183
1969
1876
1993
2380
2727
2928
3103
3412
3737
3985
4136
4189
4198
4053
3971
3906
3801
3744
3609
3451
3375
3306
3415
3387
3201
3008
2661
2419
2370
2385
2404
2155
2106
2103
2002
1940
2114
2426
2481
2255
2100
1977
1566
975
450
86
113
545
1546
3046
4497
5509
6092
6073
5666
4778
3672
2414
1047
-283
-1156
-1454
-1131
-221
994
2415
3710
4541
5091
4973
4406
3693
2675
1288
17
-971
-1593
-1790
-1525
-749
279
1304
2247
3147
3747
3775
3312
2561
1632
522
-480
-1261
-1679
-1796
-1619
-1241
-496
507
1304
1901
2228
2400
2173
1672
1096
377
-550
-1394
-1983
-2285
-2162
-1887
-1593
-1311
-837
-328
-22
134
147
-205
-810
-1389
-1694
-2001
-2244
-2362
-2247
-2122
-1940
-1443
-986
-750
-614
-580
-739
-959
-1332
-1497
-1608
-1749
-1875
-1827
-1662
-1356
-1171
-993
-885
-753
-587
-440
-411
-541
-795
-1238
-1757
-2452
-3360
-4350
-5097
-5642
-5935
-5792
-5430
-5050
-4493
-3575
-2662
-1847
-1214
-949
-1232
-1686
-2243
-2905
-3760
-4642
-5183
-5242
-4977
-4348
-3672
-2932
-2088
-1141
-468
-216
-293
-374
-621
-1137
-1802
-2166
-2405
-2706
-2720
-2568
-2104
-1384
-651
79
724
1122
1362
1552
1555
1558
1370
1222
1117
940
1038
1325
1547
1880
2264
2596
2877
3034
3105
3052
3098
3141
3154
3064
3092
2998
2832
2781
2799
3041
3134
3004
2897
2845
2836
2685
2501
2343
2057
1860
1953
2063
1978
2133
2382
2488
2375
2206
2114
2089
2089
1649
872
317
293
760
1577
2945
4405
5618
6430
6539
6183
5505
4286
2772
1318
141
-789
-1175
-1040
-445
531
1652
2932
4100
4727
4774
4361
3640
2707
1361
-39
-1388
-2303
-2519
-2302
-1751
-901
134
1205
2150
2781
2896
2698
2296
1443
202
-965
-1896
-2612
-2867
-2784
-2321
-1637
-871
-16
850
1347
1690
1652
1206
676
-112
-916
-1578
-2173
-2481
-2664
-2580
-2141
-1539
-988
-664
-339
-69
-68
-339
-663
-1034
-1486
-1801
-2016
-2259
-2255
-1896
-1506
-1179
-894
-552
-466
-396
-421
-613
-911
-1117
-1238
-1399
-1627
-1824
-1668
-1354
-1153
-902
-817
-768
-572
-449
-431
-467
-539
-1015
-1752
-2364
-3149
-4026
-4928
-5717
-6125
-6297
-6143
-5570
-4892
-4147
-3295
-2395
-1826
-1585
-1542
-1715
-2295
-3078
-3832
-4454
-5034
-5446
-5317
-5003
-4516
-3798
-2734
-1745
-980
-460
-137
-202
-566
-1074
-1500
-1846
-2206
-2383
-2476
-2478
-2035
-1332
-676
-65
518
1152
1676
1825
1850
1825
1775
1631
1529
1429
1451
1708
2045
2286
2369
2691
3134
3483
3590
3689
3819
3756
3706
3691
3606
3440
3279
3338
3395
3284
3156
3115
3173
3128
3012
2748
2538
2463
2425
2402
2386
2286
2115
2161
2215
2230
2198
2387
2550
2543
2437
1953
1316
740
446
624
1328
2532
3964
5344
6307
6668
6465
5684
4376
3200
2102
797
-272
-991
-1127
-825
13
1331
2690
3881
4618
4849
4660
4058
3160
1976
564
-577
-1533
-2311
-2345
-1644
-769
238
1218
2160
3007
3399
3254
2818
2171
1240
175
-753
-1570
-2082
-2137
-1859
-1092
-275
590
1315
1754
1984
2128
1910
1429
710
-130
-724
-1265
-1665
-2029
-2008
-1588
-921
-433
84
519
590
614
638
385
-35
-645
-1206
-1350
-1387
-1367
-1345
-1063
-584
-186
-7
173
150
73
-136
-415
-581
-709
-794
-1027
-1206
-1215
-1054
-720
-454
-271
-173
-97
133
285
355
164
-290
-850
-1464
-2218
-3194
-4010
-4735
-5373
-5816
-5600
-5000
-4462
-3886
-3188
-2294
-1479
-914
-761
-965
-1581
-2259
-2955
-3648
-4126
-4503
-4658
-4552
-3928
-3120
-2205
-1279
-492
157
450
528
547
277
-381
-880
-1301
-1645
-1832
-1808
-1369
-841
-222
475
1089
1672
2220
2353
2121
1899
1599
1439
1368
1331
1385
1547
2088
2675
2981
2931
2651
2234
1780
1230
734
509
456
643
1233
2002
2888
3740
4184
4192
3871
3490
2700
1620
747
252
149
478
1175
2104
3284
4488
5553
6357
6980
7054
6671
6020
5007
4058
3251
2674
2360
2560
3125
4005
5356
7151
8837
9835
10350
10252
9520
8273
6643
4900
3363
2082
1144
853
1084
1765
2744
3941
5150
5975
6234
6125
5564
4608
3369
1987
625
-461
-1194
-1463
-1421
-923
-11
975
1807
2456
2761
2874
2824
2316
1451
396
-616
-1674
-2531
-3147
-3226
-2743
-2135
-1344
-458
205
645
1149
1281
828
105
-484
-1045
-1498
-1882
-2177
-2273
-2120
-1651
-1124
-614
208
886
1103
1101
1263
1209
949
514
284
312
347
493
821
1235
1584
1920
2202
2308
2313
2250
2006
1679
1382
1108
987
983
1070
989
933
1224
1389
1327
1270
1288
1393
1361
1301
1305
1023
494
-146
-1076
-2054
-2806
-3384
-4014
-4531
-4759
-4739
-4221
-3323
-2599
-1956
-1390
-1015
-830
-907
-1373
-1965
-2717
-3490
-4310
-4830
-5143
-5185
-4862
-4337
-3534
-2657
-1838
-1161
-686
-748
-1101
-1496
-2116
-2817
-3263
-3645
-3990
-4170
-4040
-3496
-2964
-2423
-1665
-1014
-731
-437
-167
-34
-153
-454
-1046
-1657
-2084
-2340
-2243
-2009
-1692
-966
-150
549
1111
1438
1450
1239
861
287
-434
-1076
-1484
-1423
-1226
-1075
-605
40
600
896
983
1023
806
6
-898
-1444
-2021
-2669
-3305
-3365
-2828
-2321
-2162
-1680
-1037
-834
-1140
-1725
-2559
-3773
-5009
-5881
-5856
-5045
-3741
-1990
-351
1042
1623
1418
502
-774
-2340
-4273
-6032
-7330
-8180
-8256
-7551
-6324
-4731
-2972
-1370
-252
178
-27
-521
-1447
-2951
-4591
-6020
-7012
-7491
-7189
-6270
-4881
-3462
-2384
-1284
-215
277
164
-277
-919
-1711
-3034
-4172
-4769
-5058
-4898
-4289
-3454
-2440
-1303
-235
458
767
857
637
-4
-725
-1468
-1934
-2334
-2729
-2714
-2374
-1956
-1524
-965
-276
158
453
515
167
-112
-309
-667
-1113
-1524
-1761
-1599
-1318
-962
-676
-106
241
145
132
165
24
-249
-602
-788
-822
-953
-955
-862
-685
-310
170
490
551
561
827
1019
1040
899
559
136
-505
-1212
-1728
-2315
-3180
-3769
-3567
-3020
-2534
-1994
-1067
81
908
1511
2047
2300
2117
1572
965
283
-366
-823
-956
-731
-352
435
1428
2262
3077
3854
4363
4593
4472
4159
3697
2957
2296
1885
1651
1566
1716
2119
2644
3176
3621
3892
4178
4310
4391
4388
4140
3749
3506
3188
2962
2881
2897
2914
3076
3487
3863
4047
4193
4350
4292
4204
3987
3680
3378
3251
3241
3121
3103
3272
3241
3240
3193
3150
3112
2787
2578
2405
2455
2368
2228
2190
2168
2268
2332
2473
2573
2539
2522
2487
2459
2358
2086
1595
954
706
986
1795
3071
4571
5964
6797
7020
6789
6294
5368
4099
2745
1517
371
-203
-97
524
1438
2662
4111
5215
6024
6418
6245
5694
4790
3678
2461
1306
341
-306
-304
239
1214
2549
3628
4382
4961
5090
4979
4529
3987
3183
2185
1177
212
-335
-297
52
728
1685
2604
3277
3852
4125
4124
3699
3204
2604
1953
1239
673
428
324
256
460
892
1370
1896
2312
2579
2675
2480
2159
1710
1358
1075
859
645
578
758
1247
1848
2134
2339
2423
2481
2646
2613
2413
2189
1943
1721
1543
1521
1648
1803
2058
2347
2601
2720
2852
2988
3106
3111
3032
2700
2330
1820
895
22
-734
-1291
-1679
-2061
-2022
-1623
-993
-173
765
1519
2090
2383
2636
2530
1966
1190
495
-85
-670
-1159
-1330
-982
-392
350
1135
1738
2436
2967
3422
3426
2959
2373
1784
1187
419
-182
-311
-297
-53
330
809
1220
1635
1997
2265
2254
2108
1907
1549
1056
687
477
484
435
425
566
751
945
1143
1481
1799
1860
1649
1480
1272
1108
928
769
668
640
581
571
581
554
486
528
599
464
92
-114
-281
-496
-726
-727
-610
-328
-137
-189
-329
-577
-465
-261
-470
-874
-1380
-1886
-2276
-2432
-1936
-825
524
1877
3203
3998
4141
3502
2416
1168
-274
-1724
-2889
-3632
-4163
-4090
-3170
-1750
-221
1243
2137
2488
2475
2103
1273
86
-1325
-2748
-3927
-4711
-4751
-4382
-3603
-2535
-1389
-273
637
1090
1281
1165
569
-448
-1541
-2568
-3469
-4116
-4336
-4162
-3481
-2449
-1495
-685
-125
218
473
581
242
-450
-1244
-2086
-2646
-3020
-3228
-3159
-2958
-2496
-1829
-1227
-838
-660
-577
-635
-834
-1159
-1360
-1606
-1973
-2132
-2174
-2125
-1935
-1551
-1175
-816
-504
-187
-114
-209
-351
-562
-781
-954
-1024
-1141
-999
-778
-553
-165
184
348
285
335
518
707
605
369
13
-449
-1219
-2131
-3005
-3688
-4131
-4349
-4292
-3965
-3539
-2775
-1864
-982
-205
400
590
377
167
-194
-715
-1563
-2332
-2739
-3004
-2887
-2395
-1610
-749
108
958
1641
2114
2272
2146
1722
1052
343
-120
-579
-1134
-1192
-823
-500
-148
300
885
1531
1946
1931
1833
1746
1483
1131
769
458
403
506
494
621
906
1154
1406
1653
1851
1872
2021
1792
1521
1459
1353
1242
1271
1321
1298
1170
1215
1215
1140
1160
985
778
609
437
389
366
214
45
124
272
389
491
737
826
728
628
759
767
418
85
136
534
1292
