-4698
-4399
-3900
-3569
-3571
-3715
-3812
-3812
-3853
-4014
-4272
-4487
-4490
-4472
-4385
-4101
-3835
-3605
-3358
-3048
-2802
-2528
-2560
-2689
-2976
-3301
-3934
-4873
-5586
-6392
-7166
-7638
-8023
-8011
-7588
-7171
-6505
-5545
-4632
-3867
-3260
-2952
-2986
-3555
-4375
-5035
-5684
-6186
-6606
-6788
-6712
-6194
-5268
-4300
-3558
-2615
-1831
-1544
-1524
-1825
-2226
-2732
-3490
-4287
-4837
-4879
-4752
-4532
-4259
-3967
-3507
-2900
-2497
-2293
-2232
-2659
-3329
-4068
-4863
-5261
-5352
-5121
-4354
-3139
-1771
-1022
-826
-1267
-2305
-3904
-5765
-7799
-9708
-10856
-11311
-11311
-10459
-8880
-7155
-5823
-4947
-4407
-4509
-5453
-6758
-8385
-10351
-11918
-12699
-12761
-12014
-10156
-7620
-4903
-2436
-483
801
1387
1273
688
-270
-1589
-3205
-4886
-6120
-6731
-6231
-4526
-1980
795
3437
5578
6627
6721
5928
4555
2564
241
-1971
-3985
-5534
-6239
-5926
-4830
-3258
-1587
-254
559
900
560
-353
-1886
-3908
-6129
-8073
-9353
-9840
-9840
-9281
-7926
-6310
-5047
-4121
-3354
-3114
-3682
-4529
-5705
-7144
-8696
-10180
-11280
-11927
-11890
-11191
-10125
-8757
-7409
-6068
-5158
-4762
-4657
-5051
-5831
-7027
-8520
-9749
-10537
-11043
-11212
-11048
-10469
-9389
-8285
-7037
-5911
-5006
-4264
-3730
-3488
-3512
-3783
-3943
-3906
-3850
-3513
-3261
-2865
-2166
-1572
-1061
-843
-760
-911
-932
-1014
-1170
-1363
-1465
-1623
-1807
-1931
-1897
-1736
-1709
-1713
-2060
-2388
-2344
-2382
-2684
-3000
-3196
-3479
-3865
-4300
-4919
-5575
-6059
-6461
-6656
-6631
-6402
-5944
-5433
-4883
-4155
-3524
-3093
-3015
-3234
-3602
-4469
-5587
-6561
-7323
-7947
-8256
-8401
-8310
-7798
-7026
-6075
-5240
-4761
-4399
-4107
-3921
-4141
-4629
-4998
-5295
-5370
-5348
-5153
-4735
-4036
-3216
-2312
-1402
-457
252
648
1046
1311
1498
1578
1550
1257
568
-186
-1098
-2153
-3366
-4297
-4374
-3403
-1902
-35
1942
3533
4698
5192
5068
4234
2717
774
-1063
-2835
-3962
-3994
-3179
-1690
182
2109
3933
5309
6066
6271
5723
4551
2961
1189
-318
-1364
-1853
-1614
-608
1195
3498
5461
6656
7070
6990
6613
6232
5880
5669
5748
6137
6445
6421
6360
6323
6060
5186
3978
2943
1899
762
-34
-272
-16
705
1390
2311
3221
3897
4434
4479
4035
3290
2356
1215
-6
-1132
-1975
-2285
-2136
-1624
-912
-248
390
962
1484
1768
1577
880
-180
-1215
-2165
-3021
-3672
-4020
-4091
-4084
-4030
-3803
-3504
-3318
-3013
-3010
-3248
-3581
-3876
-4067
-4260
-4447
-4622
-4649
-4457
-3955
-3670
-3466
-3145
-2884
-2819
-2931
-3166
-3487
-3755
-3884
-3891
-3927
-3732
-3512
-3167
-2741
-2097
-1445
-1192
-941
-793
-905
-1172
-1719
-2166
-2614
-2966
-3335
-3369
-3243
-3116
-3057
-2735
-2388
-2120
-1828
-1590
-1532
-1606
-2103
-2905
-3803
-4975
-6299
-7586
-8696
-9490
-9990
-10074
-9783
-9233
-8269
-7021
-6036
-5274
-4828
-4655
-4728
-5126
-5972
-6979
-8099
-9058
-9636
-10022
-10020
-9824
-9195
-8138
-7035
-6463
-6152
-5806
-5566
-5431
-5800
-6547
-6963
-7403
-7979
-8341
-8221
-7810
-7258
-6749
-6195
-5381
-4813
-4397
-3977
-3575
-3151
-2836
-2554
-2364
-2307
-2199
-2060
-1804
-1398
-993
-743
-481
-396
-375
-278
-218
-363
-522
-732
-828
-972
-1177
-1321
-1190
-1022
-949
-956
-1001
-1009
-1213
-1444
-1697
-1767
-1957
-2334
-2518
-2549
-2505
-2440
-2245
-2051
-2081
-2037
-1958
-1744
-1707
-2031
-2681
-3446
-4048
-4101
-3722
-2868
-1640
-271
670
1089
1006
356
-667
-1977
-3466
-4870
-6312
-7354
-7803
-7525
-6645
-5324
-4011
-2721
-1657
-1135
-1255
-1751
-2531
-3690
-5230
-6693
-8010
-8753
-8883
-8454
-7454
-6243
-4974
-3694
-2863
-2372
-2240
-2587
-3318
-4306
-5228
-6393
-7532
-8251
-8359
-7988
-7416
-6599
-5671
-4813
-4192
-3528
-2979
-2910
-3384
-4109
-4590
-5128
-5814
-6336
-6806
-6943
-6686
-6378
-6042
-5415
-4727
-4409
-4388
-4536
-4846
-5256
-5639
-6006
-6226
-6198
-6419
-6627
-6367
-5969
-5544
-5420
-5503
-5631
-5551
-5592
-5933
-6359
-6407
-6502
-6814
-6857
-6745
-6469
-6107
-5786
-5508
-5396
-5388
-5152
-4821
-4766
-4913
-5219
-5684
-6263
-6970
-8016
-9105
-9826
-10265
-10681
-10895
-10603
-9768
-8714
-7665
-6626
-5866
-5407
-5332
-5398
-5598
-6367
-7339
-8245
-8822
-9284
-9520
-9201
-8579
-7816
-6921
-5820
-4816
-3979
-3476
-3392
-3321
-3515
-4111
-4742
-5180
-5659
-5995
-6036
-5691
-5130
-4625
-3907
-3058
-2412
-1929
-1442
-1295
-1264
-1178
-1110
-1194
-1316
-1367
-1160
-909
-672
-361
10
400
844
929
1014
1177
1187
1122
1136
1123
1064
883
841
895
900
1006
1054
1010
812
735
607
196
-43
-109
-262
-397
-420
-312
-182
-80
70
265
384
369
428
420
163
-282
-1016
-1653
-1832
-1212
-146
1205
2602
3890
4862
5115
4686
3805
2666
1274
-116
-1348
-2325
-3027
-3091
-2447
-1315
61
1329
2330
3003
3284
2918
2036
983
-231
-1544
-2639
-3413
-3820
-3751
-3206
-2140
-868
133
840
1348
1496
1356
861
50
-1013
-2075
-3140
-3948
-4152
-4055
-3650
-2953
-2239
-1422
-723
-260
50
228
-67
-789
-1630
-2484
-3267
-3926
-4206
-4144
-3865
-3355
-2944
-2689
-2316
-1884
-1528
-1595
-1878
-2351
-2686
-3063
-3436
-3637
-3757
-3680
-3523
-3135
-2725
-2417
-2275
-2215
-2067
-1941
-2052
-2350
-2703
-2886
-3168
-3155
-3108
-3186
-3064
-2801
-2579
-2325
-2118
-2039
-1889
-1875
-2076
-2299
-2593
-3047
-3855
-4678
-5529
-6364
-7098
-7709
-7801
-7661
-7235
-6595
-5882
-5039
-4144
-3488
-3019
-2911
-3203
-3789
-4524
-5449
-6438
-6946
-7168
-7291
-7102
-6459
-5531
-4538
-3531
-2767
-2310
-2275
-2190
-2281
-2722
-3245
-3627
-4137
-4521
-4575
-4440
-3990
-3434
-2768
-2068
-1504
-1143
-778
-433
-213
-165
-242
-478
-694
-778
-912
-789
-447
-44
323
584
897
1144
1340
1568
1796
1674
1382
1296
1308
1189
961
898
877
955
1008
1054
945
843
663
545
411
299
292
122
-217
-255
-136
-63
35
199
118
-90
-46
127
-81
-618
-1473
-2170
-2458
-2230
-1543
-266
1376
2687
3622
4064
3918
3152
1929
521
-977
-2388
-3488
-4006
-4185
-3844
-2914
-1614
-158
970
1682
1872
1609
937
-43
-1265
-2629
-3818
-4729
-5415
-5513
-4945
-3985
-2952
-1978
-950
-237
178
263
-176
-1067
-2240
-3406
-4572
-5486
-5909
-5781
-5497
-4978
-4056
-3086
-2229
-1755
-1390
-1349
-1597
-2035
-2742
-3509
-4228
-4906
-5404
-5606
-5568
-5254
-4963
-4506
-3881
-3449
-3189
-2958
-2982
-3439
-3998
-4490
-5008
-5330
-5440
-5507
-5425
-4997
-4522
-4151
-3921
-3672
-3584
-3753
-4044
-4208
-4350
-4426
-4467
-4671
-4780
-4722
-4537
-4341
-4253
-4227
-4092
-3843
-3608
-3530
-3474
-3454
-3759
-4445
-5238
-5986
-6883
-7815
-8395
-8970
-9225
-9093
-8760
-8206
-7444
-6531
-5525
-4761
-4414
-4388
-4672
-5183
-5971
-6853
-7757
-8484
-8885
-9025
-8734
-8105
-7215
-6136
-5150
-4333
-3499
-2933
-2808
-3082
-3667
-4171
-4580
-5019
-5460
-5778
-5532
-4989
-4382
-3933
-3206
-2359
-1605
-1121
-879
-875
-960
-1001
-1184
-1223
-1282
-1414
-1316
-1111
-689
-103
349
609
915
1215
1530
1584
1509
1335
1082
1096
1030
792
853
1003
1174
1353
1266
1117
989
835
775
767
713
447
128
58
-92
-177
-73
166
512
716
762
697
637
429
-55
-865
-1815
-2793
-3366
-3158
-2597
-1699
-479
742
1669
2029
1754
1254
576
-341
-1229
-1935
-2310
-2292
-2056
-1336
-571
387
1334
1875
2075
2091
1569
675
-239
-1431
-2628
-3471
-3597
-3264
-2640
-1809
-882
94
1034
1681
2076
1974
1559
1080
399
-478
-1443
-2270
-2756
-2669
-2128
-1420
-598
165
957
1616
1882
1996
1677
1061
463
-172
-884
-1532
-1953
-2134
-2061
-1811
-1294
-581
53
368
441
475
338
9
-374
-811
-1292
-1923
-2408
-2620
-2722
-2712
-2436
-2085
-1869
-1908
-1928
-2081
-2126
-2194
-2312
-2674
-3018
-3193
-3364
-3436
-3424
-3419
-3221
-2944
-2853
-2868
-2606
-2465
-2463
-2659
-2912
-3358
-3874
-4664
-5585
-6448
-7178
-7789
-8189
-8215
-7937
-7300
-6436
-5472
-4689
-4037
-3401
-3126
-3330
-3797
-4346
-5098
-5898
-6522
-6944
-7053
-6827
-6280
-5393
-4369
-3356
-2600
-1876
-1233
-894
-920
-1260
-1782
-2291
-2768
-2951
-2979
-2876
-2539
-2085
-1382
-678
-41
623
1143
1263
1271
1457
1529
1341
1078
996
1026
916
906
1144
1585
1897
2125
2363
2541
2648
2779
2744
2834
2860
2657
2337
2115
2127
1995
1957
2090
2143
1941
1846
1831
1614
1324
1038
820
783
634
523
491
582
641
644
545
644
835
890
843
651
641
686
789
1401
2356
3735
5126
6397
7284
7633
7339
6286
4797
2891
857
-1253
-3034
-4039
-4515
-4173
-2972
-1143
901
2859
4634
5731
5998
5610
4497
2973
1092
-789
-2305
-3746
-4760
-4758
-3915
-2768
-1366
2
1024
1674
1986
2009
1432
357
-1168
-2716
-4006
-5019
-5722
-5894
-5459
-4620
-3652
-2740
-1696
-790
-291
-251
-457
-920
-1716
-2574
-3399
-4075
-4588
-4978
-5040
-4906
-4652
-4306
-3952
-3498
-3287
-3336
-3430
-3608
-3829
-4138
-4312
-4226
-4084
-3891
-3519
-3031
-2582
-2265
-1994
-1886
-1845
-1707
-1958
-2415
-2652
-2830
-2858
-2934
-2868
-2557
-2041
-1500
-1163
-974
-779
-660
-425
-359
-588
-914
-1357
-2083
-2885
-3756
-4655
-5349
-6044
-6456
-6369
-6093
-5728
-5123
-4166
-3183
-2414
-1823
-1474
-1556
-2013
-2759
-3637
-4537
-5294
-5832
-6258
-6384
-6250
-5655
-4895
-4074
-3204
-2536
-1976
-1687
-1891
-2266
-2576
-2961
-3499
-4098
-4481
-4640
-4665
-4334
-3602
-2850
-2219
-1621
-1166
-671
-204
-54
-56
-97
-453
-815
-930
-787
-577
-359
-119
196
679
1077
1406
1629
1783
1794
1939
1963
1988
1949
1779
1871
2047
2187
2295
2413
2496
2420
2386
2204
2053
1765
1677
1553
1251
1303
1388
1420
1476
1553
1613
1648
1810
1837
1919
1718
1271
617
-210
-793
-1054
-899
-261
792
1821
2629
3211
3261
2706
1696
596
-557
-1611
-2524
-3043
-3132
-2644
-1613
-156
1526
2809
3522
3645
3373
2698
1351
15
-1256
-2618
-3756
-4415
-4399
-3804
-2820
-1571
-314
799
1632
2063
2066
1682
1180
423
-572
-1581
-2355
-2668
-2699
-2429
-1724
-794
152
1018
1677
1953
2082
2221
1821
1006
243
-416
-962
-1433
-1573
-1592
-1314
-759
-115
440
822
1090
1200
1209
1109
733
197
-325
-684
-864
-911
-910
-819
-714
-505
-412
-553
-578
-663
-936
-1329
-1651
-1944
-2220
-2349
-2363
-2276
-2155
-2045
-1713
-1519
-1377
-1501
-1606
-1420
-1455
-1641
-2051
-2660
-3357
-4169
-5035
-5829
-6524
-7055
-7216
-6985
-6648
-6173
-5400
-4539
-3794
-3147
-2660
-2360
-2463
-3041
-3762
-4618
-5452
-6010
-6267
-6258
-5739
-4983
-4112
-3182
-2235
-1376
-756
-359
-9
-41
-438
-825
-1314
-1823
-2109
-2203
-2048
-1545
-1085
-449
383
1083
1750
2224
2487
2570
2549
2443
2423
2347
2356
2240
2262
2442
2622
2870
3111
3614
4018
4143
4226
4188
4149
4017
3975
3873
3779
3697
3698
3743
3728
3723
3557
3348
3240
3160
2973
2694
2372
2255
2337
2295
2046
1983
2268
2401
2354
2359
2308
2146
2139
2143
1792
1188
383
21
224
636
1577
2987
4359
5534
6105
6104
5564
4715
3650
2308
947
-101
-817
-1219
-972
-183
1063
2508
3642
4588
5158
5123
4603
3617
2535
1269
126
-827
-1637
-1882
-1549
-639
522
1504
2314
2971
3466
3712
3512
2829
1902
875
-329
-1271
-1721
-1916
-1775
-1273
-507
313
1048
1816
2276
2329
2046
1597
1035
353
-348
-1032
-1545
-1927
-2098
-1847
-1415
-984
-560
-237
23
192
192
-205
-736
-1165
-1492
-1816
-2079
-2112
-2006
-1737
-1449
-1249
-1045
-878
-646
-433
-441
-665
-1022
-1381
-1675
-1889
-1894
-1834
-1555
-1236
-999
-682
-641
-622
-612
-397
-279
-408
-587
-1035
-1635
-2438
-3205
-3977
-4866
-5415
-5625
-5572
-5368
-5069
-4537
-3542
-2630
-1870
-1317
-1021
-962
-1391
-2104
-2942
-3743
-4457
-4817
-5008
-4932
-4397
-3680
-2797
-1916
-1206
-747
-314
-14
-60
-403
-929
-1507
-1964
-2285
-2628
-2601
-2158
-1642
-1251
-594
195
761
1391
1807
1904
1928
1812
1646
1405
1292
1200
1309
1507
1721
2143
2582
2711
2862
3140
3382
3361
3263
3419
3525
3348
3178
3038
3022
3061
3108
3047
3134
3223
3003
2914
2790
2598
2536
2242
2052
2044
2023
2043
2045
2143
2235
2434
2538
2535
2638
2717
2344
1650
1084
792
538
672
1448
2893
4354
5465
6159
6534
6200
5269
4017
2649
1315
190
-776
-1276
-1327
-860
194
1553
2929
4074
4625
4670
4305
3512
2393
1211
36
-1316
-2338
-2611
-2306
-1584
-706
257
1269
1964
2605
2981
2748
2030
1097
229
-804
-1641
-2300
-2684
-2555
-2084
-1307
-447
257
1026
1538
1728
1656
1279
803
40
-744
-1401
-1928
-2191
-2394
-2246
-1806
-1346
-905
-396
104
431
352
70
-359
-804
-1222
-1554
-1813
-1943
-1758
-1329
-961
-812
-603
-370
-247
-350
-345
-382
-647
-938
-1168
-1288
-1446
-1610
-1502
-1109
-750
-746
-782
-562
-244
-169
-254
-322
-355
-529
-1096
-1966
-3034
-3891
-4597
-5332
-5808
-5964
-5809
-5387
-4775
-3975
-3095
-2314
-1542
-1200
-1275
-1659
-2113
-2806
-3623
-4500
-5156
-5358
-5226
-4803
-4208
-3332
-2350
-1649
-942
-285
86
123
-162
-628
-1112
-1657
-2051
-2280
-2304
-2028
-1692
-1090
-366
359
967
1510
1959
2098
2112
2122
2135
2028
1870
1891
1945
2124
2430
2623
2769
3276
3648
3800
3964
4036
4155
4182
4112
4089
4005
3800
3637
3625
3671
3717
3649
3541
3630
3522
3239
3097
3039
2874
2771
2934
2870
2682
2572
2581
2744
2766
2638
2576
2532
2594
2488
2265
1660
859
467
768
1571
2685
3923
5181
6107
6640
6511
5857
4780
3492
2113
768
-285
-766
-918
-659
320
1542
2863
4199
5034
5244
4905
4084
3081
2079
798
-586
-1475
-1789
-1727
-1341
-526
478
1537
2361
2797
3121
3220
2874
2187
1299
265
-692
-1527
-1980
-2036
-1630
-738
193
841
1463
2077
2370
2284
2021
1602
1098
362
-420
-1065
-1600
-1731
-1652
-1310
-918
-427
58
455
652
536
169
-101
-442
-785
-1170
-1316
-1185
-1225
-1228
-936
-619
-332
-51
61
58
-3
-125
-191
-354
-499
-748
-1103
-1191
-873
-580
-462
-191
2
60
222
332
430
465
312
98
-309
-981
-1912
-2931
-3687
-4218
-4721
-5048
-5065
-4951
-4500
-3659
-2740
-1866
-1188
-626
-339
-589
-1261
-2092
-2883
-3502
-4116
-4413
-4387
-4119
-3611
-2901
-2040
-1260
-374
270
628
684
480
268
-247
-629
-1017
-1367
-1563
-1532
-1063
-572
-59
622
1184
1654
2025
2157
2222
1960
1455
1138
1115
1112
1111
1503
2052
2521
2777
2799
2617
2103
1523
1034
578
260
161
405
1037
1608
2335
3244
3751
3727
3500
3040
2090
1101
423
-154
-258
79
787
1849
3136
4299
5393
6233
6654
6549
6071
5496
4623
3825
3206
2534
2173
2284
2573
3332
4902
6701
8275
9318
9791
9722
8993
7723
6133
4491
3008
1701
637
325
584
1144
2246
3594
4753
5440
5670
5479
4960
3930
2836
1671
447
-729
-1366
-1592
-1436
-1072
-430
616
1322
1828
2304
2552
2373
1784
920
96
-950
-1990
-2730
-3026
-3036
-2856
-2319
-1651
-899
-111
433
812
856
537
-78
-822
-1387
-1906
-2363
-2667
-2559
-2159
-1631
-987
-385
345
965
1145
1182
1031
641
239
-8
117
471
547
491
572
946
1265
1825
2253
2437
2381
2135
2102
2031
1783
1423
1141
1076
1087
1006
992
1112
1329
1680
1802
1691
1632
1621
1662
1641
1339
753
49
-832
-1673
-2612
-3335
-3825
-4141
-4170
-3934
-3531
-3059
-2321
-1458
-885
-668
-473
-634
-1108
-1744
-2414
-3256
-3971
-4518
-4861
-4741
-4365
-3890
-3018
-2018
-1187
-622
-390
-301
-416
-798
-1455
-2147
-2741
-3070
-3366
-3475
-3342
-2826
-2046
-1622
-1233
-577
21
500
694
750
558
137
-501
-1105
-1627
-1861
-1668
-1220
-811
-322
504
1089
1601
2052
2121
1927
1603
970
283
-293
-706
-848
-699
-407
86
720
1219
1599
1686
1501
1258
829
137
-757
-1569
-2108
-2262
-2223
-2054
-1737
-1277
-902
-521
-427
-637
-1054
-1726
-2750
-3959
-5004
-5249
-4448
-2988
-1409
129
1294
1926
1753
959
-211
-1613
-3446
-5472
-6868
-7522
-7684
-6990
-5653
-3811
-2095
-785
143
700
673
-66
-1177
-2609
-4058
-5323
-6283
-6648
-6446
-5658
-4485
-3210
-1730
-477
389
676
575
182
-528
-1496
-2531
-3450
-3999
-4186
-4019
-3454
-2631
-1847
-891
92
840
1260
1356
1125
571
-81
-633
-1318
-1847
-2081
-2186
-1989
-1447
-920
-442
-18
279
605
731
626
319
-38
-492
-863
-1147
-1319
-1285
-1042
-776
-449
-142
100
307
353
277
240
106
-134
-455
-656
-864
-901
-810
-502
-84
283
461
447
571
911
1164
1070
957
585
201
-208
-871
-1756
-2497
-2994
-3253
-3287
-3080
-2698
-1980
-1091
-111
884
1602
2014
2136
1880
1282
562
-10
-515
-957
-1069
-796
-340
243
1060
2011
2900
3597
3940
4043
4139
3906
3417
2832
2301
1875
1463
1336
1573
1961
2410
2951
3440
3847
4195
4371
4421
4302
3847
3397
3252
3159
3020
2809
2691
2736
3030
3284
3520
3614
3624
3809
3929
3921
3752
3554
3349
3226
3084
3078
3142
3262
3185
2959
2908
2900
2843
2813
2724
2379
2092
1893
1785
1669
1610
1750
2071
2197
2108
2040
2101
2106
1963
1861
1579
1131
540
106
220
1079
2357
3786
5108
6144
6647
6527
5758
4791
3738
2540
1298
363
-229
-395
-92
878
2177
3605
4885
5800
6184
5952
5228
4219
3073
1836
809
-63
-674
-712
-134
721
1706
2794
3661
4126
4436
4375
3909
3235
2404
1632
889
-76
-675
-710
-246
524
1381
2110
2772
3370
3797
3701
3333
2891
2407
1698
849
44
-353
-307
-29
293
590
1053
1481
1718
2031
2260
2168
1886
1584
1127
808
563
370
319
429
748
1142
1565
1848
2084
2028
1920
1879
1713
1489
1253
1237
1271
1208
1261
1496
1757
2057
2293
2334
2484
2650
2832
2883
2687
2575
2109
1480
738
-206
-1067
-1664
-2060
-2261
-2131
-1729
-1080
-428
217
1047
1813
2347
2287
1975
1684
989
160
-526
-1102
-1236
-1358
-1375
-906
46
1067
1935
2588
3048
3346
3302
2879
2289
1721
1176
432
-205
-427
-314
-48
396
918
1511
1962
2289
2366
2157
1978
1729
1435
1135
908
626
403
400
514
627
741
1134
1460
1617
1785
1797
1574
1354
1313
1308
1291
1157
937
891
861
953
1005
964
761
694
712
640
334
-115
-383
-572
-617
-564
-393
-318
-559
-513
-332
-164
-182
-258
-384
-636
-1323
-2102
-2472
-2316
-1663
-672
650
2075
3327
4239
4363
3742
2621
1316
-173
-1567
-2696
-3460
-3699
-3431
-2699
-1521
-151
1253
2327
2716
2749
2324
1501
331
-1146
-2573
-3651
-4458
-4646
-4205
-3254
-2194
-1085
-136
632
1174
1256
1067
497
-344
-1461
-2512
-3393
-3847
-3939
-3692
-3063
-2297
-1388
-600
169
804
1047
875
498
-9
-634
-1472
-2155
-2681
-3075
-3217
-2680
-2048
-1559
-993
-513
-225
-138
-333
-501
-712
-1121
-1478
-1780
-1971
-1977
-1824
-1505
-1179
-767
-420
-88
154
100
-151
-242
-363
-609
-858
-876
-706
-546
-379
-194
51
332
612
752
881
983
1019
1027
903
489
-8
-654
-1555
-2536
-3188
-3634
-3895
-3892
-3592
-3195
-2621
-1613
-561
171
640
988
1110
679
50
-531
-1384
-2139
-2538
-2636
-2417
-1694
-909
-176
601
1361
1901
2225
2358
2231
1925
1388
640
52
-375
-626
-656
-609
-272
268
785
1380
1872
2197
2285
2248
2106
1757
1599
1394
1021
764
631
690
872
1225
1386
1615
1981
2152
2151
2162
2071
1804
1610
1636
1563
1427
1455
1546
1657
1649
1475
1439
1453
1591
1473
1065
836
778
696
570
404
265
391
614
705
782
847
884
924
993
784
519
196
119
618
1375
