-4841
-4537
-4296
-3975
-3867
-3921
-3999
-4179
-4378
-4588
-4910
-5256
-5232
-5277
-5184
-4817
-4542
-4273
-4098
-4017
-3908
-3634
-3522
-3684
-3743
-4110
-4839
-5558
-6454
-7376
-8173
-8675
-8805
-8707
-8378
-7910
-7230
-6245
-5280
-4458
-3877
-3581
-3449
-3793
-4488
-5300
-6337
-6956
-7180
-7176
-6809
-6336
-5658
-4726
-3794
-2924
-2202
-1637
-1253
-1419
-2005
-2612
-3342
-3931
-4425
-4855
-5182
-5130
-4524
-3773
-3276
-2849
-2436
-2139
-2345
-2822
-3390
-3972
-4714
-5113
-5034
-4752
-4031
-3058
-2006
-1235
-1034
-1570
-2831
-4220
-5990
-8065
-9757
-10960
-11721
-11517
-10616
-9069
-7339
-5932
-4857
-4180
-4400
-5389
-6886
-8705
-10445
-12006
-13021
-13180
-12246
-10480
-8053
-5411
-2950
-908
451
1208
1256
595
-569
-1847
-3379
-4842
-5957
-6256
-5387
-3574
-1082
1883
4541
6469
7378
7177
6237
4464
2334
-189
-2730
-5006
-6633
-7263
-6900
-5708
-3959
-1899
-170
1161
1700
1405
479
-1183
-3266
-5341
-7463
-9339
-10423
-10692
-10189
-8991
-7390
-5777
-4419
-3482
-3082
-3258
-4124
-5363
-6824
-8537
-10222
-11528
-12271
-12428
-12202
-11412
-10114
-8660
-7397
-6426
-5741
-5328
-5477
-6144
-7390
-8748
-10043
-11088
-11696
-12097
-12008
-11466
-10435
-9387
-8111
-6839
-5724
-4947
-4573
-4345
-4103
-4201
-4363
-4184
-4098
-3918
-3580
-3167
-2577
-1861
-1385
-985
-760
-662
-738
-1127
-1356
-1484
-1736
-1860
-1920
-2006
-1927
-1812
-1693
-1590
-1750
-2060
-2118
-2140
-2236
-2558
-2855
-3114
-3550
-4093
-4841
-5646
-6227
-6485
-6629
-6640
-6356
-5959
-5330
-4597
-3813
-3137
-2599
-2511
-2841
-3455
-4282
-5398
-6397
-7244
-8154
-8581
-8603
-8344
-7831
-7070
-6058
-5184
-4628
-4279
-4144
-4023
-4075
-4515
-4940
-5423
-5773
-5867
-5615
-5168
-4571
-3833
-2924
-1939
-972
-126
571
1033
1296
1592
1573
1422
1074
348
-716
-1716
-2784
-3927
-4753
-4848
-3910
-2242
-137
1863
3368
4478
5140
5229
4385
2881
986
-984
-2743
-4031
-4291
-3713
-2228
-148
1838
3666
5297
6164
6288
5727
4668
3195
1422
-183
-1253
-1708
-1531
-423
1317
3335
5331
6770
7457
7673
7643
7483
7305
7030
6930
7148
7376
7322
6961
6435
5595
4602
3707
2648
1422
371
-220
-305
-100
493
1497
2514
3461
4439
4983
5092
4450
3612
2563
1120
-218
-1242
-1872
-2297
-2406
-1975
-1247
-367
303
825
1110
1069
641
-53
-777
-1794
-2891
-3629
-4173
-4504
-4545
-4549
-4332
-4111
-3935
-3766
-3783
-3880
-3888
-3953
-4160
-4329
-4535
-4665
-4726
-4701
-4424
-4105
-3874
-3744
-3771
-3694
-3661
-3674
-3942
-4063
-4062
-4121
-4148
-4080
-3882
-3472
-2986
-2410
-1908
-1520
-1037
-742
-568
-728
-1147
-1572
-2021
-2455
-2789
-2986
-3143
-3096
-2868
-2503
-2196
-2040
-1868
-1727
-1614
-1439
-1339
-1622
-2261
-3355
-4749
-6257
-7679
-8833
-9484
-10059
-10277
-9823
-9250
-8260
-7226
-6164
-5191
-4672
-4428
-4511
-5062
-5760
-6795
-8085
-9168
-9787
-10160
-10289
-9897
-9132
-8322
-7526
-6663
-6078
-5738
-5563
-5509
-5787
-6464
-7038
-7601
-8154
-8437
-8316
-8044
-7836
-7069
-6352
-5671
-4958
-4226
-3746
-3545
-3285
-3006
-2928
-2804
-2530
-2492
-2356
-2020
-1569
-1106
-941
-662
-368
-283
-219
-82
-67
-198
-476
-649
-857
-1088
-1216
-1091
-959
-844
-606
-583
-823
-1098
-1382
-1522
-2020
-2330
-2362
-2632
-2746
-2762
-2731
-2501
-2182
-2217
-2085
-1793
-1748
-1837
-2119
-2621
-3349
-4006
-4167
-3782
-2858
-1723
-378
668
1124
1131
594
-557
-2035
-3687
-5310
-6671
-7493
-7702
-7612
-6948
-5690
-4214
-2876
-1789
-1118
-1069
-1489
-2352
-3724
-5214
-6747
-8093
-9012
-9232
-8833
-7957
-6710
-5394
-4301
-3241
-2425
-2178
-2334
-2982
-3986
-5184
-6398
-7415
-8069
-8305
-8196
-7724
-6947
-5906
-4732
-3784
-3240
-2982
-2941
-3162
-3626
-4397
-5076
-5685
-6359
-6892
-6996
-6684
-6212
-5747
-5126
-4636
-4325
-4277
-4387
-4652
-5018
-5477
-5891
-6215
-6492
-6609
-6597
-6407
-6099
-5722
-5476
-5457
-5278
-5283
-5373
-5544
-5821
-6137
-6469
-6686
-6750
-6801
-6677
-6356
-5956
-5571
-5184
-4964
-4738
-4710
-4793
-4975
-5260
-5574
-6323
-7400
-8538
-9338
-10016
-10480
-10762
-10812
-10566
-9877
-8838
-7790
-6842
-6082
-5493
-5233
-5382
-5731
-6384
-7260
-8084
-8837
-9454
-9743
-9608
-8993
-8191
-7213
-6073
-4919
-4284
-3809
-3443
-3299
-3480
-3828
-4373
-5050
-5416
-5659
-5757
-5349
-4900
-4257
-3513
-2892
-2244
-1644
-1180
-904
-770
-714
-755
-888
-964
-1066
-988
-790
-693
-395
61
323
599
966
1336
1515
1532
1547
1571
1444
1228
972
896
1012
1179
1139
1072
874
607
706
743
505
187
-96
-263
-283
-333
-321
-115
56
224
261
323
363
363
470
304
-201
-880
-1402
-1523
-1246
-292
1242
2901
4260
4937
5109
4800
4027
2852
1461
96
-1061
-2174
-3049
-3274
-2665
-1429
-109
1264
2417
3131
3407
3237
2752
1720
213
-1185
-2287
-3250
-3713
-3610
-2995
-2261
-1178
71
1168
1833
2126
2096
1383
299
-786
-1894
-3056
-3954
-4254
-4234
-3877
-3099
-2023
-1107
-476
61
441
383
-82
-683
-1292
-1994
-2734
-3448
-3928
-4092
-3807
-3492
-3145
-2570
-1972
-1597
-1448
-1417
-1588
-2028
-2509
-2907
-3283
-3473
-3734
-3668
-3300
-2920
-2496
-2008
-1855
-1869
-1938
-2059
-2108
-2359
-2806
-3091
-3267
-3347
-3372
-3299
-2971
-2696
-2476
-2313
-2155
-1995
-2030
-1989
-1951
-2122
-2550
-3187
-3955
-4829
-5761
-6744
-7581
-8076
-8090
-7882
-7381
-6617
-5623
-4694
-3902
-3232
-3000
-3053
-3469
-4119
-4808
-5587
-6449
-7140
-7508
-7581
-7287
-6603
-5557
-4697
-3869
-2951
-2342
-2224
-2368
-2460
-2802
-3317
-3749
-4262
-4644
-4780
-4812
-4653
-4052
-3122
-2367
-1683
-1071
-738
-604
-452
-449
-591
-869
-1174
-1307
-1385
-1269
-1138
-681
-255
69
426
666
922
1108
1166
1206
1051
838
762
630
701
883
785
653
552
422
318
394
312
57
-177
-342
-523
-752
-839
-955
-934
-709
-497
-354
-497
-562
-519
-588
-824
-1248
-1920
-2518
-2826
-2676
-1959
-960
568
2106
3146
3716
3630
2934
1830
430
-1099
-2481
-3816
-4731
-4915
-4578
-3609
-2319
-1096
113
1183
1586
1504
992
-50
-1341
-2783
-4300
-5588
-6359
-6437
-5898
-4958
-3797
-2557
-1444
-667
-189
-191
-665
-1366
-2322
-3470
-4650
-5586
-6070
-6257
-6077
-5555
-4909
-3890
-2955
-2204
-1654
-1299
-1457
-2178
-3114
-4014
-4603
-5331
-5828
-6046
-5950
-5503
-5212
-4767
-4234
-3721
-3429
-3428
-3459
-3604
-3948
-4502
-4965
-5123
-5204
-5293
-5274
-5081
-4665
-4182
-3956
-3872
-3718
-3773
-3977
-4138
-4369
-4794
-4987
-4971
-4901
-4916
-4946
-4657
-4177
-4003
-3973
-3871
-3651
-3484
-3616
-3798
-4097
-4675
-5557
-6439
-7279
-8105
-8820
-9388
-9650
-9592
-9230
-8587
-7640
-6654
-5760
-5007
-4499
-4392
-4735
-5268
-5839
-6668
-7618
-8607
-9199
-9211
-8789
-8222
-7435
-6385
-5235
-4227
-3482
-3114
-3076
-3253
-3685
-4169
-4580
-4868
-5109
-5185
-5244
-5069
-4438
-3838
-3141
-2329
-1750
-1195
-877
-658
-686
-801
-891
-1057
-1035
-999
-928
-825
-652
-290
201
681
993
1338
1529
1720
1768
1693
1666
1654
1622
1536
1510
1395
1359
1465
1557
1492
1335
1184
1124
888
664
489
267
254
227
288
345
432
663
835
953
882
778
640
123
-583
-1336
-1865
-2265
-2164
-1459
-263
1115
2406
3220
3387
2989
2369
1572
557
-581
-1627
-2397
-2601
-2402
-1827
-782
583
1833
2667
2992
2883
2359
1430
318
-798
-1920
-2951
-3651
-3756
-3256
-2294
-1172
-74
937
1735
2173
2159
1975
1493
556
-508
-1540
-2344
-2926
-3008
-2613
-2001
-1204
-418
452
1163
1653
1814
1713
1214
496
-223
-1065
-1898
-2365
-2515
-2274
-2086
-1781
-1300
-728
-48
299
251
251
54
-578
-1171
-1710
-2067
-2358
-2690
-2776
-2622
-2347
-2220
-2050
-1893
-1823
-1785
-1815
-1919
-2248
-2715
-3030
-3105
-3133
-3052
-3016
-2971
-2871
-2801
-2562
-2486
-2414
-2202
-2263
-2537
-2638
-2824
-3427
-4403
-5349
-6303
-7032
-7496
-7724
-7631
-7529
-7136
-6311
-5472
-4663
-3824
-3127
-2774
-2904
-3337
-3938
-4712
-5452
-6131
-6585
-6883
-6784
-6250
-5491
-4624
-3656
-2610
-1706
-1299
-1161
-1117
-1318
-1885
-2456
-2948
-3344
-3573
-3483
-3309
-2962
-2356
-1682
-1020
-250
249
508
626
744
825
596
425
279
66
2
110
359
692
971
1214
1568
1934
2174
2162
2064
2044
1941
1715
1577
1589
1600
1398
1270
1374
1434
1348
1305
1135
777
501
420
216
162
36
-156
-222
-1
124
161
352
426
332
175
229
93
-274
-715
-758
-416
461
1598
3019
4473
5656
6207
6129
5497
4271
2498
438
-1404
-2940
-4225
-4983
-4743
-3663
-2110
-300
1644
3293
4320
4492
4165
3383
2144
463
-1437
-3076
-4372
-5221
-5333
-4484
-3439
-2422
-1259
-1
976
1448
1437
880
-113
-1346
-2809
-4160
-5081
-5610
-5786
-5497
-4866
-3917
-2742
-1704
-996
-593
-409
-475
-1006
-1770
-2549
-3453
-4147
-4757
-5069
-5056
-4730
-4330
-4082
-3750
-3432
-3052
-2958
-3102
-3354
-3649
-3810
-3892
-4030
-4184
-4236
-3784
-3337
-2973
-2460
-2150
-2149
-2281
-2314
-2368
-2453
-2796
-3185
-3250
-3303
-3248
-3194
-2830
-2262
-1968
-1758
-1385
-1119
-1122
-1293
-1337
-1521
-1905
-2648
-3569
-4356
-5199
-6207
-6870
-7302
-7516
-7152
-6457
-5540
-4667
-3837
-3057
-2385
-1920
-1938
-2495
-3327
-4138
-5002
-5796
-6545
-6926
-6978
-6584
-5925
-5134
-4323
-3627
-2684
-1989
-1733
-1790
-2155
-2624
-3166
-3670
-4138
-4578
-4899
-4647
-4040
-3489
-2934
-2149
-1266
-723
-261
51
86
-100
-253
-302
-475
-651
-630
-463
-342
64
420
938
1353
1695
1974
2047
2125
2110
1977
1889
1852
1861
1945
1983
2044
1891
1774
1877
1857
1659
1477
1259
1334
1316
1313
1281
1094
950
1021
1271
1232
1174
1275
1473
1636
1506
1243
936
384
-429
-1129
-1158
-718
198
1387
2483
3486
3977
3969
3376
2386
1199
-22
-1154
-2129
-2746
-2940
-2604
-1613
-116
1421
2587
3414
3654
3542
3158
2150
775
-728
-2294
-3462
-4002
-3914
-3510
-2676
-1407
-233
860
1838
2333
2400
2139
1595
764
-389
-1583
-2495
-2827
-2828
-2491
-1811
-1104
-419
350
1207
1727
1963
1992
1670
888
-78
-760
-1404
-1838
-2023
-2150
-1844
-1188
-519
-33
399
634
772
675
474
57
-447
-808
-1022
-1203
-1337
-1243
-1002
-743
-603
-673
-677
-501
-391
-433
-809
-1259
-1670
-1971
-2073
-2082
-1870
-1577
-1483
-1280
-1154
-1176
-1123
-1020
-1043
-953
-1047
-1582
-2143
-2732
-3471
-4324
-5243
-6036
-6599
-6851
-6765
-6261
-5508
-4737
-3977
-3230
-2519
-1999
-1803
-1782
-2074
-2822
-3874
-4711
-5424
-5820
-5975
-5755
-4921
-3776
-2710
-1897
-1089
-400
173
411
235
-189
-689
-1229
-1559
-1695
-2072
-2308
-1854
-1248
-622
-31
903
1722
2087
2287
2546
2661
2617
2387
2276
2074
1887
2008
2159
2419
2750
2963
3150
3599
3799
3841
4040
4151
4059
3973
3866
3758
3697
3753
3657
3437
3343
3320
3332
3324
3273
3071
2790
2648
2512
2264
2129
2083
2131
2149
2208
2318
2255
2178
2108
2185
2235
1908
1407
913
263
76
772
2013
3381
4793
5998
6720
6563
5923
5042
3933
2476
1031
-56
-895
-1297
-1206
-417
880
2244
3476
4441
5164
5351
4719
3934
2915
1525
138
-1127
-1932
-2157
-1735
-944
-4
947
1884
2671
3313
3406
3051
2375
1406
412
-538
-1416
-2052
-2306
-2001
-1655
-1003
-17
857
1390
1810
2074
2027
1561
827
90
-561
-1333
-1873
-2236
-2417
-2097
-1663
-1153
-619
-222
-53
60
-106
-328
-769
-1363
-1849
-2127
-2164
-2055
-1845
-1538
-1352
-1181
-936
-900
-888
-872
-834
-953
-1189
-1465
-1743
-1989
-2062
-1894
-1612
-1403
-1325
-1077
-803
-756
-782
-720
-707
-655
-793
-1086
-1620
-2588
-3657
-4570
-5287
-5763
-5970
-6135
-6056
-5590
-4772
-3913
-3100
-2272
-1623
-1341
-1360
-1707
-2371
-3215
-3993
-4813
-5560
-5844
-5602
-5108
-4330
-3400
-2453
-1633
-1058
-575
-230
-326
-758
-1273
-1898
-2408
-2720
-2975
-3061
-2957
-2526
-1918
-1237
-537
298
867
1181
1247
1239
1274
1103
947
798
739
939
1021
1158
1489
1855
2036
2255
2475
2752
3090
3099
3159
3205
3043
2677
2550
2587
2685
2596
2607
2715
2615
2472
2476
2380
2203
1991
1879
1839
1759
1788
1783
1803
1792
1828
1808
1748
1824
1943
1943
1587
1161
728
240
-33
266
1161
2542
3905
4994
5811
6131
5807
5050
3876
2593
1164
-16
-973
-1715
-1882
-1340
-259
1091
2486
3622
4361
4701
4489
3763
2528
1085
-250
-1449
-2424
-2815
-2581
-2032
-1097
-56
917
1653
2128
2436
2408
2127
1316
261
-685
-1707
-2350
-2555
-2429
-2201
-1752
-997
-61
769
1301
1384
1423
1319
931
196
-680
-1507
-2062
-2437
-2530
-2499
-2274
-1851
-1253
-781
-482
-186
-137
-352
-677
-1127
-1388
-1593
-1703
-1817
-1907
-1805
-1607
-1259
-870
-626
-414
-426
-473
-588
-696
-1142
-1470
-1624
-1639
-1813
-1809
-1686
-1422
-1018
-740
-589
-431
-263
-263
-383
-633
-905
-1520
-2350
-3331
-4211
-5018
-5877
-6501
-6536
-6262
-5656
-4885
-4012
-3025
-2111
-1509
-1150
-1127
-1537
-2085
-2816
-3573
-4431
-5055
-5297
-5246
-4913
-4384
-3606
-2643
-1460
-585
-96
146
59
-171
-472
-854
-1405
-1899
-2173
-2081
-1927
-1628
-1132
-504
215
841
1334
1824
2326
2506
2499
2338
2126
1972
1876
1817
1923
2154
2490
2785
3162
3522
3794
3915
3946
4035
4068
3990
3798
3798
3843
3763
3586
3551
3650
3662
3497
3264
3357
3411
3164
2887
2745
2556
2345
2302
2358
2351
2545
2858
2829
2609
2577
2634
2825
2760
2325
1696
1120
764
913
1598
2697
4135
5513
6587
6930
6647
5998
5004
3695
2338
1009
-195
-890
-996
-643
233
1408
2722
3924
4780
5449
5452
4568
3473
2222
1149
-13
-1218
-1959
-1961
-1478
-693
405
1456
2363
2996
3327
3559
3369
2668
1695
519
-577
-1353
-1782
-1785
-1572
-1175
-394
648
1546
2157
2561
2621
2429
1841
1132
564
-182
-965
-1542
-1694
-1538
-1400
-1085
-742
-238
266
551
718
653
373
-40
-503
-1020
-1275
-1313
-1345
-1255
-927
-615
-191
-15
93
201
354
267
-82
-470
-769
-895
-921
-952
-935
-812
-503
-244
-3
-90
-164
-66
-26
121
171
20
-508
-1311
-2188
-3123
-4077
-4988
-5536
-5678
-5546
-5174
-4533
-3755
-2822
-1987
-1243
-772
-740
-850
-1224
-1834
-2640
-3548
-4518
-4939
-4964
-4778
-4311
-3353
-2411
-1608
-733
-126
365
503
309
-48
-542
-917
-1326
-1637
-1819
-1736
-1569
-1132
-537
218
895
1440
1902
2100
2113
1891
1647
1360
1110
1046
1133
1349
1619
2069
2387
2273
2276
2311
1771
1131
654
308
151
396
891
1751
2687
3383
3773
4108
3872
3278
2447
1540
866
216
-59
180
829
1765
3181
4429
5433
6169
6524
6529
6292
5656
4750
3887
3221
2676
2417
2375
2678
3529
5010
6897
8352
9356
10030
10094
9308
8112
6613
4906
3198
1721
815
569
714
1374
2348
3533
4763
5543
5885
5815
5321
4505
3512
2269
999
-258
-1289
-1866
-1912
-1459
-640
341
1269
2082
2600
2821
2597
1983
1218
317
-854
-1830
-2526
-3077
-3241
-3055
-2567
-1886
-1075
-239
343
652
762
512
72
-542
-1154
-1561
-2144
-2494
-2429
-2175
-1757
-1157
-614
-96
529
1047
1308
1283
913
615
387
95
54
166
221
593
907
1240
1614
1921
2050
2015
1977
1829
1536
1264
1069
810
590
499
598
666
827
1146
1225
1317
1257
1151
1110
1028
951
700
342
-460
-1379
-2230
-2943
-3779
-4592
-5103
-5143
-4945
-4568
-4030
-3195
-2327
-1595
-1202
-929
-925
-1204
-1968
-2898
-3753
-4586
-5228
-5544
-5455
-5185
-4602
-3712
-2935
-2151
-1417
-1004
-931
-1205
-1484
-1915
-2546
-3286
-3846
-4256
-4433
-4166
-3716
-3077
-2373
-1730
-1092
-420
-120
183
256
-3
-416
-935
-1624
-2201
-2368
-2411
-2251
-1896
-1114
-187
405
1002
1469
1477
1199
915
401
-283
-933
-1301
-1492
-1457
-1274
-709
-171
251
661
891
698
371
-167
-817
-1718
-2617
-3205
-3483
-3534
-3193
-2503
-1900
-1515
-1237
-992
-1088
-1659
-2620
-3920
-5228
-5977
-5939
-5136
-3827
-2156
-472
823
1342
1247
480
-741
-2288
-4033
-5816
-7318
-8228
-8389
-7830
-6602
-4872
-3123
-1519
-327
429
669
-75
-1350
-2803
-4294
-5716
-6849
-7342
-7251
-6606
-5472
-4003
-2296
-1103
-377
36
110
-93
-811
-1733
-2900
-3982
-4729
-5123
-4938
-4388
-3601
-2580
-1385
-267
552
963
1100
1017
553
13
-545
-1376
-2156
-2581
-2814
-2515
-2018
-1455
-863
-275
103
363
471
365
73
-320
-797
-1148
-1388
-1520
-1593
-1407
-1132
-894
-450
-99
83
172
126
85
-44
-387
-864
-1173
-1290
-1076
-800
-524
-138
189
287
439
653
750
779
904
793
585
-14
-681
-1518
-2361
-2931
-3470
-3888
-3804
-3309
-2668
-1982
-1161
-195
853
1602
2029
2176
1848
1426
831
254
-428
-897
-986
-842
-491
138
921
1859
2832
3726
4278
4411
4362
4001
3457
2926
2434
1984
1600
1356
1342
1660
2272
2760
3292
3880
4249
4403
4323
4170
3929
3784
3533
3234
3131
2890
2546
2515
2757
3039
3261
3425
3712
3902
3800
3683
3700
3602
3455
3140
2941
2887
2937
2888
2794
2863
2851
2824
2797
2728
2529
2211
2098
2025
1927
1798
1845
1818
1931
2063
2069
2093
2021
2165
2275
2113
1596
869
309
-144
-185
503
1530
2885
4188
5152
5801
5890
5284
4347
3453
2513
1441
481
-173
-392
124
1274
2504
3700
4830
5638
5815
5574
5081
4237
3169
2011
872
55
-373
-313
156
1023
2103
3178
4138
4857
5271
5172
4759
4044
3121
2176
1279
650
138
-92
321
914
1742
2697
3400
3897
4182
4187
3981
3586
3022
2260
1514
843
512
439
590
955
1378
1924
2377
2744
2918
2977
2877
2654
2246
1707
1238
919
712
616
530
656
954
1335
1772
2108
2259
2092
1833
1610
1377
1260
1121
936
831
996
1197
1476
1638
1836
2018
2029
2216
2228
2281
2252
2056
1544
959
341
-681
-1591
-2202
-2670
-2741
-2535
-2284
-1650
-869
-15
816
1523
1941
2035
1789
1346
741
66
-674
-1162
-1530
-1810
-1674
-901
70
882
1693
2403
3022
3271
3211
3049
2489
1771
1135
561
165
-285
-431
-288
14
487
1148
1589
1955
2305
2447
2238
2161
1875
1583
1118
854
682
319
226
391
588
917
1235
1522
1555
1395
1390
1500
1338
1037
848
799
602
572
576
502
423
394
335
190
186
215
-50
-375
-611
-742
-788
-758
-628
-573
-645
-692
-597
-644
-598
-473
-617
-876
-1267
-1789
-2018
-1788
-1044
110
1647
3286
4484
4969
4806
3970
2758
1261
-467
-2160
-3713
-4681
-5089
-4813
-3680
-2120
-427
1136
2397
3140
3393
3142
2265
823
-957
-2617
-3897
-4765
-5069
-4948
-4184
-3005
-1761
-553
396
1102
1423
1267
659
-265
-1436
-2744
-3767
-4553
-4973
-4933
-4410
-3578
-2600
-1628
-917
-326
-15
-17
-270
-625
-1252
-1977
-2663
-3287
-3709
-3887
-3831
-3517
-2789
-2174
-1621
-1149
-1052
-1069
-1256
-1536
-1630
-1999
-2187
-2181
-2247
-2124
-1913
-1437
-898
-573
-420
-271
-322
-603
-762
-797
-1009
-1154
-1329
-1274
-1187
-980
-640
-201
181
485
817
1006
1047
1079
919
686
300
-217
-1023
-1835
-2610
-3418
-3963
-4290
-4251
-3810
-3168
-2411
-1483
-583
164
685
856
825
429
-104
-798
-1592
-2290
-2713
-2972
-2926
-2542
-1908
-968
87
807
1440
2005
2130
1878
1450
873
299
-308
-950
-1447
-1620
-1541
-1062
-522
41
461
777
1223
1488
1521
1347
1106
793
502
247
64
155
125
35
201
572
994
1210
1404
1589
1640
1642
1536
1347
1071
894
924
951
993
1183
1198
1257
1384
1355
994
643
658
587
396
170
250
322
132
-10
277
736
914
842
733
800
750
651
357
-152
-457
-558
-145
