-5265
-4810
-4358
-3991
-3917
-4070
-4064
-3957
-4199
-4540
-4841
-4954
-5004
-4884
-4703
-4583
-4369
-4155
-3919
-3861
-3799
-3554
-3413
-3340
-3496
-3878
-4395
-5364
-6395
-7140
-7899
-8541
-8930
-8914
-8455
-7745
-6968
-6185
-5350
-4513
-3682
-3406
-3426
-3832
-4556
-5321
-6099
-6780
-7250
-7211
-6829
-6369
-5422
-4532
-3837
-2915
-2030
-1517
-1581
-2027
-2465
-2944
-3676
-4458
-5072
-5347
-5242
-4923
-4629
-4105
-3289
-2593
-2366
-2404
-2415
-2773
-3396
-4230
-5017
-5337
-5235
-4962
-4293
-3306
-2081
-1079
-941
-1509
-2566
-4133
-5890
-7904
-9879
-11382
-11977
-11647
-10620
-9139
-7449
-5977
-4997
-4491
-4711
-5522
-7057
-8742
-10406
-12006
-12923
-13092
-12488
-10932
-8539
-5804
-3130
-857
596
1302
1153
351
-842
-2217
-3741
-5263
-6448
-6749
-5846
-3993
-1439
1389
4141
6251
7250
7167
6113
4375
2154
-283
-2621
-4650
-6249
-7087
-6719
-5255
-3393
-1429
167
1137
1420
1058
-67
-1722
-3848
-6110
-8144
-9727
-10532
-10602
-9970
-8705
-7050
-5588
-4348
-3423
-3351
-3740
-4344
-5489
-7163
-9037
-10554
-11655
-12324
-12564
-12143
-11171
-9887
-8349
-7049
-5984
-5397
-5399
-5713
-6468
-7563
-8811
-10072
-11179
-11896
-12312
-12056
-11337
-10404
-9301
-7969
-6792
-5767
-4961
-4518
-4159
-4016
-4215
-4539
-4543
-4433
-4100
-3689
-3156
-2490
-2035
-1646
-1111
-728
-644
-699
-977
-1210
-1479
-1686
-1828
-1939
-2029
-2065
-1934
-1827
-1815
-1905
-2059
-2323
-2430
-2386
-2553
-2795
-3280
-3779
-4359
-4824
-5397
-5999
-6349
-6583
-6526
-6327
-6011
-5367
-4659
-3872
-3135
-2629
-2676
-3118
-3645
-4296
-5274
-6318
-7178
-7914
-8389
-8316
-8071
-7618
-6880
-5987
-5115
-4519
-4231
-4271
-4275
-4326
-4649
-5198
-5763
-5904
-5785
-5633
-5160
-4411
-3637
-2849
-1914
-936
-38
524
907
1124
1412
1618
1597
1331
593
-470
-1490
-2615
-3756
-4426
-4308
-3478
-2027
131
2197
3674
4657
5219
5400
4604
3012
1166
-726
-2460
-3622
-3897
-3252
-1774
78
2048
4107
5739
6568
6607
5910
4669
3185
1540
121
-819
-1441
-1373
-93
1803
3949
5665
6753
7414
7621
7496
7375
7247
7231
7295
7434
7560
7439
7083
6771
6181
5182
4029
2876
1814
798
127
-89
359
1084
2040
3091
3975
4689
5115
5009
4361
3540
2412
1147
-177
-1257
-1939
-2024
-1821
-1401
-775
-63
533
889
1257
1316
1009
366
-620
-1626
-2604
-3361
-3917
-4255
-4319
-4235
-4124
-3861
-3447
-3280
-3312
-3524
-3703
-3871
-4037
-4375
-4657
-4759
-4859
-4901
-4557
-4131
-3789
-3617
-3310
-3057
-3104
-3222
-3577
-3803
-3969
-4238
-4165
-3942
-3734
-3361
-2950
-2407
-1926
-1520
-1010
-835
-706
-818
-1174
-1499
-1765
-2257
-2687
-2896
-2754
-2578
-2457
-2312
-2266
-2124
-1844
-1407
-1160
-1110
-1214
-1683
-2634
-3794
-4983
-6201
-7518
-8625
-9515
-10132
-10193
-9852
-9279
-8429
-7186
-6098
-5319
-4834
-4538
-4698
-5277
-5915
-6763
-7861
-8895
-9504
-9895
-9890
-9586
-8861
-8083
-7552
-6931
-6397
-5902
-5667
-5796
-6153
-6627
-7263
-7913
-8373
-8490
-8409
-8298
-7964
-7256
-6392
-5636
-5183
-4746
-4211
-3693
-3273
-3167
-3243
-3256
-3212
-2973
-2602
-2300
-1947
-1566
-1114
-785
-521
-355
-437
-552
-678
-889
-1101
-1383
-1463
-1472
-1638
-1662
-1518
-1344
-1280
-1370
-1554
-1745
-1932
-2250
-2498
-2653
-2684
-2840
-3185
-3359
-3187
-2847
-2660
-2645
-2469
-2398
-2452
-2519
-2733
-3175
-3924
-4451
-4498
-4229
-3489
-2155
-721
263
598
587
107
-1072
-2565
-4240
-5742
-7097
-7887
-8048
-7940
-7177
-5813
-4234
-2816
-1987
-1546
-1572
-2181
-3147
-4415
-5923
-7467
-8558
-9303
-9396
-8875
-7996
-6768
-5571
-4383
-3277
-2533
-2391
-2681
-3370
-4385
-5644
-6896
-7789
-8296
-8468
-8139
-7577
-6842
-5941
-5021
-4155
-3420
-3113
-3107
-3412
-4062
-5028
-5879
-6535
-6964
-7051
-7017
-6661
-6238
-5976
-5528
-4879
-4498
-4443
-4615
-4825
-5262
-5826
-6217
-6476
-6548
-6599
-6535
-6555
-6480
-6315
-6129
-5689
-5439
-5559
-5736
-6106
-6381
-6530
-6557
-6530
-6629
-6741
-6736
-6415
-5937
-5656
-5521
-5236
-4942
-4822
-4950
-5014
-5281
-5900
-6728
-7490
-8364
-9116
-9802
-10418
-10712
-11004
-10952
-10348
-9353
-8224
-7091
-6194
-5585
-5320
-5335
-5790
-6725
-7746
-8469
-9130
-9582
-9607
-9483
-8931
-8002
-6781
-5568
-4602
-3969
-3451
-3307
-3465
-3743
-4262
-4807
-5308
-5515
-5635
-5719
-5510
-4972
-4304
-3573
-2670
-1901
-1335
-954
-743
-821
-847
-838
-988
-962
-892
-862
-592
-249
44
290
528
829
1112
1373
1513
1473
1399
1422
1281
1125
1038
943
975
1142
1122
935
808
756
826
590
231
10
-85
-247
-374
-289
-48
142
154
56
217
458
589
579
499
301
-46
-652
-1168
-1322
-983
-45
1298
2852
4287
5185
5301
4856
3973
2739
1423
175
-1127
-2275
-2776
-2801
-2191
-984
377
1674
2506
3057
3342
3253
2550
1361
21
-1360
-2463
-3231
-3521
-3307
-2688
-1849
-664
490
1437
1993
2153
1985
1382
379
-731
-1774
-2820
-3685
-4064
-4034
-3570
-2755
-1829
-934
-158
264
502
492
104
-642
-1695
-2495
-3123
-3684
-4047
-4024
-3705
-3398
-2851
-2395
-2038
-1590
-1359
-1386
-1605
-1956
-2512
-3015
-3197
-3339
-3592
-3628
-3488
-3074
-2635
-2392
-2107
-1942
-1925
-2016
-2294
-2436
-2522
-2583
-2838
-3121
-3180
-3043
-2817
-2576
-2493
-2472
-2300
-2062
-1843
-1869
-1946
-2017
-2377
-3211
-4163
-5042
-5800
-6563
-7201
-7593
-7685
-7541
-7048
-6345
-5604
-4746
-4004
-3417
-2914
-2788
-3158
-3834
-4720
-5628
-6461
-7009
-7207
-7343
-7102
-6295
-5344
-4444
-3567
-2667
-2133
-1831
-1948
-2373
-2820
-3229
-3847
-4335
-4693
-4901
-4834
-4494
-3960
-3069
-2265
-1788
-1217
-746
-545
-544
-594
-766
-993
-1205
-1205
-1143
-1185
-1007
-582
-50
459
760
963
1117
1326
1465
1556
1511
1346
1264
1113
1075
1134
1105
924
779
769
781
722
483
224
89
-79
-223
-347
-540
-511
-544
-505
-322
-146
-137
-98
-230
-212
-237
-689
-1246
-1990
-2360
-2220
-1433
-140
1235
2657
3678
4172
4048
3255
1978
563
-882
-2375
-3612
-4228
-4279
-3785
-2830
-1551
-268
1005
1816
2027
1730
988
-30
-1305
-2772
-4064
-5144
-5753
-5766
-5186
-4301
-3137
-1937
-1012
-282
160
220
-268
-1047
-2103
-3315
-4435
-5313
-5958
-6197
-5764
-4922
-3895
-3117
-2418
-1785
-1437
-1348
-1600
-2247
-2898
-3568
-4431
-5206
-5609
-5792
-5835
-5556
-4980
-4433
-3956
-3524
-3275
-3205
-3238
-3561
-4031
-4411
-4680
-4926
-5090
-5069
-4951
-4772
-4375
-3819
-3486
-3462
-3469
-3538
-3827
-4025
-4149
-4288
-4540
-4732
-4814
-4839
-4730
-4364
-4032
-3918
-3875
-3832
-3746
-3730
-3786
-3969
-4279
-4625
-5232
-6339
-7311
-8106
-8657
-9022
-9394
-9335
-8886
-8120
-7212
-6517
-5823
-5065
-4609
-4655
-4916
-5384
-5943
-6698
-7410
-8015
-8514
-8797
-8636
-7913
-6906
-5912
-5011
-4028
-3415
-3104
-3115
-3290
-3573
-4098
-4709
-5280
-5771
-5795
-5522
-5149
-4639
-3799
-2996
-2458
-1836
-1201
-746
-575
-730
-1010
-1123
-1200
-1112
-1143
-1153
-789
-334
-50
386
785
1220
1468
1573
1638
1618
1538
1439
1316
1406
1426
1372
1243
1227
1360
1511
1439
1349
1246
990
830
673
447
264
191
146
188
214
348
493
479
445
627
675
408
62
-736
-1541
-2202
-2584
-2480
-1714
-445
871
2029
2780
2975
2669
2044
1177
69
-940
-1747
-2399
-2412
-2156
-1541
-416
692
1545
2192
2658
2521
1997
1193
133
-1077
-2325
-3142
-3562
-3671
-3109
-2071
-876
227
1146
1735
2042
2152
2015
1385
404
-736
-1621
-2117
-2355
-2556
-2401
-1797
-1099
-315
639
1262
1489
1626
1558
1076
353
-420
-1124
-1691
-2076
-2249
-2215
-1897
-1405
-766
-231
178
475
423
136
-151
-557
-1054
-1569
-1926
-2334
-2643
-2736
-2604
-2391
-2123
-1799
-1659
-1634
-1604
-1713
-1847
-2041
-2443
-2815
-3060
-3205
-3083
-2961
-2789
-2625
-2513
-2394
-2364
-2367
-2349
-2240
-2329
-2648
-3018
-3545
-4260
-5301
-6294
-6943
-7561
-7948
-7868
-7484
-7002
-6172
-5190
-4231
-3511
-2996
-2670
-2774
-3194
-3792
-4408
-5225
-5978
-6597
-6798
-6425
-5827
-5235
-4303
-3284
-2432
-1682
-1046
-658
-800
-1281
-1719
-2170
-2592
-2770
-2836
-2864
-2593
-2062
-1344
-670
-56
608
1138
1345
1480
1820
1814
1487
1072
834
799
853
1019
1251
1518
1828
2161
2472
2646
2679
2841
2923
2869
2949
2766
2477
2169
2188
2322
2232
2170
2140
1969
1805
1671
1590
1419
1095
968
948
1039
945
812
657
669
884
1047
952
779
818
968
827
522
326
360
930
1925
3221
4489
5717
6563
7092
7160
6436
4958
3008
1057
-799
-2418
-3659
-4123
-3780
-2768
-1118
767
2519
3976
4972
5211
4742
3716
2296
664
-1125
-2820
-3963
-4549
-4541
-4015
-2890
-1390
-178
807
1470
1854
1880
1396
368
-1074
-2463
-3619
-4612
-5301
-5516
-5277
-4626
-3660
-2499
-1414
-734
-367
-339
-612
-1135
-1801
-2605
-3472
-4223
-4761
-5094
-5166
-4881
-4421
-3957
-3546
-3219
-3195
-3136
-3197
-3376
-3672
-4002
-4059
-4268
-4506
-4431
-3967
-3390
-2793
-2222
-2158
-2197
-2182
-2182
-2298
-2625
-2904
-3097
-3086
-3087
-3114
-2845
-2506
-2186
-1942
-1723
-1451
-1151
-1115
-1237
-1298
-1644
-2249
-2981
-3859
-4657
-5524
-6276
-6904
-7492
-7717
-7340
-6710
-5974
-5070
-4092
-3227
-2697
-2335
-2352
-2818
-3543
-4314
-5075
-5955
-6579
-7070
-7137
-6834
-6269
-5585
-4558
-3704
-3071
-2484
-2166
-2165
-2414
-2975
-3588
-4285
-4849
-5131
-5171
-5046
-4799
-4356
-3723
-2890
-2056
-1427
-967
-629
-581
-651
-687
-731
-942
-1114
-1121
-1102
-853
-302
227
568
751
879
1168
1425
1627
1843
1870
1737
1593
1449
1572
1621
1615
1635
1627
1679
1721
1746
1531
1294
1138
1059
1005
988
958
934
936
955
912
1002
1081
1021
1115
1301
1137
601
-153
-719
-1199
-1391
-931
-135
885
2134
3211
3720
3583
2924
1996
722
-499
-1582
-2712
-3325
-3284
-2733
-1708
-322
1155
2372
2994
3265
3211
2544
1367
-46
-1374
-2689
-3980
-4737
-4614
-3929
-2767
-1477
-312
725
1506
1872
1968
1642
886
0
-936
-2087
-3073
-3373
-3245
-2878
-2231
-1425
-319
722
1242
1390
1410
1380
901
361
-235
-1029
-1742
-2121
-2387
-2257
-1937
-1448
-924
-471
26
485
590
473
222
-226
-775
-1210
-1463
-1486
-1513
-1464
-1347
-1282
-1305
-1090
-985
-921
-982
-1195
-1469
-1902
-2164
-2376
-2551
-2502
-2214
-2153
-2228
-2071
-1793
-1698
-1799
-1731
-1582
-1609
-1695
-2104
-2700
-3561
-4530
-5353
-6266
-7022
-7378
-7520
-7540
-7295
-6594
-5866
-4973
-4008
-3184
-2770
-2644
-2719
-3260
-4003
-4575
-5278
-6046
-6576
-6608
-6059
-5380
-4640
-3658
-2635
-1753
-1094
-730
-706
-703
-977
-1474
-2104
-2464
-2629
-2788
-2773
-2415
-1752
-1045
-287
330
970
1427
1682
1782
1943
2030
1896
1795
1626
1593
1622
1841
2109
2392
2696
3018
3323
3493
3613
3598
3558
3685
3672
3518
3291
3178
3097
3005
3036
3084
3077
2986
2823
2848
2690
2406
2193
2030
1917
1805
1645
1636
1690
1793
1792
1738
1753
1881
1846
1618
1276
890
357
-112
-220
258
1329
2891
4412
5491
6116
6256
5800
4794
3389
1863
587
-445
-1222
-1484
-1096
-378
611
1961
3278
4322
4744
4677
4268
3544
2432
1003
-223
-1117
-1811
-2223
-2108
-1389
-251
948
1971
2781
3193
3222
2869
2364
1644
507
-750
-1629
-2171
-2316
-2110
-1713
-930
-35
898
1652
1913
1937
1863
1518
883
-93
-1039
-1590
-2010
-2349
-2549
-2494
-1926
-1275
-844
-507
-176
-20
-156
-350
-724
-1265
-1815
-2032
-2080
-2203
-2303
-2183
-1732
-1325
-985
-692
-490
-582
-775
-1016
-1232
-1470
-1723
-1930
-2006
-1903
-1654
-1465
-1327
-1052
-911
-856
-604
-515
-481
-496
-791
-1234
-1882
-2692
-3673
-4776
-5470
-5943
-6147
-6140
-5901
-5445
-4706
-3695
-2723
-2085
-1604
-1320
-1327
-1742
-2461
-3118
-3829
-4519
-5145
-5415
-5341
-4853
-4027
-3250
-2388
-1481
-767
-285
-246
-458
-739
-1170
-1639
-1960
-2387
-2735
-2829
-2622
-2085
-1442
-907
-168
655
1172
1387
1655
1721
1531
1363
1400
1266
1184
1327
1399
1483
1827
2296
2756
3118
3281
3297
3481
3597
3450
3264
3194
3314
3200
3123
3260
3308
3234
3203
3054
2942
2853
2806
2759
2534
2239
1945
1813
1683
1848
1947
1963
2057
2322
2297
2249
2243
2247
2170
1738
1098
406
102
581
1502
2741
4144
5675
6612
6794
6276
5389
4275
2893
1528
247
-806
-1412
-1403
-869
100
1537
2927
3885
4472
4699
4410
3452
2236
1009
-212
-1382
-2355
-2894
-2781
-1950
-759
400
1281
2019
2663
2954
2715
2011
1215
306
-699
-1519
-2267
-2722
-2529
-1950
-1221
-424
359
1092
1510
1746
1719
1272
569
-90
-781
-1423
-1864
-2086
-2250
-2182
-1853
-1251
-772
-400
-75
29
7
-179
-506
-1069
-1542
-1858
-2063
-2095
-1972
-1846
-1470
-1091
-822
-528
-382
-330
-338
-467
-681
-931
-1262
-1494
-1568
-1634
-1482
-1440
-1378
-1190
-1017
-680
-363
-286
-275
-276
-289
-598
-1405
-2274
-3235
-4070
-4857
-5617
-5975
-6022
-6031
-5534
-4667
-3709
-2847
-2274
-1679
-1107
-997
-1220
-1981
-2956
-3683
-4298
-4915
-5283
-5120
-4694
-4052
-3286
-2329
-1393
-647
-238
-146
-274
-385
-655
-1086
-1579
-1997
-2228
-2337
-2267
-1906
-1357
-664
90
681
1240
1663
1964
2193
2320
2095
1741
1594
1630
1716
1815
2016
2377
2803
3085
3296
3550
3639
3750
3874
3974
3960
3594
3375
3439
3428
3368
3293
3352
3348
3312
3182
3037
3008
3024
2893
2771
2461
2282
2262
2184
2317
2488
2493
2481
2470
2416
2532
2493
2274
1866
1414
848
511
644
1488
2704
4054
5359
6377
6727
6375
5737
4900
3682
2149
628
-409
-990
-1236
-795
200
1619
3016
4019
4760
5070
4874
4262
3198
1850
592
-537
-1517
-2138
-2175
-1507
-549
387
1390
2385
3023
3281
3112
2647
2130
1262
337
-740
-1554
-1846
-1884
-1727
-1089
-59
841
1543
1981
2188
2128
1972
1579
806
120
-526
-1257
-1785
-2109
-1805
-1246
-759
-274
37
273
495
514
387
202
-225
-779
-954
-1141
-1296
-1381
-1205
-792
-383
-52
102
206
299
343
151
-12
-315
-783
-941
-846
-836
-846
-772
-564
-205
67
114
-32
146
347
253
29
-187
-543
-1245
-2063
-2983
-3982
-4795
-5225
-5490
-5383
-5002
-4393
-3629
-2758
-1953
-1255
-702
-490
-615
-1067
-1793
-2711
-3616
-4274
-4464
-4487
-4254
-3656
-2881
-2107
-1285
-414
289
513
607
523
111
-491
-1002
-1504
-1869
-1854
-1556
-1313
-1045
-445
453
1086
1501
1749
2047
2179
2101
1754
1263
1031
965
1111
1422
1922
2248
2523
2671
2425
2082
1580
1147
652
124
14
383
1000
1641
2367
3034
3618
3972
3770
3093
2245
1379
712
71
-253
44
681
1679
2885
4097
5284
6058
6386
6359
6095
5468
4622
3782
3081
2497
2199
2253
2693
3606
5049
6665
8104
9273
10019
10006
9214
7827
6142
4451
2973
1579
658
373
398
1077
2234
3477
4606
5371
5772
5661
5025
4118
3024
1666
148
-1030
-1726
-2090
-1993
-1468
-658
386
1283
2070
2573
2744
2511
1799
826
-61
-1099
-2118
-2550
-2922
-3305
-3151
-2593
-1593
-666
51
523
762
697
397
-37
-651
-1270
-2015
-2668
-2869
-2872
-2647
-2056
-1371
-621
9
398
612
680
667
708
662
276
-14
10
165
222
330
736
1182
1469
1767
1961
2025
1817
1676
1556
1360
1065
800
683
663
636
774
1050
1134
1144
1108
1088
1190
1158
1101
921
649
345
-167
-978
-1953
-3034
-3914
-4549
-4879
-5071
-4936
-4450
-3725
-2994
-2352
-1632
-1149
-1055
-1012
-1282
-2015
-3031
-3839
-4399
-4900
-5366
-5370
-4863
-4172
-3326
-2446
-1782
-1374
-1112
-1039
-1050
-1457
-2012
-2613
-3353
-3840
-4162
-4157
-3901
-3502
-2880
-2369
-1764
-1053
-476
-256
8
3
-237
-577
-1030
-1519
-1821
-2010
-2060
-1817
-1261
-710
-153
604
1078
1502
1699
1414
904
345
-291
-943
-1433
-1567
-1551
-1289
-714
-164
388
784
920
811
411
96
-497
-1449
-2225
-2855
-3136
-3029
-2738
-2171
-1559
-1134
-912
-929
-1016
-1482
-2546
-3902
-5072
-5684
-5629
-4845
-3442
-1686
-49
1269
1758
1534
691
-668
-2257
-3858
-5607
-7223
-8144
-8165
-7486
-6331
-4752
-2900
-1374
-375
136
51
-504
-1627
-3126
-4917
-6298
-7065
-7340
-6934
-6072
-4849
-3481
-2246
-950
36
460
434
-70
-926
-1834
-2961
-3921
-4593
-4932
-4712
-4129
-3294
-2225
-1140
-257
432
969
1067
875
334
-345
-988
-1752
-2365
-2597
-2572
-2369
-1897
-1310
-666
-145
183
415
426
254
1
-392
-803
-1151
-1590
-1658
-1533
-1406
-1225
-680
-122
75
146
103
110
-10
-241
-308
-544
-813
-967
-968
-906
-651
-444
-246
-58
213
523
635
808
739
716
497
104
-606
-1504
-2394
-2926
-3327
-3730
-3834
-3528
-2879
-1998
-1065
-346
530
1387
1782
1839
1627
1281
834
180
-367
-759
-1113
-1015
-563
99
1027
1995
2970
3816
4173
4224
4123
3905
3467
2935
2457
2009
1598
1430
1623
1912
2350
2964
3504
3896
4250
4480
4481
4257
3988
3843
3505
3104
2728
2699
2728
2856
3005
3212
3551
3742
3840
3825
3777
3761
3669
3660
3462
3159
3034
2966
3020
3090
3052
2988
3011
3115
2877
2565
2301
2209
2171
2086
1916
1761
1757
1762
1854
1840
1825
1905
2116
2391
2430
2260
1778
1052
397
-27
70
703
1866
3266
4592
5694
6116
6060
5621
4833
3736
2438
1120
263
-48
-56
283
1127
2389
3835
4923
5565
5843
5678
4975
4025
2757
1611
700
-76
-549
-597
-75
854
1999
3170
4144
4832
5138
4983
4566
3922
2994
2035
958
203
64
98
293
839
1603
2612
3324
3726
3948
4026
3888
3394
2679
1881
1051
483
163
-19
128
485
926
1472
1850
2189
2459
2552
2530
2245
1822
1405
1005
486
145
164
402
725
1079
1545
1814
1852
1971
2028
1861
1655
1492
1345
1279
1186
972
897
1197
1544
1771
1903
2043
2186
2422
2419
2317
2121
1837
1465
937
305
-517
-1306
-1973
-2502
-2677
-2478
-2133
-1637
-872
149
1046
1652
2024
2110
2033
1698
984
140
-452
-889
-1331
-1802
-1594
-949
37
1012
1859
2649
3155
3335
3238
2812
2410
1852
1104
465
2
-147
-217
-147
85
482
869
1313
1901
2037
2097
2174
1999
1672
1135
733
576
387
332
554
720
842
989
1145
1456
1622
1600
1545
1436
1314
1153
832
520
567
629
484
328
350
397
494
440
165
-29
-227
-521
-742
-954
-1023
-1048
-1117
-984
-845
-849
-915
-839
-658
-494
-454
-840
-1510
-1996
-2089
-1889
-1142
77
1575
3145
4240
4679
4645
3978
2845
1262
-513
-2127
-3527
-4382
-4758
-4286
-3197
-1677
-93
1376
2595
3286
3314
2855
1819
358
-1313
-2824
-3932
-4788
-5222
-4967
-4064
-2906
-1628
-373
591
1111
1330
1215
457
-627
-1742
-2962
-4095
-4714
-4910
-4665
-4031
-3245
-2292
-1313
-482
102
418
307
-126
-608
-1321
-2172
-2936
-3556
-3707
-3680
-3317
-2773
-2267
-1819
-1326
-948
-886
-938
-1114
-1411
-1845
-2138
-2453
-2519
-2482
-2409
-1991
-1443
-876
-528
-196
137
191
16
-224
-430
-636
-849
-933
-735
-553
-541
-437
-57
409
624
663
825
1023
964
856
622
105
-382
-877
-1642
-2742
-3525
-3965
-4205
-4263
-3900
-3224
-2387
-1506
-718
2
578
936
895
578
-23
-735
-1443
-2152
-2817
-3097
-2696
-2015
-1236
-386
389
1186
1827
2026
2025
1793
1435
897
97
-638
-1106
-1282
-1201
-935
-710
-365
103
646
1244
1585
1656
1564
1517
1367
1054
643
274
38
48
151
349
664
1002
1324
1525
1587
1659
1787
1856
1717
1597
1577
1612
1412
1192
1064
1068
1242
1337
1294
1223
1064
854
728
506
386
292
219
241
387
460
432
423
509
666
597
484
492
492
312
-4
-223
-196
239
