-5276
-4772
-4429
-4280
-4063
-3922
-3951
-3933
-4130
-4445
-4626
-4824
-4913
-4752
-4484
-4163
-4128
-4010
-3696
-3422
-3160
-2987
-3003
-3011
-3177
-3493
-3957
-4796
-5763
-6655
-7319
-7854
-8173
-8181
-7793
-7156
-6465
-5638
-4793
-4010
-3424
-3003
-2990
-3406
-4169
-4928
-5805
-6464
-6818
-6891
-6827
-6597
-5829
-4843
-3790
-2970
-2293
-1884
-1764
-1951
-2444
-2907
-3677
-4296
-4704
-5047
-4991
-4782
-4358
-3954
-3577
-3142
-2728
-2438
-2631
-3099
-3591
-4167
-4926
-5381
-5472
-5236
-4487
-3310
-1983
-1119
-1046
-1694
-2761
-4217
-6164
-8185
-9793
-11136
-11853
-11717
-10775
-9212
-7429
-5857
-4847
-4422
-4579
-5471
-7125
-8907
-10574
-12167
-13031
-12918
-12100
-10458
-8105
-5384
-2871
-770
752
1449
1404
685
-563
-1966
-3668
-5265
-6464
-7030
-6318
-4467
-2083
561
3201
5402
6550
6577
5818
4239
2301
66
-2246
-4272
-5768
-6366
-6135
-5038
-3446
-1734
-229
722
965
548
-477
-2128
-3939
-6028
-7933
-9421
-10180
-10066
-9262
-8009
-6436
-5024
-3946
-3170
-2932
-3440
-4562
-5768
-7114
-8674
-10150
-11267
-11931
-12009
-11517
-10290
-8885
-7433
-6123
-5139
-4614
-4651
-5166
-6122
-7372
-8591
-9687
-10477
-10994
-11412
-11264
-10644
-9477
-8291
-7092
-5767
-4760
-4157
-3780
-3676
-3814
-3935
-3944
-3904
-3971
-3699
-3340
-2972
-2392
-1913
-1462
-1087
-960
-790
-780
-1099
-1360
-1449
-1543
-1811
-2055
-2061
-2139
-1998
-1955
-1950
-2037
-2258
-2485
-2667
-2811
-2950
-3077
-3376
-3796
-4309
-4977
-5594
-6050
-6318
-6583
-6756
-6648
-6127
-5461
-4778
-4234
-3621
-3158
-2946
-3136
-3603
-4526
-5683
-6610
-7214
-7873
-8410
-8633
-8374
-7486
-6734
-6099
-5468
-4889
-4441
-4188
-4041
-4207
-4528
-4889
-5251
-5499
-5433
-5209
-4831
-4123
-3320
-2391
-1445
-530
243
753
1121
1660
1985
1978
1721
1266
444
-524
-1418
-2560
-3793
-4396
-4364
-3437
-1965
62
2035
3565
4645
5188
5096
4429
2913
905
-870
-2467
-3652
-3925
-3255
-1824
13
1943
3747
5230
6294
6603
5962
4792
3281
1572
-11
-1125
-1603
-1298
-154
1561
3404
5267
6466
7149
7311
6972
6466
6072
5901
6055
6410
6506
6416
6410
6277
5913
5265
4281
3110
1913
891
1
-462
-323
367
1416
2498
3559
4283
4677
4717
4189
3324
2345
1250
38
-1017
-1677
-1916
-1835
-1484
-756
29
555
1072
1405
1555
1283
621
-115
-1041
-2194
-3113
-3758
-4203
-4273
-4201
-3980
-3536
-3359
-3255
-3192
-3292
-3404
-3471
-3672
-3854
-4076
-4289
-4326
-4465
-4424
-3917
-3421
-3104
-2896
-2700
-2799
-3039
-3375
-3637
-3755
-3805
-3874
-3835
-3715
-3471
-2992
-2463
-2013
-1432
-1022
-772
-612
-772
-1169
-1608
-1867
-2149
-2732
-3263
-3290
-3196
-3096
-3032
-2867
-2338
-1865
-1584
-1563
-1540
-1641
-2075
-2837
-3782
-5186
-6443
-7578
-8690
-9592
-10195
-10463
-10220
-9508
-8638
-7628
-6651
-5745
-4952
-4608
-4805
-5368
-6240
-7212
-8276
-9327
-10007
-10357
-10360
-9952
-9319
-8488
-7766
-7153
-6479
-6052
-5871
-5741
-5993
-6630
-7211
-7595
-8080
-8446
-8466
-8121
-7699
-7285
-6601
-5797
-5135
-4522
-4104
-3792
-3396
-3261
-3202
-3229
-3088
-2778
-2475
-2133
-1795
-1418
-1032
-646
-473
-493
-519
-578
-685
-704
-970
-1302
-1452
-1424
-1440
-1455
-1435
-1245
-1161
-1212
-1087
-1286
-1658
-1970
-2172
-2384
-2667
-2928
-3147
-3040
-2760
-2640
-2582
-2488
-2320
-2166
-1988
-1985
-2337
-2933
-3665
-4260
-4528
-4043
-3038
-1903
-662
477
960
728
-95
-1147
-2446
-3988
-5678
-7184
-7857
-7990
-7863
-7243
-5920
-4345
-2964
-1999
-1475
-1390
-1746
-2730
-4151
-5672
-6990
-8105
-8829
-8882
-8547
-7635
-6465
-5261
-4067
-3184
-2714
-2575
-2758
-3388
-4429
-5631
-6674
-7536
-8332
-8649
-8326
-7619
-6716
-5652
-4755
-3944
-3340
-3008
-3019
-3534
-4103
-4690
-5366
-6046
-6531
-6691
-6684
-6573
-6258
-5619
-5046
-4872
-4768
-4632
-4538
-4718
-5320
-5739
-5998
-6177
-6382
-6605
-6635
-6518
-6317
-5941
-5532
-5234
-5168
-5388
-5621
-5912
-6379
-6801
-7086
-7021
-6670
-6424
-6370
-6246
-5982
-5746
-5602
-5394
-5087
-4845
-4907
-5070
-5305
-5710
-6551
-7466
-8315
-9024
-9493
-10111
-10607
-10794
-10467
-9751
-8825
-7861
-7062
-6286
-5646
-5141
-5297
-5824
-6387
-7140
-8135
-9020
-9416
-9637
-9453
-8916
-8085
-6918
-5822
-4899
-4284
-3745
-3537
-3626
-3904
-4303
-4759
-5232
-5524
-5736
-5849
-5619
-5160
-4409
-3580
-2740
-2122
-1690
-1310
-1158
-1065
-1012
-1142
-1298
-1311
-1233
-1114
-917
-695
-452
-239
155
518
721
719
877
1174
1206
1118
877
789
933
951
970
1042
1009
929
908
807
590
382
132
-33
-111
-270
-381
-375
-292
-40
48
61
123
339
374
288
302
112
-262
-906
-1457
-1620
-1075
-4
1128
2440
3607
4410
4685
4476
3684
2521
1002
-391
-1651
-2556
-2887
-2840
-2441
-1386
38
1277
2378
3061
3130
2874
2289
1191
-181
-1554
-2674
-3478
-3858
-3658
-2976
-2003
-960
180
1073
1653
1816
1649
977
228
-662
-1751
-2817
-3804
-4225
-4126
-3629
-2807
-1930
-1203
-579
-51
169
4
-306
-887
-1614
-2429
-3144
-3669
-3918
-3967
-3879
-3599
-3132
-2627
-2095
-1720
-1686
-1658
-1754
-2144
-2675
-3170
-3450
-3669
-3629
-3567
-3430
-3122
-2743
-2501
-2362
-2194
-2065
-2126
-2190
-2564
-2877
-2968
-3100
-3232
-3177
-3049
-2923
-2775
-2429
-2307
-2217
-2051
-1857
-1581
-1577
-1871
-2409
-3067
-3793
-4485
-5522
-6517
-7007
-7352
-7575
-7580
-7278
-6569
-5768
-4919
-4013
-3306
-3047
-3095
-3311
-3795
-4742
-5860
-6637
-7162
-7306
-7147
-6930
-6506
-5691
-4649
-3645
-2902
-2464
-2212
-2127
-2350
-2871
-3327
-3765
-4363
-4759
-4782
-4568
-4189
-3587
-2812
-2219
-1757
-1091
-672
-634
-708
-644
-757
-793
-734
-936
-1206
-1209
-986
-658
-191
306
807
1135
1306
1318
1359
1301
1253
1207
1130
1042
981
940
963
1077
1017
850
717
654
655
527
196
32
50
146
-153
-438
-400
-184
-97
-171
-194
-47
88
-24
-279
-678
-1069
-1696
-2361
-2510
-1816
-427
1167
2583
3490
4027
3901
3231
2095
860
-384
-1768
-3196
-4050
-4214
-3888
-3037
-1778
-416
827
1653
2001
1758
1212
279
-875
-2358
-3853
-4998
-5614
-5365
-4767
-4014
-2967
-1783
-785
-104
196
13
-462
-1295
-2385
-3587
-4420
-5159
-5632
-5627
-5273
-4617
-3780
-2817
-1911
-1431
-1185
-1141
-1257
-1686
-2485
-3357
-4170
-4868
-5431
-5770
-5793
-5317
-4693
-4112
-3683
-3351
-3183
-3197
-3173
-3505
-4025
-4501
-4808
-4939
-5233
-5333
-5132
-4730
-4204
-3959
-3802
-3614
-3628
-3687
-3756
-3936
-4215
-4515
-4887
-4933
-4785
-4682
-4500
-4338
-3944
-3666
-3665
-3591
-3499
-3427
-3481
-3610
-3914
-4422
-5024
-5823
-6928
-7842
-8587
-9155
-9289
-9152
-8682
-7981
-7278
-6320
-5443
-4731
-4261
-4213
-4559
-5154
-5870
-6531
-7261
-7875
-8516
-8839
-8683
-7944
-7066
-6045
-5049
-4178
-3537
-3031
-2987
-3284
-3514
-4000
-4553
-4831
-5042
-5297
-5371
-5018
-4409
-3808
-3051
-2335
-1886
-1403
-861
-478
-592
-789
-1004
-1152
-1188
-1230
-1162
-818
-402
91
349
538
677
892
1177
1385
1353
1297
1224
1241
1280
1270
1224
1348
1337
1421
1422
1361
1206
1028
899
719
489
431
345
276
168
196
420
569
639
593
536
630
732
495
84
-683
-1753
-2749
-3162
-3118
-2713
-1659
-247
952
1777
2034
1791
1259
573
-302
-1203
-1962
-2592
-2721
-2261
-1451
-585
325
1286
2008
2230
2034
1630
837
-343
-1534
-2395
-3110
-3631
-3604
-3055
-2188
-1106
-120
824
1634
1943
1933
1694
972
46
-830
-1553
-2035
-2344
-2307
-1922
-1310
-594
292
1165
1882
2258
2206
1831
1215
519
-280
-823
-1377
-1839
-2148
-2026
-1623
-1004
-290
297
607
751
596
390
212
-225
-733
-1309
-1884
-2185
-2419
-2694
-2764
-2567
-2310
-1974
-1809
-1825
-1809
-1878
-2063
-2393
-2708
-2905
-3010
-3105
-3224
-3163
-3009
-2848
-2796
-2897
-2879
-2712
-2413
-2327
-2548
-2821
-3118
-3699
-4478
-5349
-6397
-7165
-7497
-7858
-8063
-7809
-7118
-6346
-5521
-4590
-3778
-3278
-3069
-3133
-3391
-3962
-4874
-5628
-6417
-6950
-6941
-6670
-5996
-5007
-4039
-3179
-2300
-1497
-1007
-910
-839
-1042
-1452
-1924
-2415
-2759
-2900
-2758
-2429
-1895
-1347
-686
-170
399
907
1215
1319
1322
1300
1193
996
968
851
815
961
1247
1512
1953
2296
2387
2553
2784
2934
2833
2602
2377
2370
2345
2300
2173
2165
2148
2177
2228
2207
1962
1772
1534
1209
947
816
762
847
803
830
894
903
760
801
874
1006
1061
1017
768
514
440
632
1160
2213
3430
4793
6154
7295
7648
7179
6131
4692
2896
705
-1497
-3438
-4650
-5117
-4581
-3232
-1307
902
3135
4869
5725
5847
5384
4339
2830
1094
-824
-2522
-3795
-4444
-4511
-4089
-2956
-1695
-399
864
1756
2089
1849
1098
10
-1260
-2624
-4040
-5162
-5682
-5628
-5200
-4476
-3526
-2596
-1821
-1049
-525
-335
-566
-1081
-1712
-2603
-3703
-4417
-4917
-5095
-5078
-4820
-4448
-4131
-3825
-3663
-3575
-3517
-3468
-3505
-3934
-4258
-4368
-4425
-4377
-4083
-3721
-3372
-2876
-2366
-2016
-1970
-2154
-2146
-2211
-2394
-2671
-2907
-3058
-3009
-2831
-2410
-1916
-1649
-1375
-1228
-963
-642
-512
-629
-878
-1070
-1590
-2165
-2834
-3597
-4542
-5391
-6018
-6511
-6641
-6305
-5519
-4572
-3789
-2866
-2172
-1874
-1673
-1700
-2044
-2665
-3482
-4584
-5652
-6350
-6625
-6561
-6205
-5547
-4816
-4153
-3455
-2668
-2043
-1798
-1891
-2120
-2795
-3382
-3820
-4215
-4565
-4799
-4811
-4427
-3829
-3179
-2524
-1888
-1386
-961
-682
-640
-505
-455
-494
-714
-977
-948
-785
-581
-253
143
479
913
1288
1525
1568
1602
1642
1682
1662
1625
1768
1778
1816
1800
1932
2200
2255
2107
1999
1905
1737
1510
1382
1258
1147
1196
1176
1222
1369
1541
1636
1593
1694
1901
1693
1286
905
465
-206
-1020
-1455
-1028
-111
722
1564
2546
3244
3173
2570
1605
485
-724
-1853
-2670
-3170
-3007
-2575
-1619
-220
1272
2516
3130
3414
3205
2528
1404
17
-1465
-2971
-4301
-4892
-4667
-4055
-3081
-1891
-761
255
1165
1732
1788
1437
815
41
-958
-1955
-2745
-3267
-3274
-2851
-2119
-1134
-142
720
1255
1637
1938
1734
961
326
-341
-859
-1501
-1968
-2019
-2021
-1820
-1421
-926
-292
241
461
524
526
316
45
-361
-825
-1034
-1311
-1357
-1320
-1276
-1262
-1144
-806
-652
-774
-982
-1234
-1428
-1674
-1947
-2095
-2169
-2375
-2525
-2471
-2173
-1911
-1843
-1783
-1860
-1855
-1679
-1599
-1717
-2100
-2669
-3319
-4251
-5190
-5995
-6562
-7038
-7372
-7413
-7126
-6485
-5626
-4765
-3910
-3225
-2775
-2536
-2653
-3214
-3938
-4697
-5400
-5958
-6323
-6305
-6079
-5608
-4775
-3668
-2437
-1341
-725
-386
-266
-463
-855
-1289
-1627
-1901
-2171
-2313
-2405
-2088
-1312
-557
-4
687
1486
2070
2435
2617
2688
2572
2454
2331
2174
2117
2071
2179
2495
2797
3157
3363
3658
3889
3960
4138
4151
4142
4053
3901
3639
3579
3687
3741
3670
3434
3284
3374
3403
3195
2943
2829
2649
2300
2067
1944
2069
2286
2283
2320
2316
2329
2262
2194
2138
1970
1745
1095
351
-57
-203
380
1519
2857
4315
5496
6053
5988
5587
4744
3521
2186
920
-181
-919
-1358
-1326
-578
687
2139
3538
4568
4984
4957
4575
3756
2672
1536
291
-880
-1674
-1891
-1470
-626
400
1469
2388
3030
3200
3173
2804
2261
1736
850
-153
-1008
-1596
-1864
-1803
-1328
-599
172
1004
1702
2124
2086
1942
1655
1103
289
-621
-1465
-1889
-2159
-2259
-1978
-1467
-884
-482
-330
-216
-73
-20
-325
-721
-1147
-1631
-1888
-2252
-2379
-2293
-2124
-1883
-1483
-1245
-906
-719
-793
-991
-1229
-1483
-1802
-1984
-2094
-2148
-2046
-1827
-1448
-1296
-1254
-1288
-1340
-1141
-884
-783
-807
-928
-1223
-1747
-2517
-3677
-4701
-5272
-5627
-5918
-5857
-5582
-5303
-4766
-3960
-3102
-2315
-1717
-1473
-1598
-2030
-2688
-3425
-4312
-5061
-5432
-5505
-5240
-4744
-4103
-3437
-2591
-1881
-1298
-781
-426
-376
-679
-1144
-1828
-2444
-2721
-2884
-2840
-2500
-2061
-1581
-1065
-425
130
545
760
848
1039
1110
1151
1038
807
859
912
922
1071
1348
1770
2243
2502
2728
2976
3074
2974
2913
2867
2798
2814
2930
2997
2827
2750
2690
2788
2931
2884
2653
2458
2329
2173
1882
1790
1900
1946
1937
1832
1757
1909
2068
2035
1902
1840
1845
1921
1551
835
246
29
437
1336
2561
4009
5231
5877
6139
5736
4878
3688
2285
959
-196
-1023
-1486
-1542
-1122
-94
1413
2788
3799
4446
4630
4333
3687
2590
1205
-126
-1283
-1974
-2375
-2409
-1846
-1089
-81
982
1848
2362
2631
2466
1873
1108
199
-863
-1887
-2602
-2868
-2756
-2298
-1694
-854
66
783
1173
1371
1320
1023
527
-185
-977
-1735
-2443
-2775
-2652
-2401
-2023
-1577
-1120
-790
-652
-561
-569
-744
-1009
-1192
-1543
-1988
-2427
-2444
-2247
-2135
-1911
-1587
-1225
-832
-605
-544
-592
-730
-1172
-1579
-1845
-1760
-1681
-1754
-1875
-1616
-1187
-986
-854
-773
-653
-480
-422
-410
-556
-874
-1432
-2181
-3214
-4221
-5091
-5711
-6137
-6220
-6094
-5561
-4762
-3884
-2985
-2267
-1714
-1528
-1548
-1679
-2185
-2874
-3703
-4513
-5085
-5401
-5444
-5076
-4403
-3625
-2672
-1682
-941
-482
-350
-380
-484
-835
-1245
-1732
-2295
-2705
-2766
-2445
-2156
-1720
-1053
-383
369
901
1342
1708
1816
1766
1773
1722
1688
1551
1490
1521
1583
1809
2142
2496
2886
3197
3449
3509
3419
3470
3503
3417
3357
3314
3169
3057
3207
3351
3303
3072
2873
2900
2792
2553
2383
2376
2277
2075
2067
2126
2112
2095
2202
2325
2251
2218
2196
2258
2109
1594
1032
464
127
175
877
2173
3781
4904
5745
6328
6131
5270
4214
2910
1613
441
-660
-1344
-1504
-1117
-309
843
2254
3675
4510
4700
4546
3962
3039
1781
347
-910
-1770
-2256
-2392
-1990
-1127
-67
914
1906
2606
2963
3030
2638
1803
857
-156
-1123
-1909
-2414
-2480
-1933
-1254
-563
421
1247
1795
1958
2014
1847
1452
745
-46
-967
-1776
-2220
-2224
-1948
-1548
-1221
-612
68
548
688
567
416
148
-364
-864
-1341
-1510
-1414
-1292
-1169
-1074
-791
-361
-237
-120
127
79
-67
-203
-462
-777
-1013
-1102
-1122
-985
-899
-821
-525
-264
30
270
247
246
257
268
22
-602
-1317
-2134
-3074
-3965
-4720
-5204
-5542
-5262
-4764
-4190
-3393
-2623
-2064
-1442
-852
-584
-694
-1134
-1815
-2700
-3723
-4423
-4531
-4536
-4429
-3890
-3028
-2068
-1320
-644
-43
494
613
408
70
-378
-868
-1370
-1740
-1898
-1802
-1550
-1033
-393
217
862
1461
1925
2298
2331
2185
1989
1602
1311
1195
1457
1724
2023
2321
2526
2702
2639
2429
1974
1240
655
452
434
652
1289
2101
2965
3768
4374
4612
4361
3661
2817
1821
1059
548
354
632
1317
2312
3360
4549
5772
6753
7241
7007
6382
5786
5177
4513
3751
3046
2575
2574
2948
3781
5239
6975
8564
9680
10330
10283
9457
8249
6679
5079
3445
1963
921
618
823
1650
2721
3812
5004
5870
6122
5830
5153
4311
3380
2093
896
-65
-899
-1511
-1472
-892
-49
878
1738
2356
2698
2802
2574
2149
1237
123
-779
-1602
-2282
-2739
-2887
-2717
-2065
-1201
-403
350
919
1222
1205
879
274
-323
-949
-1557
-2162
-2544
-2503
-2032
-1328
-641
-115
256
700
1149
1427
1440
1154
966
603
251
168
354
677
1066
1416
1750
2028
2169
2122
2157
2300
2241
1784
1443
1253
1090
825
757
880
1093
1278
1391
1542
1359
1306
1422
1445
1415
1320
971
378
-164
-960
-1786
-2652
-3507
-4176
-4502
-4573
-4382
-3983
-3479
-2863
-2199
-1437
-933
-750
-670
-1050
-1963
-3044
-3814
-4519
-4954
-5206
-5347
-5139
-4395
-3373
-2561
-1799
-1087
-827
-811
-856
-1100
-1671
-2447
-3305
-3803
-3981
-4020
-3902
-3587
-3025
-2314
-1473
-850
-494
-201
-146
-57
-202
-647
-1198
-1791
-2353
-2607
-2444
-2113
-1736
-1056
-248
391
867
1119
1216
977
698
114
-554
-1126
-1647
-1862
-1827
-1421
-846
-313
253
624
919
878
345
-340
-991
-1676
-2296
-2759
-3059
-3239
-3063
-2609
-2165
-1613
-1322
-1200
-1151
-1681
-2740
-4012
-5040
-5850
-5989
-5223
-3790
-2118
-771
335
930
885
98
-1309
-2876
-4549
-6183
-7557
-8514
-8747
-8000
-6528
-4929
-3291
-1761
-651
-279
-424
-895
-1792
-3331
-4976
-6352
-7333
-7748
-7544
-6672
-5479
-4073
-2606
-1408
-562
19
50
-463
-1187
-2339
-3516
-4442
-4964
-5143
-5105
-4537
-3685
-2670
-1576
-593
174
523
564
382
93
-375
-997
-1758
-2431
-2761
-2760
-2671
-2288
-1747
-1075
-444
-146
38
26
-175
-403
-683
-1103
-1516
-1765
-1918
-1866
-1567
-1179
-839
-581
-434
-305
-90
51
-122
-506
-986
-1182
-1186
-1204
-1159
-1040
-916
-559
-255
-53
190
418
697
794
879
888
522
-132
-877
-1453
-2185
-2869
-3481
-3818
-3754
-3479
-3001
-2275
-1362
-386
507
1266
1826
1914
1711
1245
533
-156
-762
-1143
-1426
-1284
-837
-165
698
1668
2639
3402
3906
3997
3818
3553
3183
2655
2056
1637
1361
1200
1196
1427
1947
2716
3241
3570
4038
4092
4014
4013
3939
3645
3194
2882
2713
2492
2392
2712
3006
3009
3110
3392
3678
3684
3654
3566
3482
3311
3130
2956
2965
3061
2891
2735
2759
2778
2914
2957
2815
2701
2450
2281
2206
2069
2002
1956
1947
1865
1826
1932
2134
2349
2331
2154
2189
2277
1880
1223
565
301
479
1305
2642
3995
5198
6083
6466
6431
5800
4777
3587
2402
1345
299
-404
-466
137
956
2382
3864
5091
5892
6240
6051
5372
4161
3047
2042
1012
66
-616
-742
-141
812
1807
2852
3711
4271
4562
4474
4072
3374
2512
1617
677
21
-396
-465
-95
435
1227
2181
2983
3541
3742
3712
3584
3173
2621
1944
1308
766
356
268
378
536
940
1326
1639
1974
2178
2184
2016
1783
1543
1291
957
667
520
563
577
648
984
1451
1990
2441
2559
2425
2322
2074
1646
1378
1216
1315
1579
1680
1551
1670
2076
2405
2441
2393
2562
2869
2939
2688
2497
2169
1572
768
56
-638
-1336
-1904
-2198
-2059
-1646
-939
-227
656
1515
1982
2224
2316
2283
1840
1080
286
-427
-930
-1392
-1611
-1294
-671
97
904
1701
2448
2907
3043
3047
2720
2108
1528
961
367
-135
-398
-460
-393
-190
255
884
1352
1814
2127
2180
2178
1957
1458
947
548
319
135
116
297
633
850
1090
1250
1354
1404
1420
1533
1393
1255
1067
784
641
581
746
818
852
959
825
805
666
529
456
292
109
-95
-205
-352
-438
-601
-653
-612
-533
-592
-507
-374
-474
-595
-997
-1571
-2172
-2460
-2395
-1910
-927
403
1906
3029
3769
3918
3311
2413
1220
-330
-1755
-2970
-3698
-4095
-4030
-3317
-2095
-466
907
1777
2287
2548
2187
1314
97
-1325
-2692
-3943
-4744
-4794
-4331
-3587
-2653
-1608
-601
235
847
1136
964
283
-624
-1641
-2763
-3633
-4183
-4403
-4260
-3628
-2630
-1688
-995
-247
217
238
93
-136
-780
-1617
-2330
-2819
-3174
-3394
-3322
-2909
-2553
-2175
-1601
-918
-592
-558
-646
-912
-1169
-1542
-2063
-2214
-2195
-2276
-2352
-2267
-1703
-1112
-755
-593
-527
-433
-605
-846
-954
-1146
-1251
-1424
-1538
-1270
-947
-621
-474
-389
-339
-87
137
339
529
500
330
-202
-895
-1538
-2121
-2803
-3404
-3988
-4570
-4700
-4309
-3673
-2903
-2067
-1024
-300
220
487
441
27
-565
-1188
-1959
-2667
-3206
-3222
-2967
-2485
-1731
-868
-134
599
1305
1677
1774
1679
1471
861
38
-626
-1129
-1501
-1503
-1305
-856
-379
151
693
1108
1352
1570
1658
1705
1481
949
472
77
-38
-24
65
199
365
701
1194
1485
1509
1544
1511
1481
1314
1105
1121
1069
954
797
823
913
1068
1165
1102
989
966
783
671
557
281
86
-76
-136
-98
7
81
257
272
346
361
372
422
319
88
-143
-370
-147
607
