-4975
-4667
-4259
-3786
-3641
-3636
-3732
-3993
-4329
-4676
-4760
-4735
-4585
-4451
-4261
-4010
-3837
-3735
-3427
-3062
-2896
-2795
-2718
-2772
-2975
-3401
-4069
-4975
-5817
-6565
-7287
-7828
-8150
-8062
-7716
-7044
-6283
-5590
-4824
-4071
-3421
-2996
-3141
-3509
-4039
-4818
-5781
-6463
-6876
-6901
-6695
-6242
-5474
-4503
-3487
-2756
-2100
-1803
-1672
-1676
-2126
-2705
-3299
-3875
-4412
-4889
-4964
-4720
-4508
-4053
-3392
-2923
-2469
-2239
-2271
-2688
-3308
-4002
-4807
-5283
-5400
-5165
-4319
-3044
-1709
-907
-660
-1200
-2471
-4187
-5894
-7823
-9670
-11159
-11872
-11737
-10605
-8979
-7257
-5836
-4727
-4039
-4117
-5066
-6443
-8100
-10095
-11756
-12569
-12487
-11672
-9999
-7722
-5074
-2618
-531
1122
1935
1858
1167
30
-1352
-2826
-4609
-6287
-6831
-5976
-4239
-1958
681
3424
5580
6639
6820
6089
4592
2575
172
-2154
-4164
-5590
-6072
-5624
-4456
-2931
-1288
42
804
914
537
-461
-2102
-4178
-6206
-8028
-9553
-10179
-9723
-8838
-7684
-6264
-4799
-3773
-3258
-3052
-3338
-4200
-5464
-7211
-8855
-10295
-11447
-11946
-11698
-11099
-10189
-8919
-7368
-5982
-5046
-4535
-4568
-5178
-6142
-7352
-8495
-9673
-10696
-11318
-11527
-11192
-10433
-9216
-7884
-6608
-5607
-4821
-4145
-3653
-3418
-3555
-3727
-3816
-3846
-3923
-3675
-3152
-2748
-2354
-1922
-1564
-1112
-695
-512
-532
-763
-1196
-1646
-1857
-1860
-1926
-1841
-1659
-1713
-1897
-1936
-1913
-2033
-2265
-2467
-2596
-2904
-3112
-3454
-3782
-4446
-5183
-5635
-6024
-6359
-6489
-6541
-6388
-6229
-5753
-4827
-4023
-3599
-3207
-3127
-3353
-3961
-4873
-5649
-6399
-7087
-7759
-8326
-8480
-8353
-7839
-7108
-6182
-5359
-4667
-4085
-3953
-3941
-4222
-4573
-4993
-5342
-5559
-5582
-5277
-4913
-4289
-3365
-2325
-1307
-508
159
800
1246
1599
1724
1680
1582
1231
474
-408
-1415
-2508
-3625
-4404
-4506
-3593
-1929
6
1907
3431
4587
5194
4955
4185
2810
977
-811
-2468
-3537
-3801
-3106
-1639
351
2325
3984
5462
6394
6593
6034
4711
3135
1493
96
-773
-1138
-999
-94
1627
3607
5391
6643
7161
7184
6930
6511
6081
5914
6046
6256
6634
6889
6767
6393
5909
5368
4479
3291
2167
994
129
-79
114
585
1476
2648
3685
4523
4863
4774
4198
3348
2345
1206
22
-999
-1501
-1749
-1759
-1446
-655
285
1086
1493
1810
1868
1589
929
-13
-900
-1857
-2736
-3540
-4004
-3886
-3753
-3605
-3399
-3247
-3001
-2820
-2992
-3260
-3513
-3746
-3895
-4068
-4108
-4131
-3988
-3813
-3643
-3498
-3217
-2859
-2613
-2661
-2737
-2990
-3295
-3482
-3508
-3564
-3609
-3529
-3285
-2803
-2265
-1761
-1292
-865
-633
-706
-960
-1206
-1308
-1606
-2165
-2695
-2916
-2948
-3197
-3200
-2967
-2584
-2237
-1938
-1670
-1429
-1357
-1481
-1840
-2539
-3398
-4392
-5759
-7290
-8546
-9405
-9985
-10093
-9740
-9104
-8307
-7227
-6176
-5381
-4915
-4639
-4685
-5235
-5928
-6896
-7911
-8911
-9578
-9822
-9744
-9483
-8914
-8081
-7179
-6278
-5650
-5335
-5266
-5584
-6134
-6730
-7277
-7745
-8168
-8346
-8338
-8023
-7422
-6683
-5988
-5274
-4596
-4146
-3788
-3436
-3284
-3303
-3190
-2925
-2725
-2592
-2481
-2130
-1667
-1198
-946
-716
-424
-202
-257
-406
-629
-730
-908
-1191
-1380
-1492
-1562
-1695
-1631
-1530
-1465
-1422
-1423
-1432
-1547
-1927
-2374
-2700
-2853
-2981
-3086
-3003
-2878
-2953
-2910
-2685
-2501
-2244
-2224
-2400
-2821
-3305
-3864
-4403
-4667
-4205
-3311
-2228
-1082
-160
422
329
-313
-1381
-2700
-4260
-5790
-6938
-7828
-8279
-8072
-7285
-5931
-4491
-3358
-2404
-1667
-1450
-1834
-2876
-4214
-5637
-7124
-8420
-9129
-9214
-8647
-7585
-6442
-5235
-4017
-3092
-2674
-2577
-2852
-3354
-4342
-5493
-6691
-7746
-8403
-8434
-7924
-7337
-6516
-5633
-4776
-3964
-3392
-3089
-3058
-3384
-4050
-4877
-5687
-6112
-6534
-6870
-6771
-6480
-6177
-5743
-5264
-4765
-4458
-4331
-4352
-4617
-5106
-5542
-5840
-6081
-6338
-6482
-6434
-6342
-6227
-5870
-5412
-5271
-5206
-5219
-5530
-5930
-6218
-6240
-6315
-6386
-6441
-6416
-6294
-6017
-5832
-5535
-5160
-4833
-4691
-4726
-4712
-4651
-4699
-5233
-6098
-6866
-7670
-8634
-9540
-10142
-10343
-10539
-10350
-9740
-8823
-7660
-6821
-6050
-5415
-5084
-5097
-5562
-6138
-6819
-7753
-8444
-8868
-9118
-8932
-8449
-7755
-6849
-5693
-4586
-3743
-3393
-3226
-3219
-3357
-3645
-4222
-4782
-5207
-5460
-5458
-5140
-4517
-3859
-3121
-2299
-1692
-1160
-734
-514
-315
-307
-499
-854
-1052
-987
-684
-339
29
499
823
1068
1373
1696
1828
1953
1861
1802
1789
1738
1698
1616
1552
1647
1537
1572
1656
1678
1589
1503
1198
729
606
637
479
362
370
422
672
904
1016
1047
1154
1245
1320
1358
1131
571
-31
-612
-822
-469
363
1734
3284
4600
5470
5540
5062
4195
3137
1896
575
-694
-1690
-2178
-2041
-1409
-465
939
2289
3122
3541
3719
3470
2807
1802
416
-868
-2011
-2862
-3188
-2752
-1950
-953
141
1196
1890
2238
2407
2169
1576
676
-397
-1481
-2324
-2928
-3323
-3362
-3049
-2505
-1577
-794
-81
416
726
758
453
-280
-1173
-1874
-2527
-3035
-3337
-3701
-3574
-2953
-2331
-1851
-1614
-1304
-1071
-1124
-1385
-1582
-2059
-2608
-2943
-3083
-3272
-3328
-3056
-2785
-2604
-2257
-1952
-1796
-1695
-1681
-1808
-2074
-2436
-2789
-3079
-3136
-3118
-2952
-2713
-2420
-2194
-2194
-2172
-2040
-1880
-1838
-1809
-1957
-2377
-2915
-3493
-4411
-5415
-6306
-6871
-7228
-7539
-7527
-7076
-6387
-5477
-4503
-3791
-3277
-2976
-3138
-3467
-3917
-4638
-5616
-6437
-6942
-7235
-7370
-7102
-6398
-5464
-4708
-3922
-3131
-2533
-2210
-2232
-2387
-2776
-3438
-4046
-4545
-4794
-4757
-4536
-4228
-3782
-3206
-2582
-1962
-1515
-1020
-711
-620
-706
-970
-1275
-1375
-1425
-1261
-1090
-1036
-856
-467
-90
245
549
855
1098
1357
1376
1214
1013
971
984
874
864
820
657
650
699
532
461
386
96
-140
-321
-462
-476
-564
-576
-646
-613
-595
-474
-403
-289
-235
-399
-493
-957
-1845
-2592
-2804
-2655
-1886
-631
909
2218
3152
3651
3550
2687
1579
221
-1247
-2782
-3913
-4469
-4523
-4241
-3376
-2121
-599
483
1185
1418
1271
676
-353
-1689
-3155
-4407
-5288
-5869
-6037
-5512
-4610
-3477
-2400
-1405
-517
-188
-373
-913
-1785
-2768
-3747
-4794
-5784
-6233
-6150
-5848
-5119
-4198
-3345
-2454
-1806
-1451
-1723
-2047
-2445
-3294
-4079
-4833
-5493
-5999
-6030
-5858
-5380
-5017
-4693
-4146
-3740
-3370
-3307
-3382
-3801
-4394
-4948
-5402
-5477
-5553
-5550
-5312
-5105
-4714
-4538
-4261
-3925
-3731
-3928
-4167
-4384
-4637
-4810
-5076
-5231
-5238
-5213
-4953
-4714
-4503
-4251
-3948
-3718
-3542
-3655
-3750
-3775
-4218
-4820
-5349
-6068
-6851
-7746
-8419
-8934
-9313
-9529
-9273
-8489
-7393
-6542
-5790
-5071
-4526
-4308
-4612
-5121
-5821
-6665
-7535
-8370
-8707
-8625
-8284
-7603
-6773
-5926
-5036
-4271
-3737
-3256
-2918
-3160
-3739
-4062
-4432
-4915
-5223
-5234
-5183
-4874
-4302
-3469
-2760
-2220
-1593
-1138
-945
-794
-752
-833
-822
-826
-914
-979
-889
-605
-350
67
534
830
1079
1344
1475
1541
1666
1700
1515
1393
1262
1222
1221
1372
1559
1737
1711
1515
1257
1252
1191
820
508
437
489
557
434
387
387
624
839
897
861
884
770
576
270
-418
-1390
-2377
-2912
-2916
-2287
-1310
-176
927
1641
2003
2111
1573
554
-177
-959
-1736
-2069
-1905
-1479
-888
-22
1002
1794
2141
2292
2289
1712
902
122
-861
-1784
-2610
-3066
-2928
-2432
-1694
-690
471
1538
2274
2522
2449
2182
1453
577
-363
-1201
-1643
-1802
-1809
-1386
-755
-41
811
1604
2337
2626
2479
2199
1758
1264
646
-141
-893
-1344
-1439
-1291
-913
-414
72
692
1156
1452
1407
1317
983
501
-5
-651
-1200
-1577
-1790
-1871
-1950
-2030
-1665
-1459
-1298
-1245
-1261
-1340
-1589
-1890
-2145
-2408
-2750
-2822
-2866
-2919
-2840
-2693
-2529
-2519
-2398
-2107
-1929
-1970
-1999
-2296
-2732
-3333
-4158
-5110
-5983
-6693
-7245
-7462
-7437
-7255
-6705
-5899
-5161
-4514
-3849
-3137
-2829
-2976
-3252
-3713
-4664
-5500
-6068
-6293
-6268
-6145
-5620
-4902
-3954
-2937
-1970
-1316
-907
-624
-417
-570
-1182
-1804
-2253
-2552
-2669
-2534
-2244
-1677
-961
-239
249
945
1667
2017
1983
1878
1985
1812
1429
1269
1195
1290
1464
1534
1773
2073
2222
2379
2607
2837
3039
3043
2838
2621
2630
2701
2588
2346
1971
1930
2154
2211
2084
1934
1831
1811
1577
1243
1071
896
772
752
736
839
992
992
884
785
866
935
1077
1012
798
663
765
1386
2458
3806
5340
6734
7574
7700
7371
6289
4732
2931
904
-1318
-3121
-4211
-4548
-4152
-3022
-1155
1090
3118
4631
5713
6107
5723
4625
2954
938
-1056
-2669
-3821
-4429
-4383
-3672
-2458
-1098
244
1361
1962
2253
2157
1455
319
-1105
-2475
-3824
-4895
-5635
-5657
-5355
-4713
-3659
-2670
-1726
-894
-336
-237
-638
-1149
-1885
-2728
-3525
-4256
-4932
-5254
-5250
-5118
-4744
-4319
-3904
-3638
-3582
-3598
-3712
-3900
-4076
-4168
-4381
-4456
-4332
-4285
-4072
-3548
-2761
-2150
-1881
-1762
-1809
-1801
-1986
-2340
-2854
-2979
-2785
-2636
-2624
-2595
-2165
-1641
-1229
-820
-620
-441
-354
-345
-432
-759
-1258
-1921
-2719
-3386
-4165
-5020
-5766
-6281
-6296
-5951
-5382
-4675
-3886
-2955
-2146
-1462
-1087
-1170
-1646
-2454
-3335
-4081
-5100
-5954
-6479
-6458
-6029
-5494
-4654
-3602
-2821
-2267
-1884
-1677
-1601
-1921
-2456
-3130
-3833
-4261
-4560
-4634
-4596
-4376
-3961
-3221
-2499
-1855
-1250
-873
-673
-506
-500
-544
-546
-680
-923
-971
-776
-584
-338
-24
361
868
1174
1255
1351
1667
1853
1844
1692
1597
1734
1893
2007
2025
2107
2247
2465
2368
2241
2075
1910
1832
1688
1595
1529
1437
1317
1060
1139
1292
1596
1870
1954
1872
1806
1713
1353
653
-131
-763
-1147
-886
-155
697
1858
2787
3183
3183
2753
1769
551
-719
-1849
-2506
-2972
-3085
-2566
-1472
-101
1221
2373
3310
3671
3282
2406
1155
-221
-1610
-2976
-3915
-4417
-4260
-3653
-2757
-1538
-417
662
1391
1767
1857
1531
858
-169
-1087
-1748
-2378
-2810
-2770
-2408
-1631
-783
48
893
1624
2109
2179
1986
1612
982
180
-522
-1238
-1668
-1814
-1667
-1360
-896
-153
454
823
987
1086
1085
900
393
70
-325
-607
-922
-1155
-1020
-843
-827
-621
-487
-476
-541
-816
-1067
-1274
-1543
-1736
-1829
-2024
-2238
-2306
-2099
-1933
-1961
-1778
-1586
-1525
-1429
-1347
-1486
-1711
-2159
-2835
-3449
-4205
-5052
-5834
-6527
-7059
-7444
-7417
-6992
-6349
-5687
-4897
-3939
-3098
-2711
-2724
-2914
-3425
-4054
-4805
-5389
-5821
-6317
-6534
-6299
-5625
-4595
-3429
-2282
-1464
-843
-472
-327
-397
-734
-1052
-1456
-1864
-2253
-2277
-1962
-1618
-1093
-378
418
1133
1655
2235
2803
2920
2799
2596
2634
2619
2483
2533
2633
2723
2985
3416
3815
4096
4280
4385
4645
4679
4700
4688
4436
4253
4158
4082
4047
4017
4056
4053
3946
3803
3708
3702
3484
3163
3049
2786
2590
2404
2207
2246
2405
2378
2346
2362
2473
2425
2590
2453
1922
1197
521
85
104
670
1777
3168
4552
5563
6103
6219
5687
4692
3521
2153
833
-283
-931
-1087
-861
-84
1118
2560
3799
4608
5216
5345
4846
3819
2493
1184
26
-969
-1620
-1536
-1068
-322
605
1609
2545
3315
3692
3594
3148
2508
1665
674
-371
-1228
-1955
-2186
-1868
-1263
-411
529
1457
1967
2094
2175
2023
1409
550
-164
-614
-1071
-1593
-2010
-2142
-1798
-1353
-849
-442
-156
174
249
22
-132
-493
-1124
-1826
-2287
-2474
-2572
-2510
-2221
-1948
-1566
-1098
-907
-832
-912
-1067
-1272
-1497
-1661
-1836
-1912
-1914
-1893
-1857
-1804
-1621
-1340
-1219
-1209
-1023
-784
-680
-852
-1104
-1483
-2075
-2630
-3539
-4477
-5248
-5883
-6388
-6347
-5835
-5289
-4652
-3787
-2901
-2088
-1508
-1162
-1340
-1870
-2458
-3202
-4227
-5043
-5448
-5447
-5104
-4636
-4075
-3258
-2450
-1701
-1160
-773
-536
-700
-922
-1380
-1944
-2388
-2868
-3284
-3154
-2618
-2261
-1872
-1212
-474
77
470
793
1062
1088
852
750
821
770
694
669
782
973
1233
1472
1930
2308
2587
2649
2504
2779
2873
2694
2600
2487
2465
2504
2520
2581
2517
2643
2728
2793
2604
2203
1928
1741
1715
1748
1565
1487
1564
1630
1639
1831
1832
1759
1575
1550
1676
1571
1165
522
-107
-366
-121
928
2291
3712
4981
5694
5955
5654
4880
3675
2236
909
-277
-1317
-1801
-1790
-1087
-102
1140
2667
3675
4118
4284
4102
3372
2122
618
-719
-1860
-2693
-3054
-2738
-2090
-1133
-127
914
1880
2357
2340
2153
1835
1023
-76
-1196
-2125
-2668
-2897
-2961
-2666
-1774
-796
-31
611
1136
1451
1413
846
330
-153
-801
-1594
-2245
-2584
-2839
-2633
-2234
-1737
-1055
-482
-113
-74
-138
-200
-566
-1146
-1428
-1712
-1966
-2233
-2240
-2031
-1778
-1372
-996
-824
-486
-324
-360
-483
-831
-1063
-1278
-1461
-1443
-1282
-1150
-970
-826
-610
-423
-330
-223
-82
7
-96
-282
-673
-1194
-1867
-2744
-3709
-4508
-5220
-5571
-5749
-5605
-5059
-4471
-3725
-2853
-1967
-1297
-985
-950
-1214
-1900
-2624
-3353
-4132
-4782
-5075
-4816
-4318
-3644
-2923
-2073
-1113
-431
61
261
275
189
-174
-878
-1467
-1818
-1999
-2087
-1988
-1581
-843
-123
523
1045
1561
2095
2292
2482
2509
2418
2300
2137
1947
1970
2138
2482
2790
3122
3546
3675
3869
4230
4285
4189
4260
4283
4308
4120
4028
4040
4027
3961
3990
4032
4027
3973
3811
3602
3542
3541
3349
3063
2913
2785
2998
3068
3009
3069
3184
3291
3093
3108
3215
3106
2614
1924
1364
1104
1379
1961
3116
4436
5787
6789
7230
7002
6302
5154
3944
2680
1405
425
-271
-416
106
1139
2286
3424
4466
5150
5423
5205
4643
3682
2426
1084
-64
-958
-1307
-1295
-880
-46
976
2027
2918
3480
3672
3709
3374
2668
1605
474
-461
-1100
-1476
-1425
-1059
-419
372
1289
2205
2662
2939
2973
2547
1922
1112
460
-140
-782
-1243
-1328
-1156
-825
-374
101
545
714
864
1041
836
483
152
-284
-724
-925
-882
-888
-833
-519
-266
27
278
472
538
493
312
64
-233
-331
-488
-747
-722
-656
-576
-317
-136
93
389
610
701
658
726
615
227
-164
-712
-1494
-2458
-3491
-4382
-4922
-5087
-4915
-4489
-4008
-3358
-2699
-1939
-1229
-605
-380
-554
-1020
-1705
-2525
-3281
-3983
-4421
-4527
-4411
-3887
-3096
-2072
-1071
-343
148
397
467
408
129
-290
-774
-1066
-1358
-1628
-1564
-1174
-679
-206
372
1124
1680
1985
2119
2102
1818
1425
1212
1104
1005
1107
1521
1937
2432
2690
2728
2438
1844
1159
509
139
-187
-156
230
932
1618
2268
3073
3690
3850
3684
3063
2165
1284
374
-306
-500
-168
744
1864
2932
4233
5335
6092
6521
6532
6027
5308
4448
3554
2912
2325
2050
1999
2477
3432
4732
6429
8154
9425
9966
9752
8910
7533
5780
4039
2535
1346
458
105
153
834
2012
3335
4457
5157
5471
5213
4624
3671
2400
1228
55
-1117
-2043
-2340
-2190
-1638
-793
140
976
1724
2183
2261
2095
1591
640
-443
-1455
-2314
-3088
-3436
-3507
-3248
-2775
-2057
-1290
-533
187
588
573
257
-181
-797
-1517
-2074
-2528
-2903
-2812
-2364
-1932
-1442
-788
106
919
1172
1152
905
579
369
109
-85
-250
-216
181
439
695
1026
1482
1821
1863
1912
1974
1798
1502
1234
998
793
713
674
661
680
756
939
1042
1040
1095
1161
1341
1309
1012
754
493
-18
-850
-1858
-2935
-3582
-4064
-4507
-4750
-4593
-4093
-3430
-2704
-2001
-1382
-950
-827
-982
-1479
-2076
-2740
-3610
-4418
-5010
-5310
-5246
-4918
-4239
-3397
-2441
-1617
-1143
-857
-711
-865
-1242
-1824
-2339
-2972
-3367
-3536
-3786
-3802
-3475
-2797
-2058
-1437
-855
-368
-11
56
22
-43
-297
-714
-1274
-1787
-1929
-1821
-1538
-1160
-589
196
948
1541
1859
1770
1476
1129
751
175
-425
-953
-1226
-1202
-739
-148
391
827
1168
1393
1288
1055
511
-172
-801
-1559
-2253
-2538
-2611
-2253
-1771
-1166
-785
-592
-479
-629
-1093
-2023
-3181
-4542
-5403
-5338
-4563
-3190
-1472
109
1203
1705
1483
878
-340
-1853
-3633
-5484
-6762
-7474
-7633
-7093
-5834
-3990
-2139
-757
202
624
384
-151
-1029
-2326
-3899
-5334
-6075
-6497
-6313
-5643
-4498
-3079
-1650
-582
-30
423
430
109
-440
-1332
-2394
-3398
-4101
-4344
-4141
-3648
-2848
-1788
-829
28
885
1386
1471
1240
753
69
-633
-1332
-1741
-1981
-2095
-1979
-1637
-985
-185
338
700
738
737
768
463
49
-395
-807
-1063
-1161
-1114
-992
-829
-464
-101
90
182
295
510
373
50
-359
-557
-741
-845
-804
-671
-505
-218
86
153
370
735
1010
1312
1374
1078
534
219
-254
-837
-1723
-2550
-3098
-3517
-3316
-2870
-2402
-1827
-1058
-137
744
1437
1861
2196
2061
1401
793
73
-492
-865
-929
-891
-462
220
977
1989
2845
3467
3824
3911
3947
3839
3375
2823
2254
1711
1374
1329
1551
1750
2194
2793
3343
3629
3910
4234
4347
4193
3865
3549
3162
2911
2809
2591
2447
2520
2926
3214
3411
3457
3684
3808
3824
3811
3664
3423
3224
3044
2924
3000
3086
2918
2804
2931
3086
2955
2857
2860
2592
2258
2092
1966
2022
1977
2009
1877
1863
2133
2258
2211
2149
2209
2155
1991
1613
1080
643
356
570
1374
2472
3837
5045
6025
6488
6443
5801
4808
3604
2399
1239
252
-375
-342
77
1059
2328
3586
4740
5643
6026
5680
5080
4132
3077
1915
666
-309
-712
-658
-82
707
1682
2703
3533
4207
4571
4359
3852
3232
2466
1508
422
-273
-456
-466
-180
522
1404
2098
2780
3387
3707
3773
3432
2847
2158
1452
778
121
-307
-440
-399
-5
586
1105
1448
1716
2060
2147
2094
1787
1390
1078
764
506
168
-29
175
741
1147
1414
1666
1877
1870
1966
1934
1857
1574
1320
1201
1160
1110
1141
1338
1724
1984
2161
2266
2371
2512
2718
2725
2665
2535
1971
1247
466
-190
-942
-1761
-2233
-2328
-2076
-1745
-1293
-624
219
1036
1715
2091
2201
2111
1607
806
63
-562
-1214
-1553
-1469
-1263
-948
-330
715
1710
2368
2830
3030
2963
2596
1969
1233
730
187
-302
-682
-836
-715
-307
362
937
1418
1674
1841
1951
1877
1667
1326
1137
813
530
444
436
428
573
838
1066
1211
1383
1446
1509
1561
1510
1296
1212
981
703
594
675
709
716
759
821
804
720
728
403
21
-136
-285
-592
-676
-531
-337
-244
-307
-217
-140
-59
48
4
-214
-627
-1150
-1882
-2413
-2339
-1636
-562
789
2152
3318
4099
4237
3800
2735
1481
125
-1238
-2450
-3373
-3911
-3714
-2932
-1668
-161
1206
2134
2636
2598
2168
1422
186
-1269
-2734
-3758
-4255
-4494
-4094
-3330
-2232
-1070
-65
687
1080
1215
964
455
-267
-1404
-2523
-3434
-3814
-3736
-3490
-2926
-2019
-1081
-188
397
741
874
815
401
-129
-816
-1492
-2101
-2621
-2938
-2825
-2556
-2017
-1283
-712
-430
-180
100
56
-360
-617
-917
-1309
-1566
-1676
-1650
-1650
-1468
-978
-538
-195
45
90
121
166
130
-80
-311
-530
-610
-425
-295
-335
-151
160
440
539
725
882
1047
1151
956
640
395
-134
-738
-1444
-2364
-3176
-3769
-3919
-3860
-3691
-3329
-2538
-1534
-719
-2
646
945
1008
833
280
-343
-1161
-1913
-2335
-2557
-2279
-1847
-1152
-264
710
1572
2130
2329
2288
2214
2031
1394
718
174
-462
-636
-680
-596
-343
228
897
1455
1891
2030
2114
2193
2008
1801
1474
1277
1071
917
782
743
856
966
1166
1413
1731
1829
1873
2036
2049
1899
1645
1410
1427
1561
1525
1311
1276
1422
1627
1745
1685
1543
1278
1062
966
836
721
602
525
575
660
660
754
771
627
603
671
696
505
317
272
317
564
1180
