-4843
-4564
-4330
-4061
-3896
-3724
-3581
-3729
-4068
-4356
-4681
-4677
-4575
-4601
-4579
-4493
-4259
-4014
-3807
-3560
-3394
-3245
-3238
-3255
-3535
-3946
-4509
-5443
-6578
-7375
-7952
-8451
-8692
-8736
-8411
-7809
-6852
-6032
-5187
-4346
-3720
-3372
-3382
-3844
-4588
-5341
-5992
-6498
-6885
-6968
-6681
-6273
-5476
-4465
-3570
-2616
-1882
-1511
-1347
-1480
-1944
-2558
-3407
-4108
-4542
-4877
-5074
-4787
-4261
-3643
-3076
-2598
-2290
-2110
-2075
-2470
-3079
-3965
-4694
-5086
-5179
-5044
-4319
-3095
-1805
-1082
-1023
-1430
-2465
-3956
-5869
-7841
-9623
-11045
-11682
-11515
-10535
-9201
-7714
-6039
-4896
-4611
-4928
-6058
-7472
-9112
-10844
-12286
-13019
-12905
-12098
-10541
-8394
-5862
-3200
-1039
414
1069
922
255
-774
-2128
-3647
-5080
-6217
-6445
-5474
-3478
-877
1951
4650
6729
7664
7443
6489
4782
2520
-7
-2666
-5177
-6687
-7041
-6668
-5621
-3930
-1981
-171
1145
1656
1448
259
-1539
-3650
-5979
-7942
-9568
-10765
-11073
-10502
-9177
-7518
-5958
-4650
-3637
-3103
-3168
-3960
-5242
-6930
-8829
-10508
-11804
-12624
-12690
-12392
-11573
-10271
-8717
-7354
-6351
-5822
-5639
-5815
-6505
-7416
-8569
-10004
-11216
-12035
-12418
-12223
-11621
-10582
-9347
-8179
-7049
-6188
-5309
-4545
-4184
-4021
-4297
-4369
-4206
-4154
-4017
-3546
-2926
-2345
-1822
-1402
-1053
-902
-810
-860
-1040
-1145
-1410
-1711
-1873
-1989
-1882
-1842
-1775
-1548
-1561
-1700
-2057
-2227
-2382
-2747
-2938
-3142
-3416
-3971
-4646
-5351
-6080
-6482
-6803
-7036
-6993
-6679
-6302
-5706
-4954
-4195
-3483
-3058
-3091
-3501
-3922
-4543
-5540
-6618
-7445
-8120
-8573
-8736
-8581
-7987
-7147
-6212
-5522
-4871
-4363
-4154
-4231
-4587
-5075
-5530
-6021
-6368
-6390
-5975
-5437
-4727
-3881
-3063
-2108
-1153
-277
406
783
1118
1268
1349
1252
690
-99
-1054
-2159
-3158
-4212
-5059
-5173
-4190
-2465
-197
1864
3213
4237
5008
4956
4039
2505
646
-1317
-3114
-4223
-4593
-4050
-2543
-556
1432
3264
4878
5826
6062
5408
4049
2580
1016
-685
-1905
-2322
-1951
-827
873
2919
5084
6497
7203
7450
7322
7177
6881
6815
6992
7159
7216
7053
6882
6460
5636
4626
3548
2275
1063
3
-707
-728
-465
265
1363
2634
3700
4386
4771
4718
4110
3200
2107
823
-392
-1462
-2229
-2530
-2501
-2303
-1824
-1002
-191
510
973
1056
645
-87
-971
-1889
-2852
-3755
-4412
-4861
-5007
-4815
-4482
-4053
-3776
-3793
-3889
-3802
-3685
-3833
-4254
-4681
-4786
-4833
-4866
-4819
-4641
-4534
-4397
-4039
-3722
-3684
-3690
-3719
-3922
-4024
-4230
-4392
-4266
-3925
-3615
-3189
-2666
-2182
-1735
-1287
-725
-425
-584
-909
-1229
-1634
-2116
-2483
-2711
-2929
-3062
-3024
-2872
-2437
-1937
-1665
-1669
-1549
-1255
-1048
-1171
-1661
-2794
-3954
-5126
-6619
-8013
-9040
-9885
-10337
-10368
-10036
-9400
-8491
-7484
-6363
-5357
-4886
-4793
-4754
-5144
-6010
-7001
-8009
-8849
-9595
-10043
-10091
-9661
-8942
-8065
-7223
-6324
-5719
-5279
-4937
-5167
-5941
-6631
-7274
-7982
-8497
-8711
-8628
-8331
-7826
-7212
-6591
-5876
-5034
-4379
-3923
-3519
-3230
-3124
-3014
-2870
-2728
-2540
-2313
-2081
-1778
-1311
-664
-336
-164
-10
-23
-94
-163
-344
-649
-1001
-1280
-1289
-1067
-973
-996
-1027
-1061
-1096
-1094
-1184
-1571
-1774
-1944
-2277
-2635
-2714
-2722
-2917
-3013
-2906
-2630
-2446
-2336
-2043
-1773
-1681
-1950
-2627
-3475
-3963
-4183
-3807
-2895
-1636
-273
803
1500
1393
576
-632
-2138
-3657
-5102
-6480
-7507
-7880
-7763
-6853
-5557
-4238
-3023
-2040
-1306
-1120
-1762
-2842
-4129
-5582
-7104
-8423
-9391
-9682
-9158
-8136
-6834
-5384
-4114
-3133
-2506
-2178
-2297
-2974
-3936
-5203
-6367
-7398
-8107
-8308
-8378
-7880
-6938
-5918
-4912
-3976
-3227
-2847
-2787
-3215
-4003
-4791
-5469
-6108
-6668
-7131
-7150
-6831
-6544
-6064
-5355
-4662
-4336
-4246
-4383
-4571
-4848
-5304
-5756
-6171
-6414
-6342
-6199
-6050
-5883
-5567
-5316
-5241
-5016
-4986
-5274
-5642
-5901
-6117
-6400
-6576
-6597
-6533
-6458
-6111
-5764
-5618
-5306
-4982
-5013
-5047
-4935
-5023
-5283
-5679
-6567
-7652
-8602
-9318
-10201
-10917
-11094
-10916
-10724
-10283
-9346
-8239
-7106
-6130
-5596
-5380
-5477
-5906
-6650
-7540
-8318
-9037
-9488
-9686
-9637
-9105
-8160
-7002
-5841
-4825
-4082
-3668
-3439
-3376
-3648
-4233
-4855
-5224
-5572
-5892
-5959
-5731
-5268
-4516
-3922
-3202
-2402
-1772
-1234
-940
-917
-992
-1062
-1165
-1254
-1282
-1336
-1051
-660
-329
-60
268
661
982
1098
1127
1143
1249
1249
1074
862
820
681
587
695
751
604
449
359
171
82
21
-98
-445
-692
-735
-811
-825
-613
-360
-296
-189
11
100
6
-63
-108
-473
-1034
-1488
-1628
-1184
-89
1173
2604
4038
4933
5202
4923
4071
2885
1442
-50
-1413
-2438
-2953
-3052
-2550
-1305
168
1386
2399
3172
3401
3029
2269
1135
-132
-1387
-2559
-3499
-3972
-3942
-3330
-2299
-1062
70
1046
1763
1858
1600
1142
439
-589
-1892
-3021
-3749
-4043
-4107
-3851
-3196
-2342
-1341
-465
92
247
129
-193
-800
-1518
-2347
-3082
-3610
-4028
-4290
-4182
-3866
-3398
-2832
-2260
-1765
-1592
-1600
-1754
-2002
-2439
-2921
-3399
-3767
-3885
-3650
-3209
-2839
-2519
-2244
-2157
-2191
-2079
-1908
-2009
-2204
-2479
-2990
-3199
-3172
-3020
-3003
-3003
-2792
-2514
-2363
-2176
-1853
-1760
-1901
-2022
-2242
-2696
-3313
-4177
-5236
-6186
-6916
-7579
-7930
-7985
-7870
-7415
-6802
-5832
-4980
-4192
-3522
-3004
-2993
-3453
-4218
-4988
-5814
-6562
-7147
-7667
-7810
-7345
-6513
-5458
-4466
-3771
-3141
-2560
-2017
-1921
-2188
-2695
-3383
-3884
-4434
-4961
-5138
-4817
-4328
-3713
-3157
-2506
-1629
-917
-510
-366
-604
-629
-548
-619
-803
-1096
-1139
-934
-682
-413
-104
256
667
1060
1350
1713
1850
1679
1641
1551
1367
1322
1266
1071
990
921
829
849
762
622
532
377
145
-196
-295
-277
-426
-503
-558
-570
-431
-189
-122
-179
-227
-173
-340
-775
-1388
-2045
-2372
-2137
-1183
124
1601
3099
4090
4358
4111
3366
2329
1057
-455
-1779
-2823
-3809
-4222
-3845
-2776
-1523
-250
939
1715
2112
1969
1378
308
-994
-2440
-3925
-5050
-5687
-5805
-5445
-4476
-3294
-2036
-1009
-5
532
566
35
-720
-1702
-2892
-4116
-5144
-5727
-5791
-5433
-4740
-3840
-2906
-2180
-1632
-1160
-1006
-1278
-1874
-2618
-3583
-4511
-5426
-5873
-5938
-5783
-5513
-5205
-4657
-3875
-3371
-3029
-2924
-3088
-3515
-3913
-4303
-4706
-5064
-5141
-5115
-5057
-4769
-4401
-4043
-3594
-3362
-3320
-3492
-3693
-3960
-4328
-4542
-4628
-4723
-4927
-4937
-4787
-4489
-4326
-4065
-3806
-3650
-3645
-3645
-3647
-3788
-4189
-4818
-5432
-6326
-7243
-8190
-9082
-9608
-9779
-9783
-9372
-8655
-7760
-6760
-5940
-5209
-4650
-4417
-4745
-5430
-6220
-6911
-7636
-8443
-9098
-9217
-8802
-7904
-7034
-6231
-5278
-4261
-3476
-3004
-3060
-3368
-3586
-3997
-4623
-5297
-5579
-5390
-5242
-5109
-4666
-3928
-3195
-2423
-1866
-1346
-1010
-820
-832
-1015
-1193
-1447
-1607
-1635
-1560
-1373
-946
-472
-59
380
804
1060
1088
1051
1144
1245
1265
1013
876
912
1062
1176
1186
1067
933
800
782
710
490
306
170
14
-138
-198
-178
-182
-104
-90
32
192
260
351
340
117
-457
-1080
-1805
-2354
-2598
-2315
-1437
-206
1091
2316
3046
3185
2732
1900
896
-105
-1125
-2141
-2971
-3193
-2906
-2084
-816
435
1582
2332
2594
2491
2003
1191
-114
-1419
-2610
-3610
-4131
-3987
-3526
-2519
-1400
-367
573
1433
2051
2131
1644
979
132
-939
-1986
-2879
-3507
-3740
-3170
-2275
-1421
-463
252
772
1154
1271
1133
583
-266
-1066
-1770
-2404
-2840
-3042
-3068
-2918
-2335
-1707
-1126
-694
-339
-209
-410
-717
-1174
-1521
-2039
-2530
-2842
-3223
-3280
-3134
-2830
-2509
-2155
-1835
-1834
-1822
-1887
-1981
-2270
-2405
-2645
-3021
-3273
-3375
-3409
-3196
-2849
-2703
-2701
-2627
-2554
-2448
-2310
-2239
-2577
-3006
-3733
-4706
-5837
-6889
-7553
-7958
-8259
-8246
-7812
-7137
-6435
-5605
-4726
-3854
-3207
-2818
-2797
-3095
-3930
-4821
-5712
-6472
-6769
-6802
-6616
-6121
-5288
-4271
-3277
-2353
-1533
-993
-840
-934
-1030
-1356
-1988
-2679
-3139
-3448
-3559
-3290
-2681
-2085
-1335
-592
130
631
947
1174
1220
1129
1043
1003
756
468
434
559
831
1018
1189
1595
2027
2302
2524
2670
2615
2396
2231
2326
2137
1982
1958
1797
1696
1654
1505
1466
1345
1346
1212
974
716
637
497
271
248
239
235
376
524
513
494
640
723
590
462
110
-237
-204
308
1087
2228
3680
5172
6248
6732
6662
5905
4669
2980
991
-661
-2165
-3574
-4394
-4214
-3172
-1694
88
2024
3717
4712
4985
4548
3646
2258
411
-1316
-2858
-4230
-5055
-5086
-4488
-3549
-2185
-666
698
1610
1977
1922
1401
389
-944
-2241
-3425
-4421
-5134
-5322
-4945
-4315
-3493
-2584
-1557
-782
-343
-140
-219
-675
-1442
-2404
-3374
-4031
-4541
-4825
-4824
-4646
-4329
-3898
-3538
-3143
-2734
-2810
-2964
-3109
-3071
-3319
-3759
-3801
-3623
-3546
-3360
-2946
-2402
-1923
-1716
-1501
-1387
-1513
-1855
-2030
-2303
-2624
-2773
-2796
-2626
-2398
-2272
-1961
-1460
-1153
-984
-967
-964
-1011
-1102
-1348
-1780
-2373
-3190
-4298
-5392
-6344
-6939
-7228
-7220
-7014
-6462
-5672
-4623
-3537
-2699
-2296
-2118
-2084
-2404
-3134
-3934
-4898
-5853
-6669
-6933
-6710
-6170
-5434
-4632
-3735
-2829
-2041
-1701
-1443
-1375
-1710
-2330
-2903
-3467
-3950
-4510
-4750
-4614
-4181
-3491
-2761
-1988
-1266
-553
-167
-64
19
96
73
-59
-292
-374
-434
-377
-66
230
650
1009
1490
1975
2077
2020
2144
2239
2244
2204
2092
2119
2006
1886
1836
1799
1837
1875
1873
1794
1809
1604
1323
1140
940
720
751
896
845
887
1004
1349
1544
1495
1434
1363
1178
767
128
-525
-1055
-1248
-703
345
1463
2629
3625
4269
4172
3387
2331
1096
-165
-1437
-2543
-3080
-3049
-2675
-1678
-215
1301
2627
3479
3809
3548
2881
1887
473
-1212
-2727
-3915
-4527
-4404
-3710
-2727
-1523
-375
837
1981
2518
2362
1932
1223
381
-643
-1675
-2511
-3093
-3206
-2828
-2182
-1315
-276
697
1332
1671
1720
1514
1102
511
-137
-1138
-2009
-2477
-2699
-2591
-2352
-1758
-1002
-467
-169
132
408
404
136
-346
-801
-995
-1244
-1644
-1797
-1644
-1365
-1228
-1049
-772
-748
-797
-890
-997
-1283
-1662
-2065
-2359
-2417
-2487
-2368
-2210
-2009
-1688
-1582
-1562
-1628
-1614
-1434
-1412
-1570
-1877
-2381
-3287
-4301
-5224
-6034
-6748
-7224
-7262
-7102
-6786
-6266
-5351
-4449
-3676
-2967
-2514
-2244
-2382
-2930
-3658
-4383
-5136
-5904
-6251
-6056
-5646
-5116
-4202
-3289
-2387
-1344
-486
-81
-25
-173
-549
-1106
-1620
-1839
-2201
-2450
-2327
-1821
-1291
-824
-281
481
1276
1800
2028
2178
2201
2100
1886
1793
1730
1642
1657
1793
1995
2458
2899
3145
3388
3602
3696
3682
3616
3675
3630
3553
3533
3315
3071
2922
2913
3001
3037
2972
2806
2649
2422
2192
1912
1766
1691
1556
1571
1683
1714
1661
1697
1901
1962
1917
1848
1661
1268
842
481
293
279
874
2020
3506
4945
6042
6651
6639
6054
4957
3555
2228
838
-435
-1245
-1605
-1332
-438
815
2235
3655
4624
5085
5262
4796
3829
2689
1275
-181
-1513
-2318
-2448
-2065
-1360
-333
975
1989
2732
3354
3519
3406
2741
1594
434
-678
-1641
-2331
-2495
-2221
-1805
-1137
-250
665
1376
1883
2055
1974
1600
814
-76
-1037
-1705
-2171
-2671
-2828
-2545
-2051
-1538
-1142
-630
-154
27
-74
-537
-1036
-1366
-1570
-1862
-2069
-2173
-2083
-1813
-1420
-1026
-753
-699
-732
-600
-559
-704
-921
-1291
-1671
-1607
-1632
-1642
-1576
-1470
-1008
-777
-703
-640
-650
-577
-551
-655
-880
-1266
-1925
-2791
-3800
-4822
-5679
-6170
-6442
-6484
-6044
-5327
-4697
-3867
-2899
-2133
-1722
-1576
-1574
-1860
-2446
-3172
-4033
-4843
-5438
-5517
-5221
-4744
-3992
-3128
-2197
-1426
-634
-213
-164
-369
-635
-985
-1675
-2388
-2902
-3012
-2950
-2788
-2313
-1603
-959
-273
257
714
1075
1328
1428
1358
1272
1020
871
992
1193
1375
1613
1819
2046
2501
2741
3030
3214
3331
3379
3331
3234
3059
2910
2919
2919
2947
2998
2958
2827
2721
2661
2660
2470
2341
2256
2113
1978
1884
1876
1877
1906
1882
1919
2077
2196
2219
2215
2257
1979
1519
921
319
116
576
1506
2938
4512
5813
6532
6675
6317
5436
4189
2952
1695
219
-866
-1447
-1586
-992
180
1570
2945
4016
4644
4722
4453
3767
2734
1480
60
-1312
-2248
-2588
-2520
-2066
-1039
306
1542
2463
3027
3318
3151
2667
1900
789
-297
-1299
-2081
-2493
-2450
-2068
-1411
-392
500
1229
1844
2116
1940
1623
1077
540
-257
-1154
-1916
-2172
-2209
-2265
-1803
-1156
-699
-266
46
232
289
60
-255
-601
-940
-1282
-1630
-1950
-1856
-1488
-1136
-789
-452
-270
-136
-54
-95
-338
-510
-771
-1130
-1458
-1589
-1468
-1155
-827
-693
-669
-552
-345
-197
-105
-42
-219
-541
-950
-1519
-2188
-3163
-4229
-5206
-6033
-6204
-6123
-5962
-5598
-4835
-3898
-2864
-2012
-1513
-1245
-1136
-1560
-2087
-2760
-3509
-4262
-4899
-5156
-5134
-4685
-4192
-3400
-2381
-1383
-478
139
324
278
165
-201
-722
-1288
-1903
-2314
-2433
-2279
-1792
-1115
-249
333
890
1560
1976
2273
2423
2320
2303
2273
2141
1877
1788
1877
2136
2459
2808
3256
3613
3761
3781
3960
4121
4134
3911
3693
3555
3384
3274
3176
3145
3240
3301
3133
2994
2847
2730
2414
2243
2251
2277
2200
2131
2294
2263
2252
2341
2312
2265
2208
2300
2344
2089
1591
1076
593
422
672
1444
2666
4169
5600
6579
6906
6564
5871
4919
3550
1972
634
-419
-1235
-1561
-1104
-125
1217
2623
4021
5065
5441
5229
4539
3498
2146
758
-659
-1655
-2081
-2201
-1773
-996
136
1245
2235
2991
3338
3178
2815
2311
1545
576
-462
-1275
-1817
-2047
-1750
-1121
-201
738
1451
1931
2361
2429
2193
1616
914
200
-682
-1405
-1755
-1895
-1832
-1417
-907
-506
-16
394
627
656
413
59
-199
-347
-689
-971
-1156
-1133
-930
-832
-587
-222
99
265
477
526
367
56
-299
-384
-382
-476
-564
-616
-635
-608
-150
232
390
486
633
670
517
311
-50
-515
-1220
-2181
-3085
-4033
-4827
-5295
-5454
-5287
-4957
-4326
-3471
-2562
-1689
-1016
-496
-232
-443
-1115
-1655
-2342
-3193
-3854
-4210
-4260
-3841
-3200
-2378
-1583
-721
163
799
1169
1281
1056
511
0
-418
-845
-1271
-1476
-1233
-860
-446
3
597
1364
1930
2326
2483
2348
2020
1845
1595
1464
1486
1675
2037
2316
2749
3194
3243
2987
2570
2065
1460
1065
823
698
1026
1666
2370
3204
3975
4396
4601
4447
3688
2741
1953
1138
548
317
588
1310
2399
3571
4700
5791
6631
7145
7175
6782
6228
5488
4616
3849
3334
2974
2941
3348
4307
5622
7380
9040
10281
10845
10641
9943
8784
7239
5464
3774
2440
1353
901
1206
2007
2991
4073
5238
6216
6626
6347
5699
4783
3647
2361
1021
-95
-895
-1490
-1461
-922
-126
871
1730
2458
2890
3279
3401
2841
2111
989
-275
-1367
-2157
-2660
-2823
-2393
-1761
-1089
-407
401
1169
1526
1564
1354
785
146
-565
-1323
-1955
-2258
-2282
-2148
-1746
-882
-88
537
1092
1255
1421
1523
1483
1328
955
688
581
641
944
1329
1727
2100
2499
2803
2854
2684
2546
2234
1995
1793
1446
1204
1136
1097
1055
1196
1473
1678
1810
1730
1589
1730
1784
1702
1540
1190
403
-311
-994
-1895
-2875
-3724
-4357
-4686
-4789
-4653
-4264
-3541
-2856
-2086
-1420
-897
-504
-453
-936
-1709
-2674
-3725
-4684
-5297
-5511
-5203
-4667
-3924
-3183
-2138
-1244
-678
-447
-478
-647
-1075
-1642
-2445
-3077
-3670
-3982
-4122
-3995
-3392
-2683
-2094
-1559
-948
-422
103
320
252
-17
-299
-730
-1353
-1779
-1963
-1931
-1731
-1339
-542
159
805
1482
1800
1712
1407
1112
593
-269
-985
-1186
-1214
-1109
-963
-538
-61
413
755
884
668
196
-395
-1079
-1940
-2739
-3126
-3295
-3419
-3321
-2877
-2407
-1903
-1349
-1277
-1481
-1956
-2878
-4250
-5446
-6151
-6044
-5073
-3536
-1840
-362
847
1437
1313
591
-732
-2530
-4450
-6276
-7710
-8623
-8856
-8083
-6636
-4893
-3183
-1724
-652
22
253
-290
-1639
-3142
-4716
-6324
-7478
-7941
-7739
-6995
-5679
-3939
-2385
-1278
-437
134
96
-362
-1134
-2142
-3130
-4089
-4843
-5177
-5106
-4539
-3779
-2781
-1645
-544
204
692
940
744
351
-344
-1145
-1909
-2764
-3255
-3101
-2659
-2299
-1846
-1371
-718
-177
132
298
371
-75
-654
-1166
-1407
-1584
-1817
-1822
-1608
-1309
-910
-503
-142
16
-23
-81
-188
-305
-588
-903
-1343
-1572
-1418
-1237
-905
-528
-262
62
257
341
535
612
601
498
81
-472
-969
-1652
-2548
-3208
-3662
-4064
-4165
-3858
-3286
-2471
-1442
-473
429
1088
1512
1727
1641
1049
308
-404
-925
-1323
-1651
-1549
-926
43
930
1886
2857
3663
3926
4046
3997
3723
3257
2619
2006
1526
1182
916
1216
1704
2063
2645
3289
3728
3985
4101
4236
4215
3945
3518
3261
2938
2659
2579
2591
2750
2884
3036
3259
3510
3766
3875
3837
3762
3547
3393
3343
3106
2815
2604
2520
2706
2754
2704
2730
2661
2506
2229
1910
1757
1824
1699
1445
1267
1310
1334
1413
1699
1960
1992
1914
1941
1934
1776
1392
789
178
-146
-296
261
1468
2942
4399
5406
5923
5701
5111
4275
3345
2168
940
-17
-524
-494
93
1086
2351
3703
4758
5452
5747
5556
4960
3919
2862
1612
362
-426
-744
-597
42
980
1982
3031
4122
4703
4891
4765
4410
3863
2959
1799
813
162
80
186
349
912
1686
2666
3534
4096
4341
4196
4011
3556
2716
1811
1078
674
390
175
286
632
1059
1590
2068
2562
2739
2814
2747
2594
2101
1484
1120
885
680
565
542
781
1189
1591
1853
2001
2077
2125
1992
1628
1348
1406
1307
1110
949
980
1392
1750
1982
2069
2164
2301
2380
2400
2310
2148
1924
1395
836
184
-553
-1332
-2032
-2550
-2776
-2546
-2279
-1687
-753
217
1029
1684
2209
2346
2186
1743
1167
376
-365
-1036
-1435
-1469
-1209
-547
247
1110
1817
2548
3176
3324
3133
2851
2520
1922
1182
435
-118
-173
-233
-90
454
959
1400
1758
2064
2261
2343
2336
2177
1851
1476
1157
834
417
268
463
637
841
1111
1348
1612
1700
1551
1497
1509
1381
1125
847
730
793
720
719
587
398
443
358
296
194
-41
-263
-557
-749
-900
-962
-825
-772
-869
-1041
-1050
-922
-790
-652
-690
-743
-1002
-1440
-1945
-2045
-1693
-876
400
1876
3400
4508
5049
4879
4048
2827
1174
-509
-2159
-3714
-4740
-5073
-4647
-3677
-2104
-361
1325
2637
3283
3404
3004
2056
648
-1006
-2738
-4251
-5193
-5728
-5584
-4573
-3226
-1927
-637
401
1176
1400
1214
512
-386
-1511
-2799
-3857
-4677
-5047
-5091
-4639
-3635
-2612
-1648
-712
-5
342
242
-177
-698
-1524
-2558
-3352
-3824
-3959
-3930
-3829
-3539
-3081
-2511
-2007
-1691
-1484
-1394
-1384
-1693
-2108
-2356
-2365
-2322
-2242
-2100
-1854
-1543
-972
-475
-288
-300
-238
-258
-266
-411
-765
-865
-963
-946
-815
-634
-268
-28
156
388
781
922
954
933
862
558
85
-472
-1326
-2217
-3102
-3826
-4336
-4610
-4416
-3885
-3137
-2280
-1413
-567
29
418
785
914
574
-112
-923
-1656
-2426
-2942
-2998
-2813
-2336
-1600
-761
110
852
1582
1984
2129
2034
1575
919
265
-368
-1004
-1453
-1545
-1507
-1108
-554
86
654
1036
1445
1625
1553
1342
1138
836
417
165
90
244
361
434
584
827
1223
1577
1764
1847
1838
1817
1725
1590
1446
1311
1245
1361
1331
1291
1381
1467
1256
1056
931
791
565
461
256
80
13
-32
-48
69
73
62
72
326
596
697
668
481
-49
-555
-710
-530
-30
