-5090
-4740
-4502
-4214
-4063
-4040
-4168
-4365
-4752
-4955
-4939
-4889
-4947
-4922
-4708
-4481
-4225
-4024
-3909
-3802
-3697
-3641
-3557
-3592
-3699
-4089
-4655
-5481
-6260
-6995
-7739
-8316
-8719
-8628
-8380
-7909
-6966
-6069
-5151
-4460
-3892
-3326
-3293
-3737
-4464
-5225
-6119
-6848
-7319
-7421
-6999
-6321
-5457
-4625
-3638
-2788
-2162
-1701
-1571
-1783
-2247
-3000
-3897
-4495
-5052
-5371
-5388
-5087
-4540
-3895
-3305
-2891
-2545
-2367
-2588
-3010
-3633
-4422
-5082
-5465
-5609
-5354
-4558
-3285
-2085
-1132
-954
-1642
-2891
-4497
-6415
-8270
-10060
-11502
-12142
-11921
-10909
-9390
-7614
-6071
-5100
-4799
-5120
-5923
-7308
-9057
-10888
-12366
-13114
-13003
-11960
-10237
-8046
-5614
-3148
-957
600
1392
1326
620
-564
-2163
-3799
-5439
-6527
-6806
-6128
-4403
-1811
1145
3934
5935
6811
6780
5889
4367
2371
26
-2303
-4309
-5746
-6415
-6048
-4972
-3311
-1538
-42
830
1134
831
-411
-2124
-4067
-6175
-8223
-9881
-10598
-10415
-9784
-8792
-7152
-5422
-4179
-3474
-3214
-3573
-4545
-5965
-7563
-9294
-10915
-11962
-12463
-12328
-11793
-10731
-9511
-8098
-6791
-5779
-5112
-5055
-5564
-6373
-7426
-8855
-10223
-11253
-11786
-11894
-11591
-11073
-10036
-8742
-7519
-6404
-5435
-4684
-4196
-3964
-3987
-4144
-4286
-4141
-3942
-3617
-3364
-3074
-2551
-1829
-1328
-931
-660
-599
-513
-822
-1100
-1354
-1655
-1765
-1703
-1772
-1839
-1740
-1739
-1832
-1931
-2065
-2110
-2200
-2480
-2878
-3123
-3455
-3849
-4410
-5198
-5805
-6124
-6326
-6667
-6764
-6568
-6161
-5502
-4704
-3890
-3263
-2968
-3032
-3381
-3959
-4698
-5586
-6527
-7318
-8007
-8447
-8498
-8163
-7626
-6915
-6150
-5424
-4956
-4483
-4157
-4049
-4267
-4595
-5136
-5578
-5855
-5861
-5431
-4949
-4206
-3267
-2405
-1523
-791
-125
500
958
1303
1509
1606
1604
1249
425
-531
-1412
-2369
-3432
-4345
-4458
-3521
-1715
263
2127
3587
4701
5279
5084
4186
2724
926
-922
-2579
-3673
-3974
-3405
-1974
21
2011
3896
5344
6194
6297
5634
4406
3030
1442
-84
-1162
-1687
-1570
-512
1321
3399
5203
6376
7078
7265
7124
6769
6435
6511
6686
6869
7035
7067
6974
6582
5879
4817
3753
2639
1524
690
116
-198
3
669
1543
2654
3701
4451
4770
4740
4332
3350
1964
665
-396
-1387
-2116
-2230
-2034
-1621
-897
-36
671
1010
1237
1234
989
332
-623
-1674
-2691
-3424
-3804
-4160
-4363
-4193
-3853
-3692
-3608
-3646
-3464
-3355
-3574
-3929
-4255
-4468
-4785
-4862
-4803
-4530
-4342
-4252
-4000
-3685
-3477
-3401
-3284
-3307
-3552
-3927
-4226
-4336
-4219
-4202
-4004
-3512
-2934
-2469
-2060
-1547
-1110
-950
-893
-1064
-1437
-1813
-2188
-2613
-3003
-3295
-3404
-3211
-2964
-2738
-2623
-2445
-2078
-1871
-1817
-1835
-1838
-2246
-2984
-3954
-5213
-6650
-7948
-8988
-9909
-10376
-10331
-10061
-9530
-8646
-7633
-6658
-5716
-4971
-4730
-4821
-5401
-6254
-7202
-8109
-9044
-9738
-10083
-10062
-9696
-9196
-8633
-7765
-6770
-5943
-5411
-5374
-5677
-6299
-6943
-7368
-7739
-8158
-8345
-8366
-8322
-7915
-7093
-6166
-5388
-4809
-4397
-4016
-3586
-3354
-3337
-3297
-3000
-2826
-2719
-2517
-2142
-1778
-1530
-1137
-862
-679
-564
-641
-717
-805
-815
-1041
-1302
-1370
-1371
-1541
-1687
-1803
-1850
-1809
-1738
-1738
-1765
-1908
-2191
-2586
-2803
-2994
-3271
-3332
-3390
-3374
-3227
-2977
-2737
-2506
-2373
-2367
-2392
-2632
-3146
-3969
-4631
-4714
-4158
-3205
-1905
-533
371
724
503
-131
-1222
-2675
-4429
-6037
-7253
-7966
-8323
-8090
-7196
-5748
-4280
-3050
-2004
-1509
-1595
-2123
-3080
-4539
-6248
-7803
-8867
-9415
-9436
-9114
-8273
-6806
-5354
-4227
-3355
-2696
-2520
-2907
-3798
-4890
-5833
-6886
-7884
-8536
-8750
-8398
-7606
-6711
-5878
-4890
-3986
-3423
-3196
-3437
-3756
-4206
-4895
-5748
-6554
-7066
-7158
-7056
-7025
-6659
-6077
-5583
-5180
-4650
-4431
-4537
-4798
-5091
-5601
-6185
-6647
-6814
-6800
-6642
-6656
-6420
-6068
-5893
-5780
-5640
-5559
-5651
-5845
-6207
-6469
-6649
-6829
-6792
-6525
-6406
-6233
-5985
-5729
-5596
-5454
-5368
-5216
-4938
-4978
-5410
-6037
-6778
-7843
-8786
-9499
-10122
-10613
-10959
-10891
-10527
-9915
-9063
-8008
-7128
-6460
-5760
-5353
-5372
-5826
-6563
-7434
-8209
-8906
-9355
-9624
-9338
-8687
-7843
-6923
-5885
-5086
-4273
-3713
-3318
-3457
-3935
-4319
-4759
-5341
-5749
-5935
-5783
-5443
-4953
-4296
-3553
-2647
-2127
-1760
-1184
-792
-772
-945
-1136
-1164
-1114
-882
-699
-560
-268
-69
-14
239
640
1044
1395
1689
1703
1642
1523
1458
1418
1343
1246
1174
1114
1174
1264
1247
1191
1189
1069
847
577
227
-44
-152
-191
-163
32
266
477
581
681
841
891
844
711
255
-354
-1038
-1268
-693
435
1816
3338
4638
5312
5460
5102
4323
3241
1777
295
-980
-2088
-2493
-2375
-1859
-822
674
1984
3047
3649
3648
3246
2518
1397
71
-1196
-2295
-3105
-3526
-3284
-2567
-1674
-572
621
1370
1935
2216
1872
1315
644
-449
-1644
-2699
-3430
-3625
-3530
-3230
-2693
-1835
-875
-91
417
628
633
188
-629
-1352
-2047
-2589
-3164
-3517
-3531
-3420
-3076
-2509
-2104
-1837
-1604
-1260
-1104
-1238
-1684
-2226
-2653
-2911
-3160
-3347
-3221
-2982
-2734
-2460
-2063
-1712
-1568
-1692
-1931
-2173
-2284
-2425
-2637
-2839
-3065
-3095
-2774
-2443
-2275
-2223
-2106
-2092
-1975
-1748
-1637
-1620
-1957
-2428
-3072
-3774
-4640
-5522
-6326
-6984
-7408
-7582
-7497
-7020
-6312
-5464
-4635
-3946
-3432
-3130
-2991
-3172
-3909
-4777
-5587
-6364
-7093
-7536
-7528
-7232
-6528
-5625
-4591
-3752
-3124
-2431
-2059
-2114
-2630
-3288
-3693
-4073
-4430
-4671
-4829
-4635
-4307
-3860
-3385
-2695
-1984
-1264
-830
-641
-614
-745
-926
-1086
-1271
-1561
-1467
-1161
-768
-530
-379
-60
318
704
968
1244
1339
1311
1196
988
907
782
667
614
715
633
581
572
439
323
331
261
-11
-256
-587
-834
-907
-728
-648
-719
-767
-637
-506
-509
-436
-433
-683
-1297
-1877
-2277
-2565
-2572
-1945
-716
926
2414
3338
3793
3721
2959
1751
327
-1063
-2616
-3944
-4730
-4752
-4176
-3294
-2175
-858
377
1313
1608
1387
780
-379
-1867
-3234
-4496
-5515
-6007
-5989
-5483
-4361
-3343
-2271
-1199
-404
-48
-207
-767
-1587
-2595
-3840
-5083
-5772
-6100
-6137
-5821
-5192
-4302
-3255
-2380
-1820
-1425
-1376
-1708
-2297
-3044
-3904
-4790
-5372
-5733
-5909
-5972
-5675
-5146
-4678
-4252
-3818
-3477
-3422
-3727
-4138
-4465
-4631
-4957
-5406
-5656
-5542
-5333
-4965
-4706
-4344
-3874
-3564
-3492
-3690
-4019
-4180
-4367
-4611
-4878
-5060
-5163
-5027
-4747
-4586
-4499
-4408
-4315
-4085
-3827
-3794
-3771
-3913
-4126
-4532
-5291
-6148
-7185
-8274
-9059
-9590
-9788
-9455
-8882
-8309
-7420
-6460
-5703
-5064
-4661
-4554
-4635
-5152
-6031
-6912
-7791
-8388
-8579
-8433
-8138
-7610
-6918
-5967
-4886
-3994
-3343
-3126
-3093
-3274
-3573
-3995
-4478
-4891
-5309
-5424
-5318
-4926
-4295
-3668
-2793
-2043
-1602
-1197
-912
-676
-759
-901
-1127
-1258
-1247
-1165
-966
-747
-354
-4
372
908
1209
1282
1265
1287
1440
1445
1383
1304
1188
1138
1287
1353
1279
1314
1316
1307
1225
1031
829
583
565
548
335
212
85
92
275
385
526
693
842
863
699
530
178
-514
-1629
-2524
-2938
-2702
-1800
-646
628
1700
2453
2754
2425
1659
803
-127
-1061
-1722
-2067
-2152
-1894
-1189
-283
880
1961
2622
2772
2691
2183
1143
133
-984
-2028
-2746
-3023
-2861
-2317
-1450
-348
760
1921
2704
2914
2696
2178
1447
607
-283
-1171
-1793
-2015
-1896
-1532
-978
-294
566
1443
2147
2574
2460
2243
1852
1156
384
-389
-1080
-1622
-1871
-1686
-1236
-672
-54
358
648
964
1171
1082
725
159
-540
-1014
-1522
-1969
-2258
-2305
-2180
-2069
-1818
-1512
-1298
-1096
-1231
-1346
-1588
-1965
-2135
-2352
-2567
-2702
-2756
-2648
-2451
-2372
-2535
-2465
-2101
-1892
-1797
-1890
-2087
-2372
-2683
-3136
-3949
-4896
-5789
-6572
-7200
-7579
-7494
-7183
-6566
-5606
-4665
-3905
-3472
-2984
-2652
-2565
-2737
-3328
-4219
-5075
-5661
-5876
-6033
-5830
-5203
-4387
-3445
-2648
-1855
-1148
-563
-42
130
-203
-768
-1417
-1907
-2141
-2391
-2368
-2099
-1539
-879
-110
535
1107
1577
1899
2041
1919
1700
1596
1537
1435
1337
1264
1373
1682
1866
2075
2386
2792
3187
3348
3432
3355
3278
3187
3028
2899
2867
2703
2533
2451
2506
2564
2530
2275
2164
2126
1903
1540
1404
1307
1258
1335
1383
1421
1467
1586
1606
1363
1382
1530
1471
1232
994
914
1196
1641
2489
3838
5304
6648
7576
8032
7854
6956
5318
3342
1390
-515
-2163
-3392
-3840
-3350
-2206
-502
1342
3363
4993
5985
6208
5720
4767
3271
1420
-475
-2311
-3654
-4173
-4028
-3339
-2279
-952
492
1621
2254
2464
2280
1661
615
-794
-2233
-3555
-4489
-5005
-5190
-4808
-4013
-3097
-2193
-1350
-617
52
209
-201
-781
-1499
-2172
-2968
-3759
-4282
-4524
-4663
-4728
-4365
-3899
-3591
-3374
-3143
-3071
-3121
-3371
-3678
-3785
-3749
-3873
-3789
-3338
-2883
-2579
-2318
-2017
-1722
-1565
-1625
-1619
-1867
-2238
-2534
-2629
-2643
-2554
-2486
-2395
-2040
-1601
-1223
-1044
-840
-643
-708
-786
-781
-1023
-1530
-2128
-2961
-4022
-5023
-5819
-6467
-6758
-6737
-6507
-6144
-5387
-4217
-3310
-2682
-2082
-1751
-1756
-2173
-2745
-3628
-4641
-5531
-6206
-6463
-6492
-6327
-5794
-5032
-4179
-3391
-2631
-2150
-1844
-1762
-2124
-2692
-3344
-4017
-4575
-4884
-5007
-4958
-4637
-4017
-3308
-2520
-1813
-1496
-1157
-768
-508
-506
-618
-633
-793
-878
-817
-748
-563
-442
-113
373
841
1113
1388
1611
1644
1682
1897
1964
1810
1716
1896
1939
1937
1879
1929
1951
1776
1704
1631
1420
1323
1107
904
846
800
625
797
1012
1183
1219
1204
1264
1322
1376
1166
732
30
-705
-1187
-1299
-1041
-175
836
1853
2624
3146
3347
2683
1593
310
-926
-1997
-2844
-3394
-3537
-2959
-1852
-436
938
2041
2987
3429
2997
2140
1061
-301
-1906
-3442
-4402
-4853
-4677
-4108
-2979
-1653
-447
569
1365
1959
2167
1721
912
-137
-1184
-2160
-2963
-3233
-3232
-2931
-2184
-1096
-34
746
1374
1783
1760
1641
1166
375
-346
-989
-1546
-1892
-2137
-2150
-1835
-1313
-683
-135
349
575
663
664
526
301
-168
-724
-1086
-1409
-1493
-1512
-1411
-1236
-838
-621
-668
-807
-985
-1110
-1367
-1759
-2136
-2233
-2258
-2345
-2323
-2055
-1760
-1668
-1613
-1622
-1534
-1435
-1458
-1525
-1711
-2073
-2672
-3328
-4161
-4982
-5871
-6732
-7209
-7358
-7365
-6921
-6165
-5435
-4656
-3793
-2942
-2329
-2173
-2518
-2977
-3664
-4534
-5305
-5766
-6109
-6215
-5706
-4933
-4096
-3321
-2287
-1283
-522
32
181
1
-354
-894
-1522
-1925
-2080
-2077
-1919
-1626
-1282
-633
253
1104
1701
2007
2318
2482
2572
2523
2456
2425
2381
2280
2234
2494
2859
3128
3352
3588
3906
4097
4186
4247
4337
4334
4211
4066
3789
3687
3715
3740
3697
3594
3653
3804
3684
3482
3309
2992
2823
2719
2561
2547
2549
2463
2422
2332
2366
2418
2450
2450
2538
2535
2172
1556
809
320
456
1076
2158
3533
4960
6137
6690
6563
6043
5173
3853
2552
1284
81
-616
-871
-638
222
1420
2673
3867
4833
5335
5212
4857
4204
3106
1643
105
-1071
-1643
-1612
-1195
-323
683
1672
2657
3351
3716
3824
3528
2745
1776
810
-121
-1011
-1760
-2067
-1754
-1154
-282
631
1420
1998
2333
2287
2070
1635
894
190
-714
-1434
-1759
-1923
-1952
-1732
-1425
-947
-491
-97
150
164
140
-82
-465
-1005
-1537
-1970
-2129
-2117
-1931
-1764
-1572
-1346
-975
-655
-590
-623
-737
-926
-1123
-1435
-1843
-2089
-1968
-1789
-1671
-1371
-1106
-865
-830
-779
-627
-381
-254
-358
-633
-1251
-1860
-2631
-3565
-4439
-5105
-5655
-6032
-6195
-5947
-5430
-4621
-3759
-2874
-2055
-1471
-1352
-1464
-1774
-2349
-3232
-4193
-4798
-5158
-5349
-5336
-4935
-4220
-3374
-2460
-1479
-694
-289
-282
-459
-839
-1376
-1901
-2235
-2458
-2783
-2983
-2860
-2395
-1772
-1086
-399
332
846
1072
1237
1283
1236
1069
756
646
726
754
852
913
1160
1565
2106
2398
2755
2994
3030
3138
3130
2965
2703
2468
2405
2538
2546
2423
2470
2659
2501
2348
2353
2209
2027
1828
1526
1382
1301
1356
1431
1518
1517
1475
1609
1782
1910
1846
1782
1594
951
346
2
-235
26
1021
2441
3898
5255
6044
6108
5614
4612
3485
2283
918
-377
-1385
-1924
-1925
-1195
61
1433
2567
3486
4110
4240
4068
3390
2025
653
-753
-1973
-2841
-3066
-2904
-2338
-1420
-341
693
1588
2280
2585
2470
1935
1090
-119
-1397
-2386
-2887
-3170
-3140
-2754
-1960
-999
-134
617
1119
1174
1195
959
430
-243
-1081
-1954
-2623
-3016
-2901
-2523
-2241
-1858
-1480
-970
-564
-292
-161
-338
-697
-1198
-1516
-1773
-2037
-2236
-2159
-1722
-1447
-1157
-895
-719
-544
-451
-526
-714
-940
-1125
-1487
-1736
-1808
-1800
-1661
-1444
-1254
-1016
-833
-642
-441
-364
-368
-412
-604
-985
-1605
-2514
-3317
-4122
-4969
-5488
-5957
-6281
-6217
-5734
-4867
-3934
-2931
-2117
-1512
-1237
-1401
-1627
-2128
-2854
-3790
-4618
-5156
-5439
-5267
-5004
-4415
-3442
-2473
-1520
-857
-564
-282
-85
-167
-462
-1107
-1633
-1866
-2056
-2151
-1941
-1585
-1034
-352
291
870
1453
2062
2367
2391
2430
2350
2147
1996
1883
1996
2071
2145
2433
2929
3390
3695
3955
4035
4137
4246
4294
4193
4077
3989
3836
3807
3751
3651
3599
3684
3707
3659
3559
3364
3289
3197
3064
3048
2878
2560
2506
2583
2551
2666
2780
2917
2930
2872
2788
2599
2330
1930
1426
903
1030
1808
2988
4411
5673
6606
7098
7000
6315
5154
3771
2461
1199
152
-525
-751
-345
746
1962
3086
4120
4891
5190
5086
4492
3420
2148
997
-71
-1003
-1575
-1735
-1250
-248
925
1900
2732
3407
3608
3443
3102
2537
1714
716
-401
-1120
-1579
-1595
-1232
-541
196
1097
1929
2415
2731
2693
2425
1940
1160
385
-219
-780
-1270
-1449
-1313
-993
-476
14
383
728
1066
1100
997
691
273
-132
-551
-890
-1149
-957
-796
-752
-425
40
423
595
678
591
207
-29
-44
-321
-585
-748
-815
-607
-359
-124
68
144
178
343
404
361
395
284
59
-454
-1186
-2153
-3114
-3899
-4546
-4940
-5131
-5023
-4680
-4138
-3339
-2423
-1681
-1194
-742
-585
-550
-891
-1743
-2636
-3354
-3869
-4197
-4224
-4052
-3706
-3009
-2115
-1210
-304
454
881
849
612
138
-318
-816
-1170
-1527
-1750
-1605
-1227
-754
-210
518
1171
1755
2081
2277
2253
1951
1585
1239
1017
1046
1319
1856
2332
2570
2847
3029
2883
2379
1650
941
339
102
290
721
1335
1973
2648
3384
4036
4231
3944
3212
2247
1506
819
218
171
448
1053
1925
3014
4301
5474
6297
6698
6892
6615
5774
4722
3805
3269
2736
2413
2507
2979
3990
5448
7076
8632
9763
10347
10216
9487
8193
6484
4745
3034
1782
1024
701
959
1611
2682
3927
4973
5800
6142
5869
5221
4247
3026
1705
194
-1146
-1809
-1985
-1870
-1377
-537
303
1263
1953
2313
2452
2375
1968
1087
-30
-1170
-2217
-3011
-3447
-3578
-3205
-2525
-1596
-860
-280
260
596
542
217
-361
-1081
-1653
-2224
-2639
-2947
-3057
-2743
-2214
-1417
-662
-132
358
613
656
646
538
281
-5
-193
-158
-173
-60
238
635
950
1410
1768
1814
1840
1792
1610
1323
1139
976
880
551
303
473
701
900
1091
1208
1063
1004
1018
1070
966
707
446
127
-545
-1372
-2240
-3238
-4012
-4593
-4976
-5144
-5091
-4582
-3893
-3128
-2292
-1635
-1327
-1153
-1211
-1492
-2098
-3132
-4146
-4933
-5430
-5602
-5569
-5239
-4619
-3563
-2571
-1869
-1320
-914
-932
-1118
-1593
-2293
-2975
-3556
-4018
-4303
-4419
-4264
-3765
-3234
-2413
-1491
-929
-587
-328
-249
-260
-394
-714
-1228
-1773
-2358
-2792
-2812
-2380
-1716
-899
-138
383
849
1242
1400
1242
707
46
-569
-1164
-1574
-1672
-1469
-1198
-725
-166
300
578
697
558
193
-402
-1218
-1993
-2510
-3064
-3477
-3569
-3214
-2584
-2045
-1714
-1468
-1355
-1389
-1841
-2947
-4264
-5505
-6425
-6366
-5469
-4063
-2207
-524
682
1262
1007
292
-978
-2603
-4279
-6095
-7423
-8163
-8345
-7755
-6424
-4591
-2940
-1545
-514
-4
-125
-881
-2069
-3486
-4984
-6407
-7478
-7667
-7292
-6468
-5235
-3728
-2428
-1362
-508
-92
-47
-363
-1144
-2162
-3155
-4016
-4870
-5317
-4927
-4102
-3071
-2182
-1297
-277
434
829
853
569
125
-626
-1322
-1918
-2538
-2875
-2954
-2827
-2140
-1324
-797
-362
-59
162
192
16
-121
-433
-997
-1406
-1654
-1875
-2040
-1763
-1272
-852
-555
-114
75
225
165
-179
-476
-671
-843
-971
-1266
-1223
-978
-753
-515
-253
9
288
407
666
703
636
532
385
-130
-888
-1607
-2235
-2922
-3725
-4158
-4012
-3531
-2959
-2168
-1305
-397
620
1364
1811
1916
1533
864
429
-18
-553
-981
-1159
-1015
-575
164
1298
2274
2885
3570
4135
4332
4115
3803
3512
3113
2526
1861
1390
1389
1647
1836
2209
2650
3189
3732
4113
4352
4381
4168
3877
3673
3420
3148
2895
2788
2844
2867
2996
3276
3506
3731
3958
4028
4072
3909
3653
3475
3295
3115
2986
3003
3086
2839
2678
2798
2850
2687
2565
2529
2399
2309
2094
1702
1622
1702
1789
1880
1879
2045
2189
2153
2125
2201
2264
2074
1763
1190
519
277
481
1049
2097
3666
5018
6011
6392
6176
5710
4916
3633
2508
1490
485
-139
-302
243
1231
2457
3756
4881
5719
5876
5703
5209
4256
3070
1953
908
-61
-720
-508
207
1122
2108
2937
3805
4461
4892
4969
4537
3879
2864
1745
801
121
-277
-226
301
1010
1835
2719
3457
3787
3836
3855
3753
3309
2635
1884
1323
809
336
32
63
546
1000
1409
1771
2192
2510
2476
2427
2191
1679
1269
885
695
500
463
805
1103
1490
1918
2190
2289
2245
2186
2136
2101
1948
1627
1370
1114
1106
1285
1391
1678
2155
2346
2435
2518
2568
2798
2923
2634
2481
2124
1394
534
-486
-1202
-1766
-2187
-2252
-2296
-1995
-1228
-469
218
954
1607
2105
2380
2328
1838
966
284
-366
-1091
-1589
-1600
-1336
-730
90
976
1696
2326
2912
3061
2819
2592
2205
1504
734
255
-233
-493
-474
-356
-126
488
1185
1651
1962
2157
2256
2072
1617
1217
863
643
457
377
489
606
692
887
987
1173
1438
1672
1636
1453
1317
1272
1031
523
189
208
341
353
515
612
543
212
224
312
176
-107
-403
-519
-569
-736
-897
-959
-892
-663
-646
-710
-650
-507
-647
-811
-1021
-1457
-1928
-2264
-2110
-1483
-431
1087
2491
3535
4137
4219
3616
2409
966
-611
-2221
-3467
-4155
-4331
-3982
-3164
-1782
-294
949
1975
2594
2693
2268
1324
55
-1459
-3004
-4242
-4881
-5035
-4779
-3818
-2542
-1383
-339
507
1066
1208
1031
354
-663
-1762
-2823
-3775
-4360
-4471
-4233
-3620
-2900
-2113
-1065
-149
114
147
226
-38
-615
-1280
-2119
-2831
-3410
-3638
-3768
-3482
-2887
-2332
-1838
-1471
-1142
-915
-933
-1054
-1383
-1866
-2205
-2297
-2213
-2011
-1897
-1665
-1352
-993
-864
-675
-430
-220
-102
-386
-825
-1105
-1273
-1361
-1223
-1028
-759
-510
-138
68
173
358
496
594
493
497
347
-88
-617
-1353
-2100
-2944
-3731
-4202
-4344
-4322
-3918
-3467
-2668
-1619
-710
72
549
694
506
153
-420
-1047
-1676
-2374
-2824
-2871
-2687
-2232
-1431
-488
286
1007
1616
2040
2217
2023
1503
889
242
-358
-899
-1235
-1309
-1169
-744
-146
428
902
1206
1448
1532
1559
1515
1298
959
620
343
197
205
180
286
593
1017
1266
1516
1582
1743
1715
1535
1521
1518
1478
1376
1188
1203
1230
1180
1243
1294
1196
1032
923
775
635
555
314
209
227
173
171
242
292
340
442
531
615
534
563
416
100
-218
-272
51
606
