-5073
-4896
-4539
-4144
-3981
-4017
-4102
-4436
-4734
-4890
-4938
-5009
-5026
-4982
-4928
-4808
-4777
-4605
-4325
-4166
-3858
-3701
-3786
-4031
-4233
-4438
-4870
-5576
-6503
-7513
-8427
-8971
-9079
-8941
-8579
-8133
-7606
-6745
-5784
-4843
-4067
-3613
-3620
-4157
-4760
-5522
-6219
-6789
-7212
-7193
-6735
-6170
-5411
-4526
-3478
-2456
-1767
-1308
-1251
-1391
-1835
-2463
-3299
-4085
-4513
-4785
-4781
-4657
-4135
-3498
-2954
-2345
-1912
-1589
-1690
-2229
-2971
-3834
-4463
-4713
-4862
-4587
-3921
-2980
-1548
-567
-515
-1102
-2440
-4176
-6126
-8113
-9782
-11169
-11867
-11634
-10765
-9345
-7663
-6270
-5176
-4532
-4610
-5531
-7135
-9056
-10897
-12291
-13083
-13146
-12333
-10661
-8334
-5838
-3399
-1245
237
1003
1025
428
-645
-2005
-3309
-4813
-5994
-6079
-4743
-2395
498
3503
6101
7827
8502
8107
6804
4752
2153
-660
-3432
-5828
-7546
-8119
-7483
-5935
-3853
-1473
655
2138
2753
2420
1391
-374
-2726
-5223
-7678
-9637
-10850
-11253
-10758
-9217
-7374
-5657
-4262
-3340
-2914
-3157
-4088
-5470
-7033
-8922
-10784
-12265
-13215
-13542
-13365
-12502
-11063
-9420
-7836
-6661
-5944
-5622
-5851
-6634
-7771
-9046
-10396
-11465
-12202
-12509
-12460
-12299
-11500
-10251
-8965
-7742
-6675
-5926
-5481
-5389
-5244
-5212
-5169
-4986
-4774
-4334
-3848
-3296
-2643
-1895
-1178
-795
-705
-775
-925
-1043
-1215
-1349
-1549
-1634
-1798
-1947
-1911
-1568
-1095
-1072
-1238
-1235
-1440
-1820
-2178
-2353
-2619
-3002
-3332
-3978
-4730
-5407
-5962
-6223
-6462
-6434
-6122
-5488
-4779
-4160
-3461
-2673
-2303
-2438
-2919
-3481
-4147
-4900
-5970
-7189
-8101
-8587
-8526
-8154
-7618
-6908
-6090
-5470
-5013
-4523
-4125
-4057
-4387
-5120
-5621
-5811
-6012
-6132
-6012
-5684
-5135
-4444
-3448
-2235
-1101
-414
85
541
780
946
1084
1009
601
-170
-1146
-2107
-3076
-4211
-5159
-5244
-4167
-2444
-444
1506
3162
4424
5198
5049
4144
2564
726
-1200
-2903
-3955
-4024
-3291
-1860
50
2089
3947
5485
6380
6590
5969
4612
3095
1410
-24
-955
-1274
-861
218
1922
3911
5920
7172
7801
8085
8344
8613
8720
8761
8706
8465
8131
7755
7230
6475
5578
4340
2924
1608
464
-223
-462
-380
98
935
2005
3138
4141
4818
5120
5061
4383
3280
2157
1134
-36
-1252
-1933
-2237
-2236
-1972
-1541
-932
-400
67
397
336
-195
-975
-1706
-2674
-3609
-4234
-4608
-4972
-5211
-5025
-4915
-4746
-4562
-4395
-4202
-4182
-4286
-4411
-4555
-4745
-4781
-4810
-4832
-4706
-4352
-4136
-4147
-4199
-4011
-3934
-3963
-4064
-4174
-4420
-4673
-4636
-4475
-4092
-3560
-2965
-2415
-1953
-1547
-1219
-965
-750
-668
-859
-1224
-1696
-2202
-2706
-3000
-3143
-3069
-2664
-2401
-2141
-1778
-1469
-1344
-1144
-925
-927
-1106
-1536
-2303
-3328
-4521
-5924
-7454
-8720
-9409
-9802
-10042
-9952
-9241
-8243
-7099
-6068
-5324
-4640
-4270
-4468
-4972
-5824
-7071
-8181
-9005
-9720
-10181
-10162
-9903
-9429
-8771
-7788
-6883
-6163
-5735
-5746
-5920
-6228
-6733
-7503
-8168
-8482
-8641
-8652
-8354
-7834
-7347
-6808
-6066
-5296
-4783
-4116
-3522
-3297
-3210
-3221
-3210
-3026
-2881
-2709
-2392
-1991
-1512
-1069
-661
-314
-116
-156
-375
-439
-576
-722
-892
-1176
-1168
-1045
-1177
-1127
-909
-743
-855
-1112
-1296
-1544
-1668
-1943
-2337
-2375
-2311
-2587
-2725
-2702
-2576
-2337
-2120
-2003
-2071
-1831
-1669
-2047
-2817
-3582
-4070
-4057
-3807
-2920
-1528
-238
653
1019
935
205
-1047
-2392
-4052
-5777
-7017
-7838
-8321
-8065
-7222
-5875
-4389
-3100
-2076
-1527
-1662
-2261
-3174
-4462
-5982
-7385
-8407
-9237
-9501
-9043
-7996
-6768
-5498
-4206
-3098
-2509
-2395
-2743
-3386
-4471
-5619
-6736
-7849
-8472
-8523
-8189
-7579
-6939
-6000
-5013
-4144
-3375
-3014
-3045
-3462
-4098
-4977
-5913
-6361
-6677
-6936
-6929
-6644
-6257
-5864
-5343
-4834
-4427
-4298
-4541
-4780
-4885
-5381
-5946
-6318
-6518
-6642
-6462
-6182
-5961
-5644
-5473
-5336
-5267
-5356
-5617
-5928
-6139
-6334
-6637
-6851
-6838
-6639
-6357
-6109
-5850
-5596
-5401
-5276
-5059
-4894
-5034
-5223
-5509
-6021
-6797
-7756
-8826
-9623
-10307
-10968
-11297
-11230
-10787
-9995
-9224
-8440
-7403
-6366
-5777
-5464
-5235
-5610
-6319
-7307
-8456
-9288
-9732
-9947
-9663
-9014
-8096
-6977
-5814
-4663
-3932
-3496
-3308
-3523
-3831
-4114
-4701
-5251
-5605
-5819
-5867
-5736
-5261
-4584
-3832
-2941
-2283
-1717
-1353
-1186
-1099
-1056
-1046
-1091
-1298
-1408
-1279
-960
-613
-319
35
412
754
834
1033
1291
1382
1180
1005
965
923
950
776
735
756
692
739
580
473
486
276
-129
-432
-648
-768
-756
-570
-478
-415
-286
-178
-19
6
-15
167
238
51
-475
-1233
-1919
-2037
-1441
-253
1155
2616
3953
4770
5110
4811
3875
2495
984
-343
-1676
-2753
-3343
-3223
-2709
-1539
-56
1177
2167
2994
3370
3055
2134
1020
-276
-1655
-2918
-3812
-4200
-3937
-3138
-2136
-1116
127
1235
1781
1938
1872
1248
370
-734
-1823
-2911
-3591
-4014
-4149
-3655
-2924
-1998
-1073
-431
18
142
107
-301
-945
-1581
-2343
-3223
-3964
-4301
-4164
-3788
-3453
-3097
-2562
-2208
-1864
-1613
-1609
-1729
-2046
-2603
-3009
-3357
-3608
-3736
-3769
-3536
-3305
-2945
-2467
-2076
-1845
-1870
-1980
-2063
-2196
-2544
-2868
-3103
-3249
-3405
-3430
-3080
-2839
-2510
-2288
-2094
-1835
-1612
-1619
-1767
-2212
-2618
-3021
-3765
-4856
-5742
-6485
-7222
-7866
-8061
-7847
-7176
-6402
-5388
-4431
-3615
-3044
-2830
-2726
-3090
-3858
-4599
-5407
-6520
-7242
-7338
-7254
-6736
-6085
-5311
-4335
-3419
-2605
-2079
-1835
-1864
-2254
-2775
-3311
-3709
-4054
-4434
-4700
-4541
-4076
-3534
-2889
-2092
-1365
-942
-625
-310
-157
-230
-356
-505
-645
-805
-810
-476
-195
67
173
256
595
986
1203
1304
1543
1610
1575
1437
1343
1360
1221
1088
1020
964
800
710
626
657
639
526
382
244
-129
-370
-367
-335
-314
-292
-100
-13
-59
-126
-86
-92
-247
-671
-1444
-2010
-2290
-2145
-1342
-56
1354
2690
3842
4428
4178
3292
2136
767
-698
-2045
-3319
-4001
-4182
-3849
-2954
-1726
-401
757
1706
2175
2159
1521
332
-1031
-2436
-3894
-4948
-5605
-5717
-5058
-4078
-3063
-2053
-1043
-493
-122
-48
-354
-1070
-2065
-3181
-4259
-5259
-6032
-6092
-5440
-4569
-3752
-2913
-2142
-1572
-1177
-1236
-1542
-2034
-2763
-3600
-4336
-4809
-5286
-5670
-5705
-5422
-4841
-4216
-3676
-3105
-2881
-3064
-3338
-3630
-4042
-4444
-4733
-4937
-5228
-5255
-4875
-4665
-4424
-3977
-3507
-3365
-3506
-3411
-3509
-3914
-4225
-4460
-4686
-4768
-4790
-4810
-4652
-4500
-4277
-4156
-3882
-3566
-3411
-3461
-3613
-3786
-3954
-4354
-5047
-6083
-7056
-7901
-8730
-9303
-9574
-9492
-9015
-8274
-7353
-6330
-5495
-4821
-4309
-4135
-4428
-5000
-5772
-6700
-7601
-8189
-8489
-8641
-8433
-7855
-7067
-6063
-4930
-3876
-3182
-2788
-2724
-2900
-3346
-3847
-4241
-4702
-5216
-5446
-5231
-4752
-4105
-3464
-2747
-1953
-1425
-1144
-882
-579
-526
-835
-1055
-1043
-1011
-1035
-1013
-658
-331
207
762
1022
1294
1407
1456
1551
1728
1897
1901
1718
1526
1511
1555
1503
1459
1617
1601
1454
1314
1092
855
735
617
445
262
70
-24
125
423
674
881
884
824
683
711
721
358
-370
-1006
-1530
-1803
-1645
-621
1044
2670
3847
4448
4445
3872
2947
1717
493
-643
-1728
-2562
-2795
-2469
-1667
-548
744
1733
2468
2955
3050
2729
1777
548
-786
-1955
-2862
-3444
-3704
-3415
-2563
-1564
-445
621
1514
1904
1888
1653
1134
201
-948
-1857
-2653
-3301
-3431
-3007
-2299
-1598
-782
86
721
1174
1356
1098
493
-197
-864
-1567
-2403
-2880
-3046
-3053
-2678
-2253
-1700
-1233
-827
-628
-547
-640
-814
-1112
-1651
-2226
-2602
-2875
-2929
-2765
-2644
-2446
-2051
-1564
-1404
-1432
-1390
-1415
-1663
-2031
-2472
-2656
-2774
-2751
-2671
-2469
-2246
-2187
-2152
-2081
-1881
-1818
-1815
-1755
-1631
-1882
-2359
-2992
-3890
-4875
-5665
-6288
-6954
-7378
-7389
-7117
-6554
-5691
-4704
-3871
-3142
-2588
-2217
-2286
-2911
-3611
-4256
-5089
-5835
-6341
-6430
-6288
-6014
-5196
-4066
-3129
-2247
-1621
-1124
-873
-865
-1097
-1608
-2202
-2710
-3169
-3418
-3379
-3024
-2475
-1785
-1091
-425
143
500
819
1008
1115
1087
839
660
477
442
462
590
821
1114
1456
1757
2122
2375
2426
2471
2545
2621
2548
2374
2307
2208
2144
2197
2190
2013
1916
1975
2130
1884
1636
1468
1254
956
700
601
653
699
691
699
714
841
896
765
775
921
813
407
-273
-729
-674
117
1306
2616
4142
5344
5967
5952
5370
4310
2952
1404
-210
-1651
-2772
-3356
-3346
-2622
-1240
471
1972
3206
3956
4106
3695
2876
1732
279
-1321
-2986
-4065
-4327
-4054
-3340
-2354
-1207
34
876
1390
1584
1444
1018
218
-819
-2156
-3403
-4203
-4572
-4699
-4332
-3469
-2453
-1515
-737
-106
281
218
-68
-700
-1518
-2317
-2985
-3635
-3990
-4099
-4054
-3780
-3370
-2935
-2541
-2240
-1994
-1966
-1930
-2047
-2544
-3230
-3572
-3585
-3601
-3460
-3099
-2766
-2382
-2066
-1955
-1843
-1729
-1561
-1668
-2115
-2483
-2742
-2839
-2777
-2728
-2583
-2457
-2363
-2112
-1763
-1466
-1291
-1151
-1131
-1433
-1868
-2267
-2747
-3446
-4465
-5602
-6528
-7214
-7471
-7475
-7097
-6545
-5824
-5004
-4071
-3110
-2647
-2433
-2511
-2931
-3446
-4216
-5217
-6179
-6829
-7098
-7079
-6555
-5827
-5113
-4104
-3055
-2401
-1962
-1632
-1569
-1866
-2326
-2835
-3502
-4059
-4308
-4327
-4066
-3681
-3107
-2526
-1881
-1198
-634
-202
64
53
26
42
-197
-374
-362
-352
-270
-83
162
556
978
1439
1865
2144
2281
2187
2066
1953
1848
1735
1731
1789
1761
1673
1568
1638
1765
1687
1562
1361
1247
1070
872
773
628
651
618
635
710
892
957
1093
1108
1109
936
842
385
-229
-844
-1278
-1250
-725
314
1768
3247
4423
4890
4640
3908
2702
1418
118
-1300
-2466
-3039
-3131
-2739
-1709
-288
1218
2569
3408
3708
3466
2671
1583
293
-1218
-2676
-3770
-4255
-4086
-3633
-2730
-1514
-410
748
1593
2008
1984
1494
712
-309
-1354
-2392
-3088
-3340
-3352
-3124
-2512
-1647
-693
101
788
1113
1178
950
500
-44
-833
-1702
-2225
-2597
-2893
-2909
-2535
-1805
-1191
-779
-364
-105
-4
-129
-466
-897
-1324
-1599
-2007
-2318
-2320
-2251
-2085
-1731
-1360
-1176
-1101
-1071
-1118
-1158
-1415
-1666
-1860
-2019
-2235
-2307
-2215
-1972
-1690
-1442
-1200
-1195
-1228
-1056
-1011
-926
-818
-1179
-1911
-2637
-3651
-4751
-5721
-6304
-6483
-6834
-6818
-6416
-5826
-5050
-4185
-3233
-2380
-1896
-1839
-2117
-2624
-3210
-4046
-4896
-5479
-5854
-6025
-5649
-5034
-4196
-3184
-2161
-1290
-704
-306
-298
-465
-717
-1134
-1733
-2230
-2600
-2716
-2530
-2120
-1625
-1157
-560
173
750
1261
1800
2085
2144
1944
1773
1684
1621
1596
1553
1678
1840
2135
2522
2828
3237
3533
3595
3596
3762
3738
3639
3557
3302
3350
3446
3423
3409
3312
3179
3067
2964
2882
2758
2621
2402
2225
2105
2060
1943
1939
1966
1985
2097
2192
2268
2303
2164
2066
1844
1283
454
-62
165
959
2045
3376
4896
6016
6510
6486
5899
4851
3469
2058
817
-232
-1078
-1540
-1383
-679
402
1848
3363
4389
4906
4852
4304
3436
2400
1029
-294
-1467
-2123
-2412
-2139
-1252
-183
781
1729
2612
3100
3119
2861
2172
1262
242
-1044
-2006
-2434
-2520
-2421
-1945
-1155
-290
595
1269
1765
1885
1653
1283
722
-33
-825
-1708
-2370
-2480
-2255
-2073
-1746
-1333
-735
-247
-30
13
-160
-353
-732
-1292
-1532
-1687
-2028
-2240
-2316
-2029
-1634
-1321
-1033
-598
-276
-384
-615
-937
-1213
-1412
-1590
-1667
-1768
-1871
-1751
-1544
-1343
-1115
-974
-844
-641
-437
-604
-886
-1157
-1598
-2226
-2846
-3691
-4722
-5665
-6432
-6619
-6591
-6371
-5779
-4946
-3875
-2944
-2313
-1828
-1553
-1546
-1897
-2517
-3410
-4260
-4928
-5472
-5669
-5624
-5326
-4509
-3487
-2452
-1689
-1234
-859
-517
-441
-769
-1293
-2024
-2925
-3333
-3318
-3276
-3125
-2629
-1948
-1146
-403
154
588
880
1020
1213
1097
933
773
500
419
585
638
884
1115
1582
2025
2376
2774
3019
3105
2974
2906
2781
2618
2540
2503
2600
2537
2492
2404
2482
2503
2445
2440
2338
2091
1718
1529
1498
1271
1058
1195
1449
1584
1560
1607
1663
1705
1853
1814
1516
1097
431
-147
-250
96
1027
2478
3935
5073
5925
6139
5672
4678
3414
2312
822
-718
-1788
-2282
-2099
-1362
-350
855
2197
3354
4054
4156
3749
2931
2005
853
-415
-1772
-2811
-3207
-3095
-2415
-1364
-271
749
1672
2346
2463
2239
1805
1057
51
-1087
-2087
-2796
-3114
-3048
-2575
-1914
-981
-67
604
1104
1439
1407
995
374
-257
-1007
-1865
-2372
-2527
-2477
-2437
-2144
-1543
-1065
-743
-372
-197
-137
-245
-647
-1116
-1567
-1840
-2055
-2096
-2032
-1847
-1615
-1132
-680
-492
-422
-382
-410
-681
-988
-1266
-1687
-1822
-1750
-1648
-1624
-1496
-1281
-902
-749
-668
-565
-359
-359
-440
-718
-1108
-1599
-2251
-3102
-4015
-4995
-5903
-6363
-6348
-6011
-5415
-4728
-3917
-3139
-2469
-1683
-1102
-981
-1342
-2177
-3041
-3796
-4524
-5067
-5351
-5145
-4705
-3895
-3002
-2206
-1293
-530
-105
30
123
-160
-647
-1045
-1360
-1824
-2123
-2159
-1935
-1527
-986
-281
350
932
1544
1992
2357
2554
2454
2226
2063
1919
1797
1880
2031
2339
2756
2982
3262
3737
4001
4140
4158
3979
3979
3983
3951
3842
3763
3692
3699
3772
3623
3556
3566
3534
3520
3383
3058
2649
2621
2775
2835
2683
2565
2446
2519
2673
2800
2780
2782
2711
2537
2399
2248
1818
1139
629
695
1551
2937
4305
5601
6613
7113
6835
6086
5222
3867
2277
870
-204
-875
-1071
-504
420
1591
2963
4279
5080
5348
5245
4578
3431
2209
948
-332
-1385
-1962
-1984
-1305
-401
714
1690
2484
3022
3340
3579
3298
2673
1689
530
-518
-1424
-2040
-2213
-1718
-1013
-108
787
1518
2078
2408
2351
1997
1567
942
232
-492
-1132
-1657
-1759
-1608
-1414
-912
-363
130
338
478
708
700
444
-69
-551
-880
-1131
-1346
-1472
-1373
-1081
-601
-194
48
95
295
350
200
-152
-464
-674
-1034
-1347
-1220
-853
-683
-515
-355
-325
-226
-125
63
409
423
86
-262
-783
-1520
-2371
-3080
-3864
-4562
-5118
-5484
-5518
-5317
-4568
-3890
-3183
-2129
-1283
-787
-755
-996
-1417
-2094
-2965
-3850
-4377
-4736
-4846
-4497
-3888
-2993
-2247
-1412
-587
30
488
615
315
44
-304
-932
-1425
-1787
-2065
-1935
-1666
-1101
-477
51
634
1248
1591
1743
1808
1700
1231
804
769
804
918
1291
1860
2371
2557
2462
2129
1799
1461
840
368
64
32
233
683
1569
2589
3404
3797
3886
3672
3020
2082
1242
485
-138
-372
-85
584
1507
2644
3892
5015
5908
6542
6628
6032
5191
4329
3627
2978
2449
2055
1885
2273
3295
4898
6601
8231
9345
9887
9781
9112
7717
6014
4167
2685
1425
376
-148
146
986
1985
3163
4294
5304
5732
5519
4866
3787
2585
1232
-214
-1275
-1920
-2360
-2292
-1683
-816
162
1131
1892
2355
2492
2206
1662
899
-38
-1102
-2216
-3110
-3507
-3610
-3348
-2758
-1994
-1263
-577
6
498
692
274
-376
-985
-1764
-2443
-2867
-3057
-2883
-2517
-2066
-1430
-699
-221
125
562
763
836
541
219
65
-22
-57
19
20
292
702
982
1401
1754
1974
2079
1906
1654
1367
941
485
360
520
568
635
594
749
961
950
863
951
915
806
831
743
612
71
-554
-1320
-2202
-2957
-3821
-4623
-5204
-5309
-5109
-4645
-3878
-3045
-2250
-1502
-1033
-918
-1144
-1518
-2199
-3074
-3881
-4671
-5298
-5588
-5503
-5182
-4647
-3869
-2968
-2067
-1378
-850
-803
-951
-1420
-2074
-2779
-3360
-3767
-3979
-4038
-3825
-3477
-2984
-2357
-1745
-1203
-694
-274
15
34
-153
-413
-851
-1354
-1795
-2133
-2126
-1781
-1348
-814
50
786
1115
1287
1415
1524
1260
562
-180
-762
-1230
-1407
-1397
-1048
-475
69
530
908
1264
1186
632
-106
-830
-1594
-2235
-2786
-3127
-3157
-2831
-2274
-1723
-1299
-1020
-978
-1096
-1417
-2371
-3704
-4921
-5712
-5552
-4666
-3372
-1791
-72
1367
2026
1762
779
-530
-2232
-4091
-5808
-7270
-8136
-8141
-7277
-5846
-4290
-2540
-1198
-173
532
626
-61
-1285
-2740
-4245
-5741
-6786
-7151
-6819
-5859
-4638
-3325
-1898
-814
-42
429
424
-21
-669
-1561
-2627
-3549
-4394
-4716
-4438
-3808
-3023
-2181
-1146
9
876
1242
1219
921
539
-181
-882
-1509
-2021
-2491
-2620
-2248
-1712
-1078
-527
-90
290
634
643
395
-57
-568
-956
-1172
-1339
-1398
-1455
-1461
-1130
-599
76
414
373
215
238
126
49
-142
-405
-714
-976
-925
-792
-517
-186
125
322
557
795
1021
1219
1210
989
653
223
-396
-1128
-1943
-2651
-3197
-3633
-3710
-3409
-2742
-1893
-846
106
997
1705
2030
2197
1988
1576
1073
245
-593
-1150
-1253
-980
-464
372
1375
2219
2946
3690
4259
4424
4325
4088
3619
3082
2485
1953
1575
1418
1386
1563
2147
2765
3293
3746
4084
4359
4350
4218
4082
3791
3446
3087
3025
2899
2640
2740
3029
3275
3542
3703
3930
4053
3854
3705
3669
3631
3392
3211
3011
2912
2907
2890
3038
3041
3027
3039
3060
2891
2456
2119
2095
1994
1679
1622
1667
1597
1672
1970
2361
2489
2330
2175
2172
1959
1384
582
-135
-718
-954
-434
592
1893
3105
4141
4821
4848
4494
3679
2621
1801
975
224
-174
-31
596
1453
2569
3803
4821
5203
5117
4728
4206
3664
2708
1522
471
-300
-696
-497
436
1597
2632
3630
4428
4946
5234
5023
4516
3933
3008
2102
1291
626
434
622
892
1506
2388
3358
4098
4613
4817
4765
4412
3841
3155
2436
1844
1405
1058
737
820
1163
1737
2420
3014
3393
3500
3489
3298
3030
2550
1883
1528
1207
1081
927
870
1065
1264
1491
1755
1878
1891
1909
1770
1453
1161
872
729
754
849
967
1017
1176
1436
1635
1791
1954
1985
2010
2105
2053
1826
1153
552
-46
-809
-1673
-2282
-2702
-2930
-2928
-2538
-1848
-1064
-129
609
1290
1720
1835
1729
1268
626
1
-555
-1174
-1716
-1865
-1498
-1015
-220
826
1711
2465
2938
3176
3159
2859
2472
1953
1278
724
365
53
46
270
801
1285
1666
2070
2483
2674
2604
2462
2310
2016
1659
1323
973
951
832
737
740
827
1018
1456
1665
1867
1914
1705
1425
1151
999
786
662
659
670
572
424
458
359
132
-30
-8
-61
-375
-722
-969
-1176
-1213
-1078
-1075
-1210
-1123
-928
-707
-713
-685
-636
-805
-1200
-1620
-1716
-1352
-645
425
1654
3054
4506
5490
5770
5341
4279
2763
907
-1139
-3177
-4930
-5997
-6150
-5412
-3945
-1994
-6
1745
3128
4054
4490
4084
2866
1108
-854
-2716
-4425
-5463
-5820
-5455
-4502
-3127
-1653
-265
823
1442
1594
1227
411
-593
-1789
-3056
-4235
-5087
-5433
-5368
-5050
-4093
-2959
-1927
-1102
-329
29
23
-232
-739
-1515
-2393
-3184
-3668
-4017
-4205
-4267
-4043
-3615
-3225
-2737
-2354
-2127
-2006
-2099
-2297
-2464
-2800
-2914
-2636
-2436
-2131
-1760
-1440
-1048
-744
-373
-144
-90
-281
-567
-729
-857
-974
-1061
-1035
-756
-417
-103
249
640
893
1119
1358
1448
1440
1201
929
605
-55
-895
-1919
-2741
-3441
-3905
-4029
-3861
-3433
-2733
-1711
-846
1
702
1296
1463
1360
1020
344
-535
-1391
-2203
-2667
-2802
-2803
-2418
-1690
-722
166
809
1290
1746
1970
1795
1310
589
-147
-873
-1453
-1848
-1980
-1691
-1381
-902
-494
21
507
938
1169
1104
945
584
349
146
-120
-276
-252
-101
69
223
564
974
1283
1330
1272
1361
1573
1572
1442
1272
1043
967
1031
1065
1228
1322
1262
1243
1121
1129
1170
1049
711
322
182
211
120
136
209
269
380
421
676
861
828
887
870
548
-146
-812
-1161
-1085
