-5408
-4941
-4428
-4221
-4094
-4163
-4366
-4440
-4461
-4792
-5118
-5104
-4819
-4672
-4660
-4443
-4210
-4076
-3933
-3743
-3543
-3347
-3323
-3439
-3564
-3905
-4598
-5376
-6237
-7069
-7960
-8696
-9030
-8878
-8514
-7926
-7056
-5932
-4962
-4287
-3778
-3398
-3421
-3713
-4284
-5200
-6188
-6984
-7368
-7371
-7047
-6461
-5563
-4533
-3556
-2904
-2505
-2023
-1799
-2129
-2756
-3247
-3832
-4543
-5088
-5409
-5526
-5325
-4989
-4458
-3871
-3471
-3217
-2970
-2821
-3032
-3642
-4522
-5340
-5590
-5436
-5347
-4688
-3557
-2268
-1427
-1300
-1677
-2722
-4292
-6187
-8284
-10080
-11163
-11716
-11721
-10821
-9214
-7582
-6179
-5181
-4634
-4626
-5593
-7238
-9052
-10791
-12260
-13063
-13012
-12139
-10499
-8111
-5436
-2935
-895
561
1255
1240
569
-619
-2032
-3673
-5558
-6864
-7385
-6804
-4869
-2290
674
3405
5473
6567
6547
5724
4279
2205
-85
-2227
-4105
-5409
-5970
-5891
-5147
-3578
-1717
-226
657
690
65
-1161
-2696
-4405
-6542
-8475
-9868
-10580
-10329
-9340
-8028
-6636
-5293
-4297
-3619
-3371
-3673
-4759
-6105
-7600
-9278
-10802
-11841
-12409
-12328
-11651
-10603
-9289
-7916
-6618
-5541
-5032
-5081
-5649
-6444
-7357
-8606
-9705
-10577
-11303
-11684
-11330
-10786
-9785
-8584
-7207
-5927
-4974
-4318
-3962
-3802
-3741
-3749
-3827
-3813
-3894
-3839
-3543
-2989
-2484
-1924
-1458
-1127
-932
-872
-823
-1023
-1381
-1765
-1873
-1814
-1811
-1949
-1913
-1862
-1882
-2014
-2182
-2222
-2348
-2744
-3057
-3299
-3504
-3709
-4107
-4573
-5276
-6005
-6607
-6926
-7056
-7079
-6826
-6414
-5872
-5284
-4596
-3882
-3343
-3100
-3455
-4276
-5017
-5768
-6697
-7483
-8006
-8324
-8425
-8325
-7904
-7023
-6001
-5263
-4868
-4407
-4095
-4022
-4141
-4530
-4986
-5395
-5699
-5721
-5353
-4747
-3994
-3132
-2383
-1622
-877
-106
668
1139
1386
1580
1585
1466
1090
429
-364
-1420
-2521
-3607
-4370
-4505
-3746
-2066
28
1967
3412
4641
5337
5158
4100
2554
843
-851
-2523
-3659
-3899
-3328
-1897
-27
1811
3568
5187
6146
6377
5823
4713
3178
1420
-107
-1092
-1550
-1318
-367
1359
3385
5210
6505
7106
7017
6664
6349
6090
6006
6233
6468
6747
6967
6839
6469
6074
5426
4327
3047
1896
990
285
-221
-203
498
1567
2606
3448
4231
4670
4681
4195
3399
2263
1013
-121
-1037
-1803
-2105
-1991
-1401
-706
-76
558
1014
1264
1304
1001
433
-427
-1515
-2357
-2929
-3275
-3740
-3954
-4052
-4030
-3923
-3678
-3444
-3257
-3282
-3426
-3679
-3926
-4164
-4407
-4547
-4600
-4564
-4377
-4042
-3762
-3527
-3274
-3160
-3163
-3211
-3389
-3712
-4021
-4202
-4267
-4378
-4195
-3710
-3137
-2626
-2229
-1730
-1205
-824
-767
-929
-1172
-1486
-1957
-2578
-3068
-3244
-3336
-3375
-3278
-3028
-2783
-2515
-2285
-2015
-1675
-1516
-1690
-2178
-2942
-4017
-5350
-6734
-8026
-9117
-9879
-10514
-10725
-10467
-9820
-8895
-7749
-6607
-5724
-5174
-4990
-5116
-5686
-6412
-7238
-8325
-9359
-10182
-10535
-10412
-9811
-8917
-8187
-7588
-6934
-6261
-5891
-5707
-5850
-6291
-6910
-7399
-7874
-8383
-8667
-8660
-8250
-7637
-7129
-6494
-5668
-5085
-4519
-4098
-3829
-3579
-3409
-3296
-3199
-2930
-2548
-2341
-2061
-1514
-1053
-801
-606
-388
-330
-326
-447
-458
-494
-767
-1123
-1357
-1408
-1257
-1227
-1326
-1371
-1382
-1412
-1456
-1504
-1730
-2025
-2365
-2784
-3083
-3259
-3264
-3073
-2928
-2679
-2540
-2430
-2316
-2253
-2293
-2243
-2486
-3140
-3773
-4251
-4334
-3814
-2726
-1467
-287
503
917
764
79
-943
-2382
-4052
-5581
-6816
-7688
-8141
-7698
-6822
-5769
-4256
-2836
-1882
-1468
-1570
-2067
-3102
-4508
-6045
-7350
-8535
-9192
-9143
-8655
-7635
-6419
-5275
-4182
-3317
-2804
-2646
-2889
-3452
-4291
-5557
-6776
-7690
-8391
-8544
-8173
-7705
-6974
-5855
-4909
-4147
-3460
-3113
-3261
-3715
-4438
-5222
-5916
-6461
-6888
-7064
-7046
-6815
-6452
-5924
-5385
-4905
-4624
-4551
-4656
-4982
-5291
-5782
-6218
-6485
-6558
-6605
-6616
-6482
-6183
-5939
-5631
-5583
-5568
-5508
-5603
-5880
-6121
-6339
-6627
-6854
-6789
-6682
-6455
-6166
-5825
-5614
-5668
-5539
-5293
-4958
-4945
-5130
-5500
-5947
-6611
-7603
-8491
-9411
-10287
-10931
-11115
-11185
-10901
-10152
-9198
-8132
-7376
-6598
-5869
-5555
-5609
-6081
-6720
-7429
-8375
-8953
-9444
-9652
-9438
-8943
-8247
-7181
-6020
-4982
-4188
-3904
-3850
-3848
-4027
-4488
-5027
-5459
-6021
-6362
-6234
-5709
-5031
-4372
-3661
-2912
-2347
-1949
-1540
-1288
-1189
-1019
-965
-982
-1106
-1165
-1015
-984
-657
-244
355
708
934
1148
1384
1570
1491
1490
1507
1321
1235
1197
1099
1011
948
943
1036
948
799
696
571
328
139
28
-149
-265
-187
-207
-153
38
190
470
533
386
431
496
312
-229
-879
-1249
-1225
-676
293
1567
3005
4100
4848
5139
4656
3748
2540
1222
-21
-1259
-2252
-2723
-2653
-2100
-1083
202
1513
2588
3200
3361
3145
2417
1232
-272
-1620
-2871
-3711
-3782
-3373
-2643
-1639
-551
377
1179
1888
2211
1880
1135
142
-843
-1979
-2910
-3541
-3756
-3731
-3412
-2626
-1750
-908
-276
90
472
457
-20
-721
-1519
-2309
-3000
-3743
-4122
-4080
-3914
-3535
-3004
-2500
-2059
-1715
-1623
-1637
-1795
-2158
-2544
-2820
-3214
-3681
-3910
-3680
-3318
-2823
-2461
-2304
-2078
-1848
-1816
-1821
-2080
-2501
-2848
-3036
-3133
-3272
-3223
-2939
-2723
-2521
-2319
-2116
-2143
-2085
-1905
-1788
-1788
-2008
-2475
-3074
-3824
-4842
-5928
-6791
-7434
-7978
-8142
-7731
-7123
-6360
-5622
-4848
-3991
-3285
-3076
-2962
-3106
-3655
-4621
-5633
-6522
-7150
-7444
-7373
-6969
-6286
-5338
-4324
-3580
-2859
-2391
-2191
-2243
-2543
-2990
-3394
-3890
-4487
-4873
-4772
-4622
-4327
-3618
-2852
-2093
-1453
-1014
-722
-768
-880
-642
-660
-833
-891
-875
-976
-980
-646
-209
73
299
666
1046
1304
1410
1351
1453
1502
1242
1091
1170
1097
1101
1133
1029
975
956
876
780
753
537
130
-175
-275
-400
-596
-568
-450
-337
-323
-247
-50
-25
-212
-375
-409
-768
-1538
-2360
-2747
-2445
-1543
-115
1373
2783
3682
4096
3872
2970
1814
671
-691
-2252
-3544
-4343
-4458
-3988
-3003
-1626
-272
809
1663
2038
1681
1050
67
-1148
-2686
-4076
-5027
-5549
-5487
-4948
-3979
-2870
-1849
-894
-100
98
-89
-445
-1101
-2074
-3283
-4465
-5352
-5550
-5425
-5092
-4530
-3767
-2932
-1980
-1382
-1118
-1278
-1523
-2007
-2801
-3600
-4424
-5052
-5443
-5686
-5504
-5086
-4683
-4115
-3737
-3385
-3124
-3066
-3231
-3360
-3686
-4233
-4733
-4795
-4813
-4850
-4822
-4673
-4377
-3949
-3538
-3333
-3140
-3197
-3579
-4053
-4368
-4591
-4730
-4781
-4679
-4513
-4348
-4231
-4133
-3938
-3783
-3475
-3301
-3338
-3414
-3782
-4073
-4289
-4955
-5805
-6655
-7469
-8270
-8812
-9108
-9240
-8855
-8158
-7235
-6200
-5255
-4482
-3981
-3948
-4173
-4643
-5301
-6162
-7091
-7708
-7939
-7980
-7715
-7146
-6431
-5541
-4780
-4028
-3287
-2794
-2441
-2454
-2839
-3542
-4198
-4612
-4784
-4976
-4942
-4434
-3848
-3178
-2491
-1879
-1381
-1038
-689
-588
-585
-485
-593
-731
-889
-901
-700
-370
-44
423
968
1099
1209
1452
1638
1677
1694
1694
1769
1767
1557
1408
1521
1639
1556
1448
1420
1432
1326
1108
923
844
711
573
291
190
185
203
400
522
539
709
826
867
789
498
105
-641
-1600
-2461
-3044
-3090
-2645
-1511
-58
1253
1943
2033
1863
1412
689
-220
-1185
-1916
-2290
-2297
-1831
-1108
-172
893
1671
2148
2421
2339
1844
737
-538
-1615
-2473
-3122
-3352
-3037
-2397
-1529
-450
616
1556
2312
2620
2550
2148
1424
528
-508
-1322
-1762
-1958
-1784
-1413
-788
116
916
1638
2118
2319
2307
1932
1343
846
238
-453
-895
-1190
-1350
-1395
-1058
-532
-81
417
987
1237
1169
900
508
-28
-567
-989
-1318
-1747
-2054
-2197
-2245
-2357
-2199
-1769
-1519
-1640
-1756
-1987
-2062
-2185
-2296
-2498
-2809
-3045
-3216
-3259
-3206
-2834
-2644
-2646
-2613
-2509
-2380
-2285
-2483
-2687
-2954
-3549
-4357
-5254
-6048
-6901
-7645
-8136
-8305
-7934
-7068
-6243
-5429
-4527
-3686
-2985
-2708
-2712
-3024
-3739
-4765
-5692
-6198
-6459
-6489
-6246
-5801
-5043
-3893
-2790
-1869
-1092
-655
-576
-621
-797
-1284
-1758
-2189
-2464
-2574
-2385
-2005
-1634
-1203
-381
582
1278
1593
1717
1934
2033
1927
1875
1832
1695
1546
1420
1508
1723
2078
2408
2636
2933
3180
3347
3397
3203
3134
3186
3138
3060
3077
3051
2865
2689
2585
2560
2509
2525
2420
2095
1849
1750
1680
1614
1499
1423
1388
1416
1395
1429
1621
1690
1586
1569
1722
1764
1593
1379
1484
2194
3374
4875
6346
7515
8279
8594
8297
7316
5616
3494
1301
-753
-2418
-3517
-4048
-3640
-2394
-433
1837
3788
5452
6550
6866
6408
5269
3533
1477
-470
-2130
-3342
-3976
-3988
-3289
-2147
-777
716
1867
2549
2679
2482
1962
945
-417
-1946
-3354
-4408
-5028
-5148
-4834
-4128
-3098
-2079
-939
-212
261
426
185
-422
-1283
-2335
-3271
-3777
-4238
-4585
-4759
-4877
-4704
-4137
-3572
-3330
-3267
-3104
-3164
-3353
-3558
-3763
-3839
-3848
-3699
-3373
-3115
-2697
-2124
-1914
-1702
-1685
-1693
-1565
-1783
-2152
-2332
-2310
-2482
-2532
-2534
-2252
-1669
-1386
-1070
-715
-634
-557
-309
-350
-721
-1037
-1353
-1916
-2725
-3760
-4730
-5308
-5878
-6330
-6419
-5988
-5420
-4747
-3963
-3186
-2485
-1834
-1430
-1554
-2137
-2838
-3780
-4634
-5485
-6072
-6521
-6482
-6072
-5462
-4766
-4026
-3107
-2398
-1959
-1845
-2017
-2331
-2872
-3579
-4149
-4604
-4967
-5275
-5301
-5083
-4388
-3689
-2898
-2205
-1727
-1209
-736
-587
-741
-923
-997
-972
-992
-975
-998
-751
-226
42
242
787
1357
1656
1785
1980
2089
2109
1846
1682
1717
1810
1949
1948
1869
1902
2039
2148
2030
1784
1653
1528
1269
1063
925
889
905
920
898
930
1125
1439
1682
1773
1803
1612
1204
458
-332
-1111
-1599
-1480
-757
382
1561
2453
3048
3115
2517
1592
296
-1047
-2116
-3087
-3571
-3523
-3001
-1920
-295
1257
2410
3111
3331
2966
2163
1027
-383
-1913
-3280
-4410
-4836
-4610
-3940
-3020
-1785
-439
783
1557
1967
2040
1798
1175
245
-798
-1784
-2482
-2838
-2923
-2549
-1672
-703
56
748
1487
1917
2031
1828
1380
655
-181
-954
-1376
-1707
-1950
-1905
-1709
-1185
-388
221
596
788
759
781
700
373
-42
-344
-704
-1044
-1179
-1046
-830
-708
-685
-699
-787
-959
-1150
-1275
-1490
-1669
-1869
-2123
-2448
-2540
-2454
-2424
-2130
-1891
-1915
-1985
-1963
-1776
-1723
-1844
-1937
-2199
-2901
-3724
-4415
-5206
-6197
-6967
-7428
-7651
-7673
-7293
-6493
-5495
-4671
-3999
-3388
-2936
-2737
-2888
-3511
-4220
-4836
-5376
-5986
-6354
-6204
-5843
-5384
-4629
-3545
-2377
-1455
-810
-284
-64
-250
-704
-1046
-1482
-1926
-2194
-2319
-2192
-1703
-1002
-304
399
1036
1686
2177
2609
2781
2648
2579
2599
2569
2538
2504
2599
2808
2928
3028
3467
3788
3970
4161
4240
4245
4153
4093
4097
4066
3912
3734
3606
3476
3553
3618
3591
3646
3524
3226
2946
2672
2630
2469
2212
2242
2352
2320
2251
2146
2191
2411
2537
2472
2338
2222
2027
1503
876
413
341
948
2105
3465
4835
5886
6468
6505
6053
5138
3828
2426
1130
139
-588
-813
-602
78
1464
2967
4166
5040
5357
5139
4650
3853
2891
1702
468
-595
-1224
-1197
-913
-187
844
1913
2802
3540
3816
3805
3414
2807
1910
903
-38
-785
-1321
-1445
-1258
-721
-69
662
1435
2092
2434
2538
2314
1692
1105
428
-421
-1077
-1547
-1910
-2016
-1635
-1159
-850
-500
-89
203
368
254
-77
-515
-937
-1383
-1763
-1917
-1979
-1746
-1508
-1209
-1027
-744
-583
-482
-412
-494
-698
-1042
-1331
-1637
-1691
-1595
-1538
-1440
-1244
-999
-688
-508
-558
-610
-543
-401
-406
-594
-1096
-1606
-2220
-3038
-4017
-4819
-5289
-5532
-5685
-5478
-4914
-4250
-3463
-2581
-1797
-1266
-807
-753
-1289
-2125
-2986
-3716
-4384
-4863
-5079
-4990
-4459
-3480
-2532
-1705
-1013
-546
-218
-182
-242
-447
-952
-1529
-2162
-2639
-2856
-2759
-2387
-1998
-1398
-615
57
552
879
1170
1468
1470
1603
1506
1401
1203
1052
1063
1167
1332
1813
2177
2436
2791
3132
3145
3175
3357
3348
3310
3121
2867
2767
2765
2754
2860
2955
2946
2868
2769
2959
2769
2408
2183
1941
1813
1756
1763
1840
1933
2032
2016
2023
2054
2133
2156
2028
1705
1247
662
67
118
568
1571
2839
4156
5586
6402
6361
5891
5152
3835
2421
1005
-155
-855
-1232
-1322
-688
461
1738
2964
3894
4488
4636
4192
3343
2205
885
-503
-1773
-2698
-3088
-2840
-2079
-1025
-68
909
1823
2414
2359
2079
1574
740
-80
-984
-1949
-2645
-2891
-2843
-2456
-1767
-840
139
773
1122
1281
1170
776
273
-381
-1140
-1673
-2153
-2556
-2718
-2673
-2461
-1963
-1409
-1028
-846
-575
-386
-386
-740
-1236
-1692
-1985
-2159
-2217
-2204
-1997
-1706
-1374
-964
-546
-254
-255
-321
-488
-747
-1221
-1584
-1614
-1731
-1754
-1735
-1566
-1310
-1072
-790
-850
-764
-555
-521
-546
-636
-925
-1659
-2443
-3349
-4224
-4995
-5700
-6179
-6314
-6189
-5899
-5249
-4383
-3398
-2519
-1898
-1430
-1357
-1675
-2200
-2843
-3655
-4378
-4866
-5067
-5082
-4880
-4219
-3383
-2586
-1625
-746
-241
-25
-158
-378
-665
-1282
-1755
-2081
-2308
-2415
-2057
-1461
-928
-438
38
608
1169
1662
2038
2163
2209
2167
2221
2119
1968
2075
2263
2403
2699
2991
3321
3616
3857
4037
4284
4379
4255
4241
4196
3980
3882
3747
3801
3889
3946
3976
3928
3811
3580
3507
3416
3111
2977
2954
3044
2882
2702
2668
2735
2895
3003
3175
3167
3050
3041
2924
2541
1934
1359
1090
1294
1936
3159
4725
6014
6923
7225
6943
6305
5319
3963
2572
1302
271
-285
-411
74
1020
2235
3438
4490
5206
5472
5294
4621
3581
2420
1238
-148
-1120
-1582
-1469
-718
279
1256
2017
2784
3348
3678
3768
3450
2795
1742
520
-515
-1147
-1491
-1464
-877
-233
303
979
1807
2526
2840
2742
2399
1926
1173
374
-311
-747
-1085
-1380
-1566
-1157
-535
130
533
810
913
943
802
534
283
-70
-472
-704
-822
-895
-813
-556
-175
229
536
657
615
584
521
344
165
-180
-546
-709
-685
-630
-485
-107
149
210
386
556
663
642
597
397
33
-393
-1077
-1966
-2983
-3946
-4363
-4607
-4913
-4946
-4532
-3831
-2940
-2103
-1341
-628
-253
-222
-425
-799
-1465
-2183
-2962
-3762
-4272
-4202
-3814
-3256
-2417
-1639
-919
-147
420
667
617
469
365
-6
-711
-1130
-1353
-1567
-1489
-1179
-687
-145
479
1126
1655
2017
2206
2046
1700
1603
1530
1196
1087
1298
1774
2202
2518
2895
2951
2691
2128
1562
1030
422
119
141
488
1103
1900
2604
3240
3601
3846
3789
3221
2387
1494
511
-104
-161
73
598
1656
3045
4473
5621
6185
6435
6597
6335
5629
4741
4116
3408
2727
2220
2222
2747
3770
5202
6840
8380
9428
10073
10122
9211
7934
6455
4702
3029
1763
939
616
878
1564
2635
3757
4783
5559
5907
5709
5118
4204
2935
1610
281
-1021
-1788
-2093
-1883
-1091
-148
844
1670
2282
2714
2829
2671
2026
1088
10
-990
-1886
-2835
-3382
-3397
-3037
-2294
-1406
-612
164
674
973
856
474
29
-606
-1379
-2058
-2566
-2763
-2635
-2371
-1839
-1001
-220
247
657
1034
1230
1195
1057
758
368
76
132
283
450
622
1015
1391
1809
2082
2110
2142
2273
2107
1820
1519
1212
948
662
707
949
1146
1250
1359
1542
1512
1487
1502
1462
1464
1326
1068
536
-68
-807
-1780
-2706
-3396
-3850
-4354
-4731
-4562
-4063
-3257
-2409
-1650
-1118
-779
-610
-640
-1009
-1690
-2583
-3406
-4180
-4734
-4943
-4890
-4490
-3841
-3158
-2312
-1445
-707
-322
-449
-747
-1024
-1606
-2306
-2937
-3430
-3657
-3663
-3488
-3266
-2695
-1903
-1111
-575
-175
253
503
350
107
-104
-432
-982
-1495
-1792
-1931
-1725
-1160
-456
240
1193
1913
2170
2036
1616
1118
565
-39
-534
-914
-1119
-1236
-1003
-589
186
954
1209
1317
1302
1037
576
-187
-1066
-1818
-2369
-2627
-2635
-2410
-2178
-1789
-1221
-755
-712
-837
-1314
-2389
-3753
-4904
-5467
-5417
-4531
-3046
-1340
300
1405
1661
1505
970
-263
-1753
-3498
-5306
-6689
-7512
-7515
-6830
-5685
-4117
-2447
-1070
-124
420
418
-262
-1295
-2642
-4265
-5687
-6565
-6866
-6553
-5909
-4618
-3116
-1933
-725
175
630
615
307
-484
-1535
-2621
-3493
-3933
-4310
-4348
-3744
-2915
-1821
-738
178
835
1218
1320
1143
765
51
-799
-1457
-1852
-2223
-2177
-1868
-1354
-816
-264
181
519
874
1024
775
341
-110
-579
-858
-1081
-1118
-1198
-1020
-619
-230
172
528
621
548
489
380
141
-124
-378
-563
-598
-554
-445
-327
-101
190
466
762
916
1049
1201
1238
1205
863
273
-222
-915
-1988
-2962
-3372
-3591
-3579
-3295
-2669
-1736
-675
446
1055
1505
1936
2005
1901
1354
753
240
-171
-545
-742
-664
-225
633
1538
2412
3169
3715
4059
4294
4266
3941
3456
2810
2350
2033
1743
1652
1870
2112
2450
2783
3239
3861
4250
4271
4193
4035
3834
3669
3446
3085
2984
2813
2761
2995
3341
3478
3609
3826
4025
4026
3982
3830
3669
3493
3474
3447
3225
3052
3115
3185
3202
3223
3292
3270
3098
2887
2754
2545
2345
2156
1988
1988
2003
1984
1845
2092
2149
2165
2269
2326
2300
2100
1686
1136
669
410
764
1594
2844
4276
5695
6705
7172
6850
6008
5138
3967
2698
1573
570
-100
-219
178
1149
2405
3758
4893
5764
6043
5789
5144
4197
3091
1820
858
89
-413
-360
152
905
1962
3139
4170
4755
4911
4598
4152
3547
2751
1911
980
160
-297
-259
-56
646
1421
2249
3039
3492
3828
3991
3681
3056
2326
1640
1070
566
93
-176
-48
393
936
1470
1876
2041
2186
2289
2227
1924
1543
1139
911
762
639
513
718
1115
1450
1846
2110
2186
2223
2198
2258
2171
1835
1630
1625
1554
1462
1561
1707
2083
2392
2513
2558
2642
2757
2887
2976
2831
2479
2008
1444
665
-224
-1097
-1672
-1924
-2068
-1981
-1638
-996
-294
539
1261
1906
2384
2517
2334
2099
1494
584
-119
-658
-1074
-1252
-1126
-492
391
1083
1814
2580
3207
3415
3266
2917
2356
1604
850
305
-110
-416
-525
-302
233
684
1136
1484
1840
2036
1965
1900
1829
1573
1121
768
433
254
270
335
499
819
1099
1265
1450
1503
1484
1501
1438
1357
1211
1084
990
859
788
664
604
795
815
747
554
415
267
-36
-183
-268
-343
-402
-568
-702
-660
-425
-259
-293
-435
-470
-431
-541
-847
-1531
-2111
-2466
-2428
-1786
-697
648
2228
3388
3915
3955
3502
2648
1434
-31
-1472
-2566
-3487
-3954
-3648
-2896
-1786
-359
1058
2141
2618
2439
1950
1173
27
-1373
-2709
-3788
-4451
-4753
-4279
-3378
-2398
-1232
-166
702
1403
1408
902
119
-885
-1975
-2850
-3566
-4063
-4213
-3855
-3058
-2233
-1519
-621
44
374
568
539
167
-414
-1078
-1816
-2475
-2969
-3216
-3142
-2822
-2446
-1981
-1431
-976
-671
-526
-445
-614
-1058
-1531
-1938
-2087
-2202
-2234
-1979
-1528
-1226
-896
-396
-46
28
-60
-204
-307
-416
-587
-890
-1100
-1105
-982
-688
-490
-361
-40
140
244
554
830
752
537
361
41
-667
-1485
-2382
-3115
-3698
-4223
-4364
-4343
-4189
-3650
-2917
-1998
-901
-105
327
594
577
197
-253
-854
-1674
-2352
-2657
-2696
-2490
-2070
-1399
-532
321
1122
1690
1928
2164
2155
1643
1141
565
-1
-398
-800
-1017
-989
-600
-11
633
1206
1474
1618
1878
1956
1937
1779
1335
912
726
722
680
649
688
973
1268
1607
1868
1933
2038
2048
1949
1787
1514
1237
1195
1189
1212
1378
1519
1456
1371
1301
1254
1168
945
713
559
440
296
55
-63
-90
-79
46
163
336
493
595
672
674
540
245
75
95
571
1356
