-5103
-4588
-4220
-4027
-3858
-3796
-3870
-4068
-4314
-4511
-4702
-5020
-4940
-4748
-4482
-4046
-3758
-3635
-3514
-3429
-3338
-3276
-3134
-2950
-3063
-3580
-4285
-5112
-6023
-6858
-7309
-7608
-7963
-8070
-7868
-7306
-6547
-5742
-4826
-3962
-3413
-3203
-3347
-3786
-4513
-5399
-6009
-6462
-6919
-7134
-6781
-6199
-5451
-4488
-3579
-2846
-2251
-1960
-1914
-2210
-2600
-3082
-3675
-4373
-4826
-5092
-5198
-4918
-4632
-4153
-3639
-3147
-2748
-2621
-2528
-2871
-3553
-4283
-4992
-5402
-5480
-5263
-4528
-3394
-2262
-1361
-1032
-1574
-2779
-4199
-6049
-8071
-9916
-11237
-11851
-11557
-10597
-9055
-7333
-5920
-4877
-4382
-4578
-5565
-6870
-8530
-10524
-12128
-12760
-12768
-11931
-10140
-7771
-5170
-2712
-597
1004
1767
1619
760
-636
-2246
-3888
-5435
-6536
-6996
-6481
-4807
-2370
478
3207
5225
6359
6558
5719
4151
2247
88
-2234
-4181
-5531
-6063
-5767
-4758
-3112
-1489
-186
705
976
591
-485
-2046
-4043
-6202
-8063
-9549
-10137
-10120
-9441
-8068
-6513
-5035
-4026
-3540
-3206
-3452
-4395
-5810
-7512
-9430
-10920
-11797
-12139
-12083
-11519
-10294
-8904
-7402
-6086
-5291
-4808
-4659
-5242
-6147
-7197
-8499
-9852
-10910
-11473
-11640
-11209
-10525
-9497
-8180
-6896
-5772
-4982
-4438
-3921
-3575
-3354
-3567
-3948
-4164
-4206
-3878
-3552
-3139
-2702
-2134
-1455
-1033
-846
-750
-866
-1146
-1405
-1559
-1641
-1777
-1984
-2261
-2211
-2093
-2072
-2047
-2133
-2246
-2312
-2554
-2798
-3096
-3354
-3574
-3922
-4514
-5245
-5973
-6385
-6634
-6736
-6667
-6539
-6115
-5618
-4987
-4269
-3727
-3417
-3250
-3569
-4265
-5016
-5884
-6719
-7495
-8222
-8616
-8654
-8307
-7829
-7264
-6357
-5406
-4782
-4316
-4089
-4191
-4487
-4881
-5276
-5450
-5423
-5350
-5166
-4827
-4100
-3178
-2247
-1302
-440
221
668
860
1064
1393
1624
1615
1314
536
-396
-1475
-2615
-3655
-4376
-4396
-3565
-1893
-26
1584
3112
4449
5182
5098
4205
2677
729
-1234
-2855
-4014
-4131
-3496
-2172
-376
1699
3761
5339
6179
6215
5538
4423
2941
1423
40
-1105
-1732
-1548
-492
1225
3110
5154
6616
7224
7212
6802
6372
5994
5857
5982
6205
6520
6598
6374
6121
5682
4877
3798
2769
1718
880
248
-83
114
655
1544
2528
3505
4182
4446
4410
4071
3368
2230
880
-290
-1182
-1746
-1807
-1537
-1153
-581
184
880
1281
1340
1227
865
402
-189
-1228
-2260
-3019
-3483
-3831
-4005
-3993
-3914
-3754
-3385
-3065
-3108
-3335
-3513
-3723
-4048
-4175
-4251
-4328
-4271
-4267
-4078
-3885
-3554
-3283
-3083
-2877
-2753
-2858
-3098
-3526
-3919
-4141
-4037
-3896
-3878
-3670
-3185
-2597
-1922
-1477
-1366
-1330
-1136
-1202
-1527
-1897
-2214
-2530
-2949
-3240
-3364
-3334
-3222
-2955
-2766
-2619
-2288
-2017
-1824
-1804
-1784
-2051
-2729
-3788
-5076
-6350
-7592
-8790
-9746
-10145
-10187
-9991
-9667
-8839
-7612
-6463
-5588
-4975
-4618
-4774
-5405
-6242
-7197
-8232
-9287
-9958
-10186
-9952
-9510
-8920
-8149
-7349
-6636
-6055
-5749
-5748
-5796
-6157
-6765
-7133
-7368
-7820
-8234
-8434
-8077
-7476
-6860
-6238
-5767
-5083
-4388
-3908
-3600
-3274
-3190
-3261
-3225
-3022
-2871
-2581
-2144
-1692
-1338
-1082
-741
-605
-639
-538
-493
-719
-982
-1222
-1380
-1529
-1623
-1629
-1736
-1799
-1826
-1696
-1692
-1763
-1811
-1912
-2246
-2651
-2970
-3072
-3123
-3279
-3368
-3220
-2977
-2865
-2700
-2599
-2621
-2554
-2590
-2780
-3259
-3816
-4443
-4666
-4289
-3321
-2038
-898
13
538
537
-242
-1464
-2988
-4605
-6015
-7189
-8059
-8392
-8041
-7081
-5844
-4394
-3085
-2089
-1585
-1661
-2111
-2999
-4263
-5718
-7138
-8432
-9137
-9139
-8592
-7892
-6661
-5231
-4131
-3422
-2953
-2861
-3180
-3916
-4818
-5907
-7043
-7932
-8598
-8825
-8385
-7695
-6864
-5751
-4832
-4049
-3520
-3262
-3312
-3705
-4423
-5191
-5839
-6475
-7038
-7319
-7084
-6803
-6490
-5976
-5387
-4907
-4737
-4650
-4748
-4985
-5370
-5958
-6322
-6548
-6636
-6787
-6841
-6613
-6291
-5964
-5767
-5726
-5740
-5761
-5856
-6006
-6232
-6551
-6902
-7110
-6849
-6668
-6652
-6335
-6132
-5794
-5446
-5326
-5290
-5083
-5042
-5067
-5300
-5904
-6645
-7549
-8420
-9035
-9708
-10247
-10683
-10872
-10515
-9841
-8959
-7996
-6924
-6155
-5622
-5450
-5598
-6065
-6843
-7607
-8365
-9067
-9410
-9500
-9366
-8993
-8246
-7106
-5970
-4730
-3927
-3620
-3456
-3466
-3839
-4385
-4807
-5239
-5612
-5887
-5716
-5272
-4892
-4249
-3585
-2990
-2298
-1841
-1495
-1326
-1218
-1181
-1147
-1105
-1084
-989
-975
-954
-813
-336
245
591
836
1013
1024
1294
1615
1545
1370
1239
1132
926
959
1182
1285
1330
1261
1116
1042
869
705
576
333
233
325
321
219
308
440
443
435
396
635
836
992
1023
827
298
-533
-1161
-1307
-852
285
1821
3234
4360
5027
5222
4783
3948
2749
1440
56
-1238
-2182
-2731
-2489
-1795
-702
650
1870
2765
3239
3363
3085
2268
1110
-124
-1443
-2509
-3381
-3744
-3320
-2559
-1489
-364
572
1377
1732
1803
1553
738
-146
-1085
-2276
-3365
-4113
-4137
-3851
-3288
-2688
-1907
-973
-272
192
478
270
-233
-842
-1445
-2290
-3123
-3543
-3908
-4059
-3768
-3220
-2715
-2210
-1653
-1343
-1303
-1442
-1633
-2022
-2484
-2798
-3087
-3316
-3476
-3426
-3292
-3100
-2694
-2392
-2164
-2169
-2171
-1968
-2008
-2283
-2651
-2907
-3157
-3259
-3211
-3006
-2836
-2683
-2337
-2246
-2160
-1930
-1846
-1816
-1862
-2078
-2412
-3089
-3903
-4802
-5727
-6433
-6898
-7387
-7495
-7333
-6987
-6331
-5483
-4620
-3882
-3202
-2923
-2996
-3361
-4060
-4991
-5902
-6650
-7222
-7545
-7529
-7260
-6526
-5785
-4969
-4167
-3440
-2652
-2288
-2374
-2650
-3033
-3523
-4091
-4580
-4830
-4782
-4598
-4304
-3671
-2935
-2305
-1741
-1361
-986
-635
-490
-668
-831
-989
-1158
-1148
-1107
-989
-714
-378
40
366
653
850
944
1252
1401
1392
1450
1286
1223
1076
917
917
844
990
1177
1249
998
600
305
176
58
-58
-115
-154
-255
-305
-349
-350
-287
-103
2
-134
-99
-3
-160
-741
-1534
-2077
-2377
-2312
-1562
-286
1308
2668
3581
3838
3594
2874
1786
618
-784
-2242
-3456
-4203
-4414
-4070
-3167
-1724
-208
988
1728
2004
1776
1031
-108
-1599
-2919
-4130
-5102
-5738
-5624
-4880
-4057
-3049
-1887
-922
-330
48
39
-656
-1626
-2684
-3782
-4848
-5669
-6047
-5861
-5482
-4841
-3990
-3142
-2318
-1617
-1244
-1176
-1452
-2058
-2927
-3729
-4629
-5353
-5648
-5729
-5891
-5500
-4917
-4374
-3849
-3487
-3189
-3052
-3032
-3354
-4011
-4554
-4931
-5166
-5300
-5342
-5097
-4808
-4601
-4192
-3965
-3832
-3697
-3701
-3795
-3990
-4259
-4577
-4817
-4966
-4792
-4509
-4579
-4593
-4477
-4270
-4052
-4032
-4034
-3842
-3820
-3806
-4116
-4611
-5265
-6185
-7125
-8106
-8822
-9318
-9519
-9421
-9064
-8327
-7354
-6565
-5870
-5056
-4499
-4430
-4650
-5332
-6171
-6867
-7778
-8650
-9093
-9082
-8689
-8028
-7206
-6324
-5486
-4595
-3855
-3397
-3213
-3271
-3725
-4321
-4840
-5553
-5998
-6008
-5666
-5312
-4930
-4257
-3492
-2759
-2143
-1648
-1370
-1223
-1207
-1309
-1503
-1671
-1872
-1852
-1566
-1266
-842
-519
-202
305
619
813
1134
1333
1290
1098
1145
1221
1243
1130
964
861
782
832
938
1044
1126
983
808
559
445
348
208
95
95
204
178
156
265
476
523
588
556
112
-407
-1084
-2065
-2922
-3392
-3442
-2912
-1940
-722
563
1343
1615
1389
701
-10
-784
-1552
-2287
-2733
-2746
-2499
-1774
-651
426
1219
1817
2162
1886
1249
239
-859
-1811
-2733
-3529
-3742
-3541
-2950
-2002
-968
86
1093
1812
1950
1870
1484
857
176
-750
-1653
-2265
-2551
-2454
-1986
-1349
-653
130
963
1726
1970
2020
1885
1508
703
-205
-907
-1437
-1721
-1888
-1761
-1234
-817
-461
-102
516
868
817
628
264
-159
-734
-1450
-1987
-2354
-2529
-2757
-2716
-2498
-2329
-2290
-2192
-2069
-2039
-2182
-2409
-2640
-2864
-3085
-3250
-3506
-3571
-3393
-3174
-3034
-2964
-2945
-2898
-2767
-2729
-2691
-2701
-2874
-3288
-3849
-4644
-5543
-6345
-7014
-7527
-8004
-8334
-8172
-7423
-6541
-5609
-4693
-3810
-3426
-3252
-3313
-3824
-4497
-5204
-5831
-6362
-6634
-6800
-6659
-6096
-5234
-4124
-3022
-2158
-1611
-1191
-742
-662
-951
-1519
-1922
-2278
-2642
-2814
-2712
-2372
-2007
-1452
-695
-40
509
1056
1447
1674
1728
1604
1472
1396
1256
1030
1020
1252
1577
1916
2327
2690
2803
2897
2880
2898
3047
3055
2979
2799
2546
2402
2303
2331
2547
2507
2315
2155
2185
2008
1743
1557
1476
1203
1000
999
957
970
1131
1112
1084
1124
1132
1143
1249
1264
1089
963
957
1388
2011
2921
4251
5643
6869
7722
7972
7383
6234
4639
2684
737
-1245
-2887
-3955
-4189
-3692
-2350
-465
1693
3780
5314
6214
6397
5834
4709
3252
1479
-457
-2156
-3310
-3830
-3994
-3431
-2214
-694
865
1753
2178
2302
1976
1285
260
-1121
-2580
-3873
-4830
-5460
-5646
-5132
-4191
-3293
-2407
-1448
-693
-345
-282
-534
-967
-1754
-2653
-3529
-4385
-4960
-5185
-5164
-4985
-4801
-4381
-3949
-3778
-3594
-3440
-3577
-3864
-4166
-4433
-4465
-4349
-4076
-3852
-3453
-3003
-2474
-2101
-2040
-2088
-2019
-2040
-2225
-2464
-2688
-2843
-2971
-2987
-2785
-2591
-2057
-1375
-1203
-1280
-1132
-838
-692
-824
-974
-950
-1335
-1994
-2858
-3862
-4666
-5420
-6226
-6582
-6515
-6167
-5755
-5218
-4300
-3416
-2693
-2176
-1955
-2013
-2379
-3081
-3913
-4899
-5869
-6625
-6994
-6973
-6594
-6179
-5499
-4467
-3532
-2914
-2513
-2134
-1990
-2423
-3214
-3920
-4554
-5132
-5317
-5266
-5209
-5050
-4549
-3665
-2812
-2326
-1918
-1376
-982
-856
-952
-1015
-1208
-1205
-1294
-1319
-1271
-1256
-971
-595
-72
520
955
1170
1312
1536
1594
1522
1367
1361
1422
1484
1475
1621
1934
1925
1832
1771
1766
1826
1766
1532
1434
1335
921
675
795
958
1015
1016
1226
1517
1616
1673
1746
1627
1095
212
-757
-1255
-1360
-1360
-783
290
1454
2246
2705
2732
2180
1161
-25
-1125
-2232
-3096
-3465
-3333
-2807
-1980
-779
870
2218
2874
2999
2718
1969
798
-663
-2235
-3546
-4401
-4805
-4846
-4508
-3533
-2152
-808
444
1236
1466
1430
1121
462
-505
-1506
-2393
-2974
-3285
-3180
-2776
-2035
-1051
-96
853
1512
1991
1970
1448
845
95
-621
-1273
-1827
-2077
-1937
-1712
-1464
-1100
-467
113
495
740
775
610
423
60
-299
-674
-898
-1162
-1417
-1498
-1416
-1256
-1079
-1068
-1100
-1068
-1155
-1507
-1966
-2192
-2381
-2347
-2435
-2472
-2434
-2441
-2366
-2291
-2200
-2101
-2066
-1905
-1857
-1850
-2173
-2636
-3047
-3836
-4780
-5669
-6375
-7067
-7498
-7823
-7751
-7263
-6688
-5879
-4990
-4160
-3571
-3269
-3068
-3188
-3660
-4490
-5417
-6124
-6741
-7189
-7098
-6589
-5857
-5057
-4113
-2939
-1996
-1432
-949
-752
-714
-979
-1411
-1936
-2493
-2744
-2783
-2653
-2282
-1612
-975
-351
588
1265
1666
2018
2223
2156
2023
2057
1875
1806
1901
2015
2179
2388
2692
3165
3496
3748
3840
4063
4104
4091
3957
3799
3534
3390
3393
3225
3179
3342
3444
3501
3441
3244
3051
2824
2557
2525
2385
2095
2043
1936
1949
2035
2084
2177
2068
1916
1820
1840
1898
1713
1176
275
-188
-19
584
1714
3072
4266
5241
5828
5990
5491
4400
3117
1812
524
-674
-1531
-1683
-1273
-287
1029
2352
3449
4186
4606
4674
4206
3416
2322
932
-321
-1314
-1942
-2061
-1532
-698
203
1320
2266
2826
3120
3167
2919
2203
1277
186
-766
-1480
-2048
-2214
-1896
-1193
-416
442
1187
1635
2079
2211
2039
1527
780
6
-783
-1487
-1925
-2117
-2275
-2286
-1939
-1337
-684
-274
-2
4
-225
-578
-942
-1212
-1645
-2085
-2289
-2292
-2228
-2128
-2064
-1773
-1265
-973
-984
-1037
-1112
-1316
-1539
-1877
-2082
-2162
-2245
-2167
-1928
-1718
-1671
-1409
-1089
-821
-652
-554
-464
-565
-821
-1409
-2175
-2970
-3763
-4511
-5230
-5640
-5979
-6128
-5890
-5188
-4443
-3671
-2729
-1935
-1612
-1397
-1533
-2032
-2648
-3373
-4066
-4771
-5315
-5411
-5264
-4856
-4186
-3355
-2463
-1606
-957
-553
-368
-462
-869
-1435
-2002
-2454
-2778
-2904
-2869
-2670
-2259
-1710
-908
-284
191
562
1010
1212
1281
1268
986
698
374
418
708
854
1006
1287
1564
2029
2471
2632
2688
2665
2742
2755
2668
2529
2387
2389
2489
2533
2509
2390
2323
2391
2332
2285
2224
2122
2094
1970
1717
1570
1571
1567
1439
1621
1776
1777
1795
1905
1992
1838
1577
971
165
-480
-668
-132
995
2319
3608
4738
5442
5740
5465
4559
3416
2014
654
-474
-1428
-1799
-1770
-1345
-208
1219
2467
3515
4107
4242
3845
2903
1688
408
-825
-1913
-2690
-3128
-2862
-2191
-1192
-113
913
1690
2226
2379
2057
1499
693
-381
-1402
-2383
-3062
-3254
-2971
-2528
-1871
-1076
-251
587
1182
1432
1273
768
226
-538
-1338
-1955
-2421
-2794
-3016
-2829
-2385
-1938
-1477
-1009
-597
-434
-429
-592
-962
-1356
-1815
-2194
-2474
-2570
-2479
-2076
-1664
-1334
-987
-931
-773
-653
-799
-1014
-1260
-1448
-1712
-1897
-1950
-1885
-1937
-1793
-1316
-937
-811
-784
-613
-297
-199
-307
-561
-907
-1573
-2351
-3156
-3995
-4824
-5491
-5952
-6139
-5987
-5472
-4866
-4158
-3087
-2139
-1627
-1409
-1504
-1862
-2357
-3057
-3831
-4589
-5319
-5558
-5440
-4994
-4312
-3622
-2772
-1790
-1054
-501
-30
74
-189
-650
-1148
-1566
-2011
-2309
-2290
-2127
-1805
-1226
-400
374
929
1481
1986
2305
2433
2476
2281
1967
1839
2040
2099
2132
2277
2535
2803
3186
3589
3876
4035
4032
4084
4065
4019
3882
3751
3729
3761
3882
3932
3905
3786
3634
3624
3712
3672
3409
3052
2960
3045
3036
2916
2849
2744
2816
3013
3151
3259
3201
3060
3008
2830
2347
1728
1060
658
1060
1894
3059
4469
5740
6572
6898
6700
5953
4795
3675
2419
1115
-22
-685
-605
-145
736
2005
3456
4627
5190
5322
5084
4553
3448
2264
917
-231
-1106
-1651
-1592
-1054
-158
868
1908
2727
3205
3496
3519
3030
2176
1247
268
-791
-1556
-1905
-1810
-1289
-634
90
889
1670
2195
2400
2410
2169
1629
897
145
-547
-975
-1286
-1491
-1508
-1012
-539
-210
219
657
734
646
660
371
-160
-796
-1156
-1179
-1340
-1429
-1261
-1010
-700
-177
207
238
153
114
75
-124
-396
-758
-1146
-1279
-1191
-900
-698
-665
-413
-69
45
58
249
514
548
476
94
-562
-1409
-2286
-3192
-3896
-4680
-5252
-5448
-5291
-4887
-4420
-3710
-2754
-2007
-1321
-828
-804
-1155
-1609
-2130
-2860
-3656
-4252
-4590
-4698
-4399
-3784
-3103
-2210
-1374
-511
89
320
288
145
-221
-641
-1019
-1475
-1874
-1916
-1880
-1547
-995
-580
93
716
1245
1597
1784
1734
1566
1219
892
757
721
918
1302
1647
2034
2314
2405
2232
1812
1177
608
269
76
-75
45
658
1478
2352
3092
3656
3937
3518
2829
2021
1231
444
-143
-265
213
787
1576
2699
4107
5312
6072
6422
6376
6001
5243
4289
3570
2993
2398
1990
1978
2645
3659
5060
6696
8338
9404
9888
9873
9008
7500
5849
4271
2661
1356
548
337
743
1465
2363
3570
4752
5561
5762
5599
4995
3923
2765
1554
302
-808
-1708
-2095
-1876
-1267
-494
482
1469
2177
2457
2550
2241
1673
728
-322
-1439
-2413
-3097
-3528
-3630
-3269
-2661
-1900
-1086
-332
315
640
798
518
-116
-938
-1621
-2210
-2566
-2873
-2830
-2402
-1854
-1190
-635
-147
488
952
1057
910
661
416
221
147
65
141
231
415
818
1278
1646
2029
2244
2058
1849
1516
1304
1277
1091
817
743
771
765
732
850
1074
1310
1397
1361
1227
1224
1267
1160
914
372
-318
-1106
-2070
-2823
-3395
-3948
-4323
-4472
-4463
-4185
-3574
-2710
-1865
-1286
-931
-889
-941
-1213
-1906
-2742
-3633
-4438
-4934
-5287
-5142
-4493
-3707
-2978
-2359
-1689
-1099
-729
-701
-740
-1067
-1811
-2549
-3068
-3468
-3682
-3691
-3465
-3097
-2617
-2007
-1378
-697
-191
216
338
219
46
-399
-920
-1419
-1785
-1931
-2045
-1870
-1389
-661
206
1011
1406
1543
1528
1412
1053
367
-349
-742
-1150
-1302
-1060
-611
-207
232
593
1023
1179
1050
660
65
-644
-1190
-1781
-2349
-2811
-2943
-2647
-1961
-1454
-1032
-826
-762
-896
-1323
-2311
-3682
-4810
-5506
-5495
-4705
-3536
-2037
-373
890
1484
1257
451
-847
-2465
-4114
-5633
-7042
-7944
-7927
-7140
-5778
-4224
-2569
-1064
-129
162
97
-538
-1583
-2919
-4436
-5889
-6854
-7160
-6704
-5771
-4454
-3025
-1787
-882
-201
147
-8
-374
-1040
-1912
-2925
-3817
-4533
-4930
-4637
-3954
-3017
-1997
-1047
-165
485
783
844
762
384
-107
-772
-1340
-1807
-2286
-2499
-2322
-1657
-940
-479
-10
407
641
721
575
224
-183
-583
-982
-1397
-1567
-1327
-1045
-839
-566
-181
177
431
397
118
-100
-299
-405
-541
-783
-914
-917
-782
-502
-205
167
414
687
809
911
972
1073
1001
618
162
-374
-1007
-1701
-2561
-3172
-3382
-3370
-3158
-2761
-1944
-1061
-175
718
1385
1927
2267
2213
1785
1085
203
-462
-835
-950
-900
-446
369
1335
2211
3065
3721
4176
4362
4344
3921
3343
2831
2253
1773
1528
1503
1624
1928
2196
2471
3081
3715
4126
4309
4335
4199
3919
3495
3211
2932
2754
2767
2843
2846
2912
3088
3289
3608
3890
3981
3945
3738
3519
3249
2973
2768
2742
2736
2816
2912
2937
3016
2973
2798
2679
2523
2403
2234
2113
2040
1805
1646
1644
1703
1917
2023
1979
1958
2037
2113
2154
1952
1611
1080
536
162
273
1063
2296
3791
5238
6313
6579
6342
5749
4761
3433
2088
916
-74
-621
-641
7
1080
2490
3899
5071
5625
5840
5617
4930
3982
2821
1659
417
-527
-822
-724
-381
432
1626
2864
3625
4055
4485
4551
3965
3086
2167
1254
489
-221
-773
-794
-126
660
1296
1952
2555
3092
3381
3400
3232
2891
2376
1576
640
-56
-216
-118
-52
179
625
1044
1468
1808
1966
2051
2109
1995
1428
885
626
373
209
311
519
741
976
1377
1716
1907
1967
1937
1920
1826
1580
1336
1289
1290
1250
1282
1475
1740
2064
2246
2473
2644
2600
2653
2490
2403
2294
1917
1255
491
-277
-1117
-1721
-2271
-2400
-2276
-1968
-1329
-542
319
1183
1879
2226
2319
2066
1523
832
80
-650
-1277
-1454
-1538
-1471
-1046
-245
696
1621
2289
2732
2922
2766
2498
2022
1376
761
219
-143
-447
-621
-560
-256
270
895
1514
1797
1842
1938
1896
1677
1322
906
509
185
98
63
184
404
739
955
1159
1277
1425
1563
1629
1409
1007
730
734
865
707
512
590
664
791
885
852
819
716
413
136
-24
-90
-168
-296
-410
-496
-497
-465
-361
-121
-12
-60
-241
-457
-750
-1408
-2066
-2569
-2655
-1929
-687
758
2120
3237
3838
3779
3259
2258
972
-415
-1721
-2877
-3634
-3714
-3540
-2846
-1539
-126
1062
2024
2619
2535
2130
1195
-124
-1570
-3068
-4068
-4534
-4662
-4390
-3583
-2373
-1161
-85
640
1029
1103
851
119
-896
-1816
-2790
-3636
-4184
-4341
-3894
-3217
-2301
-1332
-388
292
541
619
509
133
-512
-1274
-1877
-2433
-2897
-3057
-2873
-2645
-2158
-1679
-1314
-720
-288
-289
-518
-879
-1193
-1543
-1732
-1788
-1924
-1995
-1854
-1482
-1117
-954
-606
-252
-220
-248
-298
-462
-588
-699
-892
-1013
-942
-752
-643
-438
-207
-79
128
346
542
748
971
902
508
80
-457
-1050
-1921
-2935
-3575
-4064
-4269
-4119
-3991
-3388
-2680
-1842
-938
-251
432
631
574
292
-275
-1014
-1735
-2296
-2718
-2969
-2832
-2143
-1452
-507
360
1086
1811
2240
2240
1963
1537
1069
385
-272
-688
-840
-765
-732
-449
17
538
1119
1585
1815
1907
1860
1730
1530
1200
820
542
464
401
463
762
1085
1275
1450
1772
1949
2011
1974
1832
1712
1397
1290
1358
1418
1336
1249
1245
1190
1268
1494
1430
1205
982
872
681
468
526
586
458
434
450
474
515
583
678
720
724
670
609
431
195
281
735
1395
