-4770
-4164
-3841
-3665
-3544
-3479
-3565
-3724
-3814
-4039
-4374
-4514
-4515
-4487
-4360
-4168
-4002
-3783
-3527
-3278
-3116
-2944
-3036
-3042
-3277
-3778
-4420
-5234
-6130
-7025
-7707
-8179
-8399
-8544
-8311
-7644
-6667
-5533
-4622
-4008
-3561
-3072
-2979
-3476
-4212
-4930
-5657
-6441
-6887
-6750
-6352
-5851
-5241
-4310
-3261
-2397
-1682
-1320
-1384
-1567
-1963
-2735
-3475
-4216
-4635
-4732
-4861
-4631
-4215
-3764
-3311
-2891
-2480
-2191
-2176
-2430
-2879
-3573
-4514
-5079
-5226
-5019
-4355
-3184
-1839
-696
-548
-1152
-2307
-4162
-6097
-8028
-9749
-11056
-11844
-11748
-10522
-8894
-7311
-6030
-5024
-4541
-4764
-5829
-7491
-9167
-10636
-12009
-13047
-13084
-12049
-10278
-7924
-5422
-3050
-898
701
1413
1147
384
-592
-1929
-3459
-5188
-6272
-6486
-5730
-3806
-1155
1687
4432
6398
7411
7470
6493
4633
2490
258
-2242
-4631
-6267
-6739
-6149
-5123
-3551
-1566
104
983
1361
1019
-98
-1786
-3721
-5803
-7848
-9522
-10501
-10551
-9810
-8613
-7140
-5561
-4202
-3345
-3004
-3280
-4070
-5375
-7033
-8799
-10307
-11568
-12391
-12550
-11903
-10761
-9520
-8277
-7052
-5825
-5111
-5014
-5322
-6050
-7218
-8579
-9823
-10957
-11780
-12156
-11865
-11116
-9966
-8878
-7666
-6310
-5442
-4887
-4369
-3928
-3758
-3921
-4105
-4045
-3904
-3510
-3094
-2625
-2070
-1503
-1062
-730
-472
-391
-595
-863
-1061
-1308
-1586
-1795
-1738
-1545
-1623
-1774
-1753
-1600
-1719
-2106
-2399
-2473
-2620
-2957
-3292
-3643
-4000
-4577
-5306
-6113
-6595
-6922
-7080
-7077
-6837
-6447
-5790
-4898
-3984
-3340
-3074
-3005
-3160
-3671
-4690
-5803
-6791
-7635
-8277
-8597
-8610
-8284
-7723
-6990
-6292
-5567
-4798
-4220
-3936
-3962
-4248
-4601
-5028
-5445
-5698
-5802
-5728
-5414
-4661
-3570
-2606
-1687
-820
-231
306
817
1242
1624
1798
1683
1286
250
-716
-1675
-2897
-4229
-5010
-4847
-3772
-2125
-139
1821
3388
4303
4880
4811
3866
2236
336
-1624
-3290
-4359
-4523
-3757
-2359
-531
1458
3311
4747
5533
5580
5014
3747
2167
504
-912
-1837
-2258
-1985
-857
918
2977
4716
5974
6813
6928
6635
6369
6288
6347
6545
6688
6747
6791
6582
6192
5634
4817
3602
2217
1138
79
-771
-1142
-892
-186
715
1918
3146
3975
4228
4123
3628
2763
1581
323
-912
-2165
-2957
-3111
-2937
-2534
-1829
-923
-80
562
983
1122
816
255
-679
-1816
-2881
-3976
-4716
-4897
-5012
-4959
-4754
-4591
-4349
-4145
-3965
-3848
-3906
-4204
-4419
-4711
-4928
-5118
-5281
-5234
-4979
-4719
-4361
-4052
-3728
-3681
-3707
-3713
-3677
-3848
-4177
-4260
-4187
-4060
-3835
-3613
-3193
-2522
-1861
-1495
-1103
-743
-841
-1108
-1351
-1828
-2289
-2661
-3025
-3251
-3254
-3152
-2999
-2833
-2501
-2386
-2192
-1882
-1614
-1502
-1927
-2448
-3057
-4147
-5473
-6736
-7968
-9307
-10239
-10955
-11188
-10791
-10117
-9012
-7891
-6761
-5630
-4954
-4639
-4786
-5461
-6410
-7307
-8156
-9080
-9826
-10197
-10212
-9808
-8962
-8137
-7290
-6382
-5594
-5188
-5209
-5397
-5706
-6204
-6929
-7805
-8477
-8662
-8484
-8251
-7928
-7448
-6585
-5657
-4734
-4172
-3751
-3296
-3166
-2942
-2714
-2653
-2533
-2318
-2014
-1671
-1340
-907
-570
-374
-128
163
286
261
128
-200
-568
-709
-935
-1155
-1167
-1045
-1044
-1187
-1218
-1244
-1157
-1165
-1395
-1657
-2032
-2406
-2603
-2859
-2902
-2969
-2974
-2853
-2695
-2538
-2254
-2030
-1942
-1983
-2253
-2781
-3468
-3938
-3943
-3489
-2518
-1344
-151
872
1397
1405
567
-502
-1893
-3497
-5033
-6371
-7345
-7944
-7813
-6995
-5617
-3941
-2609
-1658
-1209
-1074
-1444
-2441
-3919
-5578
-7078
-8379
-9166
-9263
-8708
-7742
-6589
-5268
-3686
-2467
-1934
-1895
-2152
-2889
-3802
-4891
-6210
-7356
-7989
-8240
-7998
-7250
-6467
-5551
-4621
-3720
-3063
-2670
-2676
-3094
-3769
-4444
-5312
-6149
-6657
-6807
-6837
-6741
-6394
-5928
-5252
-4571
-4065
-3980
-4072
-4317
-4711
-5227
-5693
-6033
-6190
-6250
-6215
-6129
-5905
-5616
-5396
-5082
-4989
-5139
-5537
-5735
-5923
-6281
-6534
-6690
-6730
-6594
-6373
-6025
-5710
-5546
-5392
-5050
-4855
-4808
-4880
-4887
-5236
-6002
-6895
-7815
-8824
-9839
-10503
-11094
-11417
-11338
-10970
-10195
-9247
-8299
-7364
-6447
-5800
-5438
-5346
-5774
-6599
-7485
-8146
-8849
-9502
-9876
-9794
-9025
-7957
-6902
-5788
-4853
-4101
-3566
-3459
-3631
-3917
-4508
-5047
-5447
-5990
-6215
-6236
-6080
-5638
-4926
-4173
-3360
-2532
-1962
-1508
-1276
-1155
-1160
-1215
-1314
-1495
-1528
-1465
-1304
-1015
-674
-72
292
438
698
822
719
683
686
767
901
822
556
398
245
200
262
275
110
-98
-338
-441
-709
-1184
-1457
-1362
-1218
-1178
-1087
-953
-855
-689
-540
-523
-544
-283
-258
-649
-1234
-1842
-2270
-2381
-1787
-866
571
2226
3487
4398
4672
4385
3525
2253
833
-533
-1886
-3027
-3625
-3722
-3168
-2013
-611
879
2101
2697
2789
2506
1908
859
-643
-2203
-3535
-4322
-4587
-4382
-3810
-2964
-1780
-594
361
1213
1565
1329
663
-253
-1268
-2367
-3427
-4324
-4784
-4859
-4360
-3496
-2689
-1866
-1011
-448
-302
-499
-675
-1098
-1876
-2773
-3634
-4240
-4758
-4894
-4787
-4361
-3642
-3096
-2746
-2554
-2139
-1983
-2159
-2607
-2984
-3225
-3513
-3794
-3934
-3850
-3639
-3344
-3059
-2690
-2366
-2340
-2327
-2401
-2491
-2580
-2976
-3374
-3479
-3364
-3343
-3399
-3136
-2845
-2647
-2569
-2462
-2372
-2154
-1969
-2117
-2358
-2830
-3409
-4243
-5357
-6570
-7691
-8300
-8489
-8506
-8335
-7980
-7319
-6326
-5416
-4342
-3275
-2864
-2995
-3522
-4307
-5132
-5924
-6817
-7485
-7866
-7770
-7360
-6754
-5782
-4725
-3796
-3034
-2469
-2189
-2137
-2387
-2962
-3486
-3989
-4380
-4741
-4932
-4878
-4504
-3900
-3304
-2709
-2046
-1466
-1017
-617
-431
-560
-732
-824
-874
-1070
-1123
-1069
-833
-516
-125
125
521
851
1075
1212
1312
1372
1356
1218
1032
884
900
928
833
799
921
922
655
443
298
-40
-394
-516
-592
-613
-655
-656
-920
-1048
-892
-652
-439
-321
-380
-368
-457
-952
-1713
-2354
-2640
-2422
-1574
-91
1502
2906
3918
4468
4233
3354
2169
891
-594
-2154
-3489
-4194
-4263
-3823
-2925
-1654
-244
997
1802
2233
2078
1465
465
-968
-2633
-4080
-5186
-5776
-5857
-5437
-4359
-3129
-1857
-730
33
549
510
-22
-773
-1792
-2990
-4195
-5070
-5591
-5575
-5157
-4580
-3949
-3135
-2202
-1392
-872
-753
-1088
-1612
-2296
-3290
-4235
-4850
-5367
-5648
-5609
-5270
-4698
-4118
-3691
-3434
-3257
-3106
-2989
-3128
-3451
-3926
-4447
-4748
-4867
-4847
-4636
-4209
-3871
-3661
-3280
-2939
-2934
-2998
-3168
-3438
-3715
-3982
-4292
-4437
-4410
-4336
-4362
-4260
-3978
-3822
-3723
-3603
-3457
-3273
-3252
-3389
-3684
-4299
-5125
-6071
-7154
-8135
-8899
-9512
-9770
-9642
-9042
-8334
-7623
-6687
-5682
-4835
-4358
-4224
-4404
-4944
-5687
-6300
-7097
-7971
-8424
-8422
-8061
-7578
-6808
-5662
-4526
-3635
-3090
-2733
-2656
-2911
-3385
-3948
-4481
-4995
-5482
-5542
-5354
-5003
-4460
-3834
-2985
-2161
-1503
-1031
-849
-910
-861
-841
-940
-1115
-1183
-1090
-1037
-943
-756
-356
7
430
787
1070
1227
1220
1187
1148
1113
956
907
941
1095
1027
860
879
860
683
622
457
318
270
50
-312
-477
-594
-542
-444
-417
-209
-68
-47
46
82
81
25
-398
-1167
-2122
-2963
-3365
-2979
-2229
-1235
-9
1328
2206
2282
1851
1247
354
-652
-1739
-2565
-3041
-3169
-3029
-2358
-1190
48
1170
1974
2221
1841
1129
379
-549
-1751
-2926
-3800
-4313
-4511
-3963
-2647
-1307
-232
707
1466
1929
2090
1843
1118
68
-1021
-2024
-2719
-3057
-3039
-2650
-2028
-1151
-234
579
1025
1384
1609
1319
766
81
-559
-1318
-2175
-2702
-2808
-2596
-2405
-1922
-1249
-650
-209
81
167
-28
-330
-640
-1145
-1852
-2573
-2938
-3082
-3222
-3020
-2782
-2683
-2524
-2352
-2193
-2097
-2209
-2487
-2740
-2954
-3198
-3270
-3495
-3708
-3621
-3485
-3281
-3099
-3022
-2878
-2733
-2703
-2773
-2850
-3017
-3379
-3949
-4720
-5599
-6642
-7390
-8055
-8609
-8501
-8066
-7516
-6616
-5669
-4582
-3569
-3022
-2773
-2970
-3479
-4222
-4973
-5613
-6192
-6733
-6993
-6796
-6079
-5208
-4271
-3174
-2064
-1249
-867
-703
-744
-861
-1264
-1919
-2413
-2713
-2919
-3027
-2831
-2386
-1782
-992
-246
412
957
1302
1512
1497
1271
1185
1062
988
893
936
1120
1395
1610
1859
2104
2314
2478
2751
2890
2879
2662
2527
2454
2290
2201
2168
2044
2007
1906
1761
1683
1701
1630
1395
1143
891
740
553
328
258
336
422
429
388
375
501
642
800
858
806
669
354
328
889
2091
3675
5064
6354
7320
7755
7554
6754
5445
3594
1416
-714
-2532
-3718
-4335
-4219
-3105
-1289
753
2720
4396
5448
5816
5586
4691
3099
1286
-694
-2530
-4070
-4904
-5009
-4506
-3454
-1991
-491
808
1793
2028
1969
1480
416
-733
-2042
-3539
-4709
-5484
-5785
-5579
-5073
-4164
-2927
-1779
-802
-280
-225
-345
-838
-1556
-2436
-3420
-4272
-4882
-5336
-5432
-5178
-4816
-4393
-3883
-3499
-3154
-2962
-3086
-3219
-3508
-3712
-3673
-3613
-3554
-3338
-2934
-2601
-2225
-1819
-1492
-1263
-1287
-1462
-1619
-1813
-2024
-2285
-2491
-2442
-2441
-2399
-2061
-1748
-1498
-1124
-978
-853
-887
-1008
-1096
-1496
-1999
-2642
-3476
-4560
-5449
-6200
-6876
-7516
-7594
-7266
-6696
-5750
-4622
-3763
-3061
-2326
-1980
-2192
-2552
-3169
-3909
-4889
-5827
-6558
-7005
-7036
-6572
-6053
-5225
-4310
-3435
-2607
-2091
-1833
-1989
-2587
-3080
-3519
-4068
-4664
-5059
-5336
-5207
-4729
-4018
-3251
-2583
-2028
-1493
-1091
-750
-524
-474
-629
-754
-933
-1177
-1020
-646
-374
-31
332
686
1040
1446
1847
1952
1958
1848
1739
1822
1918
1840
1726
1643
1720
1827
1804
1682
1529
1471
1618
1403
996
807
911
871
531
389
598
649
794
879
869
894
974
1024
950
690
70
-716
-1381
-1478
-990
-145
999
2162
3003
3409
3227
2592
1598
425
-925
-2296
-3268
-3717
-3855
-3383
-2140
-611
856
2163
3170
3536
3188
2460
1465
78
-1634
-3318
-4551
-5134
-5154
-4716
-3610
-2154
-778
563
1702
2384
2469
2065
1374
358
-828
-1955
-2869
-3323
-3351
-3049
-2565
-1479
-452
438
1219
1682
2015
1678
1071
459
-456
-1240
-1922
-2326
-2518
-2482
-2338
-2006
-1411
-848
-374
-21
223
298
156
-191
-639
-1087
-1456
-1590
-1503
-1552
-1688
-1534
-1435
-1247
-1079
-1059
-1258
-1631
-1947
-2108
-2258
-2555
-2789
-2805
-2782
-2662
-2540
-2436
-2275
-2165
-2137
-2069
-1943
-2008
-2194
-2415
-3119
-3860
-4637
-5667
-6640
-7371
-7832
-8181
-8251
-7751
-6986
-6182
-5204
-4237
-3375
-2755
-2518
-2732
-3272
-3982
-4766
-5656
-6444
-6696
-6711
-6376
-5610
-4641
-3535
-2469
-1507
-686
-307
-209
-289
-645
-1185
-1791
-2168
-2500
-2666
-2692
-2427
-1846
-1056
-199
596
1276
1684
1981
2194
2232
2143
1923
1694
1631
1648
1562
1495
1737
2169
2606
2973
3323
3490
3477
3527
3540
3499
3404
3184
2934
2770
2797
2765
2687
2716
2762
2534
2398
2284
2056
1816
1504
1326
1254
1237
1277
1243
1163
1195
1197
1184
1305
1399
1470
1379
1088
571
31
-437
-402
188
1392
2951
4477
5759
6382
6299
5658
4771
3432
2006
859
-342
-1254
-1703
-1613
-940
342
1933
3219
4158
4846
5062
4554
3529
2351
977
-461
-1367
-2047
-2429
-2192
-1456
-406
790
1807
2679
3134
3246
2964
2397
1557
611
-483
-1610
-2278
-2657
-2343
-1618
-952
-178
659
1299
1465
1559
1516
1227
696
-4
-796
-1683
-2492
-2827
-2920
-2601
-2141
-1755
-1275
-852
-519
-341
-413
-600
-936
-1366
-1798
-2153
-2381
-2276
-2095
-1913
-1801
-1504
-1150
-903
-723
-602
-825
-1034
-1168
-1358
-1666
-1953
-1971
-1906
-1694
-1581
-1308
-963
-947
-926
-650
-377
-360
-617
-891
-1275
-1922
-2723
-3783
-4861
-5625
-6118
-6371
-6257
-5933
-5344
-4633
-3840
-2901
-2093
-1639
-1228
-1232
-1678
-2353
-3029
-3741
-4524
-5115
-5331
-5085
-4640
-3953
-2953
-1952
-1113
-444
-42
124
-60
-436
-955
-1470
-1836
-2344
-2723
-2700
-2474
-2088
-1339
-478
213
887
1165
1496
1784
1957
1909
1675
1476
1135
963
1091
1364
1578
1755
2062
2549
2973
3381
3596
3615
3744
3674
3372
3177
2994
2796
2805
2895
3004
2955
2828
2757
2843
2695
2388
2208
2110
1968
1785
1647
1623
1524
1590
1661
1677
1816
1931
2195
2296
2046
1644
1176
681
117
43
483
1527
2865
4265
5565
6364
6542
6230
5399
4198
2822
1594
297
-932
-1460
-1375
-859
146
1378
2871
3989
4471
4506
4236
3651
2588
1057
-317
-1427
-2441
-3035
-2870
-2143
-1227
-99
939
1864
2594
2989
2983
2436
1459
334
-793
-1848
-2603
-2965
-2792
-2360
-1612
-898
-254
665
1527
1888
1760
1340
830
-20
-856
-1644
-2256
-2551
-2624
-2610
-2389
-1973
-1042
-483
-358
-275
-119
-280
-535
-852
-1259
-1612
-1928
-2189
-2149
-1848
-1416
-1092
-770
-487
-358
-310
-326
-422
-687
-1138
-1418
-1471
-1502
-1604
-1535
-1256
-964
-840
-622
-423
-463
-408
-364
-417
-758
-1188
-1858
-2690
-3690
-4736
-5611
-6137
-6495
-6605
-6412
-5858
-4991
-4087
-3290
-2584
-1953
-1576
-1488
-1838
-2424
-2986
-3737
-4529
-5083
-5489
-5349
-4773
-4008
-3247
-2448
-1469
-814
-454
-26
104
-138
-526
-1051
-1649
-2154
-2339
-2305
-2238
-1824
-1176
-356
370
934
1379
1715
1970
2045
2218
2241
2126
1868
1714
1849
1957
2133
2402
2690
2995
3272
3598
3736
3870
3912
3898
3851
3731
3563
3615
3642
3563
3301
3102
3111
3191
3154
2994
2785
2457
2287
2271
2229
2065
1916
1658
1640
1797
1951
2092
2247
2342
2302
2244
2096
1685
1099
452
125
479
1391
2759
4268
5690
6621
6776
6448
5798
4873
3543
2031
496
-559
-1228
-1261
-838
17
1281
2657
3766
4550
4940
4852
4098
2984
1727
468
-840
-2024
-2711
-2722
-2281
-1414
-106
1231
2254
2937
3310
3470
3128
2364
1500
538
-645
-1575
-2047
-2167
-1944
-1333
-566
308
1221
1819
2135
2277
2098
1600
792
-43
-826
-1443
-1903
-2187
-2125
-1749
-1060
-503
-63
271
361
427
471
74
-375
-682
-936
-1134
-1361
-1317
-1068
-777
-546
-22
372
375
386
336
208
91
-185
-328
-449
-709
-713
-821
-650
-300
-182
-78
36
199
308
343
394
289
-13
-674
-1523
-2542
-3544
-4493
-5102
-5532
-5688
-5664
-5254
-4314
-3482
-2726
-1827
-1097
-572
-364
-543
-1152
-1969
-2774
-3528
-4110
-4368
-4352
-4081
-3606
-2952
-1901
-895
-73
543
849
936
803
365
-127
-535
-1095
-1563
-1664
-1411
-1074
-562
125
829
1464
1928
2215
2341
2438
2273
2017
1698
1459
1419
1588
1873
2209
2705
3020
3158
3119
2776
2206
1621
1188
870
650
873
1511
2189
2779
3460
4082
4351
4143
3412
2586
1827
1008
392
179
403
1069
1901
3044
4208
5310
6310
6900
6980
6625
5789
4912
4254
3621
3061
2703
2527
2944
3990
5488
7125
8744
10069
10555
10451
9839
8569
6846
5072
3437
2072
1178
857
1039
1613
2659
3812
4905
5729
6225
6143
5579
4616
3408
2055
595
-760
-1563
-1903
-1886
-1209
-249
822
1685
2381
2933
3321
3172
2544
1545
450
-653
-1799
-2720
-3124
-3136
-2988
-2535
-1817
-876
49
735
1101
1074
873
494
-249
-1110
-1964
-2534
-2666
-2684
-2420
-1882
-1151
-339
164
609
984
1204
1323
1198
938
631
334
272
358
596
771
1068
1548
1982
2237
2336
2436
2380
2216
1866
1547
1245
976
859
974
1079
1067
1217
1502
1694
1721
1474
1262
1172
965
972
687
175
-318
-1087
-2133
-3155
-3924
-4566
-4946
-5192
-5155
-4559
-3720
-2853
-2090
-1494
-1053
-890
-1121
-1606
-2188
-2882
-3552
-4290
-4951
-5294
-5342
-4933
-4318
-3557
-2539
-1709
-1152
-841
-702
-699
-1213
-1959
-2669
-3323
-3775
-4116
-4266
-4010
-3559
-2965
-2445
-1753
-1174
-667
-254
-67
-32
-212
-591
-1041
-1523
-2160
-2587
-2538
-2226
-1695
-920
-160
557
1111
1419
1468
1312
734
89
-474
-911
-1214
-1405
-1523
-1334
-816
-297
-21
336
521
427
250
-208
-1072
-2186
-2995
-3380
-3473
-3521
-3325
-2905
-2460
-2151
-1671
-1449
-1482
-1947
-3020
-4453
-5701
-6261
-6056
-5259
-3751
-1921
-287
965
1533
1412
700
-549
-2271
-4242
-6122
-7485
-8421
-8650
-8059
-6825
-5038
-3188
-1602
-526
-157
-403
-1017
-2095
-3332
-4747
-6137
-7269
-7700
-7586
-6833
-5404
-4070
-2778
-1510
-442
322
356
-316
-1055
-1978
-3038
-4013
-4742
-5175
-5269
-4729
-3661
-2462
-1395
-469
270
743
765
573
227
-262
-1059
-2028
-2670
-2974
-3015
-2948
-2600
-1746
-1033
-587
-169
131
267
160
45
-396
-951
-1316
-1508
-1600
-1555
-1416
-1211
-690
-152
195
321
428
403
211
-140
-520
-763
-982
-1089
-1016
-793
-605
-528
-334
96
487
665
843
890
921
837
454
-128
-966
-1711
-2462
-3316
-3972
-4150
-3959
-3705
-3150
-2239
-1298
-278
573
1284
1911
2092
2032
1435
750
48
-526
-816
-930
-764
-254
503
1286
2243
3208
3794
4263
4555
4597
4235
3753
3229
2617
2035
1503
1307
1472
1835
2287
2863
3482
3987
4305
4442
4461
4472
4367
4152
3838
3362
2996
2889
2803
2897
3159
3443
3748
3932
3980
4208
4348
4149
4001
3830
3539
3303
3306
3305
3353
3290
3202
3296
3137
2985
2883
2682
2408
2072
1824
1738
1594
1608
1801
1900
1922
1933
1900
1969
2089
2126
2080
2010
1729
1203
616
375
631
1413
2521
3833
5234
6179
6714
6677
6158
5197
4024
2760
1495
561
68
-35
413
1460
2807
4194
5128
5651
6112
6121
5479
4708
3537
2318
1083
88
-401
-343
209
949
2172
3570
4668
5270
5407
5322
5099
4430
3446
2463
1475
685
201
142
524
1185
2000
2938
3740
4147
4513
4717
4503
3949
3048
2294
1586
931
402
239
458
840
1239
1622
2095
2482
2656
2724
2786
2570
2189
1842
1370
1019
960
1008
1166
1396
1649
2102
2546
2740
2678
2444
2330
2074
1686
1559
1513
1461
1499
1606
1888
2130
2145
2205
2267
2413
2714
2830
2707
2641
2569
2176
1525
610
-239
-1001
-1937
-2550
-2650
-2426
-1953
-1353
-527
309
1257
2106
2536
2706
2504
1899
1181
515
-110
-659
-908
-1063
-961
-363
542
1382
2178
2828
3315
3550
3545
3280
2762
2038
1315
619
200
-121
-239
42
392
622
924
1413
2019
2445
2593
2417
2044
1596
1280
1066
700
401
362
590
740
745
908
1220
1386
1497
1520
1585
1638
1619
1324
1040
684
568
571
514
552
489
512
439
330
274
87
-192
-454
-611
-817
-1022
-1070
-1130
-1147
-1045
-826
-796
-1086
-927
-585
-649
-1118
-1688
-2155
-2341
-2201
-1474
-45
1722
3209
4301
4777
4692
3949
2742
1221
-361
-1942
-3218
-4131
-4391
-4185
-3244
-1911
-440
1002
2071
2756
2997
2416
1354
67
-1325
-2876
-4304
-5272
-5654
-5338
-4528
-3372
-1884
-463
513
1026
1237
1065
508
-392
-1421
-2597
-3802
-4601
-4859
-4687
-3995
-3125
-2254
-1254
-361
174
339
302
32
-552
-1299
-2107
-2697
-3335
-3806
-3869
-3788
-3291
-2594
-2099
-1726
-1387
-1069
-1003
-1026
-1241
-1526
-1829
-2205
-2555
-2477
-2129
-1723
-1257
-632
-209
-22
158
232
-10
-315
-584
-738
-785
-746
-703
-607
-603
-408
-73
254
478
463
529
681
866
743
489
-96
-690
-1443
-2259
-3034
-3721
-4319
-4683
-4732
-4322
-3572
-2837
-1918
-822
31
494
661
617
247
-278
-949
-1779
-2473
-2919
-3029
-2771
-2305
-1631
-780
312
1092
1654
2051
2183
2060
1702
1027
267
-481
-1112
-1549
-1660
-1410
-1017
-552
54
680
1221
1567
1693
1677
1540
1281
938
756
413
130
38
-21
59
368
893
1245
1463
1605
1589
1593
1555
1534
1549
1484
1257
1116
1168
1028
857
727
904
1118
1129
952
766
578
318
-102
-335
-351
-200
-143
-145
103
297
258
232
343
438
635
673
280
-133
-270
-90
487
