-4699
-4209
-3678
-3436
-3450
-3319
-3381
-3618
-3946
-4109
-4122
-4106
-4318
-4363
-4274
-4140
-3684
-3389
-3247
-3158
-2943
-2766
-2592
-2582
-2939
-3383
-4027
-4942
-5959
-6839
-7474
-7836
-8135
-8262
-7961
-7287
-6403
-5493
-4641
-3883
-3280
-2909
-2873
-3324
-3953
-4759
-5655
-6333
-6722
-6787
-6575
-6169
-5297
-4290
-3350
-2463
-1814
-1408
-1393
-1564
-1946
-2505
-3276
-4019
-4516
-4906
-5217
-5226
-4689
-4029
-3334
-2722
-2255
-2051
-2179
-2753
-3343
-3991
-4691
-5072
-5140
-4938
-4170
-3107
-1818
-897
-750
-1304
-2310
-3938
-5637
-7429
-9307
-10764
-11371
-11257
-10131
-8764
-7369
-5865
-4725
-4252
-4426
-5396
-6798
-8550
-10213
-11760
-12624
-12683
-12031
-10344
-7762
-4943
-2509
-511
976
1699
1604
797
-330
-1652
-3213
-4962
-6261
-6713
-6155
-4502
-2033
883
3687
5894
6939
7016
6339
4889
2818
545
-1757
-3859
-5372
-6119
-5651
-4416
-2940
-1379
-96
859
1232
759
-306
-1833
-3799
-5922
-7694
-9155
-10082
-10216
-9541
-8175
-6576
-5058
-3765
-2953
-2726
-3020
-3789
-5183
-6776
-8417
-9866
-10971
-11603
-11583
-10956
-9994
-8577
-7139
-5923
-5019
-4559
-4589
-4938
-5815
-7062
-8364
-9493
-10342
-10981
-11342
-11190
-10592
-9570
-8275
-7031
-5859
-4880
-4133
-3642
-3565
-3481
-3472
-3591
-3704
-3770
-3553
-3197
-2694
-2079
-1538
-1040
-623
-285
-207
-345
-557
-757
-1092
-1368
-1555
-1625
-1621
-1511
-1495
-1627
-1691
-1885
-2120
-2072
-2131
-2269
-2535
-2869
-3443
-4011
-4405
-4927
-5511
-6195
-6635
-6853
-7007
-6613
-6068
-5440
-4876
-4280
-3665
-3132
-2984
-3253
-3875
-4521
-5294
-6295
-7225
-7930
-8314
-8317
-7984
-7361
-6537
-5819
-5014
-4389
-3894
-3640
-3728
-4152
-4638
-5082
-5466
-5588
-5441
-5208
-4660
-4043
-3267
-2331
-1453
-571
158
721
1219
1528
1701
1859
1616
1129
519
-397
-1418
-2532
-3500
-4361
-4442
-3480
-1831
93
1885
3572
4957
5552
5352
4399
2784
816
-1148
-2952
-4051
-4126
-3337
-1998
-149
1873
3683
5130
5980
6237
5691
4449
2824
1097
-380
-1307
-1741
-1599
-512
1222
3171
4919
6252
7018
7126
6848
6311
6061
6029
6190
6585
6809
6906
6782
6322
5720
5112
4296
3080
1904
889
-92
-604
-462
292
1279
2325
3435
4323
4739
4640
4200
3387
2345
995
-303
-1379
-2040
-2235
-2092
-1582
-860
-28
771
1408
1866
1782
1330
628
-120
-987
-2055
-2916
-3590
-4026
-4293
-4189
-3993
-3769
-3453
-3311
-3213
-3133
-3317
-3696
-4185
-4425
-4604
-4780
-4780
-4588
-4326
-4122
-3757
-3430
-3200
-3034
-3056
-3094
-3122
-3387
-3858
-4024
-4035
-3995
-3803
-3427
-2890
-2313
-1800
-1356
-1001
-749
-538
-599
-1047
-1415
-1763
-2365
-2801
-3176
-3329
-3180
-2989
-2721
-2574
-2343
-2082
-1749
-1495
-1516
-1573
-2058
-2818
-3827
-5197
-6648
-7922
-9051
-10030
-10444
-10302
-10059
-9520
-8408
-7206
-6194
-5459
-4871
-4522
-4534
-5106
-5910
-6987
-8068
-8986
-9485
-9707
-9757
-9401
-8536
-7702
-7005
-6346
-5704
-5204
-5040
-5094
-5525
-6285
-6838
-7343
-7710
-7926
-8093
-8002
-7621
-6939
-6078
-5343
-4716
-4084
-3597
-3165
-2927
-2731
-2733
-2819
-2787
-2475
-2058
-1618
-1251
-789
-450
-119
190
87
14
-20
-138
-269
-481
-776
-935
-1074
-1327
-1335
-1047
-924
-1092
-1341
-1371
-1269
-1438
-1762
-1993
-2149
-2351
-2503
-2631
-2666
-2726
-2851
-2823
-2540
-2126
-1876
-1827
-1914
-2089
-2643
-3452
-3913
-3855
-3337
-2259
-1062
130
1068
1486
1235
518
-584
-1950
-3564
-5074
-6338
-7211
-7536
-7346
-6581
-5349
-3787
-2530
-1628
-1040
-876
-1480
-2571
-3824
-5166
-6701
-7962
-8698
-8832
-8624
-7940
-6720
-5192
-3815
-2931
-2324
-2056
-2252
-2842
-3737
-4797
-6084
-7261
-7949
-8192
-7905
-7317
-6497
-5429
-4529
-3852
-3289
-2826
-2737
-3328
-4062
-4710
-5403
-5983
-6439
-6766
-6794
-6568
-6094
-5627
-5239
-4653
-4380
-4257
-4156
-4353
-4790
-5308
-5660
-5995
-6309
-6355
-6260
-6104
-5902
-5645
-5250
-5126
-5272
-5485
-5550
-5568
-5883
-6249
-6280
-6420
-6600
-6511
-6220
-5848
-5607
-5462
-5256
-5067
-4818
-4788
-4777
-4871
-5200
-5716
-6497
-7416
-8250
-9189
-10071
-10717
-10967
-10766
-10461
-9845
-8838
-7739
-6796
-5982
-5275
-4998
-5215
-5613
-6306
-7319
-8476
-9270
-9583
-9639
-9349
-8616
-7708
-6686
-5774
-4888
-3986
-3433
-3219
-3277
-3557
-3968
-4479
-5058
-5581
-5829
-5753
-5483
-4991
-4369
-3600
-2915
-2186
-1607
-1175
-926
-745
-668
-837
-1006
-927
-734
-801
-715
-402
-33
240
508
845
1159
1369
1612
1553
1530
1634
1582
1481
1294
1180
1192
1163
1058
1144
1222
1018
691
525
313
197
342
242
-12
-30
96
149
91
130
217
302
500
644
773
558
-66
-673
-994
-979
-608
255
1820
3341
4590
5379
5542
5165
4266
2910
1406
-1
-1326
-2382
-2988
-2936
-2205
-1047
329
1537
2842
3592
3626
3254
2486
1372
-49
-1359
-2608
-3610
-4053
-3897
-3277
-2277
-1052
196
1156
1709
2002
1820
1273
461
-694
-1904
-2857
-3477
-3832
-3947
-3687
-2861
-1977
-1249
-555
51
327
126
-306
-681
-1340
-2277
-3144
-3748
-4009
-4026
-3779
-3377
-2940
-2404
-1920
-1564
-1279
-1180
-1398
-1794
-2278
-2736
-2891
-3107
-3314
-3221
-2867
-2631
-2469
-2184
-1977
-1891
-1844
-1852
-1878
-2201
-2497
-2688
-2792
-2793
-2888
-2785
-2556
-2404
-2273
-2185
-2062
-1856
-1747
-1634
-1559
-1747
-2351
-3097
-3903
-4734
-5707
-6696
-7321
-7662
-7934
-7796
-7069
-6195
-5432
-4765
-3932
-3145
-2690
-2636
-2997
-3824
-4595
-5207
-6154
-6941
-7417
-7266
-6851
-6242
-5129
-4170
-3374
-2675
-2178
-1749
-1642
-1929
-2436
-3089
-3574
-3994
-4447
-4625
-4528
-4109
-3484
-2793
-2024
-1234
-547
-159
1
45
34
-240
-551
-670
-813
-829
-764
-608
-293
285
785
1072
1359
1606
1753
1772
1577
1452
1416
1249
1180
1106
1185
1218
1227
1166
1048
904
812
743
647
493
219
-117
-146
-41
-165
-147
-182
-250
-221
-172
-44
36
117
-164
-612
-1297
-1884
-2183
-2057
-1233
116
1589
3006
3838
4231
4026
3235
2050
778
-664
-2178
-3424
-4290
-4424
-3850
-2921
-1699
-459
665
1610
2072
1911
1210
281
-959
-2508
-3868
-5083
-5851
-5918
-5232
-4022
-2877
-1936
-930
-13
417
229
-170
-867
-1943
-3160
-4276
-5092
-5688
-5906
-5576
-4891
-4028
-3104
-2305
-1678
-1211
-1098
-1517
-2190
-2908
-3850
-4600
-5244
-5691
-5764
-5834
-5694
-5184
-4508
-3897
-3491
-3160
-3094
-3277
-3720
-4106
-4738
-5204
-5307
-5395
-5331
-5153
-4990
-4713
-4252
-3761
-3508
-3519
-3635
-3825
-4023
-4262
-4644
-4970
-5161
-5034
-4666
-4643
-4624
-4509
-4256
-3939
-3777
-3590
-3479
-3671
-4005
-4407
-4901
-5711
-6696
-7608
-8500
-9410
-9845
-9950
-9835
-9432
-8696
-7770
-6869
-5871
-5080
-4533
-4477
-4824
-5321
-6087
-6976
-7835
-8394
-8673
-8784
-8604
-7919
-7042
-6237
-5295
-4149
-3505
-3232
-3195
-3294
-3555
-4049
-4642
-5182
-5569
-5816
-5533
-5082
-4624
-4053
-3261
-2373
-1629
-977
-496
-457
-763
-873
-1073
-1288
-1241
-1068
-1027
-998
-758
-246
223
468
834
1154
1384
1326
1298
1372
1309
1157
964
841
806
719
653
706
761
728
677
694
546
311
66
-38
-116
-128
-279
-343
-162
-52
42
178
237
275
377
103
-538
-1391
-2401
-3345
-3814
-3662
-3062
-1930
-586
588
1375
1626
1394
779
-4
-734
-1486
-2201
-2606
-2669
-2379
-1801
-928
145
1097
1690
2048
2032
1417
461
-572
-1639
-2583
-3489
-4007
-3883
-3204
-2250
-1046
123
1051
1829
2189
2132
1742
1089
222
-924
-2011
-2656
-2810
-2695
-2406
-1754
-831
123
981
1672
2125
2060
1654
1179
458
-374
-1218
-1882
-2206
-2245
-2152
-1872
-1353
-689
-84
549
889
769
372
-77
-527
-1102
-1641
-1986
-2428
-2958
-3109
-2969
-2914
-2845
-2544
-2039
-1775
-1855
-2083
-2307
-2480
-2686
-3051
-3477
-3653
-3623
-3576
-3387
-3215
-2986
-2922
-2891
-2895
-2711
-2642
-2732
-2942
-3364
-3964
-4837
-6009
-7005
-7689
-8183
-8471
-8562
-8232
-7531
-6721
-5828
-4761
-3876
-3269
-3044
-3177
-3573
-4176
-5024
-5878
-6495
-6886
-6969
-6889
-6399
-5436
-4119
-2876
-1967
-1340
-861
-812
-967
-1206
-1460
-1855
-2449
-2940
-2965
-2939
-2651
-2234
-1388
-552
47
489
1026
1343
1381
1394
1284
1220
1050
731
470
322
589
1002
1432
1654
1995
2324
2417
2329
2405
2598
2598
2422
2240
2021
1799
1703
1788
1790
1877
1859
1709
1399
1344
1442
1268
913
735
692
460
279
368
526
705
836
809
687
590
667
861
926
751
677
738
1418
2550
4065
5623
6904
7842
8191
7899
6811
5223
3223
893
-1251
-3128
-4453
-4845
-4439
-3352
-1527
737
2874
4630
5962
6525
6063
4864
3197
1306
-620
-2452
-4096
-5043
-5082
-4368
-3201
-1824
-450
759
1849
2463
2547
2039
852
-520
-2017
-3481
-4801
-5564
-5931
-5800
-5057
-4030
-3029
-2089
-1175
-482
-113
-220
-698
-1419
-2326
-3274
-4018
-4632
-4994
-5192
-5147
-4887
-4556
-4277
-3966
-3627
-3386
-3375
-3464
-3454
-3673
-3820
-3824
-3928
-3741
-3212
-2624
-2209
-1849
-1576
-1419
-1400
-1569
-1803
-2090
-2384
-2632
-2586
-2529
-2428
-2155
-1799
-1361
-1129
-1007
-809
-574
-411
-380
-476
-774
-1406
-2280
-3227
-4297
-5209
-5843
-6408
-6745
-6702
-6376
-5819
-4979
-4142
-3270
-2446
-1662
-1368
-1530
-1960
-2830
-3920
-4915
-5625
-6362
-6776
-6769
-6512
-5891
-4948
-4023
-3306
-2567
-2039
-1913
-2084
-2356
-2797
-3368
-3997
-4799
-5307
-5320
-5109
-4686
-4095
-3345
-2632
-2072
-1489
-810
-368
-461
-669
-706
-601
-718
-921
-1035
-883
-629
-338
266
708
1019
1379
1708
1850
1942
1972
1921
1935
1864
1661
1662
1779
1839
1784
1692
1731
1838
1816
1571
1328
1094
922
878
787
846
931
956
1068
1112
1275
1366
1361
1357
1469
1463
968
178
-656
-1164
-1283
-1077
-445
553
1614
2536
3083
2951
2383
1485
203
-1234
-2453
-3367
-3854
-3914
-3396
-2204
-661
904
2314
3321
3723
3263
2393
1216
-427
-2139
-3593
-4649
-5126
-5012
-4411
-3312
-2072
-863
309
1393
2155
2265
2002
1426
521
-676
-1897
-2745
-3107
-3117
-2946
-2247
-1299
-267
653
1471
2211
2362
2012
1659
1019
124
-685
-1403
-1884
-2167
-2080
-1624
-978
-379
32
471
827
1074
1083
782
453
80
-274
-640
-1077
-1321
-1278
-1188
-1064
-869
-710
-609
-762
-981
-1161
-1410
-1653
-1991
-2428
-2582
-2554
-2603
-2522
-2208
-1994
-2009
-1913
-1704
-1539
-1593
-1777
-2023
-2460
-3008
-3668
-4616
-5582
-6491
-7162
-7526
-7715
-7744
-7361
-6662
-5782
-4688
-3636
-2838
-2372
-2339
-2582
-3030
-3755
-4608
-5445
-5990
-6416
-6335
-5957
-5376
-4525
-3411
-2081
-1063
-411
53
214
233
-9
-448
-1069
-1643
-2143
-2283
-1962
-1536
-942
-290
351
1067
1788
2340
2766
3123
3206
3059
2900
2848
2757
2623
2680
2870
3037
3231
3516
3906
4247
4488
4603
4599
4635
4578
4487
4339
4219
4199
4079
3962
3813
3786
3825
3908
3796
3559
3303
3116
2931
2787
2599
2314
2292
2655
2709
2634
2788
2875
2758
2649
2668
2672
2309
1806
1056
439
544
1466
2565
3776
5269
6387
7001
7077
6583
5655
4364
2925
1653
495
-448
-875
-575
415
1805
3210
4292
5110
5660
5802
5387
4562
3489
2149
790
-304
-964
-1085
-764
-35
1041
2137
2967
3654
4072
4176
3988
3339
2499
1542
486
-404
-1015
-1401
-1365
-807
25
845
1673
2371
2841
2931
2686
2237
1527
596
-253
-974
-1545
-1983
-2153
-1896
-1437
-924
-331
208
450
470
329
119
-195
-643
-1065
-1431
-1594
-1721
-1715
-1383
-1098
-838
-512
-295
-161
-174
-355
-550
-837
-1079
-1225
-1486
-1531
-1529
-1444
-1294
-1003
-720
-646
-468
-303
-138
-102
-338
-546
-970
-1664
-2546
-3596
-4405
-5076
-5548
-5880
-5929
-5705
-5167
-4306
-3457
-2456
-1587
-1092
-998
-1025
-1464
-2140
-2877
-3692
-4186
-4722
-5174
-5027
-4536
-3888
-2818
-1858
-1169
-488
-71
60
-149
-604
-974
-1564
-2080
-2414
-2616
-2683
-2550
-2226
-1592
-740
13
585
1096
1432
1624
1688
1521
1295
1079
929
1018
1116
1089
1321
1775
2216
2607
2972
3159
3137
3245
3308
3415
3373
3159
2782
2654
2796
2892
3038
3017
2956
2845
2872
2866
2630
2371
2200
1896
1657
1686
1673
1756
1754
1815
1892
1978
2127
2227
2284
2323
1977
1295
634
266
287
606
1494
2861
4369
5616
6521
6871
6349
5355
4214
2822
1368
87
-870
-1351
-1367
-814
314
1579
2873
3856
4486
4636
4248
3612
2735
1571
-65
-1571
-2478
-2858
-2793
-2377
-1193
124
1152
1966
2515
2687
2527
2049
1247
198
-1083
-2085
-2712
-3104
-2987
-2486
-1710
-807
7
687
1198
1417
1255
862
299
-471
-1323
-2003
-2519
-2781
-2829
-2673
-2292
-1872
-1374
-931
-724
-711
-535
-365
-653
-1143
-1554
-1816
-1979
-2194
-2366
-2208
-1793
-1260
-761
-521
-370
-349
-466
-779
-1154
-1391
-1487
-1751
-1998
-1966
-1800
-1444
-1101
-892
-705
-745
-742
-589
-506
-635
-826
-1121
-1834
-2662
-3648
-4503
-5196
-5992
-6560
-6814
-6482
-5792
-5018
-4181
-3366
-2513
-1832
-1538
-1613
-2015
-2466
-3040
-3886
-4697
-5391
-5670
-5681
-5259
-4521
-3574
-2552
-1702
-985
-378
-58
-214
-649
-968
-1300
-1768
-2307
-2638
-2612
-2218
-1727
-1242
-529
227
702
1303
1884
2210
2390
2355
2191
2121
2030
1874
1938
2081
2274
2613
2968
3185
3408
3628
3991
4104
4098
4110
4120
4122
3923
3738
3665
3634
3569
3403
3346
3418
3410
3385
3165
3097
2932
2631
2370
2341
2363
2280
2211
2235
2406
2419
2379
2275
2329
2367
2291
1889
1349
769
482
790
1617
2675
4287
5703
6593
6910
6561
5931
4936
3654
2294
947
-184
-900
-988
-604
269
1574
2936
4089
4853
5236
4991
4443
3460
2122
622
-688
-1594
-2004
-1895
-1381
-600
458
1454
2506
3342
3691
3626
3248
2576
1615
520
-466
-1328
-1800
-1864
-1486
-784
-75
735
1642
2436
2827
2768
2430
1834
998
275
-304
-944
-1383
-1602
-1500
-1105
-674
-381
63
586
816
856
838
480
-58
-397
-869
-1110
-997
-833
-838
-753
-393
36
411
457
484
714
594
167
-166
-447
-642
-619
-565
-508
-315
-55
189
229
206
416
551
533
438
296
-57
-610
-1404
-2206
-3038
-3706
-4447
-5092
-5400
-5216
-4805
-4178
-3264
-2352
-1401
-789
-484
-364
-574
-1153
-1904
-2508
-3247
-3844
-4185
-4301
-4004
-3511
-2688
-1824
-937
-25
653
1028
1098
946
642
141
-479
-958
-1318
-1684
-1749
-1244
-604
44
736
1335
1945
2291
2354
2407
2394
1981
1497
1235
1381
1712
2100
2558
2862
2990
3026
3004
2665
2036
1499
1051
658
613
801
1195
1891
2736
3514
4072
4277
4155
3758
2875
1926
1016
316
69
347
1040
1846
3032
4354
5561
6469
6975
7091
6618
5939
5174
4298
3482
2801
2404
2366
2907
3939
5403
7173
8769
10056
10704
10599
9801
8340
6694
5042
3434
2096
965
450
673
1426
2492
3694
4862
5810
6373
6227
5485
4416
3401
2153
740
-441
-1231
-1643
-1625
-1199
-419
534
1553
2380
2815
2898
2677
2135
1272
227
-718
-1498
-2257
-2848
-2912
-2753
-2349
-1506
-557
116
609
971
1072
898
472
-279
-938
-1572
-2194
-2552
-2627
-2411
-1812
-1094
-347
253
729
871
962
1019
990
888
699
436
291
419
582
790
1054
1313
1785
2072
2248
2388
2402
2161
1779
1441
1269
950
740
852
1039
1027
972
1202
1365
1339
1348
1441
1373
1259
1235
993
509
-211
-1109
-1988
-3063
-3914
-4311
-4548
-4650
-4595
-4267
-3607
-2745
-1930
-1178
-634
-464
-624
-1198
-2028
-2858
-3820
-4631
-5080
-5136
-5028
-4830
-4355
-3488
-2460
-1603
-1001
-653
-533
-622
-1105
-1807
-2430
-3036
-3537
-4051
-4123
-3800
-3356
-2923
-2338
-1534
-964
-445
109
300
250
127
-123
-597
-1154
-1656
-2094
-2264
-1883
-1266
-543
188
904
1478
1641
1607
1345
893
510
-79
-696
-1044
-1209
-1297
-1066
-486
225
650
861
1118
1006
634
-45
-801
-1414
-2039
-2594
-2971
-3083
-2900
-2535
-2095
-1535
-1001
-902
-1232
-1667
-2370
-3645
-4997
-5763
-5721
-4944
-3499
-1761
-167
1058
1703
1650
830
-582
-2216
-3991
-5754
-7271
-8184
-8273
-7577
-6257
-4538
-2784
-1212
-160
391
203
-452
-1484
-2867
-4268
-5664
-6813
-7317
-6994
-6188
-4981
-3484
-1893
-668
37
347
327
-54
-810
-1766
-2682
-3511
-4293
-4676
-4592
-4077
-3260
-2215
-954
48
690
1035
1105
894
597
103
-871
-1773
-2337
-2568
-2486
-2279
-1964
-1389
-703
-149
298
665
740
522
83
-410
-731
-933
-1174
-1355
-1376
-1198
-889
-584
-320
116
441
504
290
-24
-391
-605
-713
-886
-942
-847
-715
-481
-220
6
167
406
776
1063
1224
1248
1047
652
133
-463
-1392
-2208
-2902
-3305
-3483
-3688
-3577
-2875
-1889
-864
-47
691
1402
1875
1944
1750
1358
762
27
-652
-974
-911
-613
-75
485
1322
2283
3053
3734
4320
4618
4465
4095
3552
3053
2489
1887
1588
1366
1379
1853
2337
2829
3336
3815
3950
4176
4424
4428
4214
3835
3455
3233
3006
2790
2835
3014
3129
3245
3504
3826
3937
3903
3816
3803
3795
3561
3326
3264
3323
3184
3043
2954
2980
3037
3043
2997
2913
2716
2492
2454
2322
2014
1784
1681
1750
1844
2050
2290
2365
2220
2269
2431
2512
2526
2201
1493
700
262
613
1589
2998
4354
5624
6552
6986
6811
6377
5541
4217
2762
1456
587
-130
-335
141
1235
2469
3751
5069
5981
6300
5959
5474
4701
3591
2223
937
63
-461
-444
173
1083
1960
2941
3959
4718
5109
5010
4655
4115
3181
2123
1001
106
-369
-353
138
803
1672
2439
3119
3542
3728
3885
3815
3454
2777
2001
1113
441
15
-74
58
302
745
1316
1902
2286
2462
2546
2508
2249
1890
1508
1105
855
653
716
786
1122
1648
2019
2245
2349
2441
2534
2514
2223
1840
1715
1559
1622
1741
1691
1810
1985
2193
2377
2540
2771
3037
3096
3107
2917
2650
2151
1575
779
-98
-940
-1591
-2036
-2290
-2089
-1690
-1083
-140
838
1745
2418
2668
2550
2387
1983
1192
432
-110
-678
-1196
-1260
-783
-406
225
1214
2000
2440
2972
3418
3231
2733
2277
1790
1194
402
-243
-571
-394
-92
301
769
1328
1829
2078
2337
2467
2281
1989
1653
1117
830
560
288
315
483
667
1007
1208
1164
1289
1571
1725
1673
1405
1327
1133
825
749
888
890
682
616
595
590
527
378
313
233
54
-202
-557
-793
-918
-937
-722
-569
-588
-593
-636
-697
-656
-535
-549
-938
-1669
-2294
-2569
-2335
-1726
-741
848
2613
3743
4067
4021
3464
2506
1288
-231
-1681
-2819
-3817
-4301
-3952
-3139
-1794
-310
890
1907
2510
2659
2292
1373
128
-1156
-2460
-3575
-4353
-4655
-4436
-3739
-2634
-1353
-138
768
1204
1366
1309
763
-160
-1267
-2340
-3299
-3932
-4131
-3756
-3130
-2475
-1477
-450
241
491
580
527
301
-139
-901
-1704
-2361
-2818
-3032
-3061
-2801
-2275
-1704
-1197
-768
-466
-229
-366
-809
-971
-1065
-1242
-1576
-1806
-1878
-1788
-1509
-1047
-571
-121
235
257
86
-65
-233
-460
-717
-915
-1022
-1039
-863
-559
-157
33
84
287
570
643
584
593
768
763
200
-629
-1328
-2016
-2913
-3756
-4245
-4471
-4519
-4079
-3342
-2549
-1756
-974
-140
456
778
793
392
-346
-1113
-1834
-2457
-2781
-2826
-2695
-2281
-1529
-325
715
1523
2081
2493
2464
2198
1686
1038
331
-281
-735
-1187
-1119
-848
-505
-40
444
1027
1605
2037
2163
2191
2091
1748
1359
884
568
426
420
593
804
1078
1413
1621
1734
1983
2082
2014
1964
1778
1585
1458
1357
1370
1272
1295
1410
1450
1262
1109
1123
1154
1062
687
576
442
283
120
76
125
261
303
295
473
507
529
687
834
758
488
148
318
860
1517
