-5122
-4761
-4401
-3951
-3808
-3762
-4009
-4230
-4386
-4588
-4930
-5116
-5059
-4858
-4614
-4391
-4160
-3923
-3665
-3363
-3213
-3106
-3035
-3061
-3404
-3769
-4301
-5115
-6146
-6943
-7721
-8272
-8507
-8542
-8160
-7470
-6623
-5838
-5061
-4333
-3568
-3279
-3411
-3835
-4467
-5207
-6146
-6763
-7127
-7275
-7151
-6576
-5600
-4670
-3838
-3060
-2296
-1800
-1820
-2222
-2624
-3244
-3906
-4490
-4815
-5085
-5370
-5273
-4875
-4401
-3879
-3208
-2791
-2721
-2753
-3109
-3823
-4675
-5246
-5409
-5496
-5281
-4607
-3453
-2268
-1388
-1091
-1558
-2758
-4422
-6216
-8083
-10013
-11584
-12112
-11837
-10828
-9341
-7834
-6377
-5318
-4772
-4951
-5896
-7378
-9119
-10822
-12234
-13033
-12903
-12009
-10474
-8218
-5515
-3018
-912
440
1065
999
391
-688
-2004
-3743
-5474
-6652
-6967
-6290
-4765
-2197
852
3447
5399
6350
6416
5583
3950
2057
-81
-2384
-4487
-5827
-6469
-6307
-5211
-3468
-1769
-407
453
621
-9
-1191
-2887
-4859
-6751
-8578
-9784
-10444
-10336
-9532
-8424
-6974
-5549
-4248
-3561
-3574
-3858
-4569
-5809
-7533
-9364
-10754
-11696
-12343
-12336
-11644
-10452
-9039
-7732
-6564
-5602
-5153
-5051
-5422
-6281
-7397
-8858
-10008
-10898
-11459
-11649
-11467
-10791
-9797
-8600
-7212
-5947
-4964
-4262
-3836
-3617
-3517
-3768
-4167
-4162
-4149
-3959
-3595
-3183
-2580
-2083
-1599
-1397
-1223
-915
-824
-983
-1203
-1670
-2024
-2314
-2523
-2448
-2320
-2254
-2256
-2289
-2332
-2536
-2741
-3060
-3234
-3258
-3411
-3739
-4351
-5202
-5880
-6457
-6885
-7147
-7329
-7293
-7028
-6539
-5878
-5135
-4417
-3911
-3532
-3543
-3897
-4568
-5347
-6104
-7016
-7851
-8263
-8426
-8684
-8698
-8337
-7381
-6255
-5502
-4815
-4402
-4344
-4392
-4571
-4930
-5415
-5906
-6212
-6094
-5692
-5054
-4272
-3303
-2339
-1485
-634
86
619
1052
1319
1451
1557
1370
984
273
-547
-1453
-2614
-3624
-4329
-4298
-3536
-2063
-21
1900
3424
4516
5203
5146
4167
2706
993
-941
-2837
-4042
-4247
-3495
-2051
-95
1988
3901
5309
6222
6347
5654
4479
2982
1378
-148
-1338
-1714
-1347
-252
1435
3323
5150
6491
7062
7127
6758
6283
6052
5955
6222
6541
6677
6799
6801
6550
5915
4999
3974
2959
2037
1036
174
-301
-152
378
1274
2398
3551
4419
4725
4620
4066
3144
2070
910
-167
-1224
-1881
-2028
-1778
-1310
-710
-69
527
1282
1587
1510
1161
636
-218
-1212
-2268
-3171
-3679
-4046
-4252
-4221
-4051
-3729
-3472
-3216
-3269
-3360
-3476
-3708
-3877
-4227
-4459
-4528
-4619
-4649
-4510
-4261
-3925
-3438
-3054
-2881
-3008
-3252
-3220
-3490
-3813
-3891
-3929
-3953
-3901
-3818
-3321
-2699
-2057
-1564
-1230
-1182
-1135
-1338
-1586
-1873
-2292
-2737
-3047
-3103
-3328
-3475
-3362
-3185
-2821
-2457
-2326
-2123
-1895
-1795
-1994
-2375
-2983
-4045
-5393
-6821
-8027
-8963
-9734
-10349
-10629
-10217
-9520
-8754
-7729
-6596
-5725
-5311
-5307
-5594
-6018
-6610
-7495
-8604
-9524
-10111
-10316
-10243
-10011
-9465
-8556
-7580
-6868
-6388
-5980
-5748
-6151
-6522
-6936
-7532
-8204
-8617
-8828
-8775
-8358
-7801
-7168
-6423
-5804
-5297
-4626
-4135
-3898
-3806
-3614
-3575
-3487
-3335
-3068
-2715
-2353
-2109
-1852
-1432
-1026
-854
-830
-840
-740
-792
-1021
-1312
-1464
-1700
-1910
-1870
-1703
-1739
-1811
-1740
-1881
-2032
-1931
-1898
-2030
-2205
-2569
-2969
-3238
-3418
-3572
-3626
-3412
-3073
-2787
-2638
-2498
-2463
-2530
-2856
-3509
-4301
-4800
-4927
-4521
-3533
-2115
-689
328
783
558
-321
-1602
-3016
-4451
-5962
-7160
-8033
-8503
-8351
-7425
-6109
-4780
-3345
-2107
-1525
-1598
-2238
-3240
-4435
-5867
-7243
-8411
-9371
-9662
-9185
-8161
-6762
-5399
-4162
-3328
-2858
-2623
-2872
-3591
-4641
-5885
-7115
-8089
-8635
-8812
-8523
-7896
-7205
-6237
-5110
-4252
-3620
-3274
-3218
-3476
-4120
-5039
-5889
-6504
-6881
-7161
-7158
-6852
-6417
-5934
-5386
-5004
-4896
-4880
-4982
-5042
-5271
-5735
-6312
-6722
-7010
-7210
-7200
-6752
-6355
-6134
-5859
-5855
-5857
-5546
-5735
-6120
-6491
-6725
-6796
-6980
-7011
-6839
-6666
-6588
-6212
-5899
-5657
-5501
-5453
-5331
-5170
-5164
-5571
-6204
-6940
-7661
-8699
-9612
-10490
-10964
-11060
-11161
-11067
-10649
-9662
-8358
-7264
-6529
-5999
-5682
-5693
-6164
-6841
-7619
-8549
-9201
-9682
-9640
-9399
-9162
-8246
-6990
-5924
-5061
-4440
-3974
-3596
-3540
-3755
-4190
-4805
-5354
-5753
-5921
-5968
-5926
-5497
-4682
-3781
-2937
-2376
-1896
-1521
-1302
-1180
-1171
-1132
-1216
-1362
-1414
-1287
-1124
-922
-529
-178
122
502
786
1011
943
944
1135
1157
1173
1033
996
1162
1085
842
886
923
722
602
474
393
208
-69
-353
-376
-345
-428
-495
-397
-92
153
297
498
619
621
537
199
-161
-783
-1344
-1461
-1047
-22
1374
2803
4150
5081
5212
4675
3717
2577
1318
-117
-1528
-2516
-2892
-2797
-2220
-1117
176
1565
2741
3496
3716
3247
2324
1153
-219
-1589
-2872
-3690
-3935
-3672
-2795
-1747
-828
212
1125
1710
1955
1773
1191
256
-933
-2136
-3126
-3800
-4096
-4027
-3629
-2861
-1987
-1060
-368
10
238
103
-278
-864
-1469
-2290
-3159
-3723
-3929
-3974
-3949
-3683
-3196
-2600
-2274
-2054
-1835
-1740
-1919
-2190
-2499
-3117
-3424
-3427
-3473
-3602
-3455
-3141
-2840
-2478
-2234
-2081
-1955
-2097
-2275
-2501
-2889
-3055
-3098
-3334
-3480
-3353
-3032
-2728
-2481
-2361
-2232
-1914
-1791
-1874
-2060
-2214
-2694
-3408
-4047
-4776
-5677
-6491
-7159
-7584
-7823
-7730
-7183
-6310
-5456
-4908
-4073
-3379
-3029
-3047
-3531
-4094
-4718
-5766
-6737
-7202
-7339
-7136
-6670
-6028
-5220
-4503
-3634
-2800
-2337
-2183
-2263
-2550
-3002
-3614
-4230
-4734
-4929
-4827
-4544
-4121
-3539
-2966
-2364
-1645
-1072
-728
-401
-242
-315
-511
-660
-624
-775
-910
-770
-439
-167
261
767
1270
1385
1421
1548
1447
1373
1582
1647
1523
1358
1390
1355
1309
1404
1385
1356
1262
1106
877
500
258
228
94
-65
-269
-119
204
315
223
157
75
-8
-102
-132
-54
-353
-1078
-1800
-2216
-2080
-1313
23
1625
3096
4066
4466
4190
3372
2118
728
-744
-2136
-3119
-3751
-3921
-3513
-2673
-1310
255
1270
2134
2568
2306
1529
323
-1127
-2638
-3951
-4888
-5346
-5253
-4588
-3640
-2586
-1361
-296
203
363
367
-40
-733
-1709
-2968
-4302
-5207
-5671
-5611
-5164
-4582
-3777
-2890
-2091
-1446
-1097
-1172
-1553
-2067
-2712
-3680
-4607
-5149
-5469
-5699
-5562
-5110
-4706
-4201
-3625
-3198
-3137
-3170
-3023
-3277
-3920
-4489
-4822
-4939
-5119
-5243
-5018
-4799
-4377
-3892
-3626
-3443
-3359
-3522
-3691
-3888
-4280
-4767
-4933
-4950
-4938
-4891
-4728
-4673
-4490
-4152
-3834
-3770
-3699
-3630
-3660
-3821
-4185
-4770
-5537
-6368
-7286
-8226
-9070
-9495
-9606
-9473
-9133
-8496
-7638
-6921
-6034
-5245
-4809
-4872
-5113
-5594
-6340
-7292
-8067
-8688
-9071
-9115
-8711
-8129
-7331
-6433
-5492
-4409
-3683
-3306
-3155
-3370
-3588
-4013
-4758
-5334
-5760
-5688
-5260
-4791
-4264
-3788
-3246
-2624
-1994
-1649
-1395
-1246
-1120
-1205
-1285
-1251
-1337
-1655
-1698
-1414
-1090
-620
-218
73
459
744
895
875
873
880
878
692
576
566
656
662
626
753
709
504
412
454
351
-40
-373
-516
-653
-609
-490
-496
-516
-407
-282
-240
-115
48
65
-240
-725
-1485
-2607
-3609
-4133
-3969
-3254
-2295
-1138
173
1060
1393
976
289
-312
-1243
-2133
-2746
-2991
-3032
-2675
-1922
-962
-59
807
1526
1665
1338
718
-34
-1170
-2381
-3153
-3788
-4212
-4126
-3523
-2302
-975
106
852
1460
1778
1820
1585
853
-35
-1038
-1896
-2645
-2984
-2927
-2487
-1604
-685
214
933
1596
1872
1826
1618
1112
426
-362
-1135
-1925
-2325
-2258
-2042
-1697
-1431
-883
-211
320
508
506
410
132
-279
-734
-1466
-2149
-2605
-2830
-2842
-2758
-2538
-2403
-2387
-2290
-2235
-2282
-2307
-2541
-2703
-2856
-3034
-3168
-3383
-3541
-3485
-3416
-3424
-3156
-3059
-2938
-2899
-2940
-2815
-2893
-3241
-3655
-4172
-4957
-5893
-6740
-7395
-7966
-8347
-8250
-7814
-7271
-6574
-5691
-4872
-3970
-3404
-3156
-3414
-3971
-4558
-5236
-5879
-6407
-6753
-6863
-6522
-5885
-5120
-4177
-3146
-2266
-1619
-1122
-702
-744
-1097
-1559
-1928
-2339
-2658
-2808
-2676
-2350
-1841
-1195
-538
283
870
1295
1652
1718
1627
1470
1273
958
839
832
699
876
1185
1561
1875
2010
2274
2428
2551
2657
2631
2545
2482
2461
2194
1961
1885
1788
1840
1935
1904
1868
1794
1622
1342
1001
743
596
522
628
775
562
399
469
641
706
781
885
942
918
799
466
248
683
1585
2713
4096
5498
6860
7721
7958
7652
6577
4963
2977
728
-1418
-3061
-4190
-4566
-4175
-2961
-1006
1256
3304
4939
5972
6106
5610
4544
2876
1022
-1048
-2860
-4037
-4578
-4517
-3821
-2788
-1331
109
1199
1952
2269
2012
1310
282
-841
-2302
-3839
-4772
-5399
-5743
-5332
-4436
-3383
-2449
-1412
-572
-70
-44
-297
-877
-1637
-2330
-3195
-4118
-4902
-5206
-5097
-4898
-4602
-4240
-3811
-3549
-3269
-3184
-3213
-3438
-3695
-3856
-3844
-3889
-3810
-3365
-2890
-2518
-2185
-1749
-1482
-1441
-1438
-1455
-1572
-1863
-2183
-2417
-2526
-2552
-2444
-2112
-1803
-1473
-1024
-755
-602
-399
-416
-488
-640
-865
-1142
-1782
-2743
-3646
-4454
-5267
-5972
-6224
-6280
-6099
-5599
-4818
-3765
-2943
-2264
-1694
-1442
-1474
-1924
-2559
-3263
-4123
-4986
-5814
-6376
-6523
-6294
-5601
-4671
-3790
-3056
-2349
-1970
-1872
-1885
-2169
-2735
-3199
-3634
-4382
-4883
-4800
-4641
-4464
-3936
-3080
-2301
-1520
-897
-525
-242
-178
-223
-313
-428
-589
-608
-688
-761
-380
27
321
787
1317
1755
1853
1864
2001
2158
2120
2028
1866
1878
1959
1849
2043
2059
2095
2085
1999
2055
2018
1822
1569
1353
1246
1246
1237
1279
1219
1183
1264
1442
1651
1627
1540
1586
1513
1157
455
-180
-689
-1035
-997
-379
677
1848
2787
3204
3140
2588
1622
454
-758
-2085
-3102
-3521
-3327
-2629
-1543
-186
1120
2351
3250
3436
3227
2589
1500
-108
-1812
-3170
-4201
-4710
-4906
-4469
-3326
-1905
-549
629
1512
1979
2082
1898
1110
-35
-1001
-1930
-2804
-3223
-3214
-2863
-2138
-1101
-44
901
1525
1869
1986
1826
1272
451
-231
-961
-1773
-2354
-2376
-1997
-1664
-1307
-826
-224
262
468
581
522
313
6
-392
-830
-1290
-1515
-1599
-1674
-1534
-1422
-1232
-952
-903
-987
-1209
-1465
-1868
-2228
-2352
-2494
-2875
-2948
-2766
-2852
-2728
-2469
-2274
-2146
-2261
-2329
-2302
-2141
-2311
-2671
-3208
-3942
-4700
-5700
-6894
-7750
-8212
-8438
-8427
-7867
-7043
-6180
-5373
-4657
-3914
-3358
-3216
-3509
-3953
-4623
-5303
-6279
-6994
-7137
-6929
-6451
-5810
-5086
-4187
-3124
-2082
-1229
-883
-880
-1167
-1464
-1808
-2196
-2563
-2958
-3148
-2990
-2453
-1897
-1251
-468
268
846
1337
1801
2092
2107
1993
1851
1820
1712
1634
1824
2025
2156
2325
2487
2874
3225
3562
3781
3679
3477
3591
3589
3332
3201
3195
3003
2857
2807
2696
2551
2445
2536
2620
2342
1976
1708
1510
1398
1381
1556
1551
1480
1367
1397
1564
1444
1293
1397
1358
1063
435
-343
-791
-540
234
1193
2620
4284
5396
5699
5538
4996
4136
3049
1695
284
-858
-1641
-1920
-1607
-822
517
1934
3118
4129
4539
4579
4281
3395
2216
876
-524
-1522
-2044
-2171
-1807
-1062
70
1211
2152
2778
3120
3204
2952
2155
1194
129
-954
-1923
-2451
-2509
-2287
-1705
-968
-121
797
1379
1724
1891
1752
1248
504
-319
-1178
-1825
-2318
-2609
-2685
-2485
-2004
-1538
-1085
-633
-404
-283
-250
-482
-1014
-1558
-1826
-2032
-2211
-2508
-2477
-2273
-1953
-1502
-1189
-1115
-1034
-1031
-982
-1022
-1298
-1791
-2012
-2090
-2087
-1966
-1819
-1606
-1228
-1094
-1115
-971
-731
-603
-384
-390
-702
-1293
-1992
-2714
-3625
-4553
-5359
-5783
-5915
-5920
-5625
-5137
-4487
-3602
-2594
-1873
-1331
-1019
-1173
-1648
-2407
-3245
-4078
-4847
-5242
-5257
-5170
-4773
-3979
-3181
-2372
-1591
-868
-411
-220
-245
-484
-936
-1599
-2185
-2603
-2983
-3066
-2636
-2196
-1669
-975
-231
443
1025
1286
1425
1478
1376
1193
953
737
692
696
801
1246
1619
1914
2285
2660
2855
3001
3095
3010
2964
2939
2722
2623
2627
2615
2590
2696
2880
2852
2642
2444
2488
2558
2373
2107
1925
1776
1611
1414
1479
1737
2028
2034
1929
1910
1856
1788
1726
1643
1341
732
60
-104
338
1301
2576
3975
5170
5966
6279
5998
5046
3777
2460
1178
-95
-966
-1537
-1425
-825
79
1281
2445
3549
4231
4458
4195
3384
2217
640
-899
-2094
-2841
-3099
-2828
-2070
-1103
-51
931
1798
2398
2690
2596
1985
987
-229
-1245
-2015
-2668
-3116
-3019
-2516
-1803
-845
143
634
979
1317
1309
905
430
-206
-863
-1577
-2383
-2831
-2869
-2679
-2281
-1812
-1232
-678
-317
-164
-133
-100
-524
-1026
-1426
-1763
-1924
-2033
-2066
-1938
-1656
-1274
-1052
-909
-551
-268
-379
-739
-1054
-1205
-1276
-1418
-1528
-1611
-1558
-1429
-1144
-924
-669
-606
-505
-375
-560
-783
-996
-1277
-1701
-2577
-3492
-4307
-5089
-5678
-6254
-6478
-6221
-5603
-4778
-4034
-3222
-2583
-2013
-1602
-1529
-1776
-2407
-3340
-4124
-4756
-5234
-5473
-5432
-5078
-4432
-3598
-2592
-1647
-1026
-577
-355
-324
-465
-843
-1392
-1860
-2097
-2310
-2408
-2366
-2064
-1520
-749
172
869
1178
1562
1988
2117
2017
1782
1878
1883
1724
1726
1821
2082
2415
2705
2963
3311
3651
3871
4037
4057
3977
3757
3698
3578
3523
3386
3232
3215
3305
3284
3265
3122
3037
3066
2915
2647
2409
2087
2003
2027
1970
2007
2030
2164
2346
2470
2483
2442
2370
2159
1798
1123
501
468
741
1359
2407
3758
5200
6248
6464
6199
5601
4500
3136
1624
507
-448
-1115
-1226
-847
149
1360
2678
3838
4552
4912
4870
4306
3366
2127
684
-602
-1578
-2100
-2319
-1724
-768
306
1469
2364
2915
3105
3114
2719
2030
1163
138
-862
-1653
-2084
-2093
-1697
-1071
-368
355
1127
1733
1990
2002
1733
1390
742
-118
-783
-1347
-1853
-2153
-1995
-1584
-1087
-648
-149
213
389
568
469
95
-378
-802
-1218
-1406
-1480
-1396
-1254
-1084
-684
-237
55
176
241
224
51
-284
-581
-733
-1025
-1169
-1098
-1033
-913
-659
-579
-374
-49
61
106
62
84
-3
-408
-1004
-1638
-2281
-3044
-4123
-5053
-5457
-5720
-5654
-5063
-4440
-3839
-3125
-2258
-1498
-1003
-727
-976
-1438
-1975
-2747
-3569
-4273
-4632
-4727
-4361
-3645
-3023
-2292
-1408
-507
117
543
689
444
-36
-592
-1014
-1299
-1644
-1903
-1870
-1570
-1097
-456
302
1043
1513
1846
2097
2066
1934
1631
1249
970
918
1111
1416
1903
2343
2519
2506
2278
1937
1595
923
278
-11
-42
227
816
1510
2283
2962
3528
3584
3356
2834
2032
1135
447
-182
-534
-340
476
1668
2983
4048
5011
5918
6466
6449
5906
5067
4178
3558
3084
2709
2285
2065
2402
3334
4960
6810
8414
9585
10092
9860
8933
7537
6082
4414
2707
1307
487
282
568
1384
2477
3515
4487
5249
5561
5418
4971
3966
2674
1394
154
-902
-1589
-1937
-1966
-1564
-732
314
1268
1850
2265
2409
2361
1885
1034
-121
-1243
-2086
-2928
-3555
-3648
-3214
-2480
-1762
-1071
-453
154
609
511
104
-331
-847
-1519
-2196
-2710
-3046
-2912
-2527
-2079
-1345
-574
85
518
711
869
967
848
620
402
189
16
62
273
656
906
1337
1749
1975
1967
1891
1829
1644
1402
1273
1125
1007
787
732
801
814
996
1205
1072
881
1046
1302
1214
1055
1069
845
394
-232
-1028
-1923
-2871
-3704
-4421
-4790
-4766
-4616
-4163
-3458
-2650
-1895
-1264
-791
-505
-634
-1195
-1998
-2976
-3859
-4453
-4889
-5212
-5176
-4694
-4031
-3194
-2286
-1492
-880
-496
-444
-759
-1283
-1786
-2579
-3365
-3770
-3967
-3975
-3655
-3266
-2576
-1918
-1350
-841
-368
-10
171
231
15
-275
-700
-1239
-1736
-2089
-2116
-1837
-1303
-592
113
1001
1575
1798
1742
1332
889
340
-158
-572
-998
-1279
-1093
-801
-418
144
690
1072
1210
1066
673
99
-665
-1545
-2280
-2694
-2854
-2952
-2690
-2144
-1516
-1083
-892
-713
-859
-1340
-2446
-3876
-4994
-5615
-5547
-4755
-3376
-1662
47
1159
1708
1519
750
-470
-2080
-3772
-5503
-7167
-8057
-7974
-7301
-6071
-4360
-2567
-1022
-113
145
-56
-653
-1550
-2874
-4554
-6112
-7253
-7650
-7319
-6275
-4921
-3497
-1951
-677
204
489
390
68
-693
-1931
-3085
-3941
-4420
-4601
-4376
-3842
-3030
-1953
-1000
-126
680
1127
1168
933
450
-237
-1123
-1921
-2469
-2697
-2735
-2564
-2062
-1374
-621
-89
366
621
701
536
35
-403
-741
-1080
-1569
-1780
-1681
-1292
-895
-642
-228
27
269
402
451
242
-190
-585
-817
-936
-975
-807
-687
-468
-301
-6
367
572
796
1005
1185
1267
1095
671
92
-638
-1365
-2166
-2864
-3334
-3710
-3807
-3418
-2866
-2242
-1179
-91
725
1416
1855
1994
1830
1338
660
37
-484
-749
-904
-842
-285
414
1122
2076
2919
3425
3747
3969
4053
3955
3368
2630
2143
1765
1407
1207
1323
1879
2312
2783
3328
3803
3994
4036
4096
4085
3894
3569
3229
3043
2879
2588
2536
2743
2962
3271
3389
3612
3807
3792
3714
3617
3384
3208
3050
2825
2673
2855
2874
2793
2819
2921
3032
3032
2882
2678
2351
2048
2001
1980
1960
1840
1625
1706
1927
1983
1967
1925
1987
1913
1974
1913
1581
995
329
151
569
1556
2761
4074
5421
6520
6950
6678
5871
4811
3703
2389
1090
195
-259
-390
-70
928
2449
3909
4917
5460
5701
5726
5341
4426
3164
1851
768
-139
-817
-843
-205
733
1917
3051
3869
4370
4610
4610
4087
3340
2504
1461
416
-279
-577
-467
-184
212
1112
2226
3068
3525
3809
3720
3366
2819
2205
1579
809
219
-222
-545
-439
-2
522
1069
1593
2014
2151
2029
1874
1706
1427
1039
603
484
491
349
373
598
1161
1670
2085
2261
2322
2328
2055
1910
1615
1150
1100
1260
1458
1587
1580
1743
1966
2159
2290
2353
2502
2785
2873
2712
2348
1762
1264
656
-270
-1214
-1902
-2288
-2571
-2529
-2073
-1404
-441
424
1041
1627
2128
2257
2093
1564
865
40
-653
-1151
-1495
-1598
-1353
-585
208
971
1696
2436
2956
2985
2948
2668
2083
1377
693
117
-140
-423
-604
-357
-54
360
861
1249
1694
1947
1962
1929
1786
1436
903
477
302
114
25
176
434
616
827
1136
1466
1545
1533
1457
1360
1252
1007
918
630
388
252
410
566
621
651
607
402
284
127
-197
-362
-487
-681
-930
-961
-918
-799
-646
-556
-628
-620
-466
-456
-638
-905
-1406
-2325
-2893
-2776
-2135
-936
650
2127
3181
3788
3870
3254
2163
859
-431
-1724
-2881
-3811
-4232
-4025
-3198
-1830
-208
1127
1995
2511
2411
1851
901
-290
-1648
-3048
-4132
-4836
-5036
-4616
-3799
-2648
-1575
-568
402
859
891
708
241
-560
-1789
-3058
-3785
-4201
-4430
-4057
-3493
-2738
-1804
-878
-60
586
778
413
-98
-637
-1306
-2112
-2830
-3323
-3499
-3428
-3024
-2580
-2027
-1320
-857
-724
-740
-712
-715
-980
-1538
-1824
-2030
-2170
-2235
-2194
-1974
-1649
-1386
-998
-449
-300
-285
-417
-511
-607
-751
-902
-1161
-1315
-1330
-1068
-735
-457
-150
276
565
508
417
505
461
238
-198
-874
-1637
-2434
-2994
-3693
-4299
-4519
-4639
-4429
-3889
-3010
-1976
-1055
-264
525
905
516
-88
-659
-1232
-1915
-2669
-3254
-3233
-2896
-2304
-1326
-482
200
922
1707
2008
1980
1791
1381
748
164
-364
-853
-1171
-1247
-1020
-786
-413
89
725
1330
1642
1619
1601
1689
1514
1215
638
245
298
473
703
712
777
1080
1393
1683
1809
1834
1860
1979
1754
1324
1107
1190
1291
1376
1405
1305
1274
1217
1213
1360
1390
1195
615
197
167
98
-76
-132
-19
6
-51
113
151
100
272
417
411
301
86
-296
-193
279
1132
