-5126
-4750
-4297
-3870
-3684
-3729
-3913
-4035
-4152
-4429
-4655
-4817
-4855
-4858
-4732
-4320
-4042
-3954
-3885
-3762
-3593
-3286
-3137
-3101
-3390
-4015
-4661
-5433
-6390
-7359
-8116
-8485
-8549
-8541
-8326
-7768
-6959
-6060
-5082
-4296
-3647
-3391
-3630
-4009
-4718
-5611
-6424
-6932
-7216
-7255
-7126
-6576
-5749
-4713
-3499
-2573
-1781
-1497
-1573
-1846
-2406
-2941
-3639
-4263
-4811
-5247
-5353
-5082
-4474
-3834
-3363
-3032
-2614
-2128
-2002
-2318
-2976
-3843
-4714
-5347
-5305
-4846
-4057
-3092
-2035
-1141
-887
-1446
-2656
-4256
-6235
-8121
-9820
-11141
-11786
-11691
-10727
-9205
-7692
-6290
-5053
-4563
-4815
-5714
-7199
-8894
-10817
-12422
-13075
-12934
-12010
-10371
-8013
-5443
-3045
-977
681
1518
1489
848
-477
-1932
-3530
-5250
-6513
-6739
-5837
-4219
-1828
1140
3956
6061
6914
6895
6117
4562
2340
-214
-2561
-4515
-5941
-6561
-6214
-4999
-3285
-1558
-33
990
1337
963
-134
-1691
-3906
-6283
-8180
-9609
-10359
-10411
-9823
-8435
-6948
-5503
-4144
-3313
-3092
-3325
-4174
-5530
-7073
-8618
-10072
-11286
-12241
-12347
-11590
-10545
-9245
-7673
-6390
-5517
-5143
-5056
-5466
-6246
-7207
-8541
-9803
-10758
-11428
-11830
-11578
-10875
-9899
-8783
-7481
-6082
-5082
-4572
-4103
-3760
-3597
-3617
-3722
-3743
-3840
-3769
-3265
-2642
-2169
-1629
-1136
-858
-642
-534
-624
-922
-1101
-1280
-1397
-1646
-2015
-2057
-1978
-1741
-1653
-1740
-1922
-2179
-2374
-2526
-2586
-2814
-3115
-3448
-3952
-4539
-5186
-5860
-6432
-6813
-6972
-7009
-6622
-6032
-5514
-4928
-4147
-3607
-3269
-3264
-3456
-4149
-5017
-5951
-6926
-7898
-8423
-8712
-8877
-8627
-7968
-6917
-5954
-5181
-4646
-4122
-3794
-3782
-3902
-4318
-4955
-5462
-5744
-5641
-5443
-4877
-4048
-3253
-2351
-1478
-579
290
890
1123
1354
1698
1787
1588
1230
598
-359
-1366
-2317
-3433
-4294
-4364
-3364
-1651
292
2203
3817
4821
5362
5331
4616
3132
1269
-625
-2401
-3539
-3744
-3176
-1943
-129
2090
4094
5552
6293
6449
5986
4810
3251
1507
-56
-1077
-1420
-1166
-331
1498
3588
5412
6660
7363
7596
7293
7013
6695
6597
6806
7049
7114
7055
6991
6702
6022
5140
4120
2902
1712
804
108
-231
18
738
1873
2993
3927
4726
5148
5117
4634
3701
2630
1237
-180
-1243
-1820
-2058
-2115
-1737
-856
-45
683
1132
1454
1610
1392
784
-162
-1277
-2283
-3099
-3758
-4075
-4134
-4194
-3974
-3658
-3537
-3427
-3304
-3282
-3458
-3618
-3665
-3804
-4098
-4523
-4610
-4198
-3873
-3681
-3281
-2990
-2797
-2801
-2923
-3149
-3455
-3786
-4053
-4100
-3985
-3905
-3653
-3298
-2905
-2386
-1929
-1464
-977
-828
-913
-942
-1082
-1533
-2026
-2600
-2923
-2969
-3010
-2950
-2813
-2724
-2529
-2208
-1885
-1637
-1433
-1453
-1676
-2244
-2895
-3842
-4955
-6362
-7781
-8920
-9928
-10393
-10463
-10209
-9481
-8615
-7591
-6480
-5712
-5169
-4890
-4923
-5400
-6240
-7276
-8450
-9474
-10102
-10418
-10393
-10130
-9503
-8584
-7734
-6958
-6328
-5863
-5694
-5881
-6102
-6549
-7206
-7856
-8224
-8560
-8829
-8544
-7989
-7199
-6412
-5701
-5160
-4677
-4212
-3855
-3646
-3628
-3589
-3444
-3257
-2985
-2626
-2219
-1888
-1516
-1302
-1004
-780
-650
-709
-856
-796
-869
-1180
-1405
-1731
-1801
-1688
-1674
-1637
-1561
-1621
-1660
-1632
-1713
-1998
-2388
-2477
-2675
-2948
-3141
-3134
-3155
-3187
-3098
-2869
-2679
-2666
-2501
-2388
-2311
-2572
-3348
-4146
-4582
-4621
-4201
-3359
-2170
-765
357
855
615
-71
-1121
-2708
-4412
-5850
-7219
-8253
-8531
-8118
-7190
-5852
-4406
-3174
-1973
-1407
-1420
-1932
-2901
-4272
-5999
-7619
-8853
-9531
-9545
-9053
-8240
-7053
-5517
-4130
-3197
-2680
-2635
-2824
-3473
-4621
-5836
-6980
-7948
-8718
-8885
-8562
-8001
-7203
-6240
-5097
-4081
-3522
-3067
-3016
-3385
-4273
-5126
-5840
-6499
-6916
-7058
-7101
-6984
-6591
-5933
-5326
-4859
-4547
-4385
-4367
-4612
-5160
-5779
-6093
-6354
-6510
-6571
-6644
-6560
-6250
-5870
-5533
-5310
-5069
-5191
-5598
-5899
-6226
-6558
-6830
-6887
-6878
-6904
-6764
-6417
-6123
-5811
-5583
-5233
-4913
-4767
-4748
-5015
-5532
-6204
-6935
-7751
-8648
-9464
-10103
-10730
-11250
-11173
-10483
-9759
-9016
-8026
-7061
-6235
-5700
-5608
-5734
-6055
-6582
-7333
-8221
-8904
-9634
-10023
-9726
-8983
-8113
-7207
-6161
-5086
-4148
-3581
-3350
-3477
-3980
-4420
-4813
-5204
-5636
-6135
-6158
-5674
-5110
-4357
-3458
-2743
-2105
-1538
-1092
-922
-989
-916
-846
-978
-1224
-1273
-1020
-699
-502
-169
371
808
1075
1327
1408
1571
1701
1613
1562
1456
1371
1245
1066
1054
1027
1135
1194
1126
1036
886
708
403
110
-29
-127
-328
-417
-215
107
88
-4
159
411
575
544
430
337
64
-408
-966
-1208
-870
258
1763
3117
4340
5092
5238
4849
4106
2887
1508
74
-1465
-2524
-3107
-2977
-2069
-739
638
1904
2970
3664
3917
3567
2802
1619
210
-1077
-2294
-3186
-3670
-3735
-3082
-2066
-952
300
1283
1848
2029
1934
1405
418
-632
-1812
-2989
-3713
-4157
-4207
-3898
-3146
-2056
-1168
-456
115
311
408
255
-370
-1383
-2298
-2969
-3597
-4031
-4123
-3985
-3555
-3045
-2547
-2098
-1769
-1442
-1331
-1522
-1996
-2566
-3006
-3248
-3380
-3517
-3553
-3383
-3096
-2769
-2461
-2225
-1901
-1733
-1872
-2168
-2551
-2945
-3183
-3262
-3463
-3498
-3360
-3357
-3225
-2925
-2534
-2169
-2070
-1933
-1841
-1794
-2062
-2579
-3346
-4326
-5224
-6186
-7093
-7500
-8004
-8251
-8108
-7490
-6564
-5587
-4752
-4020
-3475
-3259
-3250
-3583
-4324
-5145
-5946
-6786
-7437
-7754
-7699
-7206
-6506
-5627
-4751
-3784
-3073
-2453
-2155
-2251
-2527
-3212
-3914
-4364
-4668
-4895
-4899
-4734
-4402
-3933
-3279
-2556
-1741
-1195
-908
-706
-747
-936
-1085
-1122
-1221
-1438
-1490
-1317
-1080
-798
-349
200
539
678
956
1200
1205
1232
1283
1159
903
815
860
768
697
636
460
372
360
325
288
150
-120
-363
-615
-756
-934
-896
-646
-649
-609
-675
-766
-633
-435
-368
-532
-964
-1571
-2215
-2687
-2513
-1690
-325
1158
2409
3358
3872
3622
2809
1643
262
-1401
-2886
-4001
-4636
-4795
-4300
-3406
-2081
-589
615
1456
1903
1854
1123
-87
-1510
-2993
-4406
-5387
-6042
-6245
-5820
-4834
-3473
-2174
-1277
-628
-265
-297
-470
-1254
-2600
-3988
-5030
-5857
-6229
-6265
-5925
-5416
-4524
-3371
-2524
-1925
-1594
-1563
-1877
-2353
-2976
-3882
-4835
-5497
-5916
-6054
-6123
-5866
-5400
-4742
-4082
-3726
-3542
-3524
-3657
-3967
-4283
-4620
-4936
-5117
-5445
-5520
-5453
-5369
-4921
-4474
-4109
-3845
-3607
-3722
-4102
-4285
-4592
-4969
-5296
-5436
-5550
-5438
-5024
-4779
-4583
-4465
-4275
-3950
-3915
-3835
-3708
-3830
-4377
-5103
-5896
-6812
-7718
-8542
-9165
-9791
-10048
-9910
-9412
-8724
-7982
-6973
-5845
-5080
-4628
-4425
-4751
-5464
-6337
-7125
-7870
-8774
-9258
-9276
-8887
-8023
-7143
-6259
-5309
-4335
-3615
-3143
-3084
-3402
-3737
-4194
-4852
-5594
-5892
-5974
-5857
-5448
-4712
-3853
-3171
-2676
-2217
-1797
-1409
-1223
-1211
-1161
-1209
-1483
-1703
-1769
-1689
-1434
-1152
-809
-467
111
398
552
781
887
987
859
636
584
516
528
448
344
401
397
415
278
161
103
-21
-192
-297
-379
-441
-565
-627
-476
-417
-480
-432
-398
-353
-237
-158
-281
-868
-1670
-2442
-3273
-3821
-3698
-2914
-1864
-590
589
1437
1629
1308
785
-24
-833
-1764
-2652
-3078
-3094
-2665
-1942
-949
207
1277
1993
2233
1997
1288
375
-963
-2245
-3166
-3974
-4313
-4144
-3509
-2512
-1356
-295
731
1465
1821
1820
1543
889
-225
-1201
-1990
-2533
-2866
-3021
-2654
-1831
-1045
-285
555
1346
1860
1810
1377
600
-252
-1013
-1644
-2070
-2391
-2600
-2551
-2050
-1487
-891
-305
146
390
374
263
-145
-730
-1367
-1905
-2378
-2816
-2991
-3048
-3002
-2721
-2417
-2076
-1918
-1817
-1786
-2056
-2429
-2737
-2991
-3134
-3279
-3396
-3537
-3552
-3395
-3175
-3018
-2732
-2558
-2609
-2643
-2661
-2650
-2865
-3304
-3945
-4697
-5608
-6628
-7445
-7827
-8034
-7965
-7526
-7226
-6432
-5410
-4329
-3476
-2972
-2821
-3055
-3594
-4266
-4935
-5598
-6040
-6493
-6634
-6492
-6019
-5187
-4077
-2882
-1888
-1196
-829
-673
-670
-935
-1309
-1726
-2137
-2615
-2770
-2719
-2375
-1933
-1480
-643
310
1037
1447
1661
1834
1725
1361
1112
1061
1143
1223
1302
1309
1315
1575
1875
2118
2418
2815
3033
3065
2929
2866
2848
2689
2504
2305
2192
2250
2265
2289
2322
2212
1943
1742
1577
1490
1332
1315
1271
1141
977
820
950
1165
1185
1216
1225
1395
1385
1348
1177
935
951
1110
1445
2381
3927
5444
6790
7720
8009
7690
6731
5224
3277
1211
-831
-2543
-3610
-4069
-3680
-2480
-847
1139
3233
4937
5869
6248
6125
5151
3561
1662
-307
-2052
-3560
-4421
-4532
-3808
-2646
-1338
-22
1220
2081
2484
2277
1684
774
-523
-2087
-3515
-4482
-5189
-5629
-5505
-4661
-3591
-2488
-1586
-930
-295
2
-176
-659
-1259
-2070
-3037
-3769
-4308
-4697
-4893
-4943
-4525
-3869
-3421
-3202
-3082
-2883
-2971
-3334
-3553
-3521
-3567
-3738
-3623
-3415
-3266
-2913
-2443
-2072
-1821
-1673
-1763
-1844
-1950
-2287
-2667
-2957
-2970
-2809
-2702
-2483
-2082
-1607
-1204
-936
-681
-521
-506
-680
-941
-1168
-1589
-2450
-3581
-4545
-5306
-5896
-6391
-6800
-6926
-6630
-6038
-5104
-4129
-3264
-2501
-2147
-2004
-2124
-2530
-3166
-4180
-5241
-6032
-6586
-7092
-7187
-6817
-6109
-5241
-4348
-3523
-2743
-2203
-1981
-2065
-2341
-2829
-3587
-4300
-4870
-5362
-5633
-5463
-4932
-4278
-3647
-2951
-2314
-1828
-1262
-818
-582
-595
-919
-1122
-1226
-1341
-1488
-1347
-979
-738
-504
-22
440
764
1160
1514
1493
1375
1372
1430
1316
1028
992
1199
1284
1306
1321
1378
1247
1118
1097
1100
867
565
377
319
289
315
331
289
426
749
912
909
936
838
754
456
-354
-1257
-1800
-1973
-1637
-851
196
1320
2144
2538
2466
1860
933
-287
-1639
-2853
-3687
-4047
-3902
-3463
-2474
-1062
592
1943
2781
3221
3085
2178
987
-572
-2174
-3584
-4777
-5559
-5636
-5036
-4039
-2850
-1431
-8
1072
1575
1705
1320
541
-260
-1153
-2176
-3152
-3813
-3947
-3546
-2748
-1902
-962
111
1031
1525
1615
1276
651
42
-590
-1296
-2001
-2427
-2521
-2457
-2272
-1869
-1221
-525
-140
-72
259
458
142
-299
-750
-1128
-1449
-1792
-1881
-1801
-1634
-1491
-1445
-1417
-1314
-1337
-1464
-1726
-1989
-2024
-2066
-2274
-2646
-2960
-3014
-2810
-2466
-2243
-2135
-2078
-2057
-2039
-1894
-1826
-1988
-2400
-3035
-3875
-4819
-5713
-6481
-7139
-7639
-8027
-7778
-7354
-6684
-5790
-4833
-3956
-3246
-2941
-2871
-3036
-3450
-4149
-5029
-5801
-6433
-6830
-6831
-6260
-5523
-4702
-3656
-2536
-1608
-1063
-748
-474
-396
-605
-1112
-1798
-2443
-2789
-2849
-2823
-2409
-1557
-723
28
636
1353
2146
2507
2428
2358
2237
2043
1847
1719
1652
1887
2094
2131
2420
2738
2981
3287
3683
3968
3984
3899
3823
3788
3613
3456
3393
3333
3242
3250
3121
2975
2948
2953
2943
2655
2355
2265
2217
2129
2206
2057
1829
1775
1916
2146
2161
2114
2230
2414
2357
1834
1037
316
30
93
649
1779
3266
4688
5742
6270
6180
5772
4839
3674
2331
927
-309
-1024
-1231
-1025
-276
996
2574
3733
4622
5201
5258
4870
4041
2824
1567
219
-978
-1804
-1967
-1516
-570
530
1489
2317
3099
3531
3516
3171
2607
1652
676
-354
-1419
-2027
-2053
-1739
-1223
-467
250
896
1413
1970
2297
2093
1608
865
87
-538
-1172
-1788
-2263
-2321
-2134
-1692
-1143
-591
-148
44
129
77
-297
-794
-1192
-1500
-1854
-2191
-2328
-2277
-2060
-1583
-1096
-755
-624
-564
-503
-571
-810
-1088
-1280
-1429
-1786
-1966
-1669
-1555
-1439
-1145
-909
-732
-569
-438
-376
-270
-212
-280
-810
-1762
-2618
-3452
-4198
-4981
-5670
-6034
-6024
-5855
-5279
-4530
-3664
-2618
-1883
-1413
-1165
-1209
-1598
-2312
-3101
-4005
-4955
-5597
-5687
-5525
-4907
-3981
-2923
-2086
-1261
-417
34
122
-128
-654
-1216
-1749
-2262
-2714
-3032
-3163
-2929
-2487
-1768
-859
-104
461
891
1190
1190
1201
1157
1044
824
722
774
766
817
1102
1531
1835
1946
2300
2613
2887
3028
3095
3060
2966
2661
2560
2615
2600
2657
2676
2591
2326
2209
2287
2219
2032
1887
1846
1906
1851
1655
1472
1556
1616
1608
1599
1610
1781
1803
1747
1847
1731
1272
428
-217
-305
216
1254
2616
4171
5382
6143
6200
5688
4864
3743
2305
869
-408
-1422
-2190
-2143
-1404
-261
1209
2678
3825
4362
4587
4152
3236
2072
791
-508
-1677
-2567
-3159
-3239
-2694
-1701
-564
591
1549
2117
2261
2185
1706
864
-270
-1522
-2477
-3075
-3204
-3125
-2635
-1967
-1139
-105
664
1017
1119
1000
816
306
-371
-1097
-2020
-2641
-2925
-2887
-2772
-2544
-2062
-1422
-935
-550
-365
-470
-728
-975
-1287
-1557
-1846
-2268
-2495
-2308
-2026
-1774
-1428
-1069
-758
-687
-821
-765
-876
-1281
-1584
-1763
-1984
-2163
-2115
-2014
-1745
-1639
-1457
-1196
-990
-847
-727
-582
-556
-809
-1283
-1937
-2602
-3672
-4675
-5442
-6059
-6559
-6692
-6480
-5916
-5171
-4339
-3583
-2806
-2129
-1657
-1627
-1917
-2485
-3517
-4508
-5225
-5617
-5697
-5482
-5164
-4754
-3932
-3011
-2049
-1110
-370
-91
-103
-413
-839
-1405
-1984
-2390
-2592
-2625
-2430
-2044
-1470
-822
-170
412
927
1482
1858
1997
1959
1839
1725
1514
1376
1383
1437
1725
2032
2260
2567
2911
3245
3422
3593
3815
3819
3725
3612
3493
3424
3406
3351
3227
3041
3124
3134
3068
3031
2914
2775
2679
2670
2600
2384
2213
2166
2159
2219
2351
2528
2517
2414
2393
2425
2218
1772
1212
639
361
477
1194
2603
4124
5522
6492
6806
6660
6011
4756
3399
1930
505
-650
-1302
-1386
-907
-23
1242
2530
3723
4482
4801
4776
4276
3378
2092
650
-588
-1687
-2411
-2488
-2016
-1155
-115
990
1880
2636
2961
2929
2537
1998
1162
25
-1211
-2075
-2329
-2116
-1806
-1197
-355
453
1156
1694
2016
2129
1919
1490
825
15
-772
-1392
-1760
-1864
-2029
-1724
-1120
-581
-296
36
259
284
320
161
-176
-607
-947
-1228
-1321
-1342
-1207
-893
-574
-213
209
244
54
-122
-87
-290
-777
-986
-972
-1157
-1217
-1034
-786
-490
-350
-336
-144
52
223
301
278
105
-374
-1129
-1791
-2428
-3311
-4296
-5035
-5502
-5720
-5756
-5332
-4530
-3656
-2707
-1943
-1341
-928
-809
-930
-1464
-2247
-3191
-4162
-4776
-5041
-5153
-4900
-4336
-3319
-2322
-1398
-603
-59
310
395
238
-126
-635
-1207
-1763
-2163
-2292
-2113
-1629
-1041
-362
282
883
1465
1915
2103
1835
1459
1286
1031
669
509
553
845
1331
1792
2143
2359
2371
2037
1536
808
218
-109
-24
384
911
1674
2396
3095
3818
4020
3676
3119
2325
1551
789
187
-139
-8
784
1788
3033
4255
5241
5878
6377
6470
6077
5371
4421
3587
3067
2551
2202
2006
2325
3377
5081
7018
8561
9559
10060
9868
9123
7914
6121
4268
2708
1560
642
172
294
1166
2498
3891
5051
5763
5964
5752
5178
4238
3115
1728
228
-932
-1657
-1971
-2083
-1666
-829
82
898
1832
2685
2864
2382
1731
1081
222
-938
-2115
-3109
-3613
-3648
-3320
-2704
-1988
-1267
-595
146
676
769
455
-133
-953
-1553
-2126
-2797
-3051
-2868
-2474
-2092
-1487
-830
-180
340
787
927
792
540
388
121
-85
-96
-67
178
484
842
1202
1553
1687
1838
1963
1820
1592
1228
808
665
530
486
564
557
589
745
927
1100
1212
1338
1312
1118
1027
939
725
259
-636
-1521
-2395
-3331
-4220
-4843
-5102
-5104
-4991
-4637
-4084
-3167
-2143
-1467
-985
-879
-1185
-1701
-2417
-3292
-4207
-5045
-5737
-6017
-5823
-5221
-4401
-3531
-2605
-1840
-1332
-966
-903
-1100
-1360
-1953
-2745
-3438
-3789
-3897
-3916
-3881
-3689
-3091
-2210
-1451
-937
-655
-139
299
273
44
-222
-704
-1476
-2047
-2312
-2178
-2031
-1675
-797
21
690
1238
1530
1566
1344
843
176
-472
-988
-1267
-1355
-1429
-1119
-531
9
351
640
993
950
441
-163
-810
-1699
-2578
-2924
-3207
-3297
-3123
-2516
-1799
-1456
-1228
-1153
-1271
-1774
-2755
-4154
-5335
-5953
-6138
-5204
-3756
-1930
-244
809
1201
1023
389
-844
-2707
-4675
-6330
-7610
-8412
-8566
-7872
-6435
-4638
-2890
-1197
-208
298
248
-439
-1591
-3028
-4490
-5991
-7233
-7571
-7286
-6467
-5230
-3633
-2193
-1142
-233
248
252
-236
-1089
-1993
-3068
-4044
-4802
-5172
-5054
-4352
-3474
-2530
-1375
-249
490
669
743
728
333
-357
-1130
-1948
-2601
-2918
-2874
-2698
-2146
-1488
-1084
-679
-220
167
238
97
-213
-553
-994
-1446
-1685
-1862
-1731
-1407
-1178
-801
-337
-153
-92
-44
-38
-273
-544
-589
-746
-1062
-1230
-1128
-755
-447
-196
56
160
409
616
681
817
994
1009
669
115
-574
-1452
-2197
-2921
-3654
-4058
-3930
-3588
-3073
-2196
-1114
-2
896
1571
1886
1937
1507
914
296
-345
-855
-1281
-1429
-1265
-636
130
873
1826
2804
3521
4102
4380
4259
3784
3293
2856
2416
1894
1511
1319
1465
1902
2246
2707
3327
3745
4160
4471
4470
4295
4033
3711
3401
2997
2766
2585
2588
2519
2612
2984
3284
3589
3761
3836
3915
3868
3611
3446
3384
3236
3014
2839
2814
2779
2636
2658
2761
2834
2694
2498
2405
2350
2121
1785
1462
1425
1440
1490
1832
2037
2001
2084
2214
2126
2075
1860
1519
887
208
-125
56
775
2158
3788
5060
5815
6290
6256
5676
4747
3548
2213
1012
-41
-583
-475
59
1069
2330
3704
4873
5723
6178
5887
5186
4293
3064
1559
422
-528
-1057
-892
-61
899
1760
2866
3920
4573
4882
4959
4478
3663
2706
1529
625
-81
-471
-406
-48
585
1294
2173
3056
3602
3927
3902
3718
3271
2508
1638
887
393
-83
-146
37
311
776
1298
1867
2315
2526
2570
2451
2137
1727
1182
782
674
542
488
646
865
1031
1279
1660
1899
2021
2003
1807
1587
1392
1157
964
1041
1076
1065
1301
1833
2198
2406
2345
2387
2540
2513
2482
2440
2180
1864
1170
263
-557
-1370
-1905
-2231
-2397
-2346
-2136
-1535
-631
240
1113
1788
2115
2278
2034
1434
738
-27
-720
-1272
-1651
-1763
-1694
-1265
-283
841
1731
2422
2803
2999
2938
2718
2258
1511
788
200
-269
-529
-582
-361
-53
311
849
1340
1719
2125
2502
2367
1830
1511
1169
752
507
406
244
179
213
516
655
971
1269
1417
1448
1324
1079
950
967
855
617
414
214
355
481
525
485
460
335
196
51
-245
-464
-698
-860
-889
-889
-886
-890
-971
-986
-804
-637
-627
-707
-911
-1215
-1695
-2445
-2909
-2634
-1849
-705
910
2549
3493
3696
3594
3136
2228
842
-846
-2482
-3742
-4595
-4790
-4530
-3643
-2050
-574
783
1949
2583
2705
2259
1366
-13
-1593
-3103
-4230
-4970
-5193
-4976
-4156
-3045
-1871
-842
198
846
997
751
289
-570
-1952
-3302
-4239
-4668
-4769
-4696
-4136
-3190
-2232
-1258
-475
0
308
376
-76
-767
-1501
-2364
-3143
-3743
-4017
-4026
-3773
-3168
-2376
-1769
-1469
-1110
-950
-989
-1086
-1470
-1912
-2328
-2429
-2455
-2365
-2259
-2006
-1571
-1162
-800
-461
-334
-419
-439
-604
-910
-1083
-1252
-1422
-1511
-1201
-892
-649
-293
-43
117
246
483
678
940
871
572
129
-572
-1382
-2314
-3097
-3794
-4206
-4476
-4488
-4210
-3691
-3030
-2317
-1482
-655
68
496
513
104
-613
-1460
-2210
-2802
-3152
-3181
-3113
-2843
-2107
-1153
-166
754
1467
1889
1972
1592
916
371
-186
-838
-1359
-1618
-1744
-1625
-1176
-690
-253
365
882
1298
1412
1481
1377
970
473
173
-74
-220
-194
-195
-72
358
614
744
883
1022
1184
1343
1450
1262
915
721
759
699
685
739
773
815
750
654
522
373
369
194
124
32
-167
-266
-319
-301
-356
-304
-153
52
230
467
397
215
122
-101
-416
-515
-47
631
