-4959
-4606
-4076
-3672
-3533
-3545
-3640
-3732
-3919
-4300
-4583
-4590
-4473
-4360
-4380
-4194
-3834
-3711
-3583
-3303
-3177
-3153
-3283
-3273
-3316
-3765
-4457
-5217
-6169
-7150
-7975
-8483
-8646
-8637
-8420
-7841
-6929
-6186
-5264
-4392
-3650
-3215
-3213
-3568
-4250
-5022
-5867
-6589
-6824
-6839
-6731
-6217
-5418
-4407
-3505
-2788
-2131
-1664
-1610
-1985
-2446
-2985
-3569
-4253
-4852
-5254
-5313
-5183
-4917
-4338
-3580
-3075
-2734
-2450
-2434
-2889
-3457
-4012
-4833
-5313
-5384
-4917
-4164
-3397
-2222
-1194
-783
-1285
-2443
-4039
-5806
-7981
-10044
-11290
-11793
-11533
-10548
-9130
-7525
-5946
-4988
-4534
-4694
-5591
-6959
-8703
-10581
-12213
-13259
-13311
-12407
-10874
-8578
-5824
-3155
-1043
433
1163
1049
385
-646
-2061
-3674
-5322
-6605
-7091
-6570
-4882
-2420
385
3093
5238
6382
6501
5703
4225
2265
50
-2102
-3992
-5467
-6102
-5795
-4869
-3405
-1641
-286
568
834
270
-796
-2288
-4282
-6532
-8573
-10022
-10767
-10603
-9736
-8427
-6913
-5425
-4236
-3493
-3277
-3729
-4664
-5742
-7090
-8779
-10347
-11561
-12121
-12119
-11480
-10423
-9047
-7457
-6317
-5423
-4911
-5039
-5516
-6156
-7010
-8419
-9896
-10987
-11586
-11753
-11515
-10951
-9859
-8612
-7370
-6110
-5092
-4339
-3753
-3472
-3485
-3717
-3907
-3878
-3806
-3702
-3514
-3076
-2571
-2111
-1631
-988
-673
-659
-745
-917
-1168
-1543
-1672
-1603
-1497
-1516
-1857
-1974
-1920
-1856
-2071
-2230
-2503
-2948
-3135
-3184
-3256
-3629
-4163
-4775
-5340
-5922
-6427
-6815
-6821
-6780
-6746
-6346
-5637
-4909
-4221
-3639
-3275
-3261
-3468
-4056
-4936
-5766
-6658
-7395
-7968
-8351
-8538
-8356
-7792
-6900
-6015
-5242
-4579
-4121
-3820
-3840
-4205
-4733
-5210
-5499
-5745
-5744
-5270
-4668
-3795
-2907
-2148
-1367
-725
6
747
1296
1560
1590
1692
1613
1285
647
-263
-1276
-2437
-3509
-4228
-4317
-3593
-1971
-23
1738
3430
4546
5105
5184
4529
3034
1109
-891
-2702
-3797
-4109
-3437
-1985
-88
1808
3568
5010
5839
5911
5489
4446
2924
1325
-286
-1472
-1956
-1621
-584
1121
3208
4991
6133
6827
6957
6693
6268
5947
6038
6287
6488
6721
6830
6790
6662
6258
5275
4277
3167
1927
730
-111
-328
-90
344
1194
2317
3322
3995
4478
4465
3914
3016
1901
625
-684
-1634
-1994
-2196
-2145
-1668
-900
-161
548
1298
1646
1731
1374
623
-333
-1315
-2344
-3139
-3672
-3996
-4265
-4349
-4157
-3769
-3555
-3351
-3195
-3210
-3344
-3643
-4175
-4545
-4793
-4922
-4799
-4563
-4483
-4205
-3803
-3439
-3188
-3091
-3209
-3362
-3525
-3654
-3885
-4150
-4191
-3928
-3606
-3450
-3215
-2680
-2109
-1580
-1158
-894
-755
-839
-1128
-1553
-2096
-2380
-2751
-3016
-3159
-3190
-3091
-2841
-2776
-2676
-2460
-2079
-1717
-1597
-1907
-2462
-3216
-4224
-5335
-6636
-8083
-9330
-10111
-10786
-11067
-10692
-9929
-8931
-7908
-6725
-5738
-5070
-4810
-4906
-5188
-5977
-7070
-8060
-8834
-9489
-9885
-10013
-9718
-9136
-8229
-7254
-6492
-5872
-5651
-5696
-5808
-6015
-6421
-7111
-7832
-8159
-8149
-8334
-7972
-7408
-6717
-6036
-5459
-4794
-4278
-3884
-3455
-3226
-3064
-2863
-2685
-2603
-2462
-2058
-1660
-1158
-747
-587
-363
-107
31
11
-42
-258
-503
-757
-984
-1004
-1045
-1119
-1153
-1009
-822
-746
-780
-868
-998
-1476
-1760
-1841
-1870
-1980
-2325
-2544
-2603
-2622
-2453
-2277
-2178
-2053
-1855
-1802
-1838
-2068
-2583
-3248
-3813
-3799
-3249
-2392
-1167
165
1170
1679
1681
880
-177
-1473
-3059
-4674
-6058
-7008
-7395
-7208
-6397
-5107
-3613
-2284
-1226
-627
-723
-1301
-2289
-3624
-5027
-6557
-7856
-8455
-8560
-8227
-7328
-6156
-4793
-3386
-2258
-1799
-1901
-2359
-3068
-4066
-5152
-6266
-7026
-7646
-8012
-7777
-6922
-5922
-5018
-4236
-3478
-2824
-2589
-2714
-3041
-3541
-4214
-4968
-5580
-6023
-6294
-6323
-6118
-5736
-5316
-4872
-4411
-4055
-4045
-4188
-4578
-5061
-5536
-5899
-6129
-6188
-6250
-6131
-5952
-5765
-5428
-5098
-4946
-4829
-4893
-5008
-5380
-5762
-5955
-6120
-6114
-6065
-6176
-6339
-6151
-5627
-5251
-5200
-5044
-4772
-4652
-4739
-4884
-5178
-5727
-6392
-7379
-8555
-9524
-10264
-10854
-11198
-11057
-10436
-9908
-9159
-8134
-7104
-6213
-5554
-5413
-5600
-5868
-6423
-7287
-8236
-8920
-9392
-9534
-9253
-8704
-7810
-6812
-5862
-4993
-4178
-3581
-3239
-3475
-4045
-4493
-4986
-5272
-5663
-6170
-6057
-5611
-5228
-4539
-3755
-2976
-2423
-2031
-1566
-1242
-1003
-1097
-1350
-1381
-1332
-1320
-1186
-941
-559
-269
3
305
613
1002
1310
1471
1384
1133
924
1073
1232
1196
1078
900
827
860
771
487
305
205
85
-112
-232
-459
-743
-941
-1026
-945
-690
-512
-405
-364
-271
-115
105
76
-173
-684
-1291
-1618
-1551
-1178
-229
986
2511
3943
4512
4664
4355
3525
2452
1148
-391
-1593
-2572
-3214
-3283
-2649
-1512
-204
1183
2175
2782
3001
2754
1863
546
-668
-1944
-3108
-3973
-4345
-4172
-3404
-2254
-1078
-78
776
1333
1636
1511
1017
143
-1044
-2087
-3068
-3841
-4216
-4166
-3668
-3002
-2113
-1364
-655
4
283
86
-339
-1043
-1902
-2626
-3327
-3947
-4292
-4312
-4119
-3705
-3256
-2866
-2357
-1894
-1685
-1762
-1976
-2266
-2552
-3038
-3488
-3688
-3680
-3539
-3260
-2987
-2734
-2344
-2113
-2087
-2102
-2157
-2403
-2626
-2809
-2907
-3002
-3087
-3220
-3073
-2821
-2505
-2336
-2253
-2062
-2043
-2133
-2035
-1928
-2135
-2597
-3198
-4056
-5097
-5928
-6592
-7323
-7764
-7850
-7575
-7170
-6577
-5646
-4803
-4104
-3439
-3011
-3105
-3547
-3895
-4503
-5408
-6265
-6888
-7221
-7299
-6966
-6210
-5297
-4356
-3510
-2757
-2066
-1816
-2028
-2469
-2748
-3151
-3736
-4256
-4711
-4794
-4612
-4206
-3668
-2863
-2024
-1379
-790
-389
-396
-434
-400
-416
-578
-733
-764
-707
-643
-360
8
360
807
1159
1435
1728
1806
1646
1557
1476
1469
1421
1302
1359
1408
1401
1397
1309
1202
994
885
699
449
152
-298
-257
-138
-300
-404
-390
-296
-76
125
225
87
70
139
-107
-523
-1109
-1605
-1835
-1564
-842
283
1801
3388
4185
4468
4312
3641
2548
1154
-378
-1647
-2602
-3469
-4036
-3644
-2509
-1135
273
1535
2296
2349
1954
1259
272
-851
-2355
-3675
-4697
-5171
-5252
-4773
-3741
-2537
-1460
-542
204
639
510
-45
-747
-1496
-2706
-4062
-4872
-5291
-5284
-5113
-4475
-3492
-2748
-2047
-1285
-907
-1060
-1493
-1932
-2497
-3262
-4124
-4764
-5235
-5490
-5411
-5107
-4698
-4264
-3691
-3132
-2689
-2546
-2719
-3066
-3628
-4086
-4438
-4659
-4823
-4802
-4512
-4218
-3977
-3640
-3386
-3115
-3203
-3280
-3288
-3414
-3620
-3935
-4254
-4231
-4197
-4126
-4037
-3915
-3723
-3566
-3499
-3561
-3546
-3410
-3390
-3596
-3908
-4454
-5336
-6141
-7055
-7985
-8836
-9443
-9730
-9514
-9082
-8432
-7639
-6670
-5660
-4852
-4259
-4105
-4368
-4930
-5746
-6549
-7274
-8037
-8513
-8443
-8059
-7379
-6608
-5794
-4893
-4000
-3331
-2887
-2753
-3034
-3414
-3794
-4286
-4782
-5284
-5560
-5598
-5182
-4370
-3577
-2816
-2075
-1473
-1098
-946
-889
-887
-1020
-1094
-1199
-1253
-1334
-1174
-733
-367
-70
220
549
876
1087
1235
1384
1366
1389
1331
1083
869
910
1112
1191
1184
1187
1141
1010
797
712
703
664
445
291
44
53
138
-38
-58
-40
63
212
285
287
175
-81
-435
-1015
-1848
-2748
-3363
-3188
-2486
-1550
-449
753
1545
1810
1579
957
134
-810
-1590
-2188
-2517
-2584
-2234
-1539
-532
611
1487
2087
2182
1723
1051
175
-744
-1787
-2742
-3382
-3822
-3621
-2837
-1714
-523
506
1300
1816
2138
2171
1715
1108
363
-620
-1577
-2323
-2688
-2664
-2152
-1334
-391
491
1385
2092
2201
2017
1549
951
423
-225
-1091
-1574
-1887
-2133
-2203
-1892
-1342
-790
-212
336
603
671
539
232
-189
-769
-1365
-1852
-2102
-2441
-2757
-2920
-2627
-2386
-2332
-2136
-1920
-1990
-2276
-2699
-2891
-2931
-3123
-3459
-3573
-3583
-3406
-3308
-3201
-3083
-3033
-3062
-2835
-2733
-2697
-2669
-2788
-3210
-4084
-4917
-5477
-6260
-7131
-7759
-7979
-7991
-7793
-7339
-6567
-5637
-4840
-4060
-3260
-2939
-2931
-3278
-3891
-4604
-5408
-6177
-6773
-6749
-6414
-5960
-5234
-4360
-3292
-2245
-1459
-932
-662
-726
-1023
-1350
-1850
-2210
-2454
-2558
-2604
-2461
-2051
-1238
-520
41
525
920
1239
1445
1486
1498
1278
1034
937
834
749
978
1408
1782
2029
2131
2399
2625
2697
2770
2859
2684
2522
2411
2215
2120
2270
2137
1910
1982
1937
1676
1603
1668
1542
1221
1017
822
667
618
723
619
461
493
684
819
783
797
818
818
721
672
592
621
1333
2563
4013
5397
6832
7974
8325
7820
6690
5239
3535
1327
-870
-2637
-3939
-4593
-4186
-2684
-802
1186
3191
4905
5954
6396
5906
4728
3010
1059
-818
-2717
-4146
-4885
-4750
-4138
-3013
-1606
-214
993
1996
2455
2410
1929
819
-765
-2452
-3932
-5018
-5453
-5598
-5370
-4538
-3386
-2334
-1488
-719
-109
37
-255
-728
-1485
-2306
-3209
-4099
-4733
-5109
-5111
-4908
-4550
-4217
-3777
-3490
-3364
-3136
-2983
-3078
-3257
-3539
-3705
-3618
-3359
-3016
-2652
-2305
-1882
-1524
-1332
-1131
-1053
-1084
-1354
-1745
-1887
-2018
-2101
-2074
-1903
-1789
-1437
-1036
-677
-515
-446
-375
-445
-607
-589
-658
-1270
-2262
-3120
-3861
-4698
-5678
-6425
-6633
-6522
-6254
-5769
-5028
-4039
-3204
-2315
-1682
-1421
-1439
-1727
-2418
-3338
-4172
-5020
-5729
-6265
-6393
-6026
-5464
-4765
-3932
-2973
-2197
-1725
-1600
-1668
-2020
-2430
-3079
-3747
-4287
-4598
-4600
-4521
-4255
-3763
-3123
-2512
-1850
-1301
-965
-690
-529
-417
-396
-558
-535
-500
-607
-591
-254
216
607
1070
1475
1754
1967
2048
2189
2160
2067
2072
2137
2129
2013
2189
2176
1978
1930
1984
2096
2067
1818
1722
1674
1571
1293
1008
1004
1030
1061
1265
1461
1568
1635
1671
1705
1742
1597
1060
365
-376
-995
-1212
-776
0
1061
1924
2757
3428
3405
2930
1951
783
-452
-1794
-2792
-3307
-3310
-2677
-1382
16
1417
2669
3449
3664
3428
2616
1529
155
-1498
-3157
-4202
-4793
-4642
-3916
-2785
-1384
-119
946
1859
2401
2479
2173
1498
637
-472
-1580
-2439
-2743
-2661
-2328
-1629
-667
300
1050
1740
2213
2135
1971
1616
872
67
-747
-1294
-1676
-2049
-2079
-1734
-1132
-491
-50
370
733
971
863
652
424
168
-159
-504
-815
-1150
-1291
-1172
-1031
-973
-870
-962
-914
-847
-1128
-1431
-1746
-1916
-2094
-2148
-2361
-2337
-2133
-2030
-2025
-1992
-1801
-1575
-1641
-1884
-1950
-1803
-2115
-2915
-3704
-4509
-5447
-6394
-7075
-7448
-7566
-7590
-7470
-6732
-5863
-5092
-4135
-3252
-2781
-2557
-2818
-3398
-4067
-4610
-5238
-5790
-6179
-6292
-5977
-5443
-4587
-3399
-2138
-1082
-407
-7
19
-179
-472
-956
-1475
-1900
-2344
-2581
-2313
-1821
-1153
-538
43
854
1541
2138
2592
2863
2933
2813
2607
2416
2401
2272
2239
2413
2682
3090
3488
3660
3952
4205
4188
4117
4072
4121
3984
3765
3578
3500
3505
3441
3523
3536
3393
3155
3042
2976
2858
2593
2252
2028
1928
1813
1932
1878
1633
1654
1962
2185
2093
2011
1986
1843
1676
1249
524
-196
-42
735
1864
3213
4632
5767
6335
6301
5896
4964
3701
2350
987
-121
-920
-1256
-1091
-254
985
2427
3635
4492
5071
5203
4762
3816
2551
1189
64
-922
-1671
-1940
-1545
-828
169
1380
2454
3249
3611
3603
3393
2709
1798
646
-411
-1241
-1875
-1914
-1642
-1062
-375
273
907
1529
2104
2312
2010
1480
967
236
-809
-1569
-1761
-1919
-2229
-2161
-1900
-1448
-914
-410
-25
145
4
-343
-776
-1305
-1646
-1873
-2003
-2136
-2198
-1981
-1636
-1163
-769
-604
-583
-673
-769
-969
-1125
-1295
-1507
-1951
-2138
-2062
-1868
-1602
-1421
-1270
-1090
-1018
-902
-557
-463
-628
-934
-1274
-1934
-2804
-3686
-4416
-5107
-5792
-6194
-6072
-5718
-5288
-4658
-3826
-2939
-2089
-1474
-1185
-1299
-1858
-2485
-3168
-3968
-4667
-5185
-5371
-5235
-4683
-3819
-2799
-1958
-1172
-537
-234
-147
-456
-729
-1088
-1648
-2293
-2813
-2931
-2749
-2571
-2234
-1618
-845
-153
361
716
1037
1172
1176
974
1030
1045
1037
855
750
922
1210
1596
1990
2288
2586
2808
2930
2961
2868
2796
2641
2463
2541
2594
2455
2505
2573
2640
2738
2739
2582
2548
2367
2050
1686
1530
1343
1250
1348
1375
1325
1517
1821
1886
1919
1938
1936
1932
1580
1148
639
-8
-270
249
1312
2640
3968
5289
6309
6592
6128
5217
3974
2600
1212
-111
-1052
-1536
-1521
-1038
30
1245
2582
3741
4359
4310
4000
3221
1959
570
-750
-1798
-2710
-3115
-2896
-2279
-1286
-88
1021
2042
2646
2761
2540
2099
1192
127
-957
-1954
-2626
-2866
-2774
-2359
-1590
-648
239
915
1314
1594
1577
1203
670
-106
-884
-1638
-2272
-2587
-2724
-2521
-2010
-1487
-1139
-711
-218
-18
-98
-342
-618
-943
-1361
-1665
-1762
-1758
-1681
-1567
-1425
-1116
-770
-264
70
100
-7
-316
-585
-800
-1037
-1344
-1672
-1686
-1353
-1072
-916
-858
-694
-512
-358
-287
-402
-361
-409
-807
-1586
-2449
-3179
-4057
-4996
-5696
-6248
-6307
-5993
-5553
-4861
-4150
-3296
-2459
-1794
-1338
-1227
-1434
-2093
-3039
-3836
-4335
-4765
-4975
-4904
-4543
-3948
-3325
-2478
-1273
-312
70
147
122
-68
-509
-1014
-1441
-2035
-2433
-2517
-2257
-1849
-1374
-598
232
833
1285
1723
2015
2276
2357
2249
2178
2201
2114
2008
2141
2310
2717
3186
3512
3773
4038
4202
4313
4282
4169
4165
4219
4135
3870
3780
3846
3882
3807
3804
3804
3527
3324
3110
2951
2831
2608
2458
2427
2613
2509
2301
2485
2613
2721
2725
2597
2522
2719
2817
2476
1900
1316
1028
1131
1836
3178
4790
6098
6797
7133
7005
6328
5199
3744
2389
1132
116
-384
-561
-244
619
1807
3185
4459
5113
5350
5174
4433
3306
1986
641
-506
-1255
-1634
-1554
-1140
-277
800
1839
2772
3525
3797
3762
3484
2717
1708
741
-270
-1433
-1849
-1660
-1208
-642
157
1099
1941
2452
2631
2506
2193
1742
1093
426
-197
-653
-1270
-1576
-1491
-1185
-928
-475
196
702
751
761
654
298
-50
-326
-707
-993
-954
-853
-706
-680
-492
-68
218
410
442
429
375
209
20
-258
-482
-674
-645
-510
-460
-304
-106
-70
-9
163
298
366
382
256
104
-442
-1228
-2066
-2793
-3746
-4594
-5301
-5551
-5299
-4728
-4112
-3502
-2555
-1761
-1109
-685
-476
-705
-1274
-1927
-2640
-3391
-4088
-4391
-4335
-4026
-3546
-2823
-1955
-1022
-114
465
821
867
484
-13
-453
-912
-1276
-1554
-1829
-1796
-1375
-830
-192
419
1049
1602
1997
2216
2137
1877
1501
1119
909
788
1040
1563
2047
2576
3014
3073
2800
2247
1431
820
462
165
108
523
995
1540
2305
3196
3876
4074
3851
3181
2330
1474
518
-300
-579
-321
383
1547
2768
3967
5119
6016
6489
6413
6079
5404
4549
3663
2927
2515
2362
2319
2631
3516
4866
6640
8190
9235
9982
9963
9400
8035
6414
4722
2985
1627
688
335
639
1340
2296
3486
4616
5361
5736
5627
4977
3913
2655
1468
150
-1132
-1984
-2253
-2115
-1516
-732
316
1329
2068
2406
2577
2513
2067
1191
82
-1047
-2007
-2805
-3213
-3217
-2847
-2188
-1420
-762
-303
155
517
529
325
-138
-811
-1524
-2059
-2504
-2699
-2578
-2386
-2021
-1356
-515
39
431
740
910
1000
895
531
170
82
9
54
215
581
953
1303
1628
1882
1993
2121
2136
1991
1732
1405
970
880
760
694
856
1071
1045
996
1098
1228
1240
1215
1131
1036
901
655
271
-495
-1398
-2453
-3411
-4063
-4692
-5080
-5138
-5074
-4744
-4061
-3291
-2429
-1794
-1367
-1014
-1172
-1484
-2098
-3085
-3888
-4424
-4901
-5367
-5303
-4664
-3882
-3108
-2435
-1777
-1165
-729
-596
-762
-1404
-1965
-2453
-3209
-3867
-4221
-4302
-3984
-3452
-3042
-2600
-1851
-1163
-603
-150
80
102
-65
-455
-935
-1618
-2007
-2064
-2049
-1930
-1593
-864
73
815
1269
1578
1528
1335
931
323
-150
-548
-995
-1329
-1264
-1169
-812
-200
521
1006
1103
825
338
-272
-958
-1727
-2270
-2705
-3149
-3409
-3167
-2576
-2001
-1552
-1329
-1278
-1348
-1714
-2576
-3717
-4683
-5394
-5448
-4743
-3375
-1718
-219
915
1528
1442
801
-414
-2026
-3734
-5430
-6966
-7861
-8043
-7466
-5980
-4212
-2646
-1360
-208
180
84
-553
-1673
-2967
-4473
-5858
-7042
-7273
-6888
-6003
-4767
-3360
-2024
-928
-7
521
540
113
-661
-1689
-2816
-3579
-4113
-4404
-4433
-3851
-2985
-2081
-1001
-86
601
1032
1169
842
306
-324
-942
-1629
-2254
-2395
-2189
-2018
-1844
-1390
-703
-72
361
578
630
593
366
-45
-554
-958
-1256
-1310
-1215
-1175
-941
-631
-200
225
419
536
538
362
85
-213
-304
-448
-855
-963
-883
-563
-239
0
317
582
647
705
940
1142
1063
766
192
-622
-1248
-2001
-2699
-3165
-3481
-3468
-3220
-2723
-2064
-1209
-165
980
1624
1955
2080
1778
1364
978
390
-186
-517
-715
-659
-203
430
1240
2130
2982
3744
4323
4473
4154
3845
3552
3192
2610
1891
1513
1488
1571
1869
2375
2988
3520
3892
4224
4500
4457
4369
4314
3892
3435
3061
2767
2710
2782
3131
3393
3411
3519
3735
4053
4151
4031
3877
3781
3610
3525
3473
3310
3229
3209
3145
3138
3174
3079
3002
2844
2580
2229
2017
2064
2057
1954
1836
1811
1770
1848
1969
2107
2225
2146
2125
2263
2249
1924
1403
855
491
653
1529
2844
4449
5784
6621
7039
6811
6199
5252
4040
2822
1441
403
22
-3
350
1165
2316
3658
4775
5778
6106
5870
5200
4123
2993
1814
680
-229
-598
-533
-115
787
1835
2879
3687
4461
4893
4843
4479
3750
2893
1853
805
121
-133
-241
-94
410
1178
2069
2831
3409
3774
4020
3779
3047
2275
1512
859
92
-281
-330
-179
145
530
996
1435
1788
2005
2084
2045
1870
1391
861
560
340
248
238
513
857
1235
1628
1999
2280
2178
2048
1960
1699
1500
1385
1125
938
1017
1287
1640
1768
1781
2021
2443
2693
2714
2681
2762
2722
2444
1964
1343
458
-515
-1272
-1882
-2351
-2503
-2446
-2083
-1447
-744
-164
632
1523
2077
2068
1858
1454
885
194
-549
-1026
-1298
-1202
-1068
-507
242
959
1727
2292
2644
2894
3010
2720
2265
1717
1039
394
-208
-411
-565
-595
-169
338
894
1477
1847
2113
2099
1859
1538
1343
1085
678
436
329
287
316
622
926
1078
1279
1615
1641
1553
1436
1376
1441
1281
1191
1071
850
694
666
712
652
832
840
593
244
0
-58
-224
-351
-576
-802
-973
-1137
-996
-723
-593
-664
-855
-826
-691
-670
-933
-1586
-2088
-2271
-2390
-1983
-844
654
2158
3509
4369
4409
3715
2672
1503
213
-1261
-2681
-3706
-3983
-3582
-2918
-1751
-138
1212
1926
2315
2511
2207
1251
-54
-1414
-2657
-3750
-4566
-4849
-4442
-3585
-2363
-1052
101
961
1420
1371
1154
777
-187
-1531
-2646
-3410
-3851
-4016
-3825
-3276
-2393
-1316
-472
205
636
746
633
215
-463
-1097
-1690
-2263
-2816
-3142
-3170
-2889
-2465
-1956
-1339
-720
-423
-458
-531
-683
-817
-1114
-1520
-1801
-1949
-1967
-1850
-1374
-954
-644
-313
-8
117
126
-58
-281
-398
-509
-688
-852
-809
-614
-631
-464
-96
126
330
386
567
868
1042
896
518
138
-398
-1103
-2029
-2980
-3726
-4384
-4707
-4597
-4050
-3290
-2723
-1918
-1083
-320
310
829
994
759
75
-711
-1483
-2302
-2798
-2917
-2727
-2119
-1161
-199
733
1437
1979
2351
2444
2207
1732
1116
457
-147
-709
-1003
-1021
-793
-411
-19
462
1156
1562
1774
1825
2025
2231
1903
1435
1011
707
577
598
743
957
1238
1476
1659
1760
1990
2137
2239
2167
1980
1589
1371
1356
1439
1357
1351
1562
1511
1242
1096
1139
1254
1002
591
465
362
240
235
78
-20
32
143
289
473
656
663
640
657
642
421
205
158
416
1261
