-4837
-4270
-4039
-3927
-3656
-3492
-3546
-3732
-3997
-4197
-4491
-4802
-4740
-4501
-4371
-4160
-3799
-3623
-3791
-3774
-3479
-3167
-2968
-3059
-3448
-3939
-4569
-5361
-6307
-7274
-8085
-8606
-8812
-8745
-8356
-7565
-6772
-5884
-4839
-3898
-3272
-3047
-3082
-3478
-4251
-5260
-6071
-6683
-7198
-7320
-7064
-6407
-5490
-4536
-3751
-3033
-2335
-1872
-1675
-1880
-2440
-3145
-3861
-4610
-5051
-5266
-5299
-5181
-4810
-4302
-3758
-3201
-2699
-2478
-2631
-2975
-3437
-4335
-5305
-5783
-5764
-5408
-4623
-3351
-1948
-945
-761
-1389
-2561
-4157
-6050
-8030
-9902
-11508
-12187
-11740
-10555
-8996
-7430
-6116
-5020
-4617
-4894
-5895
-7358
-8869
-10744
-12342
-13328
-13348
-12563
-10871
-8465
-5747
-3194
-1068
531
1291
1075
194
-1090
-2469
-3934
-5494
-6722
-7129
-6271
-4459
-2225
296
3071
5311
6428
6458
5607
4113
2102
-330
-2689
-4512
-5949
-6600
-6271
-5009
-3339
-1689
-313
614
694
160
-912
-2480
-4385
-6491
-8407
-9823
-10615
-10494
-9704
-8283
-6774
-5331
-4091
-3302
-3281
-3730
-4700
-6078
-7581
-9308
-10753
-11730
-12201
-12245
-11793
-10878
-9425
-7743
-6391
-5556
-5134
-5041
-5591
-6479
-7642
-8832
-10047
-11102
-11893
-12173
-11801
-11194
-10083
-8918
-7559
-6043
-5046
-4267
-3995
-4089
-3958
-3983
-4014
-3992
-4009
-3867
-3462
-2876
-2334
-1957
-1529
-1094
-863
-861
-843
-883
-974
-1361
-1684
-1968
-2085
-2106
-2189
-2015
-1914
-1999
-2221
-2544
-2813
-2981
-3014
-3270
-3560
-3930
-4391
-4831
-5466
-6065
-6662
-7127
-7268
-7346
-7175
-6617
-5901
-5174
-4433
-3848
-3552
-3574
-3788
-4355
-5052
-5734
-6588
-7572
-8447
-8729
-8656
-8325
-7832
-7208
-6411
-5515
-4738
-4273
-4061
-4282
-4749
-5211
-5578
-5754
-5962
-6088
-5788
-5315
-4611
-3759
-2588
-1397
-493
201
702
902
883
1030
1210
1144
842
317
-490
-1534
-2707
-3650
-4445
-4510
-3605
-1941
64
1902
3607
4760
5267
4974
4061
2606
817
-1164
-2740
-3731
-3808
-2984
-1814
-108
1831
3610
5075
6054
6255
5516
4232
2772
1410
-90
-1234
-1764
-1445
-362
1252
3255
5105
6392
7031
7111
6865
6520
6193
6038
6249
6610
6818
6884
6939
6764
6098
5166
3995
2737
1490
556
35
-87
119
701
1447
2553
3680
4558
4869
4659
4061
3078
2008
908
-176
-1287
-2074
-2351
-2173
-1619
-861
38
1001
1575
1823
1716
1302
608
-482
-1413
-2286
-3005
-3532
-3888
-4097
-4027
-3763
-3422
-3343
-3357
-3115
-2991
-3242
-3677
-4061
-4282
-4397
-4589
-4670
-4622
-4353
-4076
-3688
-3428
-3295
-3176
-3240
-3391
-3546
-3693
-3784
-3842
-3688
-3472
-3397
-3275
-2931
-2423
-1883
-1413
-1085
-987
-872
-1106
-1468
-1786
-2135
-2497
-2771
-3026
-3210
-3341
-3321
-3100
-2817
-2471
-2162
-1947
-1859
-1905
-2074
-2411
-3210
-4363
-5590
-6908
-8258
-9420
-10304
-10582
-10610
-10265
-9567
-8731
-7646
-6578
-5729
-5143
-4785
-4760
-5224
-6359
-7395
-8289
-9145
-9808
-10231
-10209
-9867
-9216
-8430
-7579
-6692
-6004
-5697
-5711
-5912
-6210
-6600
-7082
-7688
-8051
-8431
-8498
-8259
-7794
-7018
-6180
-5358
-4776
-4390
-4010
-3597
-3415
-3540
-3399
-3134
-2845
-2582
-2362
-2119
-1824
-1506
-1233
-766
-448
-430
-546
-620
-698
-799
-1119
-1374
-1542
-1668
-1638
-1692
-1571
-1378
-1407
-1563
-1696
-1786
-2107
-2450
-2632
-2769
-2825
-3082
-3229
-3152
-3116
-3094
-3083
-3013
-2793
-2631
-2509
-2615
-2801
-3197
-3937
-4525
-4675
-4150
-3048
-1767
-555
508
1046
870
185
-903
-2408
-4320
-6023
-7316
-8123
-8449
-8156
-7135
-5734
-4424
-3136
-2201
-1737
-1718
-2035
-2943
-4361
-6003
-7404
-8380
-9072
-9212
-8707
-7721
-6562
-5526
-4449
-3378
-2734
-2583
-2791
-3475
-4571
-5772
-6758
-7695
-8452
-8664
-8392
-7876
-7072
-6062
-5139
-4511
-3817
-3294
-3230
-3558
-4152
-4888
-5656
-6528
-7125
-7320
-7260
-6821
-6303
-5810
-5327
-4975
-4660
-4446
-4536
-4849
-5340
-5889
-6380
-6705
-6736
-6741
-6685
-6541
-6341
-6015
-5692
-5541
-5532
-5588
-5762
-6052
-6341
-6542
-6790
-6938
-6976
-6888
-6734
-6370
-5874
-5541
-5460
-5374
-5213
-5156
-5226
-5274
-5367
-5896
-6766
-7673
-8543
-9405
-10123
-10720
-11100
-11210
-10999
-10431
-9297
-8117
-7117
-6432
-5880
-5619
-5769
-6071
-6688
-7565
-8428
-9157
-9617
-9628
-9419
-8877
-8138
-7203
-5972
-4955
-4242
-3879
-3769
-3616
-3880
-4468
-4920
-5237
-5631
-5977
-5941
-5676
-5154
-4388
-3585
-2809
-2205
-1882
-1612
-1395
-1297
-1289
-1363
-1246
-1188
-1335
-1426
-1388
-1059
-598
-284
164
466
632
910
1116
1142
998
843
698
682
672
571
488
517
372
329
311
281
286
15
-291
-408
-597
-745
-796
-827
-681
-626
-605
-280
32
85
65
62
-2
-265
-728
-1306
-1601
-1477
-1121
-237
1087
2442
3752
4644
4855
4621
3719
2291
944
-352
-1595
-2622
-3159
-3230
-2679
-1589
-133
1348
2382
2839
2911
2790
2090
929
-427
-1794
-2936
-3735
-3967
-3784
-3245
-2116
-972
25
815
1373
1656
1536
941
37
-1109
-2279
-3176
-3847
-4329
-4265
-3622
-2946
-2242
-1479
-643
67
369
190
-261
-861
-1552
-2336
-3072
-3631
-4117
-4169
-3996
-3508
-2894
-2501
-2202
-2074
-1890
-1746
-1866
-2133
-2447
-2982
-3368
-3544
-3505
-3261
-3028
-2761
-2457
-2262
-2128
-2028
-1927
-1948
-2084
-2237
-2606
-2995
-3237
-3251
-3358
-3355
-3043
-2755
-2390
-2138
-2014
-1918
-1730
-1751
-1838
-2122
-2822
-3619
-4325
-5027
-5934
-6767
-7308
-7759
-7736
-7621
-7323
-6747
-5868
-4775
-3756
-3175
-2863
-2893
-3187
-3882
-4793
-5602
-6486
-7237
-7555
-7478
-7014
-6246
-5311
-4459
-3463
-2702
-2183
-1899
-2049
-2349
-2712
-3376
-3948
-4374
-4747
-4850
-4712
-4273
-3618
-2903
-2318
-1581
-945
-608
-507
-558
-582
-759
-829
-915
-1075
-1066
-917
-767
-551
-189
325
694
903
1095
1472
1598
1391
1287
1279
1249
1323
1229
1128
1038
1045
1126
948
622
579
452
368
215
64
17
-162
-245
-351
-437
-236
-163
-171
-97
-58
-76
62
-170
-667
-1263
-1752
-2210
-2165
-1376
-61
1467
2917
3966
4327
4153
3400
2209
928
-484
-1967
-3271
-4048
-4298
-3875
-2830
-1389
7
1100
1866
2110
1851
1184
195
-1076
-2394
-3664
-4845
-5452
-5428
-4841
-3991
-2991
-1886
-820
17
306
72
-304
-996
-1974
-3144
-4147
-4866
-5348
-5611
-5473
-4749
-3910
-2995
-2072
-1445
-1008
-1170
-1617
-2094
-2801
-3609
-4417
-4970
-5474
-5746
-5530
-5303
-4957
-4520
-4209
-3792
-3446
-3249
-3428
-3856
-4342
-4650
-4967
-5160
-4958
-4931
-4957
-4895
-4634
-4212
-3794
-3667
-3640
-3536
-3686
-3950
-4331
-4807
-4887
-4925
-4818
-4612
-4478
-4244
-4164
-4107
-4098
-3904
-3665
-3625
-3619
-3712
-3989
-4777
-5597
-6434
-7371
-8374
-9288
-9651
-9651
-9467
-9122
-8470
-7633
-6751
-5904
-5239
-4777
-4474
-4606
-5065
-5899
-6804
-7778
-8418
-8702
-8602
-8349
-7874
-6982
-5931
-4997
-4167
-3694
-3363
-3217
-3183
-3562
-4193
-4803
-5185
-5325
-5379
-5273
-4978
-4474
-3677
-2975
-2360
-1783
-1541
-1338
-1163
-1093
-1007
-1251
-1548
-1471
-1345
-1274
-1252
-1000
-458
15
308
701
873
1042
1066
889
909
886
798
841
926
1022
964
979
1213
1256
1124
879
657
474
303
8
-235
-281
-278
-254
-258
-185
-112
-6
148
432
528
353
70
-388
-1165
-2109
-3169
-3838
-3887
-3037
-1954
-723
390
1217
1527
1259
632
-270
-1248
-2083
-2559
-2837
-2932
-2573
-1814
-855
204
1243
1851
2069
1786
1020
198
-852
-1958
-2985
-3760
-4125
-3807
-3113
-2118
-914
213
1069
1593
1880
1840
1507
882
111
-838
-1732
-2277
-2237
-2139
-1859
-1326
-423
396
1003
1585
2006
1996
1710
1221
502
-450
-1129
-1580
-1973
-2274
-2277
-1895
-1263
-722
-105
489
652
635
456
42
-480
-1140
-1674
-2138
-2605
-2969
-2833
-2599
-2768
-2692
-2427
-2214
-2184
-2177
-2246
-2505
-2988
-3277
-3357
-3413
-3531
-3652
-3590
-3543
-3425
-3324
-3287
-2973
-2695
-2654
-2693
-2853
-3121
-3454
-3816
-4465
-5529
-6523
-7374
-8062
-8281
-8260
-8030
-7516
-6689
-5623
-4665
-3940
-3444
-3288
-3333
-3576
-4163
-4785
-5522
-6220
-6839
-6956
-6595
-5890
-5042
-4111
-3162
-2108
-1341
-920
-742
-816
-1114
-1470
-1854
-2212
-2694
-2923
-2776
-2419
-1841
-1343
-682
63
710
1287
1443
1437
1452
1480
1479
1342
1117
1007
948
1064
1358
1808
2161
2439
2675
2780
2934
3208
3106
2863
2704
2553
2422
2325
2280
2259
2079
1891
1888
1931
1995
1804
1449
1150
1014
1040
1035
932
834
772
835
907
921
890
898
1015
1349
1497
1230
945
971
1191
1769
2804
4279
5777
7292
8293
8469
7934
6819
5209
3319
1109
-1042
-2895
-4110
-4519
-4139
-2859
-860
1385
3536
5163
6238
6393
5845
4758
3273
1418
-629
-2563
-3955
-4591
-4464
-3785
-2769
-1360
115
1294
2231
2778
2638
1849
726
-590
-1928
-3304
-4491
-5335
-5670
-5400
-4710
-3490
-2393
-1519
-745
-224
-91
-291
-556
-1275
-2341
-3263
-4102
-4583
-4997
-5198
-5074
-4596
-4219
-3928
-3561
-3281
-3292
-3272
-3364
-3472
-3658
-3693
-3595
-3397
-3155
-2822
-2439
-2115
-1688
-1488
-1396
-1459
-1688
-1773
-1852
-2156
-2486
-2554
-2413
-2283
-2037
-1699
-1336
-1061
-972
-781
-559
-395
-445
-583
-978
-1522
-2075
-2952
-4108
-5174
-5915
-6384
-6708
-6788
-6474
-5820
-5062
-4223
-3179
-2301
-1681
-1366
-1449
-1883
-2571
-3461
-4447
-5502
-6347
-6613
-6545
-6279
-5674
-4932
-4205
-3239
-2394
-1948
-1872
-2150
-2552
-3035
-3596
-4134
-4611
-4936
-5179
-4977
-4633
-4122
-3502
-2642
-1765
-1258
-960
-608
-283
-249
-302
-495
-627
-663
-588
-340
-79
155
371
693
1155
1420
1668
1965
2127
2136
2028
1941
2061
2145
2185
2243
2259
2326
2478
2511
2212
2042
1896
1656
1486
1239
1061
1021
996
1048
1068
1153
1346
1398
1513
1624
1828
1924
1625
1032
401
-265
-870
-1046
-814
-175
772
1873
2778
3140
3032
2483
1521
306
-1004
-2173
-2896
-3352
-3349
-2597
-1456
-114
1419
2610
3257
3457
3047
2386
1379
-123
-1689
-3020
-4224
-4828
-4733
-4147
-3006
-1730
-459
746
1534
2103
2349
1942
1203
353
-740
-1802
-2659
-3156
-2970
-2493
-1755
-921
-19
1090
1822
2098
1925
1709
1491
975
122
-744
-1378
-1706
-1875
-1803
-1593
-1272
-670
11
539
759
847
997
765
234
-288
-667
-970
-1179
-1320
-1191
-1148
-1260
-1170
-891
-760
-943
-1141
-1298
-1542
-1744
-1962
-2338
-2616
-2671
-2541
-2575
-2694
-2407
-2156
-2090
-1891
-1810
-1885
-1931
-2298
-2657
-3181
-3947
-4785
-5739
-6656
-7406
-7844
-8025
-7968
-7544
-6837
-5910
-4991
-4185
-3321
-2889
-2706
-2922
-3523
-4092
-4855
-5693
-6215
-6581
-6545
-6089
-5384
-4335
-3326
-2307
-1523
-933
-620
-450
-509
-854
-1384
-1860
-2341
-2728
-2760
-2539
-2157
-1612
-872
-42
650
1306
1788
2158
2481
2499
2359
2375
2209
2050
1980
2124
2315
2635
2912
3132
3320
3500
3696
3851
3816
3772
3766
3628
3589
3484
3373
3290
3346
3409
3318
3056
2714
2635
2653
2491
2247
1968
1875
1837
1719
1706
1703
1702
1574
1647
1854
2134
2115
1900
1814
1298
621
105
-90
-37
528
1508
2937
4391
5529
6156
6056
5467
4679
3545
2137
798
-503
-1300
-1497
-1264
-424
742
2023
3386
4470
4999
5026
4387
3463
2433
1153
-254
-1498
-2200
-2293
-1813
-970
140
1240
2286
3064
3328
3306
3051
2405
1532
535
-478
-1319
-1946
-2056
-1810
-1366
-673
44
933
1619
1837
1886
1639
1231
583
-82
-724
-1378
-2163
-2610
-2519
-2290
-1975
-1454
-875
-530
-364
-308
-457
-578
-978
-1548
-1933
-2083
-2207
-2297
-2206
-1965
-1670
-1392
-1101
-944
-1042
-1048
-854
-1006
-1361
-1796
-2013
-1972
-1860
-1968
-1774
-1480
-1205
-1031
-989
-709
-548
-422
-430
-729
-1121
-1469
-1960
-2725
-3603
-4470
-5200
-5739
-5976
-6022
-5812
-5179
-4350
-3544
-2720
-2057
-1553
-1282
-1386
-1847
-2379
-3164
-3936
-4667
-5060
-5198
-4949
-4460
-3811
-2985
-2115
-1233
-664
-311
-218
-427
-791
-1311
-1817
-2156
-2477
-2760
-2756
-2364
-1827
-1231
-581
39
791
1326
1598
1650
1576
1475
1363
1279
1323
1272
1341
1634
1898
2011
2342
2728
2941
3155
3239
3510
3601
3457
3313
3295
3101
3055
3224
3331
3276
3283
3313
3230
3081
3003
2813
2525
2372
2329
2347
2277
2234
2363
2421
2412
2484
2753
2758
2667
2559
2429
2265
1828
1211
698
600
1066
2037
3340
4874
6249
6986
6929
6407
5601
4579
3187
1707
435
-618
-1291
-1151
-244
1030
2332
3558
4663
5262
5238
4756
4049
2927
1554
138
-1200
-2058
-2266
-2122
-1505
-591
530
1650
2509
2993
3226
2970
2400
1650
748
-327
-1304
-2014
-2321
-2263
-1887
-1179
-332
467
1264
1792
2000
1830
1451
815
111
-505
-1133
-1811
-2136
-2078
-1948
-1676
-1218
-785
-220
262
360
287
-28
-422
-863
-1422
-1865
-2005
-1927
-1817
-1656
-1449
-1123
-606
-144
90
2
-344
-591
-776
-967
-1300
-1514
-1447
-1494
-1413
-1193
-955
-881
-664
-336
-198
-184
-226
-330
-525
-927
-1579
-2402
-3401
-4466
-5374
-5960
-6281
-6434
-6068
-5323
-4750
-4077
-3129
-2195
-1606
-1362
-1369
-1746
-2353
-3112
-3827
-4473
-4967
-5404
-5429
-5123
-4398
-3320
-2235
-1511
-827
-374
-152
-118
-325
-784
-1178
-1721
-2292
-2671
-2740
-2498
-2219
-1759
-962
-14
802
1317
1654
1771
1886
1958
1864
1686
1602
1529
1676
1757
2085
2401
2742
3201
3501
3721
3973
4142
3982
3974
4003
3773
3552
3449
3239
3277
3431
3450
3350
3081
3072
3001
2791
2683
2536
2495
2370
2156
2183
2284
2270
2306
2290
2433
2441
2252
2190
2078
2070
1654
933
409
228
461
1331
2831
4227
5394
6289
6669
6496
5746
4651
3378
1857
496
-664
-1323
-1392
-884
106
1395
2732
3826
4470
4808
4704
4075
2988
1523
270
-934
-1944
-2395
-2318
-1860
-1125
-84
1043
2158
2761
2978
2963
2585
1859
980
-71
-1043
-1609
-1866
-1966
-1706
-1126
-348
543
1255
1793
2099
2117
1713
1172
594
-260
-941
-1503
-1998
-2368
-2246
-1800
-1351
-841
-424
-38
156
131
-95
-452
-767
-1055
-1253
-1408
-1615
-1707
-1414
-1091
-904
-525
-84
128
149
51
-124
-358
-564
-818
-1147
-1335
-1383
-1256
-1223
-1030
-823
-580
-264
-251
-343
-110
-25
-212
-694
-1115
-1686
-2742
-3655
-4548
-5233
-5702
-5945
-5680
-5336
-4837
-4103
-3143
-2071
-1168
-685
-603
-906
-1431
-2160
-2809
-3609
-4446
-4864
-4860
-4657
-4006
-3097
-2158
-1102
-495
-83
279
556
370
-77
-432
-812
-1354
-1824
-2004
-1893
-1575
-1036
-394
267
983
1602
1981
2270
2206
1865
1415
1128
1097
1096
1289
1548
1901
2320
2811
2905
2618
2110
1735
1256
503
28
120
598
1253
1839
2577
3440
3923
3909
3645
3132
2434
1694
921
199
-100
47
615
1542
2872
4305
5345
6070
6524
6628
6263
5564
4733
3880
3296
2791
2369
2186
2591
3737
5288
7090
8697
9743
10339
10106
9245
7997
6466
4631
2940
1666
691
327
605
1397
2560
3768
4860
5643
5963
5648
5166
4299
3007
1585
161
-1076
-1966
-2144
-1693
-1104
-572
317
1414
2215
2688
2740
2404
1985
1234
189
-1012
-1977
-2740
-3361
-3451
-2980
-2275
-1652
-932
-114
510
787
715
446
158
-466
-1231
-1990
-2520
-2544
-2468
-2244
-1913
-1406
-644
-59
348
925
1203
1072
965
712
403
120
50
133
483
820
1063
1358
1665
1987
2142
2223
2122
1857
1503
1175
973
954
900
941
921
969
1235
1346
1347
1312
1334
1396
1264
1139
1016
888
575
-45
-1028
-2070
-3037
-3706
-4259
-4532
-4752
-4668
-4243
-3683
-2858
-1947
-1046
-556
-613
-954
-1555
-2151
-3128
-3974
-4581
-5091
-5340
-5159
-4730
-4082
-3251
-2504
-1767
-1118
-725
-672
-806
-1230
-1952
-2741
-3406
-3926
-4169
-4076
-3969
-3539
-2930
-2374
-1772
-1172
-636
-246
58
201
-30
-439
-1102
-1581
-2088
-2333
-2174
-1857
-1383
-874
-143
432
1006
1458
1441
1167
741
113
-472
-961
-1356
-1473
-1296
-998
-646
-185
328
724
844
860
422
-117
-676
-1439
-2349
-3115
-3385
-3215
-2840
-2342
-1788
-1317
-884
-777
-987
-1580
-2668
-3927
-5108
-5863
-5800
-4930
-3365
-1632
-84
1219
1661
1346
577
-665
-2331
-4272
-5936
-7152
-7871
-8138
-7617
-6369
-4581
-2850
-1498
-396
245
98
-540
-1525
-3003
-4652
-5905
-6695
-7141
-7106
-6362
-5016
-3426
-1967
-1057
-228
292
185
-231
-1055
-1946
-2761
-3640
-4455
-4857
-4552
-3806
-3085
-2116
-871
-63
525
993
1007
768
202
-511
-1001
-1490
-2058
-2384
-2566
-2352
-1949
-1535
-823
-103
317
402
348
298
69
-467
-937
-1317
-1546
-1480
-1343
-1266
-1085
-661
-364
-130
96
243
117
-90
-299
-599
-929
-1090
-1210
-1191
-922
-689
-427
-206
-56
420
786
937
941
974
929
519
-82
-721
-1577
-2382
-3024
-3630
-3996
-3813
-3411
-2830
-2075
-1361
-533
426
1287
1895
2008
1606
1119
634
1
-712
-1100
-1082
-905
-534
169
1083
2013
2804
3525
3908
4194
4266
3872
3242
2739
2154
1643
1311
1283
1425
1594
2055
2659
3389
3963
4331
4351
4302
4206
4016
3739
3386
3163
3044
2741
2764
3030
3224
3286
3339
3581
3883
4006
3956
3842
3750
3504
3193
3083
3063
2936
2857
2801
2811
2753
2848
2839
2536
2288
2221
2046
1838
1718
1612
1544
1560
1591
1743
1891
1890
1925
2172
2220
2228
1989
1525
1136
612
305
489
1256
2580
4065
5583
6765
7144
6871
6261
5120
3848
2566
1442
496
-190
-346
64
983
2166
3576
4859
5726
6013
5871
5249
4395
3287
1978
811
-156
-509
-412
42
915
1965
3040
3852
4492
4792
4691
4380
3657
2669
1616
633
76
-137
-121
11
493
1151
1904
2821
3573
3801
3638
3400
3006
2405
1768
1071
501
114
-66
-51
257
725
1080
1640
1990
2338
2292
2212
2013
1554
1178
887
588
385
393
587
791
1142
1611
1928
2070
2120
2161
2110
2014
1678
1364
1246
1129
1193
1384
1568
1815
2076
2216
2208
2410
2784
2982
2942
2706
2308
1817
1270
379
-443
-1186
-1742
-1953
-2033
-2078
-1817
-1400
-715
143
1109
1856
2279
2440
2263
1909
1276
431
-408
-1120
-1402
-1348
-1050
-476
224
1003
1820
2493
3001
3034
2914
2677
2206
1528
897
254
-228
-541
-562
-343
76
578
1001
1450
1861
2057
2061
1995
1847
1456
1161
835
554
296
69
176
466
771
1012
1323
1475
1516
1629
1531
1383
1159
999
872
875
797
711
764
641
621
560
654
724
574
230
-297
-430
-382
-495
-673
-669
-694
-723
-586
-337
-407
-483
-410
-428
-601
-861
-1340
-1948
-2341
-2348
-1722
-623
816
2463
3680
4230
4026
3452
2620
1415
-203
-1586
-2777
-3683
-4112
-3957
-3058
-1720
-208
1155
2175
2700
2624
2111
1305
102
-1360
-2885
-4041
-4738
-4786
-4409
-3756
-2699
-1327
-226
599
1090
1323
1145
474
-414
-1528
-2520
-3331
-4031
-4256
-4004
-3270
-2378
-1468
-705
-196
288
530
575
351
-317
-1181
-1936
-2703
-3140
-3175
-3123
-2865
-2379
-1794
-1281
-781
-360
-232
-271
-597
-945
-1352
-1765
-1974
-2069
-2086
-2007
-1667
-1135
-595
-212
15
-8
-56
-108
-266
-365
-554
-849
-1089
-1167
-1128
-934
-691
-450
-192
-112
139
525
584
470
350
380
-31
-713
-1509
-2165
-2980
-3976
-4521
-4628
-4598
-4272
-3784
-2961
-2021
-1071
-151
367
471
329
121
-273
-783
-1522
-2211
-2789
-3111
-2906
-2294
-1402
-579
151
1060
1841
2073
1970
1801
1487
919
163
-364
-956
-1322
-1305
-1170
-803
-340
224
806
1324
1671
1995
1915
1564
1294
940
693
340
198
275
301
574
887
1087
1281
1483
1662
1720
1777
1812
1735
1562
1343
1223
1236
1193
1006
887
902
1044
1113
958
769
538
368
106
53
-4
-116
-227
-222
-120
-148
60
288
449
399
323
307
280
102
-186
-156
259
1051
