-5028
-4684
-4478
-4334
-4178
-3965
-4158
-4364
-4579
-4801
-5217
-5442
-5375
-5165
-5045
-4759
-4503
-4510
-4444
-4330
-4154
-3903
-3661
-3718
-4083
-4533
-5072
-5688
-6525
-7529
-8306
-8696
-9103
-9348
-8942
-8285
-7376
-6319
-5449
-4487
-3884
-3660
-3789
-4110
-4616
-5366
-6053
-6692
-7292
-7403
-7269
-6835
-5930
-4857
-3563
-2538
-1756
-1464
-1575
-1663
-1814
-2515
-3423
-4115
-4442
-4622
-4890
-4799
-4431
-3926
-3249
-2657
-2294
-2193
-2147
-2296
-2871
-3727
-4528
-4994
-5306
-5027
-4188
-3070
-1908
-1073
-890
-1402
-2681
-4351
-6204
-8067
-10039
-11610
-12239
-11912
-10751
-9372
-7794
-6373
-5376
-4807
-4889
-5792
-7395
-9218
-10970
-12389
-13312
-13401
-12542
-10788
-8558
-5965
-3270
-1095
361
1018
1044
326
-871
-2314
-3860
-5202
-6346
-6569
-5415
-3267
-354
2619
5217
7085
7976
7739
6680
4739
2258
-468
-3139
-5437
-7071
-7762
-7422
-6048
-3909
-1570
357
1614
2193
1986
988
-711
-2983
-5627
-8047
-9700
-10590
-10883
-10572
-9446
-7880
-6209
-4667
-3655
-3225
-3370
-4135
-5306
-6835
-8748
-10562
-11923
-12786
-13140
-12958
-12260
-11044
-9439
-7725
-6452
-5713
-5495
-5643
-6286
-7476
-8886
-10184
-11322
-11938
-12216
-12029
-11650
-10992
-9926
-8727
-7470
-6454
-5758
-5102
-4727
-4549
-4560
-4466
-4147
-4115
-3966
-3443
-2754
-1995
-1486
-1181
-958
-729
-715
-1000
-1188
-1295
-1382
-1561
-1724
-1626
-1465
-1374
-1444
-1528
-1478
-1388
-1426
-1556
-1942
-2386
-2653
-2755
-3214
-3543
-4138
-5011
-5710
-6201
-6442
-6498
-6353
-6286
-6008
-5341
-4590
-3802
-3118
-2595
-2366
-2457
-3175
-4345
-5332
-6365
-7318
-7905
-8321
-8451
-8273
-7730
-6939
-6101
-5395
-4893
-4461
-4198
-4182
-4529
-4816
-5253
-5808
-6190
-6214
-5980
-5539
-4936
-4130
-3200
-2255
-1377
-529
143
647
888
913
884
905
703
-11
-1021
-2112
-3275
-4458
-5318
-5121
-4111
-2463
-500
1410
3088
4289
4940
4879
3910
2306
475
-1357
-2738
-3678
-4029
-3341
-1908
-89
1907
3832
5376
6109
6231
5668
4562
2981
1270
-271
-1297
-1730
-1360
-313
1201
3224
5116
6551
7349
7645
7783
7824
7902
8002
8057
7987
7826
7443
6922
6280
5429
4467
3062
1710
597
-293
-782
-929
-591
260
1478
2691
3690
4408
4836
4971
4296
3276
2134
795
-510
-1619
-2391
-2608
-2578
-2386
-1968
-1403
-470
275
582
550
233
-354
-1248
-2216
-3079
-3974
-4608
-4945
-5162
-5067
-4872
-4526
-4307
-4271
-4334
-4262
-4257
-4441
-4688
-4778
-4943
-5226
-5261
-5063
-4901
-4509
-4126
-4040
-4131
-4225
-4152
-4175
-4416
-4584
-4672
-4650
-4578
-4342
-3837
-3224
-2552
-1889
-1453
-987
-674
-510
-535
-729
-1048
-1638
-2281
-2630
-2877
-2972
-3122
-3103
-2694
-2366
-2176
-2034
-1718
-1268
-1064
-1160
-1334
-1679
-2302
-3285
-4654
-6143
-7503
-8617
-9577
-10222
-10217
-9875
-9284
-8277
-7066
-6166
-5392
-4683
-4370
-4515
-5049
-5916
-6888
-8005
-8953
-9762
-10323
-10421
-10105
-9411
-8427
-7611
-6837
-6007
-5560
-5537
-5681
-5899
-6487
-7147
-7732
-8225
-8500
-8560
-8190
-7722
-7267
-6599
-5812
-5111
-4612
-4050
-3691
-3413
-3136
-3002
-2950
-2888
-2613
-2312
-2044
-1633
-1059
-705
-546
-376
-199
-27
-82
-314
-490
-557
-649
-877
-1002
-993
-933
-894
-761
-682
-774
-932
-1143
-1268
-1552
-1898
-2163
-2224
-2231
-2335
-2430
-2512
-2482
-2523
-2451
-2314
-2046
-1904
-1951
-2183
-2740
-3499
-4008
-4124
-3746
-2764
-1593
-342
784
1248
1075
512
-566
-2005
-3570
-5106
-6482
-7591
-8093
-7899
-6855
-5389
-4037
-2824
-1861
-1206
-1145
-1663
-2654
-4020
-5584
-7126
-8254
-9083
-9287
-8967
-8149
-6754
-5264
-3994
-2953
-2289
-2046
-2368
-3002
-3976
-5245
-6565
-7542
-8116
-8349
-8391
-7804
-6797
-5763
-4769
-3788
-3051
-2845
-2811
-3181
-3785
-4461
-5287
-5900
-6380
-6754
-6938
-6756
-6078
-5521
-5159
-4808
-4484
-4257
-4247
-4486
-4880
-5448
-5832
-6128
-6373
-6380
-6208
-6108
-5992
-5716
-5492
-5346
-5296
-5211
-5286
-5728
-6205
-6598
-6629
-6702
-6836
-6726
-6508
-6148
-5815
-5684
-5500
-5258
-5100
-4942
-4900
-5011
-5233
-5913
-6772
-7575
-8519
-9561
-10474
-11023
-11326
-11171
-10695
-10078
-9318
-8344
-7208
-6187
-5566
-5418
-5669
-6212
-6836
-7589
-8365
-9068
-9695
-10001
-9920
-9465
-8438
-7205
-6001
-5014
-4227
-3649
-3314
-3389
-3729
-4283
-4987
-5495
-5862
-6164
-6221
-6009
-5630
-4967
-4117
-3229
-2512
-1947
-1513
-1164
-1033
-1095
-1177
-1262
-1451
-1422
-1281
-1189
-930
-504
-28
230
490
668
897
1152
1112
1191
1335
1254
991
745
682
661
576
312
226
192
35
-43
-86
-333
-592
-735
-741
-849
-789
-745
-755
-670
-494
-408
-403
-228
-112
-140
-414
-823
-1305
-1688
-1724
-1195
-357
807
2327
3704
4579
4811
4451
3794
2716
1195
-380
-1794
-2829
-3350
-3187
-2471
-1433
-150
1290
2450
2978
3044
2679
1895
831
-359
-1680
-2934
-3892
-4290
-3973
-3334
-2287
-1030
150
998
1454
1746
1719
1212
389
-688
-2052
-3181
-3847
-4180
-4166
-3713
-3015
-2026
-1162
-583
-40
240
199
-26
-678
-1515
-2358
-3221
-3868
-4206
-4270
-4122
-3877
-3390
-2814
-2218
-1582
-1231
-1380
-1635
-2058
-2640
-3118
-3431
-3608
-3640
-3524
-3265
-2927
-2609
-2276
-2165
-2025
-1976
-2136
-2357
-2493
-2649
-2799
-3023
-3306
-3411
-3270
-3096
-2794
-2407
-2012
-1837
-1853
-1850
-1873
-2015
-2202
-2540
-3176
-4009
-4871
-5652
-6438
-7273
-7702
-7791
-7555
-6932
-6260
-5437
-4662
-3953
-3497
-3144
-2999
-3158
-3712
-4514
-5323
-6227
-6996
-7321
-7043
-6698
-6211
-5390
-4400
-3462
-2699
-2186
-1794
-1761
-2050
-2465
-2914
-3394
-4001
-4411
-4620
-4452
-4031
-3563
-2923
-2224
-1590
-1001
-380
-48
-95
-457
-877
-1081
-1184
-1156
-1015
-821
-638
-458
-79
445
920
1186
1311
1402
1438
1422
1396
1336
1133
1091
1132
1082
1163
1186
1146
1102
1102
950
726
513
281
140
-107
-372
-492
-475
-449
-431
-359
-269
-330
-302
-151
-83
-412
-897
-1378
-2044
-2534
-2382
-1415
117
1630
3020
3858
4308
4201
3430
2222
838
-687
-2008
-3339
-4221
-4307
-3951
-3129
-1730
-338
823
1636
2080
2048
1476
465
-992
-2637
-4052
-4980
-5369
-5431
-5183
-4385
-3316
-2158
-1008
-136
256
211
-2
-592
-1702
-2952
-4152
-5149
-5506
-5590
-5338
-4677
-3794
-2850
-2092
-1609
-1086
-857
-1145
-1775
-2680
-3425
-4006
-4732
-5275
-5498
-5497
-5206
-4680
-4269
-3829
-3404
-3132
-2946
-2971
-3113
-3582
-4044
-4368
-4677
-4874
-4865
-4685
-4422
-4108
-3729
-3390
-3201
-3246
-3297
-3394
-3610
-3948
-4352
-4668
-4767
-4701
-4620
-4532
-4376
-4157
-3902
-3744
-3596
-3351
-3226
-3276
-3448
-3970
-4666
-5283
-6028
-7098
-8092
-8782
-9166
-9195
-9197
-8830
-8206
-7420
-6316
-5247
-4631
-4472
-4494
-4596
-4995
-5683
-6508
-7281
-8036
-8597
-8721
-8351
-7615
-6743
-5862
-4813
-3626
-2968
-2810
-2743
-2807
-3081
-3539
-4154
-4702
-4897
-5061
-5197
-4904
-4341
-3509
-2873
-2264
-1667
-1211
-991
-785
-628
-743
-890
-990
-1117
-1265
-1257
-1058
-505
-54
225
545
849
1197
1398
1386
1384
1248
1225
1181
1138
1116
1219
1161
1053
1084
1106
1153
1187
961
771
549
440
394
55
-167
-91
117
300
408
447
492
556
643
650
537
109
-603
-1418
-2211
-2355
-1747
-769
417
1810
3090
3763
3847
3522
2696
1670
535
-654
-1773
-2460
-2688
-2612
-2001
-763
634
1761
2543
2863
2711
2383
1678
437
-968
-2390
-3392
-3951
-4001
-3537
-2677
-1422
-275
643
1478
1945
2090
1772
1108
143
-1100
-2027
-2827
-3252
-3346
-3191
-2559
-1607
-579
331
966
1219
1163
958
549
-96
-792
-1558
-2299
-2808
-3073
-3023
-2527
-1946
-1445
-990
-666
-447
-421
-477
-564
-997
-1543
-2194
-2579
-2736
-2950
-2959
-2726
-2486
-2252
-1887
-1593
-1459
-1388
-1577
-1824
-2057
-2391
-2772
-3056
-3293
-3182
-2985
-2800
-2568
-2463
-2290
-2111
-2095
-2123
-2045
-1846
-2160
-2751
-3416
-4135
-5024
-6003
-6793
-7435
-7823
-7698
-7210
-6524
-5920
-5215
-4260
-3435
-2968
-2627
-2657
-3010
-3619
-4415
-5297
-6142
-6671
-6669
-6211
-5585
-4877
-4120
-3265
-2383
-1653
-1126
-838
-1014
-1261
-1652
-2310
-2929
-3225
-3274
-3309
-3297
-2789
-1956
-1206
-546
41
611
1008
1219
1239
1153
1003
718
397
368
616
885
1137
1271
1512
1798
2186
2561
2724
2817
2812
2680
2584
2501
2530
2332
2160
2105
1983
1940
1971
1898
1736
1528
1369
1205
1029
742
704
779
808
674
560
759
805
706
864
1119
1136
1073
874
380
-30
-255
-83
709
1899
3345
4691
5856
6455
6562
6007
4783
3095
1200
-495
-1850
-3042
-3628
-3524
-2703
-1189
511
2091
3490
4370
4579
4300
3550
2265
721
-884
-2497
-3963
-4610
-4364
-3770
-2933
-1767
-346
868
1636
1839
1562
1097
300
-727
-1864
-2868
-3845
-4606
-4678
-4254
-3623
-2776
-1736
-801
-126
145
125
-237
-733
-1383
-2181
-2917
-3573
-4079
-4505
-4462
-4010
-3573
-3249
-3012
-2532
-2229
-2280
-2329
-2513
-2777
-3107
-3499
-3682
-3603
-3522
-3214
-2929
-2679
-2353
-2059
-1874
-1835
-1854
-1840
-2057
-2524
-2814
-2905
-2907
-2985
-2888
-2497
-2163
-1881
-1460
-1239
-1321
-1427
-1440
-1407
-1675
-2217
-2851
-3536
-4513
-5614
-6433
-7015
-7336
-7462
-7311
-6876
-6122
-5155
-4114
-3128
-2437
-2091
-2164
-2535
-3098
-4007
-5039
-5778
-6492
-7002
-7092
-6786
-6140
-5076
-4166
-3356
-2639
-1985
-1694
-1592
-1818
-2148
-2684
-3494
-4280
-4590
-4595
-4402
-4085
-3637
-3048
-2203
-1392
-739
-384
-166
65
4
-211
-335
-438
-580
-804
-810
-478
-33
477
977
1256
1387
1518
1775
1910
1791
1713
1766
1771
1742
1775
1790
1793
1794
1699
1617
1516
1463
1361
1225
1110
1058
892
708
662
604
574
588
705
912
962
968
913
926
844
496
-53
-732
-1307
-1356
-770
201
1666
3007
3872
4332
4066
3509
2670
1464
72
-1369
-2677
-3363
-3321
-2766
-1698
-406
1112
2468
3291
3598
3382
2706
1691
296
-1101
-2478
-3695
-4291
-4197
-3701
-2921
-1818
-622
540
1462
1966
2054
1704
978
65
-1004
-2065
-2791
-3383
-3573
-3129
-2385
-1595
-681
245
881
1220
1333
1166
745
145
-503
-1407
-2080
-2426
-2796
-2844
-2636
-2209
-1770
-1204
-538
-126
-174
-328
-456
-838
-1451
-1877
-2010
-2057
-2216
-2385
-2251
-1931
-1518
-1170
-917
-854
-982
-1148
-1470
-1819
-2094
-2243
-2327
-2384
-2395
-2262
-2057
-1930
-1731
-1486
-1322
-1309
-1237
-1264
-1637
-2072
-2559
-3434
-4470
-5107
-5778
-6498
-6945
-7223
-7201
-6735
-5984
-5101
-4112
-3196
-2589
-2196
-2005
-2206
-2709
-3402
-4250
-5065
-5724
-6083
-6246
-5951
-5173
-4214
-3146
-2196
-1465
-804
-256
-128
-267
-662
-1062
-1629
-2305
-2771
-3005
-2913
-2536
-2039
-1435
-656
236
1028
1495
1788
1953
1921
1825
1644
1465
1432
1512
1526
1611
1773
2157
2724
3121
3335
3581
3837
3706
3374
3321
3323
3170
3065
3173
3143
3052
2927
2875
2814
2653
2603
2558
2379
2185
2075
1989
1899
1750
1645
1657
1720
1828
1914
2062
2021
1874
1918
2001
1679
884
137
-106
89
787
1919
3291
4492
5579
6318
6337
5751
4747
3487
2087
792
-532
-1605
-1932
-1554
-807
282
1672
3005
4134
4854
4855
4236
3235
2077
754
-656
-1716
-2499
-2702
-2385
-1537
-426
666
1623
2394
2848
2965
2674
2028
1041
33
-1011
-1948
-2545
-2777
-2529
-2056
-1358
-457
296
1002
1585
1782
1568
1170
502
-499
-1289
-1865
-2272
-2707
-2839
-2601
-2281
-1694
-1175
-648
-428
-316
-315
-465
-837
-1387
-1709
-1913
-2239
-2361
-2330
-2237
-1957
-1383
-927
-855
-812
-726
-753
-962
-1308
-1646
-1863
-1924
-2063
-2139
-2003
-1722
-1556
-1385
-1054
-879
-890
-921
-919
-966
-1183
-1657
-2371
-3315
-4270
-5115
-5967
-6547
-6712
-6738
-6514
-5868
-4875
-3981
-3241
-2506
-1794
-1438
-1507
-2064
-2767
-3530
-4411
-5244
-5676
-5694
-5571
-5129
-4343
-3609
-2753
-1892
-1117
-573
-408
-508
-761
-1381
-2078
-2573
-2940
-3175
-3237
-2980
-2523
-1980
-1287
-632
61
759
1188
1275
1146
1166
979
783
818
817
864
1075
1340
1560
1876
2303
2783
3017
3069
3081
2956
3009
2975
2854
2727
2581
2578
2598
2533
2591
2748
2882
2924
2688
2244
1949
1951
1862
1720
1645
1566
1577
1673
1779
1788
1895
1913
2004
2071
2017
1797
1315
690
86
-32
377
1253
2592
3934
5115
6009
6303
5971
5149
4033
2581
1133
-198
-1049
-1537
-1630
-1108
-123
1301
2563
3516
4218
4458
4206
3565
2557
1190
-399
-1640
-2442
-2972
-2915
-2217
-1156
-56
1063
2020
2660
2923
2749
2115
1229
275
-871
-2052
-2752
-3038
-2944
-2366
-1551
-735
-36
669
1174
1496
1672
1395
769
53
-776
-1525
-1985
-2243
-2348
-2230
-1884
-1475
-1055
-683
-338
27
76
-15
-342
-950
-1386
-1701
-2010
-2130
-2009
-1785
-1474
-1073
-793
-605
-471
-483
-514
-592
-907
-1191
-1391
-1553
-1745
-1872
-1835
-1539
-1269
-1079
-1042
-926
-600
-546
-574
-771
-910
-1211
-1778
-2717
-3633
-4392
-5069
-5626
-6174
-6456
-6221
-5682
-5110
-4395
-3435
-2506
-1963
-1709
-1583
-1793
-2188
-2847
-3783
-4678
-5380
-5669
-5439
-4865
-4252
-3644
-2640
-1623
-748
-239
-16
-101
-231
-572
-1102
-1487
-2009
-2392
-2543
-2412
-1950
-1332
-562
196
777
1194
1653
2083
2297
2159
1932
1895
1818
1703
1678
1828
2050
2244
2452
2852
3241
3729
3984
3975
4028
4042
3852
3663
3375
3344
3362
3452
3493
3241
3120
3127
3289
3201
3063
2835
2663
2463
2217
2183
2352
2284
2053
1975
2248
2373
2342
2338
2410
2469
2224
1849
1211
642
352
765
1653
2806
4179
5521
6481
6830
6501
5711
4727
3601
2205
649
-693
-1439
-1536
-1174
-232
1250
2690
3761
4549
5039
5084
4435
3314
2008
703
-598
-1741
-2552
-2580
-1914
-1043
-35
1236
2256
2878
3212
3206
2928
2110
1165
110
-919
-1884
-2496
-2508
-2082
-1431
-717
162
1073
1726
2032
2166
2034
1419
678
-142
-930
-1538
-1902
-2052
-1909
-1725
-1414
-803
-311
17
346
559
475
132
-268
-676
-1185
-1537
-1622
-1620
-1413
-1125
-803
-402
64
295
210
29
-230
-330
-488
-780
-960
-984
-1099
-1173
-1044
-615
-353
-282
-168
-21
110
189
96
66
-286
-975
-1712
-2551
-3253
-4135
-5134
-5739
-5803
-5625
-5253
-4602
-3820
-2685
-1731
-1073
-578
-447
-861
-1476
-2275
-3140
-4011
-4518
-4885
-4962
-4691
-4190
-3387
-2476
-1485
-569
122
546
538
293
-68
-550
-1025
-1466
-1787
-1891
-1902
-1762
-1339
-733
84
925
1544
1786
1805
1877
1895
1697
1371
967
616
780
1057
1510
2042
2392
2426
2245
1919
1315
503
-95
-317
-157
218
709
1429
2334
3089
3591
3649
3362
2932
2096
1197
397
-246
-433
-157
514
1388
2463
3804
5030
5892
6315
6400
5985
5353
4441
3644
2951
2221
1824
1836
2485
3495
4657
6259
7980
9350
9846
9621
8978
7911
6397
4518
2878
1501
335
-320
-111
872
2034
3256
4539
5517
5964
5627
4826
3839
2725
1528
183
-961
-1938
-2495
-2333
-1729
-862
79
977
1804
2413
2549
2328
1858
1126
184
-866
-1913
-2793
-3301
-3324
-3149
-2729
-2026
-1124
-164
471
663
616
447
-53
-633
-1401
-2225
-2734
-2998
-2792
-2533
-2137
-1455
-827
-198
519
1138
1313
1102
861
618
314
137
66
173
230
451
806
1135
1516
1848
2123
2208
2180
1929
1435
1113
1020
957
722
606
738
885
982
1182
1464
1628
1574
1289
1135
1127
982
682
119
-627
-1284
-2041
-3019
-3950
-4458
-4627
-4922
-4770
-4271
-3730
-2847
-1931
-1376
-892
-475
-647
-1157
-1803
-2549
-3546
-4198
-4716
-5153
-5220
-4815
-4048
-3208
-2245
-1378
-883
-609
-533
-500
-897
-1623
-2253
-2884
-3376
-3669
-3740
-3577
-3128
-2644
-2256
-1552
-807
-332
-1
264
506
442
26
-666
-1298
-1679
-1879
-1831
-1622
-1289
-640
191
1060
1571
1800
1835
1637
1252
732
78
-682
-1214
-1217
-981
-722
-249
274
678
1094
1382
1242
819
305
-365
-1221
-2011
-2543
-2948
-3152
-2910
-2325
-1658
-1194
-855
-642
-762
-1409
-2528
-3954
-4982
-5757
-5915
-5099
-3666
-1852
-103
1345
1979
1643
762
-436
-2066
-3922
-5591
-7030
-7930
-8074
-7526
-6316
-4604
-2881
-1350
-272
367
487
-241
-1479
-3014
-4701
-6158
-6958
-7341
-7230
-6484
-5169
-3622
-2235
-1153
-235
399
484
181
-418
-1289
-2527
-3612
-4282
-4520
-4479
-4041
-3297
-2275
-1236
-260
494
976
1150
1053
603
-139
-997
-1513
-1989
-2354
-2534
-2378
-1902
-1502
-915
-364
138
467
515
362
87
-312
-904
-1369
-1606
-1677
-1528
-1227
-827
-422
-24
213
72
-64
-34
51
-184
-452
-655
-865
-1013
-1045
-963
-747
-324
-95
57
360
721
992
992
912
699
390
-107
-832
-1725
-2540
-3260
-3667
-3768
-3800
-3573
-3013
-2289
-1249
-302
565
1441
1951
1930
1688
1263
593
-232
-998
-1366
-1319
-1217
-899
-228
700
1612
2510
3420
3899
4056
3997
3734
3444
2851
2173
1699
1289
1117
1310
1734
2114
2598
3297
3815
4082
4286
4296
4178
3848
3503
3094
2816
2675
2575
2508
2554
2727
3113
3281
3455
3566
3597
3602
3696
3655
3401
3136
3041
2996
2877
2690
2477
2453
2557
2591
2461
2459
2297
2114
1992
1879
1821
1507
1240
1232
1363
1473
1564
1553
1672
1682
1714
1786
1736
1249
532
-105
-723
-953
-382
644
2179
3587
4438
4887
4738
4309
3727
2834
1700
671
98
-417
-476
8
1044
2232
3349
4382
5157
5321
4964
4271
3368
2377
1219
166
-553
-740
-530
-27
876
1903
3106
4050
4599
4947
4945
4522
3745
2811
1904
1137
491
54
-86
329
1109
1877
2628
3462
4253
4528
4523
4230
3612
2843
2099
1249
721
459
389
518
811
1298
1855
2367
2743
2950
2949
2894
2653
2100
1561
1094
730
393
233
495
773
924
1271
1518
1633
1662
1684
1679
1539
1335
1057
831
625
535
614
885
1137
1239
1433
1627
1816
1986
2183
2299
2031
1695
1397
684
-147
-1025
-1807
-2389
-2882
-3069
-2796
-2305
-1883
-1241
-366
572
1392
1766
1915
1750
1187
614
18
-727
-1306
-1643
-1688
-1258
-599
108
777
1739
2590
3050
3373
3432
3015
2394
1877
1370
806
370
41
-64
160
508
830
1321
1881
2330
2662
2729
2578
2297
1959
1526
1005
647
426
361
557
831
1062
1214
1489
1730
1750
1635
1691
1682
1436
1180
1029
914
701
351
321
488
537
288
220
308
281
-17
-477
-785
-766
-657
-765
-952
-1007
-861
-800
-791
-743
-604
-545
-550
-527
-564
-1134
-1586
-1659
-1202
-118
1270
2782
4273
5431
5827
5443
4478
3033
1280
-645
-2317
-3744
-4788
-5124
-4729
-3779
-1985
127
1907
3262
4091
4199
3436
2333
995
-630
-2394
-3988
-5101
-5412
-5087
-4276
-3139
-1808
-535
546
1174
1486
1389
768
-319
-1565
-2831
-3961
-4822
-5353
-5215
-4654
-3940
-2893
-1878
-932
-201
95
168
-1
-515
-1208
-2053
-2840
-3366
-3716
-3908
-3851
-3542
-3185
-2909
-2384
-1786
-1569
-1611
-1702
-1851
-1992
-2119
-2332
-2411
-2190
-1855
-1423
-992
-699
-449
-257
-127
-95
-88
-244
-430
-535
-645
-771
-843
-691
-427
-38
250
428
709
1065
1269
1377
1466
1279
805
267
-274
-1033
-1846
-2578
-3400
-3938
-4047
-4079
-3853
-3048
-2161
-1253
-483
368
1085
1325
1186
777
155
-521
-1395
-2085
-2610
-2783
-2641
-2201
-1473
-753
43
965
1593
1957
2033
1873
1355
618
-101
-678
-1217
-1657
-1876
-1771
-1446
-850
-188
496
935
1258
1388
1391
1241
878
659
605
396
29
-76
-112
14
272
620
1031
1248
1311
1414
1455
1485
1513
1506
1287
1128
1148
1308
1295
1163
1308
1441
1440
1274
969
747
573
481
344
177
7
92
195
216
211
193
433
721
848
849
781
445
88
-204
-670
-889
-626
