-5003
-4916
-4413
-4018
-3884
-3773
-3935
-4150
-4469
-4737
-5010
-5107
-4975
-4830
-4769
-4643
-4471
-4226
-3978
-3785
-3720
-3579
-3301
-3339
-3648
-3946
-4639
-5478
-6287
-7118
-7909
-8529
-8650
-8468
-8227
-7559
-6776
-6255
-5527
-4634
-3905
-3689
-3842
-4243
-4912
-5497
-6253
-6888
-7257
-7454
-7084
-6641
-5701
-4589
-3615
-2948
-2372
-1926
-1748
-1845
-2389
-2986
-3726
-4288
-4735
-4955
-4913
-4661
-4493
-4132
-3509
-2913
-2452
-2302
-2405
-2795
-3498
-4346
-4919
-5220
-5289
-5110
-4334
-3221
-2044
-957
-776
-1487
-2675
-4211
-6007
-8152
-10134
-11515
-12123
-11903
-10800
-9098
-7551
-6192
-5139
-4677
-5013
-5973
-7443
-9147
-10887
-12320
-13102
-13125
-12418
-10714
-8206
-5633
-3308
-1185
485
1395
1332
561
-545
-1951
-3492
-5061
-6241
-6524
-5703
-3834
-1134
1716
4360
6282
7137
6911
5716
3834
1654
-779
-3130
-5210
-6683
-7076
-6514
-5181
-3351
-1419
294
1364
1719
1346
229
-1406
-3397
-5790
-7972
-9562
-10450
-10526
-9804
-8530
-6794
-5105
-3820
-3187
-3054
-3413
-4287
-5606
-7332
-9192
-10730
-11896
-12478
-12486
-11806
-10835
-9477
-8206
-6943
-5869
-5154
-4956
-5379
-6401
-7689
-8864
-10065
-11143
-12034
-12443
-11960
-11347
-10318
-9041
-7786
-6530
-5721
-5067
-4552
-4344
-4276
-4410
-4423
-4402
-4553
-4287
-3874
-3248
-2564
-1993
-1495
-1006
-900
-1058
-1080
-1257
-1568
-1756
-1802
-1901
-1935
-1836
-1778
-1881
-1932
-1774
-1743
-1970
-2160
-2261
-2465
-2663
-2794
-3187
-3758
-4325
-4829
-5439
-5991
-6447
-6490
-6303
-6036
-5669
-5364
-4644
-3999
-3377
-2787
-2676
-3027
-3783
-4735
-5645
-6462
-7177
-7810
-8506
-8739
-8573
-8059
-7227
-6223
-5415
-4865
-4413
-4275
-4286
-4426
-4676
-5049
-5489
-5829
-5845
-5635
-5157
-4460
-3634
-2692
-1759
-900
-327
135
618
953
1068
1236
1206
830
100
-800
-1724
-2905
-4105
-4853
-4941
-3955
-2123
-242
1604
3117
4327
5027
4881
4139
2858
971
-937
-2635
-3816
-4146
-3556
-2070
-96
2141
4124
5559
6319
6475
5848
4487
3037
1486
100
-1103
-1909
-1696
-466
1372
3493
5192
6525
7433
7718
7519
7279
7189
7158
7158
7292
7165
7011
6565
5925
5262
4438
3504
2461
1436
576
5
-179
90
821
1812
2879
3778
4517
5062
4998
4394
3376
2169
874
-257
-1132
-1741
-1997
-1843
-1503
-1020
-264
386
699
872
798
341
-256
-1112
-2132
-3109
-3702
-4135
-4405
-4519
-4454
-4200
-3955
-3611
-3509
-3655
-3955
-4264
-4442
-4432
-4648
-4911
-4806
-4776
-4716
-4420
-4107
-3857
-3698
-3593
-3613
-3626
-3744
-3956
-4095
-4118
-4087
-4223
-4196
-3891
-3406
-2780
-2294
-1821
-1445
-1283
-1192
-1022
-1091
-1490
-1722
-1995
-2231
-2497
-2775
-2976
-3092
-2830
-2424
-2136
-1959
-1733
-1480
-1355
-1372
-1480
-1908
-2662
-3645
-4793
-6006
-7143
-8168
-9050
-9693
-9831
-9488
-8873
-8185
-7212
-5956
-5023
-4475
-4447
-4728
-5281
-6127
-7069
-8079
-9000
-9692
-10211
-10238
-9825
-9272
-8384
-7459
-6721
-6087
-5684
-5443
-5441
-5730
-6310
-6977
-7646
-8365
-8679
-8559
-8250
-7749
-7227
-6354
-5638
-5205
-4755
-4320
-4132
-3917
-3646
-3494
-3389
-3373
-3265
-2936
-2624
-2248
-1843
-1463
-1059
-928
-816
-786
-853
-924
-994
-1233
-1410
-1665
-1745
-1760
-1810
-1717
-1491
-1231
-1099
-1096
-1253
-1598
-1766
-1927
-2282
-2695
-3011
-3079
-2963
-3038
-3005
-2675
-2240
-2064
-1914
-1968
-2196
-2576
-3065
-3550
-4023
-4395
-4138
-3372
-2144
-846
125
599
415
-313
-1498
-2878
-4314
-5807
-6982
-7702
-8046
-7917
-7138
-5771
-4330
-3048
-2090
-1630
-1606
-2018
-2863
-4137
-5603
-7216
-8478
-9166
-9044
-8580
-7604
-6318
-5192
-4063
-3162
-2533
-2528
-3050
-3713
-4632
-5796
-6896
-7936
-8712
-8832
-8418
-7653
-6793
-5828
-4906
-4080
-3340
-3093
-3332
-3772
-4187
-4729
-5631
-6294
-6637
-6872
-6927
-6644
-6229
-5782
-5354
-5006
-4566
-4301
-4434
-4741
-5211
-5741
-6073
-6315
-6480
-6669
-6739
-6629
-6193
-5745
-5585
-5450
-5456
-5523
-5680
-5846
-6167
-6402
-6507
-6599
-6630
-6518
-6152
-5728
-5623
-5498
-5311
-5145
-4838
-4670
-4544
-4599
-4893
-5456
-6243
-7096
-8028
-8840
-9690
-10243
-10336
-10478
-10328
-9644
-8609
-7332
-6465
-6011
-5538
-5289
-5310
-5628
-6299
-7222
-8010
-8699
-9222
-9348
-9145
-8519
-7744
-6981
-5996
-5196
-4432
-3726
-3421
-3356
-3534
-3990
-4650
-5120
-5405
-5694
-5535
-5150
-4691
-4077
-3374
-2621
-1921
-1467
-1034
-834
-676
-790
-895
-989
-1071
-1121
-1048
-876
-587
-174
223
623
863
1147
1367
1509
1542
1545
1465
1389
1353
1162
1092
1187
1312
1308
1174
1100
1037
858
686
425
114
24
113
79
3
-56
-35
54
284
495
653
756
824
765
420
-120
-704
-1185
-1462
-959
189
1445
2717
4121
5086
5243
4759
3716
2572
1288
15
-1136
-2104
-2665
-2648
-2162
-1170
198
1588
2696
3367
3594
3394
2520
1233
-126
-1345
-2317
-3112
-3349
-3051
-2531
-1662
-652
326
989
1542
1837
1746
1234
315
-797
-1978
-3019
-3830
-4018
-3902
-3472
-2711
-1951
-1026
-325
157
321
200
-307
-915
-1584
-2347
-3101
-3830
-4142
-4064
-3654
-3268
-2922
-2475
-1940
-1524
-1326
-1425
-1614
-1973
-2525
-2885
-3235
-3604
-3839
-3817
-3589
-3405
-3199
-2704
-2303
-2189
-2353
-2390
-2470
-2679
-2896
-3205
-3397
-3550
-3522
-3377
-3071
-2835
-2680
-2465
-2413
-2288
-2007
-2023
-2154
-2327
-2765
-3340
-3975
-4778
-5752
-6790
-7610
-7957
-8003
-7792
-7371
-6573
-5652
-4880
-4003
-3274
-3017
-3161
-3514
-3948
-4692
-5663
-6435
-7238
-7640
-7566
-7147
-6436
-5492
-4832
-4065
-3260
-2716
-2384
-2347
-2588
-3108
-3802
-4210
-4530
-4856
-4886
-4686
-4417
-4078
-3408
-2636
-1913
-1303
-970
-694
-636
-696
-934
-1243
-1479
-1479
-1210
-1112
-956
-637
-205
226
586
767
810
1002
1110
1234
1344
1160
943
924
948
841
479
608
892
978
780
582
406
-11
-313
-207
-88
-217
-541
-648
-608
-526
-461
-225
15
-24
-158
-277
-569
-1018
-1672
-2325
-2680
-2496
-1765
-477
875
2152
3162
3645
3530
2918
1882
539
-926
-2491
-3805
-4472
-4564
-4120
-3296
-2021
-601
717
1571
1863
1619
1065
-33
-1517
-2945
-4198
-5351
-6018
-6031
-5452
-4460
-3355
-2251
-1315
-617
-411
-526
-964
-1688
-2722
-4010
-5084
-5870
-6324
-6224
-5865
-5396
-4551
-3493
-2559
-1889
-1579
-1696
-2130
-2670
-3227
-3964
-4778
-5624
-6051
-6175
-5860
-5429
-5059
-4657
-4243
-3851
-3440
-3331
-3611
-3963
-4255
-4606
-5015
-5344
-5566
-5438
-5221
-5056
-4745
-4451
-4206
-4065
-3876
-3849
-3964
-4403
-4620
-4837
-5077
-5050
-5075
-5119
-4893
-4536
-4178
-3866
-3755
-3795
-3768
-3598
-3628
-3772
-4076
-4600
-5374
-6371
-7382
-8200
-8952
-9478
-9529
-9346
-9104
-8613
-7697
-6568
-5658
-5039
-4824
-4770
-4967
-5533
-6334
-7058
-7700
-8429
-8954
-9018
-8758
-8069
-7300
-6466
-5404
-4508
-3872
-3498
-3287
-3405
-3865
-4286
-4621
-5072
-5436
-5457
-5268
-4982
-4428
-3734
-3133
-2301
-1617
-1215
-972
-901
-734
-610
-739
-1066
-1169
-1209
-1068
-772
-460
-148
269
570
713
943
1163
1289
1316
1238
1201
1129
1069
1107
1233
1266
1225
1310
1317
1121
1011
937
989
793
578
381
190
108
72
60
30
180
330
349
271
285
442
381
-20
-628
-1572
-2378
-2729
-2760
-1997
-728
691
1876
2583
2756
2405
1745
886
-235
-1504
-2575
-2846
-2793
-2390
-1751
-809
273
1143
1834
2164
2120
1715
930
-317
-1529
-2414
-3140
-3801
-4024
-3582
-2448
-1114
-93
708
1301
1687
1822
1575
941
-198
-1424
-2328
-2892
-3164
-3131
-2697
-1867
-1181
-253
493
951
1205
1136
1008
554
6
-686
-1537
-2123
-2501
-2794
-2562
-2135
-1734
-1211
-543
-187
59
173
25
-251
-887
-1617
-2144
-2385
-2524
-2939
-3102
-2969
-2643
-2341
-2119
-2016
-2137
-2285
-2301
-2215
-2270
-2720
-3081
-3300
-3324
-3336
-3188
-3051
-2903
-2749
-2731
-2660
-2523
-2426
-2167
-1986
-2233
-2775
-3557
-4404
-5281
-6096
-6860
-7549
-7821
-7882
-7537
-6989
-6360
-5307
-4351
-3753
-3100
-2821
-3016
-3499
-4252
-5058
-5763
-6285
-6726
-6942
-6783
-6223
-5385
-4384
-3311
-2514
-1947
-1454
-1141
-1150
-1379
-1797
-2213
-2725
-3107
-3181
-3079
-2768
-2401
-1801
-1147
-384
407
791
919
1071
1135
1172
956
629
605
574
682
909
1038
1231
1477
1893
2334
2448
2508
2620
2669
2677
2367
2169
2026
1925
1971
1915
1903
2010
1972
1921
1812
1607
1464
1426
1240
936
849
791
707
798
821
716
856
914
1039
1114
1118
931
637
275
-39
-40
425
1215
2454
3862
5146
6183
6697
6480
5706
4439
2758
810
-1126
-2760
-3770
-4214
-3858
-2814
-1270
607
2456
3911
4824
4907
4427
3546
2167
475
-1254
-2720
-3823
-4390
-4275
-3445
-2345
-1239
71
1132
1677
1750
1499
864
-172
-1455
-2833
-4032
-4904
-5307
-5220
-4897
-4125
-3093
-2229
-1456
-779
-326
-153
-273
-867
-1867
-2714
-3582
-4280
-4812
-5043
-4849
-4542
-4269
-3905
-3428
-3241
-3034
-2978
-3104
-3319
-3637
-4011
-4002
-3812
-3894
-3929
-3715
-3371
-2899
-2516
-2455
-2444
-2328
-2316
-2441
-2792
-3012
-3046
-3240
-3325
-3065
-2668
-2350
-2217
-2016
-1616
-1370
-1437
-1331
-1112
-1091
-1244
-1782
-2400
-3157
-4066
-4986
-5770
-6530
-7013
-7112
-6850
-6476
-5626
-4664
-3798
-3077
-2352
-1841
-1963
-2436
-3002
-3830
-4832
-5698
-6278
-6558
-6681
-6567
-5872
-4860
-4066
-3508
-2924
-2372
-2017
-2019
-2282
-2676
-3269
-3829
-4585
-5002
-4896
-4540
-4184
-3773
-3092
-2483
-1882
-1328
-1038
-726
-601
-696
-788
-947
-1007
-966
-1030
-905
-745
-368
48
332
861
1278
1422
1558
1550
1539
1650
1584
1547
1428
1333
1397
1611
1869
1948
1876
1747
1634
1617
1545
1396
1223
1075
943
869
721
866
990
996
1180
1463
1541
1422
1245
1033
603
-168
-867
-1276
-1249
-936
-102
1131
2180
3015
3445
3496
2950
1889
572
-611
-1642
-2541
-3081
-3111
-2501
-1452
-225
1232
2450
3183
3373
3016
2290
1256
-50
-1422
-2806
-3996
-4533
-4457
-3820
-2713
-1324
-178
684
1329
1635
1580
1283
693
-241
-1327
-2293
-2818
-3137
-3170
-2814
-2069
-1181
-293
495
1237
1797
1721
1323
860
209
-471
-1051
-1743
-2285
-2361
-2104
-1829
-1485
-994
-414
1
194
388
439
115
-320
-751
-1171
-1387
-1566
-1736
-1697
-1438
-1162
-975
-984
-1014
-1128
-1072
-1115
-1345
-1697
-2031
-2162
-2182
-2165
-2222
-2170
-1959
-1878
-1636
-1466
-1413
-1374
-1263
-1147
-1363
-1821
-2252
-2807
-3679
-4627
-5442
-6155
-6883
-7324
-7214
-6750
-6081
-5306
-4546
-3706
-2893
-2249
-2110
-2530
-3097
-3748
-4512
-5339
-5920
-6170
-6249
-6122
-5467
-4521
-3616
-2724
-1678
-861
-545
-437
-457
-696
-1244
-1713
-2124
-2562
-2689
-2679
-2415
-1707
-833
-246
340
979
1463
1755
1877
1847
1753
1704
1545
1468
1589
1703
1924
2197
2462
2783
2994
3255
3526
3755
3885
3838
3829
3686
3540
3471
3285
3250
3305
3275
3279
3196
3058
3012
3012
2940
2680
2351
2242
2136
2014
2111
2073
2029
1933
2081
2345
2292
2088
1865
1856
1661
1191
578
157
78
447
1478
2879
4276
5348
5912
6041
5459
4475
3243
1939
769
-452
-1339
-1498
-1195
-543
447
1796
3291
4271
4631
4596
4369
3667
2443
982
-374
-1263
-1702
-1929
-1654
-856
137
1176
2110
2761
3064
2940
2568
1946
1195
186
-891
-1736
-2088
-2176
-1978
-1559
-809
43
656
1172
1628
1935
1743
1303
639
-317
-1171
-1576
-1982
-2341
-2532
-2321
-1866
-1400
-851
-360
-2
38
-208
-603
-1053
-1387
-1718
-1935
-2371
-2668
-2561
-2203
-1704
-1374
-1269
-1059
-1020
-973
-1010
-1226
-1405
-1582
-1866
-2042
-2064
-2036
-1878
-1571
-1243
-993
-917
-847
-757
-570
-528
-574
-806
-1270
-1927
-2728
-3640
-4583
-5257
-5812
-6114
-6190
-5952
-5453
-4839
-3959
-2967
-2174
-1641
-1400
-1455
-1873
-2401
-3273
-4310
-4951
-5435
-5644
-5546
-5096
-4375
-3425
-2405
-1543
-962
-593
-542
-699
-881
-1269
-1722
-2281
-2593
-2786
-2956
-2813
-2339
-1519
-658
32
490
777
1091
1170
1110
1034
948
1035
1030
1009
1092
1194
1211
1366
1850
2517
2909
3025
3033
3038
3004
2979
3033
3082
2835
2681
2683
2815
2836
2802
2863
2849
2830
2739
2396
2088
1916
1755
1607
1498
1511
1626
1686
1760
1923
2045
2129
2055
1926
1833
1766
1304
547
59
-58
235
1151
2557
3975
5021
5663
5877
5643
4865
3768
2377
991
-330
-1320
-1650
-1626
-1078
16
1336
2670
3714
4254
4379
4148
3382
2237
882
-539
-1776
-2507
-2737
-2567
-1766
-856
197
1057
1740
2204
2348
2207
1762
1029
-24
-1112
-2124
-2866
-3172
-2953
-2298
-1629
-773
-152
512
1263
1634
1550
990
403
-270
-1055
-1762
-2351
-2622
-2763
-2675
-2150
-1571
-1107
-655
-294
-356
-445
-714
-906
-1316
-1889
-2103
-2157
-2241
-2168
-2023
-1789
-1478
-968
-663
-739
-713
-627
-704
-936
-1262
-1506
-1779
-1787
-1476
-1382
-1463
-1324
-1248
-977
-824
-758
-718
-736
-598
-702
-1081
-1795
-2666
-3232
-3924
-4758
-5542
-6021
-6107
-5803
-5264
-4619
-4017
-3345
-2413
-1682
-1411
-1519
-1947
-2473
-3095
-3847
-4664
-5119
-5477
-5557
-5171
-4484
-3568
-2722
-1861
-1032
-430
-177
-128
-458
-960
-1367
-1705
-1978
-2267
-2420
-2204
-1799
-1336
-668
57
727
1255
1572
1747
1929
2037
1852
1736
1666
1552
1461
1463
1755
2141
2263
2601
3044
3340
3550
3510
3438
3608
3619
3622
3571
3389
3345
3322
3314
3379
3315
3315
3242
3122
3053
2880
2834
2761
2554
2238
2202
2239
2240
2399
2383
2393
2292
2223
2279
2259
2216
1738
1105
529
398
816
1463
2602
3918
5123
6046
6329
6030
5289
4305
2980
1591
436
-546
-1107
-1138
-861
46
1474
2823
3936
4727
5158
4892
4090
3102
1870
586
-526
-1517
-2114
-2071
-1631
-878
22
1154
2233
3020
3259
3055
2626
1793
885
-53
-1058
-1605
-1839
-1877
-1566
-991
-211
429
1219
1975
2256
2083
1763
1403
841
129
-664
-1191
-1520
-1703
-1506
-1312
-1018
-515
-82
293
496
524
401
64
-288
-689
-935
-1121
-1220
-1379
-1332
-1005
-685
-432
-114
271
314
108
-161
-325
-546
-781
-972
-1148
-1094
-918
-646
-484
-292
-94
-91
-2
217
355
381
191
-45
-574
-1304
-1901
-2696
-3551
-4485
-5115
-5219
-5062
-4749
-4327
-3585
-2585
-1728
-1006
-562
-424
-613
-1049
-1671
-2577
-3590
-4367
-4674
-4603
-4202
-3604
-2960
-2159
-1218
-376
233
477
481
408
156
-207
-676
-1023
-1440
-1673
-1570
-1151
-653
-22
553
1106
1459
1830
2049
2135
1917
1488
1212
1203
1236
1350
1728
2102
2531
2813
2818
2742
2321
1772
1311
843
549
498
661
1239
2069
2912
3774
4453
4686
4528
3805
2898
2041
1388
696
317
564
1286
2486
3717
4787
5739
6645
7073
7002
6564
5896
5124
4368
3572
2853
2367
2560
3219
4080
5471
7123
8702
9923
10330
10224
9412
8268
6699
4792
3141
1867
1072
863
1092
1821
2847
4060
5273
6137
6431
6140
5413
4562
3494
2098
856
-197
-1016
-1427
-1166
-353
362
1149
1987
2596
3100
3203
2813
2117
1316
466
-652
-1668
-2417
-2700
-2695
-2522
-1957
-1036
-232
394
990
1412
1377
1009
418
-255
-867
-1437
-1964
-2247
-2190
-1845
-1375
-822
-38
722
1105
1181
1441
1570
1342
931
630
508
410
411
597
690
887
1290
1722
2121
2317
2346
2222
1911
1646
1327
1102
1096
1063
997
793
701
972
1270
1537
1620
1552
1421
1231
1189
1098
855
542
-25
-858
-1851
-2904
-3686
-4103
-4353
-4541
-4462
-4027
-3443
-2768
-2105
-1482
-1132
-1011
-959
-1378
-2087
-2973
-3910
-4637
-5112
-5274
-5093
-4850
-4373
-3394
-2327
-1602
-1052
-666
-593
-894
-1456
-1943
-2594
-3236
-3838
-4029
-3894
-3806
-3558
-3044
-2385
-1683
-1108
-748
-537
-210
-198
-392
-604
-995
-1669
-2228
-2612
-2712
-2261
-1643
-1019
-347
342
1017
1372
1376
1139
752
287
-479
-1026
-1313
-1435
-1211
-880
-392
165
476
712
893
878
509
-117
-826
-1439
-2121
-2723
-3157
-3251
-2961
-2450
-1817
-1304
-1080
-1007
-1080
-1697
-2922
-4093
-5105
-5752
-5859
-5202
-3944
-2308
-540
650
1208
1059
255
-1053
-2883
-4631
-6250
-7730
-8556
-8489
-7674
-6302
-4619
-3004
-1565
-534
-39
-272
-1008
-2053
-3609
-5099
-6239
-7280
-7832
-7484
-6343
-5062
-3784
-2445
-1160
-177
257
162
-324
-1250
-2361
-3575
-4423
-4943
-5144
-4999
-4317
-3368
-2300
-1307
-431
278
690
903
757
232
-490
-1292
-2042
-2692
-2987
-2844
-2492
-1912
-1459
-967
-485
23
543
481
190
-171
-600
-1117
-1646
-1913
-2090
-2155
-1909
-1464
-1041
-420
-176
-86
-26
-106
-421
-622
-893
-1107
-1132
-1278
-1243
-1042
-883
-578
-276
-129
108
578
932
959
843
751
512
65
-474
-1232
-2178
-3023
-3435
-3656
-3699
-3441
-2718
-1943
-1152
-277
620
1390
1748
1761
1395
952
482
-156
-689
-1133
-1366
-1274
-743
18
957
1933
2848
3475
3854
4063
4006
3664
3144
2641
2113
1767
1486
1301
1323
1646
2121
2704
3153
3610
3901
4005
3847
3671
3623
3477
3223
2990
2708
2558
2558
2581
2743
3022
3363
3685
3715
3683
3674
3636
3534
3419
3273
3131
2983
2767
2725
2894
2995
2888
2804
2811
2710
2602
2467
2200
2022
1905
1807
1777
1792
1863
1970
2137
2386
2517
2451
2275
2162
2154
1922
1273
354
-259
-213
640
1699
2928
4146
5032
5605
5626
5024
4176
3078
1970
932
252
-151
-190
307
1299
2496
3644
4640
5321
5569
5497
4902
3872
2771
1708
850
83
-341
-278
254
1162
2219
3257
4068
4667
4820
4629
4093
3453
2724
1798
797
115
-252
-308
105
983
1878
2491
3172
3758
4135
4187
3798
3186
2716
2079
1293
661
393
415
644
893
1214
1761
2284
2662
2936
2959
2840
2510
2047
1633
1224
839
778
829
944
1142
1375
1582
1817
2111
2217
2201
2088
1865
1742
1355
1023
886
925
1161
1358
1556
1836
1968
2083
2273
2516
2577
2554
2467
2289
1951
1191
353
-263
-939
-1684
-2272
-2491
-2451
-1959
-1490
-903
-104
835
1581
1910
2023
1842
1339
687
-54
-753
-1221
-1466
-1340
-1087
-626
101
995
1818
2416
2767
2909
3084
2926
2493
1979
1391
776
14
-429
-347
-100
250
740
1366
1750
2005
2361
2352
2133
1881
1559
1218
886
746
602
527
493
559
829
1141
1262
1346
1614
1588
1531
1482
1362
1281
994
720
497
574
738
768
780
804
748
633
463
341
111
-167
-543
-726
-795
-778
-770
-884
-980
-855
-723
-803
-671
-443
-492
-784
-1289
-1849
-1991
-1837
-1065
83
1706
3153
4015
4487
4356
3708
2452
737
-1094
-2626
-3659
-4414
-4639
-4207
-3104
-1658
-67
1439
2670
3301
3334
2768
1685
309
-1305
-2848
-4066
-4761
-4905
-4671
-3795
-2582
-1322
-250
423
1014
1255
934
166
-767
-1810
-2936
-3931
-4612
-4797
-4481
-3882
-3087
-2105
-1159
-456
-40
257
211
-170
-769
-1454
-2118
-3016
-3716
-4002
-3858
-3419
-3009
-2640
-2174
-1605
-1241
-1034
-1241
-1512
-1809
-2234
-2495
-2580
-2624
-2558
-2458
-2042
-1570
-1207
-896
-640
-499
-478
-565
-585
-743
-921
-1135
-1230
-1204
-998
-823
-484
-175
93
252
439
602
753
904
911
711
307
-477
-1266
-1986
-2671
-3351
-3782
-4054
-4185
-3920
-3373
-2474
-1529
-701
91
680
942
810
498
-179
-1126
-1910
-2529
-3003
-3041
-2816
-2392
-1630
-841
62
859
1382
1756
1926
1512
923
388
-85
-687
-1297
-1553
-1534
-1330
-1056
-666
-191
454
986
1142
1236
1284
1254
1009
551
100
-51
-83
-66
-39
-4
285
462
584
783
959
1059
1260
1355
1274
1096
968
974
853
812
871
1005
1207
1343
1337
1236
1063
720
415
375
324
245
325
394
416
384
275
301
473
746
913
901
855
766
342
-101
-436
-409
149
