-5309
-5104
-4879
-4753
-4685
-4456
-4309
-4545
-4859
-5090
-5320
-5595
-5827
-5757
-5611
-5285
-5025
-4853
-4711
-4582
-4330
-4243
-4071
-4104
-4422
-4967
-5460
-6179
-7294
-8201
-8586
-9098
-9504
-9564
-9185
-8608
-8071
-7114
-5952
-5109
-4559
-4228
-4431
-4846
-5327
-6182
-6970
-7441
-7767
-7820
-7330
-6563
-5629
-4733
-3883
-2998
-2246
-1761
-1580
-1812
-2271
-2817
-3499
-4205
-4739
-5188
-5221
-4807
-4287
-3862
-3339
-2745
-2285
-2011
-1986
-2307
-2893
-3753
-4807
-5237
-5265
-5082
-4442
-3435
-2195
-1293
-1091
-1635
-2864
-4525
-6474
-8452
-10341
-11795
-12348
-12103
-11180
-9592
-7982
-6674
-5667
-5288
-5470
-6257
-7806
-9701
-11436
-12749
-13409
-13383
-12650
-11059
-8668
-6002
-3608
-1551
95
867
773
52
-1100
-2488
-4042
-5615
-6534
-6233
-4828
-2561
135
2979
5547
7194
7787
7510
6384
4452
1987
-935
-3973
-6564
-8250
-8802
-7985
-6125
-3879
-1687
199
1588
2284
1945
968
-736
-3049
-5609
-7942
-9745
-10893
-11257
-10841
-9682
-8191
-6297
-4687
-3696
-3261
-3412
-4023
-5359
-7304
-9351
-11185
-12468
-13383
-13676
-13317
-12308
-10909
-9622
-8210
-6895
-6041
-5754
-5992
-6882
-7986
-9219
-10281
-11338
-12170
-12615
-12598
-12219
-11415
-10367
-9224
-7984
-6955
-6202
-5780
-5521
-5227
-5197
-5167
-4982
-4739
-4450
-3915
-3246
-2718
-2282
-1870
-1389
-1122
-1072
-1134
-1401
-1716
-1832
-2039
-2175
-2063
-1900
-1855
-1746
-1472
-1344
-1462
-1537
-1705
-1983
-2174
-2453
-2769
-3150
-3652
-4247
-4948
-5612
-5826
-6105
-6293
-6403
-6267
-5689
-4994
-4460
-3697
-2917
-2534
-2678
-2985
-3520
-4304
-5337
-6425
-7267
-8015
-8590
-8884
-8694
-8000
-7396
-6601
-5603
-4867
-4457
-4463
-4676
-4667
-5077
-5864
-6327
-6439
-6319
-6077
-5669
-5022
-4162
-3392
-2620
-1681
-796
-141
243
525
832
967
916
461
-334
-1360
-2438
-3282
-4270
-5039
-5038
-4113
-2487
-517
1460
2942
4065
4859
4795
3825
2221
368
-1397
-2943
-3722
-3805
-3009
-1466
396
2270
4080
5593
6514
6576
5895
4702
3226
1586
148
-727
-1225
-936
313
1996
4028
5934
7033
7719
8129
8507
8719
8780
8637
8557
8540
8270
7681
7055
6395
5537
4392
3140
1964
812
7
-410
-404
83
936
2028
3325
4434
5128
5413
5355
4753
3731
2431
1077
-251
-1306
-2000
-2137
-1872
-1710
-1429
-865
-182
262
397
165
-257
-998
-1977
-3000
-3842
-4577
-5073
-5272
-5294
-5292
-5151
-4874
-4819
-4840
-4720
-4433
-4366
-4566
-4836
-5081
-5230
-5275
-5143
-4937
-4657
-4483
-4331
-4194
-4016
-3968
-4122
-4247
-4502
-4749
-4877
-4967
-4757
-4259
-3807
-3332
-2748
-2262
-1773
-1367
-1014
-866
-834
-1023
-1584
-2140
-2556
-2810
-2968
-3080
-2948
-2969
-2941
-2494
-1880
-1426
-1157
-1011
-942
-930
-1166
-1594
-2272
-3322
-4617
-6175
-7456
-8650
-9650
-10177
-10166
-9765
-9056
-8318
-7458
-6378
-5536
-4847
-4556
-4743
-5404
-6205
-7251
-8521
-9687
-10375
-10617
-10607
-10355
-9780
-8964
-8040
-7220
-6460
-6069
-5994
-6075
-6394
-7118
-7769
-8181
-8632
-9081
-9306
-8993
-8469
-7863
-7089
-6287
-5664
-5117
-4726
-4386
-4014
-3818
-3737
-3718
-3604
-3321
-3057
-2681
-2229
-2036
-1745
-1419
-1141
-982
-1020
-992
-989
-1044
-1210
-1501
-1751
-1794
-1765
-1677
-1501
-1368
-1365
-1628
-1849
-1859
-1981
-2010
-2174
-2517
-2792
-3072
-3190
-3198
-3146
-2857
-2576
-2462
-2431
-2354
-2252
-2275
-2660
-3349
-4055
-4540
-4772
-4490
-3508
-2297
-1229
-52
679
596
-175
-1460
-2956
-4489
-6102
-7556
-8443
-8796
-8583
-7584
-6181
-4769
-3348
-2362
-1932
-1851
-2302
-3284
-4669
-6080
-7400
-8702
-9530
-9738
-9352
-8436
-7084
-5756
-4753
-3732
-3059
-2889
-3160
-3809
-4557
-5658
-7140
-8357
-8967
-9136
-8804
-8092
-7316
-6317
-5264
-4408
-3870
-3662
-3519
-3568
-4102
-4899
-5682
-6347
-6672
-6883
-7051
-6827
-6383
-6010
-5675
-5158
-4820
-4663
-4673
-4930
-5280
-5817
-6386
-6825
-7015
-6882
-6695
-6470
-6170
-5815
-5525
-5404
-5448
-5567
-5767
-6098
-6372
-6541
-6780
-6839
-6745
-6733
-6628
-6251
-5866
-5651
-5430
-5318
-5216
-5089
-5103
-5157
-5428
-5878
-6666
-7522
-8524
-9565
-10446
-10952
-11104
-11064
-10754
-10143
-9295
-8204
-7170
-6323
-5814
-5675
-5765
-5983
-6740
-7714
-8689
-9479
-9996
-10148
-9974
-9467
-8438
-7385
-6322
-5143
-4228
-3714
-3596
-3680
-3831
-4312
-5018
-5467
-5746
-5928
-5844
-5451
-4724
-4137
-3501
-2739
-2072
-1618
-1183
-902
-747
-678
-791
-968
-1085
-1278
-1409
-1103
-820
-432
46
483
827
1114
1247
1379
1505
1448
1317
1189
1142
1233
1182
1252
1201
993
982
1076
905
588
358
258
173
55
-279
-520
-461
-234
-60
42
111
175
330
457
501
364
126
-338
-925
-1526
-1676
-1206
-214
1216
2621
3794
4706
5207
4851
3825
2527
1143
-217
-1535
-2532
-3094
-3164
-2544
-1284
173
1565
2507
3125
3448
3285
2513
1361
-38
-1439
-2490
-3302
-3682
-3599
-3003
-1978
-777
335
1174
1745
1994
1707
978
142
-856
-2000
-3045
-3774
-4108
-3981
-3564
-2989
-1973
-944
-306
83
246
124
-157
-747
-1371
-2143
-3067
-3695
-4091
-4151
-3795
-3362
-3033
-2442
-1893
-1467
-1305
-1462
-1658
-1881
-2325
-2823
-3242
-3453
-3470
-3378
-3157
-3080
-3110
-2801
-2372
-1921
-1914
-2086
-2234
-2607
-2841
-3055
-3472
-3555
-3459
-3433
-3034
-2545
-2261
-2306
-2402
-2272
-2190
-1985
-1949
-2061
-2326
-3099
-4041
-4956
-5771
-6635
-7228
-7627
-7946
-7828
-7316
-6739
-5922
-4979
-4084
-3342
-3005
-2996
-3427
-4133
-4990
-5990
-6747
-7297
-7399
-7437
-7096
-6315
-5429
-4639
-3672
-2848
-2241
-1892
-1813
-2038
-2571
-3182
-3942
-4351
-4591
-4801
-4603
-4085
-3409
-2757
-2207
-1487
-788
-521
-402
-383
-423
-555
-776
-1032
-1266
-1056
-769
-533
-306
-27
330
770
1094
1216
1282
1370
1362
1289
1342
1232
1062
885
896
1059
1023
805
792
814
672
406
49
-59
-138
-250
-325
-389
-453
-410
-192
-150
-165
-134
-34
-102
-289
-473
-858
-1371
-1979
-2444
-2353
-1694
-543
876
2205
3338
3876
3801
3133
2068
721
-886
-2300
-3340
-4251
-4634
-4362
-3405
-1941
-520
739
1487
1884
1802
1061
10
-1069
-2447
-4061
-5265
-5806
-5827
-5419
-4514
-3250
-2083
-1224
-542
-196
-99
-476
-1353
-2432
-3642
-4702
-5557
-6053
-6135
-5771
-5078
-4140
-3113
-2486
-1914
-1526
-1648
-1905
-2446
-3133
-3878
-4722
-5256
-5744
-6098
-6055
-5797
-5262
-4687
-4238
-3739
-3383
-3446
-3478
-3690
-4124
-4720
-5073
-5321
-5579
-5718
-5428
-5214
-5010
-4589
-4183
-3918
-3794
-3759
-3870
-4314
-4533
-4840
-5207
-5374
-5343
-5144
-4930
-4701
-4370
-4184
-4274
-3967
-3591
-3609
-3806
-4144
-4334
-4726
-5449
-6333
-7298
-8233
-8993
-9406
-9569
-9444
-8990
-8384
-7703
-6787
-5899
-5173
-4659
-4476
-4823
-5460
-6186
-7015
-7900
-8619
-9007
-9056
-8715
-7939
-7168
-6314
-5430
-4618
-3941
-3451
-3207
-3382
-3880
-4483
-4963
-5431
-5803
-5811
-5676
-5314
-4773
-3992
-3221
-2521
-1854
-1454
-1120
-827
-829
-927
-1118
-1269
-1368
-1478
-1297
-1057
-869
-568
-229
203
475
536
834
973
994
1009
1038
999
797
652
638
627
701
728
762
789
766
729
520
220
84
80
88
-138
-206
-90
-86
-101
-16
35
93
303
341
202
-109
-668
-1424
-1990
-2218
-1802
-1056
286
2000
3272
3732
3774
3419
2554
1447
255
-978
-2008
-2828
-3128
-3005
-2237
-993
529
1851
2570
2827
2598
2121
1260
116
-1189
-2346
-3304
-4050
-4297
-3908
-3100
-1879
-725
460
1290
1641
1568
1199
760
-35
-1099
-2225
-3288
-3871
-3950
-3563
-2885
-2041
-1203
-298
418
803
899
891
462
-297
-883
-1703
-2349
-2785
-3040
-3051
-2755
-2430
-1985
-1572
-1152
-765
-578
-605
-760
-1215
-1820
-2291
-2546
-2820
-2942
-2949
-2846
-2564
-2084
-1635
-1292
-1202
-1414
-1592
-1710
-1882
-2182
-2555
-2796
-2839
-2818
-2635
-2410
-2150
-1918
-1891
-1765
-1482
-1330
-1306
-1443
-1684
-2190
-2724
-3597
-4710
-5656
-6376
-6921
-7323
-7358
-6880
-6373
-5738
-4840
-3900
-2994
-2488
-2367
-2431
-2749
-3392
-4282
-5017
-5849
-6412
-6573
-6295
-5651
-4773
-3823
-3027
-2252
-1668
-1256
-1036
-1045
-1148
-1534
-2283
-2812
-3043
-3128
-3109
-2898
-2410
-1816
-1205
-618
46
582
988
1316
1381
1307
1111
928
718
572
470
521
710
1068
1428
1714
2025
2352
2508
2660
2720
2689
2587
2429
2315
2250
2319
2422
2351
2172
2120
2168
2084
2014
1907
1685
1387
1276
1106
990
1076
1211
1152
950
1054
1258
1275
1344
1363
1382
1112
661
24
-308
-338
258
1269
2580
4100
5452
6135
6036
5450
4470
3078
1497
-121
-1601
-2566
-2969
-2766
-2055
-798
701
2191
3361
4256
4654
4268
3283
1911
337
-1131
-2504
-3450
-3785
-3725
-3195
-2302
-1206
16
1168
1734
1794
1627
1181
285
-911
-2096
-3000
-3811
-4240
-4009
-3493
-2898
-2244
-1344
-604
-32
309
221
-150
-650
-1320
-2131
-3017
-3616
-3929
-3999
-3862
-3719
-3352
-2800
-2295
-1962
-1752
-1757
-1921
-2095
-2543
-3069
-3396
-3677
-3690
-3465
-3256
-3083
-2674
-2171
-1813
-1800
-1757
-1739
-1997
-2530
-2848
-2999
-3063
-3120
-3080
-3030
-2759
-2444
-2173
-2006
-1885
-1672
-1411
-1489
-1699
-1976
-2311
-2787
-3541
-4312
-5323
-6431
-7181
-7414
-7492
-7371
-6870
-6074
-5055
-4144
-3389
-2800
-2405
-2448
-2894
-3565
-4556
-5545
-6291
-6688
-6858
-6970
-6621
-5964
-5201
-4334
-3345
-2581
-1920
-1521
-1615
-2051
-2561
-3156
-3884
-4439
-4651
-4613
-4454
-4034
-3443
-2766
-2248
-1612
-841
-308
-157
-158
-163
-213
-428
-631
-698
-707
-643
-500
-335
16
407
923
1247
1419
1548
1664
1677
1582
1498
1420
1517
1614
1583
1638
1664
1524
1497
1517
1521
1416
1124
887
699
497
435
413
528
543
520
546
724
775
718
890
927
605
70
-512
-1116
-1516
-1465
-760
304
1646
3066
3996
4300
4071
3373
2455
1391
98
-1328
-2586
-3404
-3495
-2981
-1982
-675
870
2154
2940
3306
3088
2321
1304
89
-1180
-2581
-3852
-4420
-4253
-3682
-2982
-1940
-927
47
968
1477
1537
1213
481
-586
-1682
-2758
-3655
-3861
-3696
-3513
-3043
-2198
-1176
-181
406
857
983
598
-8
-781
-1478
-2120
-2633
-3207
-3478
-3366
-2914
-2379
-1967
-1503
-1059
-713
-630
-737
-862
-1221
-1696
-2190
-2680
-2856
-2677
-2457
-2296
-2080
-1899
-1598
-1304
-1276
-1473
-1722
-1874
-2007
-2216
-2519
-2625
-2626
-2608
-2506
-2264
-1922
-1657
-1617
-1527
-1414
-1417
-1405
-1419
-1734
-2284
-2801
-3756
-4969
-5974
-6511
-6928
-7224
-7159
-6824
-6056
-5093
-4162
-3341
-2630
-2115
-1938
-2256
-2826
-3422
-4222
-4985
-5590
-5936
-6061
-5923
-5386
-4587
-3565
-2435
-1559
-952
-619
-593
-529
-843
-1453
-2063
-2555
-2690
-2743
-2782
-2433
-1906
-1317
-595
94
812
1318
1608
1849
1847
1671
1600
1384
1094
1010
1209
1447
1744
1976
2428
2913
3222
3337
3349
3520
3724
3897
3791
3537
3356
3369
3359
3145
3155
3339
3453
3287
3261
3137
2881
2531
2540
2679
2562
2329
2227
2256
2126
2128
2443
2637
2531
2400
2344
2337
2105
1497
749
313
380
1065
2127
3321
4774
5870
6349
6309
5765
4855
3628
2196
900
-79
-909
-1305
-1079
-414
722
2154
3519
4566
5118
4897
4284
3418
2298
1042
-378
-1252
-1807
-2253
-2097
-1301
-143
1000
2001
2824
3187
3128
2817
2255
1325
237
-811
-1758
-2313
-2464
-2341
-1788
-872
-40
723
1242
1752
1903
1719
1298
669
-22
-734
-1582
-2272
-2443
-2349
-2196
-1964
-1542
-1020
-466
-147
-200
-78
-117
-552
-1170
-1640
-1998
-2317
-2323
-2185
-1785
-1525
-1288
-967
-735
-566
-463
-438
-718
-1181
-1529
-1644
-1771
-1952
-1930
-1723
-1331
-1086
-962
-932
-831
-723
-649
-717
-744
-957
-1484
-2101
-2758
-3746
-4905
-5743
-6210
-6514
-6428
-5962
-5201
-4505
-3837
-3043
-2425
-1801
-1492
-1637
-2102
-2812
-3463
-4175
-5082
-5788
-6031
-5760
-5204
-4483
-3628
-2714
-1844
-1173
-824
-605
-551
-838
-1235
-1871
-2599
-3125
-3151
-3080
-2826
-2275
-1764
-1221
-498
185
692
1151
1290
1184
1071
903
739
612
576
521
553
874
1234
1633
2134
2400
2660
2910
2997
3036
2910
2766
2719
2783
2783
2651
2589
2540
2444
2436
2449
2447
2337
2096
1958
1824
1620
1549
1613
1675
1687
1721
1716
1681
1740
1885
2081
2238
2000
1651
1123
421
-140
-264
58
878
2019
3510
4840
5730
5925
5490
4638
3584
2408
1019
-510
-1676
-2053
-1917
-1371
-414
829
2169
3242
3817
4170
4113
3425
2221
863
-525
-1798
-2643
-3133
-3107
-2391
-1536
-401
683
1406
2166
2531
2408
1769
900
-152
-1212
-2133
-2856
-3119
-3100
-2584
-1861
-917
9
728
1308
1421
1311
934
267
-472
-1231
-1819
-2314
-2766
-2849
-2743
-2377
-1862
-1417
-912
-384
-183
-315
-499
-843
-1280
-1611
-1879
-2042
-2147
-2109
-2017
-1864
-1474
-1148
-906
-759
-667
-716
-881
-1107
-1241
-1459
-1858
-2081
-2130
-2059
-1868
-1434
-1147
-943
-760
-596
-538
-420
-464
-718
-1062
-1731
-2520
-3296
-4209
-5156
-5971
-6313
-6342
-6167
-5776
-5133
-4127
-3142
-2252
-1618
-1342
-1327
-1596
-2152
-3081
-4027
-4731
-5156
-5459
-5470
-5244
-4665
-3690
-2667
-1705
-903
-379
-58
-100
-318
-679
-1205
-1670
-2187
-2499
-2440
-2179
-1842
-1353
-748
-126
550
1179
1667
1910
2052
1942
1810
1693
1456
1395
1577
1740
1824
2125
2480
2847
3070
3416
3674
3756
3796
3790
3818
3784
3622
3505
3426
3379
3270
3181
3187
3237
3284
3233
3113
2973
2749
2717
2731
2557
2300
2245
2281
2382
2521
2555
2754
2754
2788
2686
2235
1778
1294
836
643
814
1457
2568
3883
5158
6154
6632
6417
5686
4766
3622
2409
1109
-104
-771
-919
-586
344
1644
3051
4099
4735
4985
4792
4364
3373
2091
678
-687
-1575
-1993
-2034
-1534
-741
254
1309
2293
2982
3292
3215
2764
2047
1213
273
-754
-1490
-1876
-1902
-1700
-1330
-502
582
1414
1818
2239
2172
1857
1558
937
229
-568
-1205
-1551
-1854
-1773
-1322
-902
-477
58
484
618
659
490
124
-241
-687
-1061
-1446
-1600
-1499
-1264
-836
-497
-113
82
181
138
82
74
-75
-547
-1034
-1176
-1105
-939
-857
-687
-376
-156
21
51
40
176
289
340
125
-273
-772
-1485
-2275
-3171
-4096
-4688
-5075
-5360
-5337
-4976
-4257
-3313
-2398
-1566
-1071
-732
-548
-809
-1220
-1761
-2505
-3454
-4149
-4619
-4677
-4418
-3789
-3082
-2199
-1321
-518
181
587
718
542
331
-117
-792
-1213
-1514
-1816
-1906
-1500
-947
-355
288
750
1350
1752
1969
2075
1870
1530
1289
1050
1006
1282
1716
2135
2457
2699
2629
2359
1817
1214
647
257
211
429
661
1137
1884
2622
3564
4167
4246
3968
3513
2781
1921
991
340
185
444
1007
2004
3315
4655
5614
6343
6933
7064
6670
5925
5099
4278
3457
2856
2488
2428
2932
4007
5339
6850
8506
9711
10140
9988
9381
8187
6576
4725
2973
1623
710
387
614
1450
2510
3790
4948
5639
5946
5783
5415
4460
3103
1753
541
-461
-1361
-1773
-1738
-1328
-657
333
1344
2175
2521
2503
2339
1731
967
157
-723
-1612
-2539
-3243
-3417
-3103
-2521
-1731
-774
29
654
962
761
481
72
-500
-1270
-2025
-2532
-2712
-2593
-2307
-1831
-1128
-435
169
652
1009
1193
1059
941
707
356
66
-55
43
252
617
788
1107
1584
1799
2022
2086
1898
1668
1427
1282
1085
775
586
483
663
930
1035
1086
1193
1269
1363
1381
1267
1207
935
557
228
-257
-1200
-2174
-3009
-3725
-4326
-4928
-5017
-4732
-4176
-3341
-2643
-1910
-1358
-944
-804
-1065
-1514
-2074
-2980
-3914
-4599
-5223
-5691
-5605
-5209
-4484
-3534
-2618
-1785
-1024
-711
-796
-1055
-1372
-1844
-2450
-3183
-3684
-3904
-3929
-3936
-3772
-3276
-2482
-1620
-1086
-792
-299
60
122
13
-428
-1062
-1595
-1905
-2174
-2224
-2054
-1542
-740
-33
575
1100
1421
1456
1128
656
127
-485
-1129
-1604
-1836
-1697
-1257
-652
-47
371
804
927
679
370
-82
-733
-1486
-2197
-2745
-3175
-3229
-2838
-2330
-1887
-1420
-1082
-949
-1060
-1676
-2852
-4315
-5464
-6030
-5862
-5138
-3852
-2253
-718
572
1338
1349
605
-677
-2451
-4307
-5895
-7271
-8203
-8290
-7621
-6488
-4876
-3077
-1496
-420
63
38
-523
-1629
-3056
-4666
-6093
-7154
-7589
-7191
-6358
-5088
-3685
-2548
-1494
-609
-26
221
-161
-1104
-2214
-3279
-4245
-4936
-5100
-4979
-4630
-3710
-2445
-1336
-359
289
767
895
559
129
-450
-1264
-2105
-2787
-3012
-2983
-2908
-2514
-1885
-1228
-692
-305
131
342
194
-124
-736
-1322
-1739
-1892
-2053
-2091
-1810
-1369
-860
-549
-458
-213
26
-10
-242
-435
-721
-1091
-1393
-1380
-1184
-1020
-846
-545
-311
-156
242
575
811
773
728
745
512
-26
-730
-1510
-2383
-3139
-3759
-4026
-3909
-3598
-3080
-2245
-1192
-160
625
1170
1584
1923
1810
1170
514
-10
-606
-1238
-1439
-1245
-758
-165
755
1761
2723
3402
3803
4130
4016
3596
3043
2557
2116
1621
1202
987
1217
1664
2207
2780
3310
3839
4063
4236
4243
4095
3729
3348
3016
2733
2605
2557
2412
2502
2799
3026
3246
3428
3574
3581
3678
3752
3793
3646
3442
3215
3060
3089
2989
2864
2873
2883
2868
2868
2739
2561
2461
2310
2158
1840
1662
1740
1905
1951
1896
1977
2135
2222
2250
2345
2300
2083
1663
1043
236
-474
-792
-566
159
1454
2921
3933
4392
4523
4172
3587
2622
1594
776
147
-144
-43
548
1388
2489
3689
4710
5253
5388
5132
4440
3493
2515
1350
393
-339
-591
-219
509
1316
2434
3625
4379
4863
5222
5061
4585
3842
3045
2105
1183
680
549
597
852
1539
2457
3400
4167
4781
5031
4902
4445
3915
3324
2563
1842
1260
898
711
924
1372
1887
2537
3185
3672
3752
3555
3277
2972
2550
2043
1591
1218
906
758
803
812
930
1224
1543
1786
1976
1885
1811
1722
1473
1211
942
717
722
829
1001
1259
1578
1706
1698
1796
2001
2145
2054
1914
1801
1455
718
-91
-799
-1441
-2018
-2352
-2589
-2691
-2436
-1821
-1023
-281
580
1311
1854
1885
1559
1228
459
-300
-829
-1345
-1741
-1990
-1690
-903
-109
772
1721
2412
2921
3105
3143
2934
2450
1951
1409
801
277
11
122
467
683
877
1449
2101
2555
2699
2681
2578
2235
1824
1409
932
666
546
496
488
525
807
1047
1192
1327
1470
1402
1359
1364
1208
1141
990
827
708
532
346
308
346
451
248
118
-13
-394
-496
-585
-778
-1034
-1187
-1256
-1094
-941
-971
-1146
-1282
-1217
-1046
-950
-918
-1245
-1721
-1784
-1357
-651
295
1624
3081
4468
5397
5677
5271
4258
2617
581
-1513
-3419
-4993
-5902
-6014
-5471
-4143
-2243
-79
1843
3243
4099
4453
4029
2748
1148
-570
-2372
-4021
-5257
-5684
-5432
-4685
-3527
-2215
-830
371
1150
1385
1088
453
-526
-1886
-3242
-4488
-5422
-5844
-5929
-5508
-4550
-3467
-2385
-1496
-772
-264
-247
-680
-1214
-1632
-2288
-3191
-3934
-4245
-4458
-4397
-4022
-3526
-2986
-2743
-2711
-2406
-2164
-2162
-2335
-2653
-2706
-2925
-3016
-2890
-2708
-2282
-1862
-1295
-738
-594
-556
-431
-509
-730
-849
-920
-1028
-1088
-955
-830
-574
-97
378
651
828
978
1192
1348
1392
1351
1133
658
-67
-712
-1436
-2397
-3043
-3389
-3809
-3779
-3370
-2737
-1821
-910
46
673
987
1215
1212
848
291
-557
-1362
-2159
-2939
-3276
-3078
-2575
-1910
-1007
-51
700
1293
1599
1624
1441
1004
393
-144
-722
-1486
-2079
-2221
-2087
-1590
-974
-459
-112
299
708
1116
1105
858
449
146
-106
-279
-274
-371
-490
-296
-52
261
522
912
1223
1348
1347
1343
1560
1522
1263
1022
1013
987
1099
1197
1242
1263
1226
1049
985
927
755
592
379
290
237
232
144
280
570
685
710
722
763
834
824
626
84
-573
-1129
-1303
-1057
