-4876
-4533
-4354
-4020
-3684
-3615
-3717
-3939
-4185
-4328
-4486
-4657
-4667
-4627
-4510
-4065
-3668
-3450
-3240
-3227
-3082
-3085
-3159
-3089
-3222
-3792
-4391
-5181
-6220
-7261
-8020
-8329
-8483
-8423
-8069
-7451
-6796
-5877
-4964
-4185
-3504
-3220
-3337
-3776
-4384
-5047
-5920
-6557
-7007
-7170
-7004
-6595
-5767
-4434
-3283
-2655
-2221
-1802
-1726
-2117
-2557
-2927
-3529
-4160
-4897
-5358
-5332
-5103
-4842
-4422
-3798
-3128
-2603
-2426
-2528
-2901
-3520
-4316
-5030
-5362
-5561
-5384
-4544
-3392
-2098
-1136
-943
-1495
-2643
-4239
-6169
-8144
-9966
-11390
-11959
-11662
-10561
-9157
-7555
-6040
-4955
-4658
-5028
-5850
-7260
-9018
-10761
-12306
-13233
-13211
-12394
-10890
-8546
-5611
-2929
-919
453
1216
1253
612
-536
-2042
-3730
-5341
-6646
-7049
-6373
-4659
-2116
625
3389
5538
6686
6640
5675
4056
2068
-126
-2384
-4186
-5645
-6364
-5978
-4992
-3390
-1611
-211
559
784
375
-657
-2348
-4592
-6785
-8651
-9990
-10507
-10332
-9445
-8110
-6571
-5137
-4067
-3320
-3214
-3641
-4481
-5873
-7333
-8883
-10583
-11805
-12285
-12245
-11612
-10584
-9130
-7649
-6451
-5500
-4841
-4659
-5256
-6247
-7438
-8869
-9939
-10830
-11547
-11724
-11276
-10587
-9602
-8340
-6960
-5780
-4876
-4275
-3803
-3647
-3548
-3666
-3837
-3865
-3780
-3409
-3106
-2832
-2295
-1728
-1270
-885
-572
-287
-311
-722
-1128
-1444
-1558
-1682
-1660
-1823
-1928
-1972
-2009
-1922
-1997
-2058
-2242
-2560
-2703
-3038
-3413
-3709
-4183
-4833
-5637
-6261
-6610
-6820
-7050
-7161
-7003
-6416
-5701
-4935
-4313
-3677
-3228
-3145
-3484
-4137
-4993
-5815
-6496
-7309
-8037
-8517
-8488
-8127
-7556
-6853
-6173
-5338
-4585
-4039
-3894
-4010
-4298
-4704
-5090
-5361
-5566
-5551
-5271
-4805
-4037
-3257
-2334
-1264
-402
336
870
1156
1401
1530
1705
1682
1508
812
-186
-1129
-2180
-3253
-4021
-4264
-3355
-1812
-6
2031
3740
4825
5381
5279
4352
2846
1038
-820
-2622
-3996
-4369
-3764
-2409
-524
1380
3339
4878
5784
6077
5568
4375
2745
943
-640
-1724
-2257
-1958
-802
960
2903
4675
6122
6852
7027
6563
6141
5800
5701
5936
6262
6653
6704
6484
6120
5722
4998
3936
2778
1580
585
-4
-286
-1
503
1197
2214
3126
3883
4351
4307
3835
3029
1880
685
-639
-1609
-2184
-2445
-2447
-1926
-1082
-194
509
1012
1418
1525
1185
488
-495
-1567
-2515
-3362
-3938
-4163
-4107
-3978
-3917
-3816
-3672
-3536
-3511
-3420
-3504
-3725
-4006
-4343
-4721
-5078
-5106
-4841
-4450
-4159
-3916
-3632
-3403
-3235
-3178
-3225
-3331
-3554
-3837
-4011
-4004
-3954
-3765
-3486
-3126
-2582
-1976
-1521
-1116
-935
-873
-1096
-1499
-1832
-2164
-2588
-2801
-2972
-3084
-3106
-2893
-2675
-2760
-2739
-2410
-2082
-1906
-1980
-2090
-2414
-3107
-4161
-5576
-7069
-8331
-9394
-10198
-10859
-11052
-10665
-9824
-8858
-7649
-6585
-5767
-5104
-4785
-4990
-5508
-6404
-7407
-8337
-9206
-9794
-10082
-9923
-9608
-8987
-8122
-7328
-6644
-6053
-5644
-5432
-5502
-5765
-6216
-6982
-7659
-7970
-8078
-8198
-8137
-7629
-6890
-6098
-5382
-4650
-4043
-3601
-3504
-3404
-3044
-2749
-2563
-2625
-2564
-2396
-2117
-1695
-995
-539
-256
-260
-247
-139
-166
-309
-423
-667
-997
-1195
-1154
-1209
-1247
-1217
-1221
-1211
-1427
-1585
-1672
-1835
-1967
-2170
-2579
-2847
-3016
-3123
-3096
-2884
-2719
-2805
-2809
-2663
-2374
-2288
-2438
-2768
-3414
-4078
-4402
-4304
-3692
-2651
-1327
-92
757
1208
1107
509
-744
-2310
-3975
-5660
-6830
-7724
-8152
-7830
-6953
-5656
-4230
-2877
-1899
-1426
-1498
-1988
-2898
-4303
-5831
-7334
-8598
-9363
-9480
-8951
-7919
-6489
-5083
-3879
-3071
-2458
-2146
-2397
-2880
-3849
-5348
-6818
-7760
-8135
-8232
-8083
-7593
-6650
-5503
-4611
-3844
-3234
-2977
-3022
-3312
-3851
-4681
-5438
-6087
-6557
-6917
-6996
-6803
-6435
-5846
-5264
-4883
-4548
-4395
-4603
-4922
-5347
-5765
-6162
-6502
-6820
-6796
-6472
-6127
-5890
-5689
-5382
-5267
-5339
-5260
-5455
-5868
-6271
-6340
-6331
-6536
-6716
-6746
-6443
-6163
-5952
-5709
-5521
-5440
-5430
-5367
-5367
-5430
-5592
-6058
-6878
-7726
-8617
-9710
-10746
-11309
-11555
-11547
-10923
-10078
-9208
-8107
-7100
-6283
-5666
-5250
-5293
-5944
-6937
-7886
-8574
-9003
-9280
-9520
-9536
-8906
-7923
-6754
-5744
-4799
-3944
-3480
-3389
-3591
-3847
-4305
-4868
-5506
-5892
-6039
-5907
-5623
-5304
-4676
-3841
-2975
-2497
-2025
-1613
-1370
-1201
-1183
-1342
-1452
-1490
-1515
-1460
-1334
-958
-534
-85
239
579
946
1284
1451
1405
1219
1122
1060
1041
872
797
835
759
954
942
706
415
266
136
38
-258
-605
-660
-624
-696
-659
-520
-433
-240
-52
27
-41
-111
-75
-111
-591
-1160
-1584
-1605
-956
222
1573
3057
4245
4964
5115
4605
3637
2349
1013
-375
-1650
-2618
-3303
-3332
-2746
-1652
-209
1313
2420
3052
3170
2769
2033
864
-452
-1784
-3044
-3892
-4164
-3889
-3134
-2080
-924
38
1010
1724
1873
1688
1100
215
-1042
-2384
-3228
-3766
-4165
-4157
-3641
-2836
-1951
-1209
-529
-5
93
-141
-516
-1053
-1787
-2626
-3389
-3799
-4045
-4069
-4009
-3750
-3323
-2817
-2174
-1666
-1562
-1752
-2076
-2395
-2518
-2703
-2928
-3179
-3398
-3352
-3138
-2903
-2552
-2139
-1900
-1923
-2120
-2174
-2163
-2408
-2764
-3024
-3106
-3220
-3232
-3153
-3058
-2875
-2763
-2639
-2447
-2329
-2321
-2156
-2066
-2178
-2584
-3254
-4147
-5139
-6207
-6954
-7728
-8336
-8315
-7917
-7369
-6453
-5528
-4660
-4050
-3573
-3296
-3298
-3543
-4157
-4933
-5767
-6630
-7282
-7593
-7422
-6845
-5948
-5046
-4281
-3420
-2676
-2202
-1942
-1884
-2089
-2530
-3155
-3865
-4430
-4749
-4712
-4548
-4222
-3604
-2887
-2163
-1547
-957
-443
-264
-373
-501
-639
-905
-1079
-1139
-1195
-1046
-568
-145
219
638
988
1236
1386
1485
1515
1582
1644
1555
1381
1272
1216
1348
1245
952
875
977
1046
867
499
284
194
-100
-414
-501
-392
-414
-435
-409
-353
-237
-159
-201
-252
-199
-321
-686
-1292
-1923
-2234
-2019
-1160
76
1616
3131
4151
4612
4344
3499
2320
831
-620
-2022
-3118
-3835
-4191
-3943
-2893
-1364
-147
912
1619
2066
2107
1478
366
-1195
-2797
-4223
-5122
-5727
-5724
-4987
-3927
-2765
-1646
-666
-11
231
110
-382
-1115
-2012
-3150
-4420
-5345
-5658
-5545
-5057
-4327
-3590
-2870
-2066
-1398
-1026
-1103
-1508
-2083
-2732
-3740
-4685
-5254
-5577
-5713
-5515
-5242
-5040
-4415
-3939
-3715
-3432
-3159
-3236
-3569
-4039
-4347
-4794
-5070
-4996
-5045
-5077
-4840
-4418
-4065
-3836
-3622
-3543
-3731
-3888
-3990
-4111
-4319
-4533
-4801
-4982
-4871
-4619
-4355
-4101
-3942
-3999
-4033
-3788
-3506
-3569
-3842
-4362
-4868
-5539
-6681
-7869
-8645
-9373
-9761
-9679
-9591
-9226
-8650
-7928
-6911
-5794
-4974
-4515
-4518
-4631
-5172
-6084
-7088
-7998
-8549
-8903
-9050
-8785
-7969
-7069
-6223
-5313
-4483
-3808
-3341
-3256
-3327
-3714
-4319
-4789
-5289
-5591
-5537
-5485
-5059
-4505
-3941
-3275
-2476
-1706
-1239
-1005
-914
-894
-982
-1149
-1305
-1423
-1407
-1232
-1034
-619
-213
239
634
785
905
1015
1152
1177
1145
985
790
757
901
1019
972
950
1020
948
791
572
501
404
106
-186
-381
-467
-529
-602
-542
-408
-207
-73
66
90
112
192
119
-247
-1059
-2128
-3109
-3769
-3712
-2881
-1709
-396
641
1366
1546
1229
550
-90
-779
-1761
-2617
-3057
-3103
-2751
-1841
-661
378
1177
1810
2049
1689
782
-254
-1253
-2195
-3012
-3662
-3941
-3620
-3044
-2171
-838
373
1275
1802
2087
2079
1693
925
-86
-1099
-1696
-2134
-2450
-2390
-2061
-1382
-473
351
1055
1328
1484
1688
1576
937
101
-757
-1490
-1990
-2149
-2139
-2091
-1838
-1413
-786
-211
247
449
412
175
-236
-875
-1305
-1623
-2058
-2498
-2813
-2847
-2744
-2757
-2670
-2412
-2207
-2012
-1922
-2051
-2288
-2653
-2954
-3361
-3588
-3565
-3438
-3449
-3617
-3532
-3329
-3283
-3344
-3115
-2866
-2744
-2789
-3029
-3521
-4195
-4964
-5878
-6790
-7587
-8153
-8468
-8463
-8101
-7443
-6526
-5537
-4514
-3800
-3469
-3298
-3248
-3590
-4223
-4925
-5618
-6322
-6828
-6884
-6632
-5988
-5048
-4056
-3110
-2273
-1454
-1040
-795
-655
-952
-1463
-2022
-2506
-2897
-3060
-2989
-2550
-1784
-1099
-500
138
747
1321
1539
1548
1419
1277
1196
1129
975
890
867
1108
1353
1578
2074
2403
2644
2766
2701
2885
2938
2785
2524
2329
2277
2261
2145
2111
2104
1981
2086
2056
1843
1733
1560
1269
1024
903
901
760
558
552
524
557
683
797
917
1014
1136
1199
1227
968
819
1034
1746
2868
4368
5964
7196
7995
8364
8052
7057
5415
3232
997
-1072
-2884
-4326
-4751
-4087
-2772
-1070
929
3162
5074
6053
6367
5941
4653
2947
1018
-880
-2725
-4154
-4971
-5127
-4343
-3049
-1423
-71
1046
1934
2307
2303
1772
730
-687
-2350
-3656
-4768
-5601
-5861
-5478
-4842
-4012
-2849
-1617
-620
-84
134
-55
-753
-1589
-2181
-3008
-3953
-4618
-4964
-5102
-4943
-4694
-4529
-4172
-3854
-3481
-3225
-3263
-3381
-3592
-3727
-3791
-3788
-3743
-3423
-2927
-2296
-2043
-1808
-1461
-1175
-1240
-1442
-1661
-1960
-2220
-2418
-2602
-2473
-2233
-2060
-1797
-1398
-1112
-1017
-924
-714
-539
-347
-404
-988
-1623
-2360
-3188
-3997
-4963
-5764
-6465
-6903
-6847
-6567
-6055
-5389
-4553
-3502
-2597
-1948
-1804
-1910
-2195
-2700
-3620
-4809
-5787
-6605
-7142
-7090
-6703
-6105
-5277
-4255
-3339
-2674
-2279
-1963
-1973
-2492
-3170
-3750
-4288
-4892
-5297
-5501
-5327
-4892
-4475
-4053
-3285
-2518
-1872
-1330
-1032
-774
-707
-758
-893
-1151
-1311
-1201
-1023
-937
-765
-223
323
617
1005
1344
1631
1638
1620
1714
1702
1565
1361
1420
1470
1478
1554
1604
1706
1635
1520
1276
1066
936
679
490
387
333
390
660
881
899
850
1050
1288
1309
1162
842
334
-407
-1126
-1529
-1692
-1433
-640
511
1488
2097
2533
2565
2058
1085
-242
-1467
-2624
-3607
-4155
-3825
-3020
-1822
-406
1055
2255
2971
3152
2952
2191
921
-651
-2217
-3674
-4734
-5264
-5275
-4748
-3581
-2261
-806
560
1515
1915
1934
1678
988
132
-895
-1943
-2751
-3233
-3283
-2957
-2287
-1269
-152
838
1408
1697
1723
1538
1065
437
-374
-1168
-1848
-2248
-2555
-2434
-2074
-1736
-1170
-656
-136
274
493
464
180
-227
-615
-967
-1311
-1598
-1789
-1768
-1534
-1237
-1151
-1199
-1109
-1167
-1258
-1585
-1862
-2139
-2542
-2792
-2994
-2997
-2850
-2699
-2513
-2309
-2318
-2316
-2169
-2107
-2266
-2475
-2545
-2793
-3397
-4341
-5283
-6214
-7044
-7891
-8349
-8374
-8212
-7814
-7113
-6159
-5242
-4384
-3624
-3132
-2942
-3063
-3645
-4399
-5341
-6076
-6627
-6902
-6754
-6286
-5648
-4745
-3634
-2587
-1689
-987
-392
-110
-312
-825
-1503
-1966
-2334
-2598
-2598
-2452
-2171
-1596
-818
-52
647
1381
1895
2240
2340
2377
2167
1864
1763
1661
1634
1599
1694
2025
2387
2812
3192
3373
3607
3583
3656
3666
3542
3448
3356
3155
2984
2964
3059
3122
3153
3015
2759
2590
2390
2147
1951
1801
1774
1603
1549
1541
1395
1302
1321
1527
1616
1700
1826
1847
1684
1312
760
186
-192
-166
294
1448
3048
4515
5643
6119
6072
5591
4756
3505
2120
837
-338
-1064
-1343
-1131
-289
882
2396
3664
4535
4995
4921
4364
3451
2213
953
-272
-1315
-2043
-2236
-1821
-980
143
1129
2174
2923
3440
3453
3126
2532
1565
593
-533
-1434
-1947
-2253
-2182
-1627
-759
172
959
1622
1993
1889
1715
1146
386
-211
-818
-1507
-2189
-2655
-2727
-2348
-1775
-1244
-892
-573
-204
-123
-391
-712
-1084
-1404
-1689
-2159
-2416
-2428
-2231
-1888
-1613
-1351
-1118
-681
-533
-686
-962
-1091
-1145
-1464
-1744
-1896
-1963
-1987
-1844
-1607
-1217
-962
-876
-903
-714
-522
-535
-610
-917
-1417
-2016
-2801
-3750
-4731
-5631
-6323
-6683
-6606
-6040
-5347
-4612
-3781
-2847
-2014
-1401
-1258
-1401
-1770
-2424
-3240
-4090
-4658
-5070
-5291
-5141
-4722
-4067
-3188
-2231
-1442
-814
-553
-486
-476
-929
-1491
-1968
-2401
-2627
-2912
-3013
-2955
-2563
-1740
-840
-77
339
652
927
1035
1034
1081
942
729
507
506
695
950
1196
1575
1955
2323
2624
2899
2911
2973
3101
3153
2949
2605
2585
2726
2666
2527
2436
2541
2649
2580
2482
2384
2237
2056
1813
1558
1446
1476
1528
1524
1523
1748
1916
1948
2012
1862
1740
1668
1379
896
408
56
-136
254
1301
2719
4336
5610
6313
6429
6062
5187
3800
2299
860
-386
-1225
-1707
-1666
-976
189
1533
2729
3685
4343
4479
4080
3156
2086
905
-466
-1880
-2893
-3175
-2915
-2202
-1185
-67
1016
1909
2468
2649
2293
1686
858
-164
-1349
-2188
-2769
-3076
-3101
-2623
-1836
-858
38
812
1351
1584
1346
868
160
-561
-1173
-1941
-2465
-2769
-2896
-2560
-2143
-1733
-1291
-784
-300
-174
-301
-570
-858
-1245
-1574
-1827
-1980
-2049
-1910
-1800
-1635
-1278
-927
-532
-259
-149
-220
-462
-816
-1134
-1432
-1631
-1686
-1611
-1615
-1506
-1270
-1065
-881
-815
-547
-303
-354
-448
-652
-1207
-1975
-2730
-3521
-4421
-5311
-6113
-6647
-6621
-6251
-5739
-4984
-4105
-3360
-2584
-2079
-1837
-1773
-1978
-2565
-3370
-4107
-4830
-5319
-5557
-5481
-5044
-4265
-3287
-2449
-1550
-716
-136
104
13
-290
-591
-1206
-1923
-2329
-2465
-2343
-2163
-1930
-1418
-586
211
780
1317
1745
1985
2107
2044
2002
1999
1956
1848
1825
1781
1970
2329
2611
3010
3408
3789
3984
4001
3960
3984
3870
3656
3533
3434
3350
3133
3037
3039
3189
3192
2979
2790
2764
2668
2543
2410
2399
2352
2091
1970
2008
2036
2136
2277
2309
2279
2300
2477
2335
1706
1072
739
643
803
1648
2892
4294
5547
6175
6380
6174
5582
4589
3274
1891
529
-447
-1027
-1119
-752
154
1401
2759
3975
4774
5039
4712
3848
2814
1558
263
-1061
-2136
-2573
-2534
-2122
-1121
142
1247
2167
2933
3331
3115
2625
1997
1131
248
-711
-1709
-2338
-2387
-1883
-999
-156
649
1434
1780
2089
2293
2022
1509
684
-233
-984
-1564
-1921
-2008
-1960
-1771
-1276
-885
-372
4
292
308
74
-196
-540
-926
-1280
-1421
-1476
-1470
-1249
-883
-694
-492
-106
32
153
134
-4
-223
-456
-764
-897
-984
-1148
-1215
-978
-562
-231
-151
-211
-302
-198
-63
-6
-70
-322
-839
-1675
-2865
-3706
-4400
-5071
-5573
-5862
-5780
-5374
-4512
-3566
-2650
-1839
-1361
-866
-709
-905
-1357
-2050
-2848
-3718
-4453
-4933
-5047
-4502
-3733
-2970
-2149
-1073
-213
295
613
625
465
33
-513
-1274
-1808
-1964
-2027
-1724
-1440
-969
-294
390
929
1477
1840
2006
1913
1775
1506
1209
1016
894
961
1230
1715
2268
2462
2574
2583
2192
1719
1260
770
219
-64
217
700
1365
2253
3042
3553
3689
3491
3031
2336
1596
733
-25
-278
-166
332
1366
2727
3933
5145
6117
6664
6656
6163
5445
4632
3909
3131
2439
1862
1639
2017
3202
4993
6818
8506
9789
10271
9938
9087
7856
6411
4747
3010
1453
377
12
369
1254
2490
3682
4687
5484
5861
5648
5119
4272
2902
1451
1
-1269
-2051
-2343
-2056
-1366
-509
513
1497
2087
2489
2746
2480
1888
1164
21
-1240
-2292
-2993
-3404
-3489
-3149
-2507
-1812
-1016
-337
304
770
813
500
43
-617
-1483
-2221
-2755
-2964
-2915
-2565
-1838
-1271
-903
-213
440
885
1081
1051
774
453
208
-170
-289
-69
283
709
1118
1422
1624
1852
2119
2254
2115
1784
1624
1362
1006
720
612
683
785
914
1025
1241
1357
1206
1182
1164
1104
1092
998
818
203
-556
-1315
-2305
-3336
-4282
-4837
-5070
-5234
-5164
-4609
-3804
-2910
-2080
-1579
-1282
-1050
-1060
-1541
-2276
-2987
-3913
-4664
-5207
-5437
-5319
-4887
-4184
-3327
-2497
-1750
-1233
-1075
-961
-1104
-1473
-2072
-2950
-3647
-4082
-4296
-4239
-3988
-3473
-2965
-2453
-1797
-1263
-586
-114
86
-2
-379
-771
-1111
-1425
-1831
-2176
-2131
-2006
-1573
-605
267
874
1287
1650
1823
1520
930
359
-373
-880
-1215
-1264
-1309
-1052
-543
46
383
655
876
877
378
-193
-866
-1556
-2308
-3067
-3346
-3231
-2946
-2504
-2150
-1737
-1240
-905
-952
-1458
-2517
-3983
-5309
-5799
-5505
-4663
-3404
-1575
168
1417
1993
1811
897
-486
-2175
-4011
-5741
-7142
-8104
-8266
-7511
-6239
-4679
-2958
-1440
-226
374
371
-465
-1849
-3386
-4817
-6158
-7250
-7624
-7340
-6413
-5027
-3500
-2092
-962
-92
325
163
-390
-1161
-2090
-3022
-3901
-4591
-4805
-4713
-4156
-3271
-2269
-1261
-273
407
857
1045
826
347
-275
-1011
-2048
-2831
-3130
-2996
-2699
-2298
-1759
-1123
-522
-29
308
504
417
106
-415
-898
-1353
-1646
-1571
-1309
-1041
-926
-659
-226
133
175
319
342
125
-68
-581
-928
-1049
-1148
-1147
-928
-790
-464
-202
-139
151
476
787
754
588
459
149
-414
-1254
-2042
-2680
-3288
-3857
-4308
-4378
-4071
-3432
-2467
-1363
-260
617
1163
1570
1838
1704
1122
383
-244
-802
-1150
-1380
-1230
-606
98
931
1789
2589
3293
3870
4129
4040
3751
3279
2751
2117
1533
1258
1084
1188
1685
2187
2721
3198
3704
4068
4048
4004
4024
3794
3469
3061
2748
2693
2621
2625
2698
2915
3270
3587
3781
3961
3928
3853
3784
3599
3319
3126
3057
2865
2749
2788
2886
2968
2830
2734
2631
2565
2481
2160
1930
1775
1629
1506
1413
1477
1435
1456
1693
1908
1933
1941
1972
1979
1845
1347
647
189
21
480
1525
2765
3989
5340
6549
7038
6795
6045
4967
3603
2127
825
-40
-530
-555
53
1079
2478
3754
4834
5557
5899
5809
5121
4090
2967
1561
214
-759
-1200
-1090
-483
541
1820
2944
3855
4564
4806
4703
4419
3572
2423
1466
654
-84
-440
-453
-106
571
1359
2115
2832
3367
3848
3917
3606
3060
2448
1648
767
102
-257
-342
-158
195
571
977
1446
1782
1968
2018
1879
1693
1370
928
562
297
181
386
671
998
1361
1722
2080
2214
2425
2486
2218
1853
1591
1441
1234
1130
1151
1420
1705
1887
1998
2259
2562
2648
2632
2663
2684
2616
2300
1740
1200
527
-444
-1458
-2192
-2640
-2722
-2547
-2142
-1387
-676
67
1009
1670
1956
2108
1945
1434
758
58
-807
-1526
-1799
-1730
-1438
-850
31
851
1710
2419
2951
3160
2993
2526
2030
1398
574
-245
-739
-806
-810
-726
-366
130
593
1033
1521
1901
2020
2039
1836
1456
917
611
362
244
144
159
415
656
828
1070
1248
1347
1392
1402
1373
1258
1117
788
525
462
491
571
621
573
435
369
249
58
-185
-428
-600
-768
-940
-1066
-1186
-1204
-1023
-871
-684
-626
-692
-719
-579
-568
-1024
-1903
-2557
-2802
-2712
-2171
-915
610
2074
3184
3978
4031
3372
2335
1040
-406
-1934
-3153
-3854
-4230
-4095
-3359
-2072
-597
745
1828
2502
2546
2028
1053
-218
-1689
-3089
-4295
-5120
-5455
-5133
-3997
-2738
-1455
-268
493
893
966
712
193
-591
-1807
-2926
-3702
-4340
-4477
-4150
-3533
-2682
-1690
-803
-108
314
571
485
-102
-733
-1517
-2173
-2828
-3388
-3611
-3567
-3297
-2813
-2277
-1728
-1169
-840
-820
-855
-1043
-1379
-1635
-1771
-1927
-2213
-2296
-2174
-1837
-1442
-959
-489
-286
-293
-351
-349
-608
-834
-930
-1088
-1200
-1253
-978
-704
-473
-283
-145
-132
-17
368
497
417
291
-23
-369
-837
-1655
-2584
-3436
-4085
-4534
-4691
-4712
-4475
-3932
-3173
-2468
-1730
-886
-3
464
343
-22
-596
-1395
-2128
-2749
-3147
-3138
-2967
-2481
-1717
-752
338
1162
1646
1887
1858
1723
1261
622
-53
-697
-1232
-1612
-1636
-1344
-971
-286
452
905
1264
1474
1553
1548
1492
1193
736
517
447
372
238
280
502
877
1161
1377
1465
1510
1488
1481
1485
1529
1417
1228
1127
945
698
641
751
768
678
551
408
404
276
19
-123
-238
-391
-448
-492
-357
-394
-456
-316
18
177
193
65
138
102
-257
-493
-441
-74
751
