-5275
-5016
-4805
-4600
-4344
-4165
-4200
-4525
-4949
-4987
-4961
-5000
-5206
-5414
-5190
-4958
-4705
-4658
-4656
-4556
-4328
-3980
-3710
-3693
-3883
-4269
-4898
-5760
-6718
-7560
-8273
-8916
-9134
-9065
-8732
-8102
-7346
-6258
-5424
-4818
-4239
-3804
-3784
-4078
-4656
-5520
-6387
-6989
-7300
-7243
-6867
-6360
-5475
-4534
-3649
-2675
-1855
-1499
-1524
-1820
-2233
-2808
-3545
-4113
-4561
-4922
-4947
-4615
-4182
-3686
-3111
-2474
-1972
-1758
-1851
-2214
-2901
-3759
-4557
-4917
-4982
-4755
-4142
-3082
-1895
-1009
-710
-1346
-2594
-4225
-6099
-7890
-9630
-11139
-11890
-11712
-10784
-9358
-7681
-6297
-5390
-5042
-5298
-6234
-7552
-9174
-10909
-12393
-13314
-13270
-12326
-10681
-8390
-5761
-3262
-1256
176
804
618
96
-876
-2116
-3688
-5320
-6248
-6155
-4819
-2622
-141
2761
5645
7558
8180
7901
6746
4693
1998
-914
-3611
-5769
-7126
-7704
-7343
-5990
-3865
-1434
470
1750
2387
2121
999
-803
-3149
-5631
-7971
-9832
-11008
-11343
-10617
-9332
-7667
-5851
-4388
-3485
-3191
-3391
-4158
-5582
-7418
-9285
-11045
-12295
-13055
-13383
-13129
-12245
-11024
-9506
-7981
-6824
-6124
-5926
-6153
-6961
-8025
-9194
-10293
-11503
-12373
-12714
-12616
-12097
-11100
-9986
-8888
-7906
-6957
-6076
-5478
-5116
-4880
-4961
-5028
-4797
-4705
-4457
-3750
-3013
-2311
-1775
-1145
-845
-906
-902
-742
-797
-1207
-1582
-1954
-1956
-2060
-2091
-1743
-1350
-1093
-1155
-1444
-1502
-1598
-1804
-1926
-2293
-2779
-3136
-3572
-4252
-4939
-5568
-5984
-6326
-6684
-6696
-6355
-5897
-5022
-4303
-3809
-3284
-2818
-2668
-3016
-3697
-4348
-5185
-6184
-7291
-8126
-8564
-8671
-8451
-7823
-7085
-6244
-5328
-4761
-4307
-4175
-4249
-4428
-4857
-5241
-5617
-6106
-6327
-6009
-5568
-4921
-4086
-3111
-2205
-1256
-358
325
821
1120
1239
1325
1258
1026
276
-971
-1994
-3017
-3989
-4782
-4853
-3916
-2021
88
2059
3482
4561
5152
5237
4506
3005
1104
-790
-2417
-3486
-3788
-3227
-1667
423
2512
4299
5723
6525
6551
5996
4983
3471
1851
499
-500
-948
-645
332
2010
4096
5916
7249
8051
8409
8399
8443
8483
8500
8583
8653
8520
8097
7595
6928
5915
4775
3550
2273
1227
303
-131
-159
79
797
2041
3385
4406
5018
5284
5233
4704
3647
2457
1267
-59
-1202
-1913
-2217
-2108
-1731
-1122
-458
138
676
974
999
487
-223
-1073
-1854
-2684
-3616
-4209
-4511
-4551
-4425
-4325
-4106
-3881
-3877
-3836
-3915
-4260
-4456
-4387
-4512
-4824
-4975
-4943
-4662
-4540
-4496
-4158
-3759
-3529
-3619
-3821
-3950
-4106
-4252
-4269
-4163
-4056
-3940
-3584
-3020
-2358
-1905
-1367
-900
-632
-568
-657
-850
-1164
-1409
-1705
-2120
-2395
-2570
-2821
-2865
-2631
-2153
-1838
-1779
-1672
-1369
-1157
-1176
-1431
-1919
-2654
-3600
-4936
-6377
-7768
-8878
-9810
-10437
-10424
-10037
-9386
-8573
-7456
-6355
-5512
-4974
-4879
-4994
-5404
-6175
-7214
-8339
-9244
-9876
-10353
-10470
-10134
-9589
-8746
-7772
-6849
-6263
-6078
-6198
-6525
-6818
-7162
-7637
-8136
-8587
-9024
-9240
-9059
-8565
-7896
-7210
-6507
-5761
-5196
-4758
-4277
-3939
-3770
-3641
-3454
-3392
-3303
-3008
-2455
-1957
-1699
-1347
-1030
-902
-785
-670
-678
-690
-950
-1246
-1468
-1542
-1514
-1604
-1688
-1608
-1487
-1400
-1437
-1537
-1760
-2046
-2298
-2673
-2933
-3080
-3250
-3373
-3508
-3501
-3279
-2892
-2689
-2709
-2578
-2322
-2319
-2846
-3655
-4353
-4788
-4855
-4537
-3577
-2166
-880
134
611
563
-67
-1331
-2948
-4521
-6000
-7293
-8321
-8888
-8694
-7694
-6420
-4908
-3458
-2435
-1950
-1977
-2497
-3526
-4926
-6424
-7941
-9088
-9819
-9947
-9154
-8220
-7151
-5838
-4566
-3538
-2929
-2751
-2953
-3419
-4316
-5458
-6636
-7782
-8638
-8824
-8559
-8031
-7167
-6008
-4888
-3893
-3284
-3075
-3227
-3690
-4417
-5043
-5814
-6442
-6926
-7181
-7232
-7018
-6689
-6204
-5593
-5124
-4876
-4899
-4933
-4976
-5147
-5458
-5981
-6449
-6704
-6788
-6680
-6507
-6363
-5983
-5684
-5435
-5319
-5604
-5966
-6234
-6384
-6605
-7093
-7200
-6980
-6824
-6470
-6202
-5929
-5654
-5523
-5380
-5183
-5037
-4923
-4930
-5173
-5744
-6572
-7604
-8618
-9473
-10276
-10884
-11200
-11290
-10908
-10150
-9242
-8043
-7034
-6305
-5757
-5529
-5589
-6047
-6804
-7614
-8377
-9051
-9525
-9609
-9378
-8834
-7980
-6939
-5775
-4856
-4194
-3640
-3309
-3241
-3523
-4070
-4799
-5331
-5561
-5522
-5461
-5136
-4629
-3935
-3249
-2456
-1781
-1345
-1060
-818
-552
-489
-534
-630
-639
-752
-835
-575
-317
-66
363
819
1121
1267
1516
1707
1749
1684
1712
1742
1501
1331
1370
1423
1490
1458
1314
1217
1213
1124
899
560
154
-72
-163
-272
-214
55
300
424
436
400
473
603
767
833
536
94
-486
-1000
-1111
-696
322
1716
3157
4516
5377
5544
5244
4580
3244
1589
138
-1023
-1960
-2575
-2495
-1845
-822
511
1857
3036
3758
3835
3584
2804
1542
202
-1151
-2297
-3044
-3415
-3153
-2597
-1606
-447
760
1676
2225
2540
2424
1836
848
-492
-1666
-2649
-3294
-3663
-3756
-3273
-2455
-1728
-936
-141
517
634
360
-27
-489
-1279
-2160
-2781
-3367
-3825
-3895
-3731
-3462
-3103
-2472
-1790
-1554
-1423
-1399
-1474
-1809
-2230
-2579
-2892
-3085
-3310
-3250
-3108
-2835
-2353
-1942
-1584
-1504
-1756
-1788
-1823
-2137
-2385
-2694
-2832
-2924
-3018
-2967
-2762
-2378
-2026
-1936
-1869
-1712
-1542
-1458
-1433
-1658
-2101
-2825
-3695
-4600
-5383
-6096
-6815
-7311
-7502
-7094
-6699
-6134
-5343
-4545
-3726
-2999
-2445
-2524
-2985
-3603
-4493
-5439
-6221
-6884
-7138
-6836
-6678
-6080
-4971
-3969
-3236
-2687
-2121
-1683
-1639
-2038
-2480
-3015
-3564
-4012
-4352
-4464
-4353
-4170
-3683
-2944
-2186
-1524
-1031
-685
-490
-467
-474
-585
-811
-972
-1131
-1160
-1081
-740
-227
141
399
755
1008
1120
1299
1449
1529
1356
1134
867
743
695
768
783
697
618
505
433
378
290
59
-188
-284
-385
-702
-655
-627
-713
-608
-581
-563
-309
-170
-230
-243
-377
-809
-1440
-2127
-2696
-2580
-1682
-148
1377
2640
3587
4099
3926
3120
1859
338
-1239
-2591
-3693
-4446
-4698
-4327
-3395
-2278
-812
521
1408
1777
1628
897
-102
-1432
-2854
-4112
-5211
-5904
-6028
-5545
-4516
-3300
-2163
-1206
-472
-89
-88
-535
-1327
-2399
-3448
-4623
-5553
-6010
-6079
-5703
-5082
-4215
-3255
-2454
-1911
-1577
-1394
-1596
-2213
-3156
-4031
-4748
-5401
-5863
-6095
-6085
-5684
-5173
-4597
-4118
-3787
-3693
-3552
-3655
-3945
-4295
-4666
-5153
-5479
-5670
-5710
-5330
-4813
-4353
-4076
-3882
-3725
-3626
-3666
-3776
-3858
-4098
-4473
-4800
-5106
-4983
-4862
-4774
-4561
-4366
-4236
-4176
-3975
-3714
-3598
-3562
-3708
-4179
-4752
-5587
-6514
-7403
-8068
-8861
-9588
-9753
-9331
-8808
-8298
-7614
-6824
-5827
-4994
-4712
-4701
-4669
-4881
-5605
-6519
-7439
-8330
-8796
-8630
-8199
-7643
-6773
-5688
-4723
-4002
-3477
-3011
-2889
-3020
-3333
-3776
-4258
-4739
-5111
-5423
-5399
-4933
-4249
-3677
-3076
-2242
-1448
-934
-671
-607
-521
-712
-817
-1001
-1123
-1054
-864
-636
-519
-160
340
840
1223
1446
1522
1561
1531
1482
1534
1440
1396
1310
1235
1249
1469
1547
1377
1327
1289
1064
801
523
399
457
372
95
-5
195
321
349
573
808
938
1099
1077
712
288
-367
-1109
-1695
-1841
-1411
-476
723
2240
3493
4118
4322
3886
3087
2105
907
-335
-1559
-2374
-2659
-2272
-1386
-397
758
1814
2731
3313
3224
2568
1603
518
-783
-1886
-2854
-3480
-3626
-3202
-2287
-1131
87
1346
2148
2458
2403
2136
1352
274
-719
-1546
-2161
-2624
-2754
-2607
-2140
-1432
-345
586
1252
1600
1617
1295
725
116
-547
-1420
-2272
-2753
-2915
-2725
-2299
-1884
-1371
-774
-251
-76
-106
-55
-190
-677
-1322
-1788
-2091
-2403
-2510
-2402
-2226
-1994
-1587
-1202
-1166
-1092
-1020
-1105
-1363
-1707
-2092
-2329
-2377
-2485
-2525
-2479
-2323
-2318
-2212
-2077
-1942
-1859
-1789
-1601
-1563
-1789
-2323
-2981
-3905
-4824
-5579
-6452
-6981
-7304
-7380
-6980
-6385
-5653
-4737
-3914
-3241
-2757
-2506
-2331
-2581
-3247
-4044
-4903
-5577
-6036
-6257
-6168
-5733
-4976
-3953
-3040
-2289
-1383
-814
-748
-716
-823
-1374
-2179
-2690
-3036
-3243
-3243
-3044
-2584
-1952
-1285
-559
120
508
831
1101
1108
947
784
598
486
441
530
749
899
1093
1440
1946
2325
2556
2694
2762
2779
2586
2381
2267
2048
1996
2151
2207
1979
1747
1646
1807
1900
1629
1305
1038
969
863
615
442
360
483
505
491
578
638
732
695
638
699
774
359
-183
-519
-292
321
1264
2756
4267
5420
6023
6004
5418
4394
2998
1323
-521
-2234
-3277
-3590
-3319
-2481
-1296
206
1929
3291
4075
4397
4050
3178
1835
206
-1469
-3046
-4179
-4659
-4472
-3703
-2561
-1309
-118
850
1530
1951
1675
790
-114
-1072
-2256
-3274
-4100
-4642
-4717
-4345
-3725
-2771
-1751
-913
-241
-84
-224
-530
-1028
-1731
-2493
-3234
-3769
-4143
-4419
-4489
-4315
-3845
-3418
-2896
-2576
-2610
-2624
-2658
-2875
-3161
-3349
-3623
-3883
-3944
-3857
-3515
-3139
-2762
-2488
-2141
-1981
-2030
-2180
-2301
-2422
-2692
-2896
-2960
-2844
-2864
-2833
-2499
-2192
-2056
-2009
-1877
-1519
-1338
-1298
-1371
-1608
-2033
-2695
-3515
-4527
-5432
-6120
-6865
-7558
-7768
-7539
-6710
-5806
-5093
-4295
-3400
-2794
-2393
-2195
-2522
-3354
-4360
-5401
-6253
-6736
-7062
-6989
-6502
-5935
-5113
-4177
-3062
-2240
-1841
-1672
-1708
-2080
-2508
-2934
-3571
-4119
-4449
-4382
-4186
-4066
-3631
-2870
-2018
-1331
-868
-377
40
33
-98
-285
-412
-483
-536
-540
-408
-93
169
524
813
1239
1572
1738
1852
1954
1916
1973
1993
1884
1705
1645
1770
1942
1914
1862
1785
1736
1703
1527
1251
885
739
635
557
712
726
799
841
780
941
1087
1112
1061
1123
1012
502
-273
-913
-1123
-1045
-481
448
1852
3328
4190
4434
4305
3842
2967
1742
349
-959
-2008
-2647
-2932
-2606
-1644
-183
1311
2442
3125
3491
3450
2911
1769
440
-963
-2393
-3547
-4113
-4020
-3384
-2438
-1170
62
1047
1696
2098
2184
1903
1299
333
-898
-1967
-2772
-3049
-2987
-2775
-2252
-1439
-510
365
907
1303
1491
1278
857
255
-487
-1324
-2065
-2506
-2557
-2527
-2334
-1877
-1339
-802
-454
-172
-53
-172
-275
-655
-998
-1235
-1599
-1919
-2079
-1881
-1530
-1538
-1409
-873
-591
-687
-789
-845
-1019
-1461
-1865
-2008
-2002
-2047
-2021
-1704
-1626
-1647
-1559
-1285
-1143
-991
-975
-988
-1145
-1504
-2149
-2836
-3653
-4556
-5363
-6013
-6569
-6951
-6993
-6491
-5512
-4540
-3783
-3021
-2335
-2040
-1876
-1968
-2418
-3223
-4010
-4654
-5261
-5586
-5567
-5090
-4461
-3697
-2901
-2047
-1218
-464
-67
37
-81
-528
-1227
-1765
-2055
-2328
-2570
-2533
-2085
-1485
-788
-71
689
1288
1658
1900
1977
2066
2037
1855
1720
1640
1706
1758
1942
2177
2509
2805
3177
3525
3649
3767
3882
3865
3735
3577
3482
3467
3385
3327
3376
3353
3419
3419
3233
2959
2771
2617
2455
2216
2008
1852
1797
1770
1758
1752
1940
2090
2148
2216
2274
2391
2275
1968
1383
653
207
102
713
1805
3117
4527
5842
6709
6690
5931
4979
3742
2327
837
-422
-1129
-1410
-1116
-345
766
2175
3713
4825
5229
5221
4621
3579
2327
1020
-218
-1271
-1954
-2264
-1894
-1185
-72
1054
1933
2844
3296
3243
2868
2304
1322
328
-609
-1440
-2024
-2291
-2065
-1518
-768
63
801
1399
1909
2001
1824
1575
980
160
-789
-1482
-1905
-2336
-2368
-2106
-1809
-1307
-754
-342
-171
-245
-387
-518
-693
-1115
-1536
-1861
-2022
-1929
-1902
-2086
-1807
-1422
-1121
-884
-672
-615
-725
-878
-1145
-1463
-1664
-1902
-1859
-1675
-1643
-1482
-1159
-934
-795
-853
-832
-708
-559
-592
-847
-1378
-2092
-2876
-3880
-4822
-5647
-6381
-6746
-6739
-6290
-5519
-4686
-3741
-2922
-2215
-1678
-1586
-1751
-2122
-2777
-3522
-4270
-4979
-5376
-5684
-5613
-5145
-4435
-3445
-2414
-1557
-917
-420
-323
-365
-706
-1263
-1830
-2416
-2874
-3112
-3078
-2788
-2257
-1869
-1327
-572
103
644
1021
1159
1252
1259
1174
1028
902
869
886
925
1211
1475
1663
2053
2492
2918
3019
3003
2977
2935
2874
2878
2778
2620
2656
2704
2698
2710
2695
2684
2637
2433
2084
1830
1869
1902
1638
1447
1365
1383
1398
1424
1669
1876
1892
1780
1804
1842
1582
960
248
-143
-296
61
1206
2737
4058
5205
5918
6102
5576
4700
3747
2446
982
-274
-1208
-1837
-1904
-1393
-490
860
2443
3721
4346
4348
3940
3334
2236
674
-771
-1818
-2559
-2935
-2805
-2183
-1283
-192
938
1960
2677
2791
2465
1906
1083
149
-814
-1742
-2513
-2889
-2958
-2617
-1790
-847
83
856
1434
1662
1546
1207
539
-272
-1012
-1691
-2336
-2593
-2573
-2522
-2246
-1892
-1260
-635
-295
-98
-115
-276
-665
-1175
-1377
-1700
-2010
-2061
-1971
-1697
-1375
-1040
-618
-311
-246
-237
-465
-703
-755
-931
-1214
-1498
-1606
-1576
-1483
-1184
-629
-368
-517
-622
-598
-498
-465
-507
-782
-1218
-1820
-2502
-3255
-4203
-5034
-5698
-6068
-6173
-5981
-5431
-4686
-3804
-3037
-2298
-1610
-1215
-1168
-1528
-2165
-2754
-3451
-4158
-4903
-5337
-5287
-4748
-4166
-3369
-2465
-1568
-933
-384
-94
28
-27
-401
-962
-1486
-1955
-2295
-2234
-2022
-1632
-1071
-337
322
869
1284
1709
2055
2213
2103
1866
1746
1771
1719
1540
1564
1856
2293
2584
2923
3248
3447
3601
3857
4138
4061
4037
3930
3653
3482
3513
3549
3352
3240
3238
3167
3217
3172
3109
3004
2854
2520
2290
2267
2375
2392
2433
2513
2359
2277
2362
2447
2408
2412
2442
2034
1312
693
505
715
1565
2812
4330
5600
6476
6863
6592
5828
4738
3348
2003
666
-426
-1096
-1297
-828
139
1467
2818
4002
4817
5149
5009
4349
3211
1915
641
-594
-1660
-2230
-2211
-1756
-875
253
1350
2277
2916
3156
3294
3089
2476
1586
320
-698
-1396
-1957
-2178
-1956
-1273
-431
547
1434
1927
2370
2471
2253
1730
1051
222
-622
-1292
-1779
-1975
-1835
-1382
-923
-597
-218
206
557
773
595
166
-338
-719
-1031
-1186
-1422
-1358
-1167
-927
-580
-162
263
424
484
362
-91
-395
-419
-499
-602
-816
-984
-1037
-802
-462
-175
65
119
29
148
249
302
194
58
-365
-1211
-2236
-3386
-4304
-4738
-5148
-5451
-5521
-5159
-4404
-3542
-2613
-1782
-1145
-698
-613
-830
-1392
-2108
-2887
-3746
-4395
-4658
-4736
-4397
-3815
-3121
-2308
-1307
-398
175
457
541
460
198
-352
-962
-1360
-1698
-2020
-2090
-1737
-986
-130
427
875
1390
1758
1911
1839
1594
1326
1049
880
885
1107
1585
2137
2483
2623
2583
2385
1915
1606
1144
650
280
225
399
1033
1991
2697
3356
3961
4099
3815
3280
2584
1760
979
382
63
34
587
1759
3146
4403
5461
6333
6821
6815
6309
5630
4968
4118
3315
2771
2394
2243
2564
3627
5191
6970
8632
9760
10338
10225
9376
8042
6506
4872
3211
1833
912
565
660
1393
2409
3627
4762
5444
5903
5764
5155
4415
3339
2000
726
-369
-1445
-2083
-1944
-1291
-491
548
1570
2271
2712
2806
2590
2059
1092
70
-944
-1955
-2725
-3047
-3013
-2693
-2224
-1706
-792
-8
594
871
920
562
-27
-502
-1090
-1857
-2392
-2559
-2464
-2339
-2056
-1389
-621
149
607
987
1197
1083
884
708
475
297
217
196
377
616
1099
1557
1813
2026
2105
2163
2008
1832
1587
1362
1088
825
742
751
939
978
990
1233
1233
1176
1357
1420
1510
1387
1005
691
200
-489
-1273
-2246
-3272
-4059
-4620
-4996
-5128
-4984
-4594
-3855
-2870
-2010
-1187
-712
-641
-936
-1478
-2104
-2948
-3892
-4684
-5187
-5512
-5493
-4976
-4265
-3451
-2617
-1725
-1042
-674
-630
-893
-1216
-1787
-2389
-3094
-3633
-3927
-3977
-3753
-3376
-2814
-2307
-1681
-979
-338
7
50
-51
-228
-508
-952
-1567
-2096
-2377
-2432
-2094
-1374
-714
214
967
1500
1743
1605
1307
712
45
-435
-694
-1035
-1207
-1050
-956
-626
-197
324
853
1077
968
523
-250
-1130
-1889
-2560
-3119
-3329
-3318
-3085
-2625
-2196
-1767
-1367
-1256
-1312
-1647
-2670
-4034
-5319
-6026
-5892
-4959
-3479
-1834
-269
982
1594
1505
715
-589
-2187
-4160
-5992
-7342
-8283
-8366
-7609
-6216
-4758
-3040
-1258
-44
440
173
-587
-1703
-3087
-4579
-5972
-6975
-7404
-7195
-6553
-5212
-3676
-2287
-1172
-280
267
206
-101
-711
-1573
-2785
-3978
-4704
-4974
-4757
-4130
-3217
-2146
-1104
-231
509
1082
1152
845
258
-495
-1111
-1560
-2136
-2502
-2510
-2428
-1951
-1261
-645
-91
316
540
630
591
232
-252
-730
-1080
-1392
-1564
-1371
-1034
-669
-407
-125
216
327
261
172
-13
-314
-381
-532
-765
-985
-943
-694
-571
-485
-179
182
578
952
1105
1027
895
818
529
-22
-674
-1471
-2261
-2924
-3320
-3636
-3743
-3473
-2886
-2067
-1066
-7
902
1502
1868
2208
2228
1672
899
162
-485
-1035
-1190
-952
-427
405
1266
2174
3131
3928
4320
4470
4356
3996
3686
3100
2470
1856
1506
1504
1709
2014
2328
2785
3426
3868
4215
4469
4408
4279
4041
3613
3226
3021
2919
2741
2758
2951
3142
3320
3447
3605
3991
4096
3863
3523
3400
3422
3367
3238
3152
3184
3196
2999
2922
2977
2853
2725
2502
2403
2300
2173
2152
2149
2028
1760
1909
2057
2109
2155
2104
2124
2276
2302
2300
2204
1769
974
146
-442
-492
53
923
2112
3531
4765
5225
5013
4560
4027
3266
2206
1145
377
-26
45
571
1495
2707
3835
4848
5335
5485
5194
4566
3733
2705
1500
322
-426
-532
-194
592
1646
2763
3796
4443
5096
5327
5163
4688
3878
2948
1939
1117
570
480
666
1026
1432
2081
3173
4126
4533
4719
4632
4307
3832
3155
2414
1672
1175
798
624
829
1248
1637
2148
2716
3278
3560
3616
3286
2697
2239
1768
1328
1018
803
844
994
1043
1220
1368
1555
1767
1899
1954
1831
1547
1341
1272
1228
1172
1096
1100
1203
1362
1484
1473
1727
2072
2342
2333
2179
1937
1575
1150
670
-124
-1161
-2056
-2478
-2762
-3039
-2937
-2585
-2037
-1194
-176
719
1278
1741
1835
1726
1423
742
-57
-937
-1507
-1807
-1773
-1450
-856
-15
883
1730
2453
3139
3405
3283
3064
2589
1925
1408
784
195
-142
-248
42
407
1093
1764
2155
2337
2403
2524
2337
2025
1716
1436
1195
883
628
655
774
909
1001
1186
1477
1660
1678
1647
1585
1407
1209
1101
1120
970
599
414
483
520
468
440
419
132
-135
-319
-415
-559
-799
-987
-1034
-1024
-1084
-1113
-1049
-928
-842
-778
-724
-694
-817
-1103
-1472
-1715
-1722
-1235
27
1522
2813
4022
4943
5295
4997
4209
2805
882
-842
-2598
-4209
-5288
-5652
-4906
-3615
-2010
-117
1589
2951
3847
4042
3577
2509
976
-780
-2573
-4122
-5276
-5724
-5518
-4555
-3274
-1942
-599
424
1148
1426
1130
460
-652
-1727
-2938
-4238
-5111
-5366
-5052
-4486
-3665
-2745
-1860
-1085
-364
40
6
-409
-1047
-1624
-2239
-2948
-3631
-4114
-4230
-3991
-3757
-3472
-3043
-2524
-2101
-1960
-1905
-1773
-1796
-2148
-2439
-2512
-2437
-2398
-2077
-1719
-1358
-978
-580
-411
-294
-222
-204
-408
-706
-833
-932
-957
-1029
-800
-299
65
194
477
765
976
1035
1120
1150
1179
965
500
-139
-1059
-1984
-2916
-3566
-3979
-4232
-4165
-3716
-3017
-2160
-1324
-522
328
939
1189
1067
653
66
-688
-1535
-2092
-2521
-2704
-2684
-2214
-1395
-559
311
1029
1596
1824
2061
1976
1490
975
192
-610
-1280
-1605
-1597
-1441
-1131
-707
-213
291
777
1124
1306
1370
1174
881
577
384
198
-97
-170
-128
102
371
687
1027
1278
1437
1662
1627
1483
1382
1449
1377
1152
1123
1266
1275
1191
1235
1345
1411
1196
969
741
535
364
217
84
67
17
-59
93
269
397
412
459
598
608
577
486
96
-460
-921
-1022
-782
