-5437
-5193
-4952
-4635
-4230
-4104
-4279
-4555
-4773
-4900
-5154
-5436
-5427
-5244
-5236
-5262
-5239
-5122
-4912
-4690
-4284
-4172
-4150
-4173
-4327
-4649
-5072
-5986
-6999
-7800
-8381
-8865
-9353
-9313
-8820
-8151
-7523
-6782
-5978
-5129
-4489
-4135
-4143
-4529
-5085
-5878
-6677
-7239
-7644
-7656
-7201
-6337
-5393
-4507
-3676
-2777
-2087
-1864
-1773
-1780
-2212
-2904
-3589
-4046
-4456
-4740
-4785
-4499
-4089
-3607
-3029
-2384
-1983
-1848
-1828
-2227
-2999
-3743
-4523
-5118
-5121
-4948
-4471
-3353
-2058
-1185
-1032
-1508
-2537
-4163
-6120
-8207
-10226
-11666
-12222
-11873
-10890
-9574
-7985
-6399
-5257
-4512
-4650
-5724
-7374
-9232
-11087
-12525
-13327
-13233
-12205
-10464
-8188
-5670
-3184
-1135
318
960
824
135
-894
-2250
-3753
-5094
-6005
-5905
-4577
-2243
471
3268
5799
7581
8288
7878
6518
4419
1641
-1272
-4087
-6302
-7756
-8192
-7501
-5883
-3621
-1288
795
2119
2488
2036
842
-906
-3215
-5767
-8066
-9943
-10982
-11069
-10392
-8974
-7232
-5479
-4210
-3314
-3119
-3560
-4519
-6076
-7943
-9674
-11287
-12434
-13155
-13458
-13080
-12274
-10759
-9104
-7740
-6636
-6067
-5908
-6303
-7252
-8466
-9615
-10810
-11934
-12495
-12669
-12675
-12340
-11367
-10267
-9137
-7963
-6958
-6089
-5434
-5240
-5143
-5143
-5253
-5319
-4990
-4593
-4220
-3628
-2917
-2324
-1799
-1231
-808
-883
-1115
-1347
-1684
-1888
-1821
-1840
-1808
-1854
-1849
-1473
-1243
-1189
-1275
-1577
-1773
-1989
-2109
-2284
-2524
-2800
-3389
-4238
-4870
-5275
-5549
-5820
-6128
-6125
-5810
-5237
-4663
-4136
-3602
-2979
-2607
-2438
-2688
-3186
-3859
-4954
-6104
-7096
-7854
-8478
-8697
-8523
-7846
-7065
-6205
-5158
-4565
-4402
-4452
-4540
-4888
-5349
-5864
-6259
-6370
-6430
-6246
-5735
-5178
-4342
-3349
-2264
-1250
-577
-129
213
588
803
893
867
472
-233
-1088
-2100
-3443
-4703
-5463
-5365
-4230
-2180
-182
1350
2827
4091
4760
4711
3752
2217
344
-1628
-3367
-4427
-4410
-3383
-1752
324
2351
4160
5665
6539
6556
5775
4476
2974
1391
-135
-1132
-1461
-976
316
2001
3961
5889
7139
7799
8117
8418
8580
8705
8593
8457
8295
7965
7387
6865
6121
5107
4017
2822
1423
284
-448
-685
-457
274
1184
2115
3090
4104
4763
4913
4668
3981
2969
1752
690
-469
-1420
-1950
-2179
-2175
-1941
-1398
-803
-251
88
233
-49
-688
-1250
-2149
-3177
-3925
-4524
-5213
-5546
-5591
-5345
-4900
-4599
-4552
-4567
-4563
-4552
-4583
-4741
-5003
-5294
-5544
-5688
-5484
-5222
-5048
-4806
-4476
-4209
-4169
-4299
-4352
-4466
-4633
-4928
-5155
-5000
-4631
-4206
-3789
-3446
-2986
-2298
-1762
-1506
-1347
-1090
-1040
-1229
-1555
-1845
-2230
-2678
-2899
-3092
-3087
-2893
-2439
-2156
-2021
-1697
-1470
-1268
-1061
-1098
-1378
-1773
-2416
-3296
-4523
-6003
-7225
-8372
-9301
-9721
-9671
-9335
-8904
-8231
-7146
-6006
-5158
-4784
-4689
-4767
-5316
-6027
-6911
-8018
-9065
-9849
-10231
-10210
-9912
-9279
-8538
-7679
-6829
-6252
-6044
-5878
-5998
-6424
-6885
-7469
-7918
-8328
-8570
-8570
-8326
-7831
-7320
-6792
-6030
-5273
-4800
-4562
-4180
-3881
-3728
-3546
-3370
-3180
-2846
-2433
-2157
-1895
-1499
-1201
-975
-618
-380
-249
-409
-470
-456
-630
-937
-1174
-1133
-978
-863
-725
-753
-726
-751
-670
-680
-926
-1249
-1383
-1633
-1888
-2015
-2115
-2059
-1869
-1818
-1844
-1839
-1915
-1796
-1468
-1358
-1574
-2236
-3137
-3848
-3922
-3331
-2377
-1244
-125
823
1433
1403
558
-741
-2235
-3816
-5325
-6520
-7222
-7505
-7215
-6414
-5258
-3849
-2289
-1327
-1115
-1278
-1846
-2846
-4312
-5802
-7172
-8251
-8834
-8980
-8409
-7379
-6133
-4884
-3782
-2883
-2375
-2256
-2591
-3215
-4087
-5202
-6527
-7558
-8194
-8234
-7880
-7367
-6596
-5608
-4636
-3867
-3248
-2852
-2808
-3198
-3729
-4560
-5467
-6017
-6333
-6572
-6539
-6391
-6027
-5623
-4963
-4088
-3728
-3853
-4070
-4395
-4874
-5317
-5704
-5963
-6239
-6365
-6216
-5906
-5681
-5529
-5324
-5169
-5139
-5181
-5422
-5909
-6179
-6400
-6628
-6783
-6849
-6642
-6276
-5986
-5609
-5373
-5256
-5123
-4824
-4700
-4687
-4701
-5075
-5621
-6388
-7238
-8124
-8971
-9723
-10498
-10731
-10603
-10369
-9783
-8903
-7816
-6893
-6228
-5679
-5527
-5656
-5971
-6668
-7464
-8369
-8901
-9249
-9564
-9374
-8660
-7816
-6941
-5959
-4971
-4183
-3743
-3608
-3760
-4085
-4392
-4860
-5302
-5500
-5751
-5906
-5706
-5225
-4524
-3743
-2978
-2331
-1906
-1600
-1288
-1112
-1125
-1341
-1475
-1317
-1326
-1409
-1320
-885
-487
-179
209
570
776
997
1224
1190
1100
930
745
686
846
944
790
599
489
409
460
448
283
102
-46
-232
-380
-453
-638
-887
-709
-426
-257
-76
120
141
69
169
195
8
-497
-1284
-1886
-1933
-1436
-487
743
2221
3537
4390
4629
4190
3416
2258
743
-611
-1752
-2794
-3311
-3243
-2665
-1611
-130
1212
2235
2747
2802
2577
1847
610
-676
-1970
-3274
-4052
-4120
-3782
-3109
-2032
-806
277
987
1392
1500
1214
556
-257
-1355
-2395
-3339
-4034
-4374
-4319
-3824
-2927
-2087
-1448
-888
-380
-170
-271
-581
-1183
-1947
-2780
-3629
-4136
-4245
-4132
-3839
-3546
-3199
-2822
-2248
-1875
-1781
-1849
-2054
-2244
-2802
-3312
-3582
-3874
-4142
-4233
-3960
-3564
-3142
-2804
-2598
-2514
-2280
-2356
-2531
-2750
-3083
-3367
-3467
-3595
-3716
-3587
-3305
-3129
-3017
-2757
-2561
-2375
-2474
-2300
-2009
-2326
-2891
-3541
-4228
-4966
-5804
-6766
-7523
-7923
-8034
-7756
-7267
-6605
-5720
-4790
-4013
-3527
-3308
-3261
-3531
-4116
-5047
-6081
-6798
-7114
-7374
-7483
-7253
-6531
-5700
-4708
-3765
-2918
-2363
-2300
-2416
-2668
-2928
-3420
-4015
-4507
-4866
-4924
-4793
-4536
-3926
-3191
-2480
-1895
-1313
-809
-671
-669
-642
-735
-832
-1007
-1088
-998
-943
-806
-472
63
362
720
1123
1381
1489
1327
1383
1346
1266
1299
1241
1072
1005
1097
1210
1217
1103
994
821
579
449
371
262
233
-107
-334
-174
-129
-238
-391
-389
-123
-11
-33
-61
-180
-587
-1303
-1963
-2317
-2084
-1200
76
1544
2946
3911
4227
3926
3156
2107
703
-899
-2261
-3209
-3876
-4195
-3765
-2612
-1257
26
1092
1690
1928
1708
1120
126
-1259
-2757
-4104
-5118
-5409
-5295
-4854
-3985
-2916
-1767
-738
-265
-25
-36
-491
-1397
-2388
-3462
-4453
-5119
-5493
-5539
-5252
-4530
-3669
-2883
-2158
-1504
-1064
-999
-1338
-2044
-2848
-3685
-4419
-4954
-5299
-5472
-5510
-5369
-4844
-4095
-3511
-3155
-2990
-3107
-3251
-3450
-3757
-4157
-4586
-4981
-5296
-5356
-5127
-4997
-4749
-4121
-3686
-3564
-3689
-3639
-3786
-4078
-4298
-4632
-4772
-4857
-4891
-4796
-4611
-4419
-4142
-3971
-3869
-3775
-3645
-3606
-3650
-3860
-4202
-4704
-5461
-6438
-7438
-8123
-8807
-9324
-9466
-9286
-8954
-8358
-7416
-6470
-5634
-4847
-4462
-4597
-4911
-5377
-6112
-7049
-7941
-8459
-8717
-8838
-8556
-8033
-7247
-6146
-5098
-4371
-3775
-3257
-3061
-3340
-3736
-4145
-4650
-5158
-5651
-5813
-5613
-5180
-4522
-3687
-3017
-2419
-1924
-1523
-1055
-741
-761
-979
-1138
-1284
-1362
-1358
-1326
-1337
-940
-512
-113
391
686
857
998
1167
1228
1138
1037
925
909
862
828
695
660
710
806
819
719
687
498
271
85
-11
-171
-302
-244
-244
-205
-80
-3
92
126
53
22
-44
-287
-881
-1650
-2297
-2350
-1697
-625
666
1973
3028
3769
3831
3402
2509
1220
-157
-1460
-2532
-3232
-3354
-2943
-2266
-1178
18
1154
2128
2694
2624
2032
1114
-232
-1623
-2627
-3419
-4022
-4176
-3847
-2939
-1804
-893
17
804
1248
1272
885
224
-839
-1890
-2776
-3521
-3910
-3912
-3476
-2944
-2078
-1114
-320
118
395
553
427
-111
-855
-1584
-2214
-2922
-3436
-3717
-3744
-3289
-2555
-2050
-1718
-1410
-1186
-955
-855
-1321
-1864
-2318
-2646
-2898
-3124
-3261
-3237
-3015
-2810
-2797
-2526
-2107
-1860
-1736
-1738
-2017
-2368
-2650
-3004
-3217
-3413
-3354
-3042
-2892
-2837
-2654
-2487
-2271
-2093
-1992
-2092
-2315
-2383
-2495
-3047
-3968
-4936
-5982
-6804
-7335
-7399
-7335
-7166
-6630
-5900
-4996
-4131
-3398
-3026
-2757
-2851
-3378
-4141
-4942
-5643
-6276
-6707
-6846
-6621
-6109
-5205
-4319
-3550
-2824
-2160
-1598
-1439
-1429
-1674
-1999
-2421
-2907
-3388
-3852
-3879
-3466
-2902
-2233
-1747
-1199
-575
76
546
651
602
457
181
102
142
235
315
301
473
907
1369
1667
1892
2146
2321
2370
2308
2367
2332
2165
2048
1961
1920
1977
2181
2244
2232
2128
2015
1836
1557
1351
1246
1373
1270
967
908
896
1031
1046
1121
1258
1246
1093
1053
1194
969
416
-221
-543
-455
89
1087
2487
4101
5192
5604
5576
5098
4150
2803
1330
-310
-1689
-2525
-2996
-2756
-2022
-1000
496
2012
3162
3822
3950
3677
2939
1648
123
-1380
-2668
-3434
-3776
-3574
-2876
-1951
-937
248
1345
1838
1858
1426
683
-127
-1121
-2268
-3382
-4050
-4287
-4209
-3813
-2984
-1955
-966
-129
332
433
337
5
-635
-1299
-2013
-2714
-3384
-3801
-3880
-3694
-3428
-3084
-2538
-2138
-1681
-1528
-1781
-1961
-2120
-2519
-2784
-3071
-3319
-3565
-3649
-3321
-2814
-2475
-2151
-1872
-1881
-1907
-1936
-2006
-2274
-2601
-2859
-2882
-2857
-2813
-2854
-2845
-2434
-2194
-2013
-1831
-1572
-1411
-1431
-1522
-1770
-2127
-2703
-3617
-4491
-5347
-6167
-6935
-7237
-7089
-6760
-6459
-5983
-5082
-3969
-3110
-2579
-2316
-2477
-2877
-3626
-4364
-5047
-5807
-6408
-6786
-6686
-6339
-5735
-4847
-3862
-2932
-2283
-1910
-1602
-1609
-1894
-2475
-3109
-3633
-3845
-4052
-4286
-4222
-3666
-2797
-2061
-1425
-801
-337
-165
-18
79
68
-99
-183
-214
-432
-440
-152
332
593
843
1129
1354
1768
2200
2373
2427
2423
2338
2238
2162
2079
2045
2088
2175
2141
2156
2052
2161
2301
2243
2008
1627
1505
1433
1303
1200
1146
1094
1030
1340
1582
1500
1508
1640
1698
1464
950
234
-479
-825
-747
-90
1104
2390
3636
4564
4924
4685
4029
2897
1619
350
-871
-1934
-2525
-2567
-1911
-817
480
1788
2880
3537
3736
3503
2814
1788
411
-756
-1871
-2876
-3367
-3420
-3154
-2184
-943
201
1081
1577
1764
1723
1346
774
60
-1005
-2144
-2847
-3276
-3336
-2881
-2136
-1256
-311
627
1181
1357
1246
1070
649
-329
-1198
-1971
-2545
-2779
-2895
-2820
-2572
-2141
-1448
-812
-579
-568
-530
-608
-829
-1291
-1847
-2287
-2597
-2617
-2474
-2226
-1938
-1592
-1470
-1426
-1196
-1070
-1179
-1454
-1717
-1940
-2222
-2473
-2570
-2614
-2713
-2548
-2053
-1792
-1643
-1491
-1293
-1174
-1207
-1305
-1435
-1599
-2107
-2889
-3769
-4696
-5636
-6396
-6811
-7022
-6914
-6435
-5681
-4991
-4148
-3346
-2815
-2364
-2287
-2509
-2942
-3660
-4592
-5415
-6097
-6285
-6243
-5930
-5276
-4391
-3498
-2688
-2023
-1402
-985
-860
-997
-1289
-1727
-2302
-2779
-3187
-3341
-3205
-2884
-2185
-1475
-826
-44
706
1098
1302
1330
1228
1148
995
800
821
1079
1179
1261
1494
1877
2256
2446
2707
3016
3295
3510
3676
3691
3385
3191
3168
3045
3078
3096
2979
3073
3195
3170
3009
2816
2560
2458
2380
2135
1991
2071
2066
1951
1888
1963
2044
2239
2351
2306
2192
1996
1734
1222
394
125
398
878
1932
3317
4673
5854
6396
6202
5571
4719
3451
2041
642
-409
-1192
-1623
-1400
-509
839
2110
3255
4159
4671
4528
3982
3070
1811
405
-814
-1859
-2550
-2552
-2103
-1333
-235
949
1932
2569
2916
2908
2584
1811
856
-91
-1175
-2138
-2780
-2717
-2293
-1736
-1093
-294
692
1295
1579
1669
1577
1127
488
-236
-1083
-1744
-2149
-2436
-2501
-2264
-1813
-1170
-622
-284
-36
55
-99
-655
-1002
-1423
-1837
-2159
-2393
-2434
-2299
-1930
-1456
-1100
-935
-830
-868
-818
-823
-1060
-1250
-1456
-1692
-1954
-2066
-1814
-1572
-1497
-1421
-1182
-891
-751
-627
-624
-527
-412
-560
-1001
-1713
-2731
-3769
-4521
-5244
-5783
-6083
-6080
-5784
-5331
-4691
-3823
-2832
-2042
-1584
-1347
-1466
-1961
-2615
-3419
-4237
-5073
-5540
-5651
-5360
-4909
-4249
-3205
-2158
-1432
-915
-480
-246
-362
-841
-1377
-1779
-2202
-2554
-2637
-2684
-2454
-1932
-1205
-583
-76
401
944
1415
1550
1483
1394
1291
1215
979
1025
1263
1277
1516
1948
2309
2649
2964
3187
3335
3282
3244
3293
3397
3440
3300
3251
3137
2976
2983
3094
3240
3313
3216
2976
2728
2598
2456
2259
2044
1874
1883
2077
2217
2296
2215
2207
2219
2238
2226
2346
2218
1628
904
443
401
763
1621
3031
4428
5564
6345
6497
5889
4882
3718
2490
1132
-96
-949
-1232
-1189
-799
190
1561
2868
3851
4556
4697
4239
3483
2502
1094
-418
-1483
-2087
-2398
-2182
-1412
-473
598
1565
2273
2745
2813
2598
1960
1210
424
-534
-1471
-2308
-2662
-2588
-2082
-1288
-311
544
1095
1471
1828
1807
1379
804
70
-781
-1388
-1858
-2303
-2357
-2164
-1771
-1230
-615
-139
140
196
122
-74
-353
-840
-1256
-1465
-1645
-1859
-1785
-1489
-1411
-1225
-873
-689
-477
-398
-486
-720
-999
-1188
-1309
-1411
-1555
-1722
-1411
-1110
-975
-759
-622
-676
-576
-428
-343
-291
-366
-736
-1270
-2055
-2877
-3798
-4567
-5183
-5651
-5828
-5905
-5536
-4756
-3718
-2826
-2164
-1641
-1280
-1293
-1718
-2353
-3044
-3662
-4427
-5056
-5340
-5448
-5136
-4371
-3294
-2285
-1625
-905
-303
-142
-169
-361
-664
-1004
-1676
-2291
-2550
-2668
-2474
-2050
-1379
-676
110
725
1112
1287
1483
1729
1767
1593
1449
1340
1232
1218
1242
1525
1967
2257
2410
2691
3120
3390
3473
3521
3554
3453
3396
3194
3043
2968
2992
3137
3165
3090
3017
3114
3002
2811
2795
2599
2335
2073
1836
1817
2014
2047
2012
2121
2232
2109
2090
2276
2265
1978
1485
1009
623
334
426
1056
2165
3703
5101
5888
6253
6063
5350
4388
3111
1770
395
-705
-1460
-1599
-1010
97
1330
2404
3523
4433
4838
4614
3987
2966
1795
322
-1197
-2173
-2481
-2174
-1714
-1048
83
1264
2183
2811
3142
3000
2438
1659
673
-418
-1365
-2035
-2351
-2346
-1813
-1090
-311
438
1189
1746
2133
2277
1972
1474
747
-249
-992
-1509
-1838
-1899
-1801
-1599
-1242
-874
-280
332
450
396
274
53
-351
-835
-1207
-1560
-1737
-1601
-1397
-1194
-766
-493
-163
63
85
-149
-351
-461
-712
-905
-1063
-1114
-1158
-1116
-866
-689
-594
-475
-225
-19
188
254
248
116
-198
-695
-1389
-2318
-3327
-4180
-4781
-5162
-5356
-5311
-4931
-4211
-3417
-2612
-1786
-986
-753
-748
-925
-1419
-2081
-2766
-3398
-4002
-4510
-4638
-4427
-3831
-2900
-1939
-1156
-440
165
511
578
351
1
-492
-1039
-1394
-1623
-1727
-1679
-1245
-643
3
584
1164
1646
1968
1986
1876
1726
1569
1387
1141
995
1180
1554
2095
2531
2786
2900
2570
2092
1630
979
488
255
339
565
1093
1932
2958
3681
4055
4225
4129
3579
2666
1550
811
425
211
359
899
1848
3219
4643
5842
6505
6968
7191
6802
5868
4932
4163
3589
3033
2426
2349
2780
3971
5440
7033
8599
9782
10329
10165
9469
8152
6370
4503
2973
1720
896
565
844
1668
2923
4184
5294
6046
6209
5871
5416
4499
3239
1843
357
-712
-1289
-1536
-1299
-556
211
902
1894
2841
3190
3208
2728
2058
1226
-4
-1082
-1824
-2443
-2936
-2910
-2542
-1872
-1139
-320
502
974
1046
948
566
107
-375
-1119
-1864
-2380
-2654
-2524
-1983
-1471
-890
-192
392
869
1114
1124
1207
1129
784
398
184
177
234
399
709
1200
1554
1952
2165
2077
2083
2089
1915
1577
1143
894
916
1041
1010
892
886
977
1112
1141
1094
1313
1466
1127
885
994
1021
678
-71
-874
-1848
-2754
-3429
-4068
-4480
-4651
-4451
-4081
-3531
-2626
-1715
-1073
-831
-730
-846
-1282
-1971
-2705
-3643
-4480
-4929
-5111
-5060
-4826
-4318
-3459
-2576
-1850
-1233
-1048
-988
-1012
-1461
-2045
-2629
-3068
-3568
-3960
-3946
-3742
-3433
-2832
-1969
-1465
-965
-411
54
194
158
105
-255
-827
-1444
-1952
-2195
-2197
-1853
-1415
-863
-127
603
1195
1496
1506
1295
962
382
-288
-905
-1269
-1321
-1269
-1009
-488
224
769
890
970
751
370
-42
-675
-1433
-2276
-2882
-3177
-3293
-3035
-2401
-1651
-1200
-1031
-936
-1093
-1649
-2714
-4030
-5288
-5992
-5767
-4763
-3249
-1685
-72
1014
1439
1364
613
-760
-2459
-4356
-6113
-7280
-8012
-8369
-7702
-6317
-4473
-2666
-1205
-225
92
94
-620
-1871
-3170
-4632
-6038
-6973
-7198
-6868
-6060
-4690
-3221
-1771
-716
-46
329
202
-333
-1199
-2243
-3334
-4449
-4959
-4952
-4759
-4299
-3302
-2245
-1213
-251
438
752
839
677
295
-435
-1129
-1773
-2405
-2745
-2900
-2725
-2154
-1450
-766
-183
169
288
294
150
-202
-559
-886
-1180
-1493
-1657
-1611
-1441
-1136
-765
-474
-200
-32
242
336
-46
-455
-671
-884
-1046
-1022
-966
-787
-430
-146
12
141
371
513
626
1008
1148
897
624
155
-500
-1373
-2161
-2688
-3112
-3524
-3585
-3250
-2604
-1802
-921
101
1022
1509
1783
1753
1646
1318
736
-49
-628
-1033
-1228
-1134
-736
108
1119
1953
2700
3528
4099
4293
4153
3735
3224
2830
2306
1857
1699
1632
1610
1970
2251
2605
3027
3526
4050
4258
4290
4071
3745
3491
3249
2942
2731
2612
2595
2756
3006
3322
3558
3832
3963
3896
3769
3695
3597
3523
3420
3320
3182
2959
2924
2990
3179
3398
3325
3048
2966
2720
2473
2386
2260
2231
2108
1935
1858
1966
2099
2328
2453
2408
2382
2420
2328
2102
1753
967
62
-559
-761
-361
510
1768
2962
4006
4793
4805
4273
3627
2841
2000
1214
525
84
261
928
1726
2814
3956
4848
5367
5531
5127
4303
3384
2446
1562
571
-209
-414
44
698
1662
2820
3907
4647
5022
5173
5075
4746
4103
3108
2115
1474
1082
871
816
1294
2086
2936
3795
4376
4756
4889
4659
4453
4144
3401
2623
1914
1495
1401
1360
1628
2029
2309
2781
3272
3742
4014
3844
3562
3208
2733
2305
1763
1459
1219
1028
1054
1176
1273
1465
1851
2101
2208
2123
2028
1998
1725
1429
1152
1108
1213
1362
1471
1654
1735
1811
1981
2144
2243
2323
2526
2544
2165
1485
809
236
-417
-1177
-1907
-2392
-2554
-2404
-2083
-1538
-844
-111
601
1330
1811
1957
1732
1325
804
65
-633
-1165
-1442
-1360
-1016
-432
252
1075
1902
2621
3196
3397
3344
3192
2794
2216
1577
1013
618
253
223
592
1227
1639
1914
2289
2623
2744
2763
2704
2485
2141
1811
1533
1223
902
804
937
1078
1125
1368
1699
1892
1848
1785
1725
1798
1810
1462
1162
1074
917
661
736
845
832
679
520
445
349
35
-260
-297
-342
-604
-949
-1011
-1108
-1136
-827
-571
-576
-635
-723
-593
-594
-800
-1085
-1202
-923
-339
703
2137
3462
4608
5375
5614
5265
4076
2355
597
-1452
-3306
-4772
-5568
-5589
-4831
-3368
-1474
448
2284
3720
4420
4250
3595
2385
778
-1114
-2871
-4269
-5208
-5427
-5010
-4043
-2713
-1280
-102
808
1282
1292
873
199
-948
-2281
-3469
-4469
-5139
-5412
-5290
-4772
-4110
-3246
-2220
-1159
-466
-130
-84
-215
-913
-1814
-2574
-3353
-4019
-4366
-4462
-4261
-3929
-3468
-2987
-2579
-2271
-2296
-2147
-2189
-2517
-2937
-3176
-3127
-3051
-3054
-2789
-2367
-1824
-1335
-911
-667
-407
-251
-414
-581
-871
-1138
-1249
-1190
-1225
-849
-267
165
500
617
978
1277
1279
1344
1529
1477
1117
628
-40
-739
-1483
-2238
-2926
-3400
-3383
-3205
-3009
-2492
-1691
-888
-85
582
1179
1415
1418
947
150
-607
-1336
-2060
-2627
-2752
-2662
-2243
-1467
-569
270
844
1276
1712
2006
1870
1183
357
-312
-946
-1534
-1774
-1900
-1791
-1382
-852
-348
-2
332
737
1002
944
683
522
329
-17
-99
-168
-425
-577
-319
17
341
743
999
1004
1016
1095
1167
1177
1175
1083
1082
1224
1263
1161
1109
1205
1336
1367
1199
1056
936
724
600
571
524
480
403
282
333
402
522
745
1002
966
771
765
679
180
-399
-948
-1356
-1246
