-5314
-5044
-4799
-4304
-4147
-4108
-4164
-4340
-4639
-4916
-5026
-5077
-4957
-4884
-4884
-4688
-4366
-4062
-3934
-3839
-3694
-3345
-3255
-3267
-3289
-3885
-4699
-5525
-6393
-7324
-8051
-8495
-8618
-8620
-8338
-7712
-6895
-6021
-5018
-4259
-3840
-3620
-3622
-4068
-4726
-5518
-6424
-6923
-7223
-7497
-7405
-6752
-5815
-4860
-3849
-2880
-2322
-2057
-2023
-2185
-2691
-3402
-4136
-4807
-5309
-5570
-5587
-5308
-4906
-4390
-3846
-3342
-2927
-2713
-2628
-3030
-3925
-4823
-5513
-5863
-5857
-5429
-4645
-3689
-2509
-1496
-1188
-1816
-2991
-4454
-6356
-8348
-10216
-11557
-12159
-11922
-11011
-9498
-7811
-6262
-5245
-4762
-4978
-5737
-7016
-8874
-10866
-12449
-13114
-13171
-12432
-10785
-8392
-5690
-3305
-1065
536
1227
1138
415
-809
-2302
-3895
-5458
-6664
-7207
-6686
-5066
-2439
557
3170
5147
6217
6225
5358
3807
1946
-209
-2430
-4396
-5748
-6209
-6021
-5047
-3568
-1899
-468
384
604
315
-729
-2479
-4551
-6688
-8489
-9719
-10216
-10170
-9516
-8291
-6755
-5279
-4155
-3456
-3497
-3914
-4717
-5914
-7429
-9204
-10760
-11731
-12160
-12328
-11777
-10534
-9154
-7727
-6489
-5458
-4894
-4852
-5396
-6240
-7281
-8540
-9876
-11046
-11716
-11782
-11503
-10980
-9852
-8572
-7246
-6065
-5150
-4493
-3961
-3687
-3584
-3750
-3951
-4129
-4200
-3891
-3411
-3196
-2715
-2045
-1528
-1084
-868
-956
-1100
-1264
-1352
-1458
-1672
-1973
-2028
-1990
-2081
-2170
-2200
-2237
-2303
-2411
-2631
-2751
-2947
-3110
-3256
-3619
-3967
-4504
-5336
-6051
-6537
-6926
-7101
-7075
-6776
-6366
-5813
-5134
-4349
-3704
-3329
-3441
-3835
-4564
-5451
-6054
-6814
-7587
-8253
-8584
-8517
-8249
-7871
-7238
-6290
-5548
-4877
-4281
-3956
-4202
-4519
-4712
-5138
-5447
-5824
-5968
-5681
-5006
-4138
-3400
-2586
-1652
-798
-182
445
1112
1390
1571
1613
1512
1115
294
-575
-1315
-2451
-3675
-4382
-4354
-3444
-2106
-189
1799
3379
4603
5322
5182
4254
2806
982
-821
-2564
-3739
-4009
-3361
-1794
109
2069
3966
5372
6027
6085
5676
4668
3273
1658
144
-1105
-1730
-1502
-326
1439
3438
5300
6516
6917
6952
6725
6474
6162
6009
6149
6481
6752
6803
6666
6395
5805
5022
4209
3081
1986
995
236
-159
-19
672
1622
2562
3479
4274
4819
4857
4285
3448
2367
1141
-161
-1227
-1943
-2251
-2014
-1455
-787
-105
555
1168
1492
1471
1167
581
-281
-1309
-2365
-3215
-3786
-4113
-4269
-4163
-3939
-3953
-3638
-3337
-3293
-3401
-3621
-3745
-3809
-4059
-4331
-4571
-4682
-4737
-4578
-4306
-3679
-3229
-3074
-3113
-3373
-3618
-3661
-3778
-4002
-4183
-4233
-3954
-3703
-3533
-3164
-2682
-2225
-1855
-1583
-1274
-1133
-1099
-1272
-1778
-2221
-2559
-2857
-3191
-3458
-3597
-3482
-3243
-2988
-2874
-2618
-2262
-2010
-1847
-1879
-2296
-3049
-4073
-5336
-6726
-8061
-9032
-9831
-10317
-10549
-10297
-9682
-8759
-7651
-6659
-5973
-5546
-5138
-5052
-5483
-6286
-7384
-8408
-9523
-10267
-10444
-10293
-9965
-9426
-8710
-7950
-7040
-6269
-5811
-5681
-5766
-6059
-6496
-7055
-7599
-8158
-8402
-8472
-8366
-7874
-7267
-6728
-6053
-5319
-4704
-4186
-3830
-3637
-3278
-3025
-3023
-3056
-2821
-2551
-2356
-2028
-1715
-1276
-898
-736
-524
-447
-618
-844
-1173
-1369
-1550
-1613
-1575
-1642
-1901
-1869
-1797
-1718
-1583
-1475
-1564
-1879
-2274
-2590
-2879
-3207
-3380
-3218
-3094
-3215
-3229
-3031
-2837
-2795
-2724
-2554
-2456
-2786
-3329
-3962
-4543
-4498
-4056
-3222
-1956
-696
259
620
578
-167
-1387
-2755
-4246
-5719
-7035
-8080
-8535
-8352
-7384
-5961
-4493
-3161
-2180
-1771
-1702
-2221
-3225
-4399
-5727
-7183
-8397
-9338
-9477
-8927
-8021
-6877
-5671
-4522
-3434
-2776
-2790
-3236
-3795
-4613
-5699
-6972
-8057
-8646
-8810
-8499
-7861
-7043
-5973
-4879
-4101
-3452
-3112
-3213
-3715
-4303
-4862
-5513
-6219
-6803
-6979
-6921
-6772
-6488
-6027
-5400
-4830
-4656
-4651
-4705
-4918
-5326
-5900
-6355
-6693
-6879
-7030
-6987
-6624
-6261
-5904
-5786
-5795
-5726
-5620
-5633
-5785
-6106
-6359
-6689
-6867
-6917
-6887
-6760
-6541
-6217
-5911
-5498
-5211
-5077
-5100
-5199
-5276
-5445
-5889
-6702
-7602
-8399
-9057
-9894
-10818
-11232
-11079
-10482
-9802
-8983
-8055
-7092
-6226
-5717
-5466
-5497
-5905
-6513
-7285
-8183
-9047
-9625
-9619
-9196
-8599
-7903
-7027
-5965
-4869
-4144
-3726
-3487
-3325
-3527
-4043
-4637
-5190
-5697
-5889
-5669
-5298
-4874
-4260
-3486
-2704
-2112
-1577
-1148
-823
-690
-713
-674
-776
-977
-1149
-1107
-965
-735
-397
-11
483
825
967
1151
1435
1561
1539
1401
1278
1250
1187
1201
1231
1215
1215
1114
1060
977
940
714
490
241
115
-27
-246
-231
-64
77
115
230
394
544
662
724
803
580
-35
-611
-1125
-1271
-859
-18
1429
3011
4367
5127
5199
4845
3925
2682
1383
84
-1170
-2109
-2644
-2573
-1812
-657
587
1865
3026
3605
3548
3057
2294
1317
186
-1022
-2209
-3142
-3504
-3295
-2772
-1756
-434
631
1595
2256
2286
1851
1073
283
-585
-1647
-2789
-3530
-3766
-3777
-3479
-2784
-1738
-869
-55
308
535
502
21
-414
-1139
-2081
-2956
-3509
-3557
-3639
-3718
-3417
-2764
-2093
-1591
-1347
-1204
-1227
-1420
-1671
-2026
-2553
-2990
-3183
-3283
-3325
-3147
-2854
-2479
-2041
-1791
-1794
-1875
-1961
-2223
-2528
-2834
-2944
-3045
-3135
-3084
-3081
-2888
-2625
-2290
-1917
-1696
-1527
-1558
-1545
-1656
-2000
-2464
-3056
-3809
-4642
-5417
-6128
-6894
-7490
-7627
-7386
-7053
-6250
-5281
-4348
-3570
-2961
-2703
-2877
-3356
-3941
-4638
-5425
-6165
-6953
-7510
-7512
-7107
-6343
-5289
-4235
-3364
-2751
-2304
-2104
-2083
-2258
-2664
-3169
-3650
-4198
-4681
-4978
-4908
-4478
-3897
-3126
-2234
-1523
-1079
-747
-619
-604
-705
-919
-1040
-1186
-1372
-1338
-1046
-716
-419
-18
228
506
891
1021
1034
1136
1117
1043
994
927
896
867
1072
1086
942
907
841
777
518
310
80
-178
-289
-469
-591
-558
-507
-462
-508
-325
-178
-164
-156
-177
-332
-521
-930
-1751
-2354
-2399
-2123
-1506
-297
1213
2641
3700
4071
3855
3169
2038
431
-1110
-2463
-3710
-4454
-4426
-3800
-2757
-1504
-275
891
1741
2059
1869
1069
-50
-1333
-2743
-4135
-5287
-6030
-6021
-5438
-4391
-3206
-1996
-1019
-448
-351
-436
-680
-1275
-2358
-3524
-4582
-5429
-5939
-5981
-5369
-4617
-3855
-3068
-2339
-1765
-1423
-1369
-1577
-2009
-2614
-3497
-4589
-5289
-5563
-5665
-5643
-5283
-4880
-4338
-3887
-3454
-3077
-3272
-3617
-3886
-4296
-4489
-4777
-5130
-5408
-5447
-5226
-5004
-4799
-4486
-4057
-3772
-3703
-3763
-3903
-4206
-4359
-4444
-4697
-4949
-5135
-4891
-4640
-4588
-4424
-4081
-3910
-3843
-3739
-3701
-3639
-3644
-3880
-4360
-5165
-5999
-6958
-7931
-8728
-9231
-9572
-9565
-9198
-8493
-7484
-6484
-5579
-4719
-4236
-4113
-4539
-5197
-5989
-7039
-7875
-8339
-8649
-8797
-8455
-7692
-6763
-6009
-5250
-4210
-3425
-3049
-3050
-3216
-3557
-4065
-4504
-4988
-5426
-5639
-5597
-5101
-4319
-3695
-2929
-2221
-1737
-1324
-917
-728
-685
-716
-901
-1060
-1152
-1051
-872
-673
-550
-457
-5
532
980
1242
1338
1299
1210
1208
1202
1317
1394
1290
1230
1297
1415
1447
1448
1479
1460
1350
1088
810
766
726
525
341
147
254
570
712
670
625
672
626
536
394
-140
-765
-1571
-2527
-3132
-3240
-2609
-1475
-35
1158
1660
1824
1667
1080
372
-447
-1330
-1976
-2256
-2323
-2020
-1319
-369
583
1368
1901
2121
1975
1494
538
-651
-1784
-2720
-3341
-3483
-3382
-2928
-1949
-851
209
1061
1593
2051
2242
1904
1258
348
-622
-1566
-2363
-2871
-2727
-2124
-1229
-340
572
1320
1969
2411
2301
2011
1501
664
-109
-699
-1236
-1704
-1976
-1915
-1412
-877
-424
6
448
891
1083
729
234
-250
-673
-1281
-1859
-2388
-2724
-2733
-2776
-2650
-2359
-2044
-1850
-1664
-1687
-1974
-2286
-2384
-2586
-2792
-3205
-3514
-3387
-3130
-3053
-2914
-2940
-3047
-2875
-2604
-2438
-2499
-2535
-2672
-3186
-3820
-4620
-5582
-6557
-7266
-7720
-8075
-8078
-7859
-7491
-6675
-5596
-4496
-3659
-3260
-3235
-3274
-3488
-4209
-4988
-5604
-6226
-6741
-6964
-6766
-6210
-5437
-4390
-3272
-2233
-1480
-1073
-789
-886
-1166
-1326
-1588
-2071
-2538
-2767
-2739
-2488
-2041
-1243
-449
290
907
1193
1451
1470
1436
1392
1143
990
1032
930
971
953
1112
1477
1810
2145
2309
2511
2620
2713
2769
2680
2512
2409
2343
2162
2101
2006
2046
2161
2229
2051
1804
1478
1401
1357
1112
854
761
725
686
604
651
765
840
786
773
885
907
831
780
483
267
525
1333
2359
3585
5023
6395
7311
7574
7203
6368
4947
2919
616
-1407
-3020
-4236
-4809
-4564
-3229
-1219
956
2782
4536
5842
6253
5703
4619
3160
1250
-815
-2708
-3969
-4576
-4712
-4131
-2845
-1416
-90
835
1467
1852
1724
968
-36
-1311
-2742
-4007
-5212
-5944
-5924
-5632
-4908
-4045
-3135
-2168
-1444
-1017
-813
-930
-1317
-1964
-2988
-3785
-4578
-5364
-5746
-5773
-5447
-4984
-4588
-4180
-3927
-3889
-3854
-3727
-3704
-3861
-4091
-4350
-4426
-4322
-4161
-3796
-3430
-3181
-2930
-2479
-2188
-2082
-2164
-2366
-2582
-3006
-3255
-3322
-3079
-2767
-2512
-2202
-1814
-1521
-1338
-1043
-731
-741
-1019
-1056
-1311
-1768
-2413
-3175
-4073
-5146
-6133
-6803
-6948
-6871
-6651
-6101
-5213
-4146
-3160
-2294
-1855
-1862
-1903
-2171
-2870
-3926
-4911
-5641
-6206
-6837
-7025
-6764
-6123
-5239
-4460
-3695
-2922
-2285
-2044
-2038
-2296
-2811
-3393
-4051
-4677
-4935
-5006
-5052
-4682
-4202
-3434
-2652
-2061
-1488
-976
-654
-605
-830
-1107
-1209
-1255
-1273
-1245
-1059
-799
-507
-70
307
705
937
1102
1352
1600
1606
1488
1532
1494
1441
1446
1509
1625
1734
1923
1991
1878
1827
1692
1462
1331
1194
963
817
865
995
974
1005
1166
1393
1408
1394
1471
1456
1286
913
350
-454
-1191
-1438
-1056
-342
597
1626
2460
2817
2718
2139
1278
206
-996
-2170
-3016
-3459
-3494
-2949
-1894
-467
1069
2238
2955
3190
2942
2261
1119
-283
-1801
-3260
-4483
-5092
-5012
-4535
-3646
-2417
-1087
135
891
1388
1541
1397
863
30
-1002
-2137
-2891
-3288
-3417
-3158
-2453
-1488
-495
442
1225
1715
1765
1452
901
409
-182
-851
-1431
-2025
-2160
-1954
-1913
-1625
-1059
-433
119
489
638
584
377
100
-244
-526
-935
-1236
-1469
-1594
-1672
-1574
-1407
-1216
-1042
-1015
-1224
-1631
-2033
-2275
-2440
-2466
-2519
-2698
-2872
-2799
-2590
-2461
-2271
-2101
-2145
-2107
-2138
-2141
-2215
-2503
-3072
-3880
-4875
-5934
-6776
-7465
-7802
-8055
-8086
-7739
-7264
-6529
-5581
-4581
-3755
-3283
-3144
-3426
-3873
-4615
-5551
-6262
-6719
-6988
-7014
-6667
-6011
-5172
-4285
-3088
-2173
-1435
-876
-737
-832
-1207
-1696
-2192
-2610
-3007
-3258
-2921
-2348
-1843
-1130
-190
512
1115
1644
1839
1929
2005
1968
1812
1641
1612
1668
1763
2003
2264
2477
2770
3044
3356
3513
3498
3524
3608
3713
3542
3323
3275
3163
2977
2912
2999
3112
2937
2634
2709
2751
2485
2148
2007
1830
1713
1536
1548
1674
1629
1649
1782
1918
1966
1797
1612
1420
1176
687
81
-469
-559
135
1245
2744
4167
5194
5789
5769
5382
4379
3084
1859
562
-560
-1335
-1587
-1318
-630
606
2089
3418
4241
4566
4677
4233
3240
2114
982
-242
-1360
-2087
-2249
-1866
-1049
-122
888
1880
2549
3039
3061
2661
2036
1295
343
-672
-1670
-2432
-2566
-2231
-1735
-941
-7
865
1506
1766
1794
1548
970
262
-434
-1104
-1701
-2128
-2507
-2515
-2337
-1971
-1425
-988
-636
-533
-488
-618
-769
-1091
-1650
-1991
-2260
-2416
-2628
-2609
-2334
-2139
-1760
-1409
-1226
-1166
-1192
-1269
-1645
-1818
-2036
-2147
-2237
-2213
-2106
-2078
-1871
-1619
-1453
-1271
-951
-830
-791
-778
-950
-1079
-1400
-2119
-2982
-3892
-4799
-5388
-5829
-6165
-6312
-6051
-5557
-4871
-4131
-3174
-2266
-1669
-1385
-1612
-2159
-2716
-3451
-4268
-4942
-5307
-5599
-5549
-5175
-4522
-3545
-2561
-1644
-1030
-665
-528
-691
-1150
-1529
-1953
-2465
-3003
-3202
-3070
-2860
-2483
-1949
-1301
-632
-57
304
537
739
857
774
685
497
329
205
350
595
786
1074
1376
1824
2093
2272
2326
2444
2680
2595
2430
2287
2190
2105
2179
2245
2348
2469
2442
2355
2217
2122
2021
1813
1609
1570
1352
1240
1158
1085
1149
1369
1449
1456
1523
1576
1668
1569
1228
720
203
-316
-509
-82
847
2035
3373
4732
5581
5828
5373
4527
3506
2101
693
-510
-1477
-1988
-1945
-1392
-309
1023
2268
3232
3935
4170
3726
2846
1810
714
-759
-2212
-3130
-3396
-3086
-2429
-1522
-306
865
1560
1983
2216
1967
1461
690
-394
-1438
-2360
-3141
-3600
-3436
-2863
-2171
-1481
-529
366
873
1104
1031
758
190
-619
-1380
-2052
-2645
-3000
-3089
-2785
-2292
-1928
-1442
-819
-568
-489
-507
-658
-1072
-1677
-2054
-2257
-2354
-2256
-2254
-2136
-1760
-1558
-1311
-1016
-869
-774
-729
-847
-1069
-1478
-1681
-1747
-1822
-1810
-1581
-1404
-1290
-942
-855
-965
-913
-610
-457
-564
-837
-1284
-1788
-2477
-3260
-4209
-5074
-5672
-6094
-6335
-6245
-5709
-4949
-4065
-3082
-2232
-1732
-1497
-1569
-1885
-2542
-3356
-4078
-4603
-5142
-5576
-5634
-5268
-4575
-3726
-2690
-1732
-897
-245
-168
-333
-523
-801
-1433
-1939
-2234
-2594
-2639
-2318
-1957
-1515
-807
-51
606
1138
1365
1663
1848
1821
1801
1637
1465
1349
1386
1457
1615
2077
2537
2901
3162
3405
3701
3818
3649
3599
3686
3698
3565
3434
3277
3339
3320
3254
3391
3393
3143
3004
2829
2637
2585
2461
2396
2394
2457
2502
2439
2474
2507
2434
2388
2293
2156
2200
2178
1892
1377
825
630
781
1412
2523
3953
5340
6247
6656
6465
5666
4551
3179
1730
497
-413
-883
-1024
-733
92
1440
2922
4013
4622
4900
4839
4192
3032
1665
309
-881
-1744
-2142
-2052
-1390
-425
538
1489
2362
2969
3277
3122
2574
1886
990
-39
-952
-1656
-2071
-2095
-1742
-1111
-110
758
1297
1724
2252
2493
2194
1477
660
52
-467
-1099
-1768
-2094
-1977
-1525
-849
-297
23
391
512
588
467
157
-181
-738
-1186
-1375
-1610
-1607
-1418
-1103
-728
-300
-6
44
-46
-202
-347
-440
-588
-833
-1028
-1093
-1285
-1406
-1265
-788
-484
-358
-98
91
93
219
278
111
-369
-1073
-1753
-2582
-3321
-3983
-4536
-5114
-5357
-5306
-4952
-4485
-3762
-2917
-2070
-1317
-971
-808
-942
-1435
-2059
-2799
-3506
-4075
-4400
-4576
-4482
-3920
-3016
-2099
-1280
-493
118
523
558
390
76
-358
-943
-1440
-1839
-2172
-2159
-1670
-1061
-518
-73
444
1083
1526
1778
1866
1835
1575
1181
798
702
946
1282
1844
2319
2512
2493
2229
1757
1241
496
-147
-337
-209
142
648
1322
2112
2851
3416
3720
3527
3052
2277
1426
608
-154
-361
-155
474
1565
2868
4145
5256
6114
6565
6522
6104
5305
4382
3568
2948
2371
1906
1903
2484
3575
5049
6534
8171
9435
9939
9801
9009
7818
6142
4369
2734
1357
307
8
337
1109
2188
3437
4512
5350
5777
5677
5093
4103
2850
1433
59
-922
-1696
-2210
-2205
-1603
-678
315
1346
2110
2557
2497
2144
1590
822
-234
-1379
-2355
-3139
-3709
-3925
-3440
-2652
-2024
-1365
-552
129
564
601
260
-314
-983
-1802
-2478
-3010
-3177
-2996
-2875
-2489
-1745
-890
-39
498
769
849
759
647
434
160
-140
-374
-322
-190
75
444
890
1184
1486
1640
1713
1724
1656
1381
1063
789
615
573
616
582
599
653
768
804
723
700
867
1095
1078
814
487
65
-489
-1246
-2201
-3210
-4098
-4555
-4894
-4983
-4901
-4425
-3685
-3080
-2503
-1815
-1313
-1169
-1303
-1803
-2476
-3282
-4188
-4984
-5461
-5657
-5644
-5094
-4262
-3549
-2716
-1828
-1195
-865
-927
-1102
-1568
-2126
-2754
-3311
-3787
-4179
-4103
-3840
-3468
-3004
-2486
-1818
-1042
-558
-404
-271
-282
-513
-879
-1422
-1846
-2151
-2330
-2387
-2238
-1871
-1250
-382
350
822
1158
1183
1029
757
2
-742
-1152
-1519
-1701
-1713
-1478
-1030
-534
72
562
723
471
118
-338
-945
-1656
-2589
-3213
-3668
-3687
-3299
-2864
-2205
-1719
-1414
-1291
-1316
-1767
-2654
-3993
-5382
-6235
-6312
-5463
-3939
-2136
-684
585
1228
978
243
-1123
-2716
-4451
-6338
-7675
-8262
-8389
-8103
-6924
-5086
-3133
-1596
-622
-5
-106
-932
-2322
-3702
-4955
-6133
-7080
-7850
-7741
-6700
-5179
-3747
-2590
-1462
-491
37
-40
-578
-1169
-2069
-3209
-4072
-4734
-5165
-5043
-4505
-3517
-2443
-1362
-343
308
688
787
590
31
-752
-1497
-2127
-2660
-2864
-2909
-2539
-2066
-1676
-1202
-649
-242
-26
47
-31
-280
-748
-1330
-1760
-1965
-1946
-1729
-1607
-1396
-954
-515
-186
-65
-123
-164
-397
-712
-982
-1167
-1242
-1381
-1405
-1285
-1080
-663
-368
-183
49
315
423
499
636
699
415
-184
-732
-1485
-2317
-3074
-3700
-3912
-3730
-3378
-2969
-2398
-1555
-467
548
1344
1533
1394
1231
976
568
8
-783
-1367
-1581
-1467
-879
-130
695
1798
2853
3570
4015
4126
3956
3737
3190
2472
1874
1389
1045
918
1087
1280
1792
2495
3111
3643
4051
4148
4228
4051
3704
3416
3055
2712
2340
2134
2255
2501
2735
2864
2864
3143
3532
3666
3647
3551
3424
3201
2995
2966
2739
2547
2404
2423
2630
2872
2856
2676
2439
2160
1971
1800
1752
1576
1577
1629
1503
1496
1526
1655
1814
1842
1813
1778
1885
1843
1305
640
111
-108
132
943
2258
3791
5259
6148
6626
6540
5738
4647
3411
2022
728
-169
-746
-812
-307
780
2171
3557
4602
5402
5776
5503
4998
4205
3008
1645
458
-444
-985
-964
-427
562
1569
2442
3274
4005
4482
4383
3880
3183
2334
1278
202
-532
-918
-891
-397
252
1037
1703
2305
3006
3423
3405
3119
2627
2134
1495
740
102
-282
-532
-595
-202
356
823
1269
1644
1816
1881
1758
1587
1254
824
569
418
391
372
427
552
872
1392
1789
1925
1934
1946
1776
1590
1312
1206
1049
852
888
1121
1465
1648
1998
2334
2339
2383
2374
2480
2558
2543
2318
1814
1059
136
-547
-1189
-1714
-2028
-2433
-2573
-2120
-1370
-780
-150
672
1525
2079
2188
1936
1255
489
-137
-725
-1232
-1478
-1693
-1483
-889
-255
554
1367
1909
2334
2661
2743
2409
1839
1190
517
-93
-534
-915
-983
-733
-538
-129
540
1084
1350
1532
1650
1623
1358
982
520
141
-40
-146
-141
9
165
314
493
693
896
985
960
969
912
758
650
522
330
274
275
309
460
545
464
205
-26
-159
-295
-356
-381
-542
-890
-1130
-1346
-1319
-1177
-865
-745
-696
-807
-726
-568
-598
-1085
-1852
-2491
-2801
-2900
-2352
-1154
311
1869
3045
3678
3609
3030
1987
751
-668
-2065
-3281
-4216
-4457
-4217
-3445
-2269
-954
425
1517
2097
2196
1708
735
-408
-1760
-3189
-4312
-4938
-5114
-4630
-3740
-2657
-1575
-700
50
697
977
654
-137
-1042
-2174
-3370
-4217
-4493
-4650
-4414
-3786
-2973
-2028
-1127
-479
-212
10
18
-220
-758
-1431
-2250
-2961
-3579
-3849
-3630
-3334
-2973
-2483
-2016
-1545
-1125
-1025
-1066
-1252
-1400
-1714
-2089
-2444
-2602
-2500
-2457
-2203
-1932
-1788
-1345
-814
-444
-432
-688
-932
-1065
-1176
-1294
-1432
-1411
-1311
-1194
-1006
-686
-514
-353
-72
81
162
174
368
174
-343
-907
-1709
-2606
-3260
-3760
-4274
-4644
-4688
-4536
-3925
-3150
-2280
-1355
-641
-187
98
132
-184
-759
-1653
-2404
-2907
-3106
-3125
-3066
-2753
-1878
-914
-33
786
1435
1641
1617
1502
1215
743
107
-518
-1017
-1513
-1608
-1410
-1002
-369
124
571
1047
1345
1506
1475
1480
1155
802
390
65
-117
-142
-27
181
520
904
1122
1292
1415
1466
1422
1356
1334
1334
1275
1136
960
859
766
609
606
799
868
789
716
544
281
24
-190
-226
-293
-346
-199
11
154
159
76
100
83
184
295
166
-122
-472
-233
180
801
