-5122
-4722
-4373
-4187
-4096
-3983
-4042
-4338
-4487
-4749
-5070
-5089
-5098
-5238
-5236
-4985
-4614
-4364
-4238
-3834
-3484
-3440
-3485
-3552
-3773
-4149
-4735
-5458
-6294
-7253
-8107
-8488
-8845
-8860
-8542
-8017
-7226
-6272
-5336
-4550
-3877
-3541
-3647
-4149
-4716
-5568
-6272
-6937
-7299
-7190
-7036
-6611
-5855
-4763
-3747
-3038
-2462
-2059
-1951
-2080
-2529
-3075
-3765
-4432
-4904
-5233
-5432
-5217
-4822
-4209
-3479
-2811
-2382
-2106
-2009
-2480
-3247
-4036
-4904
-5345
-5513
-5247
-4410
-3433
-2311
-1386
-1125
-1619
-2775
-4304
-6267
-8335
-10178
-11546
-12195
-12004
-10994
-9338
-7676
-6321
-5400
-4714
-4785
-5740
-7292
-9076
-10857
-12318
-13090
-13147
-12423
-10927
-8715
-6013
-3410
-1284
380
1215
1156
375
-807
-2222
-3743
-5303
-6540
-6796
-5911
-4152
-1703
1281
4095
6114
7079
6897
6034
4510
2324
-212
-2809
-4998
-6457
-7285
-7044
-5582
-3825
-2068
-434
955
1576
1152
156
-1527
-3766
-6133
-8146
-9478
-10382
-10542
-9982
-9038
-7629
-6079
-4703
-3743
-3274
-3415
-4085
-5333
-6909
-8518
-10219
-11598
-12411
-12608
-12205
-11450
-10281
-8891
-7523
-6243
-5436
-5285
-5550
-6231
-7402
-8618
-9889
-11029
-11753
-12101
-11876
-11282
-10316
-9162
-7923
-6715
-5701
-4961
-4433
-4159
-4077
-4299
-4541
-4575
-4469
-4219
-3992
-3450
-2592
-2050
-1821
-1524
-1140
-995
-1070
-1360
-1528
-1694
-1815
-1939
-2067
-2171
-2059
-1879
-1866
-1771
-1793
-1927
-2063
-2220
-2343
-2556
-2923
-3367
-3852
-4535
-5018
-5409
-5926
-6290
-6541
-6684
-6454
-5932
-5340
-4617
-3921
-3291
-2820
-2770
-3231
-3964
-4858
-5669
-6335
-7177
-8009
-8416
-8382
-8147
-7738
-6929
-5834
-5001
-4470
-4239
-4020
-3996
-4309
-4668
-5079
-5473
-5749
-5883
-5596
-5013
-4295
-3480
-2509
-1566
-781
-71
516
897
1072
1249
1433
1512
1287
534
-524
-1556
-2656
-3665
-4424
-4493
-3622
-2070
-142
1647
3302
4657
5309
5158
4306
2827
1119
-717
-2493
-3585
-3863
-3217
-1957
-36
2128
4055
5397
6081
6169
5750
4806
3408
1702
172
-879
-1428
-1294
-239
1549
3619
5459
6779
7546
7771
7716
7588
7271
7015
7088
7351
7476
7396
7079
6630
5864
4900
3893
2668
1444
456
-153
-262
2
771
1708
2677
3641
4460
5147
5192
4574
3575
2336
1233
69
-1067
-1839
-2323
-2203
-1773
-1239
-602
25
602
988
1078
664
183
-585
-1569
-2608
-3567
-4361
-4877
-4982
-4804
-4553
-4235
-3752
-3565
-3548
-3646
-3772
-3968
-4328
-4632
-4811
-4798
-4703
-4631
-4419
-4240
-4151
-4028
-3888
-3710
-3644
-3849
-4153
-4205
-4249
-4288
-4214
-4146
-3919
-3450
-2939
-2377
-1815
-1401
-1131
-955
-962
-1063
-1424
-2029
-2465
-2659
-2875
-3166
-3290
-3185
-2935
-2666
-2555
-2285
-1866
-1433
-1297
-1369
-1617
-2040
-2759
-3885
-5069
-6160
-7277
-8449
-9218
-9767
-10077
-9977
-9520
-8757
-7510
-6431
-5573
-4980
-4682
-4662
-5208
-6197
-7317
-8284
-9300
-9915
-10324
-10486
-10185
-9613
-8777
-7850
-6867
-6075
-5607
-5591
-5921
-6198
-6708
-7418
-7977
-8330
-8593
-8396
-8081
-7682
-7032
-6383
-5767
-4997
-4235
-3716
-3312
-3158
-3050
-2991
-3023
-2925
-2768
-2402
-2138
-1944
-1373
-887
-678
-606
-657
-611
-508
-544
-545
-601
-940
-1297
-1501
-1390
-1327
-1141
-1030
-934
-1107
-1201
-1266
-1428
-1684
-2075
-2343
-2500
-2579
-2763
-2798
-2764
-2742
-2537
-2390
-2310
-2183
-2051
-2050
-2139
-2557
-3385
-3974
-4145
-3877
-3198
-2008
-658
338
913
945
437
-586
-2037
-3585
-5175
-6557
-7509
-7948
-7832
-7148
-5834
-4153
-2621
-1702
-1174
-1145
-1775
-2719
-3929
-5237
-6804
-8180
-8982
-9236
-8702
-7775
-6804
-5599
-4281
-3275
-2630
-2547
-2693
-3164
-4035
-5074
-6295
-7600
-8257
-8503
-8540
-8177
-7339
-6155
-4949
-3944
-3382
-2992
-3061
-3541
-4248
-4885
-5506
-6137
-6730
-7017
-7013
-6873
-6445
-5869
-5239
-4786
-4487
-4422
-4497
-4727
-5186
-5424
-5723
-6283
-6713
-6800
-6686
-6438
-6160
-5835
-5498
-5395
-5417
-5357
-5285
-5550
-5990
-6279
-6532
-6771
-6763
-6639
-6473
-6212
-5869
-5527
-5290
-5181
-4985
-4777
-4719
-4863
-5317
-5858
-6502
-7411
-8287
-9237
-9877
-10445
-10748
-10791
-10685
-10197
-9457
-8286
-7397
-6580
-5834
-5527
-5729
-6079
-6587
-7356
-8227
-9050
-9685
-9855
-9598
-8917
-7961
-6948
-5920
-4910
-4150
-3646
-3262
-3112
-3415
-4023
-4558
-5180
-5540
-5838
-5952
-5537
-4947
-4280
-3811
-3435
-2705
-1850
-1402
-1119
-906
-783
-865
-971
-1079
-1225
-1251
-1092
-857
-475
-41
464
820
936
1170
1344
1487
1424
1216
1080
894
845
962
920
801
728
671
752
666
451
223
130
8
-98
-254
-384
-455
-281
4
75
69
74
155
278
226
213
217
-282
-970
-1502
-1737
-1307
-391
883
2436
3759
4632
4835
4455
3769
2606
1295
-46
-1397
-2540
-3112
-2966
-2463
-1525
-163
1284
2468
3240
3501
3177
2379
1206
167
-1041
-2271
-3357
-3925
-3679
-3049
-2173
-1023
251
1260
1886
2061
1779
1158
215
-802
-1925
-2998
-3831
-4108
-4071
-3778
-3119
-2177
-1244
-477
9
210
313
49
-624
-1297
-2060
-2895
-3457
-3782
-3832
-3570
-3288
-2888
-2254
-1932
-1785
-1600
-1525
-1601
-1746
-2269
-2773
-3094
-3413
-3536
-3567
-3272
-2864
-2461
-2176
-2068
-2021
-2180
-2129
-2130
-2316
-2605
-2935
-3264
-3204
-3104
-3055
-2963
-2665
-2570
-2362
-2211
-1990
-1925
-1919
-1945
-2035
-2327
-2954
-3738
-4476
-5306
-6188
-6757
-7098
-7435
-7411
-6986
-6279
-5301
-4347
-3468
-2814
-2578
-2608
-2968
-3597
-4608
-5742
-6619
-7220
-7528
-7309
-6941
-6331
-5612
-4722
-3587
-2590
-2107
-1802
-1688
-2108
-2671
-3260
-3698
-4046
-4524
-4697
-4506
-4210
-3677
-2935
-2129
-1518
-1053
-621
-250
-78
-238
-564
-618
-766
-842
-796
-628
-434
-209
110
390
672
966
1278
1425
1504
1574
1610
1420
1352
1344
1341
1389
1249
1167
1122
1060
1076
1066
745
486
380
278
130
-110
-176
-69
-47
-6
66
269
335
225
197
53
21
-322
-922
-1510
-1918
-1870
-1368
-146
1435
2860
3862
4426
4311
3503
2342
1065
-380
-1873
-3174
-4062
-4285
-3983
-3148
-1814
-358
983
1810
2258
2235
1543
618
-608
-2068
-3536
-4570
-4996
-5092
-4771
-4115
-3009
-1804
-844
-134
222
262
52
-811
-2004
-3051
-4034
-4885
-5522
-5778
-5488
-4800
-3840
-2959
-2076
-1358
-852
-895
-1304
-1723
-2256
-2932
-3839
-4749
-5339
-5538
-5553
-5340
-4621
-3999
-3563
-3341
-3209
-3161
-3235
-3460
-3856
-4393
-4786
-4976
-5116
-5241
-5126
-4824
-4537
-4224
-3788
-3449
-3438
-3540
-3649
-3734
-4017
-4415
-4612
-4776
-4795
-4820
-4691
-4364
-3967
-3785
-3863
-3748
-3560
-3382
-3508
-3591
-3645
-4127
-5036
-5976
-6842
-7793
-8826
-9532
-9651
-9414
-8928
-8360
-7591
-6658
-5693
-4969
-4450
-4369
-4612
-5203
-6017
-6811
-7600
-8232
-8501
-8764
-8712
-8102
-7192
-6173
-5199
-4296
-3733
-3393
-3180
-3243
-3523
-3930
-4498
-5042
-5552
-5767
-5677
-5261
-4561
-3868
-3125
-2416
-1920
-1506
-1128
-891
-856
-909
-1079
-1331
-1445
-1430
-1426
-1253
-954
-415
68
375
708
1073
1196
1225
1214
1089
906
813
787
797
888
892
1021
1224
1248
1128
1108
975
639
264
59
76
-47
-255
-262
-189
-12
131
271
246
330
427
274
189
-105
-822
-1830
-2708
-3095
-2865
-2138
-1055
187
1318
2069
2353
2239
1698
743
-213
-1208
-2224
-2851
-2954
-2756
-2073
-959
75
1134
2022
2307
2125
1769
1005
-281
-1575
-2685
-3577
-4191
-4270
-3704
-2657
-1463
-465
441
1252
1734
1770
1390
887
2
-940
-1711
-2481
-3162
-3217
-2894
-2309
-1443
-581
239
888
1428
1641
1505
1062
354
-528
-1349
-1938
-2194
-2324
-2315
-2155
-1623
-959
-394
10
186
166
125
-132
-719
-1224
-1711
-2311
-2828
-3041
-2857
-2727
-2549
-2243
-2114
-2040
-2070
-1997
-1965
-2075
-2257
-2536
-2789
-2983
-3088
-3214
-3250
-3134
-2958
-2829
-2774
-2662
-2540
-2406
-2386
-2502
-2719
-3017
-3504
-4322
-5314
-6173
-6740
-7201
-7630
-7890
-7777
-7205
-6297
-5212
-4341
-3811
-3429
-3037
-2945
-3321
-4062
-4820
-5471
-6066
-6554
-6674
-6476
-6050
-5205
-4305
-3208
-2234
-1433
-891
-530
-548
-856
-1199
-1736
-2317
-2674
-3044
-3101
-2932
-2488
-1826
-1042
-175
537
961
1287
1691
1939
1814
1396
1069
885
860
1033
1086
1228
1385
1880
2416
2524
2553
2686
2874
3058
3010
2797
2570
2367
2247
2260
2304
2336
2365
2271
2047
2011
1987
1764
1589
1435
1280
1185
1013
839
750
750
876
974
1101
1186
1184
1184
1259
1265
851
418
381
851
1671
2830
4244
5790
6812
7310
7201
6497
5199
3477
1606
-378
-2162
-3469
-3906
-3652
-2571
-866
1096
2920
4373
5342
5764
5513
4552
3003
1285
-434
-1983
-3341
-4058
-4202
-3860
-2740
-1347
62
1243
2032
2497
2436
1840
659
-618
-1784
-2995
-4181
-5059
-5302
-4938
-4239
-3365
-2429
-1428
-559
15
113
-19
-384
-1059
-1898
-2819
-3575
-4111
-4454
-4448
-4244
-3867
-3593
-3178
-2859
-2633
-2573
-2700
-3045
-3317
-3478
-3707
-3908
-3783
-3718
-3545
-3228
-2607
-1968
-1506
-1451
-1451
-1553
-1849
-2101
-2353
-2710
-3040
-3086
-2796
-2308
-1766
-1459
-1325
-1265
-1189
-1064
-950
-928
-924
-1061
-1458
-2211
-3084
-3939
-4705
-5628
-6352
-6865
-7080
-6839
-6252
-5445
-4392
-3529
-2746
-2205
-1825
-1754
-2116
-2776
-3790
-4790
-5775
-6551
-7143
-7156
-6593
-5950
-5106
-4168
-3371
-2649
-2176
-1898
-2001
-2323
-2688
-3260
-3981
-4513
-4848
-5012
-4894
-4431
-3875
-3249
-2499
-1964
-1354
-615
-311
-121
35
-183
-299
-397
-596
-653
-489
-323
-135
224
680
1117
1583
1877
1987
2136
2082
2055
2020
1951
1833
1788
1765
1900
2018
1977
1935
1737
1658
1675
1555
1484
1289
1224
1324
1134
1073
1156
1396
1508
1440
1496
1520
1439
1509
1448
1076
369
-372
-860
-1065
-782
105
1250
2280
3120
3622
3673
3109
2067
876
-214
-1313
-2273
-2978
-3105
-2501
-1463
-296
1010
2317
3310
3587
3438
2798
1597
182
-1273
-2668
-3821
-4467
-4491
-3978
-3075
-1890
-722
358
1185
1702
1770
1452
931
134
-908
-1967
-2785
-3234
-3401
-3242
-2606
-1448
-520
209
965
1431
1554
1466
1118
519
-199
-1022
-1773
-2274
-2596
-2604
-2243
-1579
-965
-417
-119
178
343
396
361
-141
-741
-1217
-1577
-1796
-1862
-1808
-1781
-1679
-1473
-1171
-932
-931
-1000
-1083
-1224
-1699
-2050
-2128
-2319
-2524
-2555
-2463
-2335
-2063
-1855
-1863
-1812
-1745
-1663
-1659
-1752
-2050
-2621
-3331
-4256
-5230
-6063
-6866
-7452
-7721
-7616
-7219
-6626
-5801
-4935
-3988
-3256
-2972
-2693
-2898
-3476
-4079
-4719
-5580
-6244
-6573
-6658
-6439
-5706
-4845
-3902
-2861
-2010
-1323
-858
-689
-713
-815
-1316
-2014
-2515
-2720
-2808
-2717
-2257
-1803
-1216
-442
416
1212
1624
1841
2080
2209
2117
1873
1641
1566
1544
1597
1712
1920
2383
2839
3154
3453
3726
3799
3758
3717
3674
3591
3496
3429
3420
3424
3374
3269
3329
3334
3263
3069
2929
2772
2476
2233
2198
2231
1981
1962
2021
2090
2067
2044
2108
2243
2245
2100
2034
1702
1178
534
145
186
774
1724
2977
4337
5407
6054
6257
5843
4860
3710
2465
1108
-238
-1256
-1528
-1159
-352
620
1780
2988
4171
4949
5066
4644
3829
2679
1361
63
-877
-1493
-1808
-1639
-951
38
1088
1993
2895
3509
3638
3288
2671
1765
559
-591
-1405
-1899
-2024
-1895
-1376
-784
29
817
1435
1868
2106
2115
1712
1131
345
-633
-1353
-1765
-1991
-1951
-1885
-1666
-1200
-643
-217
48
-11
-213
-486
-708
-1100
-1653
-2103
-2272
-2316
-2241
-1905
-1594
-1130
-830
-716
-623
-786
-936
-995
-1182
-1487
-1858
-2064
-1947
-1879
-1907
-1630
-1275
-845
-610
-617
-498
-380
-396
-528
-819
-1321
-1964
-2694
-3546
-4435
-5223
-5779
-6317
-6463
-5991
-5147
-4439
-3663
-2898
-2115
-1531
-1285
-1360
-1688
-2370
-3299
-4112
-4778
-5133
-5354
-5496
-5215
-4343
-3251
-2266
-1470
-908
-534
-241
-165
-574
-1211
-1770
-2366
-2582
-2676
-2546
-2172
-1975
-1605
-853
-89
529
946
1241
1609
1639
1329
1264
1191
1054
932
961
1048
1290
1590
1998
2406
2772
2970
3078
3036
2944
3085
3237
3033
2752
2698
2892
3135
3137
3050
3095
3174
3124
2928
2746
2531
2222
2004
1990
1930
1804
1794
1949
1985
2103
2232
2298
2317
2368
2352
2100
1768
1210
541
388
671
1422
2581
3960
5173
5931
6298
6100
5225
4000
2653
1215
-44
-932
-1444
-1259
-673
194
1272
2516
3619
4460
4777
4413
3672
2744
1560
190
-1137
-2102
-2691
-2754
-2234
-1268
-300
630
1567
2378
2815
2633
1802
1107
191
-900
-1930
-2696
-2855
-2737
-2458
-1691
-741
65
707
1287
1543
1407
1095
620
-147
-1004
-1648
-2218
-2584
-2701
-2572
-2118
-1707
-1321
-806
-336
-34
-112
-328
-609
-890
-1275
-1699
-1966
-2142
-2098
-1999
-1756
-1333
-1050
-707
-609
-635
-768
-983
-1046
-1111
-1172
-1468
-1623
-1530
-1402
-1302
-1197
-1102
-836
-595
-620
-567
-447
-524
-668
-1046
-1727
-2448
-3242
-4209
-5051
-5711
-6265
-6524
-6385
-5737
-4947
-4135
-3199
-2428
-1820
-1559
-1609
-1746
-2216
-2893
-3712
-4518
-5091
-5624
-5689
-5175
-4564
-3614
-2536
-1760
-1168
-520
-293
-389
-529
-950
-1464
-1964
-2361
-2705
-2798
-2579
-2030
-1521
-961
-472
192
746
1129
1541
1837
1861
1785
1590
1543
1409
1306
1454
1629
1936
2317
2653
2974
3335
3601
3594
3464
3622
3736
3656
3524
3509
3485
3286
3135
3083
3182
3305
3242
3196
3041
2916
2738
2606
2506
2360
2224
2192
2383
2417
2391
2656
2663
2610
2679
2592
2403
2087
1532
980
591
434
910
2276
3810
5142
6088
6600
6530
5907
4840
3630
2256
791
-316
-1046
-1232
-932
-30
1277
2707
3965
4803
5262
5056
4428
3479
2261
941
-356
-1349
-1907
-2003
-1771
-850
246
1063
1879
2722
3229
3372
3036
2277
1284
251
-722
-1540
-1974
-2080
-1818
-1165
-276
557
1250
1749
2151
2132
1802
1357
764
86
-610
-1203
-1670
-2031
-1932
-1444
-1026
-706
-281
94
340
521
500
357
41
-423
-971
-1254
-1390
-1448
-1330
-1120
-705
-323
-85
109
205
287
159
-31
-318
-681
-813
-838
-960
-1091
-946
-569
-270
-53
3
104
233
304
276
237
-61
-646
-1341
-2118
-3059
-3761
-4401
-5053
-5540
-5609
-5179
-4426
-3674
-2870
-2105
-1304
-844
-879
-941
-1223
-1949
-2788
-3555
-4174
-4534
-4648
-4369
-3774
-3136
-2440
-1604
-735
-49
301
348
294
-49
-551
-984
-1367
-1636
-1795
-1688
-1435
-922
-360
248
856
1388
1744
1899
2016
1922
1704
1289
885
785
1020
1351
1757
2142
2395
2546
2535
2218
1574
852
182
-68
136
465
1051
1764
2676
3515
4057
4149
3858
3237
2499
1676
919
381
157
168
828
1977
3099
4368
5510
6271
6758
6734
6327
5748
4890
3997
3338
2868
2509
2403
2775
3664
5169
6687
8041
9285
10106
10152
9417
8035
6432
4830
3185
1898
980
664
785
1356
2401
3728
4931
5671
5937
5821
5318
4363
3208
1917
655
-492
-1228
-1730
-1827
-1396
-491
472
1275
1975
2485
2637
2413
2126
1480
424
-798
-1826
-2508
-3102
-3365
-3097
-2369
-1617
-982
-317
412
805
751
492
119
-499
-1245
-1982
-2568
-2551
-2290
-1960
-1637
-1257
-566
-52
413
864
942
979
831
606
378
32
-174
-179
90
569
1000
1346
1648
1964
1926
1832
1761
1732
1649
1232
958
853
750
754
811
856
947
1107
1306
1325
1368
1410
1492
1505
1259
961
483
-198
-1071
-1914
-2708
-3485
-4214
-4709
-4767
-4633
-4391
-3858
-3023
-2312
-1547
-927
-733
-865
-1347
-2170
-2984
-3800
-4510
-4993
-5253
-5331
-5165
-4466
-3620
-2707
-1812
-1199
-739
-648
-1002
-1436
-1988
-2592
-3279
-3831
-4107
-4033
-3835
-3426
-2882
-2200
-1680
-1231
-563
-69
39
176
-8
-376
-954
-1537
-2026
-2392
-2432
-2156
-1534
-673
152
856
1301
1567
1546
1340
953
406
-290
-865
-1234
-1334
-1118
-729
-231
285
745
929
1056
978
532
-55
-603
-1466
-2234
-2559
-2866
-3029
-2808
-2382
-1849
-1409
-988
-860
-1111
-1680
-2563
-3763
-4949
-5620
-5676
-5063
-3792
-2176
-380
921
1482
1508
918
-369
-2176
-4034
-5676
-7118
-8034
-8230
-7675
-6370
-4748
-2985
-1487
-349
232
107
-377
-1393
-2783
-4323
-5695
-6664
-7201
-7158
-6416
-5134
-3746
-2609
-1369
-333
146
307
12
-677
-1695
-2744
-3835
-4792
-5151
-4861
-4277
-3358
-2485
-1270
-159
546
938
1088
1059
462
-360
-1078
-1870
-2323
-2524
-2553
-2435
-2070
-1584
-965
-373
108
407
418
302
69
-331
-855
-1445
-1578
-1442
-1313
-1213
-1093
-702
-274
50
160
204
46
-199
-459
-728
-765
-809
-858
-763
-733
-499
-225
38
137
264
657
851
887
928
937
764
392
-293
-1003
-1738
-2524
-3170
-3621
-3749
-3273
-2622
-1779
-905
-66
826
1581
1983
2040
1887
1427
867
288
-256
-568
-908
-920
-491
93
855
1808
2777
3607
4132
4489
4525
4187
3589
2955
2397
1919
1577
1315
1498
1849
2383
2846
3252
3657
4158
4362
4372
4286
4036
3753
3399
3020
2721
2722
2853
3027
3207
3343
3415
3509
3480
3656
3881
3854
3784
3529
3376
3185
3150
3218
3038
2811
2835
2944
3038
3022
2977
2850
2623
2502
2331
1973
1827
1962
1993
1976
1936
2077
2223
2219
2265
2359
2510
2404
1842
1001
329
91
295
833
1841
3170
4511
5534
5942
5923
5596
4792
3693
2466
1418
700
94
-72
531
1412
2509
3615
4642
5461
5910
5876
5392
4428
3266
2139
1067
198
-305
-182
460
1144
1977
2981
3784
4318
4718
4867
4570
3857
3014
2159
1436
769
140
-17
422
1047
1707
2406
3277
3980
4179
4306
4187
3713
2930
2164
1479
872
483
210
311
841
1419
1868
2173
2528
2806
2952
2887
2588
2240
1646
1160
926
709
761
928
1134
1327
1565
1853
2128
2319
2310
2113
1823
1611
1430
1336
1342
1317
1421
1515
1691
1866
1949
2170
2394
2520
2601
2647
2676
2558
2202
1450
571
-249
-922
-1528
-1894
-2263
-2316
-1936
-1372
-766
122
1138
1915
2254
2305
2083
1581
912
120
-396
-905
-1430
-1590
-1349
-736
109
1027
1766
2432
3000
3219
3157
2763
2266
1664
1008
498
85
-60
-190
-250
102
511
1167
1624
1973
2271
2363
2158
1976
1688
1413
1010
787
631
413
459
666
1050
1321
1524
1651
1636
1572
1572
1531
1284
1161
1081
943
906
895
827
716
656
677
482
270
222
158
-27
-307
-362
-480
-629
-794
-791
-690
-548
-422
-370
-362
-528
-449
-502
-857
-1304
-1740
-2109
-1856
-1033
70
1499
2922
4072
4721
4627
3900
2732
1216
-423
-2101
-3446
-4339
-4836
-4452
-3550
-2182
-578
1015
2193
2933
3195
2904
1982
778
-653
-2285
-3610
-4582
-5081
-4919
-4162
-2983
-1795
-536
470
1116
1422
1266
678
-396
-1714
-2890
-3766
-4399
-4789
-4745
-4214
-3386
-2386
-1445
-542
3
340
445
44
-595
-1272
-1827
-2472
-3139
-3447
-3581
-3426
-3094
-2561
-1890
-1389
-1132
-1013
-1124
-1399
-1712
-1958
-2221
-2484
-2510
-2343
-2062
-1823
-1605
-1209
-682
-320
-200
-235
-375
-603
-761
-818
-879
-847
-845
-843
-733
-379
32
217
429
711
934
1088
1048
808
696
670
255
-829
-2087
-2962
-3523
-3958
-4263
-4237
-3747
-3176
-2470
-1538
-612
176
734
1062
1030
678
-106
-1055
-1799
-2431
-2803
-2773
-2571
-2120
-1508
-571
260
959
1636
2062
2091
1793
1420
970
240
-409
-1078
-1407
-1450
-1222
-883
-441
142
551
934
1231
1466
1570
1415
1214
923
534
224
-14
-88
72
169
445
759
1058
1379
1607
1533
1418
1453
1416
1260
1116
996
873
1030
1187
1224
1241
1376
1420
1231
1025
885
831
599
260
35
7
169
258
387
550
585
544
708
818
790
801
538
123
-135
-186
-53
296
