-4739
-4093
-3734
-3528
-3401
-3250
-3378
-3756
-3974
-4169
-4345
-4374
-4258
-4119
-4006
-3750
-3624
-3492
-3362
-3134
-2876
-2765
-2738
-2756
-2994
-3473
-4246
-5236
-6068
-6781
-7412
-7953
-8192
-8122
-7885
-7364
-6542
-5698
-4749
-3911
-3357
-2975
-2929
-3302
-4135
-5010
-5712
-6296
-6679
-6869
-6702
-6031
-5107
-4049
-3133
-2355
-1772
-1482
-1480
-1757
-2265
-2617
-3145
-4011
-4720
-4918
-4916
-4684
-4381
-3826
-3213
-2671
-2372
-2215
-2175
-2484
-3056
-3741
-4474
-4900
-5076
-4925
-4165
-3005
-1756
-895
-730
-1130
-2269
-3858
-5853
-7813
-9611
-10888
-11460
-11228
-10105
-8598
-6888
-5530
-4597
-4165
-4436
-5378
-6837
-8503
-10354
-12100
-12983
-12871
-11759
-10055
-7903
-5404
-2881
-674
876
1660
1596
736
-620
-2048
-3548
-4973
-6135
-6742
-6155
-4357
-1697
1225
3790
5827
6871
6774
5973
4407
2441
200
-2159
-4174
-5543
-6097
-5821
-4702
-3174
-1473
-1
1013
1262
791
-419
-2056
-4062
-6280
-8276
-9645
-10196
-10063
-9307
-7987
-6341
-4892
-3796
-3206
-3115
-3359
-4172
-5605
-7222
-8828
-10159
-11208
-11738
-11712
-11317
-10327
-8998
-7451
-6005
-5099
-4692
-4627
-4997
-5851
-7132
-8660
-9980
-10929
-11469
-11639
-11247
-10566
-9542
-8396
-7125
-5660
-4747
-4271
-3882
-3580
-3519
-3655
-3999
-4178
-4072
-3683
-3090
-2536
-2078
-1652
-1116
-763
-573
-559
-622
-898
-1256
-1507
-1648
-1828
-1908
-1903
-1801
-1774
-1727
-1655
-1676
-1924
-2295
-2493
-2585
-2759
-2920
-3273
-3776
-4359
-5045
-5551
-6154
-6463
-6713
-6762
-6618
-6122
-5528
-4809
-4106
-3483
-3185
-3023
-3072
-3609
-4661
-5593
-6383
-7074
-7667
-8138
-8262
-7979
-7437
-6680
-5798
-5017
-4366
-3993
-3775
-3784
-4084
-4401
-4852
-5303
-5540
-5549
-5284
-4717
-3958
-3018
-2242
-1388
-465
364
1079
1491
1657
1804
1995
1868
1397
618
-348
-1337
-2371
-3488
-4300
-4332
-3525
-1892
142
2051
3688
4805
5420
5331
4426
3046
1345
-585
-2284
-3460
-3769
-3162
-1686
363
2352
4158
5532
6287
6235
5642
4561
3064
1493
11
-1040
-1433
-1190
-80
1609
3522
5337
6667
7271
7221
6866
6527
6389
6286
6381
6736
7121
7320
7229
6885
6235
5263
4166
3014
2020
1063
274
-47
47
701
1669
2817
3636
4358
4828
4733
4209
3402
2300
947
-254
-1186
-1823
-2146
-2003
-1369
-576
226
1005
1728
2017
1990
1413
741
-154
-1186
-2186
-3215
-3945
-4347
-4312
-3940
-3594
-3240
-3063
-2999
-3035
-3229
-3345
-3665
-3977
-4069
-4137
-4364
-4429
-4303
-4195
-3995
-3677
-3406
-3247
-3089
-3104
-3207
-3451
-3517
-3650
-3838
-3996
-3959
-3655
-3200
-2766
-2195
-1611
-1188
-734
-690
-584
-655
-1067
-1467
-1806
-2245
-2611
-2864
-3119
-3106
-2893
-2642
-2498
-2350
-2012
-1645
-1536
-1437
-1560
-2067
-2827
-3915
-5235
-6603
-7794
-8757
-9724
-10394
-10558
-10280
-9638
-8592
-7372
-6406
-5586
-5032
-4711
-4602
-5199
-6309
-7462
-8421
-9084
-9573
-9971
-10139
-9918
-9353
-8506
-7585
-6592
-5871
-5596
-5694
-6044
-6325
-6590
-7002
-7520
-8071
-8369
-8458
-8332
-7776
-6900
-6133
-5487
-4901
-4423
-3875
-3621
-3441
-3231
-2899
-2742
-2896
-2805
-2464
-2079
-1577
-1237
-965
-660
-383
-373
-350
-340
-563
-803
-994
-1145
-1180
-1244
-1374
-1286
-1185
-1263
-1304
-1360
-1406
-1371
-1697
-2076
-2069
-2156
-2573
-2820
-2816
-2805
-2756
-2656
-2635
-2608
-2437
-2158
-1980
-1998
-2274
-2912
-3763
-4208
-4307
-4068
-3142
-1784
-362
639
1303
1180
410
-690
-2228
-3923
-5473
-6736
-7500
-7603
-7529
-6936
-5564
-3851
-2580
-1780
-1359
-1419
-1914
-2653
-4142
-5851
-7338
-8371
-9068
-9053
-8395
-7547
-6235
-4786
-3643
-2701
-2087
-1992
-2255
-2952
-3971
-5284
-6509
-7576
-8214
-8229
-7739
-7003
-6355
-5540
-4628
-3777
-3287
-3131
-3019
-3133
-3822
-4599
-5340
-5953
-6325
-6644
-6594
-6292
-5815
-5356
-5089
-4744
-4425
-4329
-4441
-4672
-4955
-5297
-5553
-5967
-6280
-6396
-6330
-6213
-6064
-5561
-5162
-5106
-5114
-5135
-5319
-5691
-6102
-6338
-6493
-6560
-6585
-6573
-6358
-6081
-5789
-5506
-5140
-4849
-4728
-4849
-4982
-4956
-5196
-5764
-6454
-7318
-8306
-9217
-10055
-10641
-10795
-10841
-10448
-9610
-8761
-7897
-6985
-6073
-5313
-4955
-5135
-5681
-6328
-7160
-8037
-8691
-9246
-9338
-8829
-8345
-7572
-6581
-5613
-4667
-3994
-3435
-3038
-3056
-3366
-3914
-4487
-4968
-5310
-5476
-5623
-5573
-5003
-4395
-3859
-3090
-2085
-1426
-966
-672
-590
-627
-803
-937
-959
-955
-883
-685
-301
108
364
663
1040
1269
1434
1567
1649
1763
1618
1486
1618
1645
1476
1368
1241
1316
1295
1159
1000
779
614
481
244
108
-131
-302
-170
0
-72
38
236
469
671
630
889
1027
769
156
-545
-1016
-1050
-591
343
1792
3208
4490
5393
5386
4863
4020
2964
1611
193
-1047
-2000
-2485
-2399
-1798
-753
602
1900
2796
3370
3490
3150
2457
1356
38
-1349
-2468
-3213
-3574
-3330
-2466
-1423
-428
409
1331
2011
2153
1863
1204
537
-449
-1586
-2658
-3401
-3682
-3617
-3069
-2352
-1648
-864
-162
340
483
344
135
-410
-1207
-2093
-2818
-3257
-3557
-3658
-3613
-3244
-2788
-2295
-1683
-1289
-1077
-1135
-1435
-2004
-2464
-2743
-2944
-3012
-3042
-3073
-3000
-2670
-2288
-2074
-1879
-1799
-1671
-1622
-1732
-2012
-2312
-2508
-2582
-2665
-2812
-2736
-2505
-2186
-2084
-2089
-2109
-1947
-1704
-1629
-1623
-1878
-2268
-2962
-3719
-4591
-5724
-6473
-7005
-7426
-7548
-7453
-6913
-6077
-5333
-4553
-3851
-3201
-2858
-2881
-3110
-3519
-4394
-5413
-6201
-6726
-7116
-7227
-6849
-6238
-5477
-4444
-3453
-2666
-2126
-1899
-1870
-2139
-2652
-3140
-3545
-3870
-4358
-4597
-4510
-4132
-3404
-2837
-2246
-1729
-1189
-599
-399
-430
-631
-835
-820
-730
-809
-839
-795
-540
-130
268
698
981
1161
1380
1437
1567
1712
1594
1523
1351
1175
1014
1081
1181
1174
1211
1147
1004
867
658
527
327
101
-45
-220
-329
-375
-372
-440
-354
-90
14
-78
-57
-43
-168
-680
-1467
-2050
-2206
-1860
-875
563
1953
3208
4083
4421
4224
3637
2475
1149
-255
-1872
-3183
-3853
-3964
-3481
-2600
-1365
4
1245
1980
2059
1720
1166
111
-1098
-2465
-3898
-4946
-5618
-5512
-4755
-3809
-2573
-1353
-508
-75
158
106
-337
-912
-1807
-2999
-4164
-5017
-5567
-5642
-5350
-4602
-3566
-2701
-2059
-1544
-1270
-1277
-1567
-2108
-2887
-3620
-4240
-4813
-5275
-5593
-5409
-5013
-4652
-4127
-3691
-3443
-3280
-3179
-3202
-3453
-3808
-4127
-4530
-4834
-5011
-5061
-4839
-4479
-4211
-3957
-3534
-3208
-3306
-3538
-3552
-3612
-3713
-4104
-4501
-4444
-4330
-4357
-4318
-4158
-3951
-3757
-3727
-3675
-3448
-3207
-3228
-3422
-3827
-4376
-5222
-6240
-7155
-7833
-8529
-9043
-9209
-9092
-8602
-7928
-7122
-6284
-5314
-4616
-4249
-3998
-4061
-4636
-5532
-6489
-7319
-7792
-8221
-8272
-7882
-7250
-6400
-5504
-4622
-3863
-3248
-2781
-2714
-3018
-3332
-3662
-4069
-4580
-5023
-5097
-4910
-4674
-4096
-3315
-2676
-2010
-1389
-879
-583
-549
-572
-594
-734
-781
-875
-840
-779
-451
153
661
971
1260
1533
1870
1924
1857
1826
1787
1559
1494
1572
1509
1438
1508
1670
1739
1707
1589
1251
1102
1036
835
602
487
352
249
282
380
548
623
650
742
786
758
756
658
358
-314
-1357
-2403
-2967
-2752
-1946
-944
121
1244
2028
2181
2017
1633
728
-395
-1130
-1749
-2144
-2171
-1842
-1006
-26
909
1775
2384
2653
2377
1718
825
-231
-1417
-2605
-3278
-3643
-3471
-2839
-1749
-473
514
1260
1992
2442
2402
1893
1233
339
-533
-1437
-2065
-2271
-2127
-1715
-1126
-378
293
1047
1741
2211
2223
1860
1332
774
45
-702
-1283
-1691
-1897
-1782
-1320
-765
-370
96
602
979
1102
798
391
-104
-700
-1244
-1688
-2154
-2578
-2703
-2512
-2428
-2271
-1999
-1655
-1534
-1692
-1664
-1781
-2191
-2621
-2786
-3026
-3135
-3019
-2856
-2812
-2778
-2709
-2552
-2403
-2342
-2226
-2176
-2256
-2609
-3028
-3675
-4541
-5347
-6139
-6857
-7491
-7853
-7718
-7374
-6869
-6163
-5316
-4391
-3473
-2785
-2743
-2918
-3378
-4057
-4716
-5318
-5819
-6277
-6586
-6386
-5646
-4752
-3717
-2787
-1813
-1086
-861
-713
-687
-867
-1160
-1623
-2108
-2518
-2695
-2647
-2269
-1863
-1279
-561
181
812
1174
1356
1436
1435
1432
1397
1261
1115
1011
1022
1179
1330
1600
1895
2187
2644
2814
2840
2818
2859
2812
2597
2367
2125
2077
2033
1968
2024
2026
1854
1793
1869
1716
1377
1145
961
852
641
394
445
534
683
842
813
902
1023
872
943
1112
979
640
364
580
1304
2362
3852
5528
6852
7629
8002
7739
6628
5052
3096
1026
-856
-2596
-4070
-4597
-4093
-2697
-945
1230
3216
4686
5592
5838
5468
4510
2954
1107
-938
-2852
-4228
-4854
-4567
-3962
-2819
-1345
24
1203
2019
2251
2082
1471
454
-897
-2484
-3966
-4934
-5473
-5589
-5311
-4668
-3655
-2656
-1670
-927
-507
-257
-368
-1138
-2022
-2680
-3547
-4307
-4856
-5208
-5225
-4957
-4525
-4026
-3682
-3466
-3227
-3098
-3243
-3346
-3468
-3750
-3891
-3750
-3652
-3384
-2972
-2680
-2320
-1820
-1602
-1493
-1522
-1572
-1729
-2132
-2288
-2341
-2285
-2401
-2457
-2183
-1783
-1439
-1142
-1009
-861
-584
-533
-659
-592
-1007
-1607
-2289
-2950
-3868
-5033
-5847
-6187
-6367
-6494
-6429
-5677
-4812
-3982
-3039
-2350
-1724
-1447
-1702
-2207
-2852
-3683
-4538
-5193
-5737
-6198
-6339
-6122
-5481
-4587
-3700
-2939
-2181
-1516
-1387
-1691
-2089
-2686
-3322
-3854
-4328
-4706
-4787
-4646
-4412
-3755
-3084
-2466
-1817
-1200
-653
-325
-347
-349
-343
-490
-554
-691
-669
-348
-33
262
529
713
1008
1462
1851
2102
2145
2176
2263
2138
1941
1870
1913
1986
2104
2249
2276
2273
2301
2230
2128
1877
1476
1359
1336
1235
1078
946
1003
1088
1376
1548
1689
1815
1950
2002
1779
1355
643
-47
-649
-1003
-684
35
1029
2100
2967
3515
3513
2946
2027
700
-705
-1751
-2516
-2847
-2757
-2162
-1141
260
1716
2834
3460
3740
3464
2554
1414
180
-1318
-2847
-3966
-4534
-4489
-3977
-2882
-1500
-201
954
1865
2376
2416
2052
1434
483
-658
-1585
-2292
-2710
-2710
-2387
-1739
-685
222
944
1785
2379
2428
1947
1376
882
127
-689
-1323
-1897
-2165
-2004
-1555
-1005
-474
-19
422
756
985
981
736
280
2
-236
-563
-952
-1220
-1265
-1222
-944
-737
-728
-734
-723
-924
-1188
-1422
-1549
-1867
-1969
-2056
-2198
-2243
-2228
-2095
-1883
-1742
-1698
-1609
-1598
-1766
-1860
-1910
-2187
-2873
-3709
-4451
-5301
-6117
-6834
-7336
-7576
-7582
-7255
-6711
-5834
-4687
-3588
-2882
-2607
-2477
-2672
-3165
-3979
-4826
-5529
-6178
-6460
-6387
-5908
-5054
-4072
-3156
-2333
-1303
-558
-333
-368
-420
-764
-1136
-1600
-1937
-2154
-2179
-1936
-1661
-1348
-723
162
1028
1553
1800
2026
2230
2302
2350
2192
2090
1850
1712
1919
2167
2575
2877
3004
3323
3536
3623
3673
3710
3671
3724
3797
3751
3522
3233
3003
2877
2866
3037
3229
3133
3028
2805
2546
2194
1941
1983
1910
1776
1620
1537
1449
1495
1513
1681
1757
1784
1758
1542
1221
749
126
-139
54
646
1588
2944
4342
5451
6143
6162
5637
4817
3674
2351
863
-440
-1184
-1416
-1241
-485
780
2157
3542
4487
4906
4910
4327
3307
2208
1122
-114
-1176
-1961
-2152
-1595
-761
157
1282
2405
3173
3567
3404
3172
2704
1806
684
-553
-1400
-2071
-2230
-1783
-1051
-403
307
1224
1893
2086
2065
1899
1529
912
38
-867
-1526
-1962
-2273
-2174
-1904
-1636
-1083
-580
-391
-380
-312
-317
-484
-717
-1160
-1554
-1972
-2252
-2294
-2106
-1757
-1411
-1098
-822
-712
-564
-573
-681
-874
-1047
-1291
-1515
-1609
-1741
-1665
-1665
-1472
-1287
-1081
-702
-482
-327
-350
-423
-470
-709
-1208
-1758
-2648
-3714
-4557
-5239
-5746
-6085
-6068
-5617
-4874
-4090
-3272
-2621
-1981
-1532
-1252
-1192
-1505
-2117
-2880
-3619
-4366
-5028
-5235
-5037
-4427
-3707
-2857
-2112
-1299
-625
-343
-120
-173
-432
-810
-1289
-1931
-2428
-2516
-2444
-2292
-1851
-1229
-466
220
673
1119
1563
1849
1798
1542
1227
1067
1161
1247
1422
1358
1430
1827
2328
2685
2999
3015
3157
3374
3429
3342
3168
2958
2930
2959
3000
2926
2945
3086
3290
3267
3008
2726
2596
2498
2212
2068
1922
1784
1798
1838
1924
2139
2275
2250
2302
2459
2499
2289
1870
1373
905
459
369
813
1798
3160
4562
5787
6588
6648
6147
5229
4114
2995
1677
372
-601
-1153
-1231
-668
547
1917
2886
3745
4442
4681
4251
3433
2292
1098
-167
-1464
-2464
-2821
-2549
-1928
-848
239
1157
1897
2522
2789
2718
2253
1413
367
-673
-1763
-2757
-3029
-2664
-2057
-1227
-406
443
1037
1406
1595
1513
1228
759
158
-561
-1274
-1892
-2192
-2297
-2323
-1920
-1491
-994
-410
49
265
46
-330
-597
-863
-1215
-1403
-1558
-1673
-1764
-1628
-1214
-814
-459
-175
135
213
108
-124
-564
-844
-991
-1118
-1358
-1410
-1275
-973
-751
-525
-249
-120
-181
-279
-324
-226
-379
-839
-1282
-1931
-3019
-4059
-4989
-5418
-5842
-5999
-5793
-5358
-4844
-4073
-3063
-2284
-1554
-1125
-1119
-1484
-2156
-2830
-3501
-4226
-4831
-5118
-5247
-4970
-4284
-3325
-2199
-1370
-649
-19
169
112
-180
-636
-1089
-1620
-2001
-2362
-2536
-2372
-1936
-1288
-461
164
598
1043
1574
1959
2080
2015
1886
1639
1476
1485
1546
1548
1875
2398
2674
2882
3405
3660
3673
3703
3794
3877
3705
3674
3792
3657
3480
3396
3440
3510
3505
3511
3449
3368
3081
2961
2791
2504
2309
2176
2155
2257
2304
2523
2735
2672
2516
2647
2758
2721
2408
1919
1488
1033
686
947
1717
2904
4312
5486
6432
6775
6488
5881
4891
3656
2245
961
-71
-663
-986
-703
455
1942
3149
4089
4893
5337
5137
4281
3413
2264
792
-545
-1454
-1950
-2017
-1447
-591
452
1663
2678
3237
3435
3310
2869
2146
1334
330
-607
-1273
-1653
-1791
-1402
-659
231
891
1547
2306
2570
2513
2099
1505
1033
437
-324
-1051
-1628
-1736
-1474
-1055
-730
-195
342
562
643
713
705
244
-175
-398
-708
-990
-1064
-1088
-967
-833
-466
-55
282
541
700
572
321
121
-190
-475
-608
-661
-753
-778
-551
-247
25
54
42
168
353
479
548
489
225
-530
-1421
-2339
-3226
-3960
-4689
-5171
-5265
-5302
-4923
-4274
-3333
-2571
-1852
-1087
-577
-480
-640
-989
-1746
-2616
-3239
-3683
-4075
-4274
-4012
-3430
-2708
-2027
-1149
-21
768
780
559
480
320
-162
-736
-1127
-1337
-1502
-1573
-1281
-746
-200
392
1076
1751
1961
1979
2042
1862
1527
1366
1328
1240
1469
1747
2136
2630
2913
2915
2751
2471
1944
1275
649
376
276
432
1105
2053
2937
3643
4161
4310
4065
3397
2420
1559
852
307
57
262
994
2031
3260
4427
5547
6391
6816
6792
6262
5499
4735
4085
3387
2822
2499
2489
3032
3904
5355
7182
8855
9878
10237
10064
9345
7994
6330
4645
3142
1859
872
536
868
1626
2740
3978
5092
5884
6103
5849
5181
4134
2930
1521
105
-899
-1506
-1662
-1408
-960
-208
590
1400
2185
2672
2759
2578
1939
1110
223
-837
-1870
-2792
-3221
-3161
-2742
-2106
-1400
-710
-14
455
692
880
711
43
-656
-1391
-2091
-2637
-2804
-2695
-2205
-1711
-1187
-497
130
594
865
1003
963
794
599
315
147
162
316
417
668
1032
1441
1646
1923
2148
2211
2074
1856
1668
1427
1161
1103
1079
936
940
1028
955
872
978
1263
1386
1366
1281
1190
1111
764
290
-220
-1050
-2067
-2962
-3750
-4366
-4863
-5170
-5008
-4422
-3643
-2758
-1880
-1290
-1003
-728
-740
-1224
-2030
-2949
-3679
-4418
-4837
-4990
-5067
-4746
-4105
-3149
-2243
-1558
-1013
-716
-588
-728
-1223
-1898
-2590
-3180
-3654
-3982
-4122
-3877
-3363
-2824
-2275
-1777
-1191
-572
-216
33
123
34
-307
-952
-1406
-1669
-1986
-2052
-1755
-1234
-572
163
913
1337
1420
1487
1351
935
271
-439
-1101
-1468
-1477
-1236
-952
-491
190
650
959
1071
862
538
-126
-1001
-1693
-2369
-2856
-3106
-3126
-2826
-2352
-1807
-1461
-1159
-986
-1088
-1601
-2715
-4056
-5120
-5679
-5668
-4828
-3407
-1766
-238
1032
1540
1333
564
-776
-2342
-3966
-5605
-6994
-7884
-8080
-7439
-6158
-4479
-2660
-1180
-305
134
59
-585
-1708
-3104
-4548
-6081
-7129
-7440
-7145
-6236
-4913
-3407
-2039
-987
-167
237
464
146
-709
-1838
-2865
-3931
-4666
-4791
-4696
-4230
-3203
-2007
-917
-20
651
1064
1111
824
380
-247
-881
-1602
-2286
-2540
-2587
-2371
-1854
-1152
-664
-132
377
628
646
445
184
-169
-630
-1111
-1318
-1391
-1548
-1390
-770
-338
-175
-95
120
457
623
392
48
-179
-369
-595
-767
-783
-734
-455
95
414
348
333
644
1075
1116
1076
937
531
-9
-648
-1437
-2171
-2743
-3199
-3599
-3695
-3347
-2732
-2056
-1192
-254
638
1490
1802
1868
1805
1458
813
194
-556
-1107
-1118
-856
-209
547
1298
2286
3090
3759
4402
4515
4321
4120
3749
3132
2431
2017
1681
1564
1702
2018
2489
3093
3448
3792
4204
4414
4566
4576
4233
3730
3375
3209
3040
2974
3044
3003
3053
3379
3605
3789
4068
4090
3951
3794
3513
3388
3370
3358
3322
3210
3181
3156
3037
3148
2990
2727
2750
2786
2599
2428
2277
2090
1902
1839
1866
1933
2060
2089
2142
2350
2510
2546
2630
2583
2123
1473
939
587
755
1430
2643
4099
5411
6387
6870
6780
5999
5145
4069
2802
1523
467
-31
-116
277
1248
2694
4122
5259
5839
6077
5925
5258
4211
3174
2014
806
-115
-522
-336
318
1239
2227
3293
4236
4932
5225
5091
4606
3870
2738
1704
1060
471
7
-93
310
1016
1707
2420
3191
3786
4056
3920
3668
3155
2496
1799
1082
537
200
39
153
534
975
1461
1846
2154
2231
2306
2160
1894
1492
1085
871
858
765
576
730
1098
1475
1690
2089
2371
2285
2253
2202
2015
1825
1619
1416
1352
1403
1579
1681
1598
1781
2122
2380
2539
2793
2886
2961
2790
2370
1945
1480
675
-383
-1206
-1766
-2108
-2221
-2177
-1991
-1411
-590
208
1179
1918
2425
2543
2346
1891
1220
411
-486
-1138
-1506
-1489
-1187
-691
91
1031
1978
2719
3101
3213
3088
2688
2082
1463
881
420
22
-408
-554
-344
99
690
1283
1691
1886
2082
2108
2038
1845
1544
1118
586
345
436
665
817
835
1001
1247
1284
1413
1673
1718
1609
1402
1243
1069
984
963
874
699
582
590
633
719
732
583
372
86
-85
-306
-546
-662
-764
-772
-774
-836
-849
-624
-485
-507
-498
-463
-401
-708
-1295
-2060
-2424
-2193
-1397
-147
1346
2666
3628
4208
4239
3734
2692
1496
93
-1402
-2820
-3810
-4214
-3733
-2799
-1593
-303
1007
2067
2621
2718
2203
1062
-271
-1523
-2812
-4019
-4827
-5112
-4565
-3628
-2523
-1370
-319
449
1039
1369
978
287
-502
-1530
-2656
-3784
-4386
-4399
-3951
-3181
-2480
-1805
-993
-234
442
683
555
108
-592
-1341
-1961
-2565
-2992
-3285
-3492
-3314
-2845
-2226
-1672
-1347
-1059
-805
-744
-774
-1115
-1461
-1715
-1920
-2037
-2057
-1962
-1540
-947
-619
-495
-352
-175
-126
-182
-317
-500
-740
-945
-999
-980
-928
-780
-557
-180
157
225
361
558
610
720
661
438
112
-406
-1129
-1957
-2976
-3821
-4381
-4662
-4621
-4336
-3630
-2723
-1859
-896
-116
322
652
829
616
-47
-845
-1513
-2031
-2521
-2759
-2610
-2101
-1305
-387
435
1196
1694
1952
2171
2048
1611
1035
301
-343
-826
-1089
-1080
-987
-793
-310
191
829
1263
1546
1824
1798
1632
1337
1082
804
567
315
175
291
485
725
983
1171
1398
1598
1681
1668
1611
1593
1598
1396
1234
1031
941
799
813
1022
1134
1133
1090
966
841
658
522
181
-17
-166
-245
-114
58
230
306
313
207
108
203
346
504
338
-17
-51
261
849
