-4785
-4366
-4053
-3973
-3799
-3622
-3561
-3674
-4005
-4400
-4458
-4440
-4662
-4806
-4610
-4241
-3854
-3698
-3618
-3553
-3424
-3194
-3176
-3151
-3341
-3701
-4536
-5451
-6230
-7065
-7827
-8425
-8812
-8705
-8287
-7776
-7033
-6148
-5254
-4527
-3938
-3490
-3365
-3752
-4636
-5364
-5930
-6462
-7001
-7174
-6812
-6219
-5568
-4785
-3891
-2975
-2459
-1974
-1823
-2058
-2563
-3207
-4000
-4737
-5184
-5327
-5363
-5375
-5025
-4476
-3897
-3302
-2986
-2615
-2572
-2979
-3682
-4573
-5294
-5509
-5513
-5526
-4890
-3749
-2252
-1148
-846
-1408
-2777
-4428
-6238
-8227
-10195
-11505
-12048
-11768
-10701
-9214
-7557
-6016
-5038
-4550
-4624
-5513
-7015
-8787
-10760
-12360
-13364
-13457
-12418
-10633
-8257
-5550
-2968
-849
551
1262
1338
590
-741
-2292
-3784
-5349
-6609
-7129
-6559
-4743
-2224
545
3202
5343
6453
6467
5660
4233
2203
-34
-2323
-4242
-5537
-6111
-5902
-4890
-3335
-1651
-285
493
748
337
-686
-2334
-4301
-6484
-8477
-9820
-10500
-10330
-9516
-8302
-6966
-5485
-4231
-3528
-3341
-3625
-4500
-5851
-7308
-9074
-10546
-11687
-12324
-12367
-11773
-10510
-8925
-7481
-6351
-5512
-4906
-4839
-5450
-6385
-7484
-8816
-10022
-10861
-11409
-11760
-11680
-10885
-9811
-8565
-7285
-5939
-4784
-4173
-3807
-3712
-3747
-3979
-4261
-4168
-4082
-3832
-3502
-3032
-2497
-2089
-1659
-1091
-786
-770
-889
-1018
-1182
-1384
-1569
-1771
-1966
-2087
-2086
-1988
-1987
-2064
-2229
-2464
-2665
-2922
-3078
-3239
-3393
-3693
-4251
-4850
-5397
-6058
-6657
-7062
-7290
-7296
-7078
-6666
-6053
-5353
-4638
-3854
-3263
-3180
-3641
-4371
-5083
-5856
-6893
-7681
-8209
-8650
-8555
-8329
-7937
-7110
-6155
-5462
-4805
-4239
-3967
-4002
-4354
-5012
-5485
-5725
-5806
-5752
-5455
-4929
-4205
-3300
-2324
-1431
-667
75
708
1081
1259
1560
1759
1586
1138
386
-455
-1335
-2310
-3564
-4538
-4466
-3319
-1549
477
2219
3646
4683
5191
5237
4465
2966
1002
-1158
-2806
-3815
-3934
-3296
-1871
101
1839
3661
5198
6078
6229
5537
4368
3003
1432
7
-1106
-1561
-1367
-444
1371
3534
5380
6594
7121
7171
6949
6570
6147
5970
6105
6442
6681
6822
6844
6633
6102
5339
4290
3149
2190
1153
259
-10
235
901
1768
2831
3862
4375
4656
4578
4145
3458
2352
1211
113
-896
-1682
-2014
-1993
-1629
-807
201
918
1438
1799
1872
1551
813
-206
-1309
-2336
-3012
-3487
-3711
-3894
-3942
-3836
-3656
-3458
-3294
-3075
-3158
-3365
-3738
-4134
-4240
-4413
-4657
-4716
-4626
-4295
-3960
-3614
-3317
-3209
-3047
-3044
-3237
-3482
-3708
-3899
-4102
-4037
-3970
-3900
-3617
-3206
-2767
-2074
-1376
-1046
-934
-971
-1057
-1239
-1634
-2083
-2405
-2744
-3166
-3499
-3515
-3336
-3092
-2844
-2575
-2281
-2166
-1940
-1793
-1940
-2251
-2978
-4103
-5489
-6821
-8065
-9307
-10220
-10766
-10904
-10463
-9670
-8796
-7784
-6586
-5565
-4964
-4962
-5298
-5659
-6248
-7323
-8591
-9403
-9914
-10182
-10143
-9894
-9230
-8345
-7449
-6645
-6168
-5905
-5742
-5799
-6062
-6466
-7053
-7727
-8210
-8680
-8788
-8479
-7879
-7178
-6450
-5719
-4878
-4385
-4075
-3804
-3550
-3305
-3285
-3419
-3324
-2998
-2574
-2213
-1931
-1682
-1283
-949
-616
-407
-452
-636
-855
-947
-1070
-1408
-1471
-1611
-1732
-1740
-1649
-1561
-1548
-1655
-1854
-1941
-2174
-2341
-2611
-2892
-3093
-3335
-3463
-3398
-3241
-3211
-3107
-2940
-2791
-2668
-2737
-2772
-2895
-3478
-4175
-4798
-4851
-4223
-3274
-2077
-878
165
831
598
-76
-1131
-2615
-4285
-5957
-7396
-8221
-8321
-8001
-7280
-5999
-4547
-3262
-2267
-1672
-1490
-2075
-3101
-4553
-6183
-7662
-8879
-9506
-9500
-8894
-7847
-6649
-5402
-4203
-3331
-2872
-2580
-2555
-3203
-4572
-6076
-7244
-7939
-8409
-8557
-8364
-7747
-6914
-6040
-5122
-4398
-3578
-3194
-3375
-3865
-4631
-5276
-5987
-6629
-6918
-7098
-7180
-7019
-6623
-6104
-5574
-5176
-4889
-4861
-5117
-5264
-5422
-6040
-6560
-6604
-6617
-6723
-6778
-6538
-6263
-5983
-5666
-5636
-5549
-5366
-5620
-5984
-6214
-6375
-6728
-6950
-6874
-6562
-6232
-6074
-5892
-5647
-5454
-5274
-5145
-5105
-5146
-5412
-5640
-6042
-6834
-7851
-8808
-9625
-10381
-10926
-10969
-10894
-10710
-10062
-8955
-7865
-7108
-6317
-5636
-5496
-5704
-6086
-6635
-7577
-8580
-9240
-9452
-9452
-9263
-8585
-7745
-6813
-5780
-4678
-3847
-3339
-3110
-3151
-3608
-4131
-4599
-5067
-5461
-5693
-5769
-5429
-4865
-4286
-3598
-2885
-2226
-1567
-1277
-1075
-1012
-979
-1011
-1174
-1373
-1464
-1249
-887
-387
32
264
677
1023
1197
1392
1638
1614
1480
1484
1383
1192
1273
1256
1243
1242
1092
990
843
863
844
571
271
211
135
77
-8
-26
183
264
159
134
314
519
703
810
734
429
-153
-722
-1038
-963
-268
787
2011
3355
4584
5502
5658
5095
4139
2908
1560
264
-863
-1855
-2500
-2500
-1820
-722
619
1862
2859
3467
3573
3290
2697
1541
7
-1462
-2630
-3377
-3605
-3199
-2360
-1332
-308
553
1436
2234
2414
2160
1542
612
-538
-1744
-2793
-3448
-3648
-3624
-3053
-2216
-1318
-539
84
618
807
580
105
-499
-1216
-2071
-2656
-3128
-3418
-3631
-3616
-3248
-2727
-2066
-1491
-1225
-1119
-1126
-1277
-1743
-2223
-2592
-2961
-3207
-3070
-2881
-2857
-2652
-2314
-1952
-1556
-1455
-1556
-1781
-2024
-2130
-2196
-2451
-2751
-2956
-2831
-2619
-2522
-2506
-2337
-1960
-1771
-1739
-1734
-1670
-1695
-1863
-2201
-3015
-3914
-4785
-5583
-6291
-7055
-7452
-7547
-7583
-7175
-6446
-5649
-4609
-3829
-3151
-2688
-2740
-3043
-3805
-4679
-5599
-6474
-7057
-7150
-7182
-6863
-6165
-5281
-4273
-3280
-2491
-2030
-1847
-1804
-2074
-2537
-2989
-3619
-4258
-4602
-4630
-4455
-3874
-3253
-2796
-2248
-1737
-1133
-701
-468
-195
-286
-523
-653
-738
-919
-1156
-1068
-713
-188
260
390
602
824
1186
1273
1318
1434
1407
1304
1300
1100
968
1012
1082
1160
1072
929
891
745
375
59
-127
-208
-314
-452
-621
-445
-292
-390
-407
-236
-305
-257
-150
-124
-316
-884
-1628
-2140
-2409
-2357
-1556
-190
1305
2729
3751
4240
3918
3096
1913
422
-1115
-2513
-3683
-4360
-4491
-4044
-2989
-1633
-299
970
1753
1924
1432
728
-233
-1582
-2985
-4440
-5464
-6018
-5853
-5107
-4231
-3125
-1922
-1023
-372
-3
-92
-609
-1427
-2611
-3711
-4751
-5594
-5907
-5905
-5600
-5035
-4171
-3242
-2503
-1864
-1506
-1416
-1718
-2312
-3066
-3965
-4885
-5533
-5953
-6147
-5905
-5715
-5469
-4844
-4116
-3677
-3444
-3430
-3678
-4009
-4371
-4642
-4886
-5171
-5386
-5476
-5279
-4929
-4493
-3988
-3692
-3503
-3512
-3635
-3939
-4330
-4721
-4893
-5033
-5123
-5011
-4870
-4670
-4515
-4316
-4098
-3919
-3831
-3810
-3702
-3675
-3860
-4210
-4864
-5703
-6621
-7290
-7922
-8578
-9192
-9541
-9524
-9280
-8731
-7818
-6783
-5827
-5107
-4558
-4286
-4545
-5208
-6153
-7121
-7819
-8492
-8869
-8776
-8528
-7949
-6983
-5892
-4901
-4187
-3607
-3321
-3346
-3435
-3743
-4164
-4750
-5497
-5990
-5975
-5706
-5283
-4662
-3935
-3232
-2537
-1882
-1294
-984
-934
-925
-1171
-1460
-1589
-1561
-1515
-1316
-983
-697
-476
-112
216
600
779
880
1115
1038
834
733
730
841
821
772
884
991
874
820
858
765
690
556
360
-26
-276
-352
-341
-273
-329
-219
-61
93
116
153
352
541
394
-111
-928
-2128
-3029
-3393
-3337
-2771
-1725
-431
630
1370
1673
1464
1018
301
-755
-1801
-2452
-2837
-2695
-2168
-1411
-491
562
1424
1922
2067
1736
1076
188
-787
-1918
-2914
-3524
-3813
-3712
-3064
-1959
-767
252
1271
1787
2014
1916
1551
924
128
-827
-1671
-2331
-2700
-2575
-1977
-1120
-298
366
938
1612
2023
1973
1598
1006
285
-560
-1403
-1839
-2032
-2037
-1940
-1589
-1121
-610
-8
479
723
857
708
297
-152
-769
-1334
-1903
-2364
-2673
-2753
-2768
-2615
-2445
-2389
-2154
-1899
-2095
-2427
-2519
-2644
-2914
-3126
-3149
-3234
-3343
-3317
-3183
-3019
-2888
-2977
-2912
-2767
-2629
-2604
-2451
-2626
-3225
-3965
-4740
-5547
-6437
-7262
-7795
-8068
-8142
-7888
-7436
-6552
-5598
-4669
-3902
-3541
-3235
-3156
-3405
-4004
-4698
-5420
-6078
-6739
-6912
-6649
-6030
-5148
-4094
-3078
-2267
-1645
-1163
-799
-716
-1033
-1517
-1964
-2391
-2650
-2718
-2601
-2341
-1821
-1280
-666
199
948
1403
1615
1724
1706
1608
1352
1059
794
778
920
1178
1484
1747
2013
2357
2562
2666
2853
2987
2818
2662
2663
2722
2610
2331
2072
1994
2003
1894
1887
1947
1957
1855
1588
1337
1107
1050
830
579
601
612
557
603
664
675
660
752
919
1030
959
770
594
832
1534
2492
4007
5601
6963
7914
8225
7695
6632
5091
3053
794
-1245
-3000
-4214
-4615
-4185
-2913
-948
1159
3136
4889
6000
6212
5709
4645
3062
892
-1161
-2936
-4195
-4739
-4661
-4035
-2947
-1568
-144
1130
1997
2393
2179
1483
508
-933
-2582
-4149
-5244
-5742
-5770
-5427
-4815
-3894
-2738
-1674
-1017
-634
-391
-506
-1074
-1860
-2897
-3799
-4542
-5059
-5227
-5236
-5071
-4808
-4492
-4226
-3917
-3619
-3508
-3578
-3748
-4019
-4203
-4263
-4153
-3978
-3646
-3203
-2720
-2287
-1928
-1803
-1627
-1534
-1717
-1985
-2184
-2393
-2539
-2729
-2633
-2448
-2362
-2114
-1735
-1202
-914
-870
-634
-610
-752
-903
-1285
-1945
-2521
-3232
-4189
-5102
-5960
-6566
-7019
-7128
-6825
-6132
-5348
-4551
-3674
-2910
-2250
-1883
-1935
-2361
-3068
-3943
-4829
-5802
-6601
-7113
-7106
-6625
-6021
-5276
-4411
-3511
-2844
-2296
-1938
-2114
-2480
-3067
-3815
-4419
-4950
-5263
-5383
-5305
-4964
-4391
-3766
-3062
-2346
-1742
-1223
-896
-866
-855
-825
-1025
-1217
-1201
-982
-750
-725
-488
-48
324
765
976
1103
1296
1503
1755
1720
1530
1431
1418
1566
1688
1649
1634
1625
1524
1518
1521
1416
1313
1035
781
698
571
596
629
596
751
968
991
967
1050
1251
1456
1329
749
56
-861
-1614
-1823
-1291
-478
407
1351
2357
2902
2772
2209
1295
70
-1312
-2568
-3396
-3810
-3710
-3147
-2016
-753
777
2186
3015
3112
2853
2235
947
-741
-2496
-3901
-4946
-5561
-5408
-4686
-3619
-2094
-738
298
1202
1564
1420
1012
430
-165
-993
-2226
-3230
-3550
-3327
-2738
-2044
-1236
-378
440
1233
1708
1700
1530
1001
279
-497
-1167
-1731
-2242
-2353
-2275
-2007
-1522
-1008
-462
2
375
499
461
324
-89
-568
-793
-1023
-1270
-1401
-1551
-1643
-1590
-1464
-1345
-1281
-1335
-1428
-1743
-2135
-2434
-2558
-2619
-2821
-2825
-2807
-2813
-2704
-2520
-2350
-2375
-2341
-2197
-2161
-2205
-2406
-2666
-3227
-4059
-4884
-5744
-6567
-7245
-7806
-8082
-7991
-7576
-7036
-6192
-5044
-4030
-3470
-3133
-3037
-3218
-3590
-4241
-5121
-5903
-6349
-6543
-6548
-6315
-5636
-4584
-3371
-2483
-1725
-1069
-663
-583
-657
-854
-1414
-1937
-2361
-2462
-2362
-2161
-1904
-1452
-790
-14
675
1249
1671
1991
2191
2193
2135
1994
2028
1944
1824
1996
2354
2584
2805
3084
3404
3485
3629
3842
3955
3910
3680
3562
3455
3347
3412
3339
3202
3000
2977
3124
3061
2693
2463
2383
2185
1938
1804
1710
1669
1722
1644
1479
1474
1629
1887
1971
1966
2015
1829
1393
736
-96
-672
-533
196
1381
2853
4263
5400
6067
6117
5625
4741
3623
2325
932
-242
-1109
-1484
-1191
-307
993
2458
3682
4483
4888
4848
4362
3589
2482
1072
-318
-1305
-1721
-1685
-1260
-478
549
1677
2677
3317
3506
3589
3434
2649
1548
405
-657
-1398
-1804
-1961
-1781
-1429
-645
341
1124
1796
2208
2235
1914
1434
610
-383
-995
-1561
-2065
-2334
-2343
-2184
-1809
-1235
-748
-440
-298
-187
-169
-473
-892
-1304
-1553
-1888
-2136
-2117
-2073
-1970
-1691
-1293
-1053
-851
-630
-528
-731
-1143
-1273
-1403
-1585
-1807
-1947
-1949
-1854
-1521
-1237
-1137
-861
-455
-300
-136
-153
-528
-1018
-1405
-1963
-2907
-3834
-4584
-5381
-6024
-6457
-6441
-6106
-5656
-4826
-3743
-2789
-2077
-1606
-1412
-1427
-1714
-2257
-3075
-3984
-4686
-5270
-5468
-5173
-4706
-3985
-3131
-2161
-1333
-699
-211
-207
-352
-650
-1039
-1658
-2277
-2703
-2850
-2847
-2698
-2282
-1603
-781
-86
457
1039
1232
1131
1139
1108
1167
1112
1055
1056
917
1134
1354
1658
2004
2380
2727
3028
3029
2975
3097
3161
3032
2934
2872
2849
2823
2848
2829
2867
2876
2874
2889
2662
2405
2292
2068
1789
1563
1596
1524
1484
1733
1942
1895
1819
1850
1954
2109
2133
1882
1474
864
182
0
410
1456
3002
4538
5694
6312
6335
5938
5193
4148
2692
1326
85
-1021
-1539
-1416
-741
266
1408
2689
3857
4615
4745
4201
3247
2183
832
-512
-1517
-2274
-2717
-2694
-2112
-1058
99
1152
1920
2393
2669
2584
1986
882
-273
-1256
-2089
-2738
-3023
-2851
-2246
-1488
-719
67
828
1350
1593
1319
851
296
-461
-1052
-1584
-2220
-2634
-2696
-2454
-2140
-1694
-1256
-811
-427
-219
-304
-517
-826
-1235
-1649
-1924
-2192
-2179
-1919
-1758
-1686
-1387
-882
-605
-601
-657
-615
-778
-1027
-1214
-1380
-1546
-1582
-1482
-1341
-1282
-1235
-1030
-727
-561
-577
-497
-438
-537
-734
-1169
-1804
-2621
-3490
-4541
-5586
-6278
-6332
-6211
-6232
-5955
-5239
-4364
-3588
-2896
-2130
-1638
-1628
-1857
-2382
-3169
-4014
-4740
-5401
-5660
-5627
-5277
-4670
-3917
-2943
-1799
-966
-513
-373
-401
-689
-1077
-1439
-1924
-2391
-2603
-2705
-2529
-2154
-1509
-776
18
746
1125
1328
1592
1820
1800
1608
1457
1341
1306
1390
1605
1793
1973
2314
2781
3057
3147
3254
3377
3480
3476
3306
3321
3285
3098
3183
3260
2985
2814
2783
2766
2874
2806
2516
2239
2041
1919
1900
1921
1887
1920
1985
2081
2125
2133
2248
2442
2535
2173
1867
1471
986
402
29
232
1026
2128
3717
5118
6071
6434
6138
5637
4524
3042
1647
441
-549
-1279
-1530
-1072
15
1403
2736
3799
4517
4744
4412
3749
2848
1698
184
-1124
-1993
-2438
-2282
-1715
-857
112
1154
2149
2867
3220
2998
2455
1813
952
-180
-1189
-1875
-2217
-2233
-1804
-1117
-297
466
1163
1803
2130
2207
1904
1505
897
-94
-953
-1647
-2088
-2133
-1904
-1525
-1135
-636
-127
261
414
372
163
-52
-319
-713
-1010
-1357
-1479
-1355
-1187
-873
-562
-280
-48
114
274
374
125
-262
-524
-760
-931
-1141
-1221
-1045
-768
-465
-228
-156
4
98
137
222
305
224
-288
-997
-1673
-2389
-3253
-4067
-4910
-5387
-5560
-5447
-5080
-4458
-3745
-2923
-1954
-1194
-907
-783
-819
-1139
-1751
-2740
-3512
-4124
-4630
-4595
-4215
-3620
-2816
-1920
-1057
-291
388
792
812
516
-41
-426
-700
-1247
-1653
-1747
-1612
-1444
-890
-155
512
985
1464
1890
2232
2404
2103
1691
1453
1351
1236
1349
1777
2320
2669
2962
3056
2891
2580
2019
1468
988
558
411
515
966
1834
2684
3378
3980
4164
3890
3493
2711
1827
944
306
-27
49
667
1629
2786
4075
5309
6194
6650
6786
6433
5847
5118
4255
3470
2737
2187
2174
2760
3924
5453
6919
8300
9488
10228
10261
9568
8167
6482
4899
3243
1778
816
450
780
1524
2580
3963
5272
5945
6042
5844
5422
4402
2902
1450
200
-862
-1606
-1941
-1778
-1177
-324
667
1599
2502
2994
3029
2816
2127
1074
-46
-1067
-2008
-2727
-3201
-3178
-2882
-2299
-1494
-726
-65
434
744
875
829
422
-445
-1276
-1907
-2424
-2643
-2631
-2315
-1800
-1173
-600
-31
372
586
799
963
848
416
53
-117
-54
62
245
552
958
1361
1687
1892
1973
1952
1921
1739
1433
1197
1036
831
736
670
743
765
862
1149
1237
1114
1088
1216
1314
1237
1009
756
146
-536
-1175
-2110
-3145
-3935
-4430
-4824
-4988
-4774
-4288
-3701
-3045
-2434
-1789
-1232
-1099
-1194
-1716
-2437
-3268
-4094
-4808
-5313
-5556
-5345
-4738
-3924
-3130
-2583
-1857
-1225
-882
-883
-1166
-1651
-2203
-2833
-3507
-4205
-4555
-4489
-4117
-3759
-3191
-2482
-1750
-1096
-642
-320
-248
-192
-480
-913
-1202
-1763
-2228
-2399
-2345
-2112
-1576
-736
25
580
1079
1508
1445
1059
716
197
-480
-1071
-1440
-1507
-1400
-1267
-886
-218
323
723
736
667
495
-86
-767
-1648
-2558
-3156
-3429
-3495
-3222
-2757
-2189
-1748
-1456
-1392
-1538
-1934
-3010
-4223
-5336
-6283
-6243
-5331
-3738
-1854
-284
738
1241
1095
324
-919
-2435
-4274
-6089
-7418
-8296
-8608
-8078
-6695
-4897
-3170
-1659
-575
-63
-316
-1049
-2082
-3401
-5016
-6548
-7381
-7712
-7409
-6534
-5361
-4030
-2651
-1442
-441
-30
-89
-545
-1441
-2432
-3501
-4410
-4976
-5186
-4938
-4322
-3571
-2528
-1546
-711
-29
488
553
312
-20
-718
-1531
-2208
-2891
-3212
-3109
-2881
-2560
-1993
-1339
-839
-428
-95
77
56
-365
-822
-1318
-1804
-1855
-1820
-1713
-1593
-1414
-993
-497
-182
-115
-134
-12
-156
-510
-838
-1037
-1217
-1223
-1207
-1174
-987
-572
-311
-197
-80
241
554
649
691
673
426
-58
-807
-1614
-2524
-3285
-3792
-4174
-4174
-3792
-3188
-2584
-1653
-614
286
915
1394
1768
1668
1308
631
-152
-709
-1154
-1321
-1060
-530
94
953
1969
2732
3335
3845
4049
4068
3789
3298
2584
1844
1390
1156
1105
1257
1559
1967
2468
3019
3509
3893
4210
4241
3991
3721
3373
3006
2797
2593
2490
2549
2628
2795
2968
3270
3507
3558
3638
3810
3845
3682
3547
3383
3039
2715
2664
2653
2692
2711
2814
2941
2890
2642
2406
2186
1960
1844
1820
1678
1481
1379
1369
1586
1823
1882
1886
1836
1885
2030
1978
1478
927
522
254
547
1258
2366
3902
5460
6549
6832
6603
6010
4970
3734
2277
1019
86
-319
-291
58
880
2169
3668
4919
5752
6045
5718
5098
4165
3101
1856
588
-346
-928
-747
32
838
1865
2916
3781
4454
4675
4590
4257
3678
2753
1666
641
-172
-718
-645
-143
664
1441
2149
2815
3462
3861
3743
3377
2850
2134
1419
616
52
-151
-225
-174
239
835
1371
1731
1841
1926
2082
2069
1841
1438
984
675
484
458
503
499
884
1408
1705
2041
2392
2538
2425
2212
1849
1585
1526
1411
1288
1324
1425
1579
1804
2218
2259
2139
2282
2516
2743
2849
2691
2321
1828
1081
180
-719
-1525
-2025
-2366
-2565
-2525
-2085
-1440
-473
386
1079
1676
2103
2371
2265
1867
1122
369
-382
-927
-1380
-1569
-1209
-623
88
923
1892
2544
2906
3012
2897
2609
2232
1590
744
25
-396
-688
-645
-490
-94
559
1006
1282
1595
1774
1737
1733
1536
1109
725
560
422
246
203
230
442
613
823
1077
1189
1264
1255
1105
1064
882
665
511
391
358
381
504
491
558
477
292
106
-52
-236
-493
-825
-1030
-994
-1172
-1271
-1173
-1031
-923
-916
-828
-752
-901
-863
-1064
-1563
-2128
-2612
-2912
-2900
-2284
-1257
168
1767
3113
3800
3737
3048
1989
696
-668
-2122
-3556
-4429
-4655
-4344
-3575
-2243
-756
588
1608
2113
2225
1852
873
-503
-1868
-3078
-4243
-5262
-5607
-5164
-4281
-3060
-1725
-538
351
758
864
693
58
-843
-1866
-2869
-3766
-4317
-4534
-4317
-3688
-2935
-1941
-948
-120
355
591
501
-75
-692
-1419
-2278
-3017
-3478
-3686
-3557
-3311
-2837
-2346
-1854
-1346
-987
-742
-823
-989
-1255
-1623
-1874
-2107
-2204
-2171
-1996
-1963
-1739
-1186
-721
-567
-650
-577
-585
-724
-815
-914
-1255
-1434
-1314
-1189
-1116
-1007
-779
-465
-123
-67
7
161
259
251
74
-346
-1023
-1864
-2611
-3392
-4167
-4669
-4933
-4964
-4622
-3993
-3162
-2331
-1481
-651
6
305
213
-13
-395
-1144
-2043
-2696
-3136
-3237
-2997
-2494
-1743
-847
-61
756
1490
1825
1803
1622
1287
702
-111
-816
-1097
-1338
-1528
-1376
-946
-534
-55
555
1143
1537
1623
1499
1341
1173
983
721
309
71
165
257
220
603
1050
1400
1620
1642
1618
1626
1539
1360
1138
1002
1054
965
948
979
1047
1115
1008
825
753
676
439
397
250
27
-257
-477
-492
-402
-357
-319
-252
-33
186
395
353
285
69
-178
-257
-165
217
896
