-5074
-4678
-4353
-4195
-3976
-3724
-3765
-4061
-4266
-4489
-4561
-4518
-4619
-4659
-4574
-4554
-4383
-4161
-3830
-3457
-3290
-3220
-3275
-3316
-3368
-3738
-4415
-5418
-6378
-7353
-8189
-8734
-8977
-8838
-8499
-7989
-7121
-6078
-5125
-4289
-3592
-3262
-3220
-3533
-4142
-5001
-5941
-6721
-7355
-7331
-6823
-6231
-5508
-4564
-3491
-2665
-2173
-1816
-1620
-1771
-2259
-2909
-3619
-4397
-4996
-5209
-5272
-5313
-5079
-4478
-3875
-3227
-2622
-2582
-2533
-2966
-3760
-4446
-5002
-5273
-5323
-5057
-4468
-3447
-2215
-1204
-948
-1582
-2609
-4014
-5812
-7911
-9708
-10942
-11411
-11274
-10631
-9398
-7884
-6329
-5165
-4553
-4647
-5565
-6991
-8669
-10513
-12123
-12982
-13073
-12394
-10679
-8337
-5642
-2962
-897
533
1218
1095
384
-620
-1845
-3548
-5442
-6870
-7281
-6677
-4993
-2314
629
3380
5548
6778
6870
6062
4562
2535
201
-2059
-4161
-5540
-6184
-5942
-4990
-3505
-1755
-271
616
811
283
-738
-2406
-4404
-6509
-8278
-9628
-10522
-10601
-9897
-8543
-6854
-5227
-4041
-3291
-3082
-3402
-4188
-5475
-7022
-8707
-10305
-11554
-12206
-12107
-11470
-10476
-9164
-7849
-6687
-5954
-5506
-5206
-5334
-5999
-7312
-8877
-10106
-10945
-11595
-11854
-11693
-11186
-10133
-8848
-7454
-6094
-5215
-4502
-3821
-3367
-3258
-3525
-3732
-3676
-3882
-3772
-3387
-2835
-2154
-1692
-1279
-840
-641
-656
-630
-834
-1117
-1179
-1260
-1567
-1834
-1961
-1878
-1858
-1681
-1607
-1730
-2004
-2255
-2411
-2602
-2912
-3288
-3680
-3997
-4483
-5146
-5784
-6340
-6817
-7040
-7096
-6788
-6317
-5710
-5033
-4422
-3765
-3218
-3099
-3284
-3796
-4553
-5394
-6129
-6889
-7697
-8249
-8375
-8222
-7689
-6802
-5832
-4920
-4184
-3798
-3673
-3616
-3924
-4399
-4943
-5361
-5508
-5395
-5182
-4734
-4064
-3140
-2087
-1209
-261
483
1059
1459
1785
2086
2183
1983
1566
841
-83
-1081
-2231
-3169
-4002
-4228
-3393
-1612
451
2198
3603
4843
5603
5606
4772
3281
1388
-747
-2581
-3861
-4155
-3368
-1841
-132
1778
3733
5277
6148
6281
5620
4645
3395
1710
-73
-1400
-1866
-1728
-702
1005
3168
5123
6368
7045
7094
6966
6694
6406
6291
6311
6556
6918
7110
7027
6763
6356
5664
4677
3540
2374
1242
526
69
141
792
1567
2568
3537
4363
4793
4652
4267
3562
2481
1005
-403
-1519
-2169
-2359
-2172
-1607
-734
148
1088
1701
2061
2023
1488
896
75
-899
-1887
-2728
-3294
-3775
-3932
-3722
-3500
-3335
-3095
-2851
-2770
-2658
-2674
-2969
-3390
-3852
-4239
-4500
-4658
-4530
-4101
-3775
-3344
-3068
-3057
-2979
-2909
-2826
-2918
-3055
-3372
-3795
-3910
-3811
-3584
-3137
-2593
-2123
-1644
-1192
-642
-403
-369
-439
-785
-1300
-1728
-1988
-2245
-2438
-2811
-2912
-2789
-2576
-2336
-2175
-1995
-1809
-1588
-1421
-1563
-2158
-3018
-3925
-5021
-6465
-7878
-8969
-9937
-10698
-10934
-10553
-9932
-8975
-7773
-6652
-5760
-5021
-4650
-4769
-5163
-5794
-6750
-7925
-8854
-9538
-9906
-9768
-9318
-8626
-7964
-7246
-6459
-5805
-5391
-5333
-5508
-5727
-6235
-6986
-7725
-8130
-8418
-8482
-8208
-7559
-6746
-6225
-5596
-4860
-4245
-3779
-3625
-3559
-3348
-3311
-3289
-3028
-2750
-2231
-1782
-1626
-1479
-1180
-677
-306
-191
-209
-329
-514
-605
-775
-1000
-1240
-1365
-1446
-1524
-1475
-1455
-1359
-1531
-1712
-1765
-1930
-2185
-2470
-2785
-2977
-3288
-3427
-3406
-3437
-3347
-3147
-2846
-2581
-2647
-2660
-2611
-2934
-3324
-4024
-4619
-4624
-4192
-3183
-1866
-671
355
1027
1044
331
-799
-2409
-4139
-5652
-7109
-8197
-8626
-8254
-7313
-6089
-4583
-3098
-2039
-1468
-1404
-2023
-2912
-4213
-5809
-7437
-8638
-9363
-9605
-9194
-8044
-6868
-5557
-4264
-3115
-2431
-2180
-2460
-3158
-4153
-5400
-6529
-7536
-8322
-8667
-8470
-7763
-6916
-5962
-5040
-4055
-3382
-3094
-3160
-3523
-4042
-4754
-5481
-6226
-6913
-7241
-7115
-6725
-6308
-5873
-5365
-4936
-4656
-4533
-4656
-4826
-5155
-5547
-5951
-6259
-6502
-6566
-6545
-6364
-6046
-5573
-5293
-5066
-5035
-5173
-5253
-5442
-5808
-6182
-6337
-6572
-6430
-6200
-6088
-5942
-5854
-5487
-5193
-4870
-4767
-4743
-4788
-4933
-5128
-5667
-6397
-7316
-8284
-9255
-10092
-10768
-11000
-10841
-10509
-9815
-8979
-7968
-6886
-5996
-5404
-5012
-5075
-5604
-6325
-7136
-7848
-8551
-9226
-9299
-8985
-8442
-7548
-6423
-5393
-4424
-3668
-3131
-3074
-3184
-3400
-3786
-4284
-4787
-5181
-5370
-5495
-5330
-4730
-4051
-3303
-2607
-2012
-1501
-1176
-1022
-925
-867
-812
-816
-831
-938
-845
-579
-227
104
393
603
738
1018
1162
1432
1576
1462
1360
1334
1358
1237
1268
1322
1298
1102
929
769
613
526
426
261
74
-128
-369
-434
-580
-548
-419
-390
-294
-50
78
137
402
517
351
21
-612
-1169
-1385
-898
196
1521
2805
4031
4963
5313
5008
4234
3117
1750
262
-1110
-2254
-2882
-2765
-2045
-1134
33
1328
2493
3349
3568
3289
2586
1275
-191
-1470
-2673
-3402
-3814
-3804
-3203
-2056
-654
526
1450
1999
2337
2111
1475
652
-435
-1686
-2747
-3603
-4153
-4097
-3438
-2590
-1712
-985
-336
87
366
364
-85
-641
-1380
-2311
-3126
-3703
-4154
-4300
-3965
-3582
-2930
-2234
-1936
-1808
-1606
-1508
-1734
-1989
-2367
-2744
-2975
-3053
-3188
-3278
-2990
-2582
-2197
-1912
-1778
-1726
-1662
-1651
-1949
-2291
-2572
-2769
-3028
-2981
-2863
-2741
-2526
-2352
-2363
-2453
-2243
-1864
-1551
-1533
-1661
-1829
-2304
-3159
-4140
-4966
-5693
-6538
-7360
-7835
-7804
-7579
-7337
-6775
-5850
-4790
-3889
-3248
-2844
-2828
-3022
-3682
-4656
-5508
-6164
-6686
-7015
-6962
-6622
-5968
-5212
-4328
-3446
-2692
-2227
-1963
-1846
-2012
-2513
-3095
-3497
-3977
-4408
-4609
-4505
-4058
-3450
-2802
-2191
-1619
-911
-400
-95
-4
-57
-202
-419
-680
-948
-927
-709
-436
-38
379
802
1202
1444
1540
1812
1896
1865
1837
1799
1588
1390
1277
1289
1218
1243
1151
910
806
746
621
410
248
44
28
-11
-70
-90
-248
-199
-44
-63
-153
-97
129
174
3
-534
-1217
-1789
-2162
-1994
-1173
140
1799
3275
4410
4851
4538
3743
2576
1039
-450
-1752
-2949
-3732
-3906
-3525
-2649
-1303
-27
1025
1892
2256
2243
1666
467
-875
-2437
-3695
-4719
-5526
-5568
-4867
-3890
-2702
-1681
-816
-40
532
558
54
-789
-2030
-3126
-4121
-5054
-5468
-5461
-5242
-4720
-4003
-2998
-2064
-1387
-1009
-1018
-1365
-1981
-2803
-3506
-4269
-4953
-5651
-5966
-5853
-5539
-4830
-3892
-3330
-3097
-3016
-3072
-3210
-3412
-3731
-4114
-4463
-4740
-4933
-4822
-4724
-4614
-4347
-4042
-3720
-3431
-3327
-3355
-3423
-3647
-4063
-4303
-4474
-4603
-4700
-4589
-4454
-4174
-3895
-3786
-3579
-3612
-3636
-3510
-3606
-3792
-4110
-4770
-5630
-6553
-7381
-8096
-8675
-9230
-9769
-9900
-9359
-8637
-7808
-6771
-5736
-4832
-4462
-4546
-4728
-5094
-5669
-6587
-7483
-8207
-8610
-8756
-8473
-7739
-6958
-6095
-5007
-4051
-3324
-3101
-3006
-3217
-3735
-4381
-4828
-5190
-5574
-5782
-5757
-5494
-5157
-4491
-3557
-2717
-1990
-1478
-1166
-886
-815
-980
-1255
-1414
-1417
-1412
-1313
-1129
-961
-575
-139
261
661
909
1030
943
800
827
968
756
520
583
578
506
525
704
841
770
638
381
85
-127
-284
-529
-846
-901
-861
-887
-837
-842
-616
-375
-276
-225
-300
-386
-733
-1435
-2513
-3411
-3903
-3828
-3238
-2131
-815
284
1022
1279
1038
481
-255
-1102
-1869
-2646
-3169
-3282
-2862
-1996
-889
175
1073
1697
1780
1451
871
49
-960
-2057
-3254
-3932
-4038
-3868
-3190
-2234
-1085
49
1028
1743
2154
2044
1633
1010
214
-726
-1760
-2576
-2947
-2844
-2337
-1607
-711
260
1160
1733
2041
1968
1613
967
267
-525
-1232
-1692
-2072
-2215
-2044
-1597
-1107
-623
-240
155
496
700
592
270
-369
-1007
-1733
-2341
-2575
-2849
-2912
-2929
-2847
-2669
-2384
-2125
-2097
-2148
-2099
-2240
-2600
-2835
-3224
-3631
-3601
-3538
-3402
-3188
-2991
-2839
-2843
-2880
-2914
-2915
-2685
-2580
-2817
-3273
-3802
-4473
-5342
-6160
-6938
-7622
-8107
-8129
-7847
-7406
-6623
-5568
-4408
-3624
-3207
-2898
-2919
-3343
-3957
-4579
-5106
-5512
-5838
-6053
-5907
-5325
-4485
-3630
-2608
-1642
-915
-377
-65
-84
-391
-882
-1330
-1747
-2121
-2305
-2235
-1961
-1522
-901
-70
639
1313
1730
1927
2053
2058
2105
1999
1706
1501
1488
1459
1491
1678
1896
2174
2393
2602
2934
3202
3334
3283
3221
3169
3035
2781
2556
2334
2304
2185
2120
2080
2122
2168
1960
1664
1359
1226
1125
1053
943
808
762
763
771
819
919
986
1042
1275
1434
1265
1002
992
1326
2072
3058
4551
6149
7469
8287
8603
8357
7425
5853
3973
1672
-550
-2482
-3842
-4430
-4076
-2809
-935
1345
3554
5096
6019
6491
6248
5040
3322
1416
-548
-2476
-3864
-4691
-4814
-4092
-3012
-1745
-302
1152
2043
2424
2484
2024
1115
-198
-1780
-3315
-4582
-5414
-5742
-5341
-4695
-3904
-2886
-1784
-908
-355
-19
-138
-678
-1464
-2269
-3150
-4117
-4793
-5137
-5331
-5287
-4975
-4531
-4108
-3739
-3531
-3353
-3339
-3485
-3553
-3685
-3774
-3718
-3729
-3485
-2921
-2364
-1930
-1479
-1168
-1073
-1193
-1400
-1596
-1808
-2184
-2573
-2575
-2429
-2330
-2100
-1799
-1526
-1231
-1009
-676
-554
-700
-822
-877
-1211
-1853
-2661
-3481
-4409
-5424
-6364
-6925
-7354
-7292
-6824
-6153
-5240
-4353
-3550
-2758
-2199
-1920
-1988
-2421
-3064
-3883
-4803
-5733
-6537
-7088
-7133
-6896
-6484
-5662
-4593
-3504
-2669
-2169
-2017
-2216
-2688
-3146
-3658
-4312
-4921
-5371
-5539
-5426
-5123
-4595
-3820
-2988
-2194
-1652
-1315
-980
-893
-836
-845
-804
-971
-1143
-1105
-957
-612
-198
213
553
1066
1559
1652
1684
1733
1852
2001
1922
1838
1823
1904
1914
1881
1813
1737
1692
1568
1523
1579
1497
1396
1208
1023
879
760
685
752
670
695
1004
1190
1165
1207
1263
1235
746
76
-695
-1382
-1647
-1288
-486
631
1739
2492
2862
2759
2231
1364
253
-1149
-2464
-3469
-3923
-3725
-3059
-1985
-635
784
2021
2915
3257
2941
2151
987
-365
-1757
-3185
-4253
-4914
-5107
-4458
-3354
-2079
-739
566
1592
2218
2400
2090
1268
205
-832
-1840
-2632
-3093
-3176
-2577
-1809
-1086
-206
716
1388
1773
1952
1747
1281
691
-170
-1137
-1770
-2095
-2203
-2114
-2008
-1418
-709
-224
162
413
433
430
376
84
-274
-533
-813
-1302
-1587
-1574
-1489
-1532
-1428
-1238
-1234
-1352
-1445
-1670
-2006
-2246
-2501
-2666
-2941
-3100
-3069
-2819
-2646
-2572
-2611
-2464
-2249
-2113
-2169
-2285
-2443
-2796
-3408
-4037
-4955
-5968
-6878
-7632
-8103
-8528
-8517
-8030
-7356
-6434
-5275
-4353
-3668
-3131
-3032
-3222
-3679
-4302
-4989
-5653
-6216
-6574
-6729
-6510
-5704
-4680
-3632
-2589
-1746
-1004
-724
-515
-573
-792
-1220
-1885
-2328
-2675
-2731
-2466
-2056
-1649
-1021
-193
641
1135
1563
2034
2383
2377
2322
2178
2024
1901
1859
1932
2110
2383
2668
2985
3210
3425
3683
3839
3855
3662
3671
3666
3437
3214
3093
2999
2881
2874
2952
2920
2845
2822
2728
2575
2348
2229
2100
1779
1535
1540
1510
1525
1583
1664
1570
1615
1813
1861
1745
1431
961
334
-32
-54
512
1729
3139
4684
5827
6246
6288
5918
5042
3727
2421
937
-241
-989
-1402
-1236
-425
805
2182
3457
4539
4964
4951
4597
3831
2726
1293
8
-1057
-1897
-2105
-1723
-935
196
1369
2155
2881
3540
3780
3525
2776
1898
955
1
-920
-1633
-1831
-1721
-1266
-448
295
1066
1825
2469
2604
2312
1798
1052
142
-716
-1407
-1821
-2184
-2462
-2405
-1892
-1393
-923
-495
-159
21
-24
-377
-876
-1346
-1734
-1983
-2182
-2136
-2075
-1967
-1542
-1137
-833
-582
-432
-437
-608
-797
-1010
-1269
-1551
-1810
-1856
-1769
-1557
-1316
-1094
-1107
-926
-747
-578
-435
-331
-317
-729
-1270
-1880
-2682
-3653
-4609
-5411
-5938
-6252
-6221
-5825
-5345
-4562
-3573
-2751
-2044
-1364
-935
-1027
-1484
-2186
-2858
-3711
-4452
-4831
-5057
-4999
-4506
-3740
-2979
-2097
-1105
-494
-256
-139
-164
-534
-1115
-1653
-1982
-2468
-2848
-3000
-2854
-2433
-1759
-961
-163
386
852
1257
1570
1636
1497
1310
1087
832
699
876
1172
1406
1587
1926
2175
2469
2921
3045
2948
2946
3076
3092
2823
2595
2618
2803
2849
2713
2534
2512
2441
2371
2317
2146
1988
1879
1804
1777
1562
1326
1256
1280
1486
1623
1745
1901
1913
1900
1898
1718
1280
650
-14
-267
226
1261
2565
4102
5395
6192
6443
6057
5058
3859
2671
1294
32
-964
-1600
-1803
-1250
-155
1142
2534
3667
4292
4412
4020
3268
2208
801
-672
-1966
-2770
-3144
-3081
-2366
-1180
-82
921
1840
2547
2770
2534
1940
1180
217
-985
-2041
-2827
-3116
-3065
-2688
-2085
-1183
-159
611
1058
1368
1363
1053
355
-418
-1157
-1918
-2570
-2841
-2869
-2735
-2427
-1930
-1405
-931
-490
-197
-201
-449
-784
-1254
-1611
-1960
-2262
-2242
-2005
-1854
-1648
-1269
-812
-562
-458
-380
-398
-442
-731
-1269
-1653
-1759
-1553
-1570
-1532
-1413
-1272
-939
-757
-805
-705
-522
-599
-638
-819
-1239
-1821
-2633
-3586
-4499
-5306
-5855
-6238
-6512
-6530
-6089
-5306
-4409
-3476
-2657
-1847
-1371
-1380
-1763
-2357
-2934
-3519
-4332
-5077
-5370
-5387
-5110
-4350
-3414
-2494
-1594
-843
-159
134
19
-167
-545
-1270
-1909
-2244
-2439
-2437
-2318
-2082
-1457
-696
68
769
1276
1678
1998
2077
2075
2048
2010
2018
1975
2035
2235
2373
2558
2840
3186
3619
3835
3992
4148
4223
4217
4110
4171
4254
3960
3738
3681
3524
3415
3381
3335
3369
3263
3095
2863
2796
2579
2402
2184
2056
2086
2179
2222
2089
2075
2218
2382
2400
2324
2242
2118
1642
1032
604
730
1447
2715
4394
5909
6809
7055
6791
6206
5226
3887
2360
1066
-113
-883
-1042
-683
258
1573
2891
3995
4860
5149
4952
4345
3376
2132
665
-719
-1677
-2171
-2137
-1665
-734
452
1661
2723
3290
3491
3440
3096
2506
1595
539
-323
-1102
-1631
-1781
-1460
-807
-58
736
1627
2075
2227
2323
2291
1824
1027
201
-400
-952
-1414
-1701
-1606
-1270
-911
-495
70
681
843
842
699
491
165
-306
-675
-871
-1074
-1047
-917
-706
-275
176
472
663
837
793
623
384
54
-297
-602
-882
-741
-553
-375
-80
38
259
334
162
184
405
413
201
-157
-582
-1330
-2134
-3101
-4018
-4715
-5082
-5186
-5309
-5039
-4335
-3503
-2670
-1925
-1216
-727
-487
-563
-1082
-1695
-2437
-3336
-3921
-4310
-4465
-4146
-3591
-2671
-1626
-752
-197
301
629
731
596
329
-224
-754
-1122
-1459
-1925
-2020
-1682
-1187
-514
250
934
1474
1864
2085
2075
1854
1537
1258
1046
970
960
1334
1792
2199
2523
2542
2511
2193
1623
1089
614
388
357
579
1051
1763
2425
3101
3528
3789
3728
3257
2455
1339
463
-65
-293
26
656
1600
2753
3994
5090
5933
6390
6420
5968
5319
4510
3743
3041
2290
1958
2060
2672
3538
4865
6679
8456
9718
10223
10143
9381
8057
6430
4793
3274
1959
987
459
581
1311
2294
3570
4725
5432
5944
5836
5128
4186
3027
1697
314
-814
-1581
-1943
-1849
-1235
-300
644
1422
2053
2524
2709
2630
2143
1407
456
-611
-1520
-2376
-3031
-3347
-3036
-2366
-1634
-813
44
767
994
918
570
72
-668
-1594
-2247
-2570
-2589
-2472
-2211
-1821
-1296
-604
36
554
1004
1259
1248
1013
777
409
163
132
250
462
878
1132
1429
1773
2151
2395
2410
2248
2051
1902
1741
1566
1317
1275
1293
1300
1274
1303
1458
1427
1356
1349
1510
1571
1382
1224
945
410
-167
-1121
-2164
-2910
-3568
-4342
-4926
-4946
-4760
-4317
-3618
-2729
-1832
-1233
-802
-572
-669
-1200
-1992
-2708
-3586
-4385
-4898
-5059
-5045
-4602
-3849
-2958
-2198
-1522
-945
-524
-595
-752
-985
-1521
-2294
-2844
-3337
-3710
-3783
-3537
-3112
-2614
-1923
-1143
-528
-136
148
419
546
418
91
-478
-1176
-1622
-1874
-1734
-1367
-993
-444
355
1082
1499
1787
1832
1547
1114
507
-13
-419
-892
-1152
-1165
-737
-157
300
702
1031
1182
1012
693
183
-522
-1413
-2171
-2595
-2936
-3032
-2817
-2466
-2019
-1504
-1229
-994
-1104
-1677
-2691
-3726
-4649
-5331
-5466
-4625
-3055
-1354
245
1539
2019
1673
811
-459
-2070
-3988
-5771
-7219
-8124
-8268
-7555
-6227
-4586
-2915
-1480
-279
377
275
-468
-1659
-3120
-4687
-6042
-7105
-7644
-7472
-6596
-5191
-3601
-2067
-753
88
603
584
168
-528
-1504
-2595
-3593
-4495
-4883
-4587
-3899
-2966
-1788
-731
103
649
985
1163
963
561
-67
-888
-1665
-2250
-2618
-2825
-2619
-2210
-1673
-985
-129
407
477
381
183
-93
-413
-752
-1062
-1360
-1496
-1497
-1244
-857
-469
-138
43
212
254
361
345
66
-314
-721
-1029
-892
-741
-727
-635
-417
-187
98
300
486
639
709
734
593
326
-247
-956
-1782
-2619
-3382
-3882
-4237
-4158
-3736
-3280
-2544
-1559
-443
584
1349
1827
1847
1642
1259
646
-58
-711
-1161
-1298
-1003
-612
112
1038
1996
3010
3667
3909
4098
4293
4049
3599
2929
2343
1972
1650
1288
1193
1484
2028
2584
3075
3644
4085
4260
4198
4003
3865
3675
3398
3106
2846
2861
2769
2779
2960
3159
3324
3625
3858
3867
3982
4022
3836
3698
3426
3110
2986
2914
2854
2739
2736
2793
2784
2699
2649
2508
2168
1851
1724
1709
1548
1396
1301
1251
1368
1417
1588
1875
2036
2032
1893
1696
1394
887
478
315
555
1407
2523
3938
5479
6680
7184
6953
6315
5263
3928
2573
1277
212
-464
-703
-153
875
2187
3576
4751
5414
5740
5725
5178
4179
2999
1613
349
-668
-1162
-1209
-680
605
1788
2715
3626
4417
4884
4832
4424
3769
2861
1708
536
-287
-715
-712
-328
226
897
1918
2787
3340
3668
3697
3476
3093
2446
1620
686
-85
-404
-465
-475
-231
270
747
1266
1792
2044
1992
1724
1578
1197
857
550
392
418
498
677
1027
1282
1568
1832
1999
2191
2288
2161
2031
1843
1707
1595
1451
1323
1439
1468
1557
1782
2032
2394
2639
2763
2692
2571
2409
2210
1769
1112
348
-322
-1028
-1772
-2437
-2623
-2577
-2284
-1662
-918
86
941
1458
1831
2074
1964
1628
1012
247
-441
-1071
-1368
-1496
-1367
-774
-52
703
1522
2231
2784
3056
3014
2594
2090
1497
834
106
-367
-601
-649
-476
-30
571
975
1361
1818
1972
1932
1790
1635
1332
1039
759
564
479
312
305
417
734
1112
1398
1665
1725
1683
1663
1420
1230
1140
1024
928
815
588
485
467
429
322
275
102
-4
-12
-189
-530
-853
-958
-992
-949
-829
-729
-780
-848
-758
-618
-700
-844
-815
-1117
-1608
-2203
-2715
-2638
-2070
-939
640
2334
3519
4268
4411
3810
2622
1266
-121
-1498
-2817
-3770
-4044
-3751
-2848
-1683
-342
955
1996
2734
2746
2110
1187
64
-1277
-2837
-4116
-4724
-4932
-4675
-3747
-2434
-1309
-472
449
1199
1340
855
244
-466
-1467
-2664
-3397
-3958
-4270
-3990
-3482
-2620
-1484
-521
145
522
624
502
227
-166
-995
-1795
-2362
-3007
-3564
-3627
-3415
-2927
-2384
-1916
-1411
-985
-742
-650
-763
-1019
-1352
-1723
-2074
-2287
-2213
-2116
-1628
-1122
-754
-480
-308
-113
-72
-134
-136
-338
-565
-867
-1237
-1225
-1029
-780
-625
-534
-370
-192
76
340
562
671
610
148
-225
-734
-1322
-2089
-3013
-3899
-4615
-4975
-4918
-4645
-4168
-3229
-2061
-1087
-387
77
504
541
184
-341
-1132
-1841
-2373
-2823
-3031
-2884
-2431
-1521
-557
273
1030
1660
2163
2181
1869
1447
783
18
-528
-911
-1322
-1490
-1355
-1058
-652
-69
505
1179
1522
1566
1571
1459
1243
796
463
404
265
148
233
461
701
905
1309
1719
1859
1769
1614
1610
1614
1507
1328
999
958
971
920
881
968
849
815
796
708
589
420
176
41
-227
-399
-278
-218
-224
-142
18
117
257
411
350
199
-30
-328
-466
-255
84
834
