-5173
-4698
-4364
-3972
-3676
-3535
-3595
-3951
-4267
-4453
-4650
-4898
-4902
-4590
-4387
-4215
-4059
-3866
-3483
-3196
-3066
-2984
-2778
-2833
-3185
-3680
-4301
-4989
-5807
-6684
-7437
-7956
-8344
-8349
-7909
-7368
-6685
-5920
-5094
-4148
-3389
-3025
-2945
-3392
-4326
-5296
-6061
-6575
-6991
-7068
-6884
-6375
-5693
-4850
-3748
-2815
-2089
-1667
-1568
-1746
-2160
-2666
-3338
-4179
-4865
-5278
-5426
-5281
-4886
-4288
-3551
-3025
-2597
-2222
-2434
-2924
-3663
-4451
-5134
-5473
-5606
-5278
-4433
-3260
-1960
-1146
-1104
-1679
-2744
-4228
-5896
-7856
-9759
-11041
-11622
-11452
-10356
-8900
-7290
-5955
-4929
-4457
-4756
-5615
-6932
-8755
-10546
-11951
-12893
-12976
-12082
-10348
-7927
-5279
-2682
-626
930
1716
1463
582
-668
-1993
-3414
-5096
-6391
-6841
-6248
-4604
-2160
622
3374
5477
6603
6588
5848
4369
2373
186
-2054
-4032
-5621
-6344
-6092
-5003
-3416
-1734
-224
823
1019
388
-529
-1831
-3544
-5605
-7670
-9150
-10040
-9824
-8936
-7816
-6563
-5190
-4089
-3496
-3394
-3502
-4105
-5444
-6999
-8484
-9926
-11088
-11775
-11828
-11244
-10242
-8871
-7373
-6069
-5108
-4551
-4479
-4939
-5873
-6963
-8203
-9412
-10546
-11398
-11657
-11411
-10692
-9522
-8023
-6669
-5496
-4720
-4155
-3602
-3437
-3549
-3850
-3885
-3715
-3625
-3478
-3389
-3084
-2390
-1716
-1351
-1022
-746
-639
-590
-756
-1110
-1458
-1764
-1934
-1929
-1780
-1780
-1888
-1828
-1817
-2045
-2278
-2451
-2510
-2556
-2742
-2969
-3115
-3549
-4323
-5072
-5621
-6010
-6466
-6817
-6818
-6449
-5894
-5412
-4819
-3976
-3374
-3084
-3059
-3228
-3630
-4396
-5569
-6474
-7207
-7919
-8358
-8463
-8351
-7935
-7250
-6460
-5585
-4811
-4244
-3912
-3869
-4021
-4398
-4586
-4850
-5241
-5493
-5387
-4692
-3894
-2940
-2214
-1447
-612
244
939
1335
1566
1696
1865
1912
1724
971
-46
-1182
-2362
-3454
-4235
-4269
-3381
-1835
-68
1745
3535
4725
5413
5445
4534
3198
1322
-592
-2214
-3357
-3505
-2937
-1664
217
2338
4423
5857
6537
6609
5977
4790
3338
1781
379
-766
-1181
-993
-31
1643
3616
5553
6795
7321
7295
6918
6423
6189
5987
6149
6473
6720
7024
7002
6783
6346
5434
4349
3209
1948
835
62
-177
-60
526
1583
2794
3798
4472
4956
5009
4621
3689
2528
1338
122
-942
-1693
-2083
-1984
-1506
-777
133
995
1534
1776
1881
1535
857
-38
-966
-1929
-2930
-3591
-4035
-4148
-4020
-3838
-3573
-3269
-3207
-3067
-3087
-3229
-3294
-3497
-3652
-3937
-4344
-4319
-4025
-3867
-3823
-3520
-3199
-2980
-2721
-2785
-2879
-2974
-3289
-3808
-4118
-4128
-3927
-3651
-3467
-3209
-2735
-2022
-1426
-1104
-1066
-941
-966
-1252
-1640
-2085
-2613
-3151
-3343
-3329
-3287
-3076
-2924
-2636
-2236
-2159
-1918
-1650
-1611
-1732
-2215
-2956
-3655
-4848
-6314
-7579
-8792
-9670
-10310
-10451
-10128
-9345
-8399
-7325
-6278
-5457
-4807
-4597
-4814
-5282
-5980
-7052
-8073
-9089
-9958
-10285
-10138
-9708
-9230
-8626
-7830
-6892
-6155
-5734
-5691
-5601
-5799
-6380
-7062
-7728
-8245
-8455
-8473
-8243
-7750
-7183
-6474
-5630
-4850
-4260
-3712
-3416
-3308
-3306
-3280
-3128
-2942
-2706
-2514
-2378
-2079
-1572
-998
-668
-533
-403
-273
-467
-716
-917
-1159
-1379
-1489
-1473
-1592
-1625
-1655
-1571
-1466
-1496
-1543
-1683
-1913
-2222
-2418
-2540
-2711
-2993
-3193
-3184
-3075
-3056
-2939
-2812
-2559
-2426
-2468
-2483
-2598
-3133
-3791
-4405
-4749
-4318
-3366
-2098
-889
82
507
431
-233
-1293
-2434
-3982
-5543
-6884
-7941
-8436
-8240
-7417
-6018
-4548
-3202
-2076
-1548
-1373
-1765
-2697
-3912
-5449
-7070
-8325
-8996
-9185
-8886
-8220
-7106
-5811
-4480
-3303
-2528
-2347
-2656
-3213
-4207
-5524
-6724
-7777
-8410
-8566
-8380
-7845
-7213
-6306
-5253
-4509
-3890
-3418
-3341
-3603
-4136
-4799
-5549
-6289
-6919
-7083
-7115
-6952
-6506
-5937
-5475
-4989
-4619
-4553
-4716
-4899
-5026
-5239
-5796
-6423
-6645
-6753
-6707
-6555
-6383
-6001
-5842
-5695
-5526
-5369
-5509
-5919
-6218
-6529
-6909
-7042
-6862
-6475
-6327
-6234
-5851
-5565
-5283
-5121
-4965
-4986
-5156
-5112
-5372
-5857
-6321
-7099
-8177
-9311
-10113
-10576
-10811
-10624
-10172
-9656
-8959
-8072
-7101
-6149
-5527
-5256
-5274
-5670
-6379
-7068
-7860
-8651
-9164
-9350
-9288
-8674
-7777
-6806
-5811
-5082
-4386
-3643
-3198
-3199
-3459
-3921
-4576
-5055
-5382
-5725
-5776
-5432
-4868
-4018
-3311
-2721
-2256
-1603
-927
-682
-598
-628
-674
-771
-841
-858
-776
-642
-241
156
501
707
957
1350
1645
1691
1532
1517
1506
1495
1481
1394
1340
1388
1487
1491
1416
1326
1164
988
817
762
649
486
303
162
146
319
606
707
514
678
991
1185
1143
1059
919
238
-489
-914
-910
-486
328
1602
3111
4330
5153
5316
4867
4007
2955
1708
266
-966
-1951
-2582
-2711
-2104
-958
292
1695
3035
3711
3873
3484
2787
1754
371
-1024
-2198
-2952
-3224
-2942
-2453
-1695
-680
364
1334
2035
2394
2231
1517
394
-660
-1564
-2573
-3458
-3752
-3525
-3254
-2620
-1797
-897
-144
369
589
627
281
-257
-851
-1682
-2618
-3362
-3475
-3504
-3532
-3206
-2711
-2228
-1851
-1500
-1209
-1323
-1512
-1788
-2170
-2534
-2846
-3295
-3645
-3497
-3058
-2718
-2455
-2051
-1855
-1717
-1700
-1787
-1972
-2176
-2403
-2695
-2939
-3090
-3175
-3186
-3044
-2643
-2380
-2128
-1908
-1696
-1611
-1529
-1523
-1802
-2274
-2861
-3691
-4624
-5540
-6378
-6996
-7372
-7556
-7330
-6981
-6535
-5738
-4712
-3831
-3071
-2601
-2732
-3204
-3938
-4801
-5699
-6462
-7059
-7298
-7289
-6964
-6226
-5298
-4560
-3830
-3042
-2367
-1926
-1830
-2170
-2700
-3276
-3768
-4376
-4668
-4656
-4490
-4144
-3739
-3150
-2307
-1468
-865
-594
-577
-429
-198
-306
-629
-782
-920
-1088
-1036
-637
-418
30
536
958
1282
1357
1469
1485
1458
1391
1219
992
928
932
926
1074
1268
1248
1042
958
884
599
297
117
49
-126
-248
-356
-377
-262
-258
-226
-168
-136
87
81
11
-209
-755
-1447
-1995
-2372
-2346
-1704
-440
1082
2563
3566
4151
4100
3364
2237
789
-849
-2314
-3521
-4273
-4365
-4086
-3227
-2005
-650
561
1539
1946
2010
1391
219
-1101
-2622
-4072
-5025
-5493
-5604
-5190
-4333
-3204
-2089
-1072
-161
195
63
-377
-1140
-2264
-3506
-4485
-5095
-5582
-5883
-5796
-5089
-4116
-3199
-2431
-1874
-1450
-1371
-1559
-2065
-2746
-3506
-4532
-5236
-5679
-5820
-5842
-5524
-4900
-4320
-3813
-3413
-3236
-3346
-3453
-3654
-3923
-4300
-4571
-4957
-5277
-5399
-5335
-4908
-4560
-4174
-3807
-3622
-3731
-3853
-3927
-3924
-4101
-4443
-4870
-5077
-5027
-4871
-4689
-4428
-4160
-4000
-3922
-3769
-3619
-3593
-3633
-3764
-4070
-4711
-5558
-6283
-6955
-7842
-8702
-9279
-9360
-9212
-9075
-8590
-7758
-6852
-5769
-4869
-4431
-4418
-4734
-5275
-5948
-6628
-7453
-8184
-8587
-8746
-8547
-8131
-7307
-6313
-5258
-4364
-3574
-3077
-3018
-3083
-3433
-3931
-4650
-5251
-5521
-5465
-5433
-5045
-4394
-3664
-2905
-2279
-1655
-1091
-803
-711
-803
-839
-915
-1023
-907
-790
-724
-726
-521
-144
265
797
1227
1355
1452
1647
1741
1605
1414
1339
1463
1294
1174
1240
1327
1541
1621
1699
1623
1348
1153
860
687
595
362
189
193
399
586
676
679
770
810
785
733
477
65
-543
-1481
-2387
-2868
-2880
-2486
-1482
-221
1020
1841
2082
1871
1592
987
1
-913
-1642
-1944
-2043
-1683
-933
-96
846
1693
2397
2689
2387
1740
920
-103
-1162
-2124
-2883
-3195
-2956
-2414
-1606
-492
567
1421
2137
2482
2545
2248
1546
837
-115
-1047
-1763
-2138
-2104
-1695
-951
-114
723
1573
2295
2526
2550
2296
1779
1059
248
-627
-1184
-1372
-1584
-1584
-1213
-707
-119
503
974
1413
1544
1180
593
-14
-581
-1151
-1561
-1810
-2057
-2240
-2251
-2134
-1900
-1667
-1518
-1489
-1592
-1663
-1833
-2088
-2332
-2571
-2796
-2799
-2823
-2918
-2882
-2668
-2510
-2458
-2443
-2465
-2274
-2177
-2267
-2490
-2811
-3321
-3952
-4914
-5956
-6751
-7227
-7489
-7692
-7511
-6825
-5868
-5090
-4280
-3496
-2877
-2601
-2716
-3139
-3700
-4392
-5343
-6160
-6508
-6517
-6235
-5680
-4772
-3768
-2694
-1730
-1131
-721
-431
-279
-463
-912
-1506
-1914
-2295
-2388
-2298
-2073
-1752
-1083
-229
393
997
1582
1999
2242
2275
2056
1829
1697
1550
1451
1402
1505
1759
2007
2215
2458
2954
3310
3473
3389
3255
3199
3259
3164
2914
2805
2899
2812
2692
2717
2780
2676
2560
2419
2179
1880
1622
1509
1465
1348
1267
1272
1323
1247
1363
1543
1629
1489
1424
1526
1341
1054
918
1292
2021
2987
4280
5822
7074
8032
8486
8202
7225
5663
3624
1426
-840
-2665
-3864
-4383
-4020
-2682
-644
1697
3797
5357
6263
6640
6346
5372
3896
1862
-209
-2052
-3429
-4235
-4310
-3762
-2585
-1248
149
1381
2258
2616
2433
1814
898
-413
-1856
-3145
-4219
-5125
-5267
-4883
-4441
-3679
-2715
-1783
-857
-269
-113
-164
-613
-1314
-2056
-2935
-3740
-4400
-4838
-4929
-4734
-4394
-4182
-3853
-3503
-3386
-3224
-3174
-3216
-3460
-3788
-3959
-3849
-3583
-3334
-2996
-2663
-2302
-1920
-1667
-1651
-1661
-1765
-2092
-2232
-2349
-2616
-2759
-2643
-2337
-2037
-1712
-1519
-1281
-1036
-661
-377
-216
-262
-531
-748
-1053
-1675
-2546
-3589
-4505
-5231
-5799
-6094
-6449
-6432
-5808
-5039
-4108
-3039
-1968
-1370
-1307
-1501
-1755
-2370
-3457
-4519
-5387
-6242
-6641
-6587
-6258
-5651
-4909
-4101
-3269
-2569
-1984
-1758
-1819
-2008
-2385
-2988
-3697
-4414
-4742
-4972
-4907
-4695
-4274
-3725
-2981
-2090
-1410
-956
-785
-772
-821
-904
-1056
-1242
-1153
-961
-771
-650
-445
-36
334
568
912
1323
1713
1962
1863
1756
1644
1557
1654
1704
1777
1934
1937
1783
1765
1680
1703
1640
1405
1188
1105
1015
904
720
629
714
1074
1364
1467
1517
1595
1729
1621
1327
1048
385
-517
-1157
-1460
-1403
-678
385
1401
2263
2829
2827
2286
1323
120
-1036
-2236
-3124
-3491
-3493
-3005
-2114
-802
860
2315
3220
3415
3082
2512
1490
-91
-1775
-3264
-4330
-4852
-5060
-4538
-3475
-2205
-951
169
1091
1798
2082
1753
1175
282
-813
-1703
-2434
-2994
-2949
-2541
-1888
-1105
-233
668
1422
1836
2100
1994
1483
799
152
-360
-950
-1491
-1748
-1725
-1462
-830
-95
296
422
678
965
991
888
544
-30
-510
-805
-945
-1185
-1357
-1096
-775
-712
-692
-625
-562
-811
-1087
-1360
-1827
-2250
-2485
-2458
-2224
-2422
-2567
-2425
-2009
-1791
-1706
-1605
-1450
-1349
-1349
-1663
-2107
-2691
-3376
-4247
-5225
-6085
-6889
-7396
-7397
-7333
-7020
-6234
-5358
-4534
-3765
-3042
-2623
-2561
-2692
-3080
-3872
-4746
-5542
-6086
-6420
-6476
-6188
-5510
-4629
-3610
-2503
-1506
-741
-331
-219
-129
-444
-917
-1390
-1786
-1984
-2167
-2150
-1776
-1109
-399
468
1440
2065
2354
2669
2754
2800
2766
2715
2695
2553
2391
2512
2864
3201
3304
3536
3774
4049
4397
4600
4567
4445
4381
4361
4200
3981
3884
3797
3662
3669
3805
3749
3715
3499
3400
3302
3111
2900
2681
2406
2229
2216
2368
2490
2589
2639
2655
2607
2526
2508
2434
2243
1586
833
300
170
765
1879
3154
4605
5897
6670
6739
6071
5084
3985
2654
1369
167
-689
-1103
-986
-204
949
2337
3749
4966
5495
5514
5177
4444
3293
1910
449
-678
-1235
-1324
-1003
-370
503
1550
2532
3264
3807
4010
3783
3175
2135
1108
131
-857
-1507
-1649
-1368
-791
-231
458
1214
1844
2255
2334
2209
1882
1205
384
-431
-1047
-1520
-1830
-1878
-1723
-1314
-952
-449
-41
128
168
-89
-278
-615
-986
-1401
-1732
-1844
-2054
-2074
-1901
-1552
-1243
-880
-625
-556
-448
-489
-755
-1068
-1418
-1694
-1795
-1794
-1637
-1514
-1284
-1144
-924
-600
-400
-353
-354
-446
-350
-506
-965
-1570
-2288
-3203
-4202
-5050
-5789
-6227
-6179
-5663
-5149
-4712
-3869
-2863
-1847
-1083
-846
-923
-1510
-2249
-2882
-3597
-4312
-5017
-5410
-5200
-4757
-4121
-3236
-2261
-1303
-614
-251
-58
14
-344
-1005
-1522
-2042
-2465
-2699
-2764
-2600
-2235
-1490
-703
22
567
893
1235
1490
1479
1407
1322
1232
1159
1135
1141
1239
1418
1713
2043
2420
2771
2954
3052
3036
3145
3051
2819
2678
2686
2800
2905
2906
2881
2815
2978
3010
2762
2586
2365
2271
2276
2161
2007
1957
1783
1729
1902
2129
2284
2170
2053
2050
2201
2240
2057
1568
929
340
21
552
1457
2621
4035
5307
6138
6369
5952
5205
4099
2801
1280
6
-966
-1481
-1439
-922
113
1244
2438
3632
4508
4820
4462
3644
2641
1371
96
-1146
-2119
-2601
-2558
-1915
-999
-29
949
1784
2329
2588
2494
2056
1226
151
-864
-1865
-2707
-2986
-2896
-2323
-1569
-884
-98
696
1373
1612
1520
1217
604
-114
-816
-1519
-2218
-2610
-2626
-2429
-2049
-1521
-953
-591
-345
-94
-25
-145
-601
-1054
-1472
-1710
-1938
-2042
-2036
-1769
-1561
-1332
-863
-502
-267
-162
-334
-595
-794
-955
-1236
-1465
-1628
-1626
-1517
-1389
-1203
-895
-620
-401
-239
-152
-110
-98
-207
-612
-1217
-1928
-2723
-3820
-4905
-5353
-5670
-6057
-5905
-5271
-4434
-3508
-2685
-1909
-1281
-1149
-1319
-1706
-2237
-2893
-3594
-4177
-4691
-5055
-5154
-5008
-4413
-3522
-2538
-1547
-739
-182
66
12
-19
-233
-704
-1239
-1743
-2104
-2275
-2147
-1629
-1126
-546
92
774
1437
1809
1925
2007
2178
2321
2188
1897
1635
1682
1829
1993
2149
2635
3072
3339
3678
3967
3972
3858
3886
3969
3882
3729
3720
3526
3377
3496
3488
3667
3735
3713
3562
3556
3436
3116
2968
2825
2806
2603
2543
2525
2588
2770
2800
2771
2762
2729
2762
2582
2115
1647
1093
869
1026
1603
2809
4235
5488
6429
6799
6538
5780
4851
3580
2187
830
-298
-821
-1023
-750
75
1219
2566
3988
4880
5187
5097
4527
3427
2085
729
-344
-1191
-1702
-1737
-1359
-614
429
1384
2196
2910
3243
3332
3100
2507
1504
397
-613
-1478
-1963
-2044
-1715
-917
53
925
1689
2189
2548
2466
2175
1813
1284
509
-291
-947
-1455
-1517
-1310
-1018
-592
-92
369
597
768
925
781
400
90
-266
-677
-897
-907
-920
-974
-746
-398
-148
130
499
722
591
384
92
-191
-394
-692
-921
-877
-703
-567
-297
-3
124
241
267
453
655
627
516
211
-284
-966
-1694
-2559
-3568
-4203
-4536
-4874
-4951
-4689
-3996
-3076
-2317
-1514
-746
-166
-14
-167
-560
-1301
-2164
-2948
-3576
-4177
-4484
-4205
-3507
-2740
-1812
-861
-126
503
839
913
836
596
189
-438
-1055
-1442
-1465
-1285
-957
-534
86
829
1412
1917
2284
2398
2475
2376
2269
1821
1455
1486
1799
2175
2506
2883
2971
2976
2883
2526
1977
1333
921
702
794
1091
1460
2059
2926
3786
4351
4505
4293
3722
2766
1893
1255
598
316
607
1319
2416
3696
4891
5866
6599
7073
7207
6823
6053
5268
4570
3970
3397
2948
2709
3075
4227
5758
7203
8607
9745
10392
10401
9651
8388
6837
5216
3725
2486
1536
871
898
1544
2548
3787
5014
5828
6147
6091
5729
4880
3669
2389
1030
-228
-1024
-1490
-1463
-949
-227
601
1352
2111
2601
2785
2691
2255
1592
743
-388
-1611
-2601
-3065
-3091
-2841
-2225
-1374
-539
163
628
927
1019
946
668
5
-740
-1404
-2046
-2312
-2288
-1923
-1499
-941
-304
383
1009
1375
1412
1364
1157
954
788
633
515
474
730
1229
1517
1711
2082
2361
2486
2402
2321
2106
1700
1318
1049
955
1015
1019
1072
1107
1212
1321
1505
1655
1688
1606
1457
1398
1312
1189
809
177
-545
-1425
-2476
-3245
-4001
-4471
-4679
-4507
-3910
-3219
-2649
-1961
-1262
-728
-551
-666
-1191
-1923
-2726
-3412
-4222
-4962
-5231
-5103
-4638
-4084
-3300
-2212
-1437
-1092
-632
-405
-568
-1088
-1747
-2348
-2944
-3385
-3742
-4034
-3867
-3360
-2743
-2108
-1605
-1019
-439
-145
-9
118
46
-193
-831
-1537
-1933
-1985
-2032
-1878
-1456
-834
-15
711
1280
1504
1513
1301
894
352
-242
-816
-1292
-1559
-1421
-1150
-716
-60
544
977
1148
968
496
-28
-543
-1301
-2126
-2607
-2876
-2987
-2901
-2453
-1911
-1463
-1093
-932
-1189
-1842
-2714
-3921
-5076
-5755
-5873
-5236
-3779
-2036
-522
677
1444
1445
766
-730
-2497
-4186
-5739
-7337
-8441
-8556
-7894
-6662
-5185
-3302
-1538
-409
263
305
-327
-1365
-2679
-4144
-5744
-6802
-7341
-7252
-6347
-5199
-3858
-2529
-1401
-460
142
228
-218
-978
-1957
-3123
-4166
-5021
-5234
-5009
-4442
-3547
-2490
-1423
-406
285
676
860
678
238
-320
-1112
-2011
-2644
-2845
-2864
-2627
-2082
-1504
-1041
-712
-313
108
326
216
-214
-575
-1050
-1483
-1824
-1884
-1733
-1497
-1241
-922
-574
-249
8
68
-83
-259
-406
-681
-1057
-1324
-1389
-1322
-1080
-745
-559
-462
-278
56
433
690
810
716
565
397
79
-432
-1214
-1956
-2762
-3480
-3784
-3737
-3577
-3059
-2201
-1264
-276
694
1338
1731
1731
1565
1324
854
149
-518
-930
-1239
-1114
-718
-192
749
1755
2648
3449
3967
4114
4013
3853
3603
3165
2517
1818
1392
1245
1345
1661
2135
2809
3326
3696
4058
4430
4550
4414
4067
3562
3215
2729
2620
2662
2697
2811
3004
3242
3532
3750
3759
3609
3599
3584
3530
3361
3166
3018
2943
3085
3188
3057
2903
2858
2961
3109
3018
2755
2542
2420
2259
2088
1967
1938
1917
1869
2022
2198
2318
2384
2377
2354
2312
2171
1775
1142
564
254
498
1272
2454
3929
5273
6299
6824
6672
6085
5193
4050
2717
1299
207
-356
-466
-193
1018
2443
3716
4820
5646
6066
6001
5518
4565
3267
2018
891
16
-430
-527
-46
704
1660
2840
3884
4520
4945
4948
4471
3902
3179
2100
917
53
-259
-235
26
412
974
1852
2714
3555
4034
3951
3514
3008
2494
1929
1160
475
139
35
33
204
481
898
1531
2003
2237
2343
2375
2164
1781
1240
774
581
581
566
714
1031
1321
1632
1947
2106
2365
2406
2240
2023
1892
1745
1354
1262
1398
1524
1732
1964
2155
2349
2491
2707
2815
2822
2892
2945
2681
2270
1699
896
1
-880
-1641
-2104
-2278
-2259
-1990
-1521
-708
195
1115
1788
2192
2301
2058
1701
1200
421
-521
-1208
-1570
-1731
-1465
-814
-16
785
1603
2351
2818
3049
3049
2760
2235
1483
812
281
-249
-585
-609
-375
-41
314
728
1162
1597
1949
2039
2011
1780
1575
1254
950
602
165
66
221
427
606
779
927
1161
1558
1664
1445
1194
1060
878
746
714
790
769
721
657
760
734
623
647
489
236
113
-118
-389
-510
-507
-484
-478
-480
-366
-443
-430
-330
-494
-605
-662
-939
-1445
-2013
-2514
-2604
-2204
-1144
239
1672
2970
3883
4141
3547
2491
1218
-107
-1560
-2814
-3736
-4178
-4111
-3435
-2156
-672
641
1809
2473
2494
1937
1190
180
-1206
-2719
-3920
-4542
-4802
-4651
-3980
-2839
-1573
-396
385
947
1202
944
493
-259
-1409
-2586
-3334
-3828
-4187
-4128
-3629
-2782
-1928
-1016
-130
425
706
563
46
-461
-979
-1647
-2336
-2856
-3111
-3094
-3031
-2727
-2129
-1414
-971
-717
-439
-491
-794
-1239
-1684
-1849
-2134
-2442
-2517
-2188
-1775
-1479
-991
-468
-137
-99
-140
-183
-278
-360
-618
-919
-1239
-1176
-954
-833
-652
-498
-105
280
474
667
764
1034
1042
717
386
-345
-1229
-2259
-3273
-3953
-4228
-4522
-4669
-4287
-3571
-2917
-2190
-1217
-192
423
603
534
111
-558
-1213
-1870
-2401
-2893
-2937
-2662
-2165
-1520
-775
115
973
1695
2116
2119
1798
1403
836
100
-460
-697
-845
-932
-896
-691
-382
83
644
1074
1392
1701
1796
1619
1270
913
589
202
-21
147
382
480
712
918
1032
1422
1566
1612
1659
1628
1606
1427
1303
1223
1091
943
756
652
910
1142
1232
1094
913
728
682
527
208
-162
-243
-142
-188
-263
-271
-182
133
282
284
195
136
65
-146
-515
-464
172
1067
