-5480
-5033
-4464
-4192
-4133
-4111
-4063
-4098
-4339
-4586
-4755
-4945
-4907
-4906
-4845
-4702
-4309
-3989
-3782
-3633
-3471
-3178
-2856
-2970
-3441
-3885
-4337
-5157
-6050
-7004
-7617
-8156
-8497
-8345
-8016
-7434
-6718
-5878
-5188
-4400
-3735
-3403
-3457
-4069
-4850
-5678
-6472
-6930
-7065
-7205
-7090
-6742
-6037
-4936
-3803
-3061
-2551
-2100
-1986
-2239
-2695
-3277
-4014
-4828
-5366
-5675
-5769
-5540
-5075
-4461
-3871
-3449
-3037
-2760
-2770
-3038
-3724
-4706
-5589
-6002
-6014
-5743
-4883
-3756
-2734
-1836
-1366
-1784
-3030
-4689
-6499
-8467
-10340
-11698
-12122
-11768
-10691
-9217
-7723
-6217
-5016
-4634
-5029
-6052
-7339
-8798
-10662
-12351
-13266
-13268
-12368
-10461
-7985
-5498
-3063
-795
649
1214
1114
487
-630
-2121
-3725
-5265
-6562
-7236
-6795
-5124
-2551
370
2909
4930
6017
6149
5357
3928
2167
-87
-2418
-4409
-5827
-6382
-6145
-5215
-3764
-1996
-525
343
577
105
-1116
-2772
-4526
-6407
-8229
-9658
-10461
-10406
-9654
-8335
-6857
-5576
-4452
-3768
-3507
-3860
-4787
-6159
-7644
-9214
-10721
-11706
-12167
-12039
-11482
-10576
-9376
-7918
-6639
-5713
-5165
-5099
-5626
-6442
-7524
-8908
-10243
-11221
-11791
-11957
-11657
-11012
-9784
-8578
-7439
-6296
-5210
-4389
-3966
-4027
-4326
-4543
-4514
-4461
-4385
-4076
-3660
-3397
-2979
-2442
-1844
-1293
-1034
-1109
-1145
-1397
-1737
-1892
-1964
-2218
-2456
-2533
-2597
-2607
-2644
-2528
-2656
-2819
-2994
-2956
-3071
-3409
-3576
-3780
-4163
-4691
-5282
-5820
-6425
-6814
-7012
-7049
-6853
-6484
-6057
-5550
-4866
-4087
-3609
-3462
-3757
-4538
-5297
-6013
-6919
-7848
-8548
-8829
-8934
-8716
-8039
-7178
-6359
-5661
-5017
-4540
-4353
-4242
-4270
-4693
-5241
-5641
-5800
-5741
-5529
-5048
-4470
-3577
-2555
-1598
-631
78
555
974
1289
1494
1581
1344
952
285
-789
-1869
-2869
-3838
-4648
-4882
-3952
-2176
-192
1599
3089
4188
4691
4550
3854
2321
300
-1648
-3439
-4382
-4321
-3645
-2471
-533
1698
3604
4908
5692
5828
5227
4114
2642
1069
-386
-1645
-2469
-2218
-969
897
2839
4686
5979
6418
6456
6074
5516
5198
5224
5499
5844
6118
6110
5861
5628
5172
4369
3503
2402
1104
94
-544
-998
-809
-43
805
1884
2996
3750
4146
4246
3767
2797
1748
564
-573
-1557
-2290
-2583
-2388
-1931
-1318
-596
28
455
684
885
637
103
-627
-1658
-2695
-3612
-4162
-4404
-4451
-4391
-4274
-4197
-3970
-3741
-3654
-3600
-3700
-3851
-4118
-4391
-4781
-5230
-5315
-5052
-4621
-4315
-4174
-3963
-3777
-3464
-3259
-3338
-3636
-3827
-4090
-4240
-4327
-4270
-4144
-3924
-3497
-2899
-2457
-2078
-1802
-1519
-1263
-1446
-1878
-2107
-2481
-3073
-3387
-3475
-3614
-3629
-3519
-3395
-3058
-2690
-2463
-2385
-2236
-2021
-2066
-2325
-2987
-4011
-5290
-6710
-7928
-8887
-9768
-10417
-10531
-10234
-9710
-8989
-7801
-6672
-5793
-5184
-4857
-5045
-5650
-6426
-7306
-8296
-9404
-10248
-10579
-10530
-10187
-9526
-8608
-7709
-6882
-6234
-5821
-5665
-5764
-6079
-6671
-7361
-7779
-8040
-8253
-8209
-7957
-7487
-6974
-6426
-5725
-5027
-4665
-4187
-3751
-3369
-3102
-3120
-3078
-3001
-2775
-2537
-2223
-1618
-1036
-735
-544
-368
-453
-488
-407
-390
-427
-557
-816
-1173
-1192
-1106
-1083
-1024
-831
-721
-829
-1094
-1144
-1167
-1418
-1697
-2089
-2369
-2466
-2545
-2521
-2394
-2308
-2278
-2189
-1895
-1698
-1605
-1717
-2102
-2806
-3493
-4083
-4196
-3653
-2841
-1747
-443
755
1287
1096
315
-956
-2414
-3923
-5472
-6556
-7395
-7735
-7486
-6842
-5600
-4083
-2726
-1652
-979
-967
-1633
-2573
-3852
-5202
-6621
-7835
-8393
-8482
-8236
-7480
-6266
-5049
-3929
-3012
-2380
-2260
-2610
-3386
-4303
-5234
-6276
-7083
-7568
-7920
-7789
-7262
-6541
-5583
-4682
-3850
-3237
-2921
-2931
-3219
-3880
-4591
-5197
-5947
-6575
-6878
-6845
-6492
-5916
-5318
-4924
-4616
-4347
-4268
-4394
-4607
-4975
-5532
-5949
-6263
-6513
-6526
-6482
-6291
-6130
-5991
-5800
-5649
-5535
-5452
-5557
-5903
-6285
-6546
-6842
-7051
-6969
-6813
-6469
-6062
-5873
-5748
-5477
-5126
-4976
-4948
-4866
-4871
-5011
-5583
-6421
-7329
-8181
-9082
-9935
-10584
-10842
-10791
-10461
-9870
-8989
-7836
-6906
-6224
-5629
-5271
-5326
-5687
-6459
-7313
-8274
-9189
-9721
-9966
-9823
-9214
-8290
-7286
-6177
-5134
-4172
-3773
-3738
-3742
-4084
-4460
-4926
-5466
-5825
-5943
-5975
-5859
-5437
-4661
-3876
-3152
-2540
-1909
-1401
-1138
-1212
-1236
-1351
-1389
-1400
-1464
-1478
-1315
-1117
-758
-368
-104
109
375
775
1109
1038
958
1028
927
865
855
919
980
937
792
583
524
545
513
298
101
-98
-338
-400
-550
-626
-532
-286
-76
42
92
265
579
582
424
214
-300
-915
-1418
-1804
-1517
-469
996
2453
3718
4624
4754
4277
3492
2320
999
-322
-1653
-2565
-3041
-3034
-2479
-1505
-178
1135
2316
3003
3120
2728
2001
946
-296
-1637
-2738
-3454
-3919
-3797
-3285
-2443
-1211
-20
921
1453
1614
1407
824
-78
-1188
-2343
-3326
-4034
-4436
-4404
-3829
-3020
-2101
-1308
-557
-126
3
-57
-515
-1172
-1740
-2460
-3205
-3918
-4201
-4048
-3870
-3620
-3226
-2569
-2127
-1820
-1604
-1440
-1509
-1956
-2432
-2916
-3351
-3645
-3827
-3732
-3689
-3575
-3159
-2728
-2357
-2186
-2141
-2300
-2498
-2535
-2615
-2798
-3167
-3398
-3230
-3015
-2919
-2690
-2382
-2233
-2291
-2226
-2007
-2027
-2180
-2356
-2631
-3303
-4112
-4900
-5623
-6424
-7245
-7672
-7786
-7431
-7040
-6452
-5476
-4490
-3733
-3196
-2956
-3059
-3394
-3946
-4908
-5966
-6664
-7066
-7298
-7289
-6823
-6149
-5474
-4671
-3714
-2940
-2459
-2180
-2274
-2705
-3153
-3415
-3749
-4233
-4556
-4724
-4658
-4217
-3761
-3318
-2602
-1749
-1294
-952
-552
-447
-650
-840
-865
-1025
-1310
-1460
-1227
-915
-682
-379
1
381
744
926
927
805
711
772
884
789
857
976
927
827
762
1027
1064
781
529
479
400
9
-195
-402
-525
-436
-320
-219
-326
-313
-245
-327
-315
-172
-152
-429
-785
-1351
-2112
-2568
-2431
-1815
-620
924
2452
3357
3671
3486
2893
1878
435
-1103
-2522
-3595
-4136
-4272
-4003
-3146
-1921
-614
612
1542
1908
1632
928
-1
-1291
-2708
-4020
-5007
-5589
-5716
-5351
-4577
-3508
-2352
-1351
-558
-147
-239
-726
-1383
-2226
-3289
-4439
-5329
-5783
-5798
-5593
-5066
-4286
-3263
-2575
-2031
-1502
-1364
-1604
-2242
-3016
-3880
-4682
-5297
-5880
-6142
-5887
-5341
-4820
-4571
-4165
-3587
-3181
-3193
-3419
-3909
-4350
-4682
-5178
-5578
-5663
-5579
-5356
-5054
-4715
-4415
-4329
-4199
-3865
-3735
-4019
-4298
-4424
-4521
-4776
-5000
-5187
-5130
-4896
-4709
-4479
-4213
-4130
-4005
-3906
-3635
-3521
-3845
-4186
-4592
-5325
-6222
-7121
-7892
-8736
-9375
-9568
-9384
-8981
-8525
-7743
-6825
-5852
-5075
-4652
-4607
-4949
-5355
-6050
-6925
-7693
-8359
-8694
-8929
-8800
-8091
-7343
-6464
-5249
-4240
-3619
-3390
-3221
-3083
-3370
-3999
-4645
-5017
-5312
-5473
-5565
-5260
-4745
-3950
-3064
-2259
-1658
-1266
-974
-870
-724
-628
-805
-1142
-1343
-1414
-1484
-1132
-561
-168
139
574
826
897
1120
1299
1243
1222
1182
1060
986
1015
1065
1071
1004
991
984
1096
1078
1048
881
584
404
107
-179
-257
-183
-160
-4
259
544
686
558
469
396
248
-209
-1004
-1985
-2846
-3389
-3419
-2816
-1863
-698
508
1347
1624
1455
1010
171
-682
-1446
-2153
-2444
-2506
-2180
-1405
-470
462
1201
1646
1893
1628
1002
158
-595
-1560
-2735
-3547
-3912
-3767
-3297
-2356
-1193
-157
747
1384
1733
1664
1246
595
28
-796
-1694
-2351
-2648
-2605
-2111
-1443
-817
47
880
1599
1932
1823
1496
881
285
-516
-1209
-1665
-2026
-2034
-1730
-1358
-1008
-611
-109
433
792
557
254
100
-377
-959
-1561
-2181
-2496
-2702
-2846
-2859
-2700
-2506
-2256
-2046
-2054
-2021
-2144
-2539
-2793
-2845
-2938
-3206
-3502
-3602
-3545
-3270
-2986
-2990
-2954
-2846
-2835
-2831
-2699
-2649
-2877
-3400
-4108
-4673
-5610
-6669
-7363
-7854
-8194
-8267
-7943
-7469
-6898
-6011
-5076
-4256
-3585
-3340
-3480
-3863
-4482
-5252
-5980
-6613
-6958
-7380
-7250
-6567
-5740
-4736
-3780
-2795
-1961
-1289
-974
-944
-1297
-1717
-2093
-2598
-3074
-3173
-3036
-2763
-2340
-1699
-1001
-440
160
714
1089
1184
1270
1226
1102
972
733
619
744
875
970
1252
1547
1838
2097
2503
2661
2572
2636
2611
2516
2331
2125
1986
1908
1879
1950
2007
1972
1933
1815
1661
1659
1448
1074
800
756
776
615
473
566
677
570
576
726
872
817
753
739
468
323
569
1242
2267
3633
5031
6184
7026
7416
7049
5990
4415
2467
482
-1512
-3131
-4114
-4583
-4156
-2940
-1110
1021
3094
4809
5857
6075
5628
4608
3053
1262
-701
-2496
-3952
-4750
-4566
-3861
-2842
-1560
-125
1084
1832
2084
1822
1029
-200
-1521
-2872
-4024
-5098
-5860
-5995
-5672
-4867
-3738
-2633
-1735
-1043
-628
-462
-626
-1148
-1904
-2750
-3703
-4469
-5147
-5388
-5386
-5226
-4912
-4656
-4406
-4109
-3713
-3535
-3552
-3818
-4185
-4518
-4568
-4365
-4216
-4082
-3793
-3319
-2777
-2447
-2369
-2250
-2225
-2346
-2566
-2819
-3034
-3249
-3186
-3107
-2968
-2621
-2193
-1942
-1666
-1336
-1083
-971
-900
-659
-504
-803
-1403
-2075
-2924
-3847
-4804
-5675
-6125
-6406
-6554
-6149
-5446
-4718
-4003
-3289
-2663
-1977
-1565
-1694
-2244
-2913
-3798
-4736
-5561
-6320
-6677
-6610
-6294
-5749
-5100
-4254
-3212
-2442
-2007
-1809
-1922
-2265
-2607
-3174
-3826
-4481
-4753
-4916
-4875
-4433
-3801
-3275
-2792
-2087
-1260
-745
-485
-476
-530
-614
-804
-928
-844
-759
-746
-675
-313
83
448
834
1180
1314
1492
1747
1936
1999
2140
2033
1883
1931
2046
2103
2186
2227
2230
2309
2178
2001
1823
1628
1543
1626
1698
1556
1477
1422
1484
1648
1950
2156
2105
2049
2107
1944
1490
781
-11
-683
-1010
-844
-141
948
1954
2807
3336
3407
2916
1896
585
-641
-1672
-2575
-3085
-3070
-2483
-1378
67
1469
2658
3473
3723
3413
2583
1504
215
-1210
-2624
-3674
-4332
-4335
-3686
-2730
-1593
-258
831
1593
2090
2202
1844
1139
140
-798
-1590
-2470
-2935
-2817
-2250
-1401
-549
231
945
1605
2124
2294
2121
1748
1082
298
-514
-1205
-1465
-1621
-1493
-1147
-697
-213
137
487
842
1129
1280
1151
735
239
-292
-599
-979
-1147
-1047
-934
-823
-755
-705
-676
-669
-635
-798
-1036
-1406
-1796
-2186
-2399
-2300
-2292
-2271
-2160
-2072
-1856
-1826
-1866
-1705
-1634
-1619
-1852
-2244
-2767
-3585
-4414
-5383
-6391
-6976
-7478
-7522
-7405
-7187
-6591
-5712
-4845
-4034
-3438
-3037
-2954
-3140
-3594
-4184
-4947
-5776
-6326
-6508
-6342
-6158
-5669
-4837
-3879
-2808
-1798
-1048
-630
-461
-467
-892
-1440
-2016
-2469
-2738
-2952
-2778
-2200
-1465
-818
-169
616
1300
1643
1840
2091
2218
2146
2039
1877
1739
1746
1794
2104
2335
2650
3054
3107
3236
3478
3743
3763
3568
3520
3546
3522
3546
3432
3296
3287
3240
3268
3225
3023
2862
2852
2700
2495
2244
2048
1803
1633
1630
1816
1811
1676
1763
1821
1776
1690
1601
1532
1164
597
-69
-492
-518
-17
1086
2614
4131
5243
5896
5812
5119
4146
3068
1765
400
-786
-1566
-1736
-1481
-747
313
1664
3189
4248
4854
4899
4362
3417
2348
1090
-243
-1336
-1923
-2033
-1799
-1107
-83
911
1733
2285
2740
2920
2590
2063
1318
365
-749
-1671
-2231
-2372
-2150
-1688
-1115
-154
720
1430
1945
2077
1743
1190
592
-110
-828
-1480
-1991
-2249
-2366
-2325
-1874
-1342
-922
-458
-213
-169
-301
-653
-981
-1565
-2103
-2285
-2331
-2497
-2627
-2256
-1899
-1771
-1474
-1164
-1003
-943
-1036
-1331
-1704
-2037
-2208
-2341
-2373
-2206
-2150
-1986
-1862
-1598
-1357
-1283
-1043
-697
-478
-570
-874
-1318
-2029
-2827
-3699
-4617
-5434
-5958
-6381
-6385
-6062
-5597
-4814
-3960
-3146
-2346
-1665
-1359
-1406
-1784
-2501
-3416
-4382
-5188
-5509
-5600
-5302
-4753
-4149
-3335
-2559
-1648
-966
-518
-307
-440
-756
-1225
-1831
-2425
-2829
-2925
-2905
-2520
-2003
-1453
-783
-151
401
808
1035
1153
1228
1062
954
925
849
769
771
952
1216
1582
1970
2297
2744
3045
3059
2967
3117
3118
2835
2664
2673
2657
2632
2771
2906
2825
2707
2761
2886
2779
2578
2412
2377
2416
2289
2045
2132
2175
2083
2104
2158
2112
2224
2290
2230
2204
2021
1659
1062
495
227
554
1559
2916
4250
5320
6192
6502
6087
5196
3918
2577
1327
65
-805
-1233
-1149
-564
433
1756
3131
4157
4667
4884
4579
3760
2648
1301
-106
-1238
-2082
-2283
-2114
-1492
-613
357
1335
2207
2706
2944
2787
2182
1189
-34
-1054
-1795
-2490
-2798
-2658
-2103
-1247
-418
325
1001
1523
1710
1599
1323
890
138
-699
-1305
-1817
-2093
-2086
-2082
-1853
-1298
-624
-140
209
177
30
-268
-543
-748
-1112
-1496
-1835
-1825
-1781
-1613
-1406
-936
-537
-406
-220
73
-31
-352
-687
-1014
-1238
-1526
-1536
-1483
-1422
-1164
-923
-680
-517
-325
-61
-32
13
39
-27
-316
-898
-1592
-2569
-3650
-4471
-5145
-5452
-5369
-5285
-5039
-4345
-3495
-2657
-2008
-1414
-1029
-1090
-1467
-1926
-2624
-3369
-4164
-4885
-5179
-5171
-4719
-4054
-3141
-2179
-1352
-703
-246
49
76
-39
-372
-910
-1485
-1977
-2255
-2237
-2207
-1861
-1120
-363
329
886
1368
1697
1921
1991
2017
2029
2073
2077
1970
1924
1986
2199
2394
2698
3077
3285
3394
3565
3759
3940
3959
3867
3689
3481
3372
3434
3700
3792
3650
3526
3538
3523
3554
3511
3285
2997
2718
2584
2433
2257
2152
2320
2544
2560
2762
2819
2718
2588
2515
2561
2345
1729
1120
805
814
1387
2649
4082
5137
6069
6532
6315
5630
4656
3436
2169
908
-159
-795
-840
-451
460
1704
2925
4041
4759
5006
4939
4440
3525
2371
975
-333
-1325
-1822
-1872
-1474
-628
377
1276
2190
2822
3176
3342
2953
2131
1110
216
-530
-1347
-1772
-1892
-1564
-716
23
809
1602
2058
2341
2259
1783
1433
929
110
-745
-1288
-1478
-1471
-1457
-1240
-749
-281
58
477
764
798
591
343
44
-544
-960
-1175
-1209
-1114
-980
-743
-359
-69
101
330
612
650
429
176
-207
-622
-671
-789
-762
-617
-595
-304
-88
-9
139
368
570
534
476
508
270
-239
-839
-1725
-2587
-3261
-3907
-4611
-4891
-4533
-4191
-3949
-3430
-2498
-1395
-733
-407
-267
-560
-1042
-1669
-2429
-3131
-3750
-4161
-4174
-4001
-3585
-2642
-1668
-721
72
602
887
849
729
499
49
-428
-888
-1262
-1414
-1407
-1122
-511
254
900
1541
1955
2248
2367
2442
2327
2095
1646
1328
1374
1675
2060
2387
2671
2854
3091
3092
2801
2263
1712
1278
879
889
1113
1605
2415
3397
4134
4570
4632
4284
3719
3058
2273
1566
899
646
770
1376
2405
3699
5001
6002
6887
7441
7451
7018
6352
5705
4900
4090
3468
3017
2883
3220
4160
5568
7362
9120
10199
10513
10306
9558
8349
6784
5077
3442
2232
1432
1077
1170
1852
3138
4430
5359
6056
6612
6654
6019
4912
3667
2375
1094
17
-680
-854
-826
-382
412
1277
1968
2657
3190
3298
3042
2419
1620
547
-591
-1426
-2097
-2600
-2681
-2387
-1734
-1009
-155
508
933
1327
1388
1202
802
100
-654
-1275
-1733
-1982
-1822
-1515
-1043
-458
113
665
1061
1267
1421
1435
1404
1223
937
643
556
564
713
994
1234
1558
1913
2235
2348
2276
2277
2255
1948
1596
1295
1079
915
1013
1118
1169
1275
1382
1554
1583
1526
1489
1525
1547
1430
1175
829
96
-783
-1648
-2353
-3039
-3720
-4249
-4544
-4458
-4082
-3529
-2657
-1817
-1028
-445
-273
-530
-1119
-1972
-2887
-3786
-4464
-5099
-5390
-5144
-4613
-4008
-3269
-2460
-1749
-1162
-771
-673
-922
-1356
-1950
-2685
-3283
-3613
-3785
-3839
-3681
-3357
-2683
-1949
-1398
-941
-584
-146
209
183
-138
-535
-786
-1241
-1711
-1929
-2044
-1853
-1334
-600
72
546
1080
1562
1668
1333
736
145
-383
-872
-1151
-1334
-1286
-1102
-729
-95
482
840
985
879
569
124
-673
-1376
-2019
-2622
-2997
-3029
-2765
-2286
-1885
-1410
-959
-846
-895
-1415
-2459
-3823
-5027
-5839
-5853
-5119
-3768
-2137
-523
787
1447
1258
274
-992
-2432
-4305
-5969
-7262
-8034
-8255
-7593
-6379
-4700
-2913
-1413
-326
93
38
-554
-1616
-3076
-4585
-5742
-6726
-7198
-7026
-6288
-5054
-3769
-2537
-1298
-362
119
186
-273
-1089
-2007
-3051
-4134
-4829
-4953
-4584
-3980
-3354
-2387
-1193
-223
335
583
675
535
50
-508
-1082
-1823
-2468
-2668
-2734
-2473
-1954
-1323
-811
-387
-133
127
213
158
-168
-663
-992
-1425
-1747
-1814
-1740
-1527
-1233
-996
-693
-486
-358
-237
-224
-393
-662
-830
-1073
-1210
-1331
-1363
-1095
-867
-594
-237
247
511
625
763
895
1025
838
403
16
-436
-1247
-2075
-2655
-3140
-3328
-3525
-3322
-3038
-2262
-1072
-104
604
1336
1976
2029
1707
1205
611
122
-474
-1062
-1288
-1267
-1006
-293
701
1905
2874
3407
3947
4353
4376
4023
3380
2748
2389
1984
1626
1608
1772
2116
2643
3263
3711
3976
4251
4380
4390
4301
4109
3878
3661
3389
3055
2777
2669
2880
3224
3482
3651
3796
3846
3908
3946
3930
3727
3674
3650
3473
3274
3249
3366
3382
3336
3210
3208
3282
3362
3232
2886
2561
2426
2304
2227
2360
2218
2160
2147
2229
2399
2557
2673
2594
2593
2405
1980
1448
735
474
805
1519
2876
4295
5580
6523
6974
6866
6073
5150
4038
2734
1610
693
105
-5
582
1558
2714
4000
5136
6015
6282
6030
5470
4607
3639
2456
1120
193
-221
-267
281
1179
2331
3398
4196
4736
4931
4873
4579
3862
3000
2059
1034
262
-258
-185
267
856
1570
2344
3118
3657
3860
3948
3846
3364
2612
1682
1067
685
385
263
328
556
935
1373
1906
2316
2522
2516
2363
2232
1949
1562
1189
870
715
763
820
1104
1494
1780
1922
2160
2299
2448
2174
1832
1739
1778
1726
1544
1477
1591
1987
2158
2143
2442
2654
2798
3056
3221
3224
3151
2861
2482
1924
1090
246
-501
-1160
-1628
-1765
-1839
-1549
-873
-117
595
1342
1984
2519
2715
2396
1913
1364
770
31
-994
-1541
-1493
-1045
-473
276
1161
1869
2461
3046
3150
2999
2770
2407
1827
1185
599
260
-79
-276
-68
422
938
1323
1798
2158
2228
2259
2188
1939
1688
1362
1101
774
570
642
683
652
832
1286
1510
1621
1687
1703
1833
1645
1417
1307
1233
1178
1045
950
999
978
839
836
789
771
672
287
113
-19
-269
-386
-366
-441
-657
-674
-512
-383
-105
30
-40
-187
-397
-787
-1350
-1942
-2270
-2331
-1946
-938
412
1942
3128
3618
3714
3384
2567
1239
-221
-1474
-2735
-3619
-3927
-3678
-2920
-1723
-284
1078
2047
2525
2478
1965
1016
-178
-1473
-2734
-3735
-4395
-4670
-4312
-3553
-2604
-1560
-395
560
992
1070
714
-18
-855
-1760
-2635
-3394
-4033
-4306
-4133
-3561
-2661
-1851
-916
-41
408
423
194
-91
-598
-1156
-1835
-2548
-3054
-3192
-3113
-2925
-2434
-1815
-1355
-896
-552
-588
-745
-831
-992
-1313
-1716
-2089
-2343
-2437
-2295
-1978
-1514
-1223
-889
-661
-633
-590
-482
-575
-861
-1094
-1191
-1149
-1190
-1269
-1263
-1147
-812
-421
-85
168
314
350
364
549
563
26
-719
-1567
-2233
-2886
-3626
-4251
-4430
-4455
-4268
-3691
-3156
-2380
-1386
-379
432
670
464
-47
-623
-1378
-2040
-2557
-3062
-3292
-3035
-2379
-1602
-870
63
891
1424
1780
1862
1715
1242
633
70
-433
-821
-1167
-1319
-1203
-786
-251
295
729
1107
1394
1586
1630
1526
1233
889
507
300
14
-93
203
482
610
819
960
1156
1298
1436
1534
1502
1377
1424
1329
1061
904
989
987
977
1044
1105
971
988
913
826
659
466
293
178
-59
-67
146
125
-101
-57
210
401
345
226
329
412
178
-2
5
329
1003
