-4970
-4658
-4228
-4064
-3893
-3868
-3875
-3956
-4033
-4377
-4683
-4932
-4934
-4779
-4644
-4514
-4454
-4180
-3954
-3770
-3596
-3366
-3212
-3316
-3520
-3929
-4453
-5181
-6175
-6993
-7700
-8367
-8688
-8509
-8274
-7594
-6824
-5953
-5055
-4279
-3709
-3418
-3356
-3876
-4679
-5306
-6031
-6768
-7159
-7338
-7032
-6367
-5574
-4648
-3627
-2815
-2249
-1848
-1836
-2120
-2639
-3218
-3709
-4272
-4817
-5238
-5224
-4958
-4621
-3936
-3227
-2695
-2436
-2335
-2353
-2558
-3236
-4204
-5085
-5498
-5480
-5234
-4491
-3348
-1978
-1076
-866
-1437
-2535
-4085
-5952
-7865
-9893
-11342
-11961
-11842
-10729
-9156
-7443
-5925
-4852
-4291
-4587
-5757
-7320
-9005
-10744
-12146
-12916
-12964
-11987
-10229
-7895
-5347
-2874
-779
724
1427
1343
628
-532
-1878
-3487
-5289
-6415
-6499
-5756
-3996
-1450
1452
4107
5923
6723
6558
5608
3888
1842
-464
-2652
-4578
-5824
-6256
-6012
-4983
-3409
-1562
68
1023
1210
867
-179
-1841
-3773
-5898
-7914
-9471
-10279
-10248
-9467
-8198
-6646
-5092
-3897
-3357
-3168
-3527
-4595
-6088
-7809
-9308
-10571
-11643
-12433
-12594
-11957
-10737
-9180
-7567
-6367
-5527
-5062
-5116
-5677
-6362
-7345
-8671
-10223
-11338
-11797
-11911
-11497
-10818
-9850
-8710
-7506
-6380
-5505
-4834
-4325
-4108
-4120
-4360
-4455
-4453
-4414
-4104
-3647
-3137
-2569
-1989
-1607
-1249
-1032
-934
-925
-1132
-1317
-1581
-1877
-2097
-1987
-1813
-1881
-1868
-1790
-1844
-2157
-2416
-2490
-2602
-2794
-3021
-3107
-3397
-3753
-4235
-4957
-5641
-6126
-6420
-6415
-6584
-6396
-5912
-5353
-4704
-3913
-3209
-2690
-2817
-3285
-3798
-4586
-5586
-6732
-7592
-8129
-8466
-8580
-8244
-7709
-7089
-6358
-5709
-5169
-4590
-4248
-4266
-4520
-4879
-5326
-5655
-5762
-5555
-5293
-4808
-4118
-3340
-2473
-1551
-686
10
478
934
1358
1663
1696
1474
1083
482
-428
-1378
-2412
-3522
-4398
-4480
-3558
-1972
-54
1791
3337
4376
5086
5165
4226
2701
806
-1039
-2655
-3709
-4006
-3442
-1977
28
2151
4009
5413
6220
6380
5786
4560
2964
1412
-7
-1087
-1670
-1401
-291
1505
3392
5121
6422
7245
7486
7251
6937
6573
6433
6529
6720
6813
6807
6452
5984
5328
4516
3497
2342
1300
770
264
-206
-46
676
1735
2836
3893
4697
4895
4542
3974
3195
2285
1216
86
-941
-1672
-1997
-1996
-1566
-801
66
734
1217
1363
1161
621
4
-759
-1725
-2710
-3612
-4106
-4166
-4222
-4274
-4236
-3930
-3689
-3529
-3366
-3605
-3871
-3912
-4124
-4459
-4656
-4714
-4600
-4340
-4090
-4005
-3567
-3291
-3264
-3188
-3202
-3331
-3599
-3773
-3965
-4302
-4376
-4262
-4119
-3664
-3052
-2509
-1905
-1529
-1153
-868
-896
-1160
-1496
-1828
-2241
-2743
-3136
-3299
-3361
-3237
-3042
-2882
-2665
-2288
-1911
-1714
-1549
-1364
-1484
-1913
-2635
-3658
-4879
-6086
-7413
-8665
-9533
-9932
-10013
-10007
-9467
-8541
-7458
-6357
-5394
-4621
-4432
-4694
-5180
-6067
-6943
-8068
-9229
-9875
-10200
-10221
-9927
-9268
-8403
-7436
-6764
-6306
-5746
-5449
-5597
-6026
-6589
-7267
-8093
-8716
-8679
-8347
-7962
-7590
-7334
-6896
-6046
-5127
-4405
-3963
-3784
-3739
-3639
-3573
-3486
-3257
-3044
-2559
-2165
-1951
-1575
-1129
-688
-619
-666
-476
-456
-620
-799
-1120
-1412
-1576
-1633
-1546
-1468
-1375
-1139
-995
-1030
-1137
-1367
-1518
-1824
-2059
-2307
-2539
-2857
-3059
-3027
-2884
-2681
-2506
-2347
-2232
-2038
-1954
-1940
-2318
-3091
-3758
-4123
-4252
-3992
-3166
-1852
-516
346
729
672
26
-1358
-2930
-4433
-5815
-7092
-7929
-8201
-7847
-6956
-5682
-4164
-2851
-1997
-1509
-1634
-2192
-3101
-4394
-5902
-7302
-8308
-8945
-9147
-8784
-7826
-6475
-5054
-3865
-3057
-2626
-2743
-3160
-3713
-4477
-5751
-7120
-8061
-8493
-8558
-8383
-7808
-6822
-5776
-4751
-4012
-3602
-3496
-3518
-3655
-4089
-4799
-5617
-6190
-6787
-7074
-7046
-6672
-6157
-5691
-5137
-4742
-4499
-4506
-4515
-4644
-5091
-5687
-6235
-6562
-6851
-6891
-6766
-6566
-6306
-6074
-5778
-5706
-5581
-5589
-5930
-6193
-6478
-6705
-6718
-6790
-7020
-7015
-6721
-6323
-5896
-5707
-5751
-5759
-5438
-5171
-5268
-5264
-5485
-5987
-6539
-7447
-8467
-9364
-10098
-10730
-10972
-11061
-10782
-10211
-9377
-8303
-7301
-6530
-6174
-5962
-5859
-6206
-6757
-7571
-8535
-9390
-9836
-10025
-9865
-9232
-8368
-7275
-6257
-5202
-4398
-4008
-3572
-3471
-3880
-4509
-5163
-5595
-5970
-6099
-5965
-5681
-5212
-4547
-3761
-3113
-2588
-2073
-1630
-1372
-1116
-985
-1158
-1499
-1653
-1686
-1552
-1262
-920
-542
-24
419
630
815
997
1082
1186
1211
1155
1095
1123
1105
1197
1148
881
779
650
651
776
797
629
414
285
170
-124
-356
-350
-474
-422
-75
113
208
212
287
413
524
396
-70
-723
-1217
-1323
-1018
-81
1285
2637
3890
4668
4734
4269
3401
2243
1032
-366
-1522
-2472
-3040
-2928
-2240
-1212
134
1391
2437
3048
3186
2787
2113
926
-432
-1760
-2891
-3584
-3746
-3374
-2749
-1816
-848
50
979
1530
1588
1298
737
-56
-1111
-2382
-3283
-3829
-4280
-4316
-3707
-2748
-1949
-1290
-596
-3
234
91
-428
-958
-1673
-2479
-3268
-3820
-4098
-4277
-4034
-3587
-3050
-2492
-2070
-1652
-1341
-1460
-1830
-2303
-2795
-3216
-3458
-3570
-3632
-3619
-3548
-3392
-3111
-2748
-2537
-2354
-2375
-2431
-2476
-2714
-3079
-3377
-3594
-3657
-3531
-3415
-3252
-3121
-2863
-2517
-2357
-2188
-2052
-2146
-2443
-2606
-2854
-3318
-4003
-4969
-5879
-6765
-7447
-7819
-7990
-7722
-7178
-6603
-5944
-5123
-4407
-3868
-3461
-3349
-3715
-4417
-5183
-5844
-6554
-7327
-7886
-7932
-7414
-6791
-6015
-4981
-3968
-3267
-2883
-2672
-2681
-2971
-3313
-3672
-4165
-4685
-5027
-5058
-4856
-4418
-3870
-3148
-2407
-1891
-1365
-994
-820
-856
-804
-946
-1176
-1286
-1270
-1093
-1002
-915
-633
-344
-80
228
531
631
793
817
692
665
590
473
484
596
581
421
294
449
604
486
322
-2
-301
-505
-516
-493
-729
-969
-926
-753
-740
-731
-771
-705
-581
-547
-714
-988
-1237
-1871
-2711
-3213
-2976
-2076
-708
654
1893
2969
3475
3265
2377
1155
-95
-1670
-3207
-4163
-4678
-4948
-4728
-3684
-2218
-892
111
976
1331
1033
371
-630
-1917
-3260
-4520
-5511
-5963
-5937
-5543
-4693
-3569
-2564
-1682
-916
-560
-555
-1048
-1921
-2985
-4053
-5102
-5892
-6379
-6379
-5978
-5325
-4524
-3599
-2687
-2099
-1794
-1888
-1994
-2504
-3375
-4284
-5084
-5633
-5941
-6232
-6163
-5908
-5506
-4847
-4279
-3834
-3562
-3751
-3973
-4129
-4499
-4889
-5149
-5410
-5782
-5888
-5725
-5325
-4889
-4411
-3940
-3830
-4022
-4205
-4292
-4380
-4492
-4718
-5115
-5283
-5245
-5157
-5075
-4821
-4500
-4299
-4231
-4064
-4002
-3961
-3963
-4122
-4296
-4690
-5435
-6307
-7238
-8163
-8849
-9178
-9371
-9449
-9082
-8376
-7485
-6625
-5813
-5082
-4685
-4580
-4771
-5228
-5914
-6860
-7678
-8353
-8753
-8810
-8461
-7830
-6850
-6002
-5254
-4286
-3530
-3158
-3081
-3217
-3382
-3729
-4308
-4860
-5166
-5226
-5130
-5069
-4556
-3600
-2744
-2109
-1522
-1109
-872
-651
-622
-627
-729
-975
-1152
-1075
-797
-487
-97
354
397
551
1028
1276
1363
1634
1728
1660
1558
1585
1532
1477
1500
1595
1426
1432
1437
1349
1475
1608
1553
1213
849
824
810
679
504
565
618
718
887
968
959
926
900
745
419
-253
-1169
-2107
-2570
-2455
-1796
-641
602
1801
2618
2769
2565
1938
928
-18
-925
-1678
-1960
-1926
-1636
-1027
-99
1095
2047
2650
2741
2447
1944
1106
54
-952
-1753
-2645
-3174
-2990
-2382
-1470
-356
685
1651
2358
2634
2491
2030
1351
546
-346
-1259
-1943
-2363
-2259
-1821
-1137
-371
381
1230
1806
2117
2167
1884
1498
1030
209
-646
-1404
-1902
-2014
-1820
-1460
-1069
-530
-9
364
648
795
720
410
-174
-748
-1305
-1658
-1945
-2305
-2533
-2515
-2259
-2095
-1870
-1668
-1602
-1552
-1650
-1819
-2099
-2570
-2802
-2893
-2997
-2968
-2949
-2747
-2659
-2580
-2261
-2162
-2202
-2172
-2171
-2134
-2234
-2635
-3262
-4031
-4925
-5965
-6724
-7236
-7514
-7615
-7396
-6762
-5879
-5064
-4149
-3478
-2883
-2683
-2958
-3483
-4205
-5029
-5670
-6232
-6649
-6903
-6876
-6288
-5328
-4335
-3486
-2625
-1752
-1123
-1003
-1208
-1464
-1889
-2298
-2746
-3061
-3149
-3181
-2935
-2417
-1773
-1120
-391
193
675
992
1021
1013
1048
1042
824
626
496
337
560
1020
1458
1735
1899
2162
2377
2515
2503
2584
2587
2398
2213
2119
1977
1966
1977
2058
1971
1813
1653
1465
1311
1227
1089
960
825
628
523
482
389
325
454
556
446
471
443
507
697
753
532
126
-28
347
1191
2634
4124
5443
6366
6664
6299
5393
3964
2214
423
-1373
-2970
-4109
-4491
-4062
-2876
-1361
521
2537
4164
5054
5283
4829
3675
2200
403
-1584
-3103
-4032
-4454
-4513
-3990
-2848
-1458
-117
826
1386
1604
1404
768
-381
-1743
-3029
-4280
-5193
-5756
-5764
-5332
-4605
-3673
-2659
-1720
-1065
-633
-481
-711
-1250
-2047
-3074
-3982
-4523
-4979
-5056
-4889
-4671
-4282
-3964
-3707
-3565
-3456
-3422
-3399
-3659
-4011
-4124
-4242
-4343
-4533
-4627
-4403
-3810
-3112
-2473
-2293
-2392
-2534
-2610
-2689
-2991
-3270
-3349
-3278
-3241
-3169
-2899
-2623
-2221
-1819
-1639
-1553
-1576
-1464
-1293
-1191
-1468
-1999
-2664
-3552
-4374
-5316
-6139
-6773
-7109
-7063
-6896
-6374
-5639
-4706
-3709
-2961
-2516
-2418
-2425
-2710
-3346
-4122
-5051
-6046
-6760
-7119
-6965
-6794
-6368
-5435
-4390
-3534
-2835
-2403
-2227
-2274
-2584
-3077
-3623
-4333
-4809
-5165
-5251
-5226
-4919
-4279
-3659
-3026
-2203
-1453
-970
-856
-742
-670
-778
-1015
-1083
-1092
-1224
-1213
-862
-512
-181
235
632
908
1054
1224
1344
1478
1348
1295
1336
1375
1557
1773
1841
1792
1784
1941
1929
1772
1693
1499
1154
1070
1089
1047
957
826
843
995
1122
1250
1327
1446
1435
1491
1396
917
166
-619
-1162
-1345
-1041
-228
873
1900
2760
3273
3102
2521
1610
453
-552
-1571
-2626
-3023
-2919
-2513
-1620
-260
1170
2395
3233
3575
3311
2376
1268
-33
-1608
-3142
-4191
-4496
-4195
-3739
-2873
-1679
-453
628
1329
1666
1621
1425
935
-8
-1179
-2026
-2495
-2748
-2789
-2435
-1852
-1054
-132
712
1431
1818
1936
1670
1230
591
-127
-726
-1295
-1833
-2056
-2044
-1692
-1189
-678
-103
370
722
774
607
324
-55
-603
-914
-1028
-1172
-1393
-1439
-1350
-1168
-978
-771
-705
-804
-950
-1091
-1426
-1637
-1880
-2239
-2436
-2473
-2479
-2355
-2175
-2042
-1966
-1746
-1604
-1477
-1571
-1653
-1717
-1953
-2464
-3275
-4041
-4784
-5665
-6524
-7096
-7094
-6975
-6640
-5980
-5097
-4258
-3468
-2995
-2550
-2346
-2485
-2876
-3626
-4445
-5299
-5963
-6139
-6126
-5950
-5327
-4560
-3582
-2579
-1757
-986
-477
-324
-448
-789
-1227
-1525
-1980
-2418
-2645
-2543
-2121
-1392
-759
-27
866
1549
1807
2055
2287
2374
2273
2054
1947
1969
1889
1849
1952
2124
2389
2847
3203
3470
3823
4129
4304
4206
3928
3720
3713
3713
3585
3482
3376
3512
3601
3501
3465
3532
3294
2929
2783
2741
2671
2469
2129
2118
2224
2420
2615
2572
2513
2484
2376
2274
2205
1829
1273
761
324
180
785
1899
3338
4729
5714
6158
6160
5705
4688
3418
2039
832
-189
-1032
-1310
-860
75
1238
2577
3773
4585
4960
4962
4512
3742
2600
1138
-33
-821
-1439
-1641
-1425
-765
195
1162
2283
2962
3310
3453
2980
2273
1315
346
-737
-1722
-2376
-2404
-2098
-1567
-638
252
803
1385
1832
1994
1872
1453
804
44
-762
-1466
-1969
-2135
-2236
-2012
-1554
-1044
-590
-268
-80
-12
-279
-596
-1023
-1370
-1814
-2173
-2413
-2478
-2564
-2300
-1668
-1285
-1140
-1209
-1046
-828
-917
-1165
-1625
-1982
-2056
-1960
-1851
-1859
-1998
-1798
-1669
-1570
-1367
-1138
-945
-775
-801
-893
-1052
-1464
-2033
-2765
-3690
-4609
-5321
-6108
-6541
-6280
-5774
-5307
-4728
-3899
-3089
-2422
-1852
-1596
-1769
-2212
-2796
-3525
-4225
-4966
-5686
-5915
-5452
-4902
-4193
-3445
-2677
-1821
-1115
-703
-505
-556
-1003
-1636
-2070
-2456
-2802
-3060
-3103
-2849
-2319
-1551
-951
-422
47
455
764
1078
1171
900
762
705
570
444
536
719
1056
1291
1585
1987
2311
2522
2711
2884
2876
2634
2497
2449
2481
2477
2572
2558
2413
2430
2441
2360
2250
2194
2181
1989
1778
1596
1530
1405
1324
1444
1561
1710
1762
1695
1655
1663
1770
1846
1576
956
347
-106
-318
-120
806
2319
3820
4746
5373
5560
5350
4536
3352
2003
700
-400
-1337
-1741
-1623
-1142
-96
1282
2566
3500
3921
4005
3751
3009
1747
536
-558
-1672
-2615
-3025
-2916
-2141
-1065
57
899
1604
1947
2167
2003
1483
568
-391
-1412
-2330
-2968
-3287
-3153
-2628
-1803
-991
-54
734
1106
1200
1020
704
234
-473
-1348
-2061
-2526
-2808
-2698
-2432
-2208
-1804
-1223
-658
-250
-117
-178
-258
-567
-1098
-1532
-1931
-2102
-2195
-2310
-2142
-1855
-1543
-1147
-904
-852
-812
-789
-710
-825
-1153
-1505
-1721
-1779
-1637
-1519
-1412
-1176
-930
-766
-798
-648
-418
-362
-362
-389
-725
-1285
-2080
-3019
-3870
-4540
-5339
-5980
-6108
-5891
-5439
-4795
-3895
-2952
-2210
-1622
-1226
-1044
-1307
-1932
-2835
-3747
-4397
-5016
-5459
-5443
-5007
-4273
-3392
-2443
-1484
-869
-586
-306
-174
-355
-737
-1217
-1548
-1919
-2233
-2268
-1913
-1459
-1100
-451
187
748
1356
1821
2018
2044
2150
2089
1903
1769
1710
1721
1920
2179
2457
2610
2994
3422
3531
3772
3956
3995
4039
3973
3807
3701
3626
3548
3589
3689
3803
3952
3808
3599
3576
3618
3539
3377
3119
3066
2949
2758
2742
2743
2848
2905
2906
2919
2887
2909
2938
2818
2507
1839
1102
773
977
1562
2826
4444
5840
6593
6947
6778
5979
4932
3677
2268
986
-19
-610
-754
-314
661
1985
3276
4216
4962
5277
5121
4399
3303
2231
1019
-158
-971
-1470
-1560
-1077
-125
1008
2034
2830
3290
3398
3212
2775
2153
1244
426
-491
-1358
-1746
-1798
-1326
-656
141
1056
1788
2327
2519
2485
2189
1678
1173
497
-190
-760
-1204
-1328
-1377
-1103
-477
48
516
930
1086
1082
974
544
96
-297
-581
-767
-1066
-1107
-858
-671
-475
-121
234
434
599
532
247
-10
-369
-633
-725
-723
-724
-617
-523
-444
-315
-160
126
392
509
484
578
418
97
-544
-1264
-2099
-3037
-3836
-4524
-4984
-5222
-5128
-4752
-4191
-3305
-2456
-1665
-925
-570
-589
-864
-1266
-1920
-2675
-3492
-4210
-4438
-4552
-4469
-4006
-3217
-2110
-1039
-301
208
415
470
317
-33
-386
-862
-1308
-1576
-1711
-1567
-1199
-736
-233
449
1011
1455
1735
1873
1870
1721
1571
1300
1048
799
1041
1616
2166
2535
2705
2695
2487
2117
1682
1151
605
66
-59
393
1140
1761
2618
3451
4001
4096
3953
3651
2948
1957
952
227
-13
266
884
1822
2956
4318
5538
6441
6810
6762
6320
5549
4716
3941
3365
2807
2375
2347
2761
3680
4958
6565
8240
9452
9894
9683
8996
7869
6294
4642
2905
1476
535
88
428
1381
2498
3711
4756
5518
5897
5774
5132
4148
2822
1358
255
-756
-1514
-1887
-1744
-1123
-237
648
1485
2202
2719
2716
2287
1716
878
-264
-1446
-2460
-3090
-3350
-3286
-2776
-2162
-1650
-1058
-355
222
448
444
242
-123
-738
-1587
-2168
-2583
-2884
-2863
-2514
-1963
-1366
-652
124
616
778
876
820
724
540
158
-109
-56
90
267
517
888
1053
1346
1762
1914
1933
1844
1641
1309
1012
713
733
725
639
579
475
665
962
1146
1082
1013
980
1044
1147
1008
587
67
-507
-1079
-1966
-2977
-3704
-4128
-4463
-4635
-4521
-4173
-3610
-2871
-2166
-1553
-1051
-847
-962
-1551
-2314
-3036
-3902
-4715
-5373
-5706
-5509
-4933
-4104
-3373
-2757
-1967
-1394
-1006
-825
-946
-1496
-2182
-2728
-3328
-4023
-4405
-4130
-3783
-3328
-2812
-2259
-1836
-1213
-672
-415
-190
-142
-327
-653
-1162
-1691
-2205
-2367
-2274
-2052
-1634
-959
-154
680
1101
1244
1291
1014
398
-165
-612
-1141
-1514
-1640
-1506
-1198
-701
-115
416
847
1054
829
490
-3
-613
-1338
-2067
-2758
-3123
-3139
-2845
-2356
-1798
-1273
-968
-949
-1157
-1681
-2515
-3758
-4925
-5625
-5601
-4968
-3739
-2025
-365
829
1390
1346
553
-807
-2544
-4288
-5792
-7251
-8184
-8063
-7308
-6076
-4304
-2628
-1187
-153
340
220
-649
-1917
-3384
-4880
-6060
-6751
-7066
-6852
-6051
-4852
-3309
-1895
-860
-181
76
25
-375
-1104
-2110
-3121
-4050
-4699
-4912
-4700
-4020
-3069
-2068
-1237
-359
385
896
1107
835
254
-399
-979
-1742
-2226
-2426
-2377
-2287
-1968
-1354
-730
-140
283
511
593
391
27
-348
-759
-1291
-1548
-1655
-1510
-1278
-840
-465
-316
-49
119
138
139
56
-107
-366
-846
-970
-965
-1038
-923
-697
-301
-56
116
418
684
1006
1250
1324
1196
943
454
-334
-1155
-1866
-2501
-3085
-3367
-3431
-3082
-2555
-1745
-833
71
1044
1750
2028
2035
1899
1539
999
340
-357
-838
-871
-565
-129
324
1097
2141
3253
3962
4354
4509
4523
4336
3772
3149
2633
2282
1843
1536
1581
1980
2490
3059
3633
4043
4355
4553
4665
4552
4326
3954
3478
3249
3113
2827
2755
2910
3239
3518
3645
3896
4250
4266
4015
3956
3928
3749
3538
3357
3243
3135
3348
3599
3517
3415
3277
3270
3232
3249
2965
2695
2600
2471
2277
2204
2227
2280
2419
2487
2477
2505
2595
2612
2675
2709
2312
1544
773
335
515
1199
2360
3701
4979
5868
6371
6305
5686
4705
3623
2618
1662
854
302
114
552
1487
2752
4140
5084
5605
5782
5626
5091
4248
3087
1996
1015
262
-161
-118
351
1174
2289
3434
4392
5062
5298
5203
4712
3742
2613
1625
837
349
145
203
584
1176
1845
2531
3231
3810
4141
4212
3932
3358
2732
2049
1534
1066
534
294
410
891
1297
1764
2402
2694
2719
2592
2520
2335
1964
1609
1270
948
719
701
881
1228
1622
1763
1948
2266
2316
2237
2079
1889
1735
1516
1271
1166
1280
1549
1785
1867
2049
2104
2116
2313
2442
2587
2728
2608
2438
1944
1452
885
50
-762
-1507
-1881
-1969
-1629
-1254
-914
-267
459
1315
1976
2232
2267
2023
1556
902
195
-436
-1008
-1280
-1255
-922
-343
219
1101
1956
2384
2870
3117
3101
2859
2418
1796
1133
533
-24
-199
-197
76
431
935
1559
2053
2313
2494
2490
2265
1933
1677
1286
791
478
503
736
832
954
1121
1262
1368
1444
1642
1722
1620
1463
1279
1000
754
732
830
928
783
616
634
764
765
642
455
364
171
-92
-242
-385
-741
-990
-895
-589
-607
-626
-483
-377
-377
-520
-691
-930
-1422
-2129
-2548
-2241
-1522
-464
1078
2598
3821
4244
4093
3374
2077
729
-754
-2195
-3399
-4346
-4736
-4476
-3440
-1900
-366
948
2096
2828
2887
2296
1237
-117
-1516
-2846
-3998
-4681
-4884
-4627
-3837
-2584
-1254
-339
325
771
944
623
-7
-907
-2019
-3154
-3975
-4515
-4733
-4366
-3767
-2945
-1990
-996
-95
299
373
178
-284
-894
-1463
-2211
-2832
-3285
-3622
-3805
-3437
-2972
-2392
-1759
-1351
-1197
-1036
-921
-1105
-1465
-1812
-2093
-2383
-2501
-2476
-2209
-1754
-1422
-1191
-839
-361
-332
-314
-399
-649
-846
-985
-1122
-1209
-1351
-1270
-1027
-564
-193
6
205
259
403
692
803
882
620
54
-663
-1456
-2179
-2946
-3652
-4152
-4243
-4088
-3881
-3485
-2815
-1948
-1204
-487
132
574
516
63
-539
-1259
-2022
-2526
-2938
-3141
-2976
-2368
-1624
-799
42
763
1410
2081
2044
1662
1247
833
197
-429
-946
-1306
-1327
-1281
-1025
-585
-66
348
778
1171
1336
1431
1365
1114
775
365
102
-71
-65
40
176
321
729
1062
1184
1392
1457
1465
1370
1263
1005
850
891
1020
967
856
874
1057
1140
1160
1136
1102
908
665
539
190
-17
46
92
147
167
353
337
317
447
543
632
674
395
-89
-429
-348
85
599
