-5209
-4975
-4598
-4421
-4255
-4315
-4434
-4552
-4738
-4946
-5171
-5361
-5361
-5319
-5133
-4945
-4719
-4509
-4457
-4389
-4240
-4017
-3925
-3999
-4218
-4498
-5012
-5827
-6828
-7731
-8410
-9047
-9260
-9140
-8674
-8020
-7282
-6471
-5787
-5036
-4364
-4037
-3818
-4127
-4865
-5672
-6436
-6899
-7274
-7283
-7034
-6297
-5432
-4336
-3357
-2520
-1905
-1647
-1665
-1781
-2219
-2903
-3620
-4178
-4303
-4489
-4635
-4567
-4252
-3601
-2974
-2535
-2214
-1929
-1923
-2522
-3356
-4067
-4668
-5062
-5107
-4734
-4167
-3256
-2001
-964
-752
-1356
-2552
-4213
-5997
-7942
-9898
-11297
-11965
-11785
-10845
-9359
-7751
-6125
-4903
-4505
-5006
-5964
-7306
-9227
-11151
-12634
-13431
-13406
-12530
-10843
-8452
-5747
-3213
-1103
276
989
849
25
-1103
-2519
-4013
-5477
-6386
-6276
-4930
-2402
492
3288
5761
7483
8218
7957
6653
4715
2117
-714
-3322
-5592
-7198
-7553
-6903
-5534
-3534
-1299
714
2075
2449
1890
772
-955
-3141
-5610
-8083
-9897
-10893
-11213
-10643
-9123
-7170
-5574
-4275
-3356
-2973
-3144
-4016
-5430
-7158
-9141
-10956
-12331
-13107
-13265
-12822
-11809
-10431
-8957
-7647
-6504
-5826
-5792
-6163
-6928
-8128
-9301
-10439
-11514
-12107
-12440
-12415
-12113
-11240
-10038
-8702
-7560
-6552
-5891
-5427
-5040
-4663
-4569
-4818
-4657
-4383
-4045
-3604
-3038
-2471
-1716
-1193
-827
-563
-660
-611
-673
-823
-1141
-1385
-1575
-1597
-1600
-1566
-1533
-1478
-1289
-1171
-1269
-1505
-1674
-1893
-2168
-2588
-3101
-3747
-4383
-4952
-5457
-5931
-6341
-6381
-6200
-6030
-5606
-4958
-4220
-3458
-2749
-2418
-2464
-2804
-3442
-4281
-5294
-6197
-6962
-7672
-8158
-8433
-8273
-7634
-6731
-5864
-5218
-4728
-4208
-4093
-4427
-4877
-5201
-5601
-5958
-6202
-6437
-6297
-5673
-4788
-3965
-3063
-2037
-1218
-522
111
583
767
906
1040
1025
591
-167
-1079
-2181
-3324
-4412
-5024
-4876
-3744
-2075
-100
1855
3410
4503
5144
5088
4132
2491
569
-1354
-2897
-3931
-4204
-3296
-1660
289
2260
3984
5320
6156
6228
5479
4309
2800
1095
-253
-1192
-1642
-1317
-111
1812
3868
5672
7054
7838
8118
8182
8189
8368
8455
8326
8164
7943
7528
7001
6292
5306
4179
3086
1981
873
-28
-596
-689
-166
761
2022
3231
4141
4663
4677
4473
3968
3020
1802
697
-467
-1626
-2473
-2635
-2357
-1937
-1452
-826
-258
13
225
177
-281
-1104
-1961
-2825
-3835
-4642
-5113
-5138
-4882
-4798
-4865
-4708
-4540
-4585
-4471
-4599
-4790
-4873
-5034
-5122
-5195
-5314
-5178
-4994
-4991
-5000
-4848
-4503
-4164
-3988
-4160
-4413
-4606
-4713
-4851
-5047
-4763
-4276
-3779
-3303
-2744
-2147
-1661
-1073
-701
-780
-838
-1040
-1319
-1688
-2055
-2359
-2758
-2954
-2876
-2689
-2522
-2338
-2193
-1955
-1588
-1209
-1246
-1302
-1570
-2088
-2862
-3873
-4999
-6498
-7923
-9109
-9933
-10326
-10300
-10038
-9380
-8391
-7622
-6784
-5934
-5190
-4735
-4907
-5575
-6266
-7195
-8355
-9377
-10089
-10502
-10561
-10107
-9356
-8732
-8123
-7182
-6464
-5860
-5756
-6051
-6431
-7057
-7619
-8232
-8923
-9388
-9333
-8993
-8578
-7885
-7246
-6707
-5998
-5305
-4767
-4352
-3918
-3680
-3704
-3775
-3539
-3191
-2921
-2605
-2302
-1910
-1426
-1061
-830
-742
-666
-750
-848
-837
-1109
-1442
-1651
-1931
-1896
-1691
-1658
-1619
-1379
-1263
-1337
-1574
-1861
-2175
-2433
-2768
-3054
-3332
-3554
-3576
-3450
-3161
-2786
-2560
-2502
-2530
-2552
-2335
-2475
-3052
-3895
-4559
-4668
-4233
-3218
-1984
-666
353
814
707
-19
-1178
-2670
-4296
-6012
-7433
-8331
-8615
-8325
-7323
-5834
-4515
-3383
-2404
-1833
-1904
-2614
-3741
-4886
-6375
-7832
-8831
-9638
-9753
-9204
-8231
-6879
-5691
-4553
-3363
-2746
-2833
-3178
-3772
-4856
-6080
-7194
-8089
-8774
-9080
-8840
-8218
-7171
-6006
-5007
-4232
-3654
-3470
-3547
-3902
-4465
-5214
-5936
-6566
-7163
-7386
-7357
-7207
-6817
-6195
-5632
-5131
-4742
-4697
-4843
-5181
-5599
-5906
-6219
-6524
-6769
-6817
-6723
-6550
-6287
-5997
-5696
-5526
-5444
-5496
-5679
-5939
-6276
-6497
-6681
-6771
-6825
-6875
-6718
-6327
-6097
-5933
-5826
-5562
-5179
-5033
-5204
-5318
-5513
-6067
-7078
-8250
-9050
-9860
-10595
-11216
-11606
-11535
-11225
-10725
-9856
-8817
-7732
-6751
-6164
-5877
-5865
-6195
-6895
-7783
-8680
-9542
-10031
-10020
-9628
-8985
-8095
-7045
-5985
-5021
-4163
-3657
-3489
-3585
-3992
-4352
-4853
-5337
-5783
-6081
-6027
-5623
-5071
-4420
-3830
-3097
-2419
-1767
-1247
-1051
-1032
-1077
-1160
-1243
-1275
-1249
-1191
-1027
-810
-308
66
330
717
1113
1310
1267
1357
1514
1444
1410
1360
1233
1102
985
837
898
885
745
712
485
184
119
65
-54
-214
-414
-432
-341
-195
-48
301
472
329
237
270
221
112
-288
-897
-1538
-1728
-1157
34
1493
2910
4094
4897
5200
4845
3907
2698
1451
44
-1242
-2048
-2482
-2567
-2065
-1009
362
1734
2948
3575
3585
3200
2436
1193
-142
-1463
-2694
-3445
-3669
-3407
-2817
-1753
-423
628
1372
1843
2012
1845
1314
528
-611
-1632
-2612
-3391
-3566
-3316
-3043
-2482
-1781
-1012
-215
299
477
384
69
-539
-1316
-2233
-2908
-3526
-3990
-4169
-3962
-3578
-3162
-2632
-2094
-1671
-1506
-1522
-1748
-2194
-2660
-3171
-3480
-3527
-3517
-3456
-3367
-3117
-2698
-2293
-1971
-1857
-1997
-2215
-2381
-2573
-2887
-3227
-3438
-3338
-3253
-3019
-2758
-2708
-2627
-2542
-2517
-2374
-2203
-2239
-2253
-2319
-2775
-3511
-4457
-5521
-6461
-7301
-7889
-8175
-8181
-7878
-7492
-6840
-5924
-5052
-4331
-3625
-3193
-3250
-3832
-4577
-5296
-5948
-6770
-7368
-7564
-7468
-7154
-6587
-5637
-4507
-3535
-2991
-2646
-2380
-2442
-2860
-3324
-3634
-4185
-4781
-5071
-5042
-4872
-4604
-4099
-3480
-2746
-2064
-1441
-1040
-861
-798
-721
-881
-1223
-1431
-1414
-1420
-1423
-1231
-870
-360
113
319
505
795
1087
1111
975
968
1012
901
700
585
721
830
786
729
571
573
461
113
-116
-288
-540
-747
-977
-1158
-1056
-947
-958
-874
-779
-760
-747
-777
-732
-876
-1262
-1969
-2768
-3257
-2988
-1995
-514
1092
2385
3246
3588
3439
2829
1681
225
-1271
-2652
-3791
-4614
-4897
-4562
-3597
-2229
-766
366
1022
1392
1193
433
-651
-1802
-3200
-4484
-5561
-6309
-6386
-5788
-4792
-3540
-2332
-1450
-910
-549
-452
-893
-1783
-2822
-4073
-5254
-6049
-6322
-6172
-5833
-5407
-4731
-3754
-2634
-1901
-1588
-1603
-2010
-2538
-3434
-4316
-5153
-5852
-6275
-6594
-6575
-6167
-5688
-5069
-4498
-3980
-3807
-3873
-3963
-4225
-4585
-5026
-5326
-5635
-5753
-5798
-5720
-5391
-4861
-4433
-4263
-4256
-4194
-4099
-4287
-4722
-5157
-5290
-5267
-5332
-5471
-5551
-5333
-4919
-4641
-4506
-4367
-4259
-4161
-4217
-4224
-4260
-4565
-5328
-6352
-7217
-7960
-8646
-9337
-9813
-10070
-10093
-9687
-8901
-8053
-7061
-6131
-5466
-4906
-4743
-4955
-5510
-6290
-7104
-7914
-8548
-8864
-8944
-8726
-8143
-7274
-6289
-5362
-4520
-3825
-3513
-3299
-3438
-3784
-4015
-4517
-5071
-5477
-5587
-5290
-4833
-4429
-3896
-3206
-2416
-1840
-1543
-1179
-1004
-910
-863
-975
-1062
-1166
-1229
-928
-618
-332
-85
243
715
1130
1316
1265
1444
1652
1683
1612
1295
1064
1133
1241
1444
1419
1438
1453
1334
1207
1124
1002
905
810
593
443
249
206
249
289
351
342
417
586
803
997
813
413
-217
-1091
-1662
-1765
-1035
78
1377
2794
4064
4711
4565
3853
2952
1916
758
-481
-1465
-2187
-2576
-2487
-1712
-464
912
2140
2816
3072
3002
2494
1788
648
-553
-1811
-3094
-3905
-3990
-3412
-2443
-1453
-285
815
1577
1940
2029
1755
1052
167
-918
-1992
-2678
-3133
-3353
-3078
-2413
-1666
-811
100
879
1327
1281
1015
525
-135
-928
-1717
-2325
-2739
-2990
-3000
-2783
-2343
-1803
-1269
-895
-582
-515
-601
-858
-1202
-1638
-2050
-2446
-2662
-2783
-2765
-2569
-2255
-1905
-1543
-1398
-1269
-1194
-1364
-1696
-2140
-2349
-2474
-2600
-2732
-2785
-2629
-2454
-2223
-2084
-1991
-1926
-1941
-1891
-1711
-1708
-1923
-2481
-3290
-4152
-4996
-5836
-6682
-7293
-7566
-7643
-7500
-7001
-6016
-4940
-4032
-3264
-2825
-2581
-2691
-2983
-3505
-4206
-4965
-5802
-6324
-6636
-6565
-5917
-5108
-4193
-3366
-2477
-1719
-1292
-1116
-1103
-1421
-1870
-2491
-3006
-3338
-3542
-3542
-3143
-2568
-2026
-1482
-699
27
389
476
588
693
759
750
642
472
284
223
388
746
1174
1575
1919
2118
2316
2342
2328
2201
2301
2510
2449
2141
1971
1906
1752
1837
2031
1946
1750
1499
1401
1274
905
785
692
484
494
386
327
426
474
450
678
926
1005
964
867
542
-28
-573
-889
-588
-70
867
2253
3815
5041
5653
5641
5054
4118
2712
1123
-608
-2168
-3246
-3651
-3231
-2274
-1019
419
1744
2940
3536
3614
3289
2409
1057
-714
-2349
-3557
-4451
-4869
-4693
-3882
-2665
-1480
-358
594
1101
1281
1021
451
-432
-1383
-2516
-3766
-4589
-4972
-4877
-4299
-3646
-2781
-1721
-834
-240
3
-24
-294
-932
-1729
-2697
-3577
-4128
-4402
-4479
-4456
-4140
-3705
-3320
-2842
-2386
-2213
-2270
-2484
-2669
-2843
-3191
-3652
-4056
-4049
-3652
-3223
-2894
-2726
-2431
-2176
-2075
-2021
-2047
-2138
-2326
-2678
-3013
-3068
-2873
-2807
-2760
-2797
-2610
-2254
-2053
-1909
-1772
-1599
-1555
-1534
-1798
-2256
-2948
-3768
-4602
-5517
-6540
-7327
-7647
-7615
-7456
-6908
-6039
-5224
-4361
-3615
-2988
-2657
-2607
-2943
-3583
-4350
-5280
-6123
-6671
-6883
-6863
-6577
-6034
-5244
-4223
-3175
-2318
-1822
-1697
-1828
-2101
-2590
-3000
-3559
-4092
-4308
-4333
-4104
-3674
-3108
-2605
-1994
-1331
-684
-245
89
252
317
159
-7
-226
-328
-307
-149
71
444
878
1299
1760
1992
1927
2064
2136
2192
2248
2039
1943
2026
2129
2033
1887
1952
2086
2025
1853
1832
1834
1578
1396
1324
1202
924
846
1031
1069
1055
1093
1104
1266
1388
1540
1517
1245
780
-31
-737
-1044
-778
-101
1027
2432
3798
4650
4998
4809
4171
3183
1906
582
-692
-1982
-2680
-2566
-1884
-893
407
1669
2767
3333
3476
3415
2930
1956
602
-982
-2207
-3032
-3482
-3617
-3109
-2113
-926
219
1277
1928
2194
2125
1753
969
45
-1097
-2167
-2839
-3264
-3060
-2553
-2093
-1449
-528
499
1205
1386
1371
1234
699
-120
-911
-1736
-2317
-2632
-2651
-2634
-2332
-1904
-1341
-681
-329
-190
-121
-241
-568
-971
-1226
-1733
-1990
-2085
-2095
-1893
-1689
-1471
-1217
-994
-923
-813
-822
-990
-1242
-1523
-1789
-1992
-2167
-2395
-2305
-2001
-1607
-1384
-1467
-1453
-1191
-1089
-967
-968
-1121
-1564
-2148
-2832
-3688
-4461
-5371
-6107
-6591
-6987
-6975
-6505
-5842
-4992
-3902
-3087
-2493
-2017
-1826
-1944
-2423
-3182
-3909
-4645
-5279
-5608
-5493
-5356
-4905
-4233
-3332
-2148
-1144
-401
-120
-139
-308
-769
-1251
-1680
-2198
-2560
-2671
-2531
-2203
-1731
-1193
-336
479
1015
1288
1631
1895
1746
1756
1711
1549
1391
1380
1656
1737
1708
1967
2422
2816
3115
3388
3469
3527
3667
3690
3679
3503
3371
3246
3113
3070
2972
3075
3232
3101
2841
2737
2606
2232
1875
1818
1770
1740
1589
1585
1857
2130
2228
2141
2176
2152
2013
1957
1655
1053
461
205
379
1044
2178
3468
4764
5841
6580
6591
5923
4997
3643
2181
742
-522
-1199
-1359
-1201
-428
764
2159
3476
4472
5003
4910
4191
3125
2022
872
-383
-1474
-2296
-2638
-2208
-1326
-370
726
1849
2653
3083
3127
2676
1880
960
-218
-1225
-2040
-2510
-2721
-2282
-1629
-970
-198
504
1071
1539
1700
1473
948
369
-505
-1473
-2126
-2389
-2488
-2450
-2204
-1814
-1402
-952
-598
-316
-194
-429
-858
-1207
-1427
-1649
-1809
-2132
-2386
-2225
-1869
-1482
-1204
-1077
-965
-823
-728
-788
-918
-1169
-1472
-1750
-1801
-1782
-1597
-1468
-1498
-1303
-1114
-982
-1008
-1032
-800
-618
-793
-1148
-1586
-2145
-2878
-3843
-4928
-5747
-6417
-6586
-6400
-6252
-5864
-4990
-3974
-3051
-2341
-1787
-1581
-1926
-2429
-2903
-3517
-4254
-5049
-5691
-5924
-5598
-5081
-4406
-3559
-2794
-1908
-1120
-630
-461
-655
-1031
-1534
-2196
-2634
-2773
-2883
-2867
-2719
-2401
-1776
-1000
-370
308
838
1122
1368
1368
1252
1250
1088
908
997
1139
1213
1429
1678
2128
2556
2878
3126
3387
3395
3371
3295
3241
3268
3165
3117
3008
2900
2909
2775
2695
2757
2783
2805
2660
2397
2119
1903
1749
1787
1846
2000
2160
2077
1938
2009
2137
2067
2019
2022
1830
1268
644
246
181
602
1469
2860
4335
5331
5952
6173
5822
4947
3857
2546
1127
-181
-902
-1229
-1292
-684
512
1720
2864
3816
4320
4372
4087
3217
2125
730
-605
-1619
-2296
-2675
-2414
-1663
-615
561
1429
2110
2569
2931
2926
2385
1495
433
-506
-1388
-2184
-2742
-2789
-2296
-1378
-341
467
1113
1537
1784
1835
1485
839
92
-606
-1352
-1981
-2312
-2338
-2210
-1954
-1580
-1001
-372
-62
186
182
-97
-356
-840
-1394
-1823
-1937
-1923
-1919
-1677
-1444
-981
-562
-492
-416
-356
-341
-322
-510
-863
-1320
-1577
-1711
-1513
-1217
-994
-909
-842
-813
-644
-543
-387
-239
-295
-755
-1324
-1838
-2535
-3613
-4621
-5422
-6119
-6420
-6263
-6064
-5515
-4744
-4014
-3265
-2493
-1906
-1663
-1661
-1785
-2423
-3251
-4034
-4637
-5055
-5334
-5317
-5061
-4396
-3328
-2362
-1553
-783
-230
-37
-64
-242
-521
-1037
-1745
-2099
-2217
-2230
-2051
-1737
-1146
-470
193
768
1338
1813
2121
2208
2175
1903
1489
1560
1856
1940
2065
2047
2136
2576
2999
3245
3561
3741
3732
3630
3713
3821
3782
3687
3516
3495
3440
3222
3041
2960
2992
3013
2821
2710
2787
2684
2448
2190
2137
2090
2024
2031
1860
1959
2134
2332
2257
2243
2240
2261
1958
1271
705
285
552
1493
2791
4097
5303
6244
6721
6545
5722
4617
3185
1784
538
-453
-1038
-1183
-734
289
1478
2806
3947
4726
5124
4805
3982
2994
1804
311
-906
-1836
-2435
-2297
-1492
-455
567
1504
2345
3041
3288
3078
2708
2128
1170
141
-1000
-1826
-2153
-2136
-1813
-1059
-48
792
1320
1867
2218
2249
2081
1556
839
-62
-841
-1403
-1829
-2055
-1846
-1478
-1047
-581
-201
204
527
607
506
173
-417
-873
-1088
-1190
-1331
-1294
-940
-708
-614
-238
177
310
382
286
184
14
-374
-578
-788
-928
-976
-857
-634
-299
-161
-64
67
89
216
272
239
199
-31
-467
-1319
-2289
-3276
-4134
-4801
-5427
-5586
-5350
-5081
-4456
-3584
-2599
-1760
-1210
-891
-786
-989
-1471
-2070
-2678
-3397
-4033
-4455
-4599
-4262
-3614
-2755
-1999
-1262
-454
105
367
404
278
61
-385
-884
-1246
-1553
-1716
-1794
-1497
-882
-338
421
1251
1895
2086
2116
2041
1825
1583
1257
1116
1129
1274
1549
2023
2574
2859
2979
2898
2488
1934
1348
779
537
352
517
1111
1834
2739
3530
3981
4117
3940
3324
2440
1635
831
244
74
370
1091
2039
3112
4499
5683
6398
6912
6988
6593
5781
4973
4080
3277
2749
2527
2602
3078
4216
5781
7379
8792
9840
10369
10125
9222
8010
6456
4703
3135
1814
875
579
877
1586
2708
3979
5077
5825
6063
5876
5430
4504
3092
1541
298
-759
-1636
-1982
-1734
-935
6
805
1672
2337
2868
3037
2776
2280
1301
112
-937
-1728
-2499
-3053
-3119
-2776
-2214
-1438
-460
299
893
1106
998
671
175
-372
-1121
-1916
-2407
-2568
-2567
-2241
-1799
-1058
-269
378
807
1075
1116
1094
1000
828
658
540
520
605
830
1143
1377
1580
1842
2123
2319
2497
2481
2122
1833
1620
1390
1182
1183
1266
1209
1155
1317
1419
1512
1441
1409
1470
1571
1488
1281
1029
533
-280
-1062
-2082
-2956
-3789
-4387
-4780
-5059
-4945
-4316
-3419
-2622
-1886
-1171
-702
-558
-802
-1376
-2030
-2789
-3576
-4278
-4910
-5263
-5044
-4355
-3648
-3039
-2498
-1712
-911
-564
-648
-773
-1119
-1814
-2473
-3052
-3588
-3698
-3556
-3320
-3023
-2746
-2167
-1395
-735
-218
189
371
279
55
-389
-895
-1432
-1740
-1904
-1842
-1539
-1045
-253
546
986
1240
1463
1641
1569
1352
826
29
-605
-992
-1190
-1084
-712
-147
174
472
875
1222
1222
750
1
-837
-1638
-2446
-2998
-3252
-3174
-2949
-2463
-1834
-1177
-883
-1005
-1201
-1583
-2598
-3924
-4912
-5541
-5462
-4730
-3417
-1726
-33
1152
1721
1548
820
-400
-2098
-4035
-5856
-7318
-8153
-8183
-7532
-6112
-4319
-2526
-1174
-270
191
61
-584
-1877
-3386
-4971
-6181
-6826
-7086
-6889
-5947
-4663
-3305
-1982
-942
-82
527
487
-51
-905
-1894
-2783
-3635
-4284
-4625
-4474
-3846
-2920
-1856
-939
-98
743
1096
958
496
30
-402
-1181
-1808
-2223
-2493
-2559
-2498
-2030
-1376
-688
-149
260
430
377
223
-99
-422
-986
-1336
-1504
-1620
-1428
-1236
-989
-594
-196
225
345
370
327
229
78
-439
-935
-1149
-1222
-1027
-752
-561
-170
60
214
458
701
848
995
1000
880
646
150
-683
-1518
-2517
-3197
-3590
-3688
-3638
-3433
-2971
-2069
-1010
-14
817
1368
1783
1912
1699
1275
815
148
-553
-1021
-1191
-1027
-547
322
1340
2215
2988
3654
4086
4321
4165
3833
3355
2828
2268
1691
1268
1283
1473
1888
2314
2787
3367
3751
3944
4137
4300
4259
4045
3610
3138
2830
2747
2707
2651
2646
2857
3136
3336
3550
3714
3837
3956
3984
3832
3591
3339
3324
3211
3131
3190
3135
3040
2933
2924
2776
2574
2430
2375
2199
1975
1773
1755
1693
1638
1848
2056
2112
2158
2190
2113
1995
2026
1994
1543
666
-157
-591
-676
-199
858
2146
3298
4288
4980
4884
4214
3559
2934
2013
998
123
-137
57
651
1691
2933
3993
4764
5229
5261
5026
4402
3612
2507
1420
521
-202
-523
-357
482
1639
2708
3697
4568
5005
5137
5090
4793
4160
3166
2240
1281
551
290
394
904
1824
2657
3406
4145
4563
4823
4633
4219
3644
3061
2505
1871
1433
1239
1188
1176
1511
2146
2792
3182
3340
3456
3431
3252
2873
2377
1992
1524
1025
801
780
984
1159
1368
1709
1921
1859
1864
1924
1888
1727
1497
1270
1141
1160
1063
1118
1293
1542
1704
1806
1936
2092
2189
2075
2034
2202
2028
1351
512
-52
-700
-1456
-2133
-2600
-2775
-2773
-2500
-1880
-1046
-38
669
1255
1786
2015
1913
1508
994
347
-490
-1213
-1468
-1518
-1248
-701
21
1014
1896
2781
3454
3644
3477
3080
2656
2003
1365
920
369
136
214
353
713
1273
1816
2259
2692
2810
2667
2518
2250
1947
1509
1056
776
725
677
671
844
1220
1403
1508
1648
1830
1703
1499
1352
1168
887
646
610
670
600
518
507
498
370
241
140
-86
-410
-552
-603
-780
-1024
-1266
-1344
-1250
-1056
-1094
-957
-701
-678
-704
-640
-624
-973
-1385
-1541
-1389
-842
236
1639
3128
4616
5582
5873
5443
4391
2916
1089
-874
-2803
-4472
-5294
-5428
-4934
-3606
-1747
160
1931
3327
4038
4138
3539
2293
680
-987
-2581
-4093
-5215
-5637
-5214
-4385
-3196
-1721
-374
619
1126
1357
1269
614
-484
-1847
-3056
-4229
-5188
-5484
-5347
-4912
-4056
-2924
-1818
-1012
-361
-64
17
-215
-822
-1877
-2810
-3496
-3958
-4292
-4424
-4273
-4020
-3596
-2931
-2446
-2187
-1985
-1849
-1882
-2235
-2565
-2670
-2609
-2621
-2509
-2129
-1667
-1309
-904
-394
-216
-190
-143
-229
-346
-460
-647
-711
-654
-737
-763
-400
117
670
1020
1057
1033
1200
1203
1238
1260
981
524
-140
-757
-1600
-2605
-3512
-4083
-4129
-3899
-3485
-2840
-2077
-1150
-267
632
1202
1273
1325
992
302
-506
-1324
-1985
-2412
-2664
-2615
-2091
-1523
-823
118
1189
1622
1676
1705
1576
1185
458
-208
-924
-1395
-1606
-1691
-1606
-1173
-598
-286
-32
446
891
1174
1283
1056
754
465
179
-67
-173
-165
48
495
723
757
898
1247
1536
1595
1557
1583
1677
1720
1547
1294
1276
1485
1602
1535
1419
1478
1439
1349
1191
905
671
597
424
386
315
77
-6
71
204
458
534
606
772
831
924
660
155
-399
-817
-952
-758
