-4738
-4390
-3977
-3683
-3604
-3465
-3536
-3735
-4055
-4497
-4624
-4711
-4656
-4502
-4441
-4308
-4012
-3603
-3395
-3243
-3211
-3096
-2870
-2851
-3164
-3751
-4611
-5367
-6305
-7280
-7884
-8264
-8560
-8650
-8337
-7529
-6496
-5733
-4927
-4166
-3542
-3087
-3126
-3534
-4265
-5062
-5790
-6352
-6720
-6941
-6905
-6319
-5268
-4205
-3236
-2407
-1761
-1318
-1395
-1824
-2273
-2853
-3554
-4111
-4556
-4916
-5088
-4967
-4518
-4067
-3529
-2791
-2244
-2043
-2146
-2641
-3259
-3971
-4605
-5018
-5154
-4982
-4335
-3351
-2079
-1078
-838
-1405
-2559
-3972
-5854
-7909
-9886
-11319
-11770
-11309
-10465
-9180
-7528
-6081
-5047
-4490
-4722
-5677
-7265
-9095
-10782
-12088
-12971
-13139
-12290
-10487
-8148
-5485
-2875
-707
839
1389
1174
578
-488
-1989
-3612
-5202
-6120
-6353
-5798
-3970
-1280
1512
4087
6117
7092
6948
5919
4346
2327
-158
-2516
-4470
-5784
-6335
-5950
-4784
-3196
-1422
68
1054
1199
754
-374
-2002
-3926
-6106
-8018
-9487
-10391
-10539
-9750
-8498
-6876
-5193
-3853
-3076
-2788
-3193
-4144
-5607
-7084
-8550
-9973
-11299
-12032
-12013
-11556
-10765
-9366
-7689
-6296
-5276
-4787
-4786
-5229
-6087
-7233
-8523
-9702
-10631
-11265
-11396
-11255
-10979
-10121
-8942
-7557
-6174
-5117
-4306
-3756
-3612
-3596
-3865
-4086
-4146
-4003
-3595
-3185
-2811
-2177
-1460
-1023
-791
-512
-437
-653
-793
-949
-1150
-1364
-1617
-1707
-1702
-1594
-1503
-1450
-1503
-1748
-1871
-2073
-2393
-2609
-2593
-2966
-3566
-4032
-4514
-5076
-5721
-6350
-6613
-6687
-6880
-6627
-5973
-5272
-4483
-3630
-3068
-2816
-3017
-3579
-4029
-4693
-5667
-6699
-7508
-8110
-8378
-8470
-8223
-7707
-6726
-5889
-5138
-4626
-4134
-3697
-3887
-4295
-4775
-5294
-5555
-5605
-5457
-5172
-4839
-4142
-3402
-2560
-1535
-622
-59
324
767
1126
1183
1212
1125
747
92
-684
-1759
-2893
-4006
-4839
-4752
-3818
-2162
-201
1679
3246
4163
4628
4654
3952
2512
599
-1429
-3132
-4163
-4464
-3742
-2289
-435
1504
3403
4923
5790
5969
5407
4192
2565
865
-637
-1813
-2327
-2003
-773
1064
3082
4825
6103
6768
7012
6747
6474
6261
6138
6144
6354
6485
6569
6489
6143
5559
4677
3513
2391
1313
276
-409
-696
-492
239
1168
2349
3371
4083
4488
4414
3867
2881
1732
541
-699
-1761
-2436
-2611
-2561
-2249
-1591
-656
183
720
954
906
619
-5
-893
-1819
-2682
-3548
-4152
-4634
-4765
-4599
-4444
-4260
-3835
-3677
-3617
-3659
-3809
-4106
-4468
-4738
-4752
-4702
-4734
-4660
-4588
-4382
-4009
-3584
-3386
-3368
-3384
-3573
-3824
-4019
-4116
-4365
-4380
-4248
-3952
-3590
-3112
-2405
-1788
-1383
-1058
-856
-794
-855
-1187
-1626
-2055
-2552
-2865
-3243
-3375
-3239
-2839
-2515
-2244
-2168
-2069
-1705
-1410
-1370
-1636
-2177
-2886
-3841
-4990
-6439
-7898
-9036
-9802
-10414
-10467
-10016
-9241
-8298
-7386
-6287
-5262
-4767
-4572
-4675
-5147
-6087
-7249
-8318
-9128
-9619
-9959
-9972
-9553
-8879
-8034
-6965
-6023
-5522
-5387
-5425
-5444
-5729
-6341
-6916
-7587
-8108
-8319
-8305
-7963
-7506
-6960
-6033
-5213
-4690
-4255
-3629
-3209
-3058
-3191
-3116
-2895
-2629
-2328
-1978
-1671
-1350
-903
-466
-121
-27
36
20
52
-92
-268
-341
-590
-928
-1133
-1221
-1194
-1114
-1095
-1124
-996
-925
-1081
-1307
-1517
-1722
-2020
-2262
-2242
-2267
-2377
-2337
-2289
-2455
-2290
-1824
-1565
-1599
-1622
-1987
-2693
-3357
-3887
-3876
-3303
-2443
-1432
-249
749
1311
1278
642
-339
-1742
-3506
-5259
-6524
-7349
-7664
-7429
-6425
-5089
-3784
-2628
-1550
-1012
-1025
-1480
-2295
-3633
-5215
-6778
-8153
-8877
-8932
-8460
-7483
-6210
-4926
-3706
-2795
-2284
-2233
-2550
-3154
-4031
-5163
-6290
-7132
-7606
-7826
-7844
-7346
-6455
-5478
-4529
-3868
-3369
-3054
-2889
-3035
-3676
-4489
-5265
-6022
-6502
-6668
-6736
-6715
-6393
-5773
-5159
-4794
-4558
-4448
-4572
-4723
-5096
-5570
-5981
-6201
-6334
-6472
-6346
-6347
-6226
-5904
-5565
-5339
-5242
-5317
-5515
-5816
-6097
-6245
-6553
-6852
-6892
-6706
-6486
-6221
-5926
-5775
-5588
-5519
-5407
-5156
-4990
-5214
-5822
-6397
-6928
-7653
-8571
-9592
-10439
-11151
-11421
-11300
-10831
-10161
-9295
-8365
-7533
-6681
-5838
-5488
-5698
-6310
-7131
-7938
-8737
-9485
-9886
-10007
-9777
-9121
-8320
-7210
-6015
-5077
-4540
-4093
-3640
-3557
-3888
-4476
-5034
-5529
-5876
-6245
-6201
-5883
-5392
-4587
-3763
-3005
-2267
-1700
-1319
-1248
-1124
-1047
-1127
-1279
-1416
-1374
-1307
-1170
-964
-577
-137
278
400
527
702
869
1134
1295
1402
1160
926
842
708
739
621
505
419
445
527
508
258
-47
-228
-346
-476
-722
-778
-645
-561
-491
-396
-240
-187
-100
-45
89
19
-537
-1131
-1752
-1845
-1263
-363
1047
2578
3917
4873
5099
4513
3504
2209
930
-407
-1673
-2570
-3219
-3246
-2620
-1615
-155
1188
2196
2851
3067
2732
2000
929
-270
-1693
-2935
-3792
-4210
-4187
-3556
-2296
-989
3
868
1490
1673
1466
965
58
-986
-2149
-3212
-4026
-4405
-4153
-3729
-3162
-2475
-1585
-768
-141
75
-113
-428
-898
-1736
-2793
-3676
-4193
-4456
-4424
-4202
-3877
-3404
-2889
-2557
-2370
-2250
-2092
-2189
-2430
-2858
-3312
-3643
-3770
-3944
-3923
-3667
-3416
-3179
-2819
-2472
-2308
-2451
-2557
-2621
-2863
-3218
-3552
-3683
-3797
-3795
-3489
-3286
-3086
-2851
-2754
-2666
-2497
-2242
-2178
-2362
-2450
-2821
-3563
-4515
-5404
-6293
-7304
-7896
-8145
-8191
-7925
-7530
-6972
-6220
-5145
-4187
-3722
-3554
-3626
-3845
-4354
-5113
-6065
-6973
-7605
-7834
-7926
-7577
-6976
-6029
-4933
-4086
-3226
-2574
-2241
-2211
-2458
-2987
-3672
-4115
-4688
-5110
-5122
-5000
-4657
-3924
-3149
-2585
-2003
-1420
-1034
-750
-622
-600
-641
-774
-1036
-1160
-1127
-998
-797
-474
-60
330
649
984
1236
1356
1319
1314
1353
1272
1109
1046
1122
1067
933
847
993
1074
883
640
385
150
-14
-71
-220
-490
-584
-560
-520
-433
-341
-330
-293
-162
-164
-329
-498
-852
-1477
-2017
-2292
-2114
-1357
33
1642
2793
3806
4347
3970
3024
1939
748
-551
-1965
-3289
-4077
-4185
-3662
-2742
-1584
-153
1158
1987
2266
1966
1245
217
-1179
-2636
-4069
-5234
-5761
-5621
-5049
-4124
-2830
-1711
-721
15
273
106
-410
-1283
-2328
-3352
-4421
-5291
-5839
-5859
-5396
-4735
-3962
-2971
-2164
-1693
-1427
-1443
-1505
-1970
-2634
-3439
-4341
-5096
-5726
-5879
-5625
-5364
-4997
-4246
-3528
-3113
-3091
-3192
-3321
-3586
-4007
-4471
-4881
-4881
-4926
-5073
-4912
-4766
-4442
-4041
-3609
-3372
-3378
-3477
-3618
-3932
-4390
-4764
-4971
-5151
-5219
-5052
-4760
-4348
-4077
-4029
-4093
-3971
-3506
-3364
-3479
-3751
-4226
-4652
-5401
-6324
-7173
-8094
-8781
-9273
-9487
-9454
-9075
-8505
-7784
-6837
-5795
-4941
-4547
-4569
-4700
-5037
-5750
-6740
-7761
-8486
-8851
-8824
-8533
-7836
-6801
-5811
-4889
-3991
-3287
-2935
-3043
-3269
-3420
-3986
-4612
-5071
-5243
-5223
-5089
-4681
-4104
-3474
-2800
-2086
-1451
-1114
-831
-604
-544
-784
-931
-1017
-1115
-1055
-997
-686
-371
-61
404
842
1059
1289
1351
1429
1519
1604
1554
1361
1293
1278
1197
1177
1242
1302
1305
1265
1160
988
886
778
513
350
261
290
270
262
164
235
514
556
552
573
521
375
2
-840
-1819
-2601
-2975
-2838
-2113
-917
490
1623
2314
2533
2339
1744
835
-223
-1350
-2210
-2558
-2455
-2026
-1192
-214
780
1721
2253
2596
2503
1895
923
-251
-1538
-2659
-3534
-3853
-3514
-2835
-2020
-900
179
1161
1948
2246
2238
1850
1101
290
-661
-1561
-2251
-2646
-2665
-2361
-1567
-629
360
1154
1690
1996
2084
1751
1108
324
-352
-1068
-1651
-1960
-2064
-1899
-1738
-1310
-909
-426
116
493
572
308
-104
-605
-1083
-1576
-2162
-2455
-2569
-2553
-2638
-2701
-2329
-1974
-1831
-1872
-1878
-1843
-1948
-2279
-2778
-2995
-2960
-3053
-3336
-3331
-2946
-2794
-2766
-2832
-2835
-2818
-2811
-2688
-2498
-2590
-3119
-3857
-4837
-5703
-6358
-7390
-8158
-8580
-8523
-7824
-7051
-6314
-5514
-4628
-3777
-3217
-3055
-3143
-3571
-3907
-4525
-5475
-6166
-6681
-6831
-6547
-5934
-5170
-4168
-3155
-2254
-1556
-921
-638
-698
-924
-1313
-1795
-2357
-2752
-2847
-2758
-2587
-2068
-1331
-605
62
733
1296
1591
1639
1635
1659
1626
1317
1033
973
1006
1267
1582
1853
2109
2334
2466
2735
3054
3159
3153
3167
2977
2841
2629
2529
2443
2324
2176
2024
2076
2064
2013
1911
1733
1440
1213
1001
847
838
812
817
793
862
1057
925
768
755
1055
1214
1001
722
624
753
1350
2403
3739
5353
6702
7595
7964
7811
6784
5099
3292
1185
-1040
-2742
-3900
-4354
-3945
-2697
-650
1596
3600
4983
5832
6050
5549
4479
3070
1226
-711
-2565
-3834
-4416
-4491
-3862
-2640
-1341
155
1364
1861
2167
2152
1573
628
-483
-2002
-3465
-4611
-5172
-5217
-4855
-4257
-3372
-2252
-1240
-564
-221
38
89
-430
-1294
-2346
-3228
-3933
-4466
-4735
-4732
-4559
-4278
-4074
-3611
-3106
-2908
-3025
-2982
-2944
-3181
-3555
-3816
-3779
-3599
-3332
-2956
-2488
-2027
-1713
-1597
-1486
-1405
-1375
-1692
-2084
-2245
-2449
-2603
-2505
-2300
-1910
-1540
-1146
-802
-642
-488
-491
-542
-560
-691
-1094
-1559
-2037
-2815
-3711
-4749
-5747
-6298
-6603
-6583
-6432
-5820
-4969
-3985
-2950
-2222
-1583
-1368
-1661
-2097
-2744
-3637
-4563
-5570
-6375
-6620
-6487
-6229
-5662
-4817
-3778
-2962
-2408
-1863
-1486
-1549
-2084
-2633
-3216
-3723
-4141
-4638
-4866
-4639
-4288
-3727
-2979
-2466
-1831
-1136
-661
-277
-60
-30
-102
-218
-477
-590
-582
-459
-280
-16
374
941
1334
1726
2076
2212
2262
2194
2245
2205
2071
2029
2101
2069
1931
1816
1951
2036
2053
1997
1806
1609
1431
1287
1157
1067
1148
1170
1205
1218
1244
1325
1486
1689
1823
1740
1514
1071
430
-355
-841
-987
-764
-4
1214
2388
3173
3620
3494
2918
2000
763
-498
-1721
-2766
-3236
-3090
-2374
-1399
-224
1228
2531
3302
3454
3101
2367
1422
150
-1373
-2792
-4068
-4784
-4766
-4017
-2953
-1714
-428
660
1510
2008
2129
1918
1216
175
-958
-2072
-2778
-3003
-2954
-2554
-1710
-719
205
967
1486
1744
1894
1762
1301
763
-66
-964
-1685
-2009
-2085
-2069
-2033
-1517
-656
-60
147
356
535
652
644
399
26
-365
-743
-1181
-1456
-1452
-1091
-790
-613
-539
-608
-738
-761
-1082
-1488
-1674
-1822
-2023
-2202
-2265
-2266
-2166
-2046
-1900
-1772
-1624
-1533
-1414
-1280
-1358
-1607
-1975
-2490
-3277
-4105
-5001
-5912
-6876
-7460
-7598
-7529
-7213
-6567
-5560
-4407
-3370
-2621
-2324
-2271
-2460
-3012
-3668
-4416
-5238
-5860
-6169
-6206
-5787
-5003
-4125
-3076
-2104
-1289
-589
-200
-50
-213
-615
-971
-1472
-1946
-2224
-2347
-2155
-1797
-1273
-510
401
1092
1671
2308
2615
2625
2589
2699
2612
2319
2175
2103
2159
2296
2537
2958
3423
3642
3791
3887
4090
4330
4301
4209
4148
4082
3913
3746
3704
3724
3664
3536
3418
3418
3316
3155
2951
2788
2479
2333
2337
2228
2199
2189
2304
2443
2429
2287
2334
2430
2430
2191
1992
1630
1033
653
619
994
1991
3457
4947
6016
6590
6638
6091
5141
4010
2800
1461
155
-619
-900
-786
-53
1172
2637
3946
4818
5274
5140
4692
3841
2922
1624
199
-812
-1400
-1488
-1106
-528
360
1418
2525
3428
3812
3955
3609
2834
2056
990
-135
-1177
-1870
-1886
-1559
-1062
-364
355
1080
1837
2278
2248
2053
1834
1285
413
-529
-1272
-1782
-2132
-2316
-2202
-1670
-1104
-651
-250
-55
141
98
-181
-584
-1097
-1470
-1705
-1876
-1922
-1650
-1469
-1283
-994
-784
-582
-417
-436
-612
-915
-1083
-1316
-1659
-1834
-1846
-1695
-1534
-1295
-1027
-878
-816
-647
-588
-641
-642
-640
-872
-1445
-1964
-2572
-3468
-4484
-5436
-6044
-6222
-6166
-5977
-5383
-4758
-3957
-2924
-2042
-1585
-1399
-1572
-2023
-2811
-3543
-4122
-4766
-5414
-5597
-5238
-4715
-4004
-3260
-2311
-1380
-819
-431
-303
-437
-887
-1327
-1750
-2397
-3005
-3184
-2987
-2632
-2031
-1461
-1078
-405
395
666
859
993
1046
1098
1072
822
548
488
563
785
905
1187
1741
2077
2334
2554
2672
2810
2868
2812
2825
2657
2558
2556
2717
2619
2455
2364
2305
2130
1969
2043
2142
2018
1750
1580
1366
1303
1301
1288
1323
1304
1381
1594
1820
1891
1773
1619
1259
631
-81
-543
-495
-28
803
2154
3752
5144
5861
5989
5730
4851
3692
2175
688
-780
-1730
-2090
-1955
-1298
-175
1163
2312
3249
3795
3986
3783
3107
2041
680
-750
-2057
-2906
-3297
-3027
-2324
-1322
-345
631
1569
2125
2351
2270
1815
1117
-85
-1257
-2198
-2874
-3283
-3440
-2954
-2142
-1150
-287
396
955
1198
1118
884
335
-460
-1374
-1947
-2372
-2772
-2707
-2638
-2415
-1921
-1414
-908
-507
-498
-582
-639
-827
-1083
-1485
-1749
-1996
-2159
-2094
-1927
-1716
-1384
-913
-660
-593
-514
-482
-751
-1167
-1414
-1525
-1651
-1641
-1694
-1630
-1317
-984
-919
-883
-816
-734
-525
-354
-283
-313
-776
-1685
-2809
-3673
-4290
-5116
-5832
-6162
-6442
-6275
-5692
-4855
-4131
-3345
-2384
-1700
-1369
-1410
-1753
-2284
-3087
-4089
-4703
-4891
-4979
-4927
-4654
-4052
-3143
-2334
-1479
-656
-60
264
271
-129
-610
-1069
-1454
-1779
-2099
-2159
-1925
-1474
-1068
-550
144
973
1592
1971
2232
2306
2320
2217
2015
1920
2093
2122
2073
2261
2596
3012
3325
3525
3832
4017
4149
4308
4263
4151
4066
3898
3729
3568
3515
3547
3440
3596
3679
3602
3437
3226
3040
2882
2686
2399
2205
2193
2459
2434
2459
2604
2572
2541
2639
2656
2700
2589
2100
1492
918
534
777
1796
3143
4434
5733
6573
6958
6709
5982
5007
3688
2274
908
-184
-851
-941
-508
440
1682
3044
4385
5055
5293
5131
4601
3579
2200
760
-590
-1586
-2084
-2062
-1543
-579
598
1792
2767
3462
3647
3555
3132
2434
1468
319
-758
-1443
-1867
-2070
-1850
-1107
-157
843
1559
2019
2396
2547
2202
1446
810
193
-517
-1068
-1450
-1542
-1597
-1416
-999
-471
120
518
728
712
743
518
134
-359
-852
-1097
-1100
-1050
-910
-607
-288
-66
48
250
495
534
447
236
-69
-494
-690
-789
-753
-670
-542
-223
-18
168
248
276
384
476
491
418
187
-256
-998
-2044
-2951
-3581
-4286
-4994
-5402
-5322
-4760
-4121
-3419
-2549
-1755
-1072
-589
-457
-713
-1150
-1652
-2283
-3208
-4153
-4493
-4454
-4139
-3608
-2672
-1709
-823
-73
547
854
913
698
165
-283
-689
-1151
-1484
-1549
-1392
-1162
-749
-122
492
1114
1616
1877
2247
2291
1978
1631
1295
1151
1235
1378
1714
2162
2514
2774
2767
2556
2186
1614
1038
608
241
184
460
1217
1947
2662
3303
3712
3930
3957
3542
2674
1705
830
28
-337
16
829
1804
3134
4452
5512
6323
6570
6537
6198
5670
4897
3957
3092
2414
2047
2262
2899
3846
5346
7134
8698
9822
10274
10126
9466
8170
6529
4612
2886
1543
667
192
500
1388
2524
3692
4915
5803
6074
5698
5068
4222
3045
1786
383
-725
-1514
-1901
-1858
-1392
-564
340
1326
2123
2551
2668
2643
2214
1388
393
-843
-2091
-2940
-3269
-3123
-2866
-2391
-1563
-783
-118
495
922
919
520
-115
-838
-1487
-2051
-2332
-2566
-2702
-2403
-1764
-895
-125
346
668
934
1219
1305
1154
819
527
331
168
164
445
838
1216
1606
2012
2309
2384
2391
2317
2117
1600
1219
1094
1066
954
876
977
1119
1185
1220
1215
1224
1454
1490
1245
1119
1089
807
245
-456
-1164
-1874
-2800
-3735
-4258
-4767
-5031
-4874
-4258
-3409
-2645
-2030
-1536
-981
-664
-798
-1288
-1866
-2644
-3541
-4428
-5023
-5173
-5011
-4651
-3967
-3015
-2064
-1354
-947
-704
-595
-603
-979
-1748
-2419
-3022
-3622
-3936
-3873
-3802
-3312
-2572
-1884
-1170
-564
-175
113
229
255
94
-284
-677
-1014
-1467
-1939
-2054
-1782
-1087
-375
292
1085
1771
2118
1969
1622
1217
681
-69
-690
-921
-923
-845
-821
-435
342
942
1164
1253
1114
673
45
-545
-1257
-1987
-2445
-2613
-2720
-2651
-2245
-1660
-1164
-845
-753
-1086
-1804
-2742
-3842
-4667
-5283
-5243
-4523
-3299
-1538
198
1308
1860
1745
955
-334
-2059
-3714
-5288
-6755
-7742
-7997
-7341
-5914
-4150
-2459
-1023
37
472
443
-11
-1256
-2890
-4489
-5882
-6739
-7057
-6708
-5927
-4885
-3493
-2084
-790
49
399
406
115
-607
-1741
-2854
-3869
-4455
-4694
-4475
-3866
-2943
-1893
-995
-168
567
1130
1358
1051
409
-205
-735
-1350
-2088
-2483
-2568
-2354
-1754
-1088
-455
124
549
842
839
732
498
-82
-702
-1094
-1185
-1118
-1109
-807
-603
-316
203
598
742
787
598
448
191
-85
-305
-472
-546
-672
-679
-392
-63
208
488
692
1040
1252
1147
1029
998
854
374
-365
-1222
-1965
-2676
-3173
-3398
-3515
-3269
-2616
-1833
-794
295
1073
1596
1958
2219
2017
1517
964
281
-379
-790
-854
-532
20
675
1501
2329
3097
3903
4480
4552
4309
4074
3696
3059
2421
2011
1647
1517
1633
1963
2420
2995
3691
4023
4270
4461
4457
4301
4142
4051
3752
3313
3114
3052
2884
2799
3089
3447
3609
3777
3906
3948
3872
3837
3735
3609
3516
3363
3249
3200
3086
3021
2973
3088
3144
3094
3116
3063
2753
2445
2221
2101
2020
1848
1903
2041
2092
2188
2349
2344
2381
2460
2380
2149
1867
1351
746
346
468
1179
2418
3826
5297
6341
6750
6600
5882
4917
3843
2673
1584
665
17
-141
289
1316
2596
3931
5203
5889
6099
6011
5435
4517
3318
1993
844
-11
-424
-531
-80
908
2095
3186
4085
4810
5106
4943
4496
3846
2880
1809
944
334
-105
-80
291
1000
1819
2605
3227
3818
4231
4240
3772
3240
2630
1903
1096
590
252
73
262
551
974
1435
1934
2316
2424
2357
2316
2180
1799
1228
726
745
733
618
748
1029
1239
1535
1821
2169
2247
2120
2013
1778
1600
1471
1359
1116
1041
1097
1296
1690
2068
2290
2348
2381
2426
2401
2330
2293
2166
1751
997
190
-643
-1379
-1883
-2425
-2726
-2583
-2049
-1498
-594
320
1134
1842
2076
2153
2067
1561
994
335
-603
-1274
-1596
-1597
-1288
-653
196
1110
1872
2493
3001
3176
3051
2914
2445
1734
1047
325
-194
-660
-764
-390
57
591
1287
1730
2057
2183
2126
1904
1618
1338
1113
797
591
548
459
430
673
902
1075
1243
1649
1903
1743
1621
1418
1260
1162
885
618
471
515
547
534
488
500
518
310
24
-139
-368
-562
-635
-766
-1094
-1289
-1098
-896
-806
-708
-541
-543
-703
-739
-645
-1001
-1655
-2258
-2623
-2462
-1655
-431
1138
2718
4056
4417
4132
3484
2416
1159
-305
-1841
-3191
-4124
-4366
-3955
-2993
-1758
-399
957
2079
2678
2654
2187
1279
91
-1332
-2763
-4162
-4992
-5070
-4748
-4049
-2898
-1606
-402
580
1143
1284
1004
430
-416
-1616
-2847
-3804
-4465
-4691
-4314
-3578
-2795
-1886
-1159
-480
80
491
544
73
-576
-1282
-1894
-2616
-3113
-3332
-3335
-3172
-2821
-2203
-1560
-1237
-1013
-885
-883
-905
-1166
-1703
-2049
-2225
-2248
-2121
-1912
-1570
-1183
-869
-550
-246
-123
-152
-128
-176
-371
-663
-824
-964
-941
-750
-480
-214
10
279
556
839
1013
1031
1023
948
880
509
-172
-1216
-2101
-2739
-3389
-3976
-4276
-4203
-3935
-3387
-2598
-1632
-732
140
726
931
801
521
-89
-882
-1601
-2214
-2731
-2953
-2843
-2297
-1357
-341
578
1257
1812
2148
2178
2079
1702
934
111
-539
-818
-1082
-1265
-1181
-809
-216
313
819
1451
1764
1704
1635
1477
1350
1073
837
674
494
384
492
754
867
1111
1384
1553
1818
1988
1920
1703
1573
1581
1566
1423
1424
1501
1525
1368
1236
1335
1465
1524
1328
1200
1030
772
521
344
281
276
245
286
402
496
469
453
528
683
759
606
174
-349
-289
179
862
