-5627
-5189
-4604
-4260
-4111
-4178
-4277
-4533
-4892
-5109
-5160
-5295
-5424
-5387
-5189
-4829
-4647
-4465
-4309
-4078
-3854
-3797
-3848
-3719
-3814
-4310
-4950
-5670
-6530
-7404
-8076
-8630
-8936
-8730
-8343
-7848
-7098
-6325
-5406
-4727
-4142
-3615
-3568
-4129
-4870
-5695
-6465
-7052
-7233
-7260
-7197
-6761
-5833
-4648
-3578
-2631
-1900
-1529
-1558
-1775
-2156
-2552
-3085
-3844
-4447
-4706
-4854
-4598
-4268
-3868
-3115
-2479
-2087
-2007
-2155
-2455
-2873
-3588
-4336
-4884
-5167
-5062
-4414
-3158
-1795
-994
-973
-1546
-2657
-4209
-6028
-7852
-9757
-11362
-12015
-11705
-10673
-9228
-7718
-6180
-5092
-4647
-4870
-5732
-7217
-8867
-10676
-12171
-13055
-13135
-12365
-10529
-8105
-5569
-3105
-960
551
1242
1114
465
-726
-2213
-3745
-5050
-6167
-6243
-5036
-2977
-497
2285
5019
6764
7550
7509
6398
4410
1980
-612
-3244
-5475
-6977
-7590
-6991
-5498
-3565
-1601
226
1547
1990
1758
798
-953
-3038
-5351
-7558
-9258
-10358
-10656
-10211
-8918
-7148
-5554
-4244
-3518
-3263
-3460
-4165
-5401
-7146
-9154
-10871
-12155
-12910
-13156
-12794
-11861
-10610
-9091
-7626
-6462
-5663
-5487
-5845
-6402
-7555
-8884
-10050
-11055
-11852
-12231
-12192
-11735
-10639
-9411
-8122
-6940
-6121
-5481
-4964
-4659
-4553
-4477
-4560
-4520
-4385
-4113
-3766
-3211
-2791
-2251
-1629
-1167
-845
-772
-928
-1085
-1217
-1582
-1907
-1979
-2076
-2115
-2048
-1919
-1654
-1515
-1464
-1524
-1681
-1849
-2034
-2316
-2557
-2869
-3387
-3960
-4613
-5231
-5620
-5848
-6091
-6213
-5944
-5530
-4829
-4114
-3297
-2664
-2382
-2389
-2662
-3305
-4222
-5222
-6258
-7136
-7711
-8095
-8322
-8166
-7619
-6887
-6100
-5286
-4626
-4266
-3958
-3968
-4299
-4712
-5189
-5654
-6012
-6143
-5962
-5420
-4683
-3908
-2934
-1878
-999
-224
283
725
1145
1291
1375
1176
922
76
-939
-2037
-3236
-4400
-5078
-5043
-4277
-2652
-660
1354
2915
4163
4873
4829
4038
2548
734
-1138
-2852
-3809
-4109
-3563
-2086
-62
2071
4046
5375
6149
6445
5874
4684
3157
1463
-22
-1018
-1506
-1267
-164
1688
3665
5309
6717
7614
7970
8035
8061
8026
7873
7710
7593
7370
7032
6648
6095
5203
4083
3045
2096
1083
106
-450
-589
-166
775
1823
2965
3987
4689
5000
4964
4649
3751
2464
1082
-163
-1285
-2049
-2189
-2098
-1719
-1181
-595
-89
350
561
433
37
-562
-1407
-2276
-3241
-4124
-4790
-5003
-4865
-4843
-4796
-4558
-4148
-3838
-3836
-4062
-4343
-4475
-4695
-4871
-4948
-4950
-4841
-4773
-4718
-4437
-4104
-3895
-3844
-3867
-3813
-3852
-4186
-4437
-4401
-4432
-4327
-4244
-3962
-3420
-2828
-2322
-1694
-1325
-1130
-1002
-916
-1016
-1375
-1783
-2140
-2487
-2831
-2998
-3004
-2893
-2634
-2361
-2109
-1833
-1526
-1381
-1194
-1025
-1240
-1578
-2222
-3179
-4447
-5887
-7334
-8217
-8952
-9564
-9678
-9449
-8799
-7993
-7064
-6061
-5110
-4440
-4240
-4561
-5157
-5908
-6782
-7872
-8901
-9800
-10185
-10101
-9826
-9379
-8561
-7780
-6920
-6222
-5850
-5747
-5861
-6206
-6654
-7204
-7735
-8242
-8604
-8713
-8480
-7911
-7205
-6290
-5698
-5212
-4562
-3926
-3602
-3488
-3288
-3119
-3177
-3114
-2929
-2708
-2428
-2076
-1556
-1207
-991
-844
-690
-598
-632
-704
-574
-780
-1193
-1338
-1403
-1448
-1378
-1255
-1096
-1091
-1221
-1292
-1239
-1372
-1710
-2085
-2329
-2488
-2961
-3100
-2885
-2739
-2483
-2452
-2444
-2193
-1836
-1668
-1791
-2144
-2699
-3303
-3926
-4207
-3876
-2848
-1623
-496
431
966
801
-25
-1290
-2628
-4177
-5746
-7022
-8006
-8374
-8109
-7247
-5922
-4521
-3129
-2000
-1448
-1478
-1967
-2825
-3990
-5435
-6912
-8219
-9113
-9356
-8946
-8037
-6743
-5540
-4406
-3484
-2876
-2552
-2741
-3492
-4573
-5856
-6924
-7750
-8434
-8776
-8583
-7843
-6975
-6122
-5195
-4220
-3536
-3167
-3282
-3585
-4070
-4782
-5608
-6301
-6802
-6994
-7022
-6780
-6229
-5675
-5299
-4797
-4525
-4519
-4536
-4754
-5225
-5705
-6057
-6285
-6568
-6794
-6760
-6483
-6195
-6031
-5803
-5541
-5378
-5439
-5589
-6060
-6331
-6545
-6766
-6982
-6985
-6726
-6385
-6173
-5883
-5590
-5428
-5207
-5055
-4815
-4710
-4875
-5139
-5565
-6456
-7484
-8640
-9695
-10362
-10749
-10890
-10949
-10640
-9891
-8768
-7788
-6771
-5862
-5350
-5197
-5436
-6016
-6633
-7485
-8485
-9354
-9761
-9791
-9532
-8800
-7876
-6953
-5994
-5020
-4289
-3723
-3380
-3426
-3690
-4238
-4768
-5205
-5569
-5832
-6030
-5791
-5075
-4288
-3443
-2591
-1834
-1282
-926
-817
-723
-625
-757
-989
-1014
-1153
-1240
-982
-559
-53
331
709
950
1056
1331
1383
1392
1525
1652
1573
1298
1120
1075
1204
1198
1146
1228
1198
1075
1094
858
488
207
64
18
-100
-140
32
207
151
131
232
518
697
668
451
118
-341
-834
-1226
-1455
-1022
-61
1258
2728
4053
4950
5097
4650
3713
2573
1160
-172
-1265
-2110
-2735
-2777
-2110
-1007
306
1684
2803
3486
3688
3358
2655
1572
128
-1403
-2563
-3442
-3747
-3463
-2925
-1911
-824
258
1168
1765
1901
1764
1291
326
-772
-1965
-2993
-3712
-4101
-4163
-3870
-3118
-2180
-1379
-556
137
324
269
-82
-723
-1405
-2166
-3058
-3557
-3815
-3805
-3751
-3560
-3036
-2288
-1632
-1368
-1168
-1227
-1400
-1719
-2331
-2781
-3095
-3444
-3629
-3652
-3466
-3068
-2747
-2557
-2446
-2256
-2166
-2194
-2377
-2634
-2989
-3331
-3440
-3365
-3244
-3269
-3167
-2869
-2563
-2332
-2207
-2027
-1935
-1883
-1802
-1909
-2441
-3161
-4010
-4743
-5630
-6591
-7267
-7727
-7946
-7790
-7175
-6452
-5705
-4791
-3904
-3145
-2830
-2815
-3166
-3927
-4969
-6028
-6914
-7550
-7987
-7869
-7273
-6549
-5591
-4813
-4159
-3498
-2842
-2302
-2185
-2519
-3007
-3570
-4155
-4541
-4786
-4757
-4602
-4244
-3697
-3106
-2454
-1915
-1297
-837
-575
-469
-568
-726
-906
-1241
-1535
-1553
-1486
-1302
-952
-416
-24
346
610
836
990
1107
1041
1056
1066
1056
901
774
647
431
296
309
537
651
516
505
255
-7
-1
-264
-501
-741
-627
-330
-360
-361
-355
-247
-293
-342
-376
-678
-1206
-1872
-2422
-2711
-2558
-1833
-574
835
2261
3300
3771
3653
2820
1853
518
-955
-2397
-3753
-4557
-4691
-4198
-3175
-1891
-618
679
1576
1892
1681
1042
99
-1231
-2744
-4115
-5261
-5886
-5872
-5334
-4511
-3541
-2432
-1354
-447
114
-155
-745
-1433
-2423
-3722
-4736
-5626
-6202
-6240
-5811
-5051
-4090
-3120
-2371
-1925
-1634
-1489
-1745
-2317
-3003
-3827
-4630
-5240
-5662
-5846
-5812
-5556
-5083
-4516
-4107
-3598
-3305
-3283
-3373
-3485
-3919
-4502
-4943
-5291
-5618
-5626
-5457
-5270
-4958
-4449
-4099
-3985
-3877
-3781
-3921
-4148
-4487
-4763
-4758
-5011
-5143
-5160
-5066
-4835
-4585
-4379
-4167
-3971
-3785
-3737
-3660
-3662
-3856
-4485
-5359
-6180
-6987
-7785
-8630
-9280
-9537
-9455
-8985
-8209
-7241
-6263
-5474
-4816
-4459
-4419
-4861
-5433
-6245
-7057
-7844
-8514
-8924
-9081
-8742
-8067
-7076
-6222
-5314
-4382
-3761
-3519
-3401
-3315
-3695
-4243
-4732
-5294
-5580
-5588
-5452
-5283
-4825
-4050
-3109
-2396
-1810
-1267
-962
-821
-838
-958
-1105
-1308
-1335
-1435
-1466
-1303
-1070
-574
-89
340
822
1186
1253
1297
1289
1257
1247
1129
1031
964
977
1040
1040
1172
1305
1161
994
1039
985
746
536
303
175
134
142
119
132
306
474
495
487
525
368
230
-66
-755
-1606
-2299
-2458
-2065
-1106
49
1484
2549
3149
3396
3089
2365
1245
-53
-1289
-2168
-2742
-3101
-2867
-2234
-1067
474
1658
2271
2557
2548
2142
1250
130
-983
-2161
-3211
-3865
-4087
-3629
-2795
-1685
-386
538
1057
1548
1764
1544
861
-75
-1112
-2173
-2863
-3093
-3206
-3068
-2475
-1624
-785
155
818
1097
1252
1137
546
-209
-885
-1566
-2206
-2789
-3058
-2875
-2420
-1939
-1427
-877
-520
-310
-185
-429
-647
-879
-1365
-1954
-2559
-2882
-2978
-2914
-2772
-2666
-2289
-1962
-1792
-1831
-1736
-1691
-1943
-2299
-2480
-2664
-2897
-3023
-2877
-2747
-2743
-2667
-2445
-2456
-2326
-2047
-1824
-1761
-1921
-2295
-2717
-3220
-4119
-5029
-5769
-6556
-7188
-7538
-7578
-7345
-6911
-6216
-5252
-4235
-3311
-2916
-2964
-2967
-3128
-3837
-4834
-5629
-6134
-6583
-6899
-6698
-6051
-4962
-3990
-3141
-2282
-1580
-933
-695
-916
-1329
-1718
-2295
-2814
-3144
-3366
-3523
-3320
-2652
-1794
-1045
-403
121
575
999
1264
1318
1206
1145
937
880
892
788
637
903
1432
1773
1984
2173
2364
2504
2604
2683
2925
2862
2687
2423
2356
2487
2334
2181
2098
2125
2129
2000
1873
1716
1657
1652
1461
1216
975
902
884
995
1052
1127
1157
1225
1280
1240
1146
921
490
-65
-249
102
819
1910
3313
4643
5619
6220
6113
5421
4331
2838
1130
-756
-2348
-3298
-3628
-3315
-2462
-1215
663
2441
3763
4567
4834
4589
3706
2387
799
-817
-2305
-3600
-4135
-3962
-3295
-2285
-1238
-202
872
1601
2003
1854
1272
303
-860
-2044
-2981
-3679
-4364
-4470
-4280
-3639
-2751
-1771
-783
-94
245
194
-89
-527
-1339
-2325
-3073
-3624
-4084
-4283
-4165
-3932
-3727
-3217
-2770
-2598
-2423
-2439
-2555
-2625
-2909
-3322
-3577
-3786
-3885
-3812
-3509
-3129
-2751
-2460
-2146
-1986
-2073
-2174
-2238
-2479
-2761
-2981
-3146
-3175
-3091
-2886
-2571
-2288
-1947
-1788
-1536
-1133
-1000
-919
-1094
-1457
-2114
-2841
-3586
-4442
-5241
-6071
-6683
-7162
-7136
-6868
-6377
-5557
-4766
-4011
-3185
-2531
-2168
-2281
-2676
-3337
-4082
-4938
-5914
-6692
-7050
-7123
-6882
-6122
-5034
-4115
-3334
-2510
-2008
-1831
-1875
-2152
-2546
-3077
-3806
-4371
-4661
-4908
-4784
-4325
-3821
-3198
-2318
-1441
-870
-595
-263
-66
-150
-293
-338
-627
-748
-555
-350
-262
84
420
508
615
864
1293
1738
2167
2119
1958
1867
1775
1792
1844
1768
1601
1466
1541
1818
1852
1779
1506
1387
1377
1333
1200
1108
1025
932
931
1006
1132
1196
1366
1487
1544
1598
1428
850
57
-576
-901
-1030
-692
198
1536
2813
3936
4381
4089
3454
2394
1187
-150
-1380
-2324
-2930
-3119
-2660
-1597
-286
1055
2286
3142
3609
3493
2813
1611
333
-1009
-2523
-3790
-4562
-4643
-4009
-2989
-1814
-438
735
1502
1749
1858
1648
795
-307
-1398
-2323
-3129
-3514
-3488
-3065
-2453
-1677
-765
182
915
1305
1369
1195
539
-219
-834
-1520
-2107
-2677
-2831
-2515
-2107
-1779
-1455
-1016
-508
-144
-70
-268
-566
-912
-1500
-2021
-2262
-2356
-2202
-2080
-1843
-1681
-1521
-1377
-1256
-1223
-1233
-1221
-1347
-1667
-2040
-2378
-2566
-2606
-2434
-2237
-2198
-2098
-1970
-1733
-1398
-1494
-1661
-1606
-1644
-1988
-2529
-3188
-3937
-4773
-5574
-6378
-6987
-7186
-7104
-6676
-6041
-5183
-4346
-3646
-3014
-2483
-2225
-2543
-3226
-4000
-4632
-5285
-5978
-6583
-6763
-6426
-5845
-5124
-3985
-2830
-1828
-1200
-924
-872
-978
-1203
-1652
-2108
-2467
-2928
-2971
-2712
-2368
-1927
-1319
-470
239
691
1324
1748
1827
1857
1752
1682
1538
1348
1273
1304
1478
1868
2133
2352
2768
3239
3341
3282
3407
3483
3449
3393
3357
3260
3254
3312
3233
3123
3074
2985
3018
2941
2782
2614
2439
2330
2131
2068
1986
2057
2129
2162
2200
2109
2075
2036
2030
2022
1936
1715
1239
597
213
226
882
1939
3198
4416
5424
6099
6051
5390
4337
3207
1972
684
-403
-1190
-1725
-1616
-715
656
2050
3386
4334
4728
4771
4357
3420
2257
931
-314
-1385
-2134
-2276
-2064
-1516
-609
614
1732
2604
3195
3185
2663
1917
1210
130
-1064
-2024
-2522
-2677
-2453
-1879
-918
-70
540
1071
1444
1717
1663
1295
718
-124
-1067
-1835
-2233
-2462
-2543
-2270
-1758
-1290
-927
-571
-301
-84
-166
-450
-841
-1408
-1787
-2110
-2375
-2479
-2466
-2249
-1858
-1451
-1196
-1029
-1109
-1180
-1115
-1255
-1552
-1882
-2135
-2169
-2165
-2180
-2084
-1894
-1727
-1373
-1210
-1072
-909
-815
-759
-944
-1146
-1446
-2124
-3056
-3970
-4853
-5598
-6208
-6483
-6457
-6225
-5718
-5026
-4073
-3100
-2361
-1665
-1482
-1728
-2082
-2734
-3556
-4526
-5298
-5923
-6185
-5853
-5127
-4255
-3349
-2565
-1775
-1047
-497
-421
-714
-958
-1400
-1972
-2547
-2932
-3224
-3183
-2828
-2340
-1773
-1082
-195
496
914
1264
1450
1393
1213
992
916
857
822
779
795
1016
1284
1790
2158
2387
2648
2881
3022
3046
3036
3120
3061
2896
2819
2828
2863
2947
3050
3091
3111
3113
2926
2899
2869
2729
2372
2154
2287
2357
2237
2128
2168
2362
2542
2518
2378
2456
2490
2187
1679
1020
441
240
603
1587
2973
4366
5521
6289
6358
5856
5070
4048
2617
1195
-67
-1089
-1534
-1568
-961
192
1456
2831
3897
4505
4739
4482
3772
2651
1317
-57
-1416
-2276
-2665
-2566
-1936
-960
102
1234
2120
2692
2956
2826
2150
1315
368
-863
-1997
-2788
-2923
-2722
-2328
-1585
-779
-21
879
1515
1744
1634
1400
873
61
-661
-1249
-1771
-2196
-2377
-2226
-1868
-1350
-828
-415
-23
166
188
-155
-615
-1144
-1643
-1904
-1959
-2082
-2132
-1883
-1522
-1045
-796
-683
-327
-336
-464
-662
-1007
-1307
-1577
-1783
-1778
-1647
-1595
-1528
-1376
-1177
-870
-600
-364
-264
-291
-531
-662
-879
-1387
-2113
-3077
-4026
-4952
-5783
-6210
-6173
-5905
-5447
-4663
-3746
-2784
-1920
-1466
-1317
-1437
-1884
-2485
-3115
-3919
-4626
-5215
-5579
-5582
-5318
-4645
-3763
-2716
-1786
-1117
-699
-451
-200
-284
-609
-1071
-1788
-2284
-2532
-2591
-2383
-1971
-1357
-659
71
747
1254
1554
1801
2048
1944
1693
1571
1589
1577
1639
1722
1820
1924
2201
2662
2865
3004
3149
3348
3592
3589
3436
3329
3359
3155
2991
3020
3100
3194
3205
3150
2923
2799
2755
2527
2389
2350
2542
2414
2063
1914
1973
2051
2187
2294
2203
2032
2138
2296
2290
1823
1143
572
120
231
1134
2420
3690
4743
5693
6061
5891
5263
4321
2968
1521
75
-1112
-1707
-1595
-1160
-282
985
2277
3459
4160
4603
4571
3915
2991
1870
587
-802
-1931
-2623
-2670
-2078
-1273
-319
720
1845
2526
2756
2712
2245
1652
731
-438
-1461
-2137
-2459
-2382
-2031
-1406
-671
29
658
1212
1636
1877
1755
1361
509
-407
-1037
-1364
-1711
-2089
-2062
-1566
-1158
-734
-263
150
376
386
234
-102
-624
-1058
-1436
-1577
-1623
-1676
-1575
-1381
-976
-576
-330
-164
-137
-179
-262
-370
-608
-1005
-1384
-1412
-1278
-1239
-1193
-954
-766
-492
-217
-96
-16
102
59
-164
-415
-872
-1375
-2151
-3156
-4037
-4741
-5114
-5335
-5334
-5164
-4634
-3772
-2705
-1683
-1100
-805
-828
-1090
-1454
-2095
-2838
-3604
-4388
-4993
-5097
-4685
-4037
-3056
-2059
-1195
-450
157
487
631
555
95
-365
-796
-1274
-1639
-1848
-1623
-1275
-705
11
495
1062
1621
1945
2085
2276
2145
1797
1601
1559
1381
1295
1449
1910
2432
2796
2776
2553
2295
1829
1356
941
658
530
761
1379
2084
2954
3709
4358
4526
4191
3575
2891
2225
1379
724
673
994
1539
2382
3587
4943
6122
6845
7269
7286
6768
5958
5058
4350
3762
3124
2711
2679
3100
4083
5570
7258
8840
9981
10643
10481
9616
8321
6736
5000
3330
2002
1176
729
870
1682
2859
4158
5298
6122
6518
6326
5725
4870
3765
2388
1091
75
-680
-1126
-1325
-949
-7
1024
1989
2512
2723
2794
2759
2465
1670
563
-548
-1647
-2535
-3064
-3058
-2692
-1984
-1164
-391
455
1126
1331
1328
994
417
-274
-995
-1649
-2200
-2509
-2339
-1909
-1403
-691
50
612
1069
1290
1343
1330
1107
874
564
471
393
379
477
669
1006
1478
1824
2074
2147
2222
2286
2189
1904
1481
1267
1203
937
921
1031
1076
1200
1372
1556
1542
1467
1531
1455
1303
1156
915
490
-88
-769
-1735
-2553
-3281
-3896
-4421
-4512
-4464
-4139
-3494
-2870
-1952
-1080
-629
-484
-723
-1351
-2114
-3062
-3917
-4613
-5143
-5523
-5514
-5123
-4290
-3319
-2458
-1774
-1154
-713
-506
-677
-1232
-1870
-2515
-3287
-3852
-4072
-4053
-3813
-3684
-3153
-2319
-1456
-856
-348
-38
58
26
-162
-377
-918
-1648
-2075
-2238
-2175
-1881
-1428
-802
-134
461
931
1305
1348
1107
528
-124
-621
-1083
-1538
-1710
-1519
-1276
-804
-143
209
522
652
555
336
-167
-885
-1646
-2517
-3267
-3747
-3668
-3217
-2723
-2327
-1732
-1271
-1164
-1450
-2168
-2996
-4088
-5308
-6119
-6201
-5513
-4193
-2501
-686
479
879
664
-222
-1405
-2889
-4608
-6418
-7860
-8687
-8958
-8316
-6813
-4982
-3317
-1786
-683
-56
-228
-957
-2018
-3417
-4959
-6410
-7473
-7757
-7511
-6780
-5691
-4237
-2761
-1577
-657
-190
-61
-487
-1369
-2387
-3518
-4558
-5363
-5668
-5310
-4622
-3741
-2757
-1723
-762
-73
355
488
235
-239
-676
-1193
-1912
-2523
-2890
-2946
-2851
-2537
-1911
-1295
-663
-135
130
67
-116
-413
-971
-1554
-1978
-1975
-1894
-1909
-1816
-1554
-1264
-791
-400
-382
-431
-406
-461
-642
-1066
-1438
-1635
-1693
-1652
-1356
-904
-548
-216
48
219
337
506
675
741
688
383
-101
-767
-1370
-2101
-2890
-3500
-3847
-3861
-3459
-2745
-1932
-1100
63
1002
1508
1885
2004
1696
1073
394
-169
-778
-1268
-1347
-1220
-925
-284
650
1751
2679
3382
3806
4098
4009
3644
3185
2809
2272
1841
1450
1168
1255
1603
2209
2776
3253
3719
4197
4503
4419
4243
3824
3456
3272
3125
2937
2688
2679
2902
3071
3187
3329
3483
3496
3640
3787
3854
3706
3542
3282
3083
2953
3042
3104
3154
3243
3358
3415
3364
3148
2934
2768
2520
2333
2325
2236
1985
1926
2061
2408
2638
2582
2495
2453
2374
2350
2262
2036
1367
565
-1
-39
425
1242
2561
3830
4784
5300
5325
4993
4292
3328
2259
1347
595
145
247
748
1639
2757
3919
4900
5623
5946
5659
5094
4226
3109
1938
945
306
20
-27
420
1422
2647
3586
4447
5150
5452
5363
4893
4263
3349
2276
1440
749
583
601
941
1593
2288
3003
3820
4571
4800
4805
4510
3911
3175
2329
1735
1412
1174
1192
1351
1770
2254
2681
3053
3402
3673
3599
3415
3079
2703
2224
1874
1572
1327
1184
1047
1223
1598
1958
2250
2300
2399
2532
2500
2183
1866
1687
1499
1244
1255
1520
1718
1873
2021
2133
2380
2564
2571
2419
2502
2525
2174
1766
1306
592
-400
-1131
-1680
-2136
-2457
-2417
-1925
-1271
-520
287
1030
1758
2245
2478
2255
1740
992
290
-306
-971
-1442
-1420
-1275
-827
69
1085
1913
2555
3115
3497
3601
3351
2732
1995
1291
724
399
112
97
455
822
1229
1664
2186
2603
2699
2697
2695
2395
1990
1520
1161
939
723
686
699
833
977
1228
1534
1618
1648
1704
1671
1651
1586
1369
1133
870
784
679
487
509
629
688
539
388
374
100
-44
-103
-386
-625
-801
-802
-551
-673
-784
-698
-653
-603
-595
-587
-623
-881
-1286
-1552
-1553
-1310
-491
989
2515
3841
4787
5220
5072
4205
2606
648
-1262
-2992
-4361
-5194
-5385
-4646
-3394
-1764
183
1877
3039
3779
3994
3489
2508
1097
-597
-2396
-3871
-4798
-5101
-4809
-4200
-3170
-1858
-527
475
1029
1224
1177
548
-579
-1698
-2803
-3950
-4837
-5193
-4976
-4398
-3723
-2681
-1542
-808
-353
6
-33
-301
-791
-1528
-2184
-2964
-3573
-3894
-4001
-3999
-3743
-3132
-2559
-2049
-1679
-1590
-1687
-1879
-2087
-2367
-2566
-2759
-2855
-2717
-2312
-1806
-1486
-1186
-777
-431
-292
-374
-534
-628
-743
-951
-1263
-1286
-1029
-749
-656
-446
60
457
700
1013
1081
1172
1230
1183
1108
774
258
-559
-1356
-2272
-3090
-3517
-3711
-3685
-3286
-2668
-1951
-1158
-351
326
1036
1466
1283
699
133
-517
-1300
-2349
-3084
-3248
-2965
-2341
-1545
-630
254
908
1308
1597
1837
1881
1381
744
122
-430
-891
-1182
-1433
-1578
-1331
-783
-192
452
811
1150
1381
1369
1306
1021
757
535
154
-19
-162
-151
-51
353
715
935
1175
1278
1299
1375
1560
1740
1488
1136
1009
1092
1126
1132
962
970
1208
1371
1426
1415
1297
1021
757
614
533
373
323
411
608
658
765
904
1033
1031
931
966
939
555
-132
-680
-674
-292
