-4503
-4267
-3949
-3589
-3488
-3511
-3463
-3616
-3953
-4122
-4309
-4351
-4211
-4142
-4138
-3955
-3780
-3664
-3459
-3161
-2965
-2695
-2467
-2502
-2801
-3262
-4030
-4950
-6009
-6926
-7668
-8291
-8429
-8384
-8007
-7243
-6552
-5672
-4712
-3813
-3226
-3106
-3140
-3565
-4310
-5127
-5989
-6554
-6773
-6710
-6402
-5974
-5334
-4395
-3370
-2567
-1945
-1524
-1335
-1553
-2099
-2737
-3449
-4142
-4678
-4890
-4709
-4653
-4345
-3989
-3521
-2933
-2441
-2067
-1989
-2311
-2900
-3668
-4551
-5207
-5416
-5047
-4295
-3197
-2026
-1165
-936
-1429
-2532
-4013
-5848
-7859
-9697
-11100
-11607
-11362
-10392
-8910
-7331
-5852
-4769
-4296
-4785
-5899
-7196
-8844
-10664
-12276
-13061
-13024
-12147
-10505
-8109
-5435
-3010
-1035
425
1171
1288
634
-489
-1852
-3529
-5311
-6615
-7145
-6439
-4558
-2017
717
3410
5587
6747
6849
5891
4311
2210
-102
-2265
-4140
-5629
-6266
-5939
-5002
-3616
-1868
-328
650
879
477
-602
-2234
-4146
-5978
-7698
-9095
-9949
-10047
-9505
-8505
-7026
-5448
-4152
-3460
-3241
-3495
-4298
-5600
-7434
-9104
-10370
-11297
-11805
-11974
-11557
-10607
-9234
-7755
-6516
-5430
-4803
-4745
-5164
-5953
-7126
-8487
-9805
-10818
-11392
-11536
-11297
-10649
-9545
-8293
-7228
-6061
-5019
-4130
-3537
-3535
-3663
-3914
-4182
-4194
-4142
-3821
-3473
-3001
-2481
-1916
-1308
-743
-557
-588
-669
-784
-1021
-1296
-1488
-1777
-2063
-1977
-1866
-2049
-2118
-2052
-1964
-2034
-2308
-2487
-2672
-2842
-3104
-3662
-4298
-4879
-5311
-5845
-6487
-7019
-7239
-7176
-6817
-6365
-5807
-5078
-4490
-3855
-3408
-3279
-3514
-4117
-4967
-5884
-6572
-7194
-7864
-8398
-8725
-8548
-7866
-7047
-6117
-5095
-4429
-3987
-3822
-4031
-4363
-4766
-5143
-5341
-5537
-5506
-5431
-5316
-4604
-3559
-2627
-1644
-755
79
786
1178
1478
1780
1758
1672
1250
438
-416
-1386
-2477
-3436
-4356
-4466
-3468
-1846
129
1914
3561
4880
5412
5124
4286
2909
1146
-851
-2675
-3908
-4291
-3826
-2542
-471
1704
3759
5324
6113
6149
5452
4273
2843
1186
-450
-1653
-2346
-2044
-806
951
3035
5042
6406
6973
7008
6685
6303
6023
5924
5964
6125
6399
6644
6706
6370
5859
4921
3896
2892
1770
727
-190
-690
-486
140
1103
2190
3311
4125
4579
4567
4007
3214
2200
954
-459
-1812
-2500
-2504
-2130
-1674
-1168
-466
283
1100
1622
1658
1310
765
-147
-1358
-2386
-3330
-3990
-4317
-4429
-4377
-4220
-3835
-3449
-3256
-3194
-3159
-3186
-3457
-3830
-4140
-4365
-4557
-4729
-4678
-4338
-4082
-3915
-3746
-3488
-3255
-3449
-3371
-3302
-3503
-3794
-4044
-4166
-4173
-4038
-3758
-3217
-2594
-1991
-1399
-1070
-931
-838
-948
-1271
-1686
-2230
-2558
-2790
-3044
-3343
-3491
-3306
-2936
-2760
-2405
-2142
-1885
-1621
-1543
-1700
-2193
-2862
-3833
-5224
-6581
-8075
-9273
-10040
-10533
-10562
-10064
-9404
-8466
-7282
-6258
-5298
-4713
-4603
-4920
-5506
-6145
-6999
-8016
-9010
-9743
-10172
-10143
-9806
-9131
-8212
-7296
-6593
-5965
-5492
-5435
-5682
-6174
-6675
-7273
-7858
-8159
-8236
-8264
-8228
-7790
-7188
-6641
-5972
-5104
-4443
-3903
-3606
-3472
-3282
-3123
-3014
-2834
-2657
-2492
-2282
-2038
-1555
-857
-488
-293
-76
-96
-233
-266
-387
-671
-974
-1108
-1185
-1200
-1219
-1222
-1173
-1266
-1390
-1376
-1413
-1497
-1828
-2195
-2449
-2791
-3008
-3059
-2972
-2903
-2905
-2714
-2495
-2296
-2225
-2174
-2081
-2220
-2850
-3626
-4126
-4126
-3663
-2718
-1614
-422
663
1216
1180
507
-712
-2150
-3715
-5291
-6538
-7449
-7836
-7659
-6954
-5584
-4247
-2961
-1975
-1439
-1365
-1731
-2606
-3958
-5591
-7275
-8345
-8882
-9022
-8616
-7718
-6414
-5141
-4174
-3221
-2364
-2090
-2504
-3316
-4259
-5311
-6518
-7669
-8363
-8445
-8170
-7655
-6826
-5972
-4953
-3923
-3298
-2896
-2846
-3262
-4004
-4641
-5351
-6000
-6505
-6806
-6722
-6595
-6423
-5822
-5226
-4664
-4342
-4303
-4444
-4631
-4917
-5489
-6082
-6337
-6522
-6710
-6746
-6534
-5996
-5540
-5291
-5311
-5317
-5251
-5466
-5803
-6166
-6593
-6837
-6850
-6681
-6598
-6455
-6248
-5867
-5461
-5150
-4956
-4950
-5070
-5122
-5261
-5640
-6054
-6621
-7495
-8615
-9605
-10437
-11127
-11443
-11321
-10851
-10154
-9186
-8268
-7354
-6503
-5712
-5360
-5570
-6040
-6635
-7479
-8401
-9184
-9591
-9671
-9561
-8916
-8014
-6958
-5901
-4910
-4074
-3549
-3443
-3592
-3928
-4394
-4931
-5463
-5756
-5788
-5710
-5635
-5106
-4503
-3784
-2997
-2184
-1570
-1245
-1128
-915
-816
-800
-937
-974
-1063
-1073
-1035
-791
-352
301
723
1022
1108
1203
1396
1447
1422
1341
1251
1183
1013
926
935
986
879
759
615
453
446
303
144
-22
-207
-361
-555
-672
-627
-491
-280
-86
5
181
203
249
335
95
-406
-1055
-1508
-1502
-973
34
1445
2906
4269
5002
5094
4732
3902
2689
1246
-168
-1549
-2566
-3114
-3194
-2603
-1408
173
1536
2681
3350
3387
2962
2346
1354
-9
-1431
-2879
-3824
-4150
-3967
-3218
-2055
-804
326
1154
1682
1789
1710
1429
511
-670
-1879
-2983
-3704
-4115
-4076
-3624
-3029
-2226
-1317
-398
336
402
141
-343
-883
-1319
-1935
-2689
-3600
-4245
-4381
-4095
-3651
-3091
-2535
-2007
-1737
-1621
-1581
-1691
-2207
-2721
-3046
-3423
-3722
-3811
-3745
-3538
-3219
-2839
-2363
-2086
-2103
-1967
-1924
-2233
-2559
-2819
-3176
-3568
-3581
-3538
-3434
-3199
-2811
-2493
-2464
-2388
-2157
-2151
-2204
-2262
-2358
-2671
-3251
-3853
-4679
-5880
-6675
-7411
-7932
-8059
-7957
-7522
-6687
-5721
-4838
-3979
-3310
-3091
-3119
-3400
-3893
-4728
-5708
-6554
-7055
-7275
-7270
-6998
-6352
-5439
-4533
-3505
-2705
-2237
-2052
-2041
-2327
-2701
-3245
-3940
-4499
-4857
-4863
-4475
-4087
-3471
-2903
-2312
-1714
-1007
-522
-368
-310
-256
-198
-251
-578
-815
-694
-566
-579
-466
-113
488
1073
1397
1457
1621
1636
1768
1832
1828
1620
1391
1313
1149
1136
1311
1476
1306
1204
1060
888
519
162
114
257
183
88
-32
-105
-117
-167
-72
60
181
211
75
-138
-682
-1386
-1937
-2069
-1720
-999
279
1901
3210
4103
4651
4448
3533
2421
1052
-429
-1754
-2951
-3695
-3884
-3617
-2677
-1503
-80
1349
2177
2350
2072
1496
521
-514
-1864
-3323
-4512
-5260
-5364
-4884
-3900
-2749
-1627
-671
121
496
497
36
-753
-1733
-2904
-4068
-4952
-5313
-5295
-5146
-4409
-3476
-2647
-2004
-1602
-1240
-975
-1147
-1849
-2458
-3305
-4220
-4938
-5383
-5493
-5345
-4983
-4453
-3963
-3504
-3295
-3316
-3100
-2993
-3137
-3627
-4207
-4541
-4692
-5002
-5090
-4896
-4673
-4369
-4078
-3782
-3446
-3257
-3347
-3656
-3945
-4038
-4424
-4766
-4764
-4692
-4617
-4562
-4255
-3875
-3842
-3732
-3528
-3416
-3439
-3510
-3642
-4164
-4889
-5574
-6319
-7294
-8290
-9024
-9473
-9698
-9551
-9129
-8325
-7439
-6539
-5700
-5012
-4686
-4423
-4449
-4930
-5726
-6713
-7523
-8177
-8625
-8706
-8460
-7940
-7168
-6270
-5367
-4427
-3642
-3314
-3165
-3217
-3613
-4114
-4575
-5067
-5596
-5786
-5515
-5133
-4593
-3883
-3199
-2536
-1975
-1529
-1216
-929
-878
-968
-1165
-1239
-1391
-1531
-1549
-1319
-818
-321
26
433
636
763
1117
1247
1214
1234
1196
1072
1056
1067
1095
1028
915
920
940
925
754
475
355
308
129
13
-107
-311
-200
-164
-270
-265
-195
-189
-33
114
30
-127
-501
-1356
-2408
-3108
-3490
-3660
-3345
-2100
-652
592
1413
1743
1633
1013
223
-876
-1826
-2394
-2818
-2897
-2535
-1721
-602
447
1486
1933
1897
1615
1135
288
-887
-2058
-3119
-3858
-4115
-3855
-3088
-2216
-1259
-135
938
1580
1868
1926
1706
992
-42
-996
-1915
-2652
-2988
-2893
-2342
-1601
-860
-8
746
1215
1578
1656
1556
1110
421
-291
-1017
-1761
-2217
-2412
-2285
-1957
-1363
-757
-63
360
580
669
420
38
-443
-935
-1603
-2121
-2414
-2754
-3014
-2973
-2903
-2586
-2321
-2263
-2202
-2252
-2288
-2510
-2773
-3053
-3296
-3488
-3519
-3489
-3554
-3447
-3281
-3142
-3082
-3012
-2928
-2778
-2647
-2649
-2849
-3309
-4035
-4886
-5779
-6674
-7348
-7902
-8336
-8341
-7907
-7420
-6686
-5732
-4652
-3844
-3441
-3329
-3210
-3465
-4060
-4955
-5729
-6398
-6955
-7061
-6687
-5931
-5020
-4174
-3262
-2330
-1647
-972
-805
-918
-1061
-1517
-2007
-2408
-2858
-3157
-3114
-2618
-1922
-1306
-594
277
781
1169
1479
1643
1599
1534
1302
1163
1068
985
926
1035
1353
1782
1954
2025
2265
2571
2795
2988
2988
2814
2709
2438
2297
2380
2399
2249
2129
2118
2026
1914
1662
1425
1359
1362
1234
930
618
494
597
640
513
537
729
869
820
781
886
1117
1113
797
537
754
1432
2630
3977
5276
6744
7774
8172
7907
6890
5320
3222
958
-1260
-3197
-4453
-4937
-4650
-3315
-1304
943
2920
4603
5977
6578
6154
4966
3262
1289
-716
-2498
-3898
-4641
-4841
-4302
-3186
-1832
-420
841
1836
2277
2133
1514
471
-708
-2218
-3678
-4703
-5555
-5945
-5661
-4875
-3791
-2743
-1850
-884
-151
108
-141
-742
-1463
-2374
-3222
-4071
-4809
-5122
-5192
-5089
-4779
-4467
-4113
-3768
-3524
-3516
-3529
-3397
-3440
-3760
-3902
-3745
-3658
-3529
-3203
-2704
-2204
-1823
-1627
-1458
-1413
-1580
-1783
-1943
-2214
-2475
-2600
-2685
-2510
-2060
-1611
-1317
-1071
-772
-528
-285
-313
-526
-676
-925
-1384
-2173
-3110
-4166
-5127
-5882
-6366
-6779
-6808
-6513
-5860
-4889
-3896
-3077
-2307
-1606
-1387
-1628
-2226
-2940
-3902
-4863
-5670
-6499
-6876
-6806
-6445
-5746
-4988
-4056
-3265
-2476
-1880
-1651
-1627
-2010
-2601
-3198
-3839
-4511
-4973
-5105
-5131
-4935
-4425
-3615
-2859
-2092
-1293
-727
-575
-615
-642
-638
-710
-729
-794
-989
-962
-696
-277
163
561
888
1193
1700
2041
2099
2038
1985
1913
1875
1849
1870
1951
2017
1980
2147
2004
1929
1999
1946
1712
1544
1511
1295
1100
971
1066
1200
1270
1186
1176
1467
1598
1512
1526
1511
1038
262
-516
-1074
-1206
-939
-209
823
1875
2813
3237
3008
2429
1567
434
-816
-2031
-3085
-3673
-3653
-3023
-1813
-309
1205
2427
3176
3523
3361
2454
1340
86
-1648
-3366
-4511
-5146
-5114
-4637
-3705
-2312
-743
731
1593
2145
2399
2022
1414
501
-670
-1796
-2505
-3004
-3197
-2922
-2263
-1326
-381
467
1276
1831
2040
1935
1525
1017
113
-715
-1235
-1716
-1972
-1949
-1753
-1393
-761
-177
286
748
998
975
609
214
-148
-438
-637
-1041
-1419
-1437
-1328
-1235
-1087
-967
-991
-1152
-1334
-1396
-1672
-2089
-2366
-2605
-2780
-2893
-2821
-2765
-2690
-2545
-2223
-1953
-1924
-1944
-2058
-2142
-2261
-2702
-3264
-3957
-4893
-5876
-6847
-7520
-7966
-8205
-8105
-7623
-6858
-5991
-4990
-4102
-3390
-2925
-2619
-2621
-3174
-3936
-4899
-5606
-6102
-6441
-6693
-6460
-5687
-4587
-3632
-2717
-1647
-929
-524
-311
-425
-746
-1079
-1628
-2053
-2457
-2594
-2311
-1896
-1278
-634
132
908
1563
2146
2421
2618
2801
2705
2484
2313
2222
2113
2183
2321
2432
2679
2979
3337
3682
3843
3907
3918
3993
3913
3909
3793
3498
3277
3241
3249
3191
3140
3106
3135
3170
2993
2736
2490
2382
2032
1740
1725
1788
1934
2027
2084
2164
2132
2173
2190
2033
1875
1572
1075
260
-150
-139
385
1622
3066
4496
5756
6451
6447
5794
4936
3761
2382
876
-354
-993
-1191
-1016
-217
1022
2563
3862
4873
5282
5177
4693
3771
2755
1557
253
-814
-1596
-1919
-1653
-827
192
1382
2582
3272
3552
3669
3359
2632
1630
515
-497
-1211
-1644
-1909
-2023
-1528
-708
141
1043
1629
2029
2218
2029
1626
965
206
-748
-1542
-2068
-2338
-2302
-2068
-1736
-1309
-826
-492
-194
-58
-20
-425
-1067
-1611
-2054
-2283
-2379
-2340
-2212
-1977
-1670
-1364
-1094
-891
-793
-682
-763
-983
-1321
-1608
-1822
-2040
-2164
-2203
-1835
-1455
-1348
-1360
-1191
-1080
-834
-431
-393
-837
-1123
-1405
-1922
-2746
-3731
-4678
-5311
-5947
-6263
-6345
-6037
-5395
-4758
-3950
-3009
-2197
-1589
-1302
-1303
-1726
-2481
-3259
-3900
-4622
-5330
-5597
-5352
-4706
-3891
-3017
-2139
-1514
-859
-399
-202
-167
-482
-1020
-1713
-2229
-2648
-2934
-3090
-2716
-2262
-1765
-1122
-306
395
845
1228
1438
1500
1463
1355
1088
952
794
836
1094
1475
1809
2161
2500
2705
2799
2913
3112
3228
3309
3187
2923
2782
2724
2866
2711
2670
2696
2622
2610
2731
2731
2612
2414
2112
2080
1908
1665
1610
1534
1662
1886
2114
2097
1971
2152
2198
2062
1840
1463
892
405
336
644
1423
2920
4435
5573
6415
6563
6159
5267
4113
2734
1205
-88
-1046
-1582
-1526
-1018
199
1685
2996
4094
4672
4687
4216
3384
2458
1214
-209
-1604
-2607
-3051
-2946
-2291
-1255
-19
1151
2086
2716
2826
2559
2004
1359
382
-869
-1998
-2670
-2999
-3025
-2625
-2035
-1077
-64
725
1262
1598
1580
1090
624
-48
-961
-1715
-2206
-2421
-2531
-2405
-2181
-1803
-1198
-762
-455
-351
-313
-235
-409
-819
-1230
-1590
-1932
-1902
-1830
-1582
-1319
-1052
-790
-521
-364
-342
-376
-464
-762
-1081
-1382
-1861
-2054
-1956
-1628
-1358
-1211
-825
-582
-487
-515
-498
-518
-572
-732
-1176
-1776
-2430
-3424
-4456
-5461
-6158
-6561
-6636
-6345
-5837
-5004
-4064
-3227
-2520
-1921
-1581
-1558
-1963
-2479
-3170
-4024
-4873
-5498
-5787
-5732
-5131
-4410
-3708
-2828
-1868
-989
-493
-238
-129
-323
-870
-1374
-1921
-2427
-2740
-2814
-2551
-2105
-1624
-820
-77
680
1310
1590
1775
1941
2027
1891
1627
1472
1521
1650
1770
1972
2328
2645
2943
3151
3460
3650
3834
3843
3877
3853
3755
3592
3581
3439
3299
3306
3268
3254
3191
3028
2729
2682
2726
2584
2260
2135
2125
1999
2111
2119
2114
2122
2275
2393
2479
2434
2228
2078
1833
1310
713
425
728
1538
2702
4069
5251
6068
6461
6394
5922
4983
3484
1982
588
-567
-1330
-1592
-1108
-18
1312
2644
3752
4544
5023
4904
4271
3224
2092
875
-440
-1666
-2306
-2299
-1820
-926
260
1419
2396
2994
3399
3341
3014
2403
1453
405
-667
-1460
-1848
-1938
-1613
-964
-165
741
1494
2069
2423
2360
1954
1436
865
247
-427
-996
-1519
-1757
-1638
-1348
-992
-416
97
477
620
528
435
358
-9
-546
-980
-1290
-1424
-1357
-1098
-874
-466
-68
146
392
498
371
155
-102
-508
-856
-1075
-1153
-1079
-1131
-888
-513
-283
-56
25
109
307
291
137
-9
-188
-658
-1327
-2219
-3202
-4029
-4766
-5375
-5548
-5351
-4905
-4227
-3539
-2745
-1836
-1083
-600
-345
-446
-982
-1699
-2606
-3405
-3997
-4390
-4515
-4212
-3423
-2427
-1595
-768
2
474
901
1097
932
517
-50
-694
-1262
-1600
-1509
-1394
-1216
-727
-66
589
1185
1756
2244
2450
2248
1919
1508
1097
929
1028
1164
1513
2105
2562
2840
2999
2925
2445
1951
1323
533
65
-95
252
1080
1952
2748
3416
3862
3953
3776
3271
2486
1672
969
166
-148
190
891
1950
3036
4187
5334
6273
6839
6884
6457
5840
5050
4181
3320
2654
2281
2350
2783
3775
5242
6902
8509
9814
10373
10262
9448
8174
6791
5028
3242
1745
754
441
568
1163
2326
3604
4792
5681
5973
5787
5326
4463
3159
1882
536
-750
-1621
-2008
-1813
-1277
-549
504
1577
2361
2733
2867
2657
2331
1599
441
-716
-1754
-2511
-2943
-3112
-2985
-2364
-1478
-648
121
628
1023
1082
690
47
-502
-1065
-1818
-2423
-2620
-2691
-2391
-1775
-1067
-336
132
464
739
1049
1184
1085
701
413
260
42
79
344
537
855
1431
2170
2467
2348
2247
2102
2022
1937
1628
1329
1072
924
852
989
1155
1390
1614
1789
1618
1422
1472
1499
1497
1251
952
646
203
-689
-1855
-2978
-3882
-4547
-4886
-4782
-4613
-4104
-3464
-2697
-1773
-1182
-972
-815
-713
-1017
-1531
-2410
-3420
-4294
-5028
-5208
-4918
-4416
-3757
-2887
-2057
-1280
-706
-459
-567
-725
-1095
-1556
-2087
-2764
-3358
-3693
-3749
-3577
-3165
-2574
-1874
-1278
-581
-48
270
464
503
412
-6
-495
-1069
-1695
-2053
-2153
-1773
-1184
-480
260
891
1238
1534
1705
1750
1477
803
79
-438
-873
-1065
-990
-693
-186
426
865
1089
1254
1143
883
388
-395
-1348
-2058
-2543
-2837
-3065
-2961
-2428
-1672
-981
-643
-665
-851
-1313
-2346
-3596
-4674
-5315
-5496
-4765
-3209
-1483
263
1410
1848
1772
1053
-289
-1938
-3710
-5471
-6911
-7913
-8238
-7580
-6120
-4308
-2472
-943
265
707
339
-371
-1425
-2820
-4408
-5801
-6932
-7429
-7128
-6176
-4835
-3538
-2385
-1149
-86
505
493
148
-518
-1558
-2636
-3559
-4232
-4529
-4415
-3909
-2946
-1921
-860
-26
635
1106
1185
1099
754
24
-884
-1572
-1973
-2185
-2325
-2196
-1880
-1267
-583
106
557
682
566
306
148
-48
-478
-857
-1166
-1484
-1543
-1309
-892
-394
51
492
647
567
328
78
-194
-428
-645
-881
-858
-678
-503
-473
-198
182
386
587
802
869
955
990
838
528
41
-559
-1259
-2285
-3166
-3746
-3883
-3676
-3559
-2939
-1958
-932
-50
757
1446
1979
2102
1960
1589
1006
291
-484
-1012
-1362
-1201
-635
114
1180
2223
3171
3838
4195
4311
4328
4171
3594
2923
2355
1914
1637
1502
1727
2010
2402
3057
3836
4275
4382
4443
4449
4276
4027
3659
3301
3116
3041
2886
2849
2903
3046
3231
3540
3864
3776
3814
3910
3835
3590
3474
3456
3300
3095
2987
2982
2947
2855
2713
2757
2806
2750
2519
2304
2105
1998
1842
1656
1502
1383
1431
1771
1904
2036
2025
2020
2048
2030
1857
1486
857
255
37
349
1271
2409
3922
5374
6518
7094
6834
6009
5044
3857
2527
1305
295
-131
-213
36
864
2108
3586
4911
5831
6239
6082
5479
4546
3408
2166
815
-194
-889
-986
-432
493
1632
2847
3790
4482
4936
4836
4448
3683
2672
1702
791
22
-331
-395
-160
138
1032
2149
2972
3414
3655
3799
3583
3142
2521
1784
1114
463
-160
-300
-121
118
448
928
1427
1827
2048
2089
1999
1847
1514
1240
935
747
578
658
855
1048
1350
1726
1916
2138
2284
2292
2146
1945
1737
1465
1100
1057
1377
1403
1437
1651
1875
2126
2324
2568
2742
2779
2602
2488
2294
1842
1246
420
-423
-1219
-1940
-2357
-2590
-2462
-1982
-1390
-679
199
1091
1823
2280
2419
2147
1672
1051
303
-417
-1123
-1661
-1675
-1303
-683
76
842
1567
2171
2680
3081
3056
2578
1999
1401
587
79
-404
-791
-807
-522
-192
267
885
1525
1958
1862
1821
1927
1693
1351
980
688
652
581
410
439
547
626
897
1203
1351
1393
1304
1334
1315
1235
1075
813
770
669
525
436
426
406
371
321
214
98
-40
-182
-233
-550
-840
-858
-872
-927
-970
-896
-755
-754
-764
-693
-677
-856
-1161
-1603
-2113
-2623
-2784
-2252
-1122
336
1944
3273
3945
3915
3287
2293
1080
-450
-1897
-2996
-3735
-4209
-4077
-3241
-2022
-460
1122
2119
2457
2617
2325
1345
280
-1086
-2674
-3873
-4446
-4674
-4396
-3667
-2686
-1482
-425
405
1086
1393
1211
418
-383
-1343
-2482
-3500
-4010
-4048
-3905
-3473
-2683
-1613
-662
-1
454
709
637
441
-19
-846
-1810
-2610
-3112
-3317
-3263
-2943
-2301
-1713
-1275
-1044
-737
-364
-134
-353
-769
-1188
-1497
-1669
-1858
-2005
-1923
-1608
-1203
-731
-333
-14
144
123
40
-161
-246
-550
-871
-926
-979
-994
-677
-239
-43
106
357
686
938
894
768
708
448
180
-420
-1370
-2310
-3201
-3942
-4459
-4722
-4660
-4249
-3744
-3024
-2014
-920
-93
478
773
574
171
-322
-854
-1229
-2002
-2582
-2762
-2683
-2159
-1431
-516
332
1135
1957
2428
2336
2057
1742
1205
430
-404
-1042
-1327
-1284
-762
-349
16
446
986
1450
1760
2011
2096
1855
1465
1196
968
685
414
408
458
635
850
1164
1533
1820
2053
2083
1901
1819
1642
1563
1460
1295
1214
1267
1307
1207
1186
1232
1195
1144
972
875
725
436
222
128
81
182
185
-59
-153
17
277
454
308
246
415
486
226
-35
9
350
1124
