-5669
-5284
-4985
-4856
-4875
-4890
-4945
-5058
-5156
-5377
-5469
-5513
-5554
-5622
-5632
-5506
-5243
-5131
-5008
-4896
-4594
-4549
-4637
-4525
-4607
-4977
-5535
-6390
-7147
-7919
-8772
-9320
-9666
-9540
-9196
-8773
-8090
-7204
-6093
-5182
-4522
-4247
-4318
-4776
-5463
-6293
-6980
-7548
-7895
-7863
-7519
-6959
-6274
-5219
-4114
-3300
-2706
-2339
-2324
-2467
-2880
-3487
-4071
-4665
-5180
-5340
-5223
-5111
-4667
-4052
-3459
-3053
-2800
-2628
-2677
-3147
-3876
-4683
-5189
-5564
-5906
-5777
-4874
-3669
-2524
-1634
-1320
-1882
-3285
-4907
-6751
-8675
-10546
-11917
-12605
-12389
-11589
-10220
-8591
-7027
-5864
-5287
-5537
-6572
-8056
-9851
-11641
-12968
-13662
-13715
-12996
-11314
-8839
-6297
-3904
-1754
-134
693
701
-83
-1183
-2421
-3966
-5599
-6686
-6624
-5458
-3129
-75
2915
5375
7101
7753
7385
6144
4110
1461
-1403
-4125
-6489
-7851
-8396
-7793
-6095
-3932
-1640
336
1650
2099
1553
271
-1548
-3716
-6286
-8790
-10683
-11801
-11840
-10958
-9507
-7671
-5867
-4509
-3594
-3250
-3592
-4562
-6341
-8429
-10335
-11893
-12951
-13655
-13770
-13541
-12637
-11222
-9584
-8103
-6909
-6292
-6302
-6714
-7450
-8495
-9843
-11263
-12214
-12831
-13024
-12931
-12619
-11597
-10405
-9307
-8183
-7103
-6322
-5905
-5650
-5528
-5756
-5822
-5530
-5249
-4835
-4392
-3883
-3211
-2699
-2195
-1798
-1553
-1452
-1497
-1716
-1896
-2099
-2253
-2258
-2411
-2349
-2168
-2010
-1806
-1727
-1860
-2074
-2236
-2177
-2189
-2545
-2989
-3536
-3967
-4419
-5090
-5785
-6259
-6432
-6507
-6532
-6322
-5941
-5391
-4686
-4058
-3489
-3139
-3003
-3124
-3681
-4584
-5596
-6523
-7284
-7899
-8269
-8614
-8542
-7923
-7196
-6513
-5798
-5035
-4487
-4511
-4772
-5141
-5485
-5795
-6105
-6474
-6621
-6545
-6043
-5323
-4262
-3199
-2372
-1513
-715
-68
248
296
395
649
729
431
-224
-1182
-2345
-3404
-4286
-4994
-5174
-4309
-2602
-732
995
2670
4018
4749
4723
3882
2454
538
-1446
-3062
-3979
-4185
-3586
-2133
-177
1871
3629
5059
6026
6161
5602
4433
2876
1202
-382
-1584
-2086
-1735
-431
1419
3334
5107
6575
7598
8097
8351
8439
8396
8409
8334
8093
7778
7335
6638
5845
4884
3788
2569
1503
609
-84
-603
-684
-25
1010
1970
2975
3785
4299
4415
4113
3551
2656
1423
20
-1136
-1856
-2267
-2601
-2613
-2214
-1597
-860
-236
22
16
-233
-773
-1517
-2410
-3340
-4152
-4786
-5137
-5313
-5283
-5130
-4930
-4779
-4581
-4290
-4350
-4752
-4948
-5009
-5224
-5464
-5603
-5752
-5509
-5258
-4992
-4650
-4334
-4320
-4506
-4565
-4491
-4506
-4835
-5144
-5422
-5375
-5131
-4852
-4480
-3966
-3398
-2859
-2125
-1470
-1227
-1296
-1495
-1675
-1875
-2091
-2460
-2974
-3240
-3435
-3558
-3541
-3274
-2998
-2540
-2122
-1797
-1701
-1694
-1646
-1716
-2046
-2641
-3703
-5011
-6289
-7604
-8570
-9511
-10204
-10504
-10356
-9766
-8817
-7780
-6517
-5563
-5131
-5028
-5183
-5707
-6561
-7575
-8529
-9531
-10293
-10692
-10828
-10577
-9715
-8938
-8252
-7376
-6599
-6127
-6164
-6394
-6666
-7349
-8054
-8561
-8882
-8971
-9175
-9106
-8601
-7873
-7056
-6283
-5688
-5322
-4897
-4405
-4206
-4131
-3962
-3711
-3547
-3231
-2988
-2822
-2446
-2117
-1803
-1506
-1368
-1263
-1250
-1159
-1231
-1398
-1591
-1746
-1899
-1875
-1862
-1810
-1667
-1683
-1627
-1554
-1542
-1655
-1982
-2375
-2614
-2944
-3138
-3030
-2933
-3117
-3107
-3038
-2952
-2764
-2695
-2582
-2416
-2424
-2746
-3415
-4201
-4692
-4915
-4395
-3322
-2183
-1056
-103
450
325
-489
-1724
-3238
-4745
-6115
-7300
-8270
-8757
-8494
-7534
-6232
-4626
-3231
-2289
-1808
-1972
-2673
-3644
-4996
-6616
-8122
-9420
-10011
-9845
-9192
-8126
-7013
-5596
-4253
-3408
-3118
-3248
-3598
-4211
-5340
-6424
-7502
-8454
-8948
-9015
-8774
-8203
-7297
-6161
-5114
-4291
-3734
-3557
-3585
-3967
-4515
-5263
-5986
-6671
-7163
-7308
-7136
-6929
-6518
-5983
-5465
-4928
-4728
-4757
-4775
-4977
-5376
-5878
-6360
-6609
-6738
-6859
-6630
-6239
-5962
-5927
-5819
-5737
-5846
-5851
-5772
-5861
-6198
-6617
-6945
-7174
-7175
-7030
-6641
-6229
-5980
-5679
-5574
-5557
-5275
-5105
-5090
-5252
-5496
-6154
-7131
-8010
-8822
-9553
-10298
-10983
-11339
-11138
-10649
-10135
-9327
-8248
-7343
-6569
-5999
-5702
-5880
-6231
-6986
-7796
-8516
-9285
-9826
-10002
-9630
-9019
-8195
-7125
-6129
-5200
-4390
-3784
-3666
-3876
-4188
-4653
-5148
-5557
-5894
-6092
-6089
-5822
-5285
-4620
-3883
-3105
-2304
-1778
-1404
-1195
-1077
-1049
-1163
-1256
-1438
-1522
-1442
-1169
-804
-285
65
329
545
816
1066
1115
1172
1298
1271
1179
990
1015
979
762
668
622
714
654
596
511
388
164
-136
-232
-315
-369
-491
-515
-363
-127
84
137
165
309
225
162
-44
-480
-1010
-1487
-1706
-1421
-466
1025
2562
3896
4792
4996
4425
3621
2465
1095
-446
-1728
-2619
-3068
-2991
-2350
-1283
56
1557
2595
3057
3101
2642
1808
721
-620
-1860
-3008
-3838
-4081
-3719
-2926
-1983
-873
362
1377
1936
1900
1544
977
-142
-1304
-2240
-3037
-3915
-4343
-4118
-3333
-2528
-1716
-914
-213
223
241
1
-339
-859
-1769
-2713
-3521
-3937
-4170
-4216
-4061
-3594
-2977
-2472
-2053
-1763
-1578
-1485
-1735
-2135
-2699
-3123
-3537
-3792
-3983
-3876
-3679
-3405
-2982
-2588
-2330
-2344
-2345
-2256
-2283
-2561
-3045
-3406
-3484
-3513
-3552
-3360
-3114
-2931
-2735
-2583
-2451
-2286
-2205
-2059
-2067
-2228
-2684
-3326
-4081
-5047
-6148
-7099
-7808
-8116
-8091
-7694
-7152
-6531
-5781
-5002
-4247
-3615
-3261
-3101
-3469
-4155
-4928
-5884
-6825
-7439
-7848
-7670
-7103
-6370
-5673
-4845
-3908
-3238
-2813
-2671
-2646
-2895
-3294
-3634
-4093
-4682
-5022
-5176
-4933
-4657
-4226
-3452
-2701
-2026
-1572
-1198
-912
-768
-959
-1155
-1282
-1391
-1469
-1566
-1515
-1305
-801
-258
-1
366
782
1055
1135
1258
1230
1103
990
900
905
859
669
581
651
696
834
855
693
508
298
83
-228
-462
-466
-484
-592
-598
-633
-469
-205
-119
-101
-177
-330
-587
-1123
-1807
-2403
-2631
-2343
-1441
-245
1103
2352
3427
3882
3687
2895
1666
366
-1219
-2745
-3719
-4403
-4509
-3977
-3171
-1887
-460
645
1373
1553
1408
659
-389
-1601
-3027
-4420
-5498
-6187
-5977
-5143
-4183
-3071
-1942
-1097
-384
-132
-275
-814
-1696
-2714
-3829
-4836
-5656
-6083
-5977
-5418
-4824
-3995
-3024
-2284
-1771
-1575
-1597
-1811
-2348
-3118
-4014
-4716
-5332
-5869
-6254
-6076
-5540
-4950
-4360
-3939
-3478
-3397
-3500
-3576
-3812
-4170
-4557
-4936
-5261
-5545
-5505
-5232
-4975
-4641
-4324
-4146
-4081
-3968
-3914
-4190
-4520
-4686
-4886
-5067
-5311
-5436
-5306
-4931
-4543
-4363
-4272
-4194
-4103
-3878
-3721
-3872
-4219
-4668
-5209
-6057
-6724
-7393
-8247
-9134
-9658
-9738
-9531
-9139
-8519
-7623
-6806
-6073
-5384
-4898
-4775
-4922
-5448
-6315
-7149
-8021
-8692
-8981
-8990
-8910
-8449
-7519
-6380
-5119
-4246
-3840
-3548
-3434
-3591
-3938
-4416
-4980
-5382
-5563
-5721
-5677
-5289
-4755
-4035
-3435
-2791
-2162
-1589
-1273
-1153
-1263
-1412
-1372
-1374
-1478
-1607
-1519
-1179
-682
-262
52
377
581
882
1110
1136
988
1007
1082
967
757
709
720
845
913
940
1029
1034
854
791
563
438
209
-85
-46
-36
-82
-123
-97
42
151
92
124
250
215
199
-11
-678
-1533
-2215
-2322
-1656
-704
647
2090
3296
3921
3789
3336
2582
1333
28
-1210
-2270
-3057
-3287
-2933
-2127
-945
421
1714
2555
2769
2656
2153
1160
38
-1293
-2734
-3819
-4123
-3973
-3548
-2782
-1721
-476
520
1153
1504
1393
1025
325
-642
-1684
-2592
-3390
-3772
-3632
-3179
-2645
-1891
-968
-155
490
838
876
596
89
-519
-1269
-2098
-2829
-3348
-3462
-3319
-2992
-2596
-2193
-1570
-1063
-814
-825
-1014
-1323
-1780
-2176
-2641
-3073
-3284
-3250
-3211
-3003
-2669
-2344
-2084
-1887
-1816
-1947
-2096
-2265
-2442
-2806
-3089
-3099
-3081
-3139
-3076
-2842
-2667
-2524
-2329
-2175
-2109
-2006
-1933
-2067
-2384
-2907
-3627
-4492
-5329
-6055
-6856
-7537
-7866
-7757
-7481
-7008
-6217
-5079
-4136
-3525
-3001
-2855
-2971
-3161
-3683
-4611
-5396
-6146
-6740
-6915
-6676
-6131
-5431
-4489
-3657
-2783
-1973
-1537
-1402
-1440
-1793
-2375
-3058
-3536
-3864
-3999
-3829
-3402
-2796
-2280
-1664
-909
-253
311
651
702
683
680
579
466
315
129
39
312
650
1010
1356
1636
1914
2163
2400
2486
2601
2589
2348
2266
2185
2006
1951
1888
1738
1705
1746
1874
1968
1929
1842
1641
1288
1161
1186
1020
721
611
647
761
906
1079
1138
1127
1065
967
874
427
-217
-635
-460
128
1057
2388
3825
5087
5791
5901
5199
4048
2723
1208
-529
-1975
-2860
-3208
-3138
-2311
-906
714
2085
3200
3940
4114
3504
2346
1155
-189
-1593
-2857
-3786
-4181
-4051
-3314
-2085
-882
110
948
1429
1455
1246
637
-292
-1329
-2297
-3312
-4055
-4360
-4296
-3931
-3288
-2247
-1347
-557
-124
28
-38
-388
-1056
-1839
-2531
-3315
-3879
-4336
-4391
-4297
-4043
-3430
-2846
-2510
-2342
-2030
-1981
-2314
-2765
-3124
-3437
-3778
-3974
-3976
-4007
-3802
-3461
-2860
-2287
-2053
-1993
-1944
-2117
-2473
-2842
-2956
-2951
-3061
-3070
-2933
-2880
-2701
-2441
-2268
-2108
-2212
-2149
-1951
-1924
-1996
-2128
-2561
-3168
-3967
-4849
-5820
-6706
-7364
-7735
-7727
-7520
-7060
-6265
-5268
-4344
-3476
-2725
-2563
-2756
-3097
-3795
-4556
-5393
-6238
-7028
-7356
-7243
-6779
-6142
-5298
-4290
-3413
-2788
-2338
-1946
-1828
-2177
-2636
-3185
-3767
-4311
-4665
-4810
-4560
-4112
-3454
-2854
-2209
-1539
-990
-593
-407
-298
-320
-453
-581
-811
-925
-779
-598
-476
-123
397
800
971
1058
1219
1419
1636
1811
1837
1743
1665
1583
1593
1598
1394
1308
1425
1447
1342
1270
1202
1176
920
633
335
134
-78
-35
137
396
633
712
749
912
896
832
668
84
-568
-1209
-1575
-1320
-699
368
1739
3164
3947
4171
3912
3316
2388
1030
-353
-1551
-2649
-3266
-3397
-2841
-1689
-263
1063
2215
3018
3098
2825
2213
1078
-352
-1793
-3009
-3965
-4316
-4004
-3420
-2512
-1352
-341
643
1420
1653
1483
1244
544
-656
-1764
-2647
-3367
-3770
-3778
-3318
-2521
-1734
-966
-163
462
756
811
514
52
-604
-1443
-2369
-3165
-3459
-3478
-3312
-2887
-2333
-1787
-1429
-912
-613
-584
-615
-879
-1590
-2278
-2546
-2651
-2804
-2786
-2566
-2437
-2139
-1526
-1251
-1235
-1138
-1188
-1457
-1823
-2174
-2438
-2449
-2564
-2612
-2493
-2455
-2114
-1678
-1540
-1588
-1611
-1472
-1327
-1334
-1457
-1790
-2440
-3037
-3717
-4745
-5795
-6592
-7018
-7051
-6736
-6217
-5622
-4976
-4117
-3193
-2565
-2138
-2014
-2166
-2613
-3447
-4300
-5093
-5726
-6094
-6094
-5691
-4943
-4146
-3265
-2415
-1704
-1119
-842
-579
-733
-972
-1354
-1816
-2296
-2762
-2837
-2605
-2290
-1904
-1154
-309
446
920
1313
1646
1726
1725
1503
1500
1540
1475
1435
1515
1786
2139
2530
2676
2969
3200
3499
3817
3967
3979
3990
3728
3596
3651
3686
3657
3499
3289
3296
3279
3280
3126
3065
3083
2986
2760
2507
2414
2368
2357
2209
2092
2366
2621
2725
2574
2618
2553
2258
2055
1479
766
366
489
1301
2478
3773
5015
5969
6502
6404
5953
5117
3809
2435
1159
-41
-803
-1140
-793
35
1266
2651
3936
4839
5106
4835
4254
3310
2098
894
-425
-1481
-2083
-2086
-1525
-641
364
1341
2222
2972
3459
3499
3035
2307
1237
69
-905
-1635
-1995
-2172
-2015
-1544
-677
257
1126
1806
2082
2240
1899
1309
626
-200
-825
-1341
-1787
-2191
-2467
-2242
-1701
-1211
-787
-409
-311
-291
-194
-252
-687
-1256
-1724
-2011
-2209
-2126
-2096
-1918
-1476
-1167
-1028
-870
-709
-692
-922
-1112
-1204
-1381
-1754
-1923
-2030
-2095
-1941
-1555
-1063
-832
-813
-888
-645
-401
-341
-477
-887
-1362
-2231
-3128
-3846
-4776
-5574
-6184
-6513
-6470
-6275
-5705
-4801
-3815
-2825
-2072
-1691
-1593
-1847
-2216
-2702
-3535
-4336
-5072
-5576
-5817
-5777
-5312
-4431
-3527
-2624
-1835
-1128
-664
-615
-732
-1081
-1535
-2024
-2488
-2986
-3150
-2952
-2760
-2547
-1995
-1238
-512
136
555
765
999
1213
1229
939
725
590
477
672
1048
1300
1447
1863
2274
2336
2411
2623
2763
2800
2646
2511
2537
2523
2465
2359
2385
2578
2700
2615
2493
2416
2312
1963
1770
1867
1829
1587
1443
1242
1314
1390
1567
1733
1607
1579
1732
1794
1705
1403
891
317
-258
-522
-44
952
2203
3573
4927
5672
5896
5272
4198
3257
2092
704
-764
-1762
-2295
-2130
-1378
-172
1258
2515
3403
3930
3938
3559
2703
1433
212
-1007
-2222
-3065
-3367
-3171
-2489
-1404
37
1308
1871
2257
2443
2155
1484
555
-511
-1376
-2226
-2828
-3063
-2977
-2534
-1824
-996
-204
539
1083
1260
1209
804
184
-651
-1523
-2140
-2621
-3005
-3014
-2756
-2324
-1766
-1212
-945
-643
-426
-414
-679
-1186
-1471
-1651
-2003
-2409
-2554
-2674
-2471
-1913
-1446
-1013
-815
-598
-433
-517
-752
-1138
-1463
-1657
-1636
-1721
-1941
-2047
-1876
-1517
-1287
-1179
-981
-709
-589
-547
-557
-878
-1415
-1915
-2572
-3499
-4367
-5138
-5733
-6219
-6426
-6317
-5828
-5026
-3954
-3006
-2418
-1989
-1690
-1614
-1882
-2396
-2936
-3526
-4394
-5071
-5468
-5549
-5241
-4501
-3528
-2634
-1977
-1249
-399
8
-88
-460
-938
-1378
-1810
-2080
-2252
-2280
-2113
-1930
-1504
-779
161
966
1391
1596
1830
1998
2047
1850
1731
1744
1772
1838
1918
2180
2476
2819
3161
3381
3559
3765
4067
4146
4049
3963
3891
3816
3729
3680
3650
3612
3646
3635
3660
3620
3515
3250
3243
3253
3044
2749
2533
2613
2891
2989
2985
2965
2923
2861
2886
2977
3135
3082
2659
1965
1222
910
1143
1962
3134
4458
5681
6630
7102
6998
6257
5041
3579
2271
1268
367
-581
-887
-229
921
2158
3387
4486
5179
5348
5084
4609
3749
2526
1169
-72
-1149
-1736
-1466
-727
240
1128
2060
2977
3555
3708
3727
3495
2803
1751
548
-633
-1465
-1838
-1637
-1171
-549
226
1145
1954
2314
2570
2552
2152
1681
996
194
-494
-1004
-1352
-1394
-1330
-1066
-617
-78
430
607
787
712
503
329
-23
-427
-858
-1234
-1319
-1176
-945
-713
-373
-112
156
381
302
333
181
-181
-486
-676
-703
-744
-856
-817
-648
-473
-260
16
119
235
438
579
435
286
81
-361
-1183
-2040
-2929
-3777
-4441
-5050
-5317
-5115
-4734
-4153
-3468
-2734
-1885
-1064
-574
-494
-716
-1171
-1904
-2677
-3578
-4281
-4678
-4610
-4323
-3784
-3007
-2139
-1248
-619
-61
452
666
312
-111
-515
-946
-1270
-1480
-1647
-1632
-1303
-730
-126
485
847
1283
1753
1874
1817
1527
1271
1021
842
727
857
1224
1800
2378
2667
2604
2257
1857
1360
802
438
321
199
324
946
1826
2553
3160
3821
3993
3826
3251
2486
1625
826
175
-203
-148
490
1565
2940
4250
5360
6257
6728
6762
6315
5596
4826
4093
3365
2660
2221
2073
2525
3668
5166
6909
8418
9573
10211
10034
9143
7662
5952
4273
2605
1394
666
425
598
1415
2534
3793
4968
5693
5840
5724
5185
4096
2616
1215
-144
-1242
-1974
-2133
-1747
-1150
-207
710
1543
2204
2701
2855
2628
2015
1015
-139
-1349
-2323
-3161
-3474
-3393
-2883
-2165
-1447
-786
-43
577
910
944
562
167
-446
-1343
-1949
-2307
-2561
-2674
-2532
-1994
-1264
-643
23
604
893
977
874
667
334
140
-5
-170
-97
-11
227
699
1129
1529
1753
1978
2086
1827
1627
1512
1198
841
516
467
556
683
890
950
898
873
933
1057
1178
1120
963
782
474
178
-486
-1312
-2200
-3125
-3956
-4566
-4951
-5046
-4913
-4428
-3755
-2917
-2185
-1509
-1008
-967
-1233
-1769
-2402
-3000
-3809
-4486
-5095
-5451
-5452
-5002
-4254
-3527
-2635
-1707
-1062
-789
-868
-1187
-1708
-2171
-2704
-3421
-3865
-4139
-4027
-3730
-3257
-2643
-2143
-1589
-1128
-669
-264
-183
-132
-130
-403
-964
-1548
-2025
-2203
-2108
-1945
-1505
-757
88
815
1388
1624
1440
1141
682
104
-523
-1045
-1304
-1380
-1342
-1085
-669
18
667
1001
1114
992
645
17
-818
-1675
-2489
-3102
-3342
-3277
-2823
-2162
-1646
-1364
-1200
-932
-921
-1447
-2620
-4075
-5108
-5667
-5591
-4883
-3384
-1584
2
1201
1580
1470
719
-769
-2494
-4403
-6088
-7366
-8254
-8325
-7484
-6045
-4260
-2514
-1082
-301
183
144
-478
-1647
-3178
-4839
-6050
-6772
-7226
-6977
-6059
-4698
-3256
-2011
-967
-208
244
95
-482
-1303
-2200
-3006
-3918
-4646
-4840
-4652
-4202
-3452
-2282
-1076
-128
488
918
1070
915
407
-402
-1247
-1927
-2507
-2801
-2801
-2562
-2127
-1589
-875
-216
229
411
332
161
-68
-499
-1022
-1434
-1732
-1725
-1599
-1304
-948
-684
-318
-44
93
83
24
-118
-304
-511
-747
-800
-901
-1016
-907
-568
-285
-117
2
252
479
834
1035
1022
947
748
265
-450
-1471
-2250
-2771
-3131
-3441
-3592
-3253
-2467
-1485
-668
76
1002
1533
1812
2027
1788
1305
745
152
-485
-881
-971
-839
-292
443
1123
1946
2907
3581
4070
4329
4204
3813
3358
2751
2165
1770
1447
1462
1543
1810
2320
2839
3426
3928
4279
4412
4312
4039
3766
3552
3232
2881
2628
2583
2883
3084
3132
3153
3305
3478
3596
3681
3670
3675
3631
3535
3443
3303
3091
2849
2823
2971
3110
3244
3142
2961
2746
2580
2498
2305
2201
2013
1760
1692
1730
1707
1757
1849
1943
2068
2210
2246
2124
1900
1428
707
-111
-685
-795
-334
471
1608
2990
4087
4568
4503
3989
3329
2597
1618
655
-89
-454
-273
455
1506
2591
3657
4405
4907
5081
4755
3827
3079
2289
1156
206
-388
-632
-397
135
1110
2407
3455
4154
4805
5050
4931
4385
3573
2622
1677
926
439
246
399
947
1759
2646
3300
3951
4399
4526
4382
3975
3472
2883
2318
1703
1190
753
643
883
1279
1816
2481
2929
3179
3350
3315
3084
2763
2309
1784
1320
915
645
516
632
874
1074
1319
1386
1505
1530
1510
1569
1400
1173
994
891
805
628
625
680
953
1281
1267
1385
1590
1796
2003
2090
2022
1623
1055
434
-400
-1302
-2034
-2655
-3054
-3322
-3341
-2976
-2447
-1573
-566
302
1109
1469
1474
1347
779
55
-605
-1139
-1530
-1740
-1653
-1390
-1016
-337
625
1388
2131
2637
2869
2928
2797
2205
1483
947
428
25
-141
-84
43
354
954
1591
2013
2305
2554
2710
2414
1934
1545
1274
954
608
560
503
474
651
979
1193
1331
1483
1492
1506
1403
1224
1140
909
656
520
344
164
58
9
139
279
285
68
-244
-420
-601
-877
-1217
-1377
-1371
-1374
-1318
-1302
-1248
-1182
-1025
-1005
-993
-890
-1073
-1419
-1816
-2058
-1883
-1327
-277
1169
2744
4153
5172
5369
4855
3752
2094
253
-1666
-3592
-5091
-5861
-5949
-5375
-4123
-2280
-333
1410
2737
3389
3434
2976
1886
363
-1512
-3274
-4710
-5658
-5938
-5529
-4661
-3384
-1989
-588
362
862
973
656
-130
-1214
-2641
-4016
-5030
-5754
-6099
-5925
-5299
-4426
-3460
-2303
-1323
-655
-451
-344
-745
-1545
-2354
-3070
-3702
-4324
-4701
-4894
-4793
-4373
-3890
-3466
-2985
-2696
-2463
-2382
-2363
-2502
-2793
-2991
-3073
-3154
-3148
-2910
-2623
-2089
-1487
-1098
-775
-439
-509
-762
-991
-1112
-1336
-1545
-1662
-1389
-971
-660
-304
-15
145
390
581
742
831
823
715
561
184
-469
-1368
-2159
-3036
-3719
-3992
-4129
-3936
-3556
-2933
-2179
-1270
-358
335
784
733
528
320
-73
-786
-1682
-2594
-3222
-3372
-3089
-2703
-2051
-1117
-247
595
1084
1216
1188
966
681
203
-344
-1023
-1810
-2355
-2539
-2265
-1851
-1321
-950
-524
64
434
606
588
452
199
-218
-551
-626
-642
-624
-550
-495
-335
0
377
700
909
1040
1070
1105
1154
1012
683
635
686
723
665
780
1084
1064
915
734
835
812
579
185
-44
50
131
34
-5
9
78
50
214
528
764
717
549
285
4
-531
-1156
-1423
-1337
