-5330
-5246
-4965
-4667
-4488
-4357
-4379
-4538
-4843
-4969
-5003
-5278
-5566
-5489
-5193
-4968
-4740
-4484
-4414
-4229
-3967
-4011
-3991
-4142
-4256
-4453
-5042
-5961
-6873
-7717
-8435
-8806
-8977
-9024
-8872
-8416
-7650
-6703
-5700
-4734
-4143
-4001
-4095
-4324
-4757
-5488
-6369
-7106
-7624
-7727
-7413
-6742
-5824
-4858
-3750
-2674
-2030
-1678
-1561
-1681
-2168
-3063
-3821
-4317
-4698
-4957
-5064
-4906
-4510
-3957
-3252
-2689
-2333
-2248
-2406
-2791
-3346
-4086
-4775
-5379
-5600
-5236
-4390
-3355
-2224
-1261
-871
-1464
-2683
-4300
-6263
-8263
-10128
-11532
-12235
-12137
-11161
-9612
-7856
-6245
-5189
-4670
-4839
-5872
-7309
-9060
-10964
-12530
-13258
-13149
-12334
-10751
-8321
-5630
-3321
-1323
166
952
957
336
-834
-2204
-3668
-5046
-5880
-6154
-5064
-2951
-253
2540
5109
7028
7844
7519
6281
4414
1959
-898
-3653
-5755
-7100
-7452
-6853
-5371
-3487
-1446
450
1712
2224
1825
700
-1003
-3138
-5568
-7930
-9663
-10771
-10907
-10129
-8572
-6830
-5253
-3976
-3341
-3248
-3531
-4410
-5799
-7409
-9140
-10846
-12204
-12943
-13031
-12669
-11809
-10557
-9051
-7620
-6518
-6006
-5772
-6113
-6958
-7945
-9161
-10373
-11458
-12185
-12479
-12133
-11571
-10791
-9686
-8354
-7253
-6340
-5724
-5356
-5086
-4927
-4943
-4959
-4791
-4582
-4196
-3795
-3266
-2630
-2065
-1525
-1108
-955
-834
-923
-1301
-1559
-1768
-1875
-1892
-1993
-2154
-2021
-1885
-1847
-1590
-1459
-1560
-1871
-2198
-2248
-2382
-2689
-3101
-3709
-4422
-4977
-5348
-5717
-6126
-6501
-6422
-6039
-5604
-4967
-4287
-3656
-3175
-2729
-2577
-2874
-3565
-4469
-5490
-6564
-7524
-8027
-8315
-8449
-8379
-7897
-7062
-6430
-5658
-4831
-4316
-4129
-4327
-4716
-5162
-5481
-5770
-5931
-6020
-6088
-5807
-4991
-4018
-3076
-2164
-1183
-395
253
663
1034
1239
1332
1182
763
6
-1067
-2018
-3161
-4274
-5167
-5242
-4100
-2278
-517
1328
3093
4239
4811
4728
3872
2462
573
-1270
-2910
-3928
-4160
-3610
-2132
100
2264
3969
5456
6295
6434
5924
4727
3186
1448
-62
-1068
-1593
-1282
-284
1239
3401
5595
7015
7645
7984
8249
8238
8131
8019
7994
7960
7625
7206
6703
6073
5200
4158
2973
1823
845
71
-292
-217
236
1126
2062
2948
3665
4309
4646
4630
4206
3189
1963
894
-173
-1083
-1749
-2178
-2239
-1984
-1553
-1064
-472
62
385
388
-47
-868
-1800
-2716
-3375
-4018
-4489
-4837
-5071
-4961
-4638
-4460
-4310
-4144
-3992
-4186
-4439
-4659
-4997
-5056
-5187
-5322
-5149
-4999
-4771
-4596
-4346
-4068
-3934
-3959
-4114
-4366
-4535
-4672
-4756
-4681
-4453
-4341
-4150
-3667
-2998
-2448
-2111
-1800
-1470
-1273
-1169
-1321
-1660
-2019
-2270
-2546
-2930
-3182
-3257
-3167
-2989
-2625
-2260
-1918
-1581
-1357
-1277
-1321
-1500
-1869
-2451
-3545
-4847
-6219
-7463
-8406
-9359
-10105
-10282
-10101
-9369
-8393
-7283
-6250
-5364
-4710
-4588
-4875
-5460
-6427
-7437
-8521
-9269
-9799
-10202
-10338
-10221
-9649
-8643
-7691
-6838
-6224
-5832
-5689
-5773
-6022
-6536
-7229
-7768
-8193
-8466
-8577
-8538
-8183
-7432
-6693
-6076
-5371
-4788
-4317
-3927
-3719
-3444
-3227
-3243
-3149
-2914
-2634
-2321
-1829
-1369
-1066
-916
-784
-722
-723
-544
-538
-783
-877
-1116
-1366
-1493
-1439
-1435
-1307
-1151
-1145
-1275
-1382
-1467
-1615
-1935
-2047
-2287
-2581
-2566
-2582
-2593
-2765
-2729
-2487
-2396
-2170
-1992
-1979
-2170
-2557
-3190
-3818
-4299
-4448
-3985
-3122
-1853
-670
381
943
803
71
-1195
-2747
-4422
-5833
-6939
-7961
-8246
-7843
-6965
-5707
-4246
-2958
-2011
-1436
-1555
-2167
-3263
-4668
-6250
-7708
-8750
-9434
-9436
-8911
-8025
-6923
-5743
-4381
-3193
-2571
-2621
-3109
-3772
-4673
-5658
-6964
-8056
-8642
-8854
-8756
-8063
-7012
-5810
-4888
-4129
-3451
-2993
-2886
-3253
-3884
-4647
-5391
-6040
-6480
-6706
-6765
-6655
-6345
-5862
-5347
-4986
-4655
-4683
-4683
-4791
-5301
-5828
-6221
-6266
-6372
-6526
-6419
-6199
-6001
-5680
-5595
-5524
-5418
-5382
-5477
-5650
-6095
-6471
-6743
-6864
-6858
-6645
-6568
-6396
-5995
-5707
-5500
-5190
-5187
-5094
-5050
-5133
-5282
-5781
-6424
-7272
-8231
-9361
-10281
-10801
-10988
-10914
-10543
-9833
-8979
-8083
-7173
-6408
-5822
-5422
-5355
-5920
-6927
-7807
-8670
-9394
-9741
-9822
-9680
-9066
-8164
-7012
-5931
-4946
-4190
-3702
-3503
-3627
-3869
-4354
-4949
-5457
-5759
-5862
-5787
-5463
-4918
-4289
-3546
-2728
-1938
-1419
-1131
-841
-655
-743
-814
-960
-1038
-1046
-927
-506
-242
-46
267
595
1085
1308
1309
1350
1463
1633
1678
1662
1717
1677
1617
1549
1601
1437
1378
1378
1322
1230
1022
695
269
60
-56
-261
-206
-102
-27
148
318
356
420
547
721
708
481
-114
-839
-1392
-1508
-875
239
1553
2837
4004
4848
5323
5037
4017
2818
1518
185
-1045
-2296
-2837
-2611
-1901
-863
376
1676
2850
3550
3716
3346
2533
1410
148
-1011
-2160
-2957
-3372
-3257
-2544
-1601
-477
602
1320
1794
1934
1817
1254
488
-663
-1923
-2942
-3595
-3848
-3564
-3161
-2618
-1994
-1093
-152
409
483
367
-12
-734
-1514
-2443
-3230
-3682
-3799
-3871
-3906
-3495
-3008
-2519
-2077
-1681
-1504
-1505
-1621
-1891
-2416
-2980
-3223
-3527
-3632
-3431
-3346
-3254
-3054
-2649
-2254
-2230
-2110
-2083
-2272
-2634
-2999
-3048
-2936
-3046
-3098
-3028
-2868
-2664
-2580
-2589
-2546
-2228
-1967
-1894
-1925
-2097
-2443
-3074
-3888
-4857
-5902
-6734
-7275
-7610
-7586
-7372
-7017
-6400
-5571
-4824
-3940
-3281
-3093
-3161
-3435
-4138
-4997
-6020
-6911
-7392
-7859
-7937
-7549
-6809
-5797
-4762
-3729
-2902
-2396
-2098
-2205
-2555
-3038
-3595
-4164
-4532
-4672
-4719
-4776
-4516
-3879
-3116
-2241
-1527
-973
-724
-636
-642
-707
-929
-1151
-1243
-1112
-1169
-1062
-740
-379
-94
204
634
1146
1427
1488
1437
1355
1299
1167
1149
1183
1251
1272
1129
1059
1176
1214
1218
1056
681
508
416
258
-10
-155
-130
-241
-304
-167
68
94
185
259
295
157
-19
-520
-1145
-1812
-2270
-2092
-1432
-224
1373
2807
3771
4149
3892
3128
2077
699
-805
-2187
-3432
-4256
-4364
-3747
-2663
-1372
-39
1195
1999
2334
2087
1237
215
-1016
-2451
-3773
-4860
-5370
-5392
-5058
-4116
-2956
-1940
-997
-206
282
210
-382
-1252
-2072
-3068
-4319
-5294
-5730
-5864
-5439
-4692
-3839
-2922
-2099
-1389
-1085
-1196
-1533
-2043
-2761
-3461
-4308
-5110
-5522
-5471
-5322
-5059
-4689
-4270
-3663
-3125
-3010
-3228
-3547
-3792
-4123
-4586
-4913
-4980
-5043
-5037
-4833
-4489
-4189
-3992
-3723
-3445
-3316
-3464
-3733
-4050
-4377
-4537
-4655
-4802
-4854
-4802
-4626
-4302
-3963
-3951
-3800
-3519
-3276
-3257
-3391
-3733
-4181
-4670
-5182
-5969
-7026
-7852
-8431
-9151
-9432
-9127
-8566
-7949
-7194
-6341
-5535
-4988
-4653
-4517
-4780
-5148
-5728
-6594
-7423
-8171
-8644
-8739
-8401
-7696
-6823
-5916
-4951
-4279
-3912
-3574
-3253
-3275
-3574
-4149
-4573
-4968
-5396
-5664
-5552
-4879
-4416
-3892
-3125
-2379
-1669
-1027
-834
-992
-953
-922
-1022
-1120
-1138
-1085
-1071
-1036
-609
-145
86
355
780
1262
1435
1371
1399
1375
1383
1457
1507
1386
1256
1256
1289
1244
1192
1236
1251
1095
810
574
574
504
422
368
428
517
586
664
801
798
713
679
772
812
449
-418
-1276
-1775
-1861
-1525
-706
480
1843
3054
3737
3843
3437
2584
1646
362
-794
-1726
-2299
-2404
-2178
-1550
-458
770
1767
2382
2874
2934
2391
1575
556
-692
-2078
-3114
-3695
-3729
-3250
-2204
-1066
0
797
1527
2019
1978
1568
902
26
-991
-1907
-2681
-3255
-3257
-2762
-2084
-1270
-310
616
1223
1468
1487
1164
548
-112
-636
-1385
-2031
-2441
-2555
-2404
-2099
-1684
-1299
-949
-504
-164
-115
-259
-469
-851
-1547
-2040
-2273
-2531
-2709
-2682
-2383
-2069
-1821
-1615
-1556
-1451
-1370
-1382
-1643
-2063
-2292
-2262
-2282
-2592
-2838
-2704
-2542
-2255
-2045
-1901
-1683
-1571
-1579
-1776
-1884
-2048
-2506
-3036
-3723
-4694
-5626
-6389
-6921
-7111
-7110
-7019
-6661
-5799
-4645
-3747
-3140
-2581
-2280
-2436
-2930
-3736
-4531
-5181
-5715
-6201
-6463
-6301
-5606
-4891
-4073
-3095
-2299
-1594
-968
-556
-742
-1180
-1676
-2135
-2554
-2903
-3155
-3160
-2794
-2230
-1582
-1077
-574
180
795
1050
1242
1330
1064
915
865
681
512
464
748
1130
1497
1681
1758
2068
2351
2517
2635
2789
2700
2486
2357
2298
2141
1984
1899
1962
2115
2121
1963
1871
1825
1679
1443
1174
1082
1004
882
836
931
973
986
983
922
884
916
1012
1087
927
471
-216
-468
-274
443
1661
2975
4361
5406
6048
6021
5358
4237
2747
1029
-742
-2093
-2939
-3440
-3206
-2158
-785
742
2304
3443
4282
4522
4158
3433
2109
417
-1340
-2823
-3747
-4116
-3997
-3413
-2450
-1262
-200
746
1502
1703
1354
644
-240
-1261
-2391
-3456
-4238
-4468
-4320
-3998
-3449
-2487
-1479
-701
-200
111
136
-123
-841
-1659
-2393
-3184
-3721
-4165
-4534
-4551
-4159
-3690
-3077
-2678
-2427
-2187
-2082
-2270
-2404
-2691
-3151
-3463
-3585
-3691
-3674
-3440
-3068
-2617
-2282
-1937
-1700
-1714
-1910
-2142
-2312
-2374
-2591
-2823
-2746
-2745
-2876
-2531
-2125
-1784
-1461
-1346
-1333
-1322
-1284
-1268
-1418
-1937
-2427
-3217
-4251
-5188
-6052
-6688
-7194
-7182
-6863
-6394
-5649
-4749
-3952
-3056
-2400
-2066
-2057
-2544
-3377
-4243
-5199
-5791
-6168
-6605
-6746
-6450
-5747
-4717
-3654
-2864
-2188
-1684
-1465
-1577
-1833
-2272
-2767
-3367
-3822
-4007
-3961
-3777
-3479
-3131
-2489
-1810
-1069
-480
-144
-82
12
72
-27
-130
-188
-234
-190
-122
190
564
862
1309
1645
1853
2049
2326
2463
2460
2394
2174
2068
1954
1952
2150
2180
2148
2210
2221
2121
2162
2111
1962
1812
1429
1119
1181
1188
1221
1284
1337
1572
1816
1793
1508
1428
1471
1471
1067
299
-429
-884
-992
-253
781
1881
3094
4099
4467
4309
3640
2657
1454
312
-1008
-2166
-2726
-2701
-2083
-1045
294
1731
2945
3703
3962
3723
2968
1997
704
-775
-2147
-3082
-3478
-3476
-2939
-2018
-1032
220
1278
1959
2253
2200
1868
1128
55
-1077
-2003
-2482
-2754
-2863
-2572
-2037
-1405
-488
370
1045
1370
1363
1149
725
60
-570
-1142
-1804
-2257
-2462
-2361
-2040
-1576
-1168
-640
-242
-20
118
38
-166
-581
-986
-1342
-1530
-1738
-1843
-1814
-1650
-1303
-1038
-914
-782
-772
-997
-1224
-1414
-1501
-1671
-1918
-2094
-2121
-2130
-2055
-1891
-1811
-1760
-1591
-1373
-1079
-810
-807
-1167
-1678
-2318
-2978
-3753
-4731
-5516
-6326
-6825
-7031
-7049
-6648
-5978
-5121
-4328
-3550
-2818
-2336
-2213
-2341
-2813
-3591
-4387
-5089
-5674
-5968
-5960
-5784
-5226
-4167
-3273
-2451
-1703
-1063
-464
-381
-604
-1048
-1496
-2033
-2450
-2665
-2766
-2715
-2423
-1895
-1139
-421
164
782
1231
1588
1881
1899
1908
1786
1615
1512
1479
1598
1731
1926
2222
2579
2855
3130
3344
3545
3811
3866
3738
3696
3754
3504
3259
3194
3272
3313
3273
3211
3128
3068
2982
2792
2635
2598
2518
2260
1989
1863
2004
2207
2446
2502
2446
2411
2340
2341
2241
1979
1416
698
192
301
764
1793
3328
4948
6043
6504
6343
5822
4842
3541
2180
767
-337
-1168
-1384
-1061
-218
998
2435
3549
4305
4854
4911
4419
3481
2380
1129
-231
-1336
-2116
-2237
-1837
-988
35
992
1937
2626
3055
2999
2746
2010
1029
65
-941
-1818
-2417
-2444
-2116
-1648
-942
-49
712
1350
1768
1909
1742
1266
720
-15
-876
-1589
-2145
-2397
-2367
-2048
-1616
-1121
-693
-447
-192
-79
-288
-534
-796
-1228
-1799
-2105
-2241
-2361
-2403
-2345
-1915
-1455
-1146
-982
-933
-786
-803
-1118
-1514
-1720
-1997
-2236
-2251
-2116
-1916
-1763
-1524
-1249
-1090
-1092
-1049
-910
-804
-809
-968
-1454
-2130
-3023
-3986
-4863
-5648
-6166
-6348
-6328
-6084
-5693
-5124
-4224
-3211
-2573
-2103
-1778
-1791
-2274
-2997
-3844
-4758
-5560
-5962
-6023
-5764
-5115
-4255
-3460
-2739
-1898
-1137
-839
-778
-982
-1257
-1564
-2234
-2861
-3183
-3140
-3170
-2929
-2449
-1957
-1381
-753
2
545
835
996
1076
890
555
332
323
361
405
717
918
975
1267
1755
2264
2532
2704
2767
2725
2586
2536
2623
2615
2479
2376
2404
2508
2589
2763
2942
2795
2455
2213
2007
1892
1820
1540
1428
1426
1284
1369
1475
1498
1679
1775
1857
1786
1711
1490
977
434
-32
-298
-46
926
2306
3719
4931
5572
5681
5512
4817
3669
2374
876
-365
-1270
-1834
-1817
-1448
-361
1085
2279
3344
4062
4220
3841
3032
1991
869
-431
-1605
-2436
-2893
-2745
-2067
-971
263
1140
1699
2098
2358
2293
1762
1002
105
-875
-1841
-2607
-2979
-2793
-2278
-1531
-653
265
1130
1590
1581
1468
1112
351
-329
-993
-1555
-2131
-2554
-2665
-2506
-2265
-1841
-1080
-353
-165
-162
-190
-247
-504
-890
-1320
-1730
-2047
-2182
-2080
-1832
-1477
-1085
-846
-594
-474
-449
-530
-626
-857
-1219
-1434
-1529
-1715
-1708
-1386
-1164
-1102
-1020
-713
-436
-300
-116
-201
-278
-521
-915
-1422
-2141
-2993
-4001
-4939
-5585
-5916
-6014
-5780
-5234
-4526
-3821
-2910
-2045
-1339
-1017
-1050
-1640
-2310
-2804
-3624
-4625
-5377
-5502
-5211
-4807
-4114
-3191
-2286
-1374
-520
99
272
127
-190
-635
-1129
-1485
-1779
-2106
-2203
-2000
-1595
-1194
-730
17
814
1309
1645
1916
1931
1801
1659
1746
1710
1606
1639
1802
2094
2453
2657
2823
3113
3360
3602
3838
3948
3802
3715
3732
3582
3264
3219
3353
3553
3524
3383
3197
3050
2975
2799
2679
2605
2457
2146
1933
1993
2026
2121
2220
2358
2350
2298
2275
2324
2321
2016
1662
997
462
161
293
1163
2407
3717
5107
5994
6357
6200
5527
4472
3159
1658
237
-830
-1510
-1555
-1021
-6
1314
2494
3755
4725
4986
4737
4036
2992
1703
324
-873
-1827
-2251
-2046
-1540
-726
218
1144
2033
2785
3237
3158
2701
1858
791
-334
-1253
-1884
-2137
-2144
-1769
-1057
-166
522
953
1408
1865
2008
1742
1253
670
121
-701
-1480
-1819
-1857
-1658
-1428
-1147
-649
-12
377
593
635
544
292
-284
-936
-1229
-1461
-1544
-1360
-1179
-934
-631
-256
187
251
215
63
-61
-181
-435
-458
-484
-768
-971
-842
-656
-384
-61
157
158
230
419
680
631
503
298
-508
-1367
-2105
-3044
-3882
-4611
-5152
-5261
-5074
-4725
-4076
-3230
-2397
-1561
-883
-364
-306
-544
-987
-1665
-2551
-3445
-4086
-4402
-4521
-4260
-3695
-2886
-1959
-1086
-280
268
657
777
587
341
-184
-641
-997
-1193
-1413
-1473
-1133
-509
58
499
1181
1779
2121
2282
2250
2058
1893
1678
1353
1235
1276
1520
2082
2596
2929
3069
2985
2620
1881
1160
740
440
339
536
1017
1751
2708
3572
3965
4097
3945
3534
2875
2025
1216
483
121
213
721
1660
2997
4533
5793
6624
6988
7035
6605
5892
5037
4204
3499
2835
2388
2286
2636
3614
5220
6979
8634
9745
10298
10183
9506
8135
6477
4774
3206
1780
820
422
681
1519
2716
3967
5136
5947
6136
5955
5370
4342
3132
1825
633
-476
-1381
-1730
-1447
-736
29
871
1811
2422
2794
2775
2397
1801
973
49
-1093
-2121
-2742
-3041
-3197
-2975
-2410
-1613
-765
-18
454
816
871
784
353
-496
-1298
-1861
-2015
-2173
-2444
-2330
-1892
-1291
-677
-208
325
896
1090
900
632
291
135
186
138
158
331
514
893
1476
1840
1909
2047
2267
2166
1859
1637
1379
1020
901
833
816
842
920
1158
1390
1543
1449
1403
1476
1634
1552
1229
991
512
-180
-876
-1761
-2767
-3631
-4315
-4636
-4801
-4585
-4029
-3350
-2715
-2017
-1430
-1040
-799
-827
-1189
-1926
-2955
-4034
-4847
-5248
-5295
-5269
-4884
-4190
-3523
-2704
-1926
-1364
-917
-980
-1312
-1619
-2085
-2577
-3257
-3904
-4254
-4263
-4027
-3643
-2980
-2232
-1538
-857
-313
2
186
211
-142
-488
-945
-1458
-1869
-2212
-2357
-2132
-1645
-1021
-179
670
1254
1741
1704
1290
783
205
-399
-1055
-1512
-1548
-1447
-1115
-636
-50
500
913
875
617
418
95
-499
-1424
-2378
-2936
-3094
-3042
-3013
-2762
-2191
-1509
-1010
-899
-1170
-1839
-2836
-3983
-5078
-6007
-6117
-5247
-3749
-1941
-295
966
1545
1326
507
-680
-2270
-4156
-5937
-7333
-8247
-8238
-7535
-6369
-4585
-2707
-1259
-236
309
175
-563
-1745
-3049
-4489
-6023
-7278
-7464
-7000
-6172
-4966
-3471
-2183
-1151
-391
128
195
-418
-1360
-2265
-3131
-4129
-4830
-5068
-4998
-4331
-3424
-2359
-1191
-184
349
580
666
559
192
-417
-1124
-1791
-2338
-2787
-2699
-2353
-2027
-1526
-853
-442
-118
278
413
226
-146
-523
-898
-1317
-1721
-1848
-1727
-1548
-1239
-747
-555
-453
-208
-36
-13
-122
-386
-767
-970
-1032
-1163
-1088
-836
-661
-407
-74
324
482
547
689
863
922
839
376
-172
-667
-1412
-2301
-3053
-3557
-3822
-3775
-3361
-2667
-2006
-1197
-245
757
1465
1694
1721
1607
1132
501
-218
-829
-1168
-1300
-1302
-902
-76
915
1876
2867
3795
4172
4289
4185
3792
3292
2765
2219
1816
1646
1454
1349
1701
2269
2964
3463
3914
4243
4317
4114
3872
3661
3517
3295
3077
2872
2671
2560
2653
2915
3175
3251
3326
3506
3709
3778
3671
3523
3240
3093
3049
2902
2787
2743
2716
2718
2907
2913
2932
2697
2371
2245
2214
2022
1853
1781
1754
1926
1917
1897
1929
2022
2256
2358
2194
2022
1822
1389
725
-5
-581
-680
-186
962
2188
3479
4645
5156
5107
4622
3786
2791
1842
977
266
-104
-122
402
1300
2485
3702
4774
5471
5758
5352
4645
3857
2753
1475
493
-73
-316
-21
537
1205
2232
3328
4219
4726
4914
4853
4437
3772
2994
2148
1310
603
361
536
879
1469
2239
3169
3818
4332
4723
4737
4422
3780
2963
2264
1728
1326
924
723
991
1512
2016
2405
2896
3315
3381
3280
3230
2935
2350
1807
1458
1154
845
681
649
724
1192
1729
2069
2098
2124
1959
1785
1707
1525
1227
1017
866
832
948
1243
1502
1626
1782
1934
2060
2031
2128
2296
2272
2007
1523
948
286
-519
-1347
-1952
-2429
-2617
-2566
-2362
-1732
-840
59
764
1426
1919
2123
2021
1495
759
-52
-641
-1072
-1322
-1399
-1148
-685
20
930
1794
2582
3142
3291
3175
2989
2588
1980
1294
680
240
-105
-46
279
808
1333
1752
2158
2488
2668
2634
2597
2418
1945
1554
1166
850
818
585
541
741
947
1233
1547
1692
1693
1592
1404
1272
1265
1373
1324
1071
870
690
452
413
445
422
300
152
73
-131
-387
-505
-551
-710
-992
-1199
-1097
-861
-819
-875
-778
-694
-650
-661
-716
-888
-1234
-1703
-1833
-1277
-247
985
2443
3782
4727
5080
4711
3700
2239
641
-1220
-3049
-4355
-5125
-5399
-5097
-3792
-2106
-139
1836
3144
3750
3837
3269
2207
550
-1194
-2725
-3935
-4876
-5409
-5098
-4249
-3120
-1857
-707
180
862
1030
673
117
-840
-2017
-3336
-4376
-5183
-5578
-5334
-4734
-3971
-2864
-1797
-1019
-551
-231
-278
-679
-1304
-1932
-2535
-3199
-3726
-4032
-4227
-4304
-4050
-3475
-2828
-2332
-1921
-1833
-1797
-2008
-2238
-2394
-2584
-2760
-2841
-2739
-2602
-2346
-1892
-1502
-1073
-657
-547
-646
-635
-678
-733
-1019
-1333
-1466
-1389
-1024
-672
-363
47
388
607
733
928
1070
1077
980
777
440
-144
-929
-1657
-2588
-3382
-3965
-4261
-4202
-3690
-3127
-2360
-1349
-430
299
645
864
840
505
-201
-1075
-1884
-2349
-2777
-3208
-3146
-2543
-1750
-1055
-250
632
1269
1555
1564
1293
978
635
-94
-918
-1477
-1731
-1722
-1630
-1320
-740
-186
167
398
738
964
1037
934
674
278
-15
-185
-384
-435
-318
-85
157
508
791
1002
1016
1077
1296
1321
1212
972
808
784
867
863
971
1284
1402
1177
835
759
774
648
483
331
304
218
21
-79
-50
-37
68
128
272
505
628
568
545
326
-134
-778
-1252
-1256
-1014
