-4919
-4554
-4202
-3928
-3824
-3830
-3811
-3856
-4078
-4241
-4384
-4552
-4533
-4463
-4267
-4073
-3729
-3438
-3203
-3084
-2981
-2960
-3004
-3009
-2992
-3212
-3818
-4705
-5639
-6503
-7455
-8163
-8499
-8301
-7861
-7367
-6671
-5790
-4835
-4066
-3414
-3157
-3198
-3565
-4307
-5041
-5734
-6301
-6885
-7128
-6923
-6236
-5332
-4422
-3536
-2619
-1925
-1607
-1585
-1707
-2133
-2860
-3566
-4310
-4839
-5090
-5126
-4978
-4657
-4042
-3511
-3081
-2607
-2254
-2267
-2755
-3622
-4556
-5298
-5550
-5490
-5221
-4430
-3283
-2106
-1156
-911
-1566
-2752
-4270
-6036
-7867
-9760
-11257
-11795
-11653
-10776
-9272
-7596
-6073
-5075
-4663
-4844
-5614
-7070
-8922
-10740
-12329
-13317
-13279
-12176
-10449
-8185
-5517
-2897
-776
645
1357
1303
751
-396
-2015
-3796
-5599
-7087
-7444
-6457
-4637
-2284
473
3180
5206
6288
6407
5709
4312
2273
189
-2025
-4031
-5524
-6267
-5967
-4793
-3401
-1753
-362
677
806
446
-475
-2029
-4007
-6033
-7844
-9399
-10186
-10145
-9377
-8082
-6632
-5224
-4026
-3339
-3186
-3602
-4619
-5994
-7418
-8845
-10305
-11604
-12345
-12395
-11668
-10560
-9216
-7723
-6461
-5582
-4918
-4712
-5142
-6220
-7377
-8757
-10100
-11068
-11681
-11915
-11577
-10764
-9604
-8454
-7158
-6020
-5267
-4490
-3951
-3629
-3595
-4000
-4282
-4199
-4038
-3854
-3605
-3066
-2540
-2137
-1715
-1114
-811
-754
-875
-994
-1177
-1544
-1786
-1988
-2049
-2050
-2133
-2176
-2336
-2313
-2173
-2336
-2605
-2971
-3191
-3315
-3492
-3825
-4169
-4744
-5402
-5985
-6477
-6911
-7207
-7182
-6988
-6559
-5922
-5383
-4639
-4033
-3555
-3277
-3566
-4284
-5116
-5953
-6912
-7783
-8453
-8759
-8759
-8580
-8088
-7290
-6312
-5493
-4913
-4498
-4293
-4310
-4551
-5013
-5307
-5506
-5709
-5756
-5611
-5301
-4537
-3429
-2364
-1408
-509
280
792
1182
1519
1625
1606
1427
1154
442
-630
-1702
-2745
-3712
-4421
-4357
-3307
-1822
-47
1838
3522
4655
5089
4997
4269
2680
669
-1254
-2743
-3864
-4188
-3513
-2044
-198
1721
3545
5061
5917
6115
5591
4411
3045
1283
-450
-1641
-2151
-1770
-564
1264
3381
5262
6357
6839
7052
6917
6436
5762
5406
5573
5901
6213
6423
6406
6215
5781
4930
3671
2571
1672
795
-65
-562
-386
119
1065
2188
3309
4114
4459
4409
3875
2989
1851
769
-345
-1339
-2011
-2443
-2345
-1671
-946
-246
416
1021
1400
1405
1144
485
-588
-1753
-2647
-3427
-4069
-4525
-4694
-4590
-4492
-4180
-3905
-3765
-3574
-3461
-3425
-3702
-4067
-4429
-4774
-4903
-4896
-4852
-4625
-4130
-3709
-3486
-3458
-3488
-3440
-3405
-3538
-3663
-4063
-4396
-4424
-4227
-3971
-3588
-3120
-2665
-2345
-2057
-1513
-1105
-1064
-1279
-1637
-2082
-2434
-2717
-2934
-3130
-3313
-3289
-3296
-3142
-2985
-2675
-2422
-2311
-2210
-2086
-2177
-2429
-3003
-3938
-5155
-6454
-7824
-8980
-9906
-10515
-10724
-10424
-9575
-8335
-7114
-6231
-5610
-5069
-4882
-5058
-5587
-6515
-7437
-8330
-9124
-9847
-10262
-10208
-9953
-9431
-8654
-7883
-6998
-6046
-5530
-5625
-5900
-6468
-7075
-7487
-7794
-8006
-8207
-8306
-8275
-8066
-7480
-6549
-5608
-4959
-4494
-4106
-3725
-3550
-3469
-3289
-3026
-2940
-2805
-2586
-2311
-2006
-1741
-1522
-1103
-834
-691
-645
-730
-845
-1057
-1226
-1492
-1746
-1697
-1743
-1892
-1806
-1706
-1531
-1594
-1758
-1934
-2005
-2280
-2580
-2819
-3090
-3206
-3273
-3267
-3145
-3111
-3083
-2891
-2604
-2390
-2517
-2549
-2818
-3383
-4098
-4667
-4870
-4439
-3442
-2234
-1075
-95
520
608
-17
-1300
-2935
-4562
-6018
-7406
-8379
-8840
-8713
-7776
-6070
-4582
-3274
-2246
-1536
-1324
-1815
-2887
-4370
-6021
-7499
-8548
-9361
-9682
-9210
-8116
-6891
-5628
-4322
-3302
-2848
-2894
-3215
-3702
-4485
-5658
-6959
-7966
-8530
-8718
-8635
-8094
-7072
-6041
-5108
-4283
-3587
-3313
-3496
-3861
-4325
-4934
-5638
-6319
-6741
-7025
-7088
-6683
-6212
-5812
-5336
-4836
-4489
-4451
-4656
-4912
-5263
-5720
-6126
-6566
-6877
-7015
-6800
-6569
-6294
-6061
-5798
-5637
-5548
-5407
-5555
-5947
-6294
-6473
-6650
-6902
-6949
-6810
-6604
-6423
-6138
-5782
-5509
-5423
-5309
-5144
-5076
-5136
-5396
-5800
-6550
-7424
-8469
-9432
-10172
-10775
-10959
-10829
-10516
-9898
-8994
-7925
-6884
-6125
-5685
-5508
-5595
-5997
-6717
-7376
-8031
-8781
-9457
-9703
-9424
-8841
-8093
-7082
-6019
-5003
-4068
-3500
-3313
-3274
-3623
-4125
-4597
-4999
-5521
-5757
-5675
-5402
-4789
-4118
-3511
-2777
-1964
-1346
-971
-945
-854
-721
-886
-993
-978
-953
-1006
-903
-482
90
541
635
761
1121
1380
1611
1693
1736
1629
1498
1335
1382
1475
1239
1212
1276
1179
1107
1019
902
738
495
269
164
69
-120
-63
101
263
397
496
555
510
555
773
884
714
194
-452
-1072
-1366
-974
-54
1313
2748
3982
4881
5189
4855
4024
2843
1485
110
-1343
-2157
-2666
-2513
-1912
-1022
311
1739
2851
3554
3745
3459
2716
1674
381
-1126
-2512
-3334
-3682
-3420
-2787
-1881
-652
436
1262
1727
1885
1800
1315
417
-737
-1917
-2810
-3425
-3788
-3831
-3386
-2703
-1884
-1019
-329
66
235
336
41
-587
-1416
-2085
-2768
-3347
-3657
-3852
-3741
-3310
-2819
-2357
-1977
-1562
-1457
-1404
-1518
-1931
-2360
-2727
-3089
-3325
-3414
-3491
-3379
-3037
-2577
-2273
-2066
-1893
-1770
-1808
-2043
-2368
-2635
-2862
-3236
-3461
-3370
-2989
-2814
-2719
-2499
-2143
-2140
-2187
-2060
-1847
-2002
-2194
-2451
-3072
-3931
-4872
-5749
-6490
-7411
-7949
-8044
-7823
-7238
-6507
-5698
-4912
-4155
-3436
-2929
-2950
-3245
-3775
-4658
-5555
-6519
-7456
-7773
-7603
-7288
-6635
-5654
-4550
-3658
-2994
-2468
-2101
-2043
-2250
-2699
-3348
-3921
-4421
-4738
-4815
-4822
-4545
-4000
-3290
-2534
-1777
-1002
-692
-631
-653
-859
-997
-1140
-1499
-1606
-1584
-1369
-1183
-1007
-643
-270
34
358
678
791
928
961
820
784
640
554
424
486
549
475
339
315
313
360
235
-185
-503
-540
-694
-841
-991
-1013
-900
-962
-922
-798
-588
-433
-452
-662
-1001
-1304
-2027
-2604
-2899
-2763
-2010
-846
682
2099
3070
3560
3504
2836
1699
349
-1357
-2863
-4041
-4778
-5037
-4659
-3686
-2398
-864
337
1326
1829
1676
895
-268
-1589
-3045
-4432
-5472
-5986
-6022
-5736
-4883
-3444
-2130
-1231
-679
-311
-342
-838
-1721
-2742
-3911
-4924
-5742
-6413
-6553
-6068
-5389
-4532
-3598
-2731
-2036
-1527
-1516
-1889
-2408
-3116
-3957
-4818
-5490
-5904
-6054
-5874
-5540
-5139
-4626
-4049
-3771
-3648
-3608
-3632
-3938
-4403
-4868
-5064
-5278
-5508
-5500
-5216
-4914
-4803
-4530
-4083
-3682
-3680
-3861
-4104
-4459
-4501
-4565
-4850
-5148
-5351
-5240
-4861
-4487
-4317
-4103
-3826
-3577
-3519
-3556
-3691
-3556
-3716
-4312
-5135
-6040
-7077
-8004
-8726
-9120
-9178
-9163
-8825
-8302
-7647
-6601
-5808
-5121
-4450
-4127
-4277
-4835
-5619
-6496
-7359
-8127
-8536
-8637
-8453
-7778
-6854
-5727
-4853
-4127
-3486
-3122
-3105
-3257
-3485
-3940
-4502
-4893
-5072
-5238
-5331
-5038
-4599
-4079
-3422
-2643
-1913
-1355
-1134
-979
-741
-629
-891
-1214
-1294
-1271
-1132
-982
-689
-239
164
499
772
1017
1203
1332
1506
1647
1617
1284
1056
1012
980
966
994
1130
1285
1321
1143
975
738
641
577
412
244
147
8
-27
-14
292
610
701
580
513
544
373
-57
-760
-1825
-2718
-3279
-3372
-2772
-1590
-451
732
1666
1937
1879
1451
754
-78
-1041
-1768
-2371
-2612
-2376
-1575
-486
500
1494
2271
2456
2249
1563
626
-348
-1548
-2557
-3021
-3251
-3306
-2888
-1959
-670
343
1362
2185
2465
2458
2016
1397
660
-327
-1305
-1939
-2064
-2207
-1971
-1237
-385
570
1398
1856
2130
2162
1948
1489
621
-100
-749
-1279
-1636
-1968
-1823
-1280
-663
-281
196
817
1172
1264
1065
732
219
-447
-1102
-1617
-2105
-2447
-2537
-2395
-2206
-1943
-1762
-1617
-1471
-1578
-1800
-2108
-2324
-2604
-2743
-2806
-3019
-3075
-3146
-2992
-2758
-2744
-2848
-2808
-2559
-2177
-2118
-2260
-2386
-2852
-3539
-4284
-5295
-6288
-7027
-7456
-7852
-8102
-7887
-7176
-6249
-5345
-4437
-3539
-2947
-2812
-2842
-3162
-3951
-4809
-5463
-6077
-6646
-6772
-6419
-5823
-5019
-4093
-3130
-2247
-1386
-768
-490
-501
-786
-1248
-1693
-2148
-2543
-2725
-2639
-2410
-1952
-1290
-458
200
833
1277
1578
1733
1859
1724
1474
1283
1161
1159
1184
1185
1208
1381
1719
2095
2434
2879
3124
3206
3007
2861
2777
2650
2378
2168
2044
2094
2271
2310
2262
2009
1731
1735
1808
1587
1379
1055
794
702
801
792
660
751
800
820
718
853
1015
1191
1147
818
737
972
1466
2346
3807
5306
6563
7415
7667
7313
6397
5086
3104
795
-1402
-3246
-4457
-4826
-4182
-2766
-947
892
2832
4623
5909
6264
5833
4633
2952
1175
-637
-2405
-3948
-4690
-4625
-4063
-2843
-1472
-325
868
1799
2118
1776
1189
277
-1013
-2480
-3776
-4993
-5780
-5979
-5615
-4788
-3807
-2978
-2010
-1185
-651
-400
-632
-1160
-1947
-2826
-3530
-4131
-4777
-5418
-5562
-5202
-4832
-4633
-4366
-4014
-3724
-3819
-3953
-3972
-4081
-4104
-4248
-4367
-4339
-4180
-3840
-3236
-2683
-2362
-2217
-2002
-1851
-1938
-2249
-2508
-2779
-3011
-3122
-3130
-3055
-2720
-2214
-1764
-1416
-1052
-852
-704
-651
-773
-942
-1169
-1513
-2142
-3039
-4087
-4966
-5729
-6212
-6591
-6685
-6514
-5965
-5204
-4337
-3556
-2584
-1930
-1729
-1721
-2179
-2821
-3482
-4517
-5618
-6346
-6687
-6635
-6389
-5831
-5058
-4290
-3401
-2757
-2229
-1889
-1927
-2382
-2959
-3556
-4140
-4579
-5005
-5207
-5229
-4888
-4299
-3747
-3121
-2271
-1533
-1040
-806
-757
-799
-846
-899
-1055
-1216
-1348
-1230
-790
-441
65
412
681
1019
1337
1558
1724
1844
1784
1654
1587
1592
1690
1632
1616
1706
1879
1927
1868
1705
1597
1505
1478
1425
1158
1015
1145
1191
1299
1291
1265
1316
1603
1790
1796
1803
1681
1182
454
-237
-915
-1260
-1071
-352
543
1644
2741
3412
3327
2500
1615
688
-636
-1951
-2820
-3355
-3425
-2938
-1840
-416
1065
2321
3087
3527
3276
2390
1203
-246
-1672
-3098
-4314
-4923
-4804
-4118
-3196
-2080
-732
516
1479
1961
1962
1564
845
75
-794
-1768
-2515
-2924
-2952
-2623
-1973
-1106
-222
653
1322
1690
1838
1865
1441
768
97
-665
-1388
-1800
-1921
-1842
-1696
-1167
-408
183
596
898
1024
876
594
283
-96
-423
-835
-1141
-1238
-1274
-1198
-1182
-963
-763
-695
-840
-960
-1068
-1303
-1704
-2250
-2468
-2464
-2293
-2175
-2329
-2221
-2022
-1751
-1508
-1438
-1376
-1463
-1643
-1881
-2100
-2675
-3430
-4256
-5163
-6048
-6776
-7195
-7546
-7660
-7241
-6397
-5622
-4824
-4008
-3255
-2794
-2663
-2734
-3168
-3985
-4758
-5532
-6144
-6418
-6656
-6420
-5535
-4417
-3430
-2559
-1753
-994
-422
-169
-171
-340
-881
-1638
-2037
-2216
-2335
-2293
-1757
-1023
-308
321
994
1765
2402
2539
2595
2636
2583
2583
2490
2368
2427
2515
2590
2848
3183
3399
3706
4011
4405
4633
4650
4512
4486
4331
4044
3888
3844
3810
3831
3700
3606
3608
3695
3636
3439
3267
3047
2741
2463
2260
2180
2322
2435
2491
2535
2315
2278
2376
2378
2350
2227
2012
1344
633
87
-53
590
1737
3111
4588
5743
6307
6427
6027
4985
3717
2354
1088
24
-654
-832
-607
92
1244
2648
3788
4625
5159
5347
5004
4061
2837
1443
216
-739
-1427
-1645
-1260
-332
673
1587
2505
3257
3734
3774
3507
2786
1698
768
-231
-1170
-1777
-1936
-1711
-1085
-260
604
1252
1746
2067
2307
2385
2129
1442
465
-357
-935
-1339
-1686
-1962
-2015
-1711
-1227
-702
-367
-204
-23
-13
-348
-734
-1197
-1589
-1961
-2268
-2249
-1968
-1720
-1514
-1326
-1056
-814
-626
-668
-755
-971
-1366
-1566
-1850
-1877
-1851
-1869
-1778
-1508
-1151
-1046
-970
-817
-729
-629
-471
-527
-811
-1199
-1829
-2581
-3423
-4185
-4875
-5628
-6041
-6166
-5906
-5274
-4472
-3697
-2885
-2055
-1525
-1279
-1336
-1734
-2345
-2970
-3749
-4592
-5221
-5466
-5316
-4924
-4211
-3254
-2359
-1563
-879
-461
-252
-306
-542
-1046
-1712
-2266
-2613
-2933
-2955
-2826
-2467
-1717
-1035
-491
64
650
1197
1294
1102
1003
1055
1061
874
645
541
621
907
1254
1674
2029
2400
2632
2741
2637
2578
2675
2649
2530
2470
2443
2466
2554
2521
2513
2558
2625
2598
2470
2378
2195
1881
1619
1457
1427
1463
1496
1573
1559
1591
1798
2073
2167
1990
1824
1534
955
417
12
-135
314
1275
2585
4062
5334
6092
6258
5732
4872
3778
2532
1161
-104
-1025
-1560
-1460
-997
-89
1176
2535
3598
4308
4569
4191
3327
2300
1004
-325
-1566
-2466
-2834
-2529
-1743
-797
123
1073
1945
2432
2545
2594
2094
1191
147
-1069
-2035
-2812
-3280
-3071
-2455
-1618
-820
70
700
1127
1436
1424
1038
557
-154
-902
-1650
-2200
-2550
-2732
-2594
-2095
-1565
-1109
-540
-105
-15
-207
-409
-611
-968
-1418
-1813
-2010
-2022
-2030
-1967
-1702
-1290
-805
-519
-451
-262
-293
-613
-878
-1036
-1249
-1414
-1464
-1455
-1349
-1028
-754
-697
-543
-339
-234
-167
-98
-107
-140
-483
-1310
-2104
-2830
-3878
-4735
-5433
-5834
-5815
-5703
-5378
-4650
-3624
-2603
-1966
-1467
-1127
-1194
-1352
-1711
-2502
-3524
-4403
-5052
-5156
-5030
-4737
-3973
-3046
-2230
-1565
-877
-205
42
-52
-215
-571
-1048
-1523
-1868
-1985
-2108
-1940
-1562
-907
-395
123
960
1731
2123
2451
2618
2653
2538
2342
2175
2145
2161
2311
2569
2900
3240
3487
3837
4113
4193
4334
4383
4319
4259
4435
4453
4251
4139
4154
4206
4167
4054
3977
4069
4209
4068
3578
3320
3308
3302
3212
3021
3014
3079
3115
3197
3176
3192
3207
3288
3317
3260
2771
2122
1438
1151
1424
2122
3331
4858
6140
6852
7073
6898
6373
5421
4098
2713
1445
437
-147
-294
171
1176
2367
3561
4741
5552
5812
5664
5174
4086
2691
1309
144
-750
-1245
-1269
-786
116
1186
2122
2969
3579
3985
3888
3460
2764
1879
728
-419
-1088
-1296
-1379
-994
-223
511
1296
1978
2566
2974
2991
2632
1967
1187
446
-24
-573
-1064
-1240
-1144
-923
-499
64
674
1094
1234
1192
878
524
80
-255
-529
-754
-956
-967
-836
-672
-384
155
595
616
464
416
453
53
-233
-425
-636
-693
-703
-617
-376
-238
-77
144
399
463
479
603
743
389
-37
-400
-986
-1708
-2561
-3540
-4434
-5067
-5304
-5105
-4619
-4117
-3532
-2795
-2065
-1438
-889
-698
-743
-1296
-1982
-2710
-3508
-4063
-4496
-4753
-4483
-3900
-3107
-2190
-1182
-317
167
452
561
404
132
-294
-751
-1333
-1829
-2031
-2050
-1653
-1086
-574
70
755
1380
2014
2373
2261
2010
1645
1204
940
841
1091
1459
1850
2292
2693
2828
2565
2051
1606
1140
635
215
233
448
887
1563
2313
2999
3498
3890
3782
3291
2408
1548
821
111
-112
192
887
1866
3027
4160
5224
6150
6551
6496
6150
5589
4838
3999
3229
2528
2156
2120
2616
3609
5026
6616
8139
9268
9871
9733
8996
7968
6393
4435
2821
1408
462
291
664
1404
2345
3404
4505
5427
5875
5705
5062
4224
3112
1707
417
-916
-1830
-2236
-2185
-1698
-869
256
1244
1959
2440
2514
2219
1660
929
5
-1092
-2115
-3009
-3538
-3600
-3397
-2841
-2149
-1260
-246
431
683
536
178
-338
-907
-1578
-2117
-2749
-3029
-2975
-2682
-2223
-1496
-716
-121
377
747
952
1018
959
692
176
-341
-387
-260
-54
368
705
972
1289
1783
2020
1946
1698
1439
1213
999
816
549
462
496
534
681
853
918
897
962
1030
1057
1094
1066
993
590
180
-311
-1206
-2130
-2989
-3937
-4617
-4895
-4899
-4650
-4187
-3588
-2773
-1950
-1467
-1237
-1085
-1188
-1559
-2133
-2928
-3762
-4436
-5094
-5511
-5443
-5025
-4292
-3303
-2277
-1608
-1280
-1008
-885
-957
-1405
-1947
-2476
-3269
-3904
-4087
-3942
-3752
-3389
-2867
-2211
-1529
-1047
-624
-186
89
106
-7
-371
-914
-1530
-1919
-2143
-2309
-2036
-1386
-659
-6
796
1342
1577
1553
1197
683
214
-346
-847
-1236
-1393
-1350
-1115
-663
19
718
1270
1278
1116
866
169
-672
-1447
-2183
-2711
-3026
-3057
-2710
-2352
-1865
-1398
-1156
-1058
-1101
-1518
-2427
-3624
-4819
-5672
-5770
-5051
-3633
-2030
-377
1059
1686
1484
647
-653
-2371
-4143
-5749
-7089
-7823
-7857
-7388
-6185
-4375
-2668
-1261
-188
572
606
-158
-1437
-2790
-4303
-5727
-6708
-7147
-6904
-6009
-4719
-3189
-1899
-853
38
503
424
-42
-787
-1818
-2818
-3673
-4358
-4513
-4260
-3790
-3053
-2090
-1083
-101
824
1328
1231
994
715
152
-748
-1576
-2102
-2359
-2424
-2279
-1927
-1452
-712
-86
262
502
663
718
489
-154
-685
-1064
-1264
-1491
-1415
-1264
-1087
-732
-288
204
349
308
228
94
-6
-285
-441
-524
-550
-493
-556
-468
-165
77
280
433
580
862
1027
1046
930
727
362
-255
-1116
-2011
-2718
-3282
-3584
-3493
-3113
-2672
-1866
-890
108
1191
1766
2130
2298
2137
1559
826
158
-311
-756
-935
-920
-515
289
1237
2237
3103
3798
4168
4337
4264
3880
3422
3040
2595
2176
1763
1442
1433
1887
2518
2986
3496
4059
4381
4455
4331
4191
4086
3937
3537
3029
2884
2864
2945
2994
3100
3235
3482
3702
3888
3842
3666
3752
3820
3590
3332
3125
3037
3010
3074
3111
3166
3147
3069
2910
2704
2609
2558
2422
2288
2091
2073
2015
1999
2111
2055
2144
2308
2377
2459
2480
2459
2160
1645
1042
591
492
871
1663
2775
4211
5360
6185
6740
6538
5962
5157
3929
2640
1273
95
-428
-428
97
981
2262
3763
5005
5747
6005
5943
5383
4443
3190
1888
744
-89
-402
-445
-50
834
1876
2906
3836
4628
4976
4900
4485
3727
2746
1887
969
91
-524
-661
-220
464
1400
2279
3027
3578
3746
3757
3656
3242
2566
1756
1024
403
61
-126
53
352
696
1060
1572
2061
2394
2323
2135
1972
1601
1170
747
638
518
530
568
714
1105
1442
1750
1998
2200
2081
1951
1910
1827
1587
1296
1245
1429
1527
1457
1739
2114
2334
2394
2391
2594
2818
2894
2773
2517
2088
1323
453
-327
-856
-1302
-1689
-2060
-2194
-1817
-1100
-310
476
1088
1766
2215
2352
2061
1520
992
322
-470
-1064
-1445
-1687
-1550
-1027
-293
436
1386
2276
2742
2986
2962
2693
2143
1358
693
153
-320
-649
-675
-443
-135
384
864
1266
1573
1740
1911
1795
1525
1047
678
505
249
105
39
-32
237
546
792
929
1203
1413
1440
1303
1233
1126
972
859
766
580
469
501
448
425
566
531
456
280
73
94
30
-234
-599
-802
-724
-683
-764
-738
-587
-410
-269
-365
-571
-652
-923
-1651
-2451
-2848
-2854
-2374
-1314
264
1750
2974
3793
3908
3346
2336
1193
-113
-1612
-3064
-3832
-3994
-3799
-3101
-1879
-544
549
1675
2432
2473
2064
1070
-237
-1404
-2489
-3626
-4591
-4829
-4258
-3488
-2579
-1446
-386
450
909
980
752
311
-453
-1639
-2793
-3747
-4358
-4485
-4391
-3824
-2836
-1754
-800
-86
543
716
577
210
-317
-1094
-1932
-2651
-3044
-3326
-3466
-3229
-2595
-1821
-1435
-1087
-691
-490
-541
-757
-1086
-1559
-1806
-1973
-2178
-2306
-2109
-1918
-1694
-1232
-888
-667
-537
-453
-302
-404
-637
-898
-988
-1091
-1185
-1116
-1101
-881
-531
-119
152
392
457
370
432
555
441
-64
-742
-1474
-2240
-3149
-3790
-4292
-4599
-4507
-4276
-3842
-2998
-1992
-936
-66
472
712
624
196
-356
-1086
-1871
-2495
-2817
-2805
-2619
-2364
-1625
-799
216
1208
1736
2112
2249
2016
1497
992
418
-249
-788
-1091
-1181
-1002
-545
-3
479
915
1361
1684
1799
1902
1962
1731
1336
861
454
177
18
155
433
652
988
1200
1285
1566
1785
1864
1622
1428
1257
1214
1184
1116
1145
1186
1298
1383
1326
1179
1112
1120
915
663
683
677
403
125
68
142
246
208
168
293
418
468
589
719
581
304
89
107
522
1270
