-4873
-4350
-4067
-3765
-3498
-3492
-3529
-3792
-3896
-4066
-4373
-4710
-4773
-4584
-4389
-4179
-3952
-3660
-3389
-3213
-3055
-3133
-3199
-3126
-3096
-3396
-4054
-4951
-5943
-6915
-7558
-7916
-8207
-8101
-7677
-7199
-6553
-5595
-4587
-3732
-3211
-3051
-3097
-3473
-4200
-5091
-5888
-6312
-6660
-6884
-6789
-6337
-5454
-4449
-3449
-2594
-1982
-1695
-1679
-1932
-2338
-2883
-3704
-4348
-4863
-5182
-5489
-5307
-4795
-4160
-3564
-3031
-2504
-2273
-2509
-3005
-3566
-4396
-5175
-5653
-5837
-5506
-4603
-3399
-2166
-1291
-1128
-1700
-2907
-4443
-6112
-7931
-9908
-11362
-12085
-11811
-10665
-9283
-7664
-5984
-4814
-4303
-4624
-5578
-7018
-8704
-10439
-11912
-12822
-12854
-11841
-10209
-8091
-5522
-2984
-913
735
1663
1576
727
-501
-1872
-3481
-5166
-6454
-6945
-6541
-5009
-2370
663
3400
5373
6398
6506
5797
4254
2302
161
-2167
-4010
-5192
-5681
-5390
-4600
-3107
-1383
9
740
826
325
-684
-2247
-4370
-6488
-8250
-9619
-10238
-10113
-9416
-7994
-6418
-4967
-3802
-3145
-2810
-3075
-4058
-5459
-7163
-8916
-10431
-11413
-11891
-11999
-11602
-10381
-8840
-7256
-5883
-5011
-4530
-4611
-5154
-5970
-7018
-8398
-9749
-10722
-11259
-11499
-11263
-10547
-9288
-8107
-7024
-5847
-4754
-3927
-3441
-3410
-3491
-3585
-3685
-3731
-3763
-3608
-3358
-2737
-2033
-1492
-1055
-596
-336
-380
-537
-619
-1023
-1520
-1618
-1632
-1680
-1728
-1641
-1593
-1555
-1828
-2014
-2160
-2358
-2584
-2776
-3020
-3209
-3384
-3695
-4272
-4950
-5398
-5722
-6132
-6567
-6764
-6516
-5844
-5260
-4601
-3826
-3328
-3086
-3028
-3411
-3931
-4565
-5361
-6265
-7004
-7652
-8312
-8589
-8243
-7456
-6715
-5995
-5299
-4681
-4151
-3871
-3843
-4029
-4433
-4926
-5371
-5668
-5705
-5636
-5141
-4012
-3082
-2280
-1588
-668
202
782
1184
1502
1714
1766
1579
1267
541
-400
-1479
-2611
-3605
-4290
-4323
-3517
-1833
186
2164
3758
4922
5415
5327
4481
2730
693
-1197
-2684
-3668
-3793
-3240
-1849
126
2100
3943
5409
6345
6564
5911
4603
3073
1453
-80
-1143
-1674
-1407
-282
1418
3281
5087
6260
6875
7050
6815
6395
6121
5936
6061
6356
6625
6852
6901
6565
6022
5247
4275
3222
2055
1016
385
62
99
594
1439
2669
3723
4409
4874
4874
4274
3374
2304
1373
231
-891
-1574
-1926
-1720
-1126
-386
398
1130
1708
1824
1685
1269
574
26
-741
-1804
-2623
-3130
-3369
-3691
-3727
-3404
-3068
-2932
-2922
-2840
-2783
-2954
-3188
-3536
-3833
-4005
-4301
-4505
-4367
-4005
-3710
-3452
-3089
-2665
-2542
-2751
-2937
-3188
-3440
-3551
-3762
-4017
-4078
-3767
-3203
-2630
-2013
-1513
-1168
-942
-630
-477
-658
-1117
-1595
-2017
-2363
-2664
-2801
-2846
-2797
-2641
-2717
-2706
-2443
-2086
-1585
-1343
-1329
-1489
-1934
-2495
-3448
-4823
-6245
-7562
-8668
-9546
-9894
-9883
-9682
-9223
-8448
-7364
-6194
-5168
-4523
-4297
-4559
-5114
-5788
-6657
-7666
-8512
-9234
-9559
-9590
-9322
-8740
-7898
-6903
-6144
-5643
-5371
-5205
-5334
-5672
-6234
-6747
-7222
-7770
-8081
-8012
-7830
-7325
-6815
-6258
-5516
-4856
-4181
-3810
-3643
-3392
-3165
-2996
-3025
-2962
-2619
-2161
-1905
-1685
-1409
-914
-506
-328
-317
-300
-350
-431
-619
-695
-876
-1138
-1334
-1611
-1611
-1465
-1243
-1171
-1242
-1406
-1609
-1722
-1846
-2131
-2433
-2610
-2624
-2737
-2870
-2924
-2824
-2758
-2688
-2332
-2108
-2219
-2274
-2520
-3040
-3661
-4312
-4430
-3968
-2903
-1619
-388
456
901
949
295
-982
-2445
-3982
-5470
-6745
-7583
-7820
-7512
-6648
-5382
-4065
-2752
-1842
-1403
-1423
-1883
-2780
-4218
-5841
-7274
-8407
-8898
-8738
-8248
-7384
-6142
-4940
-3725
-2788
-2432
-2171
-2443
-3306
-4384
-5517
-6481
-7344
-8028
-8241
-7909
-7051
-6102
-5298
-4497
-3646
-3037
-2790
-2765
-3176
-3835
-4570
-5368
-5986
-6310
-6626
-6687
-6390
-5988
-5360
-4759
-4221
-3996
-3971
-4065
-4383
-4919
-5390
-5697
-6058
-6256
-6247
-6052
-5882
-5660
-5369
-5059
-4905
-5041
-5255
-5188
-5321
-5767
-6245
-6468
-6387
-6307
-6288
-6115
-5791
-5397
-5068
-4881
-4777
-4701
-4463
-4558
-4598
-4801
-5173
-5789
-6783
-7931
-8751
-9348
-9920
-10245
-10333
-10042
-9523
-8825
-7864
-6769
-5834
-5162
-4915
-4860
-5278
-5976
-6846
-7813
-8445
-8843
-8990
-8772
-8229
-7323
-6278
-5317
-4449
-3618
-3135
-2878
-2896
-3226
-3748
-4475
-5050
-5448
-5521
-5422
-5132
-4496
-3815
-3167
-2418
-1695
-1212
-871
-769
-633
-506
-432
-499
-550
-524
-353
-302
-104
240
654
882
1155
1542
1815
1887
2018
2047
1796
1606
1605
1586
1516
1530
1498
1517
1580
1687
1616
1444
1207
953
673
567
603
542
471
502
583
624
796
1061
1193
1164
1067
942
741
327
-159
-456
-567
-332
453
1796
3239
4632
5498
5577
5103
4232
3105
1803
447
-744
-1741
-2395
-2286
-1624
-517
720
1965
2994
3700
3967
3565
2771
1686
356
-1071
-2249
-3012
-3281
-3013
-2343
-1326
-268
829
1780
2234
2407
2103
1583
852
-215
-1354
-2472
-3294
-3597
-3366
-2954
-2334
-1513
-638
-15
502
779
786
399
-327
-1126
-2013
-2670
-3370
-3775
-3669
-3396
-3028
-2642
-2245
-1730
-1325
-1061
-980
-1180
-1608
-2267
-2813
-3062
-3229
-3208
-3120
-2966
-2617
-2242
-1886
-1731
-1707
-1656
-1810
-1872
-1945
-2079
-2407
-2946
-3125
-2959
-2704
-2583
-2546
-2310
-2146
-1987
-1833
-1747
-1673
-1703
-1790
-2214
-2782
-3526
-4427
-5505
-6412
-7027
-7459
-7615
-7289
-6827
-6326
-5561
-4585
-3714
-3024
-2581
-2630
-3036
-3762
-4531
-5267
-5917
-6502
-6969
-7052
-6863
-5987
-4920
-4060
-3167
-2584
-2203
-2029
-2165
-2339
-2711
-3340
-3913
-4334
-4465
-4473
-4433
-4163
-3613
-2839
-1976
-1320
-934
-734
-441
-243
-283
-454
-500
-507
-678
-864
-822
-553
-132
191
481
798
1213
1509
1571
1531
1586
1504
1449
1377
1098
1211
1295
1196
1080
980
1078
1044
943
802
552
432
349
90
-147
-318
-226
-87
-104
-41
71
158
113
-109
-217
-211
-478
-1108
-1819
-2165
-1964
-1359
-161
1474
2900
3760
4191
4181
3475
2282
801
-574
-1824
-2868
-3504
-3800
-3572
-2786
-1476
-60
1114
1786
1934
1737
1224
95
-1395
-2790
-4072
-5021
-5382
-5203
-4486
-3546
-2602
-1605
-642
123
351
190
-136
-849
-1823
-2971
-4121
-4999
-5559
-5553
-5193
-4512
-3579
-2693
-1893
-1376
-1141
-990
-1130
-1874
-2769
-3555
-4315
-5013
-5351
-5398
-5332
-5064
-4670
-4121
-3637
-3319
-3136
-3149
-3302
-3612
-3859
-4355
-4946
-5146
-5223
-5190
-4859
-4556
-4185
-3775
-3570
-3413
-3552
-3681
-3656
-3872
-4326
-4690
-4875
-5026
-4999
-4875
-4608
-4496
-4373
-4050
-3834
-3645
-3615
-3621
-3544
-3684
-3972
-4564
-5261
-5998
-6920
-8061
-8818
-9116
-9273
-9321
-8926
-8176
-7449
-6426
-5461
-4746
-4370
-4368
-4553
-5115
-5833
-6588
-7530
-8275
-8460
-8445
-8078
-7420
-6717
-6001
-5030
-4104
-3338
-2922
-2836
-3103
-3574
-3904
-4324
-4752
-5172
-5330
-5254
-4780
-4215
-3701
-3064
-2369
-1860
-1465
-1249
-1066
-1004
-971
-1048
-1119
-1182
-1158
-1207
-1145
-774
-283
188
435
843
1368
1609
1555
1595
1611
1483
1149
955
932
1045
1106
1211
1309
1191
1275
1264
1019
774
726
646
366
237
282
304
253
290
490
473
392
426
548
644
498
-4
-816
-1724
-2486
-3043
-3228
-2624
-1503
-51
1230
1884
2051
1907
1476
707
-171
-1054
-1800
-2222
-2397
-2080
-1340
-356
685
1642
2138
2285
2130
1501
457
-635
-1700
-2583
-3162
-3462
-3385
-2752
-1667
-576
420
1335
1984
2294
2257
1897
1233
449
-463
-1318
-1988
-2336
-2100
-1714
-1190
-275
725
1575
2069
2176
2086
1863
1373
748
-41
-919
-1538
-1743
-1760
-1623
-1312
-695
-134
188
434
724
909
747
349
10
-482
-1080
-1611
-2001
-2224
-2331
-2346
-2160
-2047
-1901
-1740
-1639
-1646
-1654
-1762
-2195
-2603
-2828
-2787
-2819
-3035
-3249
-3098
-2808
-2605
-2432
-2417
-2333
-2287
-2255
-2240
-2367
-2838
-3544
-4323
-5261
-6273
-7134
-7699
-7830
-7725
-7514
-7004
-6273
-5350
-4421
-3744
-3114
-2732
-2912
-3286
-3614
-4198
-5026
-5690
-6130
-6265
-6130
-5431
-4597
-3753
-2897
-1914
-1126
-847
-693
-702
-895
-1225
-1586
-1920
-2180
-2557
-2648
-2348
-1782
-998
-158
627
1173
1556
1703
1727
1747
1774
1692
1512
1350
1201
1161
1290
1586
1926
2213
2564
3000
3314
3343
3290
3266
3302
3151
2871
2632
2699
2711
2586
2379
2551
2731
2502
2310
2258
2185
2051
1702
1520
1361
1234
1295
1234
1205
1177
1355
1632
1727
1611
1537
1435
1204
1132
1160
1247
1727
2849
4325
5741
6868
7636
7937
7731
6855
5270
3300
1235
-873
-2699
-3777
-3985
-3536
-2364
-457
1695
3701
5183
6035
6304
5720
4646
3097
1218
-570
-2280
-3549
-4276
-4291
-3714
-2599
-1098
285
1529
2327
2499
2297
1564
324
-1138
-2685
-3791
-4693
-5304
-5256
-4881
-4273
-3268
-2149
-1340
-607
-222
-214
-355
-947
-1803
-2543
-3226
-3888
-4656
-5026
-5105
-4788
-4175
-3717
-3402
-3093
-2948
-3008
-3062
-3209
-3542
-3933
-4027
-4078
-4279
-3961
-3284
-2706
-2301
-1863
-1398
-1150
-1321
-1537
-1891
-2295
-2479
-2546
-2665
-2661
-2557
-2223
-1925
-1515
-1034
-828
-655
-586
-499
-581
-836
-1122
-1556
-2100
-2909
-3676
-4586
-5450
-5869
-6110
-6236
-6167
-5815
-5075
-4186
-3090
-2242
-1704
-1438
-1613
-2116
-2806
-3758
-4664
-5438
-6176
-6601
-6670
-6326
-5492
-4736
-4113
-3436
-2861
-2357
-2197
-2199
-2308
-2793
-3560
-4254
-4720
-5133
-5249
-5013
-4631
-4010
-3213
-2539
-2070
-1611
-1075
-654
-541
-548
-750
-985
-1056
-1014
-935
-809
-642
-470
-168
299
774
1107
1355
1632
1835
1777
1790
1731
1641
1617
1520
1482
1570
1677
1765
1770
1697
1554
1376
1220
1023
900
824
791
785
918
863
816
1021
1169
1329
1324
1283
1378
1303
904
110
-706
-1419
-1636
-1261
-516
605
1771
2637
2979
2857
2331
1470
229
-1060
-2104
-3012
-3616
-3654
-2995
-1832
-489
867
2068
2988
3180
2721
1894
795
-688
-2087
-3424
-4608
-5079
-4998
-4302
-3260
-2096
-797
281
1154
1540
1666
1396
616
-269
-1305
-2340
-2950
-3121
-3059
-2639
-1920
-1047
-148
693
1371
1811
1917
1597
1026
322
-456
-1175
-1826
-2074
-2166
-2057
-1752
-1340
-764
-98
332
649
801
654
529
294
-114
-539
-918
-1283
-1606
-1714
-1496
-1211
-1045
-858
-668
-722
-993
-1124
-1189
-1525
-1932
-2141
-2144
-2265
-2323
-2244
-2118
-1941
-1809
-1764
-1670
-1515
-1585
-1763
-1952
-2234
-2728
-3375
-4220
-5055
-5812
-6520
-7129
-7487
-7513
-7024
-6240
-5474
-4673
-3621
-2830
-2371
-2413
-2853
-3298
-3984
-4559
-5207
-5784
-6109
-6092
-5839
-5359
-4533
-3404
-2334
-1455
-741
-262
-271
-348
-613
-1096
-1508
-1867
-2153
-2255
-2114
-1689
-1016
-60
716
1222
1710
2076
2316
2495
2653
2758
2770
2586
2392
2397
2477
2719
3021
3280
3558
3780
4017
4216
4310
4465
4386
4280
4126
3956
3868
3711
3643
3494
3540
3620
3574
3703
3706
3483
3240
2979
2727
2580
2318
2077
2131
2363
2452
2339
2327
2444
2517
2502
2322
2182
1788
1296
746
346
261
697
1781
3270
4736
5867
6540
6529
5939
4850
3685
2512
1430
300
-483
-774
-673
72
1311
2531
3983
5141
5647
5402
4843
3986
2878
1582
377
-698
-1436
-1530
-970
-126
874
1857
2799
3543
3887
3936
3562
2865
1929
951
-27
-1025
-1660
-1705
-1435
-782
116
955
1673
2202
2489
2594
2482
2040
1274
514
-162
-943
-1560
-1773
-1677
-1373
-900
-490
2
290
408
430
291
61
-206
-608
-1034
-1329
-1657
-1777
-1800
-1751
-1515
-1105
-636
-315
-284
-577
-729
-640
-722
-953
-1206
-1478
-1521
-1446
-1230
-917
-763
-683
-563
-462
-275
-99
-71
-118
-330
-849
-1442
-2089
-2929
-3817
-4790
-5386
-5665
-5709
-5562
-5136
-4464
-3433
-2385
-1520
-1061
-963
-1124
-1490
-2025
-2794
-3643
-4437
-4830
-4878
-4804
-4424
-3760
-2907
-2143
-1242
-322
177
35
-262
-657
-1003
-1317
-1830
-2265
-2465
-2387
-2177
-1790
-1151
-352
305
810
1312
1544
1554
1455
1449
1432
1338
1257
1237
1329
1412
1637
2070
2391
2634
2892
3031
3056
3149
3269
3285
3367
3226
2912
2869
3001
2998
3084
3167
3143
3175
3065
2809
2647
2441
2255
2205
2045
1917
1964
2073
2186
2373
2395
2318
2533
2865
2638
2298
2122
1656
959
313
214
701
1640
2932
4478
5772
6518
6746
6211
5249
4163
2807
1367
66
-796
-1160
-1069
-527
497
1755
2976
3913
4574
4717
4442
3827
2740
1299
-159
-1229
-1993
-2350
-2124
-1572
-619
489
1402
2343
2995
2972
2707
2126
1133
9
-1047
-2023
-2468
-2628
-2577
-2083
-1490
-636
275
1077
1699
1838
1796
1514
1002
129
-907
-1607
-2007
-2329
-2512
-2263
-1853
-1281
-763
-310
63
141
189
12
-514
-1046
-1341
-1444
-1496
-1663
-1849
-1673
-1198
-748
-513
-463
-361
-221
-213
-361
-564
-721
-1050
-1407
-1428
-1292
-1097
-901
-747
-585
-536
-518
-270
-95
-216
-347
-399
-539
-1148
-2079
-3034
-3835
-4440
-5042
-5483
-5608
-5507
-5204
-4512
-3686
-2762
-1949
-1311
-1004
-1149
-1525
-2053
-2704
-3399
-4241
-4903
-5006
-4818
-4488
-4066
-3311
-2199
-1257
-632
-261
137
257
108
-250
-973
-1521
-1840
-2128
-2139
-1734
-1193
-737
-231
343
949
1557
2001
2280
2296
2271
2361
2353
2264
2207
2213
2265
2496
2725
3082
3441
3721
3841
3821
3931
4158
4282
4234
4253
4158
4094
4195
4137
3956
3911
4002
3944
3906
3959
3881
3572
3346
3245
3244
3085
2908
3002
3002
2968
3104
3236
3114
3077
3180
3170
3019
2735
2165
1524
1143
1260
2138
3477
4977
6097
7027
7421
7184
6352
5212
3989
2762
1555
294
-352
-228
57
861
2180
3773
4931
5514
5590
5307
4731
3700
2401
1067
-16
-746
-1261
-1422
-935
86
1246
2294
3082
3709
4028
3977
3582
2810
1803
851
-57
-776
-1104
-1227
-890
-244
716
1797
2366
2695
2953
2959
2721
2124
1185
339
-148
-392
-681
-853
-888
-641
-49
378
821
1095
1144
1117
1043
912
608
52
-400
-464
-579
-688
-594
-250
85
371
523
705
776
850
860
563
244
-97
-432
-463
-290
-205
-140
81
281
456
532
644
734
693
690
592
356
-109
-873
-1681
-2625
-3490
-4238
-4769
-4920
-4892
-4558
-3967
-3239
-2344
-1447
-625
-68
110
-78
-589
-1447
-2335
-3178
-3778
-4077
-4050
-3688
-3234
-2418
-1454
-535
74
499
871
908
828
631
191
-234
-669
-1091
-1287
-1231
-949
-516
130
759
1427
2052
2408
2458
2353
2303
2123
1757
1418
1361
1578
1816
2217
2744
2940
2978
2954
2786
2352
1685
1170
923
902
1063
1586
2358
3047
3776
4354
4445
4168
3666
2894
2007
1143
595
433
689
1298
2453
3740
4754
5604
6421
6836
6818
6503
5999
5215
4359
3736
3159
2911
3013
3253
4106
5518
7260
8927
9919
10416
10319
9457
8102
6564
4910
3349
2018
1037
743
998
1732
2881
4211
5241
5918
6324
6198
5468
4532
3400
1937
636
-425
-1063
-1310
-1219
-625
187
1081
1891
2509
2975
3049
2615
1930
1125
187
-1006
-1839
-2381
-2849
-2935
-2673
-2163
-1262
-400
283
729
843
756
489
183
-426
-1254
-1952
-2320
-2544
-2391
-1883
-1363
-799
-230
276
809
1254
1424
1357
1006
627
407
341
385
414
354
583
966
1398
1767
2022
2276
2243
1981
1775
1606
1513
1395
1164
970
903
1091
1302
1304
1297
1185
1195
1340
1423
1551
1466
1238
1004
459
-189
-947
-1787
-2579
-3349
-4064
-4527
-4761
-4616
-4018
-3354
-2597
-1908
-1290
-864
-676
-893
-1366
-2015
-2819
-3709
-4422
-4915
-5160
-5052
-4546
-3885
-3096
-2207
-1491
-1101
-774
-635
-820
-1329
-1939
-2510
-2996
-3525
-4038
-4179
-3831
-3338
-2645
-2051
-1617
-1125
-653
-240
15
97
65
-212
-806
-1437
-1847
-1928
-1857
-1776
-1348
-691
165
844
1337
1703
1711
1481
982
303
-381
-751
-1048
-1193
-1100
-815
-305
285
799
1301
1322
996
775
345
-393
-1291
-2122
-2612
-2747
-2727
-2441
-2111
-1756
-1455
-990
-820
-956
-1403
-2415
-3810
-5060
-5716
-5687
-4774
-3321
-1710
-79
1066
1563
1436
613
-630
-2214
-3979
-5539
-6712
-7514
-7680
-7161
-6023
-4252
-2447
-998
-56
428
342
-295
-1548
-3118
-4622
-5819
-6719
-7054
-6813
-5887
-4608
-3179
-1845
-610
228
595
548
11
-868
-1927
-2983
-3868
-4310
-4349
-4169
-3546
-2639
-1804
-847
158
925
1368
1470
1198
734
87
-643
-1323
-1886
-2378
-2438
-1998
-1576
-1086
-401
229
630
792
804
714
431
13
-385
-752
-1166
-1458
-1367
-1104
-607
-245
95
303
453
512
514
305
-117
-424
-641
-694
-681
-784
-693
-363
-98
72
340
671
778
819
1144
1397
1226
812
343
-277
-1153
-1977
-2731
-3246
-3419
-3475
-3078
-2427
-1753
-750
442
1376
1927
2162
2264
2113
1737
1102
379
-341
-685
-701
-420
116
766
1595
2568
3524
4143
4412
4526
4424
4069
3565
3084
2672
2229
1835
1663
1750
2047
2559
3162
3705
3996
4274
4468
4498
4421
4329
4072
3624
3396
3374
3266
3185
3216
3222
3363
3699
4072
4374
4436
4266
4260
4123
3907
3774
3628
3399
3280
3213
3267
3344
3353
3299
3210
3109
2951
2734
2727
2695
2443
2211
2251
2310
2355
2365
2466
2575
2663
2738
2735
2716
2556
2172
1499
794
482
780
1639
2803
4296
5745
6882
7330
7188
6420
5351
4059
2713
1620
652
56
21
494
1401
2712
4208
5442
6150
6358
6079
5513
4501
3139
1897
928
163
-121
-112
475
1405
2291
3373
4385
5013
5193
5086
4713
3853
2769
1758
1006
395
24
142
444
1088
1988
2840
3535
3969
4090
4150
3994
3397
2661
1828
1104
707
477
389
479
793
1365
1828
2124
2529
2742
2700
2608
2211
1749
1345
1045
811
644
665
671
1034
1575
1953
2088
2189
2366
2482
2417
2303
2176
1916
1789
1628
1546
1627
1867
2243
2554
2804
2900
2974
3077
3229
3231
3062
2875
2433
1690
839
100
-653
-1274
-1658
-1848
-1772
-1437
-758
-26
642
1335
2033
2436
2498
2414
2100
1493
671
-155
-790
-1251
-1403
-1193
-609
99
1112
1937
2539
2987
3396
3307
2910
2528
1845
1108
422
-79
-274
-351
-221
159
499
1201
1882
2213
2415
2398
2201
1819
1424
1114
926
767
589
651
698
808
939
1062
1286
1552
1802
1762
1609
1589
1462
1227
809
771
874
836
789
751
868
917
810
779
639
350
153
-61
-166
-201
-383
-609
-740
-652
-622
-632
-465
-317
-297
-402
-526
-828
-1489
-2167
-2457
-2293
-1717
-645
762
2300
3455
4106
3996
3374
2443
1151
-210
-1601
-2957
-3802
-4042
-3738
-2807
-1488
-137
1124
1913
2409
2484
2051
1077
-255
-1605
-2904
-3923
-4626
-4715
-4260
-3452
-2255
-1217
-335
517
1254
1402
915
210
-756
-1808
-2684
-3375
-3955
-4177
-3971
-3424
-2457
-1289
-420
203
542
789
715
203
-469
-1148
-1798
-2376
-2766
-3056
-3156
-3032
-2674
-1914
-1155
-520
-99
-134
-393
-626
-977
-1451
-1677
-1805
-1954
-1974
-1824
-1603
-1297
-932
-552
-349
-224
-188
-279
-317
-498
-742
-884
-867
-857
-860
-747
-447
-122
68
267
526
774
943
901
822
558
118
-393
-1030
-1981
-2943
-3638
-3982
-4242
-4332
-4012
-3414
-2609
-1915
-1069
-245
240
506
398
243
-250
-1086
-1818
-2379
-2649
-2752
-2593
-2036
-1300
-477
435
1296
1756
2011
2193
2053
1598
1071
533
-181
-746
-907
-711
-506
-353
-71
486
1075
1448
1706
1900
1837
1607
1247
1008
834
688
570
450
466
538
711
1190
1596
1730
1796
1887
1931
1715
1718
1745
1629
1307
1064
1039
1159
1342
1388
1343
1492
1476
1269
1006
790
673
493
292
242
314
228
243
324
461
560
649
636
644
633
561
360
83
100
476
1142
