-4673
-4446
-4121
-3877
-3717
-3630
-3794
-4021
-4342
-4655
-4823
-5041
-4997
-4746
-4489
-4396
-4185
-3960
-3771
-3727
-3737
-3620
-3374
-3236
-3461
-3837
-4460
-5191
-6243
-7257
-7939
-8454
-8641
-8671
-8398
-7724
-6888
-5963
-5096
-4350
-3530
-3215
-3242
-3708
-4607
-5237
-5768
-6388
-6923
-7135
-6819
-6145
-5239
-4184
-3105
-2239
-1711
-1343
-1108
-1181
-1727
-2515
-3142
-3761
-4321
-4564
-4572
-4384
-3901
-3460
-2926
-2268
-1869
-1834
-1899
-2301
-2824
-3391
-4224
-4861
-5036
-4757
-4025
-3022
-1694
-683
-396
-899
-2047
-3552
-5541
-7569
-9445
-10892
-11686
-11568
-10596
-9026
-7422
-6142
-5141
-4552
-4588
-5460
-7053
-8978
-10836
-12074
-12806
-12900
-12352
-10623
-7904
-5219
-2823
-875
612
1289
1317
800
-316
-1765
-3308
-4800
-5864
-5957
-4880
-2824
-161
2650
5261
7240
8097
7932
6838
4873
2525
-61
-2791
-5194
-6631
-6947
-6342
-5092
-3377
-1233
667
1888
2256
2041
1055
-710
-2822
-5094
-7161
-8758
-9845
-10163
-9751
-8633
-7061
-5439
-3880
-3007
-2703
-2954
-3749
-5140
-6910
-8627
-10227
-11553
-12333
-12484
-12184
-11535
-10195
-8537
-7172
-6057
-5322
-5042
-5481
-6378
-7462
-8534
-9738
-10828
-11514
-11882
-11816
-11277
-10193
-8952
-7878
-6815
-5932
-5239
-4703
-4400
-4269
-4301
-4254
-4051
-3968
-3698
-3383
-2893
-2195
-1541
-1122
-812
-562
-386
-399
-601
-815
-1025
-1279
-1410
-1462
-1349
-1287
-1192
-1212
-1272
-1310
-1373
-1448
-1518
-1676
-2031
-2365
-2870
-3356
-3838
-4398
-4995
-5704
-6075
-6269
-6200
-5935
-5448
-4747
-4064
-3314
-2654
-2260
-2330
-2713
-3280
-4051
-4956
-6065
-6995
-7548
-7860
-8075
-8058
-7399
-6568
-5913
-5317
-4820
-4251
-3963
-3984
-4374
-4755
-5064
-5344
-5654
-5950
-5875
-5332
-4632
-3673
-2747
-1913
-919
-197
305
831
1075
1197
1334
1298
951
165
-777
-1602
-2674
-4017
-4932
-4967
-3981
-2175
-254
1586
3182
4468
5262
5031
4026
2708
978
-809
-2478
-3745
-4129
-3547
-2125
-71
2025
3900
5380
6336
6480
5877
4649
3121
1555
155
-1040
-1585
-1333
-150
1772
3762
5569
7039
7818
8104
8146
8025
7971
8015
7993
7888
7799
7441
7043
6519
5714
4640
3416
2251
1280
418
-244
-589
-248
625
1843
3023
4118
4850
4994
4853
4389
3367
2323
1152
-169
-1270
-1889
-2152
-2185
-1813
-1450
-793
-6
591
858
718
356
-245
-1176
-2308
-3334
-4101
-4657
-4750
-4677
-4637
-4549
-4494
-4222
-3869
-3848
-3959
-4011
-4338
-4665
-4855
-4766
-4669
-4676
-4623
-4421
-4200
-3948
-3810
-3719
-3621
-3678
-3822
-3879
-3937
-4179
-4244
-4316
-4145
-3641
-3228
-2646
-2008
-1306
-826
-584
-631
-654
-668
-1077
-1454
-1850
-2229
-2441
-2659
-2840
-2712
-2381
-2069
-1845
-1630
-1313
-988
-824
-778
-1024
-1603
-2319
-3338
-4489
-5778
-7240
-8511
-9297
-9609
-9605
-9196
-8694
-7795
-6746
-5831
-5212
-4668
-4284
-4465
-5132
-5938
-6761
-7714
-8655
-9402
-9835
-9841
-9588
-9136
-8398
-7389
-6493
-5817
-5338
-5031
-5149
-5666
-6236
-6844
-7499
-8048
-8137
-8017
-7806
-7275
-6699
-6070
-5375
-4666
-3947
-3536
-3223
-3099
-3005
-2674
-2451
-2314
-2096
-1820
-1460
-1188
-964
-538
-126
9
103
119
172
243
-20
-175
-337
-600
-800
-974
-1001
-840
-671
-653
-636
-758
-773
-812
-1107
-1528
-1898
-2128
-2364
-2379
-2423
-2422
-2329
-2254
-2009
-1878
-1666
-1480
-1520
-1855
-2580
-3270
-3746
-3792
-3147
-2301
-1261
-118
1029
1698
1450
597
-591
-1952
-3449
-4968
-6330
-7239
-7726
-7578
-6542
-5218
-3894
-2590
-1586
-1022
-1064
-1605
-2455
-3709
-5276
-6724
-7981
-8667
-8737
-8416
-7497
-6116
-4775
-3675
-2856
-2416
-2160
-2322
-2942
-4029
-5227
-6397
-7465
-8077
-8346
-8000
-7194
-6454
-5438
-4435
-3668
-3097
-2829
-2744
-2972
-3571
-4404
-5236
-5832
-6121
-6395
-6452
-6265
-5984
-5578
-5124
-4740
-4551
-4290
-3970
-4124
-4653
-5194
-5888
-6333
-6218
-6137
-6081
-5907
-5813
-5740
-5423
-5111
-5089
-5230
-5333
-5562
-5879
-6088
-6407
-6628
-6460
-6165
-6038
-6125
-6025
-5617
-5236
-4937
-4769
-4865
-4861
-4861
-5246
-6003
-6642
-7509
-8534
-9644
-10484
-10986
-11230
-11211
-11000
-10324
-9377
-8214
-7169
-6270
-5714
-5651
-5795
-6140
-6844
-7572
-8433
-9312
-9976
-10197
-9877
-9044
-7982
-6931
-6067
-5247
-4501
-3975
-3559
-3520
-3760
-4188
-4812
-5456
-5881
-6003
-5866
-5639
-5238
-4451
-3560
-2939
-2260
-1630
-1282
-895
-839
-846
-879
-1084
-1171
-955
-796
-782
-690
-409
74
652
1000
1231
1311
1400
1469
1361
1249
1116
968
940
1069
1121
1111
1062
860
799
769
695
544
307
67
-39
-213
-423
-469
-299
-119
-166
-281
-113
146
281
308
246
260
-34
-734
-1337
-1580
-1195
-168
1309
2863
4113
4991
5316
4742
3912
2750
1356
-157
-1479
-2453
-2905
-2826
-2338
-1455
-112
1435
2609
3257
3360
3106
2305
1119
-105
-1477
-2596
-3406
-3956
-3883
-3268
-2272
-1071
133
1072
1659
1858
1667
1181
354
-731
-1870
-2923
-3628
-3955
-4035
-3692
-3055
-2261
-1348
-641
6
334
140
-155
-565
-1255
-2158
-3144
-3770
-3973
-4010
-4058
-3894
-3263
-2633
-2048
-1744
-1623
-1657
-1755
-2129
-2527
-2881
-3439
-3713
-3560
-3459
-3450
-3253
-2784
-2368
-2156
-2149
-2247
-2376
-2439
-2588
-3031
-3309
-3353
-3349
-3309
-3236
-2973
-2565
-2276
-2071
-2102
-2122
-2086
-2051
-2079
-2292
-2786
-3482
-4047
-4831
-5749
-6650
-7302
-7675
-7930
-7850
-7344
-6468
-5479
-4619
-3926
-3349
-2952
-2893
-3311
-4058
-4754
-5555
-6543
-7355
-7799
-7779
-7325
-6572
-5636
-4516
-3585
-2760
-2248
-2180
-2284
-2591
-2866
-3364
-4048
-4655
-4874
-4875
-4558
-4087
-3564
-2918
-2399
-1798
-1079
-588
-386
-400
-501
-561
-855
-1061
-1096
-1148
-1093
-971
-744
-282
146
540
959
1260
1437
1482
1443
1425
1261
1028
858
1084
1063
977
996
1037
891
726
630
444
275
65
-207
-407
-490
-674
-558
-459
-486
-398
-309
-167
-65
-155
-323
-692
-962
-1534
-2375
-2672
-2191
-1421
-314
1161
2672
3771
4191
3922
3048
1897
625
-840
-2303
-3482
-4152
-4383
-3936
-2993
-1736
-245
1030
1800
2059
1887
1285
263
-1052
-2471
-3808
-4762
-5626
-5884
-5366
-4354
-3119
-2023
-1034
-153
171
60
-170
-933
-2000
-3171
-4227
-5059
-5575
-5654
-5424
-4863
-3962
-3012
-2048
-1374
-998
-950
-1463
-2000
-2627
-3320
-4123
-4947
-5560
-5883
-5733
-5278
-4721
-3989
-3442
-3183
-3279
-3273
-3160
-3220
-3622
-4146
-4517
-4696
-4890
-4942
-4739
-4300
-3854
-3410
-3146
-3065
-2982
-2942
-2905
-3253
-3673
-4054
-4406
-4485
-4290
-4076
-4041
-3884
-3598
-3512
-3510
-3424
-3309
-3293
-3195
-3332
-3670
-4196
-5046
-5869
-6735
-7365
-8187
-8840
-8969
-8845
-8466
-7900
-7053
-6017
-5059
-4273
-3835
-3578
-3828
-4555
-5299
-6087
-6929
-7663
-8134
-8168
-7950
-7267
-6473
-5644
-4827
-3924
-3124
-2608
-2384
-2701
-3244
-3590
-3900
-4447
-4921
-5082
-4926
-4612
-4084
-3299
-2442
-1687
-996
-648
-382
-188
-255
-459
-661
-850
-881
-889
-805
-584
-257
215
610
853
1238
1635
1730
1795
1819
1782
1830
1645
1387
1257
1237
1421
1581
1668
1513
1308
1264
1200
1133
931
719
521
396
364
282
367
449
564
648
754
725
774
847
719
289
-330
-1122
-1927
-2266
-2038
-1153
125
1529
2737
3421
3495
3024
2489
1662
500
-503
-1540
-2389
-2702
-2496
-1647
-491
828
1969
2491
2647
2582
2127
1302
148
-1225
-2373
-3149
-3545
-3595
-3130
-2257
-1132
92
995
1617
1927
1940
1765
1197
148
-891
-1845
-2579
-2931
-2937
-2635
-1948
-1141
-361
536
1243
1582
1616
1484
1206
616
-134
-1065
-1827
-2304
-2330
-2367
-2074
-1540
-949
-480
-168
79
137
51
-142
-714
-1426
-1799
-2087
-2412
-2641
-2686
-2521
-2234
-1788
-1417
-1329
-1337
-1354
-1397
-1555
-2024
-2454
-2719
-2854
-2985
-2924
-2711
-2462
-2326
-2318
-2317
-2266
-2180
-2040
-1922
-1935
-2181
-2735
-3522
-4409
-5244
-6056
-6759
-7381
-7772
-7612
-7361
-6897
-6265
-5373
-4316
-3326
-2681
-2296
-2473
-2888
-3459
-4208
-5094
-5868
-6414
-6554
-6373
-5864
-5058
-4083
-3202
-2338
-1503
-805
-516
-735
-1066
-1596
-2064
-2552
-2990
-2947
-2843
-2729
-2145
-1547
-950
-412
253
819
1298
1590
1738
1601
1328
1097
1000
1018
964
1009
1312
1676
2022
2362
2531
2611
2800
3007
3092
3130
2947
2734
2677
2558
2457
2420
2397
2415
2338
2362
2355
2092
1796
1646
1639
1531
1380
1174
1052
1059
995
1033
1174
1454
1545
1434
1261
1177
1038
817
719
574
699
1366
2642
4130
5456
6520
7138
6918
6179
5077
3482
1632
-263
-1807
-2823
-3398
-3228
-2287
-849
845
2638
4201
5009
5178
4940
4040
2595
1054
-545
-2114
-3405
-4020
-4033
-3295
-2140
-885
425
1276
1908
2494
2362
1647
664
-412
-1633
-2864
-4004
-4672
-4742
-4233
-3487
-2590
-1666
-797
-177
235
350
131
-544
-1297
-1964
-2690
-3474
-3965
-4095
-4074
-3952
-3536
-3054
-2700
-2382
-2310
-2358
-2453
-2588
-2846
-3303
-3476
-3504
-3519
-3354
-3007
-2649
-2274
-1946
-1685
-1435
-1390
-1539
-1642
-1819
-2086
-2603
-2779
-2711
-2623
-2382
-2028
-1621
-1377
-1340
-1211
-1024
-991
-1075
-1303
-1375
-1675
-2316
-3232
-4050
-4949
-5770
-6409
-6937
-7073
-6734
-6211
-5396
-4471
-3487
-2566
-2045
-1943
-2101
-2483
-3115
-4057
-5141
-5872
-6336
-6708
-6774
-6314
-5594
-4950
-4219
-3365
-2413
-1783
-1613
-1721
-2000
-2432
-2871
-3445
-3905
-4314
-4536
-4496
-4139
-3437
-2770
-2281
-1766
-1081
-624
-471
-408
-431
-441
-593
-671
-727
-955
-755
-455
-58
349
603
1007
1332
1521
1786
1923
1961
1861
1814
1826
1734
1753
1760
1582
1475
1692
1789
1716
1528
1334
1048
851
794
600
384
284
381
610
672
692
727
893
986
1147
1176
852
292
-444
-1100
-1476
-1414
-811
175
1365
2528
3478
4002
3848
3106
2125
984
-410
-1726
-2759
-3356
-3436
-2779
-1704
-316
1047
2184
2982
3259
3191
2598
1521
125
-1430
-2839
-3866
-4407
-4485
-4038
-3111
-1768
-444
516
1184
1677
1834
1502
613
-376
-1364
-2261
-2949
-3328
-3377
-3016
-2524
-1811
-782
151
894
1232
1253
1066
582
-47
-686
-1420
-2145
-2494
-2543
-2419
-2348
-1993
-1544
-1029
-447
-242
-133
-207
-445
-753
-1146
-1525
-1620
-1773
-1838
-1890
-1870
-1673
-1382
-1072
-1024
-1051
-1104
-1228
-1460
-1733
-1918
-2085
-2195
-2146
-2281
-2404
-2069
-1638
-1494
-1529
-1411
-1260
-1125
-1218
-1393
-1793
-2453
-3189
-3978
-4958
-5925
-6491
-7082
-7430
-7276
-6780
-5895
-4981
-4164
-3502
-2783
-2262
-2081
-2282
-2844
-3512
-4253
-4989
-5750
-6173
-6042
-5590
-4820
-4006
-3129
-2164
-1301
-644
-291
-129
-237
-543
-1001
-1674
-2129
-2380
-2519
-2409
-2036
-1454
-712
53
815
1465
1968
2097
2185
2188
2060
1929
1913
2003
1947
2029
2147
2453
2850
3173
3457
3782
3974
4198
4305
4138
4119
4009
3956
3868
3803
3780
3699
3649
3648
3657
3633
3499
3343
3261
3177
3080
2880
2545
2523
2542
2600
2477
2385
2499
2503
2429
2425
2489
2488
2151
1389
762
407
528
1203
2280
3825
5283
6250
6756
6834
6291
5289
3894
2415
1227
171
-666
-1108
-966
-23
1348
2615
3774
4709
5223
5225
4800
3946
2816
1442
154
-921
-1625
-1803
-1408
-601
404
1447
2416
3262
3607
3467
3290
2792
1969
1016
-104
-1029
-1616
-1903
-1815
-1413
-640
197
1009
1765
2241
2372
2237
1865
1270
538
-363
-1133
-1708
-1990
-1949
-1644
-1206
-776
-381
1
320
313
103
-184
-620
-1103
-1474
-1677
-1726
-1667
-1491
-1341
-1257
-1155
-712
-384
-317
-412
-636
-791
-942
-1143
-1537
-1762
-1769
-1826
-1807
-1602
-1229
-1035
-942
-699
-607
-628
-751
-765
-875
-1288
-1893
-2567
-3514
-4585
-5537
-6114
-6326
-6386
-6250
-5670
-4759
-3753
-2741
-1944
-1477
-1356
-1567
-1981
-2595
-3325
-4007
-4681
-5289
-5633
-5391
-4749
-4241
-3714
-2846
-1808
-1050
-645
-511
-689
-998
-1363
-1940
-2428
-2813
-2989
-2874
-2767
-2452
-1808
-1114
-431
280
719
1112
1405
1561
1483
1384
1376
1240
1039
1036
1390
1839
2071
2319
2602
2837
3184
3329
3444
3414
3475
3600
3574
3306
3047
2986
3177
3147
2985
2962
2936
2847
2754
2615
2575
2461
2247
2103
2023
1970
2050
2248
2431
2364
2284
2362
2391
2435
2531
2350
1773
994
428
249
635
1488
2989
4585
5796
6524
6780
6466
5499
4159
2604
1235
131
-905
-1478
-1413
-814
331
1634
2795
3729
4426
4747
4472
3748
2556
1182
-185
-1476
-2487
-3070
-2812
-2086
-1012
140
1279
2185
2662
2812
2699
2186
1437
477
-701
-1734
-2519
-2847
-2602
-2112
-1482
-755
-40
648
1298
1783
1929
1552
698
-137
-873
-1607
-2134
-2394
-2533
-2378
-2097
-1698
-1125
-577
-186
57
-11
-390
-695
-975
-1242
-1587
-2008
-2175
-2293
-2305
-1929
-1288
-869
-590
-398
-488
-647
-829
-987
-1080
-1421
-1724
-1876
-1946
-1775
-1497
-1296
-1256
-1352
-1156
-914
-793
-723
-791
-1051
-1421
-2082
-2948
-3851
-4710
-5473
-5929
-6311
-6534
-6430
-6013
-5411
-4632
-3663
-2764
-2126
-1712
-1646
-1959
-2670
-3357
-4164
-5135
-5813
-6044
-5805
-5312
-4579
-3718
-3038
-2319
-1553
-819
-438
-444
-611
-951
-1440
-2078
-2605
-2921
-2919
-2761
-2410
-1645
-723
-84
371
926
1494
1829
1938
1875
1674
1540
1498
1289
1173
1352
1595
1888
2223
2573
2954
3241
3565
3830
3909
3895
3732
3475
3332
3444
3314
3207
3090
2989
3083
3061
3074
3139
3012
2774
2677
2506
2330
2187
2104
2083
2017
2118
2185
2290
2385
2528
2577
2509
2169
1670
1026
536
459
680
1480
2596
3961
5404
6505
6809
6582
5945
4713
3336
2037
580
-617
-1177
-1254
-932
-22
1411
2750
3846
4685
4992
4821
4290
3211
1900
636
-562
-1508
-1968
-2008
-1687
-932
82
1147
2060
2861
3238
3147
2767
2189
1251
207
-719
-1481
-2096
-2391
-2070
-1431
-571
426
1155
1774
2205
2248
2027
1603
900
89
-604
-1131
-1597
-1882
-1804
-1576
-1161
-610
-124
11
189
297
348
265
-30
-510
-1108
-1504
-1472
-1360
-1273
-902
-484
-63
180
143
236
265
5
-344
-484
-760
-977
-999
-789
-744
-824
-628
-270
62
191
79
0
217
424
353
-194
-922
-1646
-2416
-3210
-4056
-4683
-5026
-5163
-5308
-5110
-4449
-3578
-2688
-1893
-1218
-759
-655
-817
-1288
-1883
-2671
-3433
-4040
-4503
-4656
-4241
-3551
-2748
-1987
-1275
-597
47
415
549
437
181
-277
-735
-1299
-1747
-1835
-1471
-1098
-575
16
720
1159
1601
2023
2257
2247
2100
1865
1563
1383
1410
1475
1717
2081
2496
2882
3042
2848
2458
1951
1351
733
371
417
695
1143
1698
2532
3262
3856
4103
3964
3600
2895
1894
952
283
87
397
1153
2150
3211
4473
5779
6719
7087
6968
6737
6167
5290
4307
3466
2916
2466
2430
2953
3946
5442
7143
8727
9950
10447
10291
9602
8438
6845
5148
3495
1988
921
534
867
1609
2681
3855
5030
5847
6220
6337
5734
4732
3435
2090
765
-526
-1570
-1822
-1609
-1154
-199
823
1773
2440
2933
3140
2880
2290
1407
509
-665
-1863
-2784
-3190
-3101
-2766
-2226
-1565
-843
-100
580
1075
1152
873
312
-352
-971
-1624
-2182
-2357
-2100
-1779
-1661
-1332
-600
171
708
1137
1338
1310
1081
819
632
358
282
447
493
702
1153
1541
1903
2199
2424
2566
2473
2208
1978
1596
1342
1095
942
974
1023
1121
1234
1341
1421
1491
1692
1833
1705
1557
1286
965
534
-92
-822
-1658
-2531
-3286
-4095
-4649
-4820
-4557
-3903
-3323
-2581
-1805
-1296
-907
-786
-829
-1087
-1745
-2674
-3626
-4293
-4638
-5009
-4975
-4571
-4011
-3218
-2425
-1547
-798
-479
-523
-732
-1118
-1711
-2257
-2848
-3415
-3875
-4022
-3812
-3316
-2686
-2146
-1604
-1027
-602
-179
140
243
116
-149
-652
-1345
-1907
-1965
-1815
-1618
-1282
-596
75
603
1242
1656
1720
1544
1131
668
137
-595
-1014
-1270
-1313
-1007
-513
315
747
847
985
951
689
26
-759
-1567
-2318
-2913
-3091
-2981
-2703
-2261
-1756
-1285
-1003
-956
-1204
-1682
-2478
-3592
-4765
-5607
-5768
-4933
-3491
-1768
55
1202
1668
1594
820
-601
-2257
-4030
-5854
-7205
-8024
-8231
-7557
-6238
-4581
-2769
-1261
-319
231
276
-234
-1353
-2816
-4391
-5863
-7058
-7421
-7049
-6217
-4961
-3539
-2138
-820
-3
285
210
-77
-665
-1698
-2690
-3594
-4255
-4664
-4405
-3830
-2832
-1781
-1012
-98
649
1114
1210
1009
575
44
-617
-1509
-2094
-2372
-2525
-2302
-1818
-1343
-753
-198
323
610
528
251
63
-234
-716
-1030
-1103
-1250
-1302
-1163
-849
-463
-139
160
214
287
528
448
198
-150
-465
-740
-845
-881
-771
-517
-108
176
371
608
907
1189
1252
1150
829
608
314
-290
-1124
-1989
-2831
-3514
-3621
-3443
-3102
-2590
-1919
-1051
-66
902
1686
2095
2256
2102
1575
792
144
-290
-822
-1032
-897
-396
404
1317
2372
3293
3979
4513
4649
4540
4193
3627
2940
2288
1857
1662
1628
1775
2083
2344
2836
3542
4234
4501
4567
4498
4363
4204
3814
3319
3039
2814
2818
2938
2946
3117
3472
3813
3943
3972
4120
4115
3896
3754
3690
3534
3241
3124
3221
3273
3208
3154
3029
2998
2970
3001
2907
2578
2285
2133
2042
1870
1808
1855
1946
2003
2015
2209
2408
2456
2320
2192
2103
1729
1113
421
-130
-232
287
1297
2635
3951
4967
5564
5469
5013
4240
3252
2167
1158
422
-5
-102
532
1523
2565
3616
4505
5162
5439
5171
4544
3763
2807
1785
932
141
-434
-316
481
1467
2480
3435
4302
5053
5289
5119
4712
4033
3032
2082
1362
785
398
424
799
1502
2380
3171
3760
4328
4632
4698
4391
3712
3117
2547
1977
1286
763
735
886
1195
1567
2058
2601
3018
3288
3313
3272
2915
2446
1853
1486
1176
819
798
878
1111
1320
1478
1878
2173
2127
2092
2047
1832
1527
1280
1086
905
832
981
1318
1623
1764
1794
1921
2200
2443
2399
2442
2345
2020
1496
824
217
-484
-1309
-2025
-2427
-2464
-2442
-2217
-1517
-639
235
962
1562
1991
2076
1988
1844
1148
235
-630
-1321
-1559
-1540
-1248
-667
110
1085
2036
2689
3117
3264
3267
3062
2643
2077
1466
653
108
-70
-33
163
669
1261
1618
1916
2282
2583
2589
2540
2209
1739
1436
1076
762
519
406
577
751
933
1155
1448
1751
1968
1973
1704
1486
1315
1109
904
699
596
670
732
791
861
720
599
512
303
78
-112
-339
-485
-679
-954
-965
-840
-722
-650
-546
-741
-829
-617
-500
-600
-904
-1270
-1616
-1627
-1115
-239
979
2463
3907
4849
5335
5082
4232
2862
1165
-697
-2683
-4157
-4980
-5199
-4892
-3804
-2061
-70
1694
3046
3764
3824
3269
2320
1015
-642
-2415
-4023
-5054
-5456
-5256
-4397
-3116
-1821
-489
652
1095
1240
1172
618
-387
-1562
-2748
-3968
-4946
-5398
-5245
-4515
-3478
-2555
-1736
-933
-11
399
283
-10
-530
-1229
-2050
-2947
-3665
-3839
-3630
-3438
-3277
-2918
-2420
-1919
-1559
-1398
-1540
-1786
-1957
-2051
-2211
-2345
-2376
-2310
-2071
-1689
-1186
-684
-417
-210
-12
83
-31
-304
-547
-765
-839
-717
-840
-823
-463
-48
249
415
632
869
1172
1365
1356
1336
1029
492
-106
-706
-1473
-2467
-3328
-3790
-4004
-3832
-3436
-2800
-1929
-1153
-296
526
1152
1504
1314
735
140
-607
-1408
-2161
-2604
-2750
-2605
-2256
-1488
-508
319
963
1518
2084
2198
1719
1139
739
308
-322
-1019
-1466
-1467
-1266
-970
-526
-18
361
816
1283
1504
1587
1434
1093
726
461
273
-1
-33
-65
151
557
897
1167
1496
1821
1819
1593
1525
1610
1614
1545
1359
1301
1283
1242
1317
1361
1319
1453
1453
1279
1148
979
754
616
370
283
381
506
604
688
640
707
763
712
761
865
727
285
-169
-469
-553
-164
