-5114
-4670
-4321
-4175
-3934
-3828
-4054
-4275
-4480
-4601
-4801
-5021
-4902
-4749
-4742
-4691
-4501
-4230
-3886
-3754
-3800
-3615
-3565
-3564
-3629
-3912
-4486
-5290
-6490
-7521
-7944
-8317
-8640
-8683
-8460
-7818
-7026
-6204
-5374
-4577
-3721
-3324
-3471
-3957
-4726
-5441
-6113
-6764
-7246
-7077
-6815
-6262
-5283
-4267
-3228
-2511
-2005
-1620
-1604
-1869
-2174
-2672
-3480
-4311
-4627
-4688
-4744
-4630
-4208
-3625
-3028
-2444
-2062
-1858
-1936
-2410
-3207
-4141
-4847
-5093
-5119
-4852
-4202
-3134
-1866
-963
-755
-1348
-2481
-3955
-5804
-7959
-9980
-11491
-12040
-11597
-10579
-9179
-7358
-5773
-4822
-4562
-4758
-5459
-7066
-8958
-10772
-12186
-12944
-13126
-12253
-10374
-8058
-5579
-3082
-935
576
1184
1066
404
-714
-1963
-3548
-5058
-6051
-6161
-5187
-3199
-569
2230
4814
6746
7693
7515
6367
4487
2110
-483
-3001
-5127
-6455
-6938
-6573
-5263
-3242
-1126
455
1514
2083
1599
469
-1110
-3287
-5572
-7646
-9274
-10329
-10346
-9592
-8304
-6590
-5083
-3913
-3160
-2907
-3248
-4215
-5667
-7245
-8855
-10250
-11600
-12380
-12506
-12124
-11081
-9713
-8131
-6652
-5684
-5105
-4890
-5323
-6215
-7238
-8426
-9614
-10748
-11574
-11976
-11793
-11256
-10228
-8969
-7782
-6752
-5824
-5007
-4621
-4469
-4450
-4431
-4391
-4308
-4347
-4139
-3572
-3010
-2425
-1750
-1342
-951
-748
-691
-642
-739
-1072
-1413
-1574
-1809
-1923
-1780
-1611
-1618
-1643
-1570
-1514
-1611
-1756
-1822
-1977
-2332
-2640
-2936
-3388
-4166
-4902
-5421
-5735
-5918
-6167
-6174
-6045
-5654
-5032
-4293
-3533
-2946
-2564
-2453
-2715
-3447
-4420
-5304
-6306
-7170
-7830
-8289
-8365
-8143
-7724
-7018
-5992
-5186
-4454
-4003
-3811
-3925
-4242
-4678
-5205
-5533
-5672
-5589
-5400
-4901
-4170
-3402
-2620
-1631
-708
90
646
1083
1378
1584
1624
1526
1325
684
-202
-1298
-2575
-3667
-4386
-4440
-3561
-1792
287
2158
3565
4682
5248
5197
4332
2869
1195
-831
-2659
-3819
-3819
-2909
-1467
427
2387
4092
5496
6379
6612
6051
4926
3499
1802
293
-734
-1180
-670
490
2140
4138
5842
7024
7738
8023
8041
7849
7773
7872
8019
8029
7892
7677
7158
6469
5682
4633
3448
2189
1188
410
-26
20
373
1086
2036
3182
4029
4638
5040
5005
4445
3553
2322
1021
37
-862
-1721
-1973
-1883
-1489
-835
-208
396
896
1045
811
516
105
-748
-1815
-2911
-3691
-4244
-4502
-4533
-4442
-4231
-3874
-3777
-3748
-3574
-3570
-3577
-3953
-4377
-4556
-4707
-4833
-4791
-4683
-4375
-4064
-3775
-3630
-3513
-3303
-3229
-3561
-4038
-4233
-4369
-4415
-4314
-4162
-3797
-3324
-2884
-2341
-1680
-1124
-909
-919
-1065
-1193
-1396
-1796
-2024
-2390
-2900
-3072
-3148
-3061
-2812
-2666
-2516
-2138
-1711
-1537
-1544
-1564
-1596
-1967
-2814
-3858
-5046
-6329
-7710
-8841
-9674
-10182
-10429
-10332
-9796
-8942
-7796
-6613
-5593
-4940
-4863
-4928
-5388
-6302
-7316
-8210
-9035
-9845
-10427
-10525
-10117
-9735
-9068
-8044
-6959
-6366
-6100
-5856
-6007
-6504
-7170
-7834
-8358
-8825
-9084
-9037
-8802
-8405
-7684
-6972
-6300
-5525
-4919
-4558
-4301
-3973
-3708
-3624
-3562
-3387
-3055
-2847
-2676
-2343
-2074
-1651
-1087
-857
-771
-654
-746
-804
-947
-1171
-1320
-1318
-1479
-1627
-1594
-1658
-1547
-1444
-1507
-1508
-1605
-1938
-2103
-2208
-2357
-2733
-3035
-3015
-3042
-2962
-3042
-2866
-2492
-2258
-2134
-2227
-2122
-2254
-2793
-3586
-4208
-4497
-4056
-3085
-1926
-656
292
510
396
-227
-1362
-2796
-4507
-5961
-7177
-7939
-8140
-8082
-7250
-5821
-4298
-2872
-1949
-1699
-1744
-2123
-3104
-4471
-5901
-7184
-8259
-9070
-9436
-8937
-7792
-6401
-5145
-4095
-3312
-2875
-2660
-2949
-3737
-4598
-5705
-6749
-7668
-8487
-8661
-8296
-7551
-6726
-5779
-4867
-4273
-3756
-3394
-3276
-3516
-4143
-4922
-5697
-6312
-6699
-6904
-6907
-6710
-6406
-6142
-5631
-5073
-4734
-4681
-4778
-4997
-5378
-5843
-6299
-6477
-6782
-7103
-6891
-6488
-6082
-5786
-5679
-5700
-5528
-5642
-5894
-6140
-6333
-6364
-6627
-6861
-6802
-6628
-6542
-6188
-6036
-5914
-5554
-5270
-4992
-4982
-5058
-5234
-5628
-6039
-6812
-7644
-8428
-9466
-10378
-10902
-11132
-11094
-10723
-9879
-9063
-8224
-7452
-6588
-5746
-5423
-5605
-6140
-6762
-7449
-8250
-8943
-9513
-9868
-9694
-9141
-8362
-7360
-6362
-5267
-4334
-3792
-3568
-3652
-3819
-4199
-4707
-5274
-5765
-6003
-6031
-5728
-5209
-4438
-3644
-2937
-2241
-1669
-1261
-1221
-1110
-1058
-1065
-1148
-1231
-1220
-1018
-827
-632
-400
-13
372
746
1097
1237
1260
1200
1255
1237
1231
1222
1054
1091
1186
1038
941
863
970
1049
957
705
472
300
33
-158
-247
-233
-250
-280
-127
2
47
405
698
685
505
364
-25
-810
-1351
-1450
-1018
25
1338
2732
3968
4834
5085
4569
3618
2517
1198
-209
-1439
-2423
-2996
-2776
-1952
-871
273
1506
2726
3430
3529
3115
2435
1305
-100
-1390
-2510
-3424
-3732
-3533
-2847
-1714
-600
385
1175
1820
2071
1828
1260
473
-611
-1802
-2690
-3429
-3844
-3793
-3316
-2553
-1753
-1076
-334
286
394
219
-129
-663
-1321
-2215
-2878
-3544
-3869
-3951
-3750
-3402
-2779
-1999
-1592
-1258
-1309
-1465
-1580
-1798
-2094
-2546
-3013
-3328
-3364
-3220
-3042
-2793
-2397
-2209
-2058
-1931
-1961
-2017
-2082
-2294
-2527
-2821
-3123
-3346
-3221
-2976
-2744
-2623
-2492
-2227
-2079
-1845
-1732
-1701
-1812
-2195
-2698
-3203
-3846
-4751
-5797
-6597
-7113
-7621
-7805
-7568
-6940
-6101
-5242
-4542
-3856
-3205
-2928
-2944
-3286
-4114
-4965
-5738
-6369
-6958
-7372
-7343
-7061
-6257
-5269
-4314
-3443
-2639
-1972
-1836
-2145
-2404
-2771
-3374
-3894
-4237
-4377
-4539
-4364
-3927
-3434
-2780
-2107
-1340
-851
-720
-544
-360
-498
-623
-591
-636
-762
-888
-779
-444
4
263
525
889
1316
1566
1588
1559
1597
1580
1459
1305
1444
1664
1642
1535
1601
1702
1482
1230
1169
1047
676
393
349
424
317
72
-56
-44
-39
23
43
24
89
201
274
166
-245
-1027
-1834
-2148
-1695
-881
253
1598
2881
3827
4421
4401
3699
2521
890
-632
-2019
-3127
-3959
-4104
-3648
-2635
-1414
-45
1078
1841
2142
1879
1167
37
-1232
-2695
-4035
-5020
-5461
-5402
-4719
-3729
-2813
-1720
-769
-76
324
269
-230
-1192
-2338
-3542
-4552
-5264
-5713
-5670
-5303
-4655
-3863
-2960
-2224
-1661
-1267
-1156
-1514
-2142
-2808
-3618
-4558
-5312
-5725
-5912
-5702
-5151
-4620
-4211
-3655
-3270
-3141
-3048
-3181
-3485
-4043
-4426
-4557
-4826
-5095
-5183
-5051
-4805
-4527
-4261
-3986
-3570
-3455
-3659
-3889
-4107
-4345
-4530
-4660
-4654
-4532
-4555
-4744
-4606
-4286
-4111
-3971
-3844
-3678
-3518
-3585
-3716
-3999
-4501
-5206
-6172
-7264
-8123
-8865
-9302
-9383
-9289
-8900
-8229
-7484
-6591
-5509
-4675
-4296
-4292
-4672
-5131
-5814
-6867
-7957
-8481
-8672
-8735
-8537
-7721
-6698
-5884
-4961
-4204
-3536
-3279
-3313
-3528
-3747
-4258
-4876
-5266
-5601
-5815
-5572
-5014
-4440
-3820
-3188
-2473
-1900
-1245
-896
-823
-727
-817
-1164
-1345
-1264
-1281
-1213
-1011
-671
-242
129
463
855
1183
1422
1412
1301
1330
1334
1142
922
935
1149
1284
1292
1135
1026
905
811
848
925
775
429
159
165
245
218
252
340
452
486
491
648
739
460
233
-43
-704
-1534
-2308
-2734
-2525
-1661
-323
977
2109
2865
3019
2685
1876
978
134
-907
-1990
-2645
-2757
-2337
-1527
-512
509
1503
2369
2548
2172
1636
810
-379
-1543
-2515
-3096
-3545
-3565
-3049
-2176
-1165
-212
746
1434
1996
2139
1692
858
-130
-1034
-1800
-2428
-2770
-2830
-2608
-1973
-1156
-351
430
1010
1348
1222
933
511
105
-593
-1407
-2011
-2332
-2506
-2386
-2139
-1792
-1460
-944
-383
-155
-217
-204
-330
-846
-1451
-1935
-2328
-2588
-2701
-2772
-2734
-2465
-2183
-1944
-1852
-1892
-1842
-1916
-2157
-2319
-2464
-2686
-2818
-2903
-2924
-2845
-2793
-2652
-2379
-2219
-2203
-2210
-2101
-2098
-2297
-2466
-2749
-3239
-4153
-5076
-5990
-6750
-7358
-7581
-7602
-7282
-6717
-5937
-4948
-4082
-3383
-2875
-2625
-2690
-3145
-3822
-4513
-5127
-5649
-6199
-6482
-6296
-5766
-4812
-3912
-3014
-2258
-1560
-971
-745
-687
-988
-1497
-2066
-2590
-2969
-3002
-3049
-2808
-2240
-1617
-732
-72
574
977
1262
1517
1599
1478
1204
922
863
722
720
1000
1298
1694
2119
2345
2691
2961
3060
3046
3088
3166
3135
2914
2497
2415
2521
2464
2315
2254
2455
2593
2425
2206
1934
1767
1707
1487
1230
1026
1017
1050
947
873
897
928
1034
1197
1387
1417
1181
791
539
399
752
1695
2996
4265
5576
6638
7072
6852
6059
4762
3083
1131
-698
-2127
-3192
-3465
-3025
-2014
-567
1124
2765
4172
5213
5471
4995
3901
2504
803
-977
-2419
-3468
-4083
-4031
-3284
-2064
-721
508
1385
1999
2087
1885
1382
500
-704
-2180
-3521
-4379
-4871
-4814
-4421
-3647
-2628
-1652
-768
-70
365
242
-282
-1028
-1873
-2483
-3158
-3791
-4203
-4397
-4402
-4112
-3591
-3282
-3102
-3005
-2720
-2492
-2534
-2852
-3294
-3615
-3679
-3767
-3636
-3327
-3033
-2682
-2424
-2001
-1574
-1461
-1580
-1753
-1947
-2228
-2559
-2700
-2656
-2698
-2676
-2539
-2296
-1781
-1370
-1161
-1039
-1030
-1054
-1081
-1130
-1434
-1878
-2545
-3332
-4329
-5395
-6228
-6724
-6997
-6954
-6638
-6108
-5482
-4616
-3633
-2729
-2056
-1940
-2261
-2559
-3154
-3924
-4703
-5705
-6504
-6943
-6871
-6573
-6048
-5163
-4158
-3199
-2496
-2100
-1910
-1946
-2251
-2584
-3230
-3815
-4330
-4657
-4805
-4734
-4329
-3650
-3011
-2412
-1943
-1436
-1058
-861
-714
-571
-546
-672
-834
-947
-1092
-1146
-808
-342
128
482
730
949
1163
1547
1789
1888
1773
1750
1671
1572
1688
1573
1504
1521
1684
1734
1564
1489
1317
1113
1028
905
683
623
681
562
531
622
789
852
991
1087
1076
1056
1020
703
-20
-805
-1421
-1627
-1122
-74
1186
2311
3170
3694
3687
3033
2024
806
-494
-1727
-2679
-3210
-3171
-2604
-1671
-385
1047
2480
3257
3330
2982
2271
1235
-184
-1520
-2659
-3730
-4440
-4531
-3930
-2846
-1657
-667
349
1245
1765
1693
1176
530
-347
-1483
-2474
-3082
-3466
-3615
-3155
-2431
-1496
-488
341
900
1167
1124
991
636
32
-791
-1525
-1850
-2124
-2439
-2610
-2357
-1776
-1081
-516
-172
-30
66
-76
-248
-717
-1232
-1533
-1768
-1902
-1948
-1791
-1561
-1268
-1065
-957
-974
-965
-1098
-1380
-1659
-1814
-1984
-2035
-2261
-2385
-2420
-2201
-1877
-1762
-1762
-1772
-1618
-1313
-1175
-1276
-1475
-1796
-2362
-3162
-3962
-4975
-5861
-6520
-7052
-7254
-7181
-6678
-6071
-5247
-4239
-3288
-2669
-2409
-2330
-2475
-2845
-3448
-4349
-5191
-5682
-6121
-6209
-5830
-5153
-4265
-3297
-2442
-1518
-861
-512
-408
-556
-847
-1266
-1782
-2146
-2420
-2652
-2725
-2367
-1725
-896
-217
479
1075
1462
1914
2104
2170
2060
1845
1714
1568
1527
1735
1993
2203
2415
2650
2905
3336
3623
3653
3728
3763
3682
3397
3281
3253
3190
3224
3295
3393
3476
3311
3202
3079
2859
2682
2424
2382
2390
2203
2083
2086
2153
2168
2179
2382
2528
2478
2462
2352
2124
1713
1119
555
179
114
701
1854
3309
4809
5742
6259
6251
5673
4760
3667
2420
1042
-230
-1113
-1521
-1274
-367
912
2345
3592
4501
4928
4746
4274
3490
2677
1300
-129
-1203
-1791
-1878
-1494
-732
227
1244
2212
2915
3347
3377
2887
2190
1388
390
-790
-1619
-1943
-2000
-1653
-1129
-516
296
1102
1692
1972
1873
1821
1595
890
-42
-971
-1538
-1927
-2129
-2054
-1886
-1716
-1220
-662
-75
143
44
-194
-350
-631
-1078
-1485
-1804
-2130
-2192
-2059
-1858
-1457
-1091
-667
-511
-633
-636
-727
-848
-1165
-1472
-1742
-1831
-1948
-1860
-1644
-1544
-1309
-1151
-1043
-1018
-829
-565
-591
-585
-781
-1248
-1924
-2862
-3709
-4490
-5336
-5928
-6156
-6235
-6121
-5668
-4704
-3735
-2903
-2066
-1405
-1146
-1381
-1973
-2845
-3676
-4307
-4980
-5603
-5743
-5401
-4783
-4036
-3202
-2381
-1530
-883
-579
-548
-559
-872
-1341
-1795
-2241
-2750
-3081
-2999
-2716
-2145
-1458
-833
-263
77
272
668
1014
1124
1047
767
543
480
435
608
775
1048
1236
1498
1876
2251
2474
2643
2801
2792
2736
2567
2452
2485
2470
2484
2406
2350
2412
2441
2452
2204
2127
2068
1878
1610
1473
1459
1395
1431
1369
1280
1199
1291
1539
1685
1704
1620
1535
1327
893
297
-313
-521
-126
812
2127
3618
4925
5710
5851
5461
4547
3353
2066
711
-412
-1283
-1866
-1834
-1159
-154
1103
2487
3474
3951
4011
3663
2983
1912
496
-965
-1988
-2739
-2988
-2829
-2310
-1396
-461
436
1330
1981
2264
1974
1345
565
-300
-1270
-2362
-3158
-3318
-3135
-2583
-1813
-1175
-398
407
967
1241
1281
872
152
-619
-1412
-2203
-2583
-2808
-2859
-2606
-2334
-1936
-1549
-1023
-566
-407
-536
-753
-924
-1422
-2023
-2156
-2079
-2157
-2222
-2194
-1872
-1492
-1038
-788
-683
-763
-1011
-1228
-1412
-1482
-1492
-1694
-1726
-1568
-1504
-1516
-1373
-1199
-1043
-891
-680
-448
-332
-386
-636
-951
-1614
-2359
-3298
-4478
-5282
-5894
-6190
-6194
-5856
-5462
-4921
-4136
-3312
-2386
-1695
-1461
-1604
-1859
-2319
-2964
-3830
-4610
-5209
-5583
-5581
-5070
-4310
-3404
-2423
-1733
-1182
-619
-287
-220
-495
-900
-1091
-1411
-2143
-2561
-2525
-2296
-1808
-1224
-589
16
628
1331
1763
1989
2055
2075
2017
1739
1409
1421
1571
1873
2267
2407
2684
3037
3377
3550
3787
3945
3950
3846
3785
3665
3603
3575
3498
3303
3248
3483
3616
3530
3411
3413
3115
2839
2673
2475
2317
2185
2193
2302
2305
2504
2677
2768
2713
2600
2608
2485
2260
2050
1434
701
526
975
1606
2652
4102
5359
6378
6893
6761
6092
5035
3642
2164
647
-511
-963
-1025
-658
251
1514
2861
3930
4768
5117
4894
4264
3126
1807
434
-814
-1628
-1888
-1738
-1252
-564
427
1493
2312
2969
3293
3250
2851
2073
1103
140
-680
-1248
-1485
-1603
-1468
-929
-121
692
1572
2144
2395
2340
2051
1618
987
59
-750
-1419
-1657
-1592
-1390
-1199
-791
-277
261
530
680
785
779
597
31
-625
-1052
-1183
-1200
-1333
-1186
-942
-551
-60
214
268
343
296
189
16
-254
-513
-787
-1007
-1060
-921
-681
-404
-191
42
344
453
518
526
393
203
-50
-503
-1111
-1958
-3016
-4052
-4768
-5150
-5099
-4916
-4575
-4086
-3285
-2292
-1421
-831
-514
-492
-602
-1082
-1841
-2580
-3315
-4029
-4612
-4642
-4260
-3523
-2913
-2121
-1147
-312
244
483
498
333
-130
-573
-1039
-1542
-1774
-1786
-1738
-1588
-1118
-308
381
953
1487
1794
1882
1616
1316
1243
1174
972
947
1185
1530
2036
2402
2527
2506
2299
1958
1571
1141
554
196
111
400
848
1648
2652
3290
3744
4086
4062
3542
2548
1509
723
231
83
195
818
2049
3154
4206
5306
6262
6832
6790
6278
5570
4905
4169
3405
2816
2501
2453
2868
3779
5169
6942
8568
9700
10183
10011
9273
8005
6376
4718
3137
1729
806
539
802
1498
2704
3950
4940
5692
5990
5779
5192
4242
3016
1691
475
-508
-1361
-1818
-1562
-1033
-271
658
1530
2194
2723
2891
2537
1707
808
-42
-934
-1893
-2758
-3317
-3294
-2769
-2320
-1731
-827
19
432
642
672
438
48
-647
-1409
-2078
-2562
-2786
-2698
-2531
-2157
-1451
-565
88
566
946
927
662
472
421
384
173
-82
-146
19
342
719
1112
1506
1925
2021
1846
1652
1573
1427
1095
839
769
722
734
720
767
802
1002
1041
1109
1140
1202
1169
1069
1010
804
231
-507
-1328
-2169
-3042
-3798
-4560
-4821
-4855
-4844
-4606
-3936
-3027
-2179
-1421
-941
-928
-1133
-1579
-2278
-3143
-4062
-4846
-5396
-5563
-5367
-4858
-4237
-3463
-2537
-1650
-1178
-982
-889
-987
-1396
-1919
-2613
-3337
-3993
-4205
-4065
-3795
-3495
-2930
-2362
-1821
-1161
-766
-335
-31
52
-99
-627
-1324
-1867
-2156
-2344
-2433
-2293
-1762
-1043
-88
725
1058
1190
1239
1129
795
64
-590
-1012
-1415
-1574
-1351
-1018
-679
-163
443
771
802
779
471
-276
-1093
-1787
-2383
-2778
-3069
-3196
-3045
-2584
-1926
-1426
-1268
-1069
-1003
-1603
-2668
-3986
-5112
-5871
-6059
-5283
-3778
-1988
-341
888
1494
1314
253
-1099
-2747
-4460
-6118
-7361
-8109
-8362
-7819
-6606
-4918
-3033
-1366
-275
267
117
-590
-1824
-3391
-4943
-6240
-7116
-7341
-6916
-6075
-4946
-3668
-2436
-1162
-318
-16
81
-269
-1113
-2224
-3255
-4016
-4635
-4820
-4584
-4036
-3243
-2327
-1261
-294
280
682
733
467
-15
-571
-1287
-1896
-2434
-2875
-2863
-2620
-2152
-1619
-1146
-482
52
258
135
-93
-365
-782
-1183
-1542
-1738
-1846
-1783
-1538
-1143
-648
-328
-85
128
195
42
-313
-653
-827
-1038
-1144
-1105
-1238
-1186
-996
-663
-239
-13
296
511
584
687
784
806
475
-116
-730
-1511
-2343
-3126
-3843
-4065
-3788
-3357
-2708
-1910
-1116
-288
690
1460
1816
1820
1628
1113
443
-226
-841
-1187
-1237
-1081
-645
123
987
1845
2642
3149
3730
4208
4199
3792
3352
2725
2061
1670
1280
1112
1308
1663
2204
2781
3300
3756
4076
4293
4241
4108
3850
3582
3286
2827
2566
2513
2736
2893
3221
3452
3541
3728
3883
3956
3868
3798
3785
3563
3209
3002
3090
3277
3244
3130
3097
2985
2974
2872
2883
2799
2564
2276
2037
1915
1904
1869
1857
1790
1937
2073
2173
2294
2410
2337
2227
2091
1801
1106
245
-316
-294
366
1510
2810
4119
5006
5474
5501
4916
4069
3032
2029
1131
340
-167
-54
567
1395
2439
3829
4862
5327
5507
5301
4624
3807
2629
1466
567
-170
-553
-297
469
1273
2219
3304
4271
4862
5038
4864
4290
3604
2696
1917
1218
594
249
287
617
1220
2026
2762
3467
3973
4293
4318
4032
3498
2773
2064
1372
828
597
558
620
956
1350
1985
2586
2838
3106
3196
2842
2403
1904
1426
1104
890
697
672
785
1022
1342
1611
1834
2033
2030
1896
1608
1505
1413
1186
1007
1045
1116
1013
1196
1335
1518
1799
2086
2213
2275
2236
2226
2266
2002
1586
943
109
-638
-1304
-1981
-2480
-2923
-2977
-2548
-1766
-873
16
953
1718
2110
2095
1850
1352
693
-69
-771
-1342
-1700
-1835
-1648
-990
-127
499
1443
2332
2810
3083
2980
2690
2230
1588
1061
547
207
-171
-348
-224
32
562
1080
1511
1836
2018
2196
2256
2148
1980
1549
984
578
307
229
294
565
933
1120
1389
1566
1650
1511
1240
1152
912
815
867
722
501
286
348
470
497
524
472
362
99
-199
-525
-655
-837
-1051
-1086
-1121
-1168
-1017
-880
-785
-728
-685
-708
-786
-1011
-1274
-1533
-1735
-1942
-1626
-713
417
1882
3153
4202
4731
4461
3532
2228
705
-982
-2600
-4047
-4871
-5007
-4687
-3721
-2207
-344
1308
2551
3356
3278
2582
1601
246
-1363
-2794
-4089
-5123
-5556
-5273
-4262
-2987
-1740
-567
376
1005
1210
884
178
-870
-2095
-3329
-4355
-4964
-5262
-5299
-4665
-3769
-2805
-1738
-904
-414
-168
-248
-632
-1065
-1635
-2397
-3273
-3998
-4370
-4231
-3839
-3525
-3224
-2760
-2269
-1925
-1686
-1586
-1706
-2066
-2545
-2837
-2730
-2651
-2661
-2466
-2017
-1621
-1309
-893
-483
-229
-197
-416
-613
-949
-1268
-1371
-1329
-1242
-1157
-946
-595
-133
194
536
719
841
958
987
927
633
192
-536
-1355
-2152
-2867
-3421
-3987
-4122
-3928
-3635
-3197
-2491
-1560
-507
155
591
894
799
298
-478
-1061
-1800
-2497
-2967
-3216
-2936
-2414
-1686
-763
45
797
1329
1559
1648
1476
968
361
-307
-933
-1408
-1718
-1747
-1543
-1171
-733
-246
195
638
1002
1242
1194
1084
896
507
226
25
-44
-23
-85
-17
234
563
859
1202
1359
1482
1531
1357
1259
1324
1259
1129
975
828
858
1013
1137
1112
1184
1232
1166
1027
753
368
222
146
78
69
125
182
300
310
425
645
775
751
749
566
85
-420
-792
-701
-172
