-5120
-4610
-4341
-4118
-3868
-3708
-3795
-4077
-4451
-4722
-4747
-4702
-4849
-4910
-4676
-4285
-3869
-3654
-3496
-3470
-3407
-3198
-3035
-3066
-3256
-3644
-4373
-5314
-6072
-6865
-7809
-8441
-8766
-8725
-8467
-7757
-6662
-5782
-5037
-4321
-3667
-3236
-3300
-3669
-4250
-5286
-6148
-6735
-7140
-7210
-6991
-6487
-5736
-4652
-3510
-2665
-2192
-2006
-1761
-1822
-2197
-2731
-3502
-4327
-5004
-5258
-5206
-4906
-4599
-4212
-3647
-3157
-2584
-2362
-2487
-2807
-3404
-4211
-4986
-5410
-5368
-5272
-4638
-3516
-2198
-1379
-1215
-1755
-2723
-4204
-6004
-7831
-9657
-11113
-11837
-11752
-10904
-9162
-7411
-5931
-5001
-4524
-4746
-5654
-7062
-8688
-10439
-12121
-13044
-12981
-12294
-10731
-8299
-5613
-3163
-997
601
1449
1336
436
-643
-1788
-3295
-5078
-6646
-7236
-6493
-4566
-1894
964
3534
5578
6730
6753
5760
4214
2310
14
-2210
-4345
-5743
-6342
-6123
-5110
-3431
-1687
-273
759
995
563
-361
-1869
-3877
-5993
-8118
-9578
-10234
-10240
-9590
-8484
-6983
-5409
-4122
-3442
-3193
-3469
-4282
-5557
-7186
-8878
-10380
-11481
-12232
-12196
-11744
-10903
-9580
-8101
-6571
-5679
-5217
-5058
-5368
-6214
-7400
-8648
-9828
-10930
-11651
-11902
-11470
-11039
-10067
-8791
-7401
-5947
-5003
-4435
-3975
-3908
-3753
-3748
-3898
-4037
-4073
-3701
-3248
-2852
-2266
-1760
-1402
-943
-790
-872
-998
-1187
-1377
-1561
-1753
-1768
-1875
-1968
-1958
-1894
-1965
-2034
-2176
-2394
-2637
-2810
-2945
-3075
-3338
-3699
-4134
-4478
-5115
-5883
-6478
-6784
-6919
-6953
-6710
-6451
-5835
-5122
-4384
-3720
-3278
-3153
-3418
-3911
-4752
-5722
-6495
-7251
-8141
-8876
-8987
-8600
-7731
-7043
-6269
-5346
-4584
-4188
-4023
-3783
-4031
-4590
-5068
-5523
-5626
-5645
-5377
-4949
-4264
-3408
-2492
-1563
-599
209
883
1418
1619
1699
1638
1445
1151
360
-668
-1565
-2627
-3787
-4602
-4666
-3723
-2032
144
2073
3653
4664
5189
5174
4193
2481
677
-1045
-2729
-3824
-4009
-3276
-1944
-67
1950
3649
5098
6106
6439
5822
4530
2984
1230
-164
-1006
-1254
-972
-181
1484
3639
5460
6667
7209
7186
6816
6450
6265
6239
6416
6809
7171
7285
7079
6707
5950
5020
3966
3034
1978
948
324
4
52
685
1692
2720
3865
4628
4948
4838
4261
3293
2075
870
-66
-905
-1743
-2125
-2083
-1647
-951
-89
608
1061
1442
1474
1019
312
-433
-1293
-2273
-3248
-3935
-4157
-4154
-4048
-3756
-3426
-3234
-3271
-3228
-3259
-3276
-3443
-3822
-4306
-4686
-4657
-4557
-4600
-4429
-4101
-3696
-3280
-3035
-3100
-3147
-3082
-3162
-3408
-3644
-3755
-3762
-3779
-3624
-3310
-2838
-2305
-1778
-1296
-860
-616
-667
-846
-1116
-1563
-1975
-2385
-2736
-2941
-3078
-3076
-2918
-2789
-2552
-2177
-1910
-1699
-1560
-1571
-1761
-2076
-2803
-3843
-5143
-6533
-7844
-9005
-9963
-10528
-10587
-10267
-9643
-8745
-7632
-6469
-5717
-5128
-4687
-4778
-5444
-6249
-7145
-8048
-8947
-9619
-10113
-10338
-10009
-9325
-8498
-7576
-6715
-6065
-5605
-5368
-5434
-5995
-6560
-7076
-7694
-8240
-8505
-8512
-8340
-7734
-7146
-6475
-5756
-5039
-4450
-3889
-3659
-3555
-3296
-3171
-3142
-2972
-2633
-2410
-2039
-1778
-1545
-1241
-991
-714
-429
-232
-212
-305
-533
-766
-944
-1139
-1187
-1309
-1412
-1382
-1337
-1201
-1117
-1155
-1484
-1836
-2067
-2301
-2495
-2679
-2841
-2962
-2888
-2876
-2924
-2728
-2463
-2383
-2339
-2467
-2520
-2580
-2981
-3646
-4270
-4522
-3909
-2910
-1730
-479
340
723
540
-31
-861
-2400
-4228
-5920
-7083
-7930
-8304
-8086
-7328
-6104
-4448
-2988
-1935
-1438
-1398
-1736
-2560
-3842
-5444
-7147
-8439
-9177
-9302
-8903
-8053
-6666
-5388
-4275
-3132
-2393
-2277
-2588
-3244
-4279
-5538
-6668
-7543
-8209
-8665
-8607
-7930
-6999
-5862
-4777
-4018
-3557
-3203
-3092
-3362
-3951
-4703
-5540
-6403
-6943
-7119
-7069
-6856
-6443
-5927
-5573
-5107
-4635
-4492
-4673
-5008
-5278
-5763
-6113
-6402
-6780
-6901
-6699
-6437
-6196
-5897
-5546
-5417
-5503
-5421
-5437
-5908
-6226
-6353
-6419
-6615
-6685
-6482
-6508
-6430
-6148
-5857
-5593
-5309
-4997
-4826
-4774
-5023
-5337
-5758
-6486
-7378
-8356
-9297
-10117
-10746
-10974
-11024
-10785
-9931
-9089
-8154
-7143
-6196
-5658
-5356
-5393
-5911
-6729
-7645
-8388
-9056
-9723
-10023
-9668
-8861
-7922
-6924
-5927
-4934
-4082
-3499
-3161
-3103
-3425
-4021
-4542
-5068
-5606
-5962
-6040
-5733
-5271
-4536
-3682
-3027
-2298
-1673
-1135
-880
-778
-792
-941
-1124
-1124
-1087
-1090
-1010
-701
-257
-49
312
813
1186
1283
1374
1477
1479
1347
1149
1067
1055
1022
1207
1179
966
839
759
758
644
468
332
72
-198
-329
-440
-461
-303
-234
-187
-86
213
379
498
492
386
349
-130
-809
-1417
-1607
-1063
64
1457
2932
4173
5150
5366
4975
4086
2994
1727
164
-1183
-2180
-2779
-2852
-2289
-1196
222
1684
2760
3344
3378
3205
2510
1438
58
-1468
-2698
-3529
-3886
-3645
-2976
-2066
-1053
102
1134
1885
2234
2162
1610
806
-449
-1761
-2828
-3501
-3858
-3925
-3636
-2898
-1934
-917
-101
326
388
368
48
-655
-1569
-2395
-3121
-3746
-3989
-4040
-3857
-3425
-2857
-2231
-1852
-1486
-1238
-1277
-1568
-1925
-2444
-2853
-3186
-3290
-3339
-3376
-3181
-2920
-2714
-2313
-1916
-1746
-1730
-1695
-2037
-2477
-2780
-2878
-3039
-3169
-3180
-3083
-2955
-2615
-2263
-2160
-2109
-2130
-2167
-2020
-1870
-1992
-2397
-3000
-3821
-4588
-5547
-6595
-7214
-7781
-7875
-7622
-7120
-6351
-5677
-4733
-3816
-3290
-3047
-2874
-3266
-3881
-4655
-5577
-6510
-7242
-7576
-7432
-6822
-6128
-5379
-4534
-3604
-2665
-2051
-1886
-2114
-2448
-2952
-3359
-3886
-4362
-4637
-4740
-4571
-4136
-3586
-2804
-2131
-1683
-1176
-739
-576
-405
-380
-539
-857
-1193
-1353
-1184
-842
-579
-417
-42
512
923
1172
1436
1623
1724
1661
1612
1601
1580
1310
1101
1098
1063
1068
1110
1093
926
801
671
474
217
67
-86
-322
-437
-464
-472
-452
-341
-315
-238
-331
-532
-453
-370
-558
-1171
-1848
-2169
-2050
-1284
-25
1505
2786
3738
4191
3967
3202
2122
771
-684
-1996
-3178
-4031
-4308
-3970
-3156
-1879
-416
913
1831
2239
2073
1466
389
-993
-2473
-3838
-4966
-5603
-5658
-5153
-4231
-3009
-1750
-635
206
557
366
-163
-892
-1848
-3097
-4344
-5212
-5668
-5610
-5316
-4635
-3835
-2792
-1901
-1431
-1193
-1038
-1291
-1897
-2669
-3472
-4257
-5031
-5403
-5563
-5646
-5367
-4829
-4273
-3798
-3235
-2766
-2704
-2885
-3193
-3715
-4179
-4543
-4902
-5095
-5043
-4893
-4633
-4184
-3705
-3383
-3291
-3363
-3368
-3464
-3796
-4057
-4181
-4468
-4639
-4512
-4480
-4358
-4142
-3914
-3704
-3438
-3464
-3491
-3366
-3372
-3528
-3775
-4220
-5019
-5958
-6967
-7764
-8497
-8940
-9223
-9201
-8906
-8302
-7486
-6587
-5590
-4680
-4079
-3911
-4233
-4853
-5614
-6357
-7357
-8123
-8596
-8683
-8292
-7721
-6892
-5944
-4895
-4031
-3425
-2996
-2812
-3076
-3520
-3936
-4398
-4808
-5238
-5415
-5257
-4783
-4145
-3542
-2926
-2299
-1663
-1062
-751
-591
-495
-571
-793
-1018
-974
-957
-794
-608
-309
190
471
786
1289
1557
1649
1679
1652
1636
1699
1618
1597
1627
1750
1657
1384
1301
1369
1460
1502
1406
1112
844
601
490
498
411
366
370
447
562
562
541
686
731
682
618
177
-518
-1367
-2132
-2670
-2784
-2157
-933
445
1644
2279
2472
2212
1598
759
-304
-1194
-1815
-2279
-2576
-2153
-1217
-226
833
1813
2498
2498
2165
1697
1048
-61
-1362
-2498
-3227
-3452
-3195
-2700
-1809
-670
439
1520
2234
2523
2511
2224
1601
653
-400
-1300
-1911
-2231
-2274
-2051
-1452
-456
419
1208
1790
2098
2245
2120
1604
826
-102
-955
-1500
-1759
-1901
-1748
-1360
-1025
-600
-182
337
819
999
880
440
-123
-845
-1537
-1884
-2176
-2506
-2759
-2719
-2362
-1980
-1668
-1445
-1438
-1574
-1726
-2061
-2356
-2504
-2716
-2948
-3199
-3326
-3333
-3146
-2818
-2569
-2520
-2534
-2454
-2418
-2419
-2440
-2652
-3015
-3629
-4406
-5333
-6271
-6987
-7469
-7812
-7902
-7607
-6963
-6315
-5643
-4759
-3731
-2932
-2635
-2882
-3460
-3874
-4441
-5207
-5954
-6561
-6746
-6488
-5959
-5175
-4142
-3156
-2179
-1298
-752
-432
-569
-990
-1301
-1705
-2221
-2595
-2658
-2771
-2555
-2048
-1386
-633
20
652
988
1312
1467
1516
1444
1376
1256
1109
865
746
921
1110
1320
1559
1818
2168
2548
2717
2782
2872
2801
2575
2398
2393
2258
2170
2212
2207
1946
1850
1900
1794
1679
1581
1337
1142
1085
850
606
499
625
730
662
679
838
1001
1133
1065
1026
985
606
379
652
1341
2407
3788
5324
6702
7524
7920
7746
6770
5111
3130
973
-1167
-3072
-4264
-4707
-4408
-3154
-1222
1002
3142
4762
5743
6104
5697
4661
3282
1461
-535
-2482
-3933
-4442
-4389
-4038
-3030
-1583
-109
1185
2071
2490
2407
1631
595
-705
-2151
-3504
-4676
-5409
-5502
-5362
-4702
-3773
-2808
-1785
-960
-349
-236
-463
-1042
-1757
-2631
-3535
-4148
-4613
-5014
-5248
-5238
-4825
-4445
-4187
-3791
-3491
-3289
-3219
-3305
-3511
-3702
-3830
-3807
-3687
-3499
-3109
-2605
-2149
-1799
-1602
-1528
-1630
-1732
-1952
-2242
-2383
-2408
-2622
-2748
-2557
-2166
-1831
-1595
-1224
-932
-849
-706
-434
-425
-727
-1004
-1521
-2284
-3242
-4234
-5109
-5872
-6428
-6808
-6908
-6698
-6106
-5287
-4389
-3581
-2697
-1964
-1684
-1815
-2175
-2852
-3833
-4966
-5925
-6560
-6928
-6987
-6780
-6046
-5074
-4257
-3397
-2719
-2275
-2001
-2026
-2244
-2702
-3362
-4022
-4472
-4742
-4961
-4908
-4586
-4077
-3471
-2889
-2210
-1428
-843
-483
-417
-563
-754
-812
-811
-886
-1014
-953
-739
-396
44
629
1216
1547
1694
1789
1857
1928
2047
2173
2123
2004
1850
1825
1866
1963
2012
1995
1879
1688
1570
1284
1043
968
928
874
938
934
967
1071
1276
1227
1260
1348
1485
1547
1318
865
285
-352
-1015
-1349
-1150
-401
682
2019
3049
3559
3598
2768
1622
450
-876
-2084
-3127
-3715
-3642
-2993
-1828
-375
1052
2373
3204
3618
3454
2781
1571
-45
-1698
-3068
-4194
-4867
-5048
-4545
-3429
-1999
-526
797
1688
2105
2183
1928
1179
353
-742
-1854
-2707
-3246
-3223
-2836
-2029
-1016
-127
811
1512
1956
2165
1982
1434
718
33
-678
-1309
-1748
-2049
-2186
-2055
-1690
-972
-252
319
670
786
824
603
375
-23
-514
-877
-1086
-1331
-1440
-1245
-842
-720
-788
-547
-421
-664
-976
-1296
-1457
-1814
-2202
-2524
-2662
-2689
-2483
-2167
-2029
-1817
-1677
-1689
-1577
-1447
-1533
-1787
-2192
-2853
-3521
-4330
-5383
-6049
-6711
-7319
-7451
-7335
-7038
-6536
-5657
-4698
-3713
-2948
-2538
-2462
-2666
-3111
-3628
-4274
-5107
-5908
-6184
-6145
-5893
-5162
-4299
-3111
-2022
-1320
-754
-484
-237
-164
-470
-920
-1469
-1934
-2031
-1988
-1979
-1895
-1410
-637
235
996
1654
2070
2324
2653
2740
2534
2411
2297
2229
2240
2320
2529
2664
2864
3281
3647
3928
4188
4262
4207
4050
3888
3723
3657
3589
3420
3344
3301
3308
3367
3265
3178
3104
2957
2909
2690
2348
2148
2045
1977
1896
1832
1956
2006
2018
2013
1943
1962
1949
1875
1498
897
303
-42
156
757
1855
3122
4481
5710
6491
6508
5948
4841
3606
2264
901
-323
-1122
-1321
-897
-263
756
2162
3615
4499
5030
5159
4777
3881
2648
1381
100
-1037
-1742
-1943
-1596
-931
215
1391
2299
2988
3487
3687
3457
2761
1721
591
-385
-1214
-1825
-1968
-1670
-1227
-681
138
1041
1715
2204
2468
2401
1864
947
175
-536
-1379
-1855
-2196
-2276
-2072
-1703
-1184
-626
-239
-187
-104
-31
-202
-582
-1124
-1693
-2041
-2273
-2339
-2152
-1934
-1662
-1309
-884
-497
-368
-552
-928
-1169
-1295
-1488
-1946
-2017
-1957
-1861
-1603
-1308
-1097
-1090
-1036
-733
-605
-607
-459
-499
-834
-1336
-1927
-2689
-3586
-4560
-5235
-5843
-6191
-6046
-5656
-5296
-4752
-3776
-2751
-1945
-1455
-1280
-1231
-1551
-2293
-3223
-4055
-4558
-4929
-5287
-5282
-4877
-4039
-3182
-2272
-1282
-614
-274
-238
-357
-524
-933
-1576
-2112
-2487
-2716
-2958
-2881
-2361
-1651
-724
33
642
1033
1344
1366
1286
1187
1159
1089
805
712
773
1012
1371
1907
2338
2651
2839
2893
3057
3291
3291
3207
3135
3121
3170
3119
3091
3015
2926
2797
2718
2725
2699
2565
2614
2507
2196
2036
1940
1834
1768
1745
1853
1999
1943
2067
2217
2296
2207
2141
1947
1504
924
470
415
785
1613
2989
4429
5562
6296
6407
6034
5253
4062
2815
1547
195
-917
-1611
-1629
-1016
76
1499
2853
3891
4514
4654
4495
3638
2387
1016
-344
-1607
-2550
-2896
-2845
-2202
-1234
-126
1015
1942
2629
2896
2737
2284
1497
198
-1027
-1933
-2576
-2933
-2993
-2570
-1721
-844
-24
651
1269
1498
1361
1018
502
-93
-821
-1591
-2263
-2652
-2798
-2598
-2182
-1735
-1115
-684
-468
-211
-48
-166
-498
-1025
-1452
-1757
-1888
-1870
-1788
-1675
-1450
-1075
-758
-573
-353
-419
-388
-568
-914
-1164
-1358
-1431
-1529
-1607
-1526
-1378
-1068
-1005
-1039
-860
-639
-361
-314
-443
-678
-1141
-1875
-2641
-3493
-4394
-5329
-6067
-6388
-6603
-6349
-5733
-5041
-4270
-3460
-2630
-1985
-1686
-1685
-1829
-2243
-2871
-3763
-4598
-5160
-5489
-5592
-5166
-4423
-3589
-2505
-1585
-900
-549
-424
-301
-276
-643
-1246
-1881
-2387
-2689
-2697
-2530
-2100
-1602
-935
-101
651
1175
1573
1817
1941
1964
2013
2005
1872
1743
1658
1874
1948
1949
2299
2688
3080
3356
3687
3886
3778
3602
3548
3531
3420
3276
3148
3031
3096
3129
3073
2863
2750
2624
2630
2373
2157
2235
2257
2162
2023
2006
2027
2116
2301
2364
2315
2391
2297
2289
2139
1792
1227
617
358
499
1186
2352
3762
5173
6205
6509
6170
5539
4526
3145
1850
597
-582
-1221
-1329
-750
248
1395
2679
3806
4524
4849
4744
4177
3237
2054
581
-943
-2093
-2592
-2436
-1849
-830
217
1122
2019
2724
3111
3136
2768
1887
710
-367
-1192
-1807
-2212
-2271
-1857
-1217
-520
131
855
1504
1951
2150
2025
1529
680
-95
-862
-1546
-2041
-2207
-2077
-1657
-1045
-531
-132
179
436
436
355
162
-185
-546
-842
-1088
-1300
-1349
-1321
-1194
-771
-334
-23
23
-12
154
192
-62
-266
-646
-977
-1054
-1067
-1073
-1012
-802
-393
-68
-14
33
100
219
283
149
-218
-893
-1590
-2315
-3160
-3954
-4604
-5137
-5230
-5223
-5048
-4510
-3669
-2824
-2074
-1328
-636
-352
-542
-1161
-1958
-2782
-3386
-3929
-4530
-4837
-4517
-3889
-2996
-1981
-928
44
710
840
802
608
276
-162
-694
-1192
-1531
-1595
-1637
-1442
-879
-186
513
1003
1442
1865
2187
2189
1947
1762
1515
1393
1484
1541
1722
2126
2523
2844
2837
2700
2397
1809
1285
769
422
433
768
1311
2047
2968
3661
4199
4292
4000
3483
2814
2003
1092
411
145
383
1155
2136
3364
4622
5735
6460
7111
7264
6751
5877
4869
4102
3549
2961
2584
2571
2992
4050
5378
7034
8614
9852
10620
10468
9541
8240
6765
5103
3379
1851
962
577
816
1580
2555
3826
5072
5954
6172
5962
5292
4369
3193
1902
588
-613
-1437
-1699
-1539
-1076
-276
737
1574
2335
2886
2967
2882
2424
1613
582
-627
-1710
-2420
-2872
-3084
-2881
-2283
-1571
-621
280
874
1070
1164
1006
553
-184
-917
-1500
-2113
-2637
-2760
-2344
-1718
-1090
-286
328
769
1119
1231
1288
1122
931
783
589
441
266
294
645
1122
1646
2031
2292
2332
2275
2231
1970
1801
1561
1295
1108
890
811
960
955
949
1163
1395
1379
1407
1475
1529
1397
1275
976
577
-63
-984
-1898
-2888
-3720
-4301
-4680
-4737
-4453
-4137
-3546
-2848
-2124
-1342
-708
-487
-800
-1410
-1976
-2630
-3393
-4251
-4970
-5291
-5206
-4779
-4079
-3315
-2667
-1914
-1355
-947
-781
-885
-1233
-1926
-2611
-3212
-3696
-4065
-4202
-3977
-3454
-2819
-2154
-1464
-768
-231
125
326
480
350
-27
-636
-1181
-1636
-2125
-2168
-1905
-1244
-413
257
806
1072
1411
1626
1517
1149
517
-101
-885
-1533
-1620
-1450
-1059
-591
-75
443
962
1162
939
546
18
-722
-1600
-2447
-2963
-3194
-3225
-2811
-2408
-1927
-1516
-1148
-958
-1036
-1605
-2793
-3998
-4936
-5605
-5543
-4801
-3441
-1734
-17
1183
1681
1573
926
-358
-2145
-4112
-5880
-7252
-8124
-8316
-7983
-6724
-4672
-2750
-1268
-174
296
261
-322
-1482
-2948
-4571
-6010
-7121
-7527
-7103
-6205
-4948
-3599
-2387
-1235
-359
150
284
-65
-754
-1831
-3035
-4033
-4833
-5056
-4780
-4091
-3240
-2162
-979
9
636
947
1063
887
551
-74
-766
-1562
-2271
-2609
-2691
-2445
-1983
-1434
-843
-268
187
365
362
266
124
-151
-639
-1183
-1471
-1570
-1563
-1394
-1078
-549
-246
106
389
460
492
250
-138
-477
-726
-916
-1185
-1179
-938
-637
-250
94
348
617
870
1038
1069
983
876
598
11
-739
-1531
-2332
-3138
-3566
-3672
-3568
-3277
-2751
-1955
-943
-152
672
1317
1842
1914
1700
1496
1026
184
-497
-939
-1274
-1138
-536
282
1236
2261
3106
3741
4157
4424
4408
4049
3682
3141
2535
2038
1635
1409
1503
1980
2426
2845
3261
3868
4407
4592
4506
4294
4195
4035
3702
3426
3177
3028
2966
3072
3216
3390
3663
3907
4028
4204
4283
4119
3837
3616
3423
3165
3017
3030
3209
3195
3237
3294
3301
3114
2927
2939
2880
2666
2329
2119
2054
2113
2197
2232
2302
2314
2396
2464
2654
2638
2515
2383
2040
1402
910
740
946
1643
2935
4471
5678
6541
7026
6793
6086
5106
3996
2771
1503
436
-161
-95
350
1259
2546
3896
5239
6206
6506
6340
5761
4758
3575
2227
966
17
-387
-356
227
1228
2306
3368
4227
4928
5341
5341
4925
4229
3207
2052
1164
535
90
-28
419
1103
1833
2588
3348
4001
4230
4103
3888
3490
2954
2269
1481
993
684
485
451
621
868
1375
1946
2416
2721
2666
2661
2437
1811
1313
1129
969
912
966
1078
1138
1355
1815
2162
2421
2545
2562
2403
2191
1975
1804
1693
1619
1717
1910
1963
1957
2211
2575
2746
2840
2872
3049
2997
2826
2574
2150
1675
826
-151
-884
-1365
-1766
-2036
-1930
-1641
-1174
-243
601
1312
2031
2404
2427
2164
1752
1418
811
38
-683
-1098
-1140
-902
-386
367
1276
2209
2873
3308
3476
3390
3055
2521
1794
882
202
-214
-368
-290
16
548
1021
1460
1821
2171
2450
2646
2580
2252
1735
1364
1073
874
531
375
561
772
931
1013
1389
1616
1747
1958
1826
1582
1560
1439
1143
775
758
1023
949
780
695
757
820
686
597
456
243
-14
-248
-516
-700
-662
-694
-896
-868
-618
-449
-475
-497
-451
-461
-802
-1368
-1913
-2307
-2361
-1608
-329
1083
2416
3518
4131
4210
3677
2747
1497
-49
-1538
-2864
-3768
-4123
-3891
-3061
-1888
-412
1081
2215
2865
2937
2452
1437
132
-1213
-2603
-3916
-4710
-4747
-4387
-3677
-2783
-1568
-259
691
1184
1304
1058
552
-256
-1448
-2456
-3297
-4100
-4335
-4206
-3575
-2657
-1744
-871
-169
291
641
586
153
-538
-1270
-1807
-2404
-3086
-3482
-3390
-3157
-2854
-2338
-1578
-913
-718
-684
-797
-886
-1007
-1283
-1689
-2004
-2176
-2177
-2043
-1598
-1155
-859
-511
-349
-227
-216
-177
-258
-407
-645
-1063
-1156
-1083
-854
-584
-374
-171
-105
39
302
478
714
855
848
666
199
-368
-1232
-2340
-3107
-3885
-4558
-4782
-4615
-4118
-3489
-2773
-1988
-1089
-197
402
764
742
394
-215
-979
-1729
-2297
-2675
-2679
-2463
-1964
-1218
-432
426
1126
1669
2065
2140
1858
1438
1003
337
-403
-907
-1122
-1169
-953
-584
-119
481
1101
1410
1649
1640
1534
1439
1316
1042
810
684
571
412
397
594
948
1245
1489
1675
1751
1679
1699
1617
1440
1431
1360
1254
1195
1024
956
949
920
916
1030
1013
911
880
716
487
350
270
74
9
73
106
309
356
383
296
345
512
566
478
151
-106
-110
228
1007
