-4854
-4470
-4234
-3957
-3646
-3478
-3529
-3818
-4131
-4199
-4403
-4605
-4701
-4692
-4601
-4443
-4160
-3730
-3384
-3201
-3108
-2962
-2951
-2906
-3175
-3609
-4174
-5086
-6230
-7172
-7870
-8429
-8720
-8791
-8436
-7649
-6681
-5731
-4967
-4147
-3469
-3135
-3198
-3567
-4184
-4942
-5982
-6994
-7381
-7329
-7018
-6372
-5549
-4558
-3661
-2848
-2113
-1648
-1724
-2022
-2310
-2857
-3653
-4387
-4923
-5216
-5198
-5039
-4710
-4148
-3625
-2980
-2413
-2177
-2236
-2746
-3419
-4137
-4820
-5287
-5320
-5151
-4485
-3352
-2079
-1115
-786
-1353
-2562
-4259
-6080
-8021
-9799
-11117
-11838
-11572
-10495
-8948
-7201
-5832
-4958
-4471
-4754
-5853
-7262
-8994
-10889
-12450
-13170
-13108
-12330
-10608
-8255
-5549
-2929
-774
612
1151
1119
537
-500
-2032
-3748
-5242
-6497
-7049
-6470
-4760
-2160
779
3504
5597
6756
6880
6065
4476
2550
262
-1962
-3986
-5450
-6109
-5915
-4873
-3394
-1715
-250
755
1107
797
-204
-1728
-3775
-5983
-8016
-9480
-10277
-10367
-9568
-8264
-6789
-5333
-4118
-3280
-2959
-3166
-3913
-5305
-7098
-8845
-10264
-11261
-11973
-12084
-11517
-10500
-9323
-7777
-6316
-5389
-4931
-4828
-5124
-5801
-6943
-8308
-9656
-10751
-11527
-11789
-11281
-10583
-9588
-8398
-7170
-5892
-4949
-4167
-3651
-3505
-3326
-3423
-3645
-3670
-3601
-3261
-2915
-2612
-2175
-1579
-1090
-705
-420
-390
-586
-868
-993
-1085
-1094
-1181
-1594
-1815
-1806
-1801
-1699
-1639
-1645
-1688
-2015
-2539
-2797
-2842
-2930
-3286
-3783
-4308
-4867
-5647
-6350
-6778
-7037
-6961
-6575
-5865
-5370
-4901
-4310
-3621
-3097
-2935
-3182
-3617
-4299
-5360
-6588
-7490
-8267
-8574
-8495
-8114
-7327
-6584
-5900
-5095
-4422
-3855
-3580
-3690
-4065
-4424
-4743
-5173
-5344
-5339
-5108
-4567
-3947
-3213
-2256
-1229
-276
384
908
1375
1792
2111
2031
1673
1370
607
-411
-1429
-2409
-3413
-4247
-4309
-3266
-1560
289
2165
3728
4938
5595
5374
4467
2991
1045
-884
-2474
-3679
-4091
-3566
-1968
156
2262
4044
5339
6166
6271
5753
4720
3237
1386
-209
-1232
-1726
-1453
-423
1372
3460
5336
6439
6844
6858
6718
6526
6264
6143
6369
6587
6842
7029
7083
6800
6129
5348
4306
3301
2264
1105
241
-230
-153
458
1554
2700
3539
4240
4715
4644
4231
3527
2361
1165
-64
-1242
-1988
-2276
-1997
-1510
-862
136
933
1595
2061
2016
1626
905
-49
-1114
-2045
-2987
-3805
-4016
-4130
-4034
-3929
-3774
-3454
-3153
-3074
-3102
-3329
-3629
-3744
-3824
-4159
-4498
-4480
-4264
-4155
-3916
-3622
-3231
-2918
-2816
-2857
-2953
-3044
-3164
-3364
-3548
-3548
-3548
-3394
-3144
-2658
-2229
-1806
-1386
-999
-707
-675
-747
-927
-1263
-1746
-2233
-2638
-3076
-3242
-3272
-3138
-2977
-2518
-2120
-1865
-1592
-1467
-1630
-1874
-2191
-2775
-3957
-5295
-6618
-7970
-8976
-9680
-10362
-10564
-10224
-9415
-8336
-7146
-6080
-5143
-4554
-4512
-4660
-5120
-5999
-7089
-8267
-9122
-9747
-9997
-9856
-9363
-8652
-7875
-7022
-6311
-5783
-5383
-5345
-5551
-5927
-6355
-6700
-7280
-7956
-8443
-8462
-8014
-7324
-6683
-5979
-5354
-4789
-4021
-3430
-3166
-2941
-2855
-2952
-2781
-2551
-2299
-2150
-1872
-1402
-1017
-580
-291
-24
121
271
136
-159
-376
-552
-659
-978
-1049
-991
-1066
-1040
-960
-1108
-1109
-1063
-1294
-1674
-1850
-1954
-2202
-2419
-2660
-2752
-2778
-2847
-2806
-2694
-2546
-2380
-2268
-2207
-2133
-2432
-3001
-3583
-4167
-4341
-3844
-2674
-1090
196
999
1307
1081
534
-450
-1930
-3696
-5315
-6643
-7657
-7982
-7740
-6896
-5575
-3931
-2521
-1575
-1058
-968
-1472
-2648
-4039
-5554
-7025
-8022
-8666
-9076
-8717
-7762
-6541
-5056
-3775
-2753
-2137
-1945
-2040
-2754
-3721
-5075
-6410
-7458
-8035
-8054
-7730
-7280
-6536
-5509
-4582
-3911
-3291
-2894
-2808
-3007
-3569
-4348
-5351
-6010
-6483
-6808
-6847
-6536
-6013
-5575
-5269
-4824
-4478
-4301
-4363
-4672
-5007
-5312
-5634
-5883
-6083
-6178
-6288
-6309
-5983
-5526
-5138
-5052
-5006
-5058
-5217
-5452
-5966
-6442
-6540
-6563
-6599
-6358
-6165
-5945
-5691
-5490
-5341
-5174
-4927
-4937
-4999
-5147
-5325
-5855
-6759
-7799
-8702
-9467
-10141
-10753
-11129
-11117
-10809
-10069
-9143
-8220
-7227
-6317
-5545
-5406
-5685
-6038
-6604
-7477
-8395
-9077
-9487
-9600
-9539
-9064
-8115
-6887
-5789
-4816
-3965
-3577
-3355
-3311
-3686
-4255
-4794
-5344
-5723
-5881
-5856
-5610
-5157
-4465
-3889
-3101
-2297
-1861
-1482
-1143
-953
-937
-1062
-1283
-1276
-1165
-914
-661
-636
-343
43
240
633
1095
1406
1506
1546
1342
1149
1177
1269
1180
879
873
904
965
930
834
618
437
412
266
41
-131
-230
-288
-351
-372
-393
-192
23
108
151
270
369
522
354
-255
-852
-1364
-1549
-948
277
1662
2945
4098
4984
5287
4924
4168
2938
1453
-64
-1361
-2295
-2797
-2732
-2006
-956
342
1602
2778
3490
3585
3158
2585
1604
347
-1142
-2467
-3356
-3728
-3611
-3094
-2249
-1192
-17
1099
1808
2157
2006
1515
680
-574
-1913
-2971
-3592
-3883
-4035
-3620
-2938
-2076
-1312
-658
40
357
301
-37
-622
-1233
-2021
-2921
-3564
-4045
-4056
-3804
-3437
-2950
-2436
-1937
-1759
-1593
-1528
-1633
-1856
-2268
-2523
-2919
-3336
-3551
-3510
-3135
-2716
-2371
-2111
-1971
-1755
-1664
-1713
-1958
-2296
-2585
-2781
-2945
-3203
-3184
-3032
-2921
-2770
-2492
-1998
-1756
-1715
-1741
-1884
-1927
-2011
-2515
-3336
-4235
-5015
-5957
-6883
-7545
-7991
-8104
-7981
-7527
-6781
-5767
-4821
-4034
-3472
-3137
-3175
-3625
-4251
-5013
-5965
-6790
-7301
-7460
-7321
-6894
-6166
-5270
-4514
-3651
-2745
-2210
-2065
-2065
-2151
-2631
-3316
-4049
-4566
-4917
-5050
-4892
-4489
-3834
-3145
-2404
-1758
-1256
-821
-431
-120
-177
-428
-756
-1128
-1308
-1316
-1066
-585
-113
268
527
733
897
1215
1537
1695
1599
1516
1553
1439
1131
1042
1137
1166
1158
1126
1048
1018
939
633
451
387
107
-169
-232
-362
-490
-436
-286
-313
-357
-229
-39
-32
-193
-487
-890
-1548
-2211
-2393
-2025
-1222
-4
1447
2766
3865
4196
4066
3465
2312
908
-586
-1978
-3067
-3698
-4012
-3846
-3076
-1859
-442
785
1753
2312
2165
1425
411
-997
-2508
-3822
-5027
-5725
-5839
-5488
-4515
-3198
-2071
-1154
-342
253
312
-149
-1019
-2117
-3219
-4328
-5306
-5938
-6072
-5502
-4653
-3906
-3028
-2191
-1546
-986
-1058
-1502
-1968
-2739
-3661
-4629
-5416
-5872
-5953
-5869
-5661
-5235
-4539
-3834
-3370
-2945
-2892
-3230
-3598
-3921
-4245
-4506
-4784
-4928
-4971
-4887
-4629
-4315
-3906
-3616
-3616
-3540
-3511
-3709
-3871
-4124
-4495
-4881
-4967
-4793
-4706
-4681
-4444
-4103
-3978
-3848
-3750
-3713
-3727
-3947
-4094
-4204
-4762
-5446
-6321
-7445
-8397
-9087
-9601
-9656
-9407
-9019
-8257
-7270
-6289
-5549
-5048
-4463
-4227
-4502
-5000
-5831
-6845
-7803
-8431
-8862
-8827
-8350
-7768
-6869
-5825
-4802
-4056
-3548
-3119
-2829
-2991
-3495
-4003
-4545
-5141
-5578
-5574
-5338
-4930
-4397
-3864
-3323
-2546
-1794
-1095
-601
-460
-608
-808
-760
-911
-1149
-1095
-779
-616
-494
-129
356
754
973
1003
1047
1292
1536
1693
1571
1469
1487
1437
1345
1174
1191
1353
1324
1324
1211
1022
949
729
553
470
267
173
27
-43
19
272
547
627
624
693
544
363
54
-594
-1528
-2424
-3092
-3092
-2402
-1277
30
946
1588
2011
1876
1261
486
-309
-1084
-1893
-2258
-2259
-1899
-1263
-318
814
1885
2508
2606
2235
1604
645
-421
-1440
-2352
-3170
-3663
-3342
-2534
-1570
-511
630
1641
2392
2755
2604
2101
1348
396
-538
-1227
-1805
-2201
-2215
-1702
-962
-159
652
1370
1924
2245
2184
2018
1666
811
-195
-1064
-1785
-2104
-2157
-1909
-1482
-956
-352
73
583
1017
1025
725
387
-88
-795
-1367
-1794
-2142
-2468
-2690
-2766
-2641
-2302
-2159
-2054
-1984
-2142
-2122
-2132
-2467
-2772
-3085
-3370
-3383
-3279
-3117
-3014
-2886
-3047
-3023
-2806
-2559
-2553
-2734
-2731
-2878
-3388
-4156
-4947
-5810
-6670
-7389
-7924
-8006
-7938
-7839
-7315
-6414
-5386
-4674
-4135
-3427
-3007
-3096
-3427
-3936
-4695
-5603
-6325
-6663
-6635
-6142
-5516
-4963
-4018
-2988
-2089
-1320
-770
-495
-384
-723
-1371
-1801
-2077
-2339
-2764
-2779
-2433
-2032
-1448
-694
219
770
1307
1648
1769
1691
1453
1257
1322
1121
1008
1009
985
1191
1504
1729
2083
2372
2400
2571
2681
2798
2721
2496
2301
2164
2176
2111
2045
1950
1919
1839
1704
1627
1489
1178
919
870
747
638
534
448
430
489
446
537
713
806
823
797
713
666
658
480
742
1495
2686
4111
5614
6913
7775
8263
8023
6875
5177
3201
940
-1329
-3221
-4476
-4879
-4565
-3337
-1414
847
3005
4807
5936
6277
5954
4927
3353
1507
-526
-2331
-3882
-4835
-4981
-4639
-3629
-2114
-390
875
1772
2303
2214
1885
984
-473
-2050
-3613
-4828
-5570
-5929
-5624
-4995
-4276
-3209
-2095
-1145
-544
-316
-446
-717
-1259
-2064
-3196
-4135
-4761
-5081
-5144
-5078
-4792
-4346
-3898
-3547
-3199
-3131
-3131
-3160
-3239
-3278
-3268
-3112
-3054
-3033
-2862
-2420
-1902
-1470
-1287
-1099
-1065
-1270
-1531
-1723
-1983
-2148
-2316
-2340
-2088
-1831
-1455
-1028
-614
-347
-293
-302
-298
-377
-400
-663
-1262
-2068
-2862
-3674
-4718
-5703
-6304
-6661
-6601
-6165
-5540
-4645
-3819
-3010
-2032
-1421
-1267
-1401
-1741
-2312
-3243
-4404
-5371
-6110
-6410
-6308
-5961
-5341
-4440
-3501
-2708
-2146
-1714
-1504
-1514
-1762
-2319
-2883
-3587
-4199
-4631
-4802
-4577
-4124
-3615
-2928
-2174
-1306
-458
-73
-71
-265
-267
-120
-208
-361
-399
-419
-194
23
428
830
1239
1735
2051
2179
2316
2513
2665
2534
2526
2516
2359
2137
2172
2491
2520
2359
2374
2527
2503
2121
1859
1764
1583
1499
1367
1381
1515
1508
1371
1477
1618
1898
1986
1934
1893
1702
1219
539
-144
-691
-782
-655
-72
865
2011
3109
3729
3683
2962
1844
768
-461
-1896
-3049
-3531
-3321
-2719
-1442
105
1479
2788
3855
4195
3916
3125
1804
188
-1422
-2977
-4085
-4607
-4416
-3879
-2820
-1563
-370
833
1964
2600
2873
2690
2028
1124
-48
-1341
-2236
-2646
-2727
-2423
-1720
-793
118
873
1622
2316
2483
2311
1938
1305
409
-396
-923
-1494
-1685
-1602
-1470
-1100
-538
127
695
1083
1403
1476
1151
606
117
-317
-591
-689
-958
-1280
-1217
-937
-768
-616
-644
-799
-942
-1121
-1338
-1646
-1894
-2086
-2341
-2455
-2384
-2139
-2039
-1923
-1735
-1705
-1722
-1609
-1584
-1682
-1957
-2328
-2688
-3447
-4518
-5504
-6365
-7117
-7464
-7485
-7383
-6947
-6178
-5304
-4460
-3628
-2907
-2477
-2271
-2325
-2789
-3537
-4377
-5244
-5940
-6236
-6153
-5746
-5118
-4170
-3115
-2085
-1100
-336
103
224
39
-152
-638
-1540
-2212
-2357
-2205
-2055
-1868
-1278
-444
301
1017
1605
2052
2393
2583
2612
2548
2422
2131
1869
1957
2104
2288
2490
2852
3247
3446
3611
3940
4279
4332
4039
3888
3779
3356
3285
3314
3439
3541
3459
3339
3274
3213
2997
2669
2399
2186
2001
1874
1625
1526
1743
1845
1847
1815
1901
2128
2132
2049
2002
1953
1729
1150
466
-90
-272
477
1808
3294
4731
5762
6377
6398
5852
5050
3833
2345
884
-337
-1105
-1384
-1146
-314
927
2285
3589
4645
5286
5304
4905
4063
2814
1482
171
-889
-1527
-1761
-1606
-1060
-38
1265
2436
3217
3727
3657
3197
2592
1712
620
-510
-1517
-1972
-2124
-2074
-1717
-983
2
928
1609
2253
2439
2192
1681
955
35
-882
-1599
-1990
-2044
-2056
-2053
-1929
-1479
-732
-349
-87
132
71
-326
-809
-1293
-1721
-1893
-2036
-2094
-2199
-2186
-1752
-1269
-820
-718
-692
-637
-796
-815
-1005
-1354
-1591
-1634
-1477
-1395
-1308
-1254
-1185
-938
-806
-876
-578
-163
0
-159
-538
-1103
-1721
-2544
-3519
-4508
-5257
-5645
-5911
-5867
-5557
-5093
-4322
-3615
-2808
-1947
-1445
-1175
-1179
-1523
-2157
-3098
-3933
-4534
-4911
-5087
-4954
-4576
-3753
-2661
-1780
-1052
-287
176
321
21
-525
-968
-1427
-2020
-2370
-2449
-2274
-2211
-2063
-1435
-654
189
862
1478
1933
2007
1976
1837
1674
1566
1349
1089
1097
1320
1595
1949
2330
2733
3097
3358
3597
3737
3815
3839
3625
3449
3307
3365
3368
3218
3045
3022
3239
3263
3162
2982
2853
2764
2545
2285
2104
2140
2362
2266
2122
2263
2310
2393
2516
2606
2807
2698
2236
1639
1058
672
585
1021
2010
3415
4901
6141
6843
6986
6597
5809
4674
3303
1832
387
-731
-1263
-1148
-338
747
2057
3271
4310
4991
5177
4840
3975
2890
1644
261
-1076
-2237
-2720
-2445
-1754
-687
526
1670
2495
2977
3205
3043
2480
1594
796
-205
-1302
-2108
-2551
-2380
-1896
-1350
-590
292
1071
1736
2040
1946
1584
1082
444
-423
-1194
-1742
-2109
-2339
-2374
-1963
-1398
-883
-460
16
222
163
9
-323
-647
-903
-1272
-1552
-1755
-1769
-1548
-1163
-748
-283
-22
98
138
104
-62
-463
-862
-1064
-1240
-1308
-1326
-1186
-869
-677
-586
-381
-254
-113
140
186
1
-387
-811
-1383
-2263
-3084
-3866
-4771
-5573
-6084
-6213
-6033
-5588
-4948
-4126
-3259
-2327
-1602
-1178
-1033
-1381
-2126
-2981
-3765
-4538
-5138
-5546
-5418
-4912
-4167
-3239
-2160
-1231
-559
-45
138
50
-125
-496
-946
-1550
-2114
-2360
-2492
-2244
-1806
-1323
-656
76
929
1509
1875
2123
2252
2226
2259
2140
1983
1845
1939
2223
2403
2551
2848
3416
3864
3995
4098
4264
4164
4056
3968
3954
3929
3985
3956
3820
3650
3550
3586
3584
3611
3579
3366
3076
2725
2465
2369
2394
2407
2216
2276
2554
2851
2936
2653
2543
2741
2798
2658
2232
1488
958
786
1051
1832
2908
4357
5758
6775
7263
7041
6348
5190
3894
2469
1032
-120
-843
-951
-471
299
1651
3255
4471
5026
5281
5201
4560
3525
2240
907
-438
-1531
-2037
-1866
-1394
-668
167
1406
2581
3317
3733
3728
3536
2937
1911
715
-407
-1321
-1868
-2016
-1606
-988
-161
854
1698
2100
2255
2368
2241
1802
1094
198
-644
-1121
-1361
-1557
-1618
-1549
-1210
-697
-97
333
500
662
653
328
-117
-728
-1134
-1266
-1418
-1229
-970
-788
-390
-57
245
344
331
360
291
50
-234
-446
-501
-623
-891
-887
-683
-402
-229
-28
223
380
480
558
523
236
-137
-636
-1254
-2057
-3015
-4074
-4923
-5388
-5514
-5354
-4906
-4234
-3317
-2512
-1699
-931
-480
-348
-577
-1111
-1812
-2642
-3440
-4081
-4421
-4375
-3897
-3475
-2780
-1969
-1087
-172
532
948
1065
879
594
73
-364
-914
-1430
-1599
-1416
-1082
-568
125
803
1280
1749
2085
2413
2516
2259
1913
1509
1372
1563
1747
2089
2459
2770
3117
3355
3352
2991
2229
1467
1168
1031
952
900
1369
2259
3131
3854
4303
4331
4038
3474
2867
1888
935
458
317
414
921
1970
3304
4501
5753
6716
7254
7195
6730
6082
5353
4568
3850
3335
3029
2860
3101
4079
5701
7525
9105
10322
10887
10783
10063
8725
7136
5416
3639
2187
1317
906
1034
1772
2875
4218
5495
6387
6701
6533
5971
4998
3834
2627
1291
-41
-1099
-1640
-1536
-1024
-99
972
1919
2623
3107
3411
3218
2623
1779
727
-292
-1179
-1971
-2559
-2676
-2404
-1791
-1174
-458
324
920
1409
1460
1056
544
-140
-874
-1554
-2050
-2340
-2326
-2078
-1525
-991
-327
272
919
1303
1290
1245
1327
1200
840
531
493
593
738
1041
1414
1802
2055
2374
2619
2581
2443
2242
1912
1699
1520
1348
1254
1368
1368
1316
1432
1501
1547
1601
1677
1694
1602
1374
1084
740
346
-151
-833
-1700
-2664
-3568
-4294
-4630
-4658
-4520
-4149
-3389
-2716
-2064
-1271
-637
-376
-568
-1220
-1888
-2538
-3461
-4416
-5093
-5268
-5245
-5037
-4320
-3337
-2384
-1620
-880
-270
-126
-574
-962
-1505
-2260
-2968
-3654
-3901
-3900
-3713
-3253
-2670
-2071
-1464
-818
-220
213
313
72
-66
-319
-779
-1341
-1827
-2083
-2019
-1654
-1081
-494
230
947
1507
1797
1825
1705
1323
629
-82
-649
-875
-1063
-1106
-876
-548
-31
545
789
830
832
503
53
-665
-1505
-2245
-2888
-3202
-3157
-2955
-2445
-2006
-1553
-1175
-1126
-1312
-1834
-2789
-3997
-5122
-5695
-5660
-4858
-3331
-1553
-27
1050
1511
1387
632
-650
-2251
-3974
-5561
-7010
-8062
-8513
-8018
-6557
-4673
-2857
-1288
-176
369
111
-528
-1521
-2831
-4467
-6199
-7326
-7678
-7234
-6447
-5251
-3814
-2402
-1152
-236
236
282
53
-797
-1957
-3068
-4079
-4736
-4968
-4869
-4369
-3439
-2331
-1175
-294
354
848
1032
917
367
-397
-1198
-1796
-2372
-2680
-2709
-2576
-2280
-1815
-1147
-530
-117
308
450
331
-6
-438
-900
-1363
-1537
-1602
-1516
-1179
-883
-460
-94
99
314
381
200
32
-259
-546
-750
-974
-1122
-967
-827
-688
-539
-317
16
205
328
677
895
866
676
277
-314
-927
-1682
-2582
-3199
-3805
-4172
-4075
-3640
-2873
-2090
-1264
-242
640
1282
1646
1705
1574
1213
727
164
-396
-839
-1053
-941
-522
242
1178
2119
3024
3737
4280
4476
4352
3952
3411
2879
2357
1718
1414
1461
1696
1962
2279
2769
3265
3891
4348
4375
4374
4350
4211
3889
3661
3361
2956
2779
2956
3193
3320
3518
3853
3991
4006
4060
4101
4116
3947
3660
3552
3353
3030
2896
3037
3184
3077
2989
2975
3046
2855
2713
2555
2453
2251
2025
1858
1705
1673
1875
2081
2041
2080
2126
2099
2159
2275
2136
1629
1204
807
573
718
1464
2765
4348
5829
6914
7481
7282
6429
5384
4260
3016
1644
461
-69
-56
399
1384
2615
3933
5261
6296
6610
6472
5726
4607
3392
2143
928
32
-566
-551
49
1009
2166
3313
4244
4966
5329
5262
4743
3920
3018
2040
996
276
-120
-163
108
642
1443
2388
3306
3968
4192
4220
4064
3627
2896
2059
1336
683
86
-87
125
521
906
1338
1874
2440
2648
2701
2495
2177
1797
1293
1042
922
836
780
1028
1480
1771
2064
2378
2546
2612
2535
2243
2051
2050
1991
1833
1589
1442
1611
1832
2161
2476
2741
2890
2944
3015
2983
2993
2912
2646
2029
1332
489
-360
-1114
-1783
-2143
-2249
-2096
-1731
-1211
-439
402
1333
2156
2576
2578
2311
1871
1179
453
-183
-749
-1209
-1383
-1042
-344
451
1195
1930
2681
3294
3501
3444
3072
2494
1795
1174
438
-238
-475
-561
-551
-329
245
954
1504
2042
2230
2171
2057
1853
1586
1389
1034
653
351
150
131
367
790
1243
1465
1531
1516
1570
1558
1459
1365
1264
1022
838
841
787
675
534
538
530
308
258
246
126
-221
-596
-640
-556
-621
-747
-873
-968
-821
-641
-556
-489
-571
-638
-600
-834
-1434
-2218
-2744
-2631
-1811
-564
817
2243
3392
4211
4323
3646
2566
1325
-35
-1528
-3091
-4148
-4501
-4132
-3188
-2009
-596
738
1851
2568
2646
2219
1333
62
-1336
-2687
-3871
-4865
-5357
-4947
-3716
-2565
-1567
-423
616
1238
1301
1083
358
-486
-1362
-2566
-3501
-4041
-4367
-4183
-3611
-2749
-1696
-715
104
624
848
727
159
-536
-1232
-2035
-2840
-3348
-3585
-3367
-3060
-2732
-2285
-1746
-1101
-685
-807
-880
-941
-1171
-1463
-1679
-1983
-2146
-2125
-1948
-1543
-1349
-1131
-754
-354
-264
-211
-332
-412
-611
-861
-1071
-1161
-1071
-1071
-972
-685
-224
139
326
443
534
581
620
593
465
-19
-902
-1926
-2841
-3470
-4018
-4553
-4848
-4762
-4501
-3944
-3160
-2170
-1202
-240
314
474
385
32
-535
-1146
-1969
-2840
-3211
-3135
-2809
-2356
-1681
-813
184
1252
1926
2128
1992
1690
1296
823
131
-447
-875
-1035
-1186
-1155
-723
-177
394
864
1268
1496
1587
1769
1826
1618
1266
854
529
423
341
334
457
601
978
1331
1681
1846
1687
1704
1811
1753
1489
1287
1122
884
876
1063
1164
1154
1034
1049
1125
1076
910
670
268
21
9
-106
-136
-112
-3
187
170
159
326
372
345
369
360
121
-186
-159
409
1357
