-5210
-4868
-4559
-4304
-4282
-4189
-4275
-4568
-4885
-5085
-5199
-5298
-5280
-5331
-5254
-5097
-4864
-4668
-4605
-4419
-4140
-3881
-3833
-4006
-4313
-4696
-5141
-5801
-6644
-7539
-8489
-9111
-9242
-9174
-8935
-8449
-7494
-6472
-5688
-4853
-4103
-3955
-4034
-4441
-5146
-5776
-6545
-7109
-7406
-7280
-6929
-6462
-5606
-4461
-3481
-2573
-1896
-1516
-1369
-1534
-1929
-2588
-3303
-3980
-4433
-4571
-4636
-4512
-4291
-3753
-3023
-2240
-1912
-1832
-1901
-2243
-2953
-3764
-4589
-4978
-5089
-4792
-4091
-2909
-1733
-855
-726
-1480
-2558
-4107
-6103
-8082
-10023
-11396
-11856
-11567
-10585
-9155
-7637
-6149
-5169
-4872
-5121
-6034
-7495
-9302
-11262
-12701
-13357
-13253
-12306
-10504
-8364
-5806
-3227
-1116
413
1081
1049
277
-942
-2417
-4020
-5396
-6017
-5684
-4401
-2288
577
3645
6084
7586
8234
8017
6800
4686
2021
-965
-3679
-5773
-7263
-7806
-7235
-5874
-3822
-1387
529
1894
2494
2205
1155
-611
-3019
-5606
-8056
-9939
-11111
-11435
-10626
-9131
-7535
-6039
-4589
-3436
-3000
-3288
-4264
-5643
-7329
-9187
-10843
-12283
-13195
-13381
-13075
-12236
-10926
-9406
-7813
-6561
-5807
-5649
-6029
-6712
-7799
-9095
-10357
-11331
-12063
-12552
-12436
-12104
-11152
-10023
-8954
-7910
-6886
-6024
-5413
-5018
-4877
-4786
-4588
-4433
-4284
-4047
-3595
-3001
-2433
-1798
-1224
-835
-780
-748
-600
-810
-1212
-1475
-1568
-1764
-1985
-1766
-1520
-1550
-1421
-1299
-1324
-1477
-1742
-1984
-2164
-2330
-2690
-3108
-3582
-4276
-5065
-5742
-6214
-6494
-6557
-6544
-6255
-5648
-4919
-4199
-3397
-2686
-2476
-2594
-2960
-3560
-4453
-5563
-6484
-7386
-8227
-8839
-8848
-8411
-7718
-6927
-6095
-5375
-4926
-4758
-4538
-4572
-4797
-5201
-5703
-6020
-6276
-6494
-6500
-6011
-5290
-4453
-3564
-2775
-1738
-843
-127
392
540
754
1067
1036
734
-170
-1251
-2088
-3124
-4284
-5101
-4992
-3875
-2033
15
1834
3218
4428
5182
5015
4019
2363
504
-1345
-3028
-4129
-4301
-3505
-2032
-183
1884
3969
5453
6207
6179
5499
4216
2819
1355
-99
-1293
-1810
-1468
-299
1519
3516
5311
6817
7791
8273
8452
8364
8444
8555
8527
8300
7925
7440
6922
6203
5169
4082
2946
1727
683
-155
-716
-755
-321
710
1955
2988
3876
4626
4869
4664
4133
3158
1946
782
-388
-1413
-2204
-2621
-2666
-2265
-1567
-677
-78
181
260
116
-116
-823
-1822
-2665
-3346
-4171
-4757
-4978
-5101
-5172
-5037
-4891
-4620
-4350
-4266
-4377
-4603
-4811
-4987
-5034
-5284
-5331
-5350
-5182
-4875
-4502
-4152
-4031
-4001
-4005
-4165
-4326
-4411
-4686
-4825
-4783
-4481
-4109
-3757
-3307
-2605
-1955
-1434
-891
-453
-388
-529
-755
-1220
-1725
-2196
-2487
-2614
-2807
-2852
-2736
-2478
-2224
-1886
-1609
-1312
-1006
-990
-1121
-997
-1354
-2163
-3388
-4724
-6069
-7334
-8522
-9561
-10091
-10080
-9721
-9005
-8128
-7136
-6101
-5173
-4652
-4418
-4408
-4880
-5834
-7056
-8144
-8990
-9624
-10134
-10221
-9728
-9193
-8590
-7901
-7020
-6139
-5525
-5587
-5854
-6084
-6509
-7074
-7649
-8103
-8389
-8540
-8284
-7762
-7205
-6552
-5929
-5342
-4606
-4079
-3810
-3440
-3242
-3129
-2951
-2821
-2686
-2416
-2235
-1800
-1419
-1047
-537
-266
-252
-151
-47
51
-193
-678
-1044
-1117
-1042
-954
-1000
-871
-648
-632
-824
-836
-965
-1239
-1472
-1683
-1906
-2218
-2515
-2493
-2469
-2363
-2114
-2018
-2142
-2197
-2077
-1911
-1811
-2088
-2521
-2996
-3714
-4026
-3584
-2620
-1413
-128
989
1494
1279
602
-431
-1807
-3465
-5193
-6794
-7775
-8085
-7898
-7002
-5625
-4120
-2814
-1893
-1191
-1064
-1557
-2696
-4076
-5620
-7185
-8420
-9199
-9191
-8614
-7701
-6549
-5262
-4017
-3037
-2410
-2194
-2333
-2873
-4065
-5456
-6753
-7675
-8319
-8596
-8481
-7829
-6721
-5427
-4390
-3694
-2981
-2620
-2786
-3244
-3904
-4537
-5188
-5847
-6400
-6753
-6854
-6758
-6324
-5670
-5223
-4808
-4559
-4424
-4413
-4526
-4931
-5428
-5923
-6170
-6220
-6294
-6289
-6133
-6012
-5729
-5416
-5362
-5369
-5512
-5659
-5857
-5917
-6064
-6523
-6799
-6852
-6807
-6641
-6232
-5839
-5773
-5619
-5329
-5000
-4920
-5006
-5257
-5552
-6031
-6760
-7788
-8918
-9839
-10597
-11209
-11452
-11414
-11199
-10505
-9301
-8293
-7431
-6700
-6178
-5969
-6005
-6236
-6881
-7817
-8806
-9481
-10003
-10168
-9923
-9074
-8120
-7134
-6247
-5365
-4477
-3673
-3397
-3518
-3833
-4396
-5100
-5695
-6035
-6069
-5950
-5858
-5337
-4617
-3977
-3219
-2530
-1855
-1327
-1074
-1046
-1155
-1350
-1493
-1518
-1480
-1320
-890
-648
-549
-107
448
864
936
1138
1412
1424
1276
1236
1245
1202
934
602
616
743
651
598
633
601
447
303
110
35
-85
-460
-744
-685
-537
-387
-255
-156
-161
-111
150
316
313
7
-573
-1179
-1573
-1706
-1349
-253
1217
2733
3942
4998
5171
4637
3831
2672
1301
-311
-1617
-2398
-2959
-3007
-2586
-1552
-61
1351
2564
3248
3343
2916
1974
880
-314
-1663
-2867
-3625
-3886
-3802
-3079
-2040
-904
203
1023
1562
1741
1527
882
-105
-1024
-1949
-3022
-3889
-4146
-3888
-3429
-2821
-2176
-1469
-557
164
251
-43
-467
-1037
-1725
-2489
-3327
-4119
-4444
-4492
-4144
-3721
-3266
-2780
-2333
-1965
-1774
-1806
-2149
-2353
-2649
-3186
-3631
-3786
-3916
-3963
-3723
-3364
-2978
-2629
-2475
-2268
-2139
-2155
-2273
-2585
-2801
-3138
-3349
-3603
-3589
-3244
-3041
-2986
-2873
-2691
-2440
-2296
-2190
-2172
-2230
-2482
-2972
-3539
-4234
-5158
-6344
-7348
-7930
-8215
-8383
-8258
-7694
-6948
-6040
-5069
-4112
-3446
-3127
-3247
-3611
-4300
-5431
-6381
-7190
-7665
-7781
-7727
-7447
-6797
-5895
-4933
-3864
-2940
-2476
-2276
-2491
-2863
-3364
-3884
-4430
-4938
-5091
-5093
-5152
-4925
-4265
-3591
-2794
-1850
-1216
-1002
-960
-974
-968
-1055
-1178
-1391
-1685
-1661
-1388
-1047
-696
-348
-65
230
418
593
835
1092
1210
1167
944
788
617
602
528
505
511
503
519
548
345
53
-66
-205
-345
-549
-720
-757
-776
-875
-886
-829
-785
-608
-545
-617
-544
-631
-1130
-1819
-2501
-2813
-2612
-1726
-391
1209
2706
3775
4099
3724
2973
2008
649
-995
-2633
-3978
-4696
-4865
-4348
-3326
-1979
-515
666
1397
1696
1512
654
-403
-1770
-3261
-4478
-5487
-5979
-5898
-5526
-4636
-3444
-2198
-1186
-491
-144
-98
-416
-1275
-2353
-3725
-4872
-5617
-6056
-5990
-5627
-5073
-4332
-3519
-2615
-1950
-1588
-1498
-1830
-2334
-2910
-3731
-4628
-5435
-5849
-5934
-5982
-5695
-5222
-4565
-3917
-3531
-3443
-3459
-3567
-3900
-4439
-4941
-5133
-5228
-5248
-5380
-5355
-5108
-4646
-4142
-3793
-3572
-3482
-3420
-3517
-3904
-4348
-4752
-4797
-4747
-4829
-4868
-4832
-4603
-4291
-4127
-4082
-3925
-3840
-3966
-3847
-3707
-3903
-4417
-5278
-6309
-7317
-8292
-9052
-9500
-9615
-9462
-9114
-8449
-7578
-6503
-5589
-4939
-4517
-4480
-4673
-5211
-5895
-6675
-7582
-8184
-8597
-8758
-8459
-7888
-6951
-5839
-4706
-3762
-3378
-3315
-3199
-3305
-3829
-4341
-4827
-5266
-5540
-5681
-5612
-5350
-4715
-3988
-3289
-2648
-1963
-1435
-1256
-963
-938
-1151
-1275
-1295
-1258
-1294
-1172
-955
-595
-266
28
363
707
1064
1169
1147
1129
1064
997
904
946
855
761
719
904
1089
1017
923
798
622
448
178
-30
-74
-80
-223
-265
-288
-139
28
-3
50
105
235
214
72
-198
-740
-1575
-2140
-2110
-1649
-614
827
2284
3312
3862
4065
3781
2765
1383
135
-1103
-2281
-3037
-3230
-2891
-2081
-816
505
1585
2390
2852
2670
1813
924
119
-1027
-2452
-3529
-4096
-4223
-3955
-3202
-2106
-742
430
1154
1435
1505
1251
614
-281
-1361
-2496
-3404
-3894
-3882
-3632
-2882
-1996
-1205
-326
475
858
840
671
252
-336
-1115
-1986
-2791
-3321
-3663
-3617
-3269
-2734
-2187
-1836
-1432
-1074
-844
-875
-1249
-1697
-2088
-2435
-2860
-3072
-3185
-3052
-2772
-2527
-2235
-1931
-1681
-1583
-1667
-1759
-1827
-2080
-2588
-2851
-2960
-2933
-3014
-2915
-2679
-2367
-2072
-2002
-2046
-1870
-1593
-1453
-1646
-2088
-2673
-3386
-4178
-5073
-6036
-6867
-7493
-7798
-7660
-7460
-6957
-6072
-5012
-4027
-3178
-2606
-2456
-2645
-3183
-3741
-4333
-5232
-6078
-6622
-6778
-6601
-6034
-5259
-4277
-3221
-2240
-1575
-1162
-999
-1056
-1293
-1830
-2454
-2993
-3504
-3584
-3488
-3148
-2704
-2188
-1478
-635
-3
504
893
1029
962
822
633
637
600
512
550
776
1119
1500
1864
2171
2314
2360
2402
2522
2677
2731
2731
2680
2565
2543
2467
2357
2150
2115
2183
2060
1992
1937
1798
1651
1411
1140
987
922
946
976
987
1073
1107
1152
1280
1317
1262
1104
926
381
-216
-429
-171
582
1773
3117
4498
5464
5968
6187
5803
4710
3181
1639
141
-1375
-2477
-3090
-2849
-1864
-613
790
2279
3541
4196
4416
4095
3163
1794
280
-1115
-2395
-3334
-3900
-3930
-3336
-2326
-1176
29
1063
1706
2102
2000
1321
299
-771
-1957
-3087
-3846
-4067
-3878
-3487
-2829
-2134
-1216
-410
146
512
532
257
-319
-1177
-2006
-2696
-3451
-3935
-4153
-4125
-3831
-3288
-2763
-2409
-2043
-1773
-1829
-2000
-2283
-2633
-2864
-3072
-3313
-3401
-3343
-3102
-2812
-2290
-1887
-1707
-1655
-1830
-1930
-2047
-2256
-2512
-2709
-2903
-2942
-2968
-2896
-2650
-2399
-2158
-1881
-1635
-1584
-1494
-1450
-1754
-2217
-2711
-3284
-4128
-5063
-5840
-6603
-7232
-7701
-7932
-7766
-7172
-6256
-5381
-4650
-3895
-3175
-2698
-2772
-3283
-3831
-4536
-5470
-6300
-6893
-7243
-7246
-6783
-6081
-5221
-4449
-3548
-2817
-2340
-2079
-2071
-2379
-2790
-3337
-4012
-4670
-5031
-5088
-4874
-4417
-3893
-3147
-2317
-1695
-1230
-826
-471
-363
-584
-899
-1079
-1078
-1109
-977
-808
-622
-252
210
577
899
1382
1559
1675
1718
1777
1669
1549
1402
1224
1201
1271
1280
1165
1268
1510
1486
1337
1038
762
492
196
122
-18
-133
-15
180
347
363
562
665
651
608
458
196
-129
-712
-1512
-1991
-1716
-1048
-98
1402
2869
3928
4464
4323
3528
2264
880
-377
-1548
-2715
-3476
-3429
-2816
-1887
-724
600
1920
2943
3216
2992
2360
1310
10
-1445
-2900
-3967
-4583
-4573
-3979
-2931
-1852
-769
357
1104
1533
1671
1327
601
-312
-1560
-2737
-3557
-3940
-3698
-3263
-2805
-1899
-1015
-307
227
590
842
709
166
-541
-1254
-2048
-2751
-3311
-3446
-3279
-3053
-2794
-2296
-1678
-1260
-965
-679
-768
-1095
-1548
-2022
-2327
-2699
-2859
-2804
-2610
-2318
-2087
-1758
-1604
-1333
-1180
-1318
-1586
-1836
-2011
-2260
-2518
-2563
-2532
-2413
-2330
-2017
-1855
-1778
-1717
-1408
-1233
-1273
-1343
-1559
-1801
-2297
-3055
-3894
-4790
-5687
-6512
-7110
-7306
-7190
-6825
-5966
-4973
-4089
-3131
-2409
-1944
-1915
-2294
-2729
-3399
-4120
-5048
-5826
-6289
-6368
-5969
-5177
-4321
-3418
-2378
-1458
-893
-526
-311
-444
-906
-1356
-1864
-2344
-2615
-2606
-2600
-2374
-1653
-1002
-378
177
740
1457
1887
2003
1996
1888
1799
1561
1421
1320
1432
1736
1973
2126
2456
2908
3404
3718
3873
3915
3908
3854
3731
3591
3526
3473
3412
3361
3520
3558
3452
3240
2993
3052
3125
3085
2766
2404
2226
2235
2242
2255
2321
2364
2499
2526
2513
2616
2594
2458
2128
1396
771
391
488
1172
2216
3633
5091
6189
6871
6815
6180
5185
3969
2639
1326
219
-571
-910
-718
-17
1168
2432
3740
4767
5353
5297
4616
3756
2565
1104
-244
-1215
-1822
-1985
-1715
-929
8
918
1848
2889
3591
3630
3126
2333
1463
396
-638
-1464
-2110
-2329
-2192
-1688
-858
-35
715
1571
2166
2326
2131
1601
821
-39
-902
-1561
-1955
-2214
-2225
-2146
-1723
-1197
-621
-180
-28
105
168
-5
-537
-1174
-1556
-1880
-2128
-2024
-1774
-1551
-1327
-1045
-725
-415
-396
-371
-507
-753
-1068
-1315
-1530
-1726
-1869
-1651
-1502
-1462
-1314
-1126
-827
-668
-580
-611
-682
-765
-1007
-1523
-2236
-3060
-3865
-4671
-5517
-5984
-6266
-6414
-6128
-5523
-4666
-3831
-3076
-2407
-1772
-1495
-1720
-2210
-2775
-3630
-4655
-5328
-5736
-5904
-5670
-5053
-4326
-3545
-2590
-1711
-1113
-710
-392
-411
-742
-1333
-1981
-2568
-3136
-3420
-3382
-3132
-2544
-1728
-1102
-607
35
669
960
994
1025
979
985
852
557
436
560
935
1270
1603
1951
2334
2533
2618
2769
2883
2951
2885
2765
2768
2782
2644
2423
2417
2569
2615
2514
2435
2345
2105
1908
1935
1781
1541
1279
1121
1039
1105
1153
1178
1218
1407
1596
1700
1542
1364
999
484
-81
-477
-569
-143
743
2038
3568
4909
5739
6002
5568
4588
3564
2345
894
-450
-1433
-1848
-1858
-1358
-170
1227
2391
3270
3805
3974
3587
2700
1660
367
-984
-2077
-2938
-3298
-3065
-2441
-1548
-343
801
1587
2027
2275
2166
1716
838
-140
-1158
-2324
-2953
-3219
-3256
-2772
-1880
-1092
-388
434
1093
1328
1202
694
83
-600
-1334
-1912
-2460
-2936
-3079
-2878
-2416
-2022
-1583
-940
-582
-528
-467
-549
-875
-1540
-1998
-2274
-2420
-2413
-2325
-2219
-1874
-1472
-1165
-925
-807
-698
-767
-1102
-1434
-1629
-1691
-1807
-1935
-2027
-1906
-1641
-1391
-1171
-1094
-876
-700
-709
-837
-862
-1000
-1315
-1774
-2540
-3629
-4561
-5372
-6162
-6678
-6801
-6543
-6042
-5237
-4303
-3410
-2673
-1874
-1540
-1629
-1927
-2548
-3277
-4124
-4844
-5300
-5445
-5537
-5348
-4542
-3497
-2588
-1881
-1249
-665
-464
-354
-317
-645
-1307
-1870
-2203
-2567
-2656
-2439
-1968
-1239
-479
237
821
1307
1684
1942
1953
1968
1799
1522
1357
1303
1558
1884
2072
2331
2599
3059
3444
3538
3691
3722
3792
3947
3908
3884
3846
3665
3530
3436
3500
3524
3468
3532
3372
3131
2847
2626
2512
2340
2354
2518
2538
2336
2198
2284
2495
2691
2570
2504
2725
2824
2566
1945
1277
801
544
645
1424
2866
4456
5754
6721
6968
6643
5909
4942
3669
2211
711
-324
-902
-937
-465
402
1639
2857
3990
4859
5198
5096
4522
3424
2212
878
-440
-1551
-2188
-2225
-1546
-464
689
1615
2345
2989
3462
3552
3154
2356
1343
224
-850
-1523
-1911
-2095
-1683
-905
-154
594
1370
1922
2237
2269
1957
1274
711
99
-603
-1218
-1614
-1749
-1793
-1688
-1143
-547
-51
321
462
460
415
313
-190
-615
-882
-1158
-1298
-1326
-1234
-1024
-674
-308
14
421
428
340
339
42
-289
-618
-834
-909
-1119
-1169
-929
-468
-101
-63
23
232
371
326
328
261
-173
-814
-1573
-2407
-3385
-4186
-4842
-5332
-5514
-5392
-5019
-4415
-3395
-2440
-1604
-945
-588
-462
-670
-1189
-1938
-2727
-3413
-4001
-4644
-4882
-4438
-3823
-2966
-1890
-929
-145
388
562
627
645
171
-420
-886
-1268
-1570
-1774
-1665
-1374
-865
-213
522
1182
1487
1671
2000
2178
2031
1640
1226
1021
1001
1138
1429
1750
2131
2634
3040
2900
2184
1451
1061
762
660
593
800
1250
2030
2782
3446
3978
4163
4036
3521
2634
1673
834
78
-260
146
983
1907
2858
4134
5437
6305
6751
6669
6296
5639
4802
3915
3092
2625
2408
2452
2839
3762
5275
7052
8737
9932
10302
9967
9219
8031
6453
4699
2936
1456
530
177
408
1224
2369
3697
4842
5523
5729
5675
5164
4219
2858
1390
197
-932
-1676
-2085
-1981
-1351
-596
445
1366
2049
2517
2746
2468
1954
1259
108
-1132
-2088
-2700
-3208
-3465
-3176
-2523
-1599
-768
-45
518
757
771
455
58
-471
-1130
-1911
-2587
-2926
-2835
-2354
-1896
-1565
-882
-190
280
570
869
883
866
695
297
61
-21
220
440
780
1101
1325
1675
1820
1920
2168
2121
1970
1691
1408
1250
881
755
742
790
1005
1192
1060
916
857
917
1047
1135
1078
957
748
18
-797
-1477
-2285
-3236
-4137
-4695
-5059
-5251
-5164
-4702
-4103
-3325
-2468
-1613
-1118
-972
-1005
-1551
-2387
-3308
-4171
-4928
-5446
-5565
-5599
-5394
-4737
-3721
-2740
-2024
-1473
-1096
-859
-914
-1213
-1850
-2628
-3385
-4008
-4422
-4512
-4259
-3690
-2957
-2218
-1667
-1302
-890
-366
-57
-50
-340
-774
-1346
-1814
-2053
-2262
-2372
-2120
-1632
-1015
-160
661
1210
1509
1518
1240
915
302
-410
-902
-1248
-1413
-1288
-1059
-827
-363
177
575
629
438
119
-367
-949
-1753
-2546
-3221
-3514
-3497
-3166
-2496
-1883
-1654
-1388
-1199
-1369
-2057
-3022
-4290
-5358
-5848
-5795
-5110
-3753
-1929
-281
1013
1622
1432
493
-841
-2469
-4425
-6392
-7729
-8644
-8613
-7826
-6509
-4678
-2883
-1425
-373
-10
-229
-857
-2039
-3366
-4826
-6384
-7358
-7786
-7631
-6597
-5115
-3658
-2276
-1164
-405
-18
77
-153
-815
-1856
-3013
-4040
-4703
-4870
-4595
-4178
-3386
-2356
-1303
-408
375
863
832
656
289
-355
-998
-1674
-2246
-2554
-2733
-2594
-2210
-1617
-1010
-336
198
454
553
360
-14
-427
-935
-1430
-1617
-1676
-1648
-1410
-987
-512
-134
-34
139
350
348
112
-329
-624
-780
-1013
-1254
-1162
-790
-555
-342
-111
260
565
834
1057
999
909
952
701
153
-664
-1570
-2340
-2924
-3474
-3828
-3876
-3496
-2704
-1867
-1079
-190
850
1698
2122
1994
1570
1035
417
-115
-686
-1065
-1196
-931
-421
378
1205
2109
2929
3629
4215
4515
4329
3946
3431
2854
2374
1990
1692
1475
1564
2046
2561
2868
3381
3908
4233
4411
4481
4325
4047
3815
3555
3220
2845
2741
2855
2967
3115
3293
3466
3680
3777
3943
3945
3850
3621
3389
3275
3185
3071
2925
2940
3068
2983
2793
2653
2668
2567
2328
2252
2167
1997
1815
1672
1664
1671
1756
1702
1661
1886
2094
2287
2284
2099
1897
1560
909
86
-567
-663
-204
752
2000
3217
4223
4783
4807
4359
3621
2638
1700
949
262
-107
-61
570
1520
2539
3843
4802
5290
5288
4914
4375
3540
2499
1317
434
-215
-510
-238
495
1505
2570
3673
4558
5185
5504
5180
4536
3934
3118
2072
1195
658
588
704
1065
1743
2549
3381
3999
4532
4817
4802
4380
3813
3155
2413
1637
1014
667
633
838
1148
1727
2446
2915
3266
3584
3590
3192
2839
2434
1943
1482
1084
666
455
650
940
1222
1478
1746
1812
1629
1594
1611
1394
1155
1008
890
692
691
777
964
1095
1295
1372
1413
1518
1572
1777
1875
1791
1623
1177
505
-267
-1163
-1912
-2455
-2916
-3141
-3163
-2825
-2118
-1241
-429
486
1113
1446
1523
1317
910
377
-281
-982
-1603
-1861
-1861
-1583
-964
-109
750
1602
2403
2815
3002
3066
2943
2349
1588
939
429
123
-95
-224
111
569
946
1405
1799
2243
2463
2419
2345
2058
1714
1316
858
615
377
210
274
487
628
796
973
1007
1067
1096
1198
1122
1027
923
635
398
236
290
346
165
-4
67
78
-144
-433
-572
-709
-973
-1323
-1470
-1364
-1336
-1465
-1600
-1468
-1190
-1105
-1236
-1234
-1094
-1085
-1333
-1577
-1778
-1730
-1131
-1
1448
2993
4402
5318
5562
5174
4166
2493
582
-1280
-3147
-4941
-5948
-6002
-5187
-3827
-2073
-24
1938
3356
4140
4285
3704
2452
786
-926
-2661
-4427
-5596
-5952
-5514
-4622
-3375
-1964
-805
237
909
1146
972
387
-546
-1925
-3412
-4538
-5426
-5888
-5777
-5232
-4485
-3712
-2650
-1431
-663
-294
-252
-575
-1159
-2066
-2790
-3546
-4194
-4550
-4660
-4608
-4323
-3874
-3400
-3051
-2763
-2465
-2233
-2260
-2449
-2634
-2649
-2648
-2782
-2731
-2449
-2067
-1570
-1098
-617
-353
-315
-336
-395
-561
-857
-1124
-1200
-981
-720
-724
-500
-114
397
814
1036
1193
1246
1278
1400
1206
821
482
-34
-805
-1795
-2676
-3415
-3874
-3837
-3750
-3487
-2886
-2047
-1032
-101
668
1155
1378
1252
780
214
-560
-1604
-2432
-2761
-3033
-2924
-2359
-1540
-613
179
926
1538
1892
1989
1786
1243
606
-155
-822
-1377
-1826
-1988
-1821
-1361
-861
-329
232
859
1236
1246
1156
1098
1001
743
278
31
-22
-87
-98
-105
100
454
822
1242
1396
1582
1684
1497
1326
1244
1231
1147
1204
1284
1171
1021
1075
1238
1218
1099
1134
1136
782
476
292
152
14
60
244
322
419
594
686
717
831
916
886
611
92
-375
-902
-1269
-1086
