-4824
-4460
-4057
-3669
-3477
-3579
-3779
-3962
-4209
-4347
-4406
-4530
-4573
-4563
-4452
-4329
-3944
-3593
-3379
-3184
-3006
-2984
-2942
-2986
-3248
-3512
-4208
-4884
-5832
-6722
-7431
-8164
-8593
-8522
-8050
-7454
-6726
-5830
-4865
-4056
-3660
-3298
-3243
-3541
-4285
-5122
-5778
-6379
-6994
-7260
-7050
-6546
-5646
-4598
-3679
-2735
-1879
-1681
-1983
-2188
-2398
-2923
-3762
-4452
-4984
-5327
-5340
-5108
-4757
-4174
-3608
-3151
-2781
-2565
-2498
-2825
-3414
-4214
-4974
-5489
-5558
-5363
-4696
-3518
-2211
-1254
-958
-1358
-2551
-4280
-6172
-8103
-10018
-11430
-12017
-11669
-10638
-9336
-7798
-6115
-4908
-4245
-4379
-5335
-6918
-8681
-10546
-12006
-12764
-12802
-12035
-10324
-7961
-5475
-3053
-826
870
1644
1519
927
-187
-1723
-3359
-4922
-6209
-6862
-6356
-4905
-2511
372
3196
5325
6387
6536
5821
4487
2443
59
-2247
-4167
-5621
-6207
-5893
-4968
-3585
-1991
-478
554
817
314
-761
-2337
-4206
-6142
-7998
-9359
-10222
-10436
-9717
-8216
-6659
-5282
-4125
-3479
-3271
-3551
-4297
-5580
-7114
-8831
-10418
-11478
-11933
-11951
-11562
-10554
-9135
-7607
-6298
-5344
-4850
-4802
-5220
-6119
-7231
-8581
-9949
-10988
-11444
-11503
-11217
-10650
-9713
-8479
-7199
-5981
-4955
-4026
-3448
-3352
-3457
-3730
-3820
-3807
-3766
-3483
-3288
-3000
-2506
-1852
-1206
-920
-822
-754
-816
-1021
-1319
-1596
-1556
-1783
-2111
-2140
-2091
-2150
-2128
-2054
-2038
-2182
-2500
-2820
-3101
-3310
-3415
-3706
-4085
-4409
-5175
-6006
-6501
-6769
-7142
-7234
-6944
-6294
-5591
-5059
-4439
-3878
-3141
-2774
-3157
-3943
-4828
-5799
-6768
-7673
-8439
-8778
-8895
-8639
-8036
-7232
-6344
-5427
-4788
-4360
-4043
-3952
-4227
-4684
-5199
-5507
-5639
-5698
-5471
-5023
-4433
-3555
-2456
-1392
-582
137
811
1360
1744
1896
1884
1761
1444
702
-400
-1573
-2593
-3544
-4263
-4229
-3460
-1908
117
2007
3526
4528
5246
5277
4562
3052
1027
-924
-2610
-3818
-4085
-3287
-1853
-49
1920
3824
5427
6286
6225
5548
4591
3241
1606
-47
-1263
-1817
-1630
-525
1254
3351
5153
6421
6994
6972
6740
6340
5969
5881
5943
6210
6513
6791
6907
6513
5853
5019
4028
3035
1968
828
-3
-488
-321
326
1262
2353
3388
4123
4577
4594
4135
3412
2382
1131
-84
-1088
-1798
-2252
-2120
-1596
-915
-164
595
1083
1533
1583
1330
958
67
-957
-1955
-2912
-3541
-3895
-4080
-4049
-4055
-3912
-3607
-3382
-3342
-3218
-3176
-3498
-3872
-4083
-4333
-4513
-4538
-4356
-3991
-3916
-3792
-3470
-3149
-2997
-2931
-3019
-3199
-3418
-3665
-3904
-4031
-3865
-3650
-3376
-3102
-2641
-2132
-1583
-1232
-1043
-945
-1152
-1580
-1940
-2244
-2653
-2891
-3173
-3312
-3394
-3424
-3196
-2884
-2570
-2153
-1862
-1671
-1667
-1910
-2294
-2856
-3971
-5294
-6586
-7790
-9013
-10102
-10516
-10381
-9973
-9506
-8613
-7337
-6277
-5535
-4964
-4682
-4681
-5259
-6181
-7304
-8107
-8925
-9708
-10194
-10134
-9860
-9331
-8435
-7588
-6826
-6151
-5723
-5593
-5665
-5885
-6344
-7125
-7894
-8326
-8324
-8435
-8323
-7981
-7458
-6753
-5968
-5196
-4510
-4022
-3644
-3512
-3413
-3226
-2983
-2819
-2678
-2470
-2294
-1892
-1426
-1029
-818
-788
-702
-652
-583
-695
-999
-1195
-1226
-1322
-1592
-1635
-1575
-1463
-1571
-1712
-1726
-1632
-1632
-2048
-2529
-2739
-2912
-3140
-3221
-3379
-3412
-3305
-3107
-2944
-2969
-2885
-2619
-2458
-2418
-2535
-3315
-4085
-4571
-4815
-4468
-3567
-2034
-721
86
680
643
-80
-1206
-2622
-4316
-5953
-7184
-8205
-8741
-8408
-7334
-5959
-4660
-3397
-2295
-1639
-1500
-1967
-2925
-4298
-5872
-7400
-8613
-9356
-9372
-8944
-8069
-6923
-5648
-4219
-3094
-2484
-2296
-2634
-3146
-4019
-5234
-6501
-7476
-8214
-8535
-8452
-8034
-7193
-6083
-4943
-3913
-3311
-3160
-3245
-3522
-4038
-4840
-5634
-6150
-6689
-6913
-6895
-6891
-6649
-6160
-5438
-4857
-4636
-4740
-4885
-4953
-5242
-5688
-6105
-6472
-6482
-6567
-6731
-6683
-6326
-5820
-5557
-5464
-5296
-5252
-5368
-5941
-6468
-6631
-6595
-6577
-6694
-6850
-6788
-6351
-5780
-5452
-5131
-5035
-4921
-4786
-4789
-4807
-5076
-5563
-6395
-7401
-8369
-9302
-10185
-10845
-11223
-11127
-10597
-10008
-9197
-8165
-7186
-6305
-5633
-5055
-5013
-5772
-6720
-7427
-8132
-8892
-9539
-9827
-9498
-8843
-7937
-6954
-6095
-4973
-4042
-3426
-3255
-3249
-3444
-4091
-4613
-5014
-5273
-5557
-5838
-5690
-5135
-4260
-3408
-2661
-2005
-1538
-1172
-907
-816
-813
-870
-879
-918
-1044
-949
-733
-446
-238
59
439
627
868
1214
1479
1674
1688
1564
1477
1351
1262
1233
1164
1160
1233
1201
1117
825
585
383
204
71
-47
-32
-154
-215
-156
50
282
421
572
742
735
648
544
377
40
-477
-1102
-1559
-1196
-178
1270
2878
4339
5283
5476
4970
4017
2831
1448
110
-1221
-2364
-2796
-2767
-2300
-1212
266
1860
3075
3637
3712
3265
2399
1397
154
-1120
-2407
-3447
-3784
-3424
-2855
-1889
-760
299
1287
1890
2021
1845
1338
388
-685
-1756
-2746
-3350
-3816
-3944
-3451
-2502
-1611
-800
-160
228
411
450
-20
-635
-1372
-2107
-2817
-3496
-3687
-3588
-3497
-3261
-2814
-2323
-1711
-1359
-1334
-1437
-1710
-2260
-2609
-2794
-3052
-3356
-3514
-3553
-3192
-2849
-2539
-2171
-1831
-1684
-1732
-1836
-2193
-2483
-2614
-2620
-2771
-3084
-3070
-2881
-2751
-2625
-2390
-2251
-2040
-1839
-1738
-1694
-1678
-2008
-2408
-2891
-3575
-4585
-5643
-6580
-7342
-7698
-7549
-7249
-7019
-6624
-5732
-4691
-3850
-3185
-2925
-3093
-3488
-4048
-4686
-5529
-6416
-7099
-7352
-7337
-7039
-6336
-5579
-4643
-3658
-2759
-2067
-1927
-2058
-2269
-2634
-3184
-3887
-4462
-4772
-4923
-4913
-4526
-4041
-3361
-2536
-1769
-1076
-592
-498
-456
-551
-735
-702
-767
-1061
-1180
-1080
-779
-645
-467
88
542
884
1319
1533
1494
1502
1422
1328
1081
840
1025
1115
1008
812
648
672
708
523
315
277
42
-171
-448
-495
-526
-507
-537
-535
-436
-305
-217
-288
-391
-455
-658
-1066
-1579
-2265
-2473
-2130
-1437
-324
1010
2330
3370
3934
3810
2949
1716
357
-1000
-2395
-3479
-4330
-4606
-4132
-3259
-1973
-653
491
1419
1825
1738
1270
172
-1105
-2473
-3731
-4770
-5494
-5754
-5325
-4431
-3326
-2281
-1366
-580
-191
-120
-371
-1087
-2199
-3357
-4457
-5419
-6029
-6065
-5694
-5241
-4437
-3477
-2664
-2074
-1721
-1687
-1744
-2135
-2928
-3757
-4585
-5350
-6053
-6375
-6044
-5587
-5123
-4553
-4091
-3747
-3610
-3629
-3570
-3673
-4201
-4818
-5092
-5146
-5286
-5388
-5328
-4963
-4609
-4313
-3899
-3727
-3774
-3871
-4076
-4347
-4640
-4701
-4791
-5028
-5170
-5023
-4859
-4704
-4347
-4194
-4195
-4173
-3844
-3527
-3490
-3772
-4279
-4829
-5647
-6601
-7663
-8468
-9060
-9428
-9486
-9526
-9342
-8638
-7758
-6864
-5850
-5038
-4547
-4453
-4695
-5219
-5942
-6791
-7705
-8392
-8821
-8967
-8655
-8145
-7271
-6376
-5433
-4459
-3623
-3188
-3272
-3522
-3818
-4210
-4718
-5223
-5719
-5966
-5847
-5432
-4783
-4099
-3277
-2522
-1968
-1558
-1151
-953
-887
-987
-1216
-1392
-1440
-1516
-1489
-1302
-898
-447
-130
307
624
835
1185
1293
1260
1267
1260
921
565
602
803
919
803
653
697
842
841
795
623
484
349
-28
-299
-272
-285
-291
-232
-182
-73
46
228
295
164
-25
-357
-1077
-2156
-3139
-3755
-3796
-3096
-2038
-810
409
1268
1565
1442
819
42
-597
-1447
-2197
-2814
-3018
-2614
-1802
-786
281
1280
1815
2131
1969
1213
408
-646
-1795
-2852
-3725
-4043
-3781
-3133
-2177
-1140
-155
684
1550
2052
2148
1857
1182
284
-712
-1700
-2356
-2648
-2494
-2175
-1660
-840
179
1010
1690
2011
2115
1896
1393
536
-350
-1037
-1591
-1992
-2267
-2426
-2079
-1365
-645
-106
277
480
521
436
315
-194
-968
-1679
-2087
-2222
-2465
-2733
-2758
-2568
-2353
-2034
-1726
-1674
-1713
-1925
-2284
-2576
-2920
-3218
-3373
-3389
-3358
-3298
-3071
-2892
-2945
-3005
-2903
-2828
-2782
-2713
-2647
-2805
-3141
-3812
-4652
-5648
-6703
-7453
-7797
-7977
-8026
-7791
-7265
-6534
-5690
-4825
-3876
-3265
-3027
-3032
-3397
-4007
-4781
-5564
-6099
-6543
-6906
-6658
-6087
-5262
-4227
-3198
-2343
-1474
-893
-547
-470
-835
-1360
-1783
-2258
-2676
-2886
-2827
-2472
-1944
-1277
-525
32
625
1165
1480
1661
1695
1620
1404
1203
1044
1006
1010
1031
1099
1284
1686
1947
2262
2452
2554
2707
2683
2586
2512
2449
2308
2204
2119
1883
1652
1704
1860
1691
1617
1525
1452
1407
1252
933
622
608
535
421
471
670
683
488
521
650
787
726
527
311
270
397
941
2163
3772
5343
6624
7469
7802
7613
6672
5132
3059
799
-1443
-3392
-4676
-5057
-4516
-3282
-1256
971
3043
4747
5753
6081
5830
4868
3432
1524
-558
-2489
-4125
-4957
-5002
-4384
-3174
-1731
-362
832
1615
2020
1996
1519
535
-957
-2461
-3900
-5208
-5894
-6015
-5843
-5263
-4175
-3101
-2119
-1318
-739
-547
-759
-1231
-2000
-2761
-3826
-4560
-4787
-5053
-5106
-5317
-5302
-5043
-4601
-4230
-4071
-3868
-3789
-3867
-4117
-4362
-4479
-4552
-4399
-3980
-3565
-3104
-2760
-2635
-2520
-2254
-2203
-2258
-2421
-2757
-3025
-3202
-3138
-2974
-2989
-2854
-2402
-2078
-1684
-1390
-1250
-1087
-1089
-1085
-1048
-1279
-2018
-2855
-3520
-4354
-5183
-6048
-6784
-7070
-7050
-6894
-6376
-5763
-4620
-3577
-2790
-2303
-2065
-1967
-2273
-3100
-4077
-5024
-6076
-6864
-7280
-7204
-6775
-6239
-5410
-4532
-3680
-2999
-2571
-2279
-2216
-2627
-3068
-3562
-4264
-4977
-5479
-5528
-5289
-4955
-4658
-4212
-3359
-2448
-1697
-1381
-1165
-979
-936
-1016
-1173
-1397
-1382
-1399
-1346
-1047
-614
-204
274
786
1006
1158
1401
1696
1835
1796
1772
1963
1925
1745
1618
1662
1751
1835
1839
1778
1688
1468
1387
1246
923
703
745
566
537
701
943
1216
1258
1351
1435
1438
1536
1408
866
39
-720
-1196
-1448
-1205
-448
671
1556
2387
2816
2759
2241
1300
115
-1067
-2231
-3109
-3545
-3534
-2706
-1534
-344
984
2302
3055
3360
3217
2506
1536
231
-1481
-3100
-4424
-5143
-5155
-4472
-3427
-2089
-666
514
1506
1997
2115
1919
1261
352
-698
-1887
-2792
-3165
-3066
-2888
-2565
-1677
-427
794
1518
1851
2047
1818
1221
454
-291
-954
-1574
-1982
-2086
-2201
-2097
-1839
-1292
-537
172
557
590
525
329
-32
-394
-626
-903
-1136
-1225
-1363
-1229
-1081
-1114
-1095
-956
-905
-1022
-1434
-1741
-2033
-2325
-2500
-2606
-2808
-2798
-2702
-2424
-2119
-2091
-2176
-2101
-1946
-1877
-1824
-2059
-2478
-3041
-3764
-4624
-5599
-6703
-7514
-7839
-7976
-7949
-7637
-6952
-6027
-5155
-4304
-3629
-3125
-2914
-2959
-3369
-4254
-5244
-6126
-6679
-7090
-7108
-6547
-5718
-4836
-3879
-2797
-1877
-1281
-889
-792
-882
-1095
-1478
-1970
-2523
-2992
-3185
-2913
-2361
-1783
-1157
-326
441
927
1354
1697
1960
2155
2108
1874
1687
1551
1398
1478
1806
2060
2347
2647
2956
3177
3466
3548
3543
3629
3441
3325
3382
3306
3015
2846
2802
2832
2902
2888
2835
2807
2632
2390
2120
1847
1487
1278
1141
1221
1302
1331
1435
1349
1333
1421
1525
1466
1237
895
275
-393
-839
-896
-197
1212
2613
4038
5159
5771
5905
5502
4599
3231
1733
296
-879
-1602
-1952
-1679
-855
342
1750
3085
4057
4512
4489
3984
3248
2116
887
-494
-1669
-2463
-2653
-2203
-1405
-417
556
1511
2406
2897
3092
2690
2033
1324
305
-851
-1794
-2251
-2515
-2474
-2018
-1082
-185
646
1244
1659
1886
1746
1192
514
-297
-1101
-1867
-2383
-2620
-2648
-2578
-2035
-1409
-1092
-842
-509
-343
-406
-629
-1144
-1607
-2097
-2406
-2614
-2703
-2504
-2348
-2096
-1801
-1463
-1128
-878
-942
-1180
-1372
-1698
-1985
-2164
-2208
-2240
-2266
-2185
-1915
-1785
-1464
-1233
-1178
-977
-719
-644
-874
-1130
-1687
-2332
-3149
-4064
-4866
-5497
-6112
-6308
-6194
-6122
-5551
-4717
-3911
-3056
-2306
-1778
-1495
-1518
-1785
-2473
-3358
-4194
-4810
-5404
-5873
-5725
-5145
-4341
-3326
-2247
-1262
-610
-352
-301
-397
-699
-1103
-1678
-2285
-2821
-3097
-3001
-2774
-2236
-1704
-1179
-352
337
831
1070
1305
1394
1397
1427
1135
840
789
790
954
1308
1588
1913
2227
2494
2856
2880
2857
2919
2970
2930
2835
2706
2575
2676
2848
2857
2749
2756
2892
2838
2793
2650
2498
2399
2393
2367
2097
1822
1609
1724
2067
2311
2336
2249
2176
2076
2193
2121
1733
1118
524
316
521
1368
2765
4257
5481
6227
6432
6203
5496
4164
2780
1539
308
-709
-1237
-1237
-832
153
1489
2868
4003
4548
4569
4368
3737
2536
1218
89
-1100
-2223
-2716
-2539
-1861
-871
278
1477
2237
2617
2884
2860
2443
1540
457
-662
-1482
-2062
-2525
-2537
-2153
-1499
-571
241
857
1367
1679
1678
1253
611
-10
-781
-1421
-1984
-2326
-2537
-2377
-1940
-1536
-1117
-545
-31
237
211
-11
-411
-977
-1494
-1669
-1694
-1849
-1898
-1673
-1382
-995
-624
-343
-48
52
-65
-295
-494
-637
-973
-1318
-1384
-1283
-1304
-1302
-985
-661
-433
-313
-277
-359
-213
-57
-385
-894
-1356
-1870
-2826
-3841
-4628
-5395
-5921
-6138
-5900
-5390
-4830
-3980
-3042
-2224
-1698
-1246
-1217
-1635
-2129
-2927
-3889
-4688
-5193
-5284
-5201
-5008
-4261
-3519
-2648
-1623
-761
-34
363
267
-119
-742
-1320
-1876
-2343
-2581
-2531
-2277
-1848
-1282
-726
-8
653
1092
1518
2066
2193
2093
1912
1868
1680
1554
1589
1760
1965
2187
2627
3017
3296
3487
3718
3775
3798
3790
3667
3436
3302
3327
3326
3337
3140
3057
3080
3037
2983
2978
3200
2952
2626
2415
2328
2200
2120
2039
2059
2209
2393
2472
2430
2521
2602
2492
2238
1756
1161
691
357
613
1335
2403
3711
5025
6029
6505
6389
5741
4588
3181
1715
401
-610
-1261
-1479
-1194
-239
1078
2404
3641
4538
4858
4649
3911
2915
1739
490
-849
-1955
-2600
-2416
-1841
-1014
53
1034
1827
2479
2852
3046
2887
2105
1176
90
-983
-1846
-2329
-2333
-2075
-1510
-713
124
951
1597
1963
1963
1752
1346
683
-71
-961
-1553
-1900
-2038
-1910
-1686
-1301
-854
-367
118
374
320
117
-108
-455
-857
-1195
-1376
-1466
-1557
-1458
-1198
-1017
-701
-209
103
75
-55
-225
-126
-310
-850
-1298
-1266
-1171
-1138
-967
-786
-737
-624
-480
-370
-331
-184
-47
29
-131
-759
-1677
-2618
-3488
-4208
-4980
-5459
-5604
-5469
-5117
-4621
-3864
-2986
-2212
-1468
-1085
-950
-967
-1344
-2067
-3055
-3813
-4337
-4893
-5030
-4735
-4136
-3279
-2175
-1249
-622
-47
284
341
241
-158
-604
-1144
-1431
-1701
-1996
-2008
-1637
-1128
-554
36
681
1295
1880
2175
2046
1775
1394
1073
900
746
884
1376
1912
2318
2543
2655
2633
2297
1750
1182
608
228
88
256
868
1756
2560
3292
3827
4074
3919
3385
2620
1870
1104
263
-152
96
914
1988
3102
4236
5395
6290
6711
6845
6536
5808
4994
4258
3519
2902
2561
2595
2904
3552
5096
6999
8546
9538
10131
10202
9550
8340
6683
4827
3055
1769
903
430
543
1163
2326
3765
4859
5716
6079
5917
5467
4660
3361
1869
430
-744
-1622
-2177
-2110
-1556
-640
439
1507
2316
2673
2697
2492
2184
1459
325
-862
-1962
-2709
-3207
-3321
-3047
-2394
-1628
-841
-146
435
830
935
638
145
-403
-1058
-1730
-2294
-2664
-2600
-2198
-1840
-1368
-838
-37
541
951
1178
1238
1034
764
417
-7
-51
100
216
530
1007
1418
1767
1982
1937
1893
1771
1594
1391
1016
727
534
487
572
728
785
843
988
1082
991
883
997
921
775
768
612
55
-671
-1407
-2368
-3289
-4133
-4706
-5105
-5152
-5075
-4589
-4052
-3571
-2818
-1868
-1235
-952
-1222
-1788
-2685
-3627
-4417
-5053
-5475
-5730
-5801
-5483
-4810
-4041
-3129
-2300
-1682
-1370
-1282
-1370
-1657
-2317
-3003
-3575
-4137
-4452
-4655
-4699
-4241
-3566
-2756
-2098
-1639
-1064
-652
-434
-388
-679
-1044
-1438
-2011
-2417
-2698
-2826
-2634
-2004
-1255
-538
104
692
955
1067
898
434
-134
-829
-1384
-1877
-2134
-2009
-1740
-1366
-669
-125
233
359
327
109
-509
-1269
-2005
-2757
-3285
-3641
-3759
-3559
-3035
-2538
-2406
-2194
-1923
-1840
-2395
-3417
-4615
-5661
-6430
-6499
-5752
-4342
-2499
-769
576
1194
1035
103
-1309
-2889
-4790
-6615
-8136
-8950
-9036
-8551
-7284
-5326
-3551
-2153
-1228
-554
-444
-1105
-2370
-3926
-5407
-6627
-7746
-8317
-8190
-7350
-6049
-4659
-3034
-1718
-932
-597
-635
-1086
-1787
-2567
-3629
-4694
-5381
-5513
-5408
-4841
-3975
-3056
-2042
-1217
-566
-15
342
172
-326
-1008
-1903
-2633
-3218
-3562
-3635
-3498
-2995
-2264
-1648
-1167
-633
-208
-238
-572
-750
-1069
-1576
-1865
-2222
-2327
-2181
-1922
-1705
-1467
-987
-507
-328
-412
-567
-648
-823
-1133
-1470
-1697
-1884
-1909
-1732
-1494
-1247
-985
-663
-348
-108
118
272
329
280
29
-489
-1219
-1981
-2699
-3386
-3944
-4296
-4419
-4094
-3414
-2695
-1880
-917
-84
631
1140
1202
1032
663
141
-507
-1116
-1517
-1646
-1518
-1073
-288
462
1263
2184
3000
3533
3822
3770
3546
3042
2561
2046
1479
1082
943
1011
1386
1933
2373
2906
3464
3761
3829
3810
3693
3544
3333
3095
2831
2450
2415
2412
2443
2524
2664
2964
3338
3475
3443
3452
3461
3397
3237
2997
2739
2613
2688
2613
2577
2596
2768
2752
2568
2414
2254
2088
2032
1848
1557
1557
1582
1515
1421
1399
1558
1747
1874
2114
2179
2116
1786
1386
1069
412
-12
308
1120
2348
3860
5434
6359
6615
6379
5644
4750
3545
2184
978
53
-545
-813
-403
629
1898
3225
4544
5492
5902
5661
5102
4127
3031
1743
548
-356
-852
-758
-327
452
1358
2468
3587
4426
4772
4633
4182
3481
2538
1627
621
-266
-678
-616
-373
193
1127
2086
2840
3353
3561
3595
3497
3037
2272
1571
900
311
-268
-380
-201
42
342
840
1413
1790
1915
1994
1976
1699
1436
1122
805
499
252
250
444
792
1156
1445
1813
2118
2166
2061
1816
1428
1191
1075
1059
987
916
1063
1343
1665
1944
2123
2158
2329
2720
2942
2841
2659
2416
1959
1186
303
-442
-1138
-1693
-2246
-2578
-2528
-2223
-1540
-531
271
899
1587
2120
2198
2104
1702
938
57
-773
-1371
-1704
-1741
-1422
-602
199
965
1518
2113
2641
2913
2760
2350
1956
1430
806
165
-342
-726
-937
-751
-383
16
558
1068
1509
1803
1808
1687
1459
1110
876
505
242
-12
-36
-14
157
337
504
657
869
1090
1231
1323
1223
985
651
477
312
185
53
49
176
168
131
161
150
116
-72
-419
-573
-721
-891
-1136
-1074
-884
-940
-1025
-981
-920
-762
-740
-888
-990
-1382
-2049
-2709
-3183
-3091
-2486
-1412
102
1468
2636
3514
3627
3057
2266
1127
-395
-2031
-3474
-4306
-4715
-4561
-3824
-2705
-1224
188
1186
1702
1913
1671
777
-538
-1820
-3188
-4320
-5194
-5484
-5065
-4304
-3413
-2355
-1157
-103
401
649
514
-218
-1286
-2375
-3374
-4102
-4440
-4729
-4691
-4076
-3175
-2222
-1332
-668
-349
-121
30
-405
-1116
-1925
-2693
-3302
-3542
-3683
-3788
-3666
-3170
-2558
-2111
-1493
-1143
-1103
-1158
-1426
-1777
-1979
-2211
-2447
-2647
-2768
-2649
-2382
-1968
-1537
-1144
-815
-620
-511
-491
-660
-865
-1056
-1417
-1763
-1730
-1514
-1338
-1237
-976
-626
-382
-196
-72
-37
165
118
-61
-359
-998
-1791
-2751
-3650
-4379
-4859
-5147
-5160
-4817
-4172
-3437
-2738
-1879
-985
-288
19
28
-316
-921
-1648
-2317
-2944
-3384
-3666
-3637
-3170
-2268
-1158
-206
613
983
1228
1320
1088
904
379
-223
-729
-1228
-1604
-1832
-1656
-1071
-597
-105
479
875
1064
1143
1141
1304
1083
647
302
66
-61
-100
28
-32
23
407
676
1050
1293
1370
1286
1212
1139
956
825
802
705
647
514
335
291
432
603
484
341
174
69
-141
-214
-302
-390
-572
-641
-568
-486
-347
-154
-74
0
137
151
-56
-295
-484
-538
-295
558
