-4795
-4339
-3753
-3524
-3483
-3514
-3601
-3882
-4192
-4245
-4277
-4517
-4703
-4718
-4506
-4229
-4032
-3707
-3485
-3339
-3157
-2912
-2786
-2992
-3293
-3775
-4371
-5203
-6185
-6987
-7713
-8114
-8363
-8416
-8134
-7649
-6861
-5867
-4811
-3972
-3456
-3144
-3036
-3617
-4398
-5249
-6069
-6852
-7267
-7039
-6675
-6113
-5509
-4599
-3524
-2729
-2179
-1731
-1687
-2074
-2486
-2906
-3472
-4252
-4946
-5241
-5268
-5079
-4681
-4128
-3450
-2873
-2522
-2271
-2317
-2733
-3395
-4151
-4936
-5390
-5403
-5134
-4481
-3454
-2148
-1143
-882
-1361
-2417
-4028
-6030
-8098
-9992
-11364
-11920
-11667
-10705
-9234
-7688
-6269
-5064
-4420
-4727
-5715
-7193
-8927
-10590
-12081
-13104
-13173
-12331
-10572
-8022
-5319
-3114
-1190
294
1154
1235
552
-562
-1925
-3573
-5162
-6432
-7145
-6695
-4903
-2403
461
3271
5426
6663
6739
5792
4338
2389
215
-2007
-4133
-5710
-6284
-6078
-5243
-3664
-1944
-407
602
968
582
-587
-2319
-4201
-6099
-7993
-9503
-10275
-10305
-9658
-8449
-6935
-5431
-4276
-3538
-3285
-3491
-4034
-5427
-7306
-9078
-10318
-11235
-11805
-11932
-11456
-10552
-9333
-7854
-6422
-5357
-4911
-4956
-5326
-6247
-7486
-8619
-9738
-10705
-11401
-11651
-11259
-10528
-9417
-8326
-7111
-5852
-4888
-4317
-3859
-3615
-3557
-3698
-3779
-3790
-3891
-3785
-3565
-3012
-2256
-1666
-1127
-762
-620
-633
-761
-819
-896
-1253
-1648
-1889
-1994
-1984
-1957
-1955
-1959
-1842
-1879
-2120
-2359
-2556
-2887
-3146
-3346
-3715
-4146
-4715
-5460
-5866
-6286
-6646
-6894
-7000
-6668
-6234
-5677
-4951
-4220
-3690
-3222
-3185
-3492
-3859
-4490
-5479
-6575
-7488
-8063
-8503
-8649
-8315
-7739
-6886
-6141
-5395
-4708
-4133
-3989
-4067
-4355
-4844
-5147
-5463
-5727
-5940
-5747
-5188
-4302
-3297
-2456
-1562
-573
153
653
1160
1427
1594
1708
1603
1187
361
-505
-1439
-2545
-3675
-4475
-4461
-3528
-1950
-47
1891
3494
4690
5422
5407
4481
2842
1034
-796
-2610
-3978
-4267
-3526
-2135
-206
1940
3948
5405
6005
6136
5643
4557
3050
1385
-51
-1192
-1843
-1587
-429
1244
3197
4964
6277
6985
7091
6761
6340
6115
5896
5992
6311
6695
6889
6817
6618
6190
5367
4322
3022
1778
804
96
-124
20
504
1442
2599
3679
4446
4774
4738
4373
3402
2335
1084
-219
-1265
-2112
-2394
-2051
-1499
-704
201
932
1475
1898
1908
1510
809
-24
-1089
-2239
-3167
-3683
-4084
-4284
-4179
-4005
-3675
-3197
-2934
-2880
-2961
-3189
-3299
-3563
-3856
-3933
-4094
-4387
-4341
-4176
-4006
-3758
-3403
-3108
-2918
-2703
-2689
-2864
-3193
-3538
-3790
-3834
-3802
-3513
-3056
-2631
-2163
-1736
-1247
-816
-579
-518
-660
-1056
-1466
-1848
-2185
-2546
-2909
-3144
-3056
-2812
-2731
-2471
-2205
-1863
-1511
-1349
-1298
-1427
-1921
-2736
-3836
-4955
-6216
-7573
-8800
-9716
-10235
-10329
-10020
-9377
-8376
-7311
-6423
-5446
-4639
-4321
-4627
-5234
-5950
-6900
-7916
-8884
-9583
-9943
-9846
-9518
-8854
-7923
-7029
-6175
-5565
-5253
-5229
-5513
-5859
-6358
-6887
-7460
-7928
-8111
-7986
-7721
-7393
-6798
-5969
-5189
-4531
-3868
-3545
-3238
-3020
-2902
-2755
-2647
-2533
-2338
-2052
-1842
-1556
-1188
-815
-481
-203
20
26
-41
-287
-494
-582
-737
-1008
-1152
-1089
-953
-1011
-1103
-1161
-1194
-1198
-1431
-1677
-1825
-1948
-2184
-2553
-2806
-2935
-2889
-2985
-2780
-2524
-2347
-2102
-2015
-2111
-2183
-2352
-2746
-3345
-3940
-4215
-3772
-2685
-1527
-365
624
1237
1129
321
-848
-2331
-4012
-5518
-6783
-7735
-8165
-7845
-6944
-5675
-4255
-2855
-1829
-1228
-1156
-1502
-2369
-3769
-5298
-6800
-7973
-8804
-9115
-8692
-7571
-6135
-4864
-3766
-2834
-2289
-2200
-2407
-2992
-3860
-5069
-6454
-7608
-8374
-8463
-8010
-7440
-6617
-5495
-4502
-3788
-3071
-2696
-2758
-3115
-3765
-4365
-4943
-5492
-6140
-6667
-6801
-6764
-6309
-5664
-5137
-4704
-4556
-4487
-4374
-4422
-4935
-5512
-5746
-5888
-6093
-6336
-6356
-6190
-6029
-5740
-5337
-5034
-4978
-5152
-5282
-5476
-5863
-6278
-6426
-6444
-6672
-6611
-6127
-5714
-5554
-5324
-5119
-4888
-4719
-4684
-4597
-4620
-4912
-5627
-6455
-7222
-8132
-9146
-10024
-10652
-10933
-10953
-10577
-9821
-8976
-8127
-7109
-6198
-5544
-5351
-5551
-5894
-6411
-7224
-8069
-8985
-9537
-9512
-9276
-8738
-7837
-6823
-5831
-4854
-4047
-3228
-2941
-3153
-3592
-4015
-4407
-4915
-5293
-5664
-5837
-5614
-5082
-4300
-3489
-2669
-1868
-1560
-1231
-855
-831
-884
-922
-820
-907
-1079
-1055
-984
-749
-340
-61
264
612
904
1190
1396
1492
1587
1428
1276
1223
1187
1203
965
851
970
964
768
640
561
402
105
-121
-245
-405
-346
-270
-308
-211
-167
-145
100
296
208
182
283
231
-341
-1132
-1718
-1714
-1268
-248
1279
2778
4175
5106
5272
4795
3845
2682
1306
-87
-1246
-2292
-3029
-3121
-2490
-1418
-29
1350
2455
3082
3344
3014
2364
1412
175
-1187
-2496
-3453
-3888
-3872
-3309
-2229
-886
148
1004
1654
1987
1776
1169
197
-802
-1700
-2645
-3561
-4046
-3994
-3517
-2865
-1956
-958
-216
261
342
185
-47
-634
-1476
-2244
-3057
-3668
-4079
-4153
-4008
-3628
-3162
-2450
-1790
-1447
-1399
-1687
-1812
-1900
-2255
-2607
-2913
-3222
-3277
-3316
-3278
-3050
-2695
-2286
-2014
-1771
-1681
-1816
-2056
-2338
-2651
-2884
-3090
-3166
-3132
-2926
-2671
-2565
-2317
-2236
-2162
-1873
-1784
-1799
-1858
-2039
-2548
-3127
-3715
-4528
-5594
-6601
-7382
-7732
-7717
-7374
-6844
-6156
-5378
-4570
-3733
-3148
-2805
-2769
-2901
-3426
-4399
-5413
-6069
-6524
-6880
-7099
-6802
-6116
-5184
-4088
-3181
-2561
-2188
-1852
-1677
-1955
-2363
-2880
-3498
-4026
-4372
-4538
-4448
-4040
-3450
-2592
-1876
-1289
-853
-461
-73
-8
-29
-96
-322
-491
-407
-444
-372
-220
93
583
1101
1498
1846
2061
2127
2152
2116
1934
1858
1795
1652
1514
1430
1450
1645
1647
1425
1314
1356
1366
954
460
296
240
192
138
160
180
96
116
192
186
263
281
198
132
-219
-804
-1459
-1738
-1502
-725
418
1865
3459
4541
4757
4518
3848
2689
1258
-322
-1646
-2802
-3505
-3641
-3295
-2391
-1087
323
1500
2261
2515
2314
1820
922
-505
-2177
-3500
-4465
-5194
-5383
-4734
-3599
-2446
-1312
-343
268
576
657
352
-489
-1726
-2857
-3823
-4710
-5345
-5346
-4964
-4388
-3579
-2631
-1767
-1051
-868
-923
-1175
-1564
-2271
-3058
-3873
-4637
-5212
-5481
-5399
-5208
-4650
-3963
-3502
-3077
-2907
-2882
-2845
-3045
-3461
-4118
-4623
-4764
-4769
-4876
-4767
-4416
-4102
-3791
-3543
-3430
-3246
-3166
-3325
-3514
-3766
-4089
-4425
-4629
-4691
-4492
-4139
-3727
-3619
-3731
-3826
-3672
-3510
-3322
-3131
-3214
-3491
-4211
-5181
-6089
-7082
-8062
-8824
-9256
-9500
-9389
-8852
-7923
-7306
-6581
-5577
-4685
-3933
-3570
-3983
-4865
-5720
-6589
-7599
-8276
-8444
-8556
-8535
-7979
-6937
-5932
-4924
-3972
-3292
-2858
-2794
-3019
-3332
-4021
-4571
-5021
-5565
-5725
-5470
-5248
-4954
-4265
-3383
-2498
-1894
-1423
-1107
-915
-963
-1053
-1178
-1365
-1473
-1576
-1575
-1257
-1104
-763
-256
139
590
806
914
955
983
1052
1103
978
854
648
678
852
813
593
612
742
696
564
324
39
-124
-120
-64
-295
-471
-534
-475
-291
-232
-182
-81
-102
-130
-156
-543
-1386
-2329
-3249
-3843
-3620
-2971
-1996
-900
182
1109
1511
1295
716
-109
-941
-1803
-2508
-2893
-2824
-2411
-1602
-431
573
1374
1888
2044
1665
958
61
-888
-1991
-3034
-3706
-3961
-3773
-3117
-2086
-853
278
1077
1644
1923
2003
1839
1293
460
-542
-1502
-2274
-2576
-2593
-2205
-1321
-544
238
1047
1710
2011
1943
1782
1232
593
-290
-1039
-1600
-1899
-2046
-1972
-1668
-1214
-541
145
712
963
879
719
483
-7
-729
-1425
-1998
-2335
-2585
-2722
-2784
-2507
-2071
-1973
-1956
-1885
-1722
-1756
-2082
-2460
-2596
-2805
-2956
-3092
-3187
-3273
-3145
-2940
-2698
-2535
-2730
-2644
-2396
-2276
-2382
-2706
-3089
-3623
-4271
-5143
-6111
-6876
-7355
-7583
-7678
-7413
-6868
-6053
-5130
-4370
-3540
-2800
-2387
-2504
-3017
-3658
-4397
-5099
-5690
-6070
-6112
-6025
-5760
-4871
-3679
-2625
-1680
-923
-333
-115
-191
-359
-768
-1369
-1756
-1903
-2001
-1977
-1733
-1350
-756
-119
568
1200
1708
2168
2417
2296
2112
2063
2035
1900
1549
1387
1601
1938
2290
2674
2949
3088
3286
3488
3510
3561
3377
3077
2746
2723
2653
2728
2738
2460
2393
2365
2282
2286
2127
1781
1580
1452
1287
1054
907
939
855
886
982
1098
1129
1286
1407
1492
1547
1440
1085
1028
1494
2178
3231
4666
6340
7694
8581
8837
8385
7241
5659
3610
1318
-763
-2449
-3683
-4395
-4260
-3006
-825
1487
3706
5496
6469
6820
6502
5551
3961
2064
171
-1776
-3379
-4446
-4539
-3817
-2680
-1325
84
1435
2537
3060
2949
2407
1346
-19
-1599
-2910
-4021
-4990
-5456
-5212
-4485
-3408
-2477
-1521
-650
5
378
242
-329
-1043
-1911
-2664
-3359
-4110
-4572
-4766
-4742
-4493
-4179
-3797
-3474
-3188
-3021
-2893
-3072
-3311
-3503
-3545
-3539
-3497
-3032
-2623
-2358
-1844
-1375
-1219
-1291
-1233
-1232
-1371
-1658
-1950
-2086
-2120
-2097
-1989
-1779
-1446
-833
-211
-36
-154
-156
109
79
-121
-518
-1090
-1928
-2864
-3844
-4635
-5222
-5875
-6363
-6504
-6205
-5441
-4564
-3872
-3149
-2226
-1475
-1195
-1317
-1801
-2488
-3278
-4328
-5401
-6016
-6467
-6569
-6354
-5749
-4774
-3837
-3058
-2314
-1702
-1434
-1475
-1865
-2378
-3018
-3734
-4251
-4680
-4829
-4803
-4422
-3928
-3233
-2512
-1796
-1021
-307
36
-21
-162
-381
-562
-622
-571
-498
-558
-615
-264
296
780
1290
1768
2110
2344
2360
2214
2199
2208
2225
2208
2146
2064
2211
2278
2229
2197
2180
2154
2039
1809
1629
1525
1379
1308
1253
1277
1234
1223
1300
1445
1498
1693
1688
1605
1490
1069
178
-737
-1236
-1303
-986
-374
699
1870
2639
2970
2888
2427
1563
513
-693
-1914
-2912
-3491
-3547
-2949
-1810
-251
1409
2550
3248
3622
3460
2724
1609
49
-1570
-3013
-4291
-4888
-4831
-4301
-3305
-1977
-568
673
1545
2203
2347
2119
1560
575
-483
-1531
-2528
-3091
-3229
-2760
-1807
-802
34
932
1771
2185
2282
2142
1837
1164
345
-472
-1120
-1641
-1934
-1886
-1702
-1111
-418
234
746
972
1077
963
599
251
38
-284
-645
-924
-960
-994
-1113
-1145
-944
-758
-723
-757
-1018
-1315
-1492
-1667
-1954
-2127
-2285
-2383
-2294
-2266
-2192
-1918
-1843
-1858
-1916
-1646
-1538
-1567
-1683
-2062
-2640
-3434
-4297
-5203
-6198
-7025
-7611
-7950
-7872
-7267
-6383
-5427
-4534
-3779
-3221
-2761
-2531
-2710
-3229
-3896
-4535
-5300
-6039
-6383
-6278
-5981
-5355
-4352
-3247
-2276
-1533
-732
-206
-98
-91
-330
-867
-1468
-1917
-2327
-2577
-2370
-1921
-1315
-465
405
933
1470
2026
2409
2393
2508
2493
2310
2218
2068
2111
2193
2342
2434
2552
2824
3103
3274
3560
3871
4231
4111
3779
3693
3521
3426
3270
3337
3366
3242
3181
3152
3105
2885
2668
2532
2428
2246
1991
1876
1865
1907
1916
1898
1827
1834
2011
2167
2047
1837
1784
1566
1051
405
-74
-48
527
1645
3171
4642
5758
6393
6613
6071
4904
3487
2192
919
-207
-993
-1426
-1288
-324
1122
2598
3710
4624
5155
5183
4854
3964
2824
1487
86
-887
-1486
-1830
-1589
-959
8
1177
2216
3165
3873
3916
3456
2675
1782
781
-160
-1047
-1658
-1804
-1608
-1167
-550
286
1192
1885
2171
2205
2213
1921
1334
487
-541
-1447
-1907
-2079
-2080
-1841
-1480
-1210
-884
-402
-31
18
-100
-407
-680
-937
-1372
-1780
-1992
-1998
-1844
-1585
-1346
-1209
-984
-663
-353
-320
-523
-738
-974
-1235
-1494
-1732
-1733
-1589
-1613
-1478
-1346
-1201
-870
-629
-518
-417
-220
-218
-531
-945
-1627
-2535
-3443
-4303
-4969
-5538
-6086
-6228
-5915
-5226
-4260
-3351
-2492
-1778
-1159
-777
-678
-1164
-2039
-2759
-3669
-4418
-4951
-5036
-4881
-4545
-3836
-2925
-1950
-1007
-503
-147
69
-35
-270
-872
-1444
-1998
-2498
-2826
-2845
-2515
-1928
-1238
-516
136
734
1314
1593
1631
1716
1700
1454
1175
992
987
1022
1207
1529
1914
2353
2746
3010
3235
3376
3451
3468
3476
3474
3322
2934
2822
2933
3004
2957
2980
2998
2954
2866
2931
2931
2744
2488
2271
2175
2230
2296
2186
2142
2192
2303
2404
2488
2540
2487
2503
2251
1853
1219
730
611
999
1972
3138
4545
5765
6556
6783
6381
5593
4392
2997
1558
240
-723
-1213
-1066
-403
633
1871
3123
4030
4535
4796
4590
3857
2738
1384
59
-1103
-2145
-2642
-2535
-1962
-989
292
1412
2300
2968
3122
3026
2560
1666
567
-724
-1662
-2144
-2455
-2572
-2177
-1422
-591
267
1058
1573
1933
1893
1437
844
238
-581
-1445
-2219
-2495
-2396
-2249
-1994
-1519
-947
-473
-268
-62
38
-22
-274
-722
-1131
-1584
-1934
-2109
-2041
-1540
-1036
-640
-419
-38
83
19
-99
-305
-527
-827
-1081
-1297
-1453
-1405
-1300
-1214
-934
-639
-562
-583
-566
-345
-264
-247
-432
-885
-1533
-2401
-3281
-4193
-5056
-5747
-6057
-6184
-6098
-5718
-4940
-3973
-3088
-2383
-1929
-1634
-1519
-1671
-2260
-3059
-3806
-4514
-5185
-5569
-5411
-5086
-4623
-3793
-2788
-1756
-915
-305
-112
-85
-224
-677
-1246
-1786
-2222
-2620
-2658
-2422
-2105
-1520
-680
-66
643
1280
1695
1835
1919
2008
2035
1908
1637
1504
1678
1855
2040
2191
2533
2996
3243
3387
3596
3795
3967
4107
3881
3540
3395
3415
3249
3086
3282
3509
3445
3238
2978
2946
2916
2743
2561
2403
2311
2228
2229
2160
2157
2225
2336
2330
2204
2136
2204
2246
2075
1664
1316
867
327
386
1169
2620
4052
5256
6196
6598
6302
5580
4533
3200
1850
661
-453
-1081
-1426
-1038
-89
1258
2620
3721
4629
5072
4821
4127
3236
1984
500
-734
-1616
-2160
-2240
-1790
-950
65
1146
2136
2909
3318
3290
2841
1953
853
-231
-1063
-1691
-2159
-2309
-1928
-1447
-760
211
1215
1676
1994
2282
2182
1538
576
-163
-785
-1416
-1851
-2118
-2094
-1705
-1215
-739
-361
30
359
504
387
96
-310
-690
-1094
-1217
-1221
-1255
-1160
-1031
-711
-282
51
97
81
222
180
27
-273
-649
-982
-1176
-1183
-988
-772
-538
-359
-187
27
145
262
373
317
-39
-452
-894
-1664
-2664
-3532
-4155
-4907
-5468
-5642
-5423
-4930
-4461
-3655
-2607
-1756
-1147
-785
-643
-686
-1141
-1953
-2898
-3763
-4354
-4592
-4508
-4145
-3673
-2920
-2047
-1223
-396
400
836
819
608
239
-177
-684
-1269
-1765
-1974
-1734
-1339
-956
-329
403
1042
1525
1787
2005
2150
2031
1665
1387
1234
1192
1260
1590
2109
2652
2958
3008
2943
2502
1860
1230
612
250
236
549
1231
1784
2482
3318
3939
4135
3782
3166
2465
1660
827
76
-279
-29
785
1866
2959
4202
5403
6258
6724
6912
6533
5734
4835
4154
3345
2683
2348
2175
2612
3626
5187
6924
8459
9755
10395
10255
9671
8469
6724
4907
3250
1838
1082
740
734
1342
2526
3846
5092
5884
6255
6118
5570
4580
3293
1984
606
-526
-1517
-2004
-1814
-1240
-372
565
1526
2332
2686
2977
2816
2217
1433
470
-490
-1350
-2149
-2720
-3010
-3075
-2450
-1670
-855
6
683
1063
1006
710
358
-289
-1137
-1793
-2061
-2236
-2300
-2235
-1900
-1120
-311
156
718
1192
1288
1259
1098
817
476
315
271
415
597
869
1178
1562
1917
2245
2386
2264
2102
1978
1867
1611
1295
1120
1189
998
903
1130
1342
1452
1499
1454
1476
1631
1588
1515
1352
948
513
-206
-1061
-1923
-2755
-3528
-4246
-4684
-4831
-4664
-4129
-3428
-2574
-1522
-923
-622
-406
-487
-885
-1695
-2627
-3540
-4448
-5089
-5260
-4969
-4479
-3792
-2903
-2019
-1467
-1018
-618
-550
-890
-1319
-1847
-2410
-2877
-3376
-3805
-3933
-3728
-3212
-2762
-2208
-1463
-696
-187
-15
250
443
167
-289
-807
-1374
-1750
-1937
-2039
-1800
-1238
-536
236
822
1293
1507
1552
1400
1143
644
165
-416
-817
-947
-1096
-1004
-575
114
702
962
1174
1122
735
245
-470
-1286
-1978
-2393
-2826
-3019
-2631
-2240
-1800
-1235
-838
-827
-921
-1332
-2349
-3716
-4923
-5677
-5817
-4988
-3496
-1713
55
1215
1869
1822
906
-617
-2285
-4013
-5630
-6987
-8047
-8341
-7653
-6289
-4527
-2716
-1283
-334
296
243
-443
-1599
-3156
-4771
-6097
-7130
-7609
-7326
-6396
-5172
-3785
-2501
-1291
-329
147
245
22
-831
-2029
-3127
-4055
-4606
-4765
-4533
-3939
-3200
-2234
-1176
-179
461
906
1122
900
416
-395
-1213
-1816
-2134
-2356
-2527
-2480
-2040
-1410
-783
-292
125
425
527
444
21
-503
-949
-1442
-1824
-1744
-1711
-1727
-1234
-546
-218
-194
-130
95
261
171
-202
-512
-547
-689
-855
-888
-712
-509
-335
-37
268
468
653
808
815
752
720
284
-260
-821
-1491
-2277
-3106
-3708
-4039
-3972
-3524
-2941
-2268
-1427
-367
609
1313
1783
1941
1640
1121
506
-73
-701
-1108
-1044
-874
-624
-39
912
1762
2661
3494
4145
4300
3944
3532
3121
2704
2119
1678
1378
1186
1377
1692
2122
2687
3309
3587
3804
4179
4409
4308
3928
3438
3238
3102
2838
2558
2564
2734
2806
3068
3288
3434
3678
3793
3810
3826
3692
3395
3251
2969
2713
2681
2788
2827
2796
2815
2669
2609
2456
2290
2165
1923
1882
1667
1452
1361
1379
1490
1557
1762
1985
1935
1921
1821
1782
1807
1560
968
310
32
421
1212
2470
3968
5337
6186
6650
6574
5982
5052
3749
2498
1398
393
-477
-842
-434
722
2165
3611
4796
5597
5907
5863
5413
4505
3321
1965
717
-275
-633
-644
-312
502
1564
2687
3733
4563
4867
4733
4368
3779
2849
1697
812
60
-555
-572
-319
268
1123
1868
2567
3221
3679
3756
3428
3040
2544
1843
1172
579
-9
-370
-389
-57
447
1037
1561
1897
2202
2360
2207
1833
1374
910
555
450
395
390
600
943
1247
1554
2065
2274
2283
2403
2339
2046
1658
1376
1338
1468
1588
1512
1491
1663
1866
2133
2322
2592
2847
2862
2770
2684
2444
1909
1181
376
-388
-1116
-1808
-2370
-2508
-2279
-1789
-1202
-505
442
1274
1829
2090
2218
2228
1841
1227
262
-641
-1233
-1472
-1460
-1182
-605
68
684
1555
2359
2935
3415
3458
3139
2649
1972
1105
304
-262
-448
-426
-228
124
695
1013
1403
1956
2311
2429
2361
2141
1858
1525
936
576
390
361
523
754
938
1103
1332
1489
1579
1681
1602
1383
1173
1115
916
632
486
576
813
831
752
668
519
337
180
24
-40
-122
-226
-489
-757
-857
-876
-865
-694
-541
-481
-414
-483
-442
-501
-849
-1361
-2067
-2603
-2556
-1864
-811
616
2227
3465
4052
3978
3395
2459
1195
-219
-1591
-2854
-3809
-4140
-4026
-3195
-1878
-426
971
2065
2718
2929
2547
1600
259
-1206
-2627
-3847
-4598
-4866
-4542
-3611
-2486
-1449
-332
682
1241
1390
1142
683
-103
-1251
-2510
-3401
-3937
-4007
-3778
-3259
-2464
-1508
-673
69
605
832
687
250
-321
-870
-1619
-2368
-2958
-3451
-3457
-2990
-2305
-1667
-1252
-937
-610
-264
-216
-405
-783
-1190
-1672
-1910
-1936
-1923
-1654
-1282
-945
-628
-285
-183
-61
98
33
-199
-435
-491
-651
-973
-1223
-1084
-625
-201
45
127
260
401
533
617
745
768
526
51
-581
-1320
-2249
-3158
-3805
-4427
-4650
-4436
-4115
-3597
-2934
-1985
-1012
-180
364
671
684
472
-286
-1074
-1775
-2308
-2842
-3182
-2821
-2147
-1342
-327
635
1449
1992
2283
2271
2078
1734
1109
293
-461
-913
-1130
-1123
-974
-571
27
532
1020
1505
1871
2113
2178
1883
1499
1059
848
791
597
347
415
606
856
1096
1349
1488
1530
1606
1667
1768
1760
1545
1322
1274
1109
1087
1025
1059
1153
1203
1189
1122
984
767
520
341
233
167
91
91
106
-20
74
255
385
549
522
443
399
161
75
54
16
391
1028
