-4946
-4510
-4230
-4131
-4028
-3934
-4066
-4205
-4405
-4590
-4914
-5184
-5224
-5085
-4904
-4772
-4554
-4298
-4157
-3974
-3686
-3431
-3478
-3565
-3546
-3752
-4296
-5329
-6474
-7418
-8021
-8316
-8604
-8849
-8617
-7969
-7204
-6291
-5392
-4587
-3988
-3620
-3632
-3971
-4457
-5094
-5967
-6768
-7223
-7201
-6712
-6121
-5446
-4560
-3596
-2623
-1940
-1674
-1668
-1789
-2223
-2823
-3324
-3844
-4454
-4881
-4861
-4642
-4132
-3561
-3088
-2621
-2138
-1847
-1829
-2284
-3098
-3993
-4843
-5204
-5188
-4845
-4083
-3060
-1838
-977
-891
-1426
-2411
-3932
-5831
-7984
-9937
-11271
-11766
-11523
-10662
-9323
-7907
-6384
-5002
-4477
-4670
-5641
-7076
-8876
-10606
-12057
-12990
-13175
-12367
-10702
-8132
-5537
-3176
-1106
447
1233
1234
628
-524
-2077
-3899
-5444
-6408
-6534
-5636
-3556
-885
1831
4460
6457
7310
7085
6198
4516
2192
-461
-3156
-5341
-6687
-7230
-6712
-5328
-3542
-1564
201
1516
1867
1321
203
-1473
-3545
-5758
-7888
-9624
-10737
-11098
-10583
-9236
-7484
-5717
-4407
-3680
-3379
-3492
-4306
-5754
-7289
-9052
-10797
-12186
-12963
-13094
-12520
-11527
-10337
-8703
-7287
-6161
-5528
-5421
-5779
-6747
-7929
-9260
-10574
-11584
-12212
-12320
-11999
-11647
-10824
-9581
-8429
-7214
-6120
-5567
-5147
-4772
-4538
-4612
-4756
-4705
-4662
-4279
-3719
-3152
-2492
-2030
-1677
-1254
-965
-769
-880
-1227
-1542
-1841
-2085
-2200
-2022
-1926
-1841
-1784
-1707
-1683
-1903
-2072
-2005
-2081
-2411
-2744
-3012
-3321
-3741
-4389
-4980
-5440
-5898
-6285
-6542
-6560
-6272
-5887
-5245
-4448
-3772
-3173
-3022
-3052
-3236
-3794
-4630
-5560
-6446
-7405
-8037
-8312
-8553
-8398
-7807
-7029
-6185
-5533
-5108
-4595
-4264
-4242
-4491
-5123
-5620
-5858
-6012
-6082
-6111
-5759
-4953
-3861
-2943
-1987
-1068
-306
233
646
983
1184
1267
1251
981
173
-835
-1784
-2873
-3994
-4899
-4963
-3876
-2173
-325
1608
3322
4375
5042
5032
4255
2531
453
-1404
-3048
-4181
-4404
-3659
-2129
-228
1835
3806
5495
6382
6388
5694
4510
3042
1561
8
-1253
-1801
-1461
-345
1409
3530
5307
6802
7686
7957
7870
7692
7653
7641
7577
7563
7393
7152
6835
6202
5515
4586
3423
2220
1065
287
-238
-390
-69
753
1875
2853
3693
4420
4828
4756
4262
3483
2457
1126
-172
-1214
-2062
-2393
-2159
-1624
-1014
-511
56
647
837
646
273
-344
-1207
-2093
-3065
-3890
-4473
-4905
-5018
-4816
-4570
-4328
-4090
-3803
-3664
-3808
-3954
-4182
-4590
-5064
-5118
-5112
-5185
-5073
-4695
-4331
-4075
-3846
-3743
-3782
-3899
-4063
-4191
-4332
-4438
-4444
-4325
-4288
-4012
-3572
-3175
-2574
-1916
-1468
-1168
-1101
-1118
-1209
-1444
-1762
-2150
-2700
-3199
-3335
-3264
-3248
-3100
-2753
-2443
-2189
-1873
-1653
-1534
-1196
-1207
-1772
-2615
-3665
-4836
-5986
-7234
-8494
-9564
-10138
-10099
-9896
-9471
-8492
-7374
-6276
-5425
-4825
-4512
-4849
-5496
-6313
-7306
-8241
-9068
-9787
-10203
-10375
-10278
-9705
-8780
-7792
-6922
-6209
-5809
-5727
-5838
-6217
-6828
-7561
-8288
-8630
-8768
-8898
-8759
-8109
-7489
-6870
-6172
-5588
-4979
-4440
-4071
-3756
-3581
-3653
-3602
-3319
-3147
-2933
-2615
-2186
-1721
-1408
-1079
-799
-680
-736
-712
-655
-740
-1058
-1424
-1492
-1517
-1590
-1610
-1551
-1388
-1338
-1482
-1560
-1590
-1639
-1885
-2073
-2308
-2580
-2957
-3286
-3111
-2731
-2570
-2535
-2512
-2417
-2329
-2304
-2210
-2463
-3134
-3936
-4495
-4735
-4417
-3387
-1913
-608
301
691
599
67
-970
-2433
-4061
-5572
-7009
-7990
-8317
-8052
-7137
-5865
-4341
-3072
-2224
-1568
-1550
-2188
-3188
-4435
-5964
-7585
-8668
-9183
-9335
-8861
-7876
-6654
-5529
-4336
-3298
-2769
-2566
-2907
-3592
-4653
-5880
-7039
-8131
-8720
-8810
-8459
-7867
-6954
-5803
-4818
-4227
-3782
-3331
-3175
-3522
-4232
-4850
-5365
-6189
-6839
-7055
-6997
-6723
-6403
-5992
-5420
-4929
-4645
-4543
-4555
-4876
-5416
-5921
-6205
-6509
-6672
-6736
-6746
-6684
-6411
-6021
-5707
-5442
-5201
-5289
-5526
-5874
-6222
-6449
-6598
-6693
-6736
-6755
-6436
-6048
-5768
-5573
-5331
-5213
-5214
-5224
-5038
-4842
-5045
-5906
-6791
-7513
-8430
-9445
-10133
-10695
-11073
-10972
-10483
-9885
-8967
-7822
-6834
-6194
-5756
-5498
-5566
-6151
-6978
-7592
-8208
-8925
-9474
-9582
-9352
-8866
-8086
-6857
-5792
-4960
-4290
-3710
-3459
-3554
-3933
-4423
-4843
-5312
-5691
-6010
-6013
-5688
-5057
-4277
-3634
-2934
-2355
-1797
-1491
-1220
-1003
-1008
-1124
-1230
-1248
-1179
-1063
-831
-637
-407
78
372
795
1108
1249
1413
1433
1335
1298
1347
1346
1331
1175
1136
1245
1238
1216
1186
888
642
447
238
143
148
11
-16
27
-114
-7
211
340
382
595
816
824
699
494
-51
-758
-1318
-1432
-888
69
1431
2808
4059
4964
5321
4999
4038
2849
1440
-20
-1332
-2503
-2940
-2808
-2214
-1033
372
1771
2823
3479
3583
3226
2578
1445
84
-1240
-2367
-3097
-3427
-3317
-2662
-1718
-623
491
1415
2140
2389
2031
1386
489
-643
-1697
-2647
-3505
-3933
-3796
-3230
-2404
-1508
-756
-88
433
586
588
364
-336
-1152
-1959
-2712
-3195
-3551
-3692
-3559
-3104
-2535
-1900
-1541
-1278
-1064
-967
-1063
-1402
-2053
-2536
-2747
-2976
-3184
-3346
-3185
-2689
-2420
-2255
-2042
-1769
-1650
-1713
-2003
-2215
-2344
-2581
-2915
-3007
-2873
-2773
-2547
-2387
-2334
-2312
-2248
-2038
-1805
-1690
-1676
-1914
-2482
-2975
-3585
-4496
-5380
-6175
-6811
-7259
-7536
-7458
-7003
-6307
-5295
-4342
-3529
-2991
-2637
-2794
-3178
-3852
-4680
-5519
-6484
-7195
-7380
-7082
-6640
-6098
-5289
-4337
-3358
-2649
-2158
-1800
-1869
-2182
-2578
-3062
-3622
-4208
-4457
-4466
-4289
-3994
-3475
-2692
-2035
-1327
-782
-473
-251
-274
-389
-287
-425
-565
-691
-774
-632
-472
-233
150
537
976
1228
1408
1571
1629
1539
1529
1542
1479
1373
1157
1068
1092
1173
1199
1170
1037
838
701
657
450
214
83
5
-113
-310
-397
-398
-243
-113
-133
-89
89
55
-134
-336
-970
-1782
-2120
-2031
-1286
38
1528
2762
3754
4130
3995
3360
2145
767
-713
-2056
-3251
-4097
-4141
-3675
-2963
-1764
-344
907
1663
2013
1734
1044
144
-1198
-2781
-4042
-4769
-5299
-5463
-5182
-4446
-3168
-1841
-888
-383
13
-24
-470
-1226
-2246
-3440
-4560
-5439
-5881
-5682
-5082
-4661
-4119
-3249
-2227
-1465
-1182
-1326
-1727
-2323
-3000
-3658
-4382
-5110
-5632
-5747
-5602
-5313
-4966
-4360
-3569
-3162
-3085
-3272
-3486
-3531
-3897
-4576
-5051
-5244
-5302
-5280
-5247
-5050
-4783
-4583
-4246
-3822
-3461
-3511
-3848
-4214
-4485
-4758
-4944
-5045
-5145
-5142
-5012
-4752
-4493
-4290
-4015
-3814
-3723
-3727
-3682
-3727
-4284
-4874
-5650
-6517
-7493
-8384
-9168
-9550
-9698
-9519
-9059
-8567
-7900
-6899
-5977
-5361
-4830
-4548
-4790
-5394
-6188
-7074
-7897
-8524
-8917
-9179
-8942
-8186
-7341
-6358
-5446
-4545
-3879
-3425
-3439
-3641
-3950
-4462
-5103
-5629
-5912
-6090
-5991
-5672
-5127
-4264
-3228
-2481
-1953
-1491
-1238
-1004
-1116
-1322
-1510
-1616
-1717
-1894
-1727
-1195
-825
-567
-264
88
611
962
1033
1037
1089
1001
977
788
606
540
626
896
1117
1085
1023
838
723
573
437
190
0
14
14
-101
-222
-172
42
180
148
130
74
100
156
85
-285
-885
-1618
-2323
-2729
-2566
-1719
-551
859
2155
2986
3206
2721
1806
850
-16
-1094
-2265
-2929
-3041
-2777
-2135
-1246
-20
1130
2025
2460
2359
1842
920
-161
-1373
-2631
-3605
-4088
-4010
-3596
-2909
-1939
-787
369
1103
1548
1807
1515
702
-338
-1280
-2299
-3129
-3621
-3523
-3109
-2543
-1829
-748
168
766
922
954
710
237
-275
-997
-1727
-2330
-2766
-3005
-3032
-2564
-2112
-1719
-1174
-656
-285
-280
-345
-546
-1070
-1648
-2132
-2461
-2638
-2797
-3019
-2986
-2736
-2395
-2083
-1832
-1749
-1845
-1946
-2183
-2574
-2795
-3045
-3328
-3482
-3432
-3285
-2937
-2755
-2740
-2676
-2423
-2268
-2198
-2310
-2296
-2313
-2640
-3329
-4345
-5146
-5974
-6809
-7428
-7711
-7856
-7558
-6736
-5902
-5163
-4558
-3860
-3187
-2945
-2952
-3368
-4036
-4652
-5253
-5921
-6592
-6794
-6663
-6283
-5592
-4714
-3809
-2776
-1906
-1220
-984
-1236
-1596
-2165
-2867
-3265
-3476
-3716
-3605
-3243
-2776
-2299
-1693
-752
22
387
575
781
868
809
783
615
359
104
107
544
845
1171
1398
1550
1907
2304
2420
2332
2455
2572
2545
2440
2131
1907
1828
1789
1853
1853
1977
1906
1690
1639
1462
1273
1261
1061
803
574
470
569
622
695
763
822
763
606
805
873
718
378
-39
-195
1
612
1781
3242
4693
5884
6413
6242
5590
4411
2808
1112
-667
-2178
-3220
-3788
-3739
-2783
-1172
627
2273
3577
4506
4780
4341
3336
2075
403
-1238
-2599
-3638
-4398
-4524
-3960
-2927
-1599
-253
909
1584
1882
1572
984
80
-1214
-2460
-3526
-4401
-4866
-4877
-4521
-3931
-2983
-1971
-1140
-447
-174
-123
-202
-785
-1614
-2379
-3247
-3879
-4384
-4586
-4711
-4545
-4170
-3642
-3138
-2898
-2809
-2599
-2586
-3074
-3570
-4014
-4235
-4295
-4283
-3821
-3349
-3222
-2957
-2617
-2327
-1989
-1954
-2237
-2420
-2521
-2557
-2684
-2910
-3089
-3019
-2894
-2685
-2272
-1939
-1750
-1490
-1399
-1376
-1424
-1610
-1810
-2165
-2730
-3561
-4479
-5234
-5947
-6681
-7244
-7406
-7074
-6517
-5652
-4847
-4065
-3270
-2546
-2221
-2344
-2902
-3689
-4441
-5323
-6116
-6570
-6944
-7068
-6559
-5814
-5067
-4153
-3254
-2572
-2063
-1829
-1968
-2336
-2715
-3272
-3978
-4627
-4845
-4678
-4477
-4159
-3656
-2948
-2219
-1484
-908
-495
-323
-330
-415
-517
-572
-656
-860
-893
-700
-423
-123
281
748
1097
1369
1672
1916
2109
2158
1992
1686
1547
1620
1751
1766
1659
1741
1751
1925
1889
1679
1517
1249
995
1013
1007
861
748
589
598
783
931
968
967
1131
1194
1231
1165
711
138
-608
-1269
-1443
-873
136
1372
2569
3605
4013
3841
3385
2318
891
-396
-1614
-2635
-3057
-2999
-2631
-1807
-429
1144
2295
3132
3485
3323
2699
1344
-166
-1569
-2825
-3762
-4258
-4243
-3857
-3026
-1773
-409
704
1360
1573
1572
1399
834
-282
-1438
-2461
-3176
-3650
-3779
-3298
-2341
-1497
-705
178
873
1256
1293
1106
697
20
-914
-1737
-2407
-2743
-2760
-2532
-2085
-1678
-1470
-1143
-590
-15
-35
-260
-473
-725
-1077
-1509
-1898
-2121
-2319
-2187
-2015
-1896
-1553
-1266
-1047
-902
-916
-1142
-1385
-1781
-2276
-2561
-2646
-2580
-2567
-2444
-2274
-2159
-1871
-1743
-1700
-1606
-1597
-1615
-1696
-1999
-2619
-3304
-4065
-5001
-5994
-6803
-7296
-7584
-7358
-6876
-6087
-5267
-4339
-3392
-2831
-2614
-2381
-2470
-2946
-3839
-4752
-5446
-6045
-6452
-6471
-6053
-5357
-4384
-3271
-2310
-1597
-863
-302
-241
-606
-984
-1314
-1770
-2313
-2718
-2808
-2610
-2222
-1653
-1052
-447
86
682
1277
1662
1822
1862
1924
1823
1691
1611
1616
1550
1696
1901
2066
2460
2797
3072
3464
3721
3770
3793
3668
3605
3570
3486
3434
3492
3539
3455
3417
3307
3208
3186
2988
2750
2660
2463
2311
2195
2092
2101
2154
2303
2315
2372
2541
2615
2475
2317
2341
2088
1367
812
459
504
1158
2206
3541
4823
5865
6526
6569
6063
5113
3801
2460
1126
-103
-920
-1320
-1099
-225
937
2388
3748
4674
5080
5175
4884
3944
2554
1140
-103
-1115
-1758
-1873
-1576
-731
406
1497
2212
2908
3388
3432
3160
2577
1678
533
-493
-1310
-1893
-2099
-1987
-1401
-614
181
1062
1749
2097
2233
2229
1823
877
82
-646
-1457
-2098
-2359
-2331
-2097
-1679
-1332
-885
-277
88
137
30
-264
-638
-1021
-1268
-1671
-2075
-2131
-2023
-1756
-1521
-1188
-804
-514
-272
-228
-428
-758
-1082
-1333
-1374
-1556
-1652
-1637
-1486
-1378
-1185
-894
-593
-421
-402
-323
-275
-362
-594
-1091
-1698
-2548
-3569
-4491
-5312
-5896
-6206
-6200
-5952
-5288
-4476
-3732
-2964
-2101
-1386
-1020
-1120
-1601
-2340
-3207
-4089
-4753
-5219
-5580
-5539
-5079
-4271
-3316
-2507
-1664
-783
-282
-314
-616
-908
-1266
-1919
-2431
-2767
-2943
-2822
-2544
-2255
-1533
-799
-170
454
1066
1444
1472
1398
1527
1426
1170
944
890
884
900
1336
1773
1910
2138
2610
2953
3108
3087
3176
3243
3223
3147
2983
2893
2722
2648
2673
2670
2637
2604
2674
2717
2579
2322
2013
1950
1969
1737
1570
1666
1812
2049
2192
2085
2087
2105
2060
1845
1627
1270
706
117
-41
240
1131
2381
3822
5127
5802
5952
5662
4960
3807
2316
900
-345
-1513
-2136
-1973
-1306
-243
1191
2584
3589
4214
4479
4261
3317
2161
894
-595
-1784
-2636
-2984
-2705
-2118
-1217
-176
835
1735
2406
2641
2563
2035
1103
49
-1109
-2164
-2929
-3193
-2956
-2468
-1724
-960
-184
627
1267
1547
1357
889
359
-329
-1053
-1839
-2434
-2701
-2690
-2487
-2080
-1483
-1009
-612
-319
-102
-204
-468
-720
-1156
-1595
-1988
-2212
-2250
-2258
-2215
-1885
-1379
-1067
-828
-592
-582
-574
-823
-1081
-1359
-1710
-1861
-1820
-1697
-1681
-1513
-1226
-926
-728
-710
-695
-578
-546
-678
-817
-1138
-1658
-2274
-3199
-4345
-5116
-5842
-6321
-6330
-6090
-5627
-5017
-4384
-3541
-2487
-1639
-1311
-1415
-1810
-2357
-3082
-3839
-4513
-5101
-5336
-5337
-5216
-4646
-3726
-2820
-2048
-1258
-418
123
133
-119
-531
-1126
-1652
-1999
-2238
-2230
-2004
-1708
-1147
-381
465
963
1423
1891
2195
2185
2171
2261
2121
1826
1822
1825
1976
2193
2433
2639
2855
3197
3696
3931
3924
3952
4012
4114
4061
3880
3671
3553
3480
3527
3540
3433
3287
3323
3463
3296
2979
2770
2649
2598
2460
2452
2538
2647
2694
2734
2827
2801
2719
2691
2784
2660
2327
1588
1010
796
993
1685
2902
4305
5523
6513
6824
6467
5824
4849
3559
2116
739
-358
-922
-908
-463
530
1761
3024
4089
5004
5435
5184
4500
3478
2180
732
-573
-1589
-2032
-1809
-1272
-568
452
1707
2632
3088
3334
3274
2897
2147
1224
291
-680
-1533
-1884
-2054
-1761
-1135
-214
811
1524
2045
2233
2227
1987
1488
912
182
-668
-1387
-1756
-1786
-1684
-1357
-885
-341
251
728
841
829
749
522
129
-340
-820
-982
-1196
-1262
-939
-711
-487
-105
189
319
351
346
174
-130
-410
-587
-625
-676
-627
-624
-550
-455
-364
-289
-213
-30
246
476
502
220
-255
-789
-1356
-1974
-2695
-3634
-4445
-5054
-5332
-5205
-4756
-4075
-3327
-2436
-1474
-902
-473
-229
-395
-831
-1515
-2264
-3178
-4037
-4472
-4626
-4427
-3746
-2713
-1712
-907
-205
474
760
744
543
121
-387
-954
-1267
-1419
-1689
-1605
-1091
-723
-247
546
1270
1630
1859
1934
2027
1873
1390
1019
801
942
1039
1416
1903
2444
2820
2873
2763
2198
1494
891
454
90
17
328
897
1656
2369
3120
3714
4023
3963
3478
2630
1731
936
36
-345
48
842
1877
2992
4210
5315
6183
6621
6732
6401
5808
4977
4082
3351
2767
2240
2058
2541
3609
5019
6700
8250
9503
10125
10050
9215
7895
6324
4558
2996
1664
709
365
620
1344
2398
3544
4629
5444
6012
5969
5190
4227
2979
1603
405
-580
-1380
-1732
-1528
-957
-212
607
1646
2477
2699
2728
2415
1847
1135
158
-791
-1677
-2738
-3307
-3232
-2766
-2167
-1512
-852
-70
523
741
910
877
495
-161
-985
-1738
-2195
-2463
-2618
-2320
-1756
-1148
-548
39
749
1119
1214
1256
977
577
182
19
-29
66
292
619
1061
1439
1671
1911
2166
2214
1944
1736
1537
1271
938
782
742
772
915
978
987
1117
1155
1069
1094
1334
1548
1496
1302
1011
484
-184
-854
-1821
-2768
-3596
-4197
-4521
-4706
-4563
-4193
-3629
-2834
-2020
-1234
-839
-567
-665
-1254
-1870
-2624
-3552
-4472
-5070
-5278
-5033
-4570
-3973
-3139
-2109
-1316
-814
-576
-579
-584
-851
-1437
-2220
-2984
-3572
-3920
-3903
-3633
-3348
-2872
-2097
-1363
-800
-570
-102
325
514
389
-74
-546
-1042
-1472
-1835
-2054
-1943
-1383
-611
309
1031
1496
1735
1634
1401
1124
707
32
-706
-1207
-1365
-1097
-820
-309
322
902
1343
1339
1130
696
179
-363
-1062
-1926
-2604
-2885
-2935
-2559
-2209
-1668
-1106
-661
-413
-597
-1152
-2197
-3329
-4362
-5305
-5630
-4919
-3383
-1583
143
1392
1937
1627
796
-313
-1811
-3534
-5276
-6675
-7415
-7549
-7147
-5909
-4196
-2376
-843
168
841
732
-121
-1311
-2624
-4046
-5424
-6419
-6692
-6341
-5647
-4584
-3238
-1827
-498
386
708
604
146
-696
-1649
-2396
-3287
-4141
-4548
-4351
-3755
-2766
-1823
-863
42
747
1313
1597
1513
730
-167
-850
-1594
-1985
-2329
-2322
-2042
-1715
-1281
-875
-459
151
589
761
721
409
-82
-561
-1064
-1359
-1417
-1313
-1123
-942
-588
-67
434
504
551
547
355
112
-264
-633
-769
-839
-813
-745
-468
-65
233
386
552
876
1164
1400
1420
998
647
315
-178
-991
-1927
-2704
-3214
-3453
-3393
-3069
-2655
-1895
-887
141
1019
1641
2051
2158
1947
1492
845
144
-520
-822
-915
-796
-425
292
1142
2138
2957
3617
4188
4483
4268
3955
3587
3013
2276
1776
1596
1609
1640
1889
2392
2966
3435
3810
4092
4303
4389
4193
3942
3811
3522
3175
2902
2776
2739
2774
2913
3199
3364
3623
3992
3947
3836
3785
3612
3513
3252
3047
3012
2959
2955
2922
3002
3085
3085
3074
3034
2834
2540
2273
2069
1952
1802
1682
1752
1831
1839
1769
1916
2216
2319
2234
2183
2207
1805
1085
445
-197
-211
322
1273
2562
4008
5108
5606
5615
5166
4344
3349
2364
1397
239
-423
-362
259
1264
2489
3756
4825
5423
5507
5309
4832
3992
2839
1608
488
-291
-562
-374
152
870
2077
3339
4205
4699
4939
5008
4597
3889
3003
1951
1007
213
-291
-176
345
1276
2019
2784
3633
4284
4390
4169
3872
3360
2778
2126
1422
862
353
298
573
908
1364
1912
2388
2807
3111
3014
2792
2316
1980
1751
1352
916
577
452
543
873
1147
1500
1743
1963
2052
1954
1822
1647
1517
1279
1040
890
963
1199
1395
1492
1605
1711
2020
2379
2370
2234
2222
2072
1945
1578
1018
413
-495
-1362
-2045
-2553
-2697
-2487
-2137
-1548
-853
-92
741
1483
1822
1941
1931
1549
835
159
-474
-1023
-1430
-1543
-1237
-774
-62
799
1728
2503
2927
3203
3326
3005
2416
1965
1575
974
422
-17
-151
30
514
1043
1497
1833
2037
2447
2636
2490
2186
1789
1271
901
795
652
473
544
660
869
1152
1411
1630
1677
1653
1659
1596
1373
1061
891
962
1097
992
726
566
626
785
712
612
401
139
75
-37
-215
-509
-732
-850
-762
-759
-829
-751
-713
-702
-470
-337
-543
-826
-1186
-1606
-1720
-1317
-577
771
2355
3622
4542
4915
4749
4157
3036
1264
-688
-2552
-4065
-4820
-4977
-4549
-3347
-1606
52
1418
2586
3430
3552
3129
2292
886
-770
-2431
-3843
-4800
-5029
-4624
-3576
-2383
-1246
-127
799
1300
1458
1331
763
-77
-1312
-2787
-3989
-4708
-4871
-4628
-3944
-3032
-2054
-1135
-209
316
459
337
-24
-560
-1133
-1879
-2719
-3373
-3580
-3552
-3279
-2897
-2346
-1988
-1640
-1358
-1292
-1347
-1420
-1590
-1918
-2076
-2264
-2388
-2337
-2066
-1735
-1399
-818
-259
24
103
-41
-137
-295
-302
-522
-778
-925
-767
-519
-187
285
524
621
799
933
1244
1407
1432
1319
872
460
98
-489
-1416
-2240
-2825
-3302
-3713
-3713
-3157
-2572
-1952
-1288
-380
601
1514
1746
1533
1040
344
-480
-1355
-2157
-2626
-2727
-2476
-1985
-1387
-585
363
1211
1885
2098
2200
2129
1572
754
-6
-684
-1133
-1382
-1542
-1404
-963
-547
-28
641
1133
1320
1386
1379
1368
1281
1002
682
428
141
-116
-104
111
489
641
859
1228
1588
1804
1621
1574
1546
1441
1376
1288
1266
1325
1382
1488
1512
1474
1456
1362
1337
1111
909
793
569
318
212
158
206
206
337
518
726
909
935
874
889
727
349
-136
-476
-548
-335
