-5070
-4819
-4508
-4231
-4007
-4037
-4153
-4335
-4607
-4977
-5291
-5417
-5232
-5089
-5013
-4747
-4718
-4578
-4349
-4033
-3800
-3697
-3701
-3795
-4045
-4488
-5055
-5690
-6603
-7572
-8282
-8782
-9231
-9389
-8989
-8237
-7336
-6488
-5629
-4667
-3926
-3827
-4056
-4298
-4866
-5622
-6383
-7181
-7617
-7682
-7472
-6753
-5808
-4898
-4064
-3243
-2661
-2251
-2111
-2223
-2573
-3261
-4055
-4807
-5328
-5580
-5636
-5485
-5122
-4419
-3705
-3127
-2692
-2451
-2500
-2853
-3577
-4253
-5012
-5417
-5380
-5338
-4679
-3579
-2254
-1409
-1345
-1956
-2973
-4410
-6172
-8150
-10033
-11370
-11981
-11924
-11070
-9476
-7782
-6353
-5332
-4838
-4987
-5992
-7541
-9388
-11150
-12656
-13393
-13304
-12548
-10822
-8500
-5899
-3500
-1509
108
758
593
-225
-1322
-2384
-3825
-5476
-6736
-7006
-6085
-4077
-1580
1226
3927
5917
6870
6759
5739
3916
1715
-598
-3194
-5531
-7042
-7574
-7029
-5546
-3719
-1925
-303
872
1072
458
-630
-2187
-4266
-6527
-8540
-10006
-10825
-10948
-10348
-8980
-7165
-5619
-4559
-3934
-3726
-3903
-4583
-5964
-7643
-9495
-11065
-12169
-12945
-13116
-12582
-11390
-9882
-8498
-7233
-6229
-5643
-5580
-5968
-6717
-7796
-8960
-10180
-11347
-12238
-12482
-12160
-11650
-10705
-9419
-8118
-6864
-5766
-4974
-4468
-4298
-4292
-4503
-4787
-4705
-4581
-4281
-3830
-3338
-2770
-2093
-1632
-1344
-1288
-1224
-1225
-1518
-1683
-1853
-2038
-2094
-2167
-2211
-2186
-2135
-2244
-2194
-2081
-2220
-2614
-2916
-2963
-2933
-3084
-3556
-4225
-4918
-5489
-5983
-6616
-7121
-7416
-7395
-6981
-6433
-5723
-5024
-4426
-3803
-3514
-3476
-3716
-4269
-5139
-6089
-6957
-7724
-8265
-8643
-8842
-8663
-8082
-7330
-6507
-5742
-5133
-4523
-4351
-4531
-4777
-5064
-5581
-6252
-6573
-6498
-5997
-5474
-4805
-4017
-3097
-2035
-1183
-475
-69
492
857
944
1032
955
762
117
-934
-2060
-3017
-4085
-4985
-4972
-4010
-2297
-253
1631
3142
4272
4908
4886
4188
2696
792
-1193
-2974
-4331
-4655
-3901
-2288
-321
1715
3608
4943
5736
5834
5293
4261
2829
1086
-574
-1681
-2102
-1837
-802
1046
3170
4956
6138
6820
7105
6963
6780
6722
6677
6752
6852
6941
6828
6485
6117
5369
4354
3248
2127
1103
226
-242
-423
-214
439
1282
2161
3114
4136
4688
4582
3983
2987
1975
832
-442
-1461
-2078
-2295
-2284
-1918
-1304
-648
-26
409
713
716
303
-356
-1122
-2013
-3057
-3784
-4239
-4564
-4818
-4917
-4531
-4064
-3959
-3943
-3862
-3885
-4057
-4340
-4644
-4815
-4941
-5162
-5187
-4986
-4916
-4702
-4541
-4217
-3915
-3704
-3783
-4140
-4398
-4581
-4599
-4729
-4695
-4421
-4132
-3688
-3299
-2760
-2050
-1709
-1516
-1396
-1333
-1448
-1712
-2227
-2721
-3134
-3385
-3589
-3686
-3592
-3274
-3079
-2875
-2504
-2142
-1799
-1714
-2004
-2171
-2387
-3007
-4093
-5403
-6799
-8139
-9257
-10094
-10461
-10420
-10069
-9577
-8927
-7796
-6586
-5848
-5444
-5184
-5330
-5812
-6682
-7615
-8653
-9434
-10072
-10571
-10547
-10117
-9540
-8597
-7657
-7001
-6439
-6107
-5954
-5818
-6154
-6755
-7370
-8132
-8577
-8683
-8727
-8535
-8253
-7773
-6936
-5991
-5293
-4693
-4169
-3694
-3432
-3369
-3224
-3044
-2979
-2824
-2604
-2282
-2001
-1692
-1158
-815
-753
-773
-680
-646
-686
-632
-849
-1118
-1289
-1481
-1629
-1561
-1428
-1488
-1589
-1722
-1847
-1943
-2073
-2042
-2233
-2545
-2847
-2949
-3113
-3189
-3054
-2843
-2630
-2563
-2387
-2291
-2169
-2131
-2528
-3371
-4081
-4342
-4208
-3699
-2702
-1525
-365
505
868
763
-5
-1156
-2677
-4207
-5558
-6864
-7766
-8193
-8095
-7246
-5983
-4664
-3236
-1952
-1245
-1373
-2100
-3086
-4330
-5901
-7411
-8732
-9411
-9338
-8848
-7903
-6789
-5468
-4302
-3433
-2879
-2687
-2965
-3639
-4544
-5742
-6904
-7921
-8591
-8922
-8595
-7739
-6723
-5738
-4895
-3984
-3277
-3081
-3303
-3675
-4269
-4916
-5626
-6257
-6805
-7215
-7306
-6895
-6339
-5919
-5519
-5113
-4854
-4727
-4770
-4954
-5211
-5653
-6271
-6696
-6794
-6983
-6974
-6805
-6479
-6022
-5656
-5425
-5516
-5701
-5952
-6140
-6438
-6727
-6997
-7067
-7010
-7069
-6981
-6535
-6221
-5996
-5731
-5570
-5402
-5294
-5162
-5356
-5910
-6421
-7186
-8030
-9060
-9994
-10623
-11073
-11249
-11278
-10928
-10221
-9258
-8200
-7267
-6554
-6136
-5856
-5802
-6225
-6947
-7771
-8608
-9480
-9913
-9865
-9454
-8930
-8269
-7231
-6103
-5045
-4266
-3820
-3604
-3693
-3990
-4452
-4989
-5554
-5979
-6174
-6152
-5796
-5162
-4499
-3771
-3035
-2377
-1805
-1453
-1283
-1185
-1190
-1234
-1180
-1305
-1311
-1306
-1147
-899
-598
-165
127
558
949
1152
1330
1379
1354
1171
922
878
844
720
642
692
768
752
584
382
248
142
-185
-575
-623
-586
-602
-595
-506
-366
-327
-292
-96
163
240
34
-8
-148
-595
-1297
-1753
-1826
-1352
-320
1009
2487
3704
4518
4800
4425
3566
2350
1073
-441
-1844
-2784
-3295
-3468
-2693
-1537
-268
1139
2266
3013
3131
2726
1868
766
-552
-1947
-3176
-4155
-4507
-4250
-3434
-2224
-1148
-161
759
1497
1751
1473
909
-44
-1216
-2389
-3350
-4249
-4601
-4538
-4049
-3245
-2388
-1475
-741
-310
-75
-74
-351
-962
-1822
-2709
-3344
-3985
-4471
-4474
-4281
-3824
-3421
-3035
-2509
-2113
-1773
-1671
-1882
-2344
-2928
-3311
-3574
-3971
-4086
-4026
-3859
-3475
-2985
-2773
-2727
-2660
-2523
-2409
-2635
-2931
-3239
-3538
-3595
-3822
-3775
-3698
-3590
-3295
-2996
-2798
-2666
-2507
-2449
-2516
-2450
-2687
-3203
-3859
-4488
-5222
-6284
-7299
-7963
-8343
-8415
-8086
-7467
-6748
-6011
-5249
-4459
-3917
-3626
-3575
-3899
-4475
-5449
-6420
-7253
-7878
-8059
-7876
-7528
-7003
-6011
-4872
-3837
-3127
-2669
-2604
-2659
-2911
-3362
-3916
-4517
-5000
-5218
-5330
-5194
-4845
-4332
-3388
-2684
-2115
-1530
-1096
-936
-1078
-1079
-1154
-1197
-1216
-1220
-1315
-1326
-1197
-1113
-848
-495
77
606
855
957
1117
1176
1086
888
830
849
776
788
735
522
452
466
409
242
-63
-252
-397
-509
-568
-631
-805
-782
-612
-614
-558
-712
-898
-882
-785
-790
-985
-1427
-1956
-2524
-2885
-2729
-1738
-328
1099
2391
3334
3785
3595
2655
1444
114
-1330
-2782
-3958
-4649
-4804
-4486
-3568
-2196
-660
641
1570
1777
1438
747
-393
-1628
-3208
-4610
-5494
-6088
-6198
-5689
-4732
-3464
-2256
-1190
-409
-32
-50
-632
-1619
-2682
-3763
-4814
-5749
-6404
-6389
-5893
-5089
-4246
-3460
-2715
-2084
-1685
-1567
-1906
-2529
-3309
-4321
-5144
-5681
-6007
-6286
-6313
-5975
-5485
-4966
-4266
-3810
-3477
-3460
-3722
-4032
-4425
-4904
-5275
-5648
-5852
-5735
-5456
-5281
-5083
-4625
-4227
-4127
-4190
-4303
-4382
-4586
-4738
-4873
-5099
-5406
-5593
-5589
-5336
-4925
-4532
-4443
-4483
-4336
-4129
-3977
-3866
-4191
-4707
-5237
-5923
-6779
-7684
-8529
-9274
-9894
-9947
-9783
-9401
-8772
-7884
-6899
-5927
-5201
-4788
-4748
-5048
-5688
-6490
-7215
-7922
-8677
-9315
-9441
-9005
-8082
-7100
-6351
-5489
-4623
-4041
-3549
-3391
-3553
-3910
-4581
-5354
-5680
-5980
-6126
-5887
-5534
-4988
-4271
-3436
-2746
-2206
-1671
-1286
-1195
-1290
-1319
-1450
-1553
-1724
-1759
-1492
-1323
-1254
-1023
-555
-73
226
430
699
922
1026
1062
994
874
758
668
462
428
545
705
890
933
680
530
436
284
-1
-195
-347
-479
-385
-336
-363
-315
-77
142
121
-34
12
-111
-425
-1078
-2012
-2934
-3279
-2779
-1925
-837
421
1674
2398
2518
2074
1301
427
-458
-1470
-2326
-2835
-3065
-2714
-2015
-1048
146
1303
2064
2194
1835
1315
523
-590
-1951
-3064
-3800
-4123
-4134
-3505
-2474
-1406
-246
724
1504
1932
1866
1499
926
67
-1006
-2082
-2932
-3295
-3271
-2748
-1985
-1321
-472
376
1032
1416
1502
1425
976
91
-948
-1668
-2205
-2624
-2874
-2797
-2397
-1795
-1344
-928
-514
-206
74
-45
-443
-861
-1427
-2088
-2639
-3002
-3146
-3153
-3112
-3024
-2752
-2431
-2234
-2035
-1956
-2238
-2598
-2780
-2963
-3203
-3308
-3252
-3375
-3490
-3508
-3319
-3168
-3002
-2879
-2699
-2631
-2475
-2377
-2702
-3365
-4129
-4856
-5699
-6548
-7405
-8153
-8329
-8317
-8019
-7351
-6624
-5765
-4751
-3904
-3470
-3290
-3249
-3667
-4377
-5096
-5788
-6499
-6889
-6996
-6710
-6011
-5308
-4408
-3482
-2547
-1641
-1175
-965
-1099
-1471
-1998
-2413
-2766
-3440
-3707
-3376
-2979
-2543
-1899
-1140
-456
163
488
796
1168
1159
978
778
633
553
520
531
584
808
1150
1432
1746
2034
2280
2543
2600
2521
2451
2471
2340
1962
1716
1782
1890
1917
1727
1666
1680
1742
1555
1303
1092
1042
1061
771
408
253
347
449
605
741
822
839
899
812
729
645
338
124
86
515
1534
3032
4542
5666
6590
7173
6943
5882
4524
2704
703
-1181
-2901
-4129
-4487
-4031
-2989
-1459
429
2421
4047
5073
5369
4804
3653
2202
584
-1148
-2871
-4103
-4658
-4661
-4022
-2966
-1818
-424
854
1623
1849
1700
1196
145
-1280
-2716
-4045
-4945
-5373
-5630
-5429
-4655
-3716
-2697
-1865
-1067
-614
-540
-705
-1308
-2163
-2971
-3746
-4361
-4971
-5414
-5497
-5185
-4638
-4208
-3728
-3367
-3173
-3142
-3240
-3513
-3875
-4118
-4201
-4344
-4413
-4158
-3662
-3284
-2942
-2570
-2169
-1997
-2117
-2327
-2608
-2871
-2994
-3104
-3291
-3346
-3075
-2743
-2449
-2187
-1858
-1636
-1437
-1275
-1298
-1336
-1384
-1726
-2249
-2896
-3696
-4677
-5571
-6193
-6829
-7247
-7268
-7003
-6419
-5687
-4852
-3796
-2923
-2474
-2310
-2384
-2649
-3465
-4243
-5020
-5878
-6662
-7115
-7036
-6647
-6106
-5354
-4438
-3561
-2848
-2258
-2206
-2356
-2561
-3080
-3610
-4175
-4809
-5240
-5505
-5207
-4637
-4032
-3355
-2757
-2107
-1311
-860
-667
-580
-499
-644
-1069
-1270
-1219
-1137
-1028
-876
-572
-179
332
761
897
1098
1428
1610
1523
1405
1379
1426
1236
1073
1112
1182
1259
1331
1416
1334
1209
1040
817
650
582
368
186
151
271
334
234
268
473
672
830
857
818
641
214
-413
-1247
-1708
-1519
-1050
-311
582
1564
2397
2903
2821
2244
1358
86
-1380
-2536
-3367
-3912
-3918
-3236
-2108
-731
612
1819
2788
2949
2622
1934
849
-643
-2210
-3578
-4669
-5140
-5153
-4598
-3542
-2188
-1029
29
959
1409
1471
1144
442
-487
-1574
-2722
-3525
-3883
-3858
-3401
-2643
-1768
-894
-156
544
1117
1367
1207
708
-147
-970
-1642
-2225
-2718
-3086
-2991
-2637
-2081
-1374
-720
-224
12
76
34
-144
-686
-1186
-1458
-1614
-1910
-2066
-2028
-2005
-1997
-1832
-1377
-1133
-1170
-1399
-1608
-1795
-2145
-2580
-2724
-2743
-2716
-2686
-2558
-2513
-2338
-2054
-1803
-1610
-1622
-1527
-1566
-1848
-2242
-2778
-3517
-4575
-5623
-6440
-7035
-7376
-7644
-7692
-7301
-6555
-5661
-4703
-3857
-3117
-2665
-2550
-2770
-3254
-3975
-4824
-5665
-6235
-6572
-6663
-6200
-5470
-4458
-3535
-2629
-1584
-942
-640
-514
-558
-859
-1411
-1865
-2213
-2524
-2745
-2577
-2084
-1595
-957
-322
467
1128
1576
1943
2145
2225
2202
1945
1711
1645
1675
1836
2139
2412
2643
2769
3100
3577
3722
3668
3709
3707
3694
3647
3556
3496
3447
3300
3377
3391
3300
3229
3068
2988
2894
2717
2589
2436
2247
2122
1973
1741
1701
1859
2012
2209
2117
2148
2232
2157
1951
1561
1013
341
-62
-150
503
1856
3398
4755
5687
6250
6286
5801
4795
3552
2355
989
-194
-1013
-1370
-1090
-246
861
2052
3330
4452
4935
4840
4445
3604
2482
1110
-190
-1294
-2063
-2180
-1759
-921
8
1007
2031
2794
3204
3273
2985
2159
1133
83
-877
-1611
-2160
-2502
-2316
-1747
-814
298
1097
1648
1933
1870
1587
1193
612
-165
-935
-1663
-2202
-2574
-2597
-2301
-1832
-1445
-882
-405
-116
-104
-345
-567
-910
-1330
-1706
-2004
-2171
-2286
-2167
-2029
-1821
-1385
-957
-768
-808
-933
-1051
-1182
-1348
-1679
-2067
-2236
-2210
-1986
-1724
-1499
-1438
-1314
-975
-800
-709
-606
-624
-853
-1187
-1709
-2292
-2997
-3912
-4940
-5576
-6045
-6400
-6487
-6385
-5838
-4947
-4032
-3283
-2506
-1877
-1664
-1792
-2330
-3154
-3879
-4605
-5095
-5515
-5815
-5602
-5117
-4322
-3312
-2358
-1675
-1111
-667
-654
-853
-1078
-1381
-1981
-2745
-3248
-3363
-3280
-3059
-2670
-1894
-1150
-536
82
707
945
1034
1075
1024
802
785
833
797
600
564
810
1194
1564
2065
2547
2714
2877
2831
2765
2730
2700
2663
2548
2350
2325
2496
2660
2671
2591
2468
2363
2237
2105
2025
1803
1712
1604
1363
1179
1138
1159
1357
1584
1617
1588
1753
1883
1689
1286
699
98
-269
-163
375
1210
2571
3993
5128
5820
5944
5486
4550
3467
2089
492
-660
-1402
-1936
-1919
-1269
-125
1184
2463
3576
4097
4176
3760
3081
2044
708
-814
-2057
-2885
-3194
-2843
-2108
-1168
-52
959
1533
1997
2249
2106
1564
722
-236
-1320
-2386
-3153
-3354
-3257
-2796
-2068
-1201
-442
183
666
944
936
647
179
-545
-1409
-2285
-2913
-3167
-3054
-2750
-2445
-2054
-1661
-1163
-716
-441
-399
-703
-1126
-1502
-1855
-2208
-2441
-2570
-2499
-2218
-1838
-1582
-1345
-1150
-949
-912
-1025
-1102
-1253
-1446
-1753
-1979
-2161
-2246
-2091
-1775
-1667
-1524
-1303
-1075
-881
-677
-603
-696
-879
-1362
-2033
-2647
-3597
-4653
-5547
-6116
-6433
-6522
-6245
-5732
-4965
-4097
-3285
-2518
-1955
-1607
-1609
-2009
-2721
-3503
-4178
-4977
-5644
-5987
-5918
-5592
-4790
-3817
-2968
-2073
-1354
-840
-592
-437
-646
-1101
-1688
-2119
-2565
-2910
-2878
-2538
-2114
-1561
-1028
-442
325
866
1262
1635
1858
1869
1777
1483
1349
1337
1355
1433
1722
2053
2368
2804
3111
3267
3443
3606
3833
3851
3759
3642
3482
3381
3345
3275
3116
3006
3042
3081
3021
2919
2757
2611
2549
2478
2390
2249
2181
2078
2186
2270
2377
2414
2310
2255
2316
2346
2189
1968
1417
862
727
1039
1796
2854
4126
5339
6244
6600
6360
5580
4480
3217
1909
618
-247
-777
-881
-551
242
1559
2809
3901
4784
5167
4955
4342
3381
2099
772
-536
-1591
-2149
-2176
-1774
-818
338
1436
2351
2974
3376
3400
2977
2229
1276
275
-783
-1568
-1950
-1953
-1681
-1046
-147
683
1426
2122
2259
2150
1936
1529
885
86
-680
-1346
-1727
-1781
-1656
-1255
-762
-368
97
571
712
674
490
289
-59
-560
-1001
-1221
-1344
-1270
-1012
-786
-363
-27
213
230
202
242
143
-17
-256
-456
-738
-951
-851
-661
-579
-503
-290
-129
-142
-29
160
191
253
79
-375
-839
-1424
-2137
-3171
-4285
-5071
-5460
-5461
-5378
-5038
-4228
-3331
-2539
-1871
-1255
-795
-590
-817
-1240
-1906
-2824
-3711
-4359
-4765
-4813
-4595
-4025
-3249
-2467
-1493
-576
146
617
606
303
14
-375
-847
-1454
-1899
-2049
-1846
-1524
-1054
-475
314
1068
1634
1842
1935
2030
1826
1499
1145
828
825
1134
1559
2132
2372
2496
2631
2614
2234
1813
1159
472
129
132
289
773
1707
2697
3460
3847
3870
3685
3219
2404
1432
665
138
-96
130
720
1773
2927
4222
5333
6184
6533
6490
6145
5502
4764
3901
3138
2519
2136
2159
2729
3890
5325
6760
8173
9370
9800
9743
8984
7725
6184
4424
2624
1350
598
366
513
1034
2169
3591
4725
5360
5591
5586
4919
3778
2599
1354
189
-912
-1835
-2414
-2297
-1733
-912
114
1104
1833
2385
2571
2426
1757
800
-230
-1471
-2558
-3116
-3351
-3415
-3202
-2628
-2061
-1312
-378
390
760
678
189
-373
-797
-1459
-2316
-2870
-3117
-3076
-2836
-2377
-1588
-847
-275
229
448
514
621
667
477
84
-112
-159
-244
-209
-151
240
804
1310
1576
1676
1796
1641
1242
1094
923
747
577
368
304
439
670
815
832
968
1048
1049
945
861
821
688
304
-331
-995
-1719
-2457
-3356
-4236
-4832
-5295
-5493
-5271
-4754
-4096
-3366
-2526
-1753
-1290
-1108
-1321
-1800
-2475
-3294
-4180
-5159
-5785
-5931
-5659
-5180
-4435
-3503
-2524
-1777
-1471
-1206
-1092
-1291
-1711
-2412
-3166
-3849
-4286
-4463
-4316
-4135
-3866
-3263
-2442
-1668
-972
-628
-393
-188
-264
-541
-767
-1239
-1882
-2273
-2346
-2455
-2334
-1864
-1048
-193
594
1169
1407
1327
1050
585
25
-469
-1107
-1669
-1966
-1862
-1406
-762
-10
413
587
552
408
-4
-582
-1241
-1947
-2657
-3120
-3405
-3325
-3018
-2614
-2111
-1606
-1356
-1221
-1320
-1900
-2981
-4160
-5397
-6106
-6138
-5294
-3888
-2147
-469
801
1292
1062
280
-1029
-2665
-4591
-6278
-7560
-8360
-8513
-7928
-6737
-4799
-2812
-1245
-313
29
-85
-682
-1694
-3115
-4705
-6169
-7305
-7800
-7373
-6438
-5234
-3720
-2450
-1243
-290
-19
-19
-224
-864
-1990
-3168
-4210
-5142
-5308
-4803
-4273
-3585
-2492
-1338
-611
46
652
871
589
123
-585
-1368
-1972
-2439
-2829
-3027
-2860
-2365
-1774
-1181
-715
-218
133
258
104
-177
-548
-1090
-1487
-1743
-1838
-1717
-1514
-1186
-760
-396
-199
-182
-234
-222
-363
-519
-810
-1141
-1273
-1310
-1379
-1393
-1055
-557
-186
49
96
163
502
588
553
608
351
-23
-732
-1739
-2746
-3253
-3617
-3940
-3931
-3372
-2623
-1932
-1180
-308
616
1360
1656
1709
1528
1209
785
-4
-723
-1113
-1162
-1030
-671
72
1042
2052
2880
3626
4135
4228
3999
3575
3074
2441
1843
1535
1275
1205
1452
1755
2010
2400
3197
3837
4150
4162
4266
4192
3929
3489
3124
2865
2774
2658
2606
2726
3041
3400
3544
3580
3703
3821
3795
3817
3834
3544
3264
3050
3086
3071
3060
3019
2996
2967
2974
2835
2609
2407
2311
2240
2118
1866
1627
1483
1554
1907
2099
2133
2112
2167
2181
2132
2176
2105
1729
967
275
68
200
860
1879
3312
4694
5681
5992
5851
5427
4535
3311
2090
848
59
-209
-21
406
1405
2670
3893
4898
5503
5713
5380
4753
3961
2890
1457
216
-432
-797
-686
-68
793
1965
3198
3998
4540
4929
4893
4427
3669
2554
1508
711
107
-209
-216
260
912
1735
2661
3409
3826
4033
4055
3861
3345
2676
2070
1377
713
223
188
409
605
929
1540
2141
2483
2634
2677
2478
2052
1631
1177
861
674
521
401
411
607
1037
1535
1934
1947
1887
1872
1831
1668
1483
1373
1105
910
868
1006
1204
1538
1938
2089
2103
2088
2189
2209
2157
2042
1822
1475
890
93
-817
-1467
-2075
-2499
-2655
-2557
-2157
-1462
-831
-136
705
1395
1744
1753
1549
1165
677
27
-778
-1453
-1846
-1780
-1381
-767
-131
592
1410
2166
2685
2870
2819
2514
2048
1463
874
195
-279
-652
-719
-357
21
343
821
1403
1861
2070
1889
1702
1589
1289
996
624
390
218
13
-39
110
379
762
1131
1268
1369
1256
1132
975
901
770
573
420
366
253
84
128
242
283
178
29
-160
-205
-430
-804
-866
-858
-874
-904
-1007
-1215
-1188
-981
-855
-900
-897
-756
-912
-1308
-1776
-2123
-2337
-2163
-1444
-248
1262
2688
3736
4190
4012
3316
2268
889
-736
-2467
-3936
-4956
-5254
-4852
-3721
-2104
-349
1209
2278
2791
2786
2235
1375
181
-1358
-2979
-4464
-5245
-5468
-5136
-4285
-3113
-1900
-816
41
648
934
694
14
-1034
-2182
-3234
-4115
-4779
-5051
-4921
-4313
-3475
-2454
-1577
-863
-198
275
111
-400
-975
-1685
-2568
-3399
-3844
-4003
-3974
-3634
-3329
-2905
-2482
-1968
-1496
-1246
-1166
-1434
-1838
-2190
-2356
-2553
-2787
-2812
-2465
-2179
-1923
-1552
-1093
-664
-577
-668
-580
-707
-966
-1157
-1325
-1402
-1408
-1342
-1237
-1053
-782
-422
71
334
488
576
507
446
156
-274
-1046
-1875
-2716
-3282
-3916
-4721
-5048
-4681
-4120
-3521
-2770
-1873
-1014
-326
70
337
315
-36
-727
-1456
-2089
-2839
-3358
-3356
-2978
-2514
-1963
-1093
-51
758
1233
1485
1547
1353
966
353
-332
-893
-1263
-1673
-1949
-1771
-1294
-835
-275
371
872
1057
1081
1110
1067
815
613
309
12
-162
-210
-166
-28
108
442
780
1001
1337
1408
1285
1193
1162
955
680
595
604
732
922
967
854
762
759
744
626
559
458
226
-81
-328
-455
-301
-121
-138
-159
-7
155
158
91
32
118
171
-48
-378
-579
-455
-43
