-4697
-4191
-3886
-3714
-3677
-3672
-3721
-3878
-3989
-4188
-4367
-4519
-4687
-4653
-4410
-4248
-3893
-3544
-3261
-3138
-3108
-3013
-2967
-3061
-3127
-3504
-4198
-5096
-5921
-6775
-7586
-8253
-8497
-8300
-7759
-7007
-6320
-5583
-4842
-4132
-3378
-3035
-3288
-3617
-4183
-4872
-5606
-6500
-7167
-7222
-6871
-6097
-5202
-4221
-3216
-2355
-1706
-1441
-1322
-1628
-2114
-2573
-3242
-4010
-4657
-4961
-5054
-4830
-4509
-3927
-3234
-2594
-2114
-2034
-2147
-2648
-3208
-3905
-4716
-5185
-5196
-4770
-4094
-2998
-1822
-977
-811
-1293
-2321
-3973
-5796
-7725
-9570
-10879
-11522
-11331
-10227
-8723
-7129
-5853
-4754
-4278
-4465
-5449
-7053
-9018
-10773
-12093
-12694
-12619
-11928
-10304
-7973
-5430
-2819
-583
846
1457
1452
904
-295
-1680
-3272
-5067
-6493
-6789
-5987
-4179
-1809
1039
3857
5911
6849
6923
6167
4621
2465
142
-2128
-4101
-5682
-6130
-5589
-4530
-3128
-1428
70
946
1178
785
-247
-1746
-3811
-6072
-7974
-9418
-10245
-10135
-9095
-7891
-6626
-5127
-3902
-3152
-2874
-3177
-4044
-5323
-6954
-8791
-10405
-11720
-12251
-12208
-11533
-10452
-9289
-7694
-6271
-5283
-4700
-4378
-4769
-5747
-7038
-8306
-9554
-10599
-11381
-11814
-11496
-10753
-9586
-8394
-7294
-6101
-5056
-4377
-3916
-3640
-3579
-3781
-3877
-3824
-3751
-3507
-3226
-2926
-2394
-1738
-1200
-750
-602
-605
-626
-736
-904
-1178
-1476
-1593
-1715
-1815
-1862
-1961
-1727
-1548
-1641
-1897
-2305
-2585
-2681
-2784
-3056
-3516
-3994
-4581
-5233
-5893
-6618
-7046
-7323
-7154
-6714
-6237
-5757
-5223
-4428
-3684
-3160
-3080
-3500
-4146
-4906
-5821
-6729
-7740
-8578
-8839
-8806
-8464
-7728
-6917
-6054
-5335
-4604
-4150
-4084
-4126
-4343
-4815
-5372
-5638
-5723
-5852
-5784
-5434
-4696
-3585
-2551
-1484
-564
-11
560
882
1097
1293
1410
1346
957
181
-740
-1765
-2930
-4013
-4808
-4822
-3953
-2200
-165
1765
3267
4473
5074
4965
4051
2459
552
-1269
-2983
-4192
-4633
-4036
-2555
-546
1692
3577
5078
5903
5994
5314
4025
2412
768
-824
-1906
-2319
-1874
-589
1128
3046
4739
5885
6521
6613
6511
6244
5911
5798
5914
6246
6648
6813
6608
6028
5361
4633
3616
2408
1302
372
-462
-1043
-983
-234
988
2324
3363
4059
4330
4186
3763
2968
2041
763
-649
-1763
-2480
-2695
-2474
-2151
-1388
-456
348
864
1022
1019
804
193
-625
-1618
-2786
-3780
-4332
-4495
-4375
-4282
-4197
-3956
-3674
-3316
-3236
-3309
-3466
-3762
-4175
-4495
-4833
-4978
-4890
-4696
-4427
-4171
-3931
-3688
-3371
-3110
-3295
-3605
-3717
-3847
-4009
-4148
-4184
-4042
-3725
-3297
-2931
-2587
-1956
-1321
-919
-886
-944
-873
-1100
-1475
-1881
-2316
-2605
-2763
-2988
-3044
-2998
-2873
-2657
-2503
-2209
-1875
-1718
-1662
-1660
-1959
-2804
-4028
-5271
-6687
-8053
-9178
-9921
-10252
-10467
-10318
-9657
-8612
-7336
-6136
-5324
-4880
-4778
-5075
-5573
-6275
-7120
-7950
-8830
-9694
-10058
-10039
-9580
-8897
-8138
-7406
-6594
-6028
-5630
-5420
-5491
-5857
-6466
-6985
-7419
-7961
-8237
-8286
-7940
-7455
-6824
-6192
-5376
-4561
-3952
-3726
-3474
-3133
-2931
-2962
-2958
-2767
-2585
-2239
-1815
-1362
-967
-753
-468
-281
-145
-220
-366
-474
-619
-723
-883
-1118
-1279
-1360
-1140
-1182
-1377
-1338
-1320
-1274
-1510
-1794
-1986
-2246
-2415
-2541
-2597
-2703
-2946
-2986
-2710
-2561
-2394
-2169
-1966
-1912
-1981
-2247
-2966
-3705
-4195
-4257
-3862
-3036
-1747
-383
665
1188
1025
380
-598
-2054
-3702
-5338
-6778
-7726
-8035
-7703
-6773
-5431
-4038
-2809
-1779
-1356
-1354
-1804
-2867
-4154
-5569
-7170
-8569
-9403
-9449
-8818
-7667
-6342
-5022
-3933
-2913
-2294
-2082
-2505
-3278
-4151
-5248
-6576
-7644
-8259
-8396
-8136
-7595
-6643
-5580
-4594
-3843
-3435
-3137
-3160
-3466
-3822
-4535
-5503
-6288
-6765
-6965
-7133
-7048
-6505
-5857
-5185
-4735
-4355
-4287
-4424
-4641
-5027
-5676
-6244
-6556
-6689
-6689
-6800
-6568
-6053
-5636
-5458
-5358
-5362
-5481
-5613
-5883
-6175
-6440
-6504
-6557
-6603
-6505
-6402
-6196
-5779
-5325
-5038
-4985
-4810
-4642
-4584
-4808
-5118
-5620
-6498
-7400
-8441
-9283
-10246
-11045
-11306
-11021
-10560
-9975
-9097
-8257
-7195
-6251
-5595
-5380
-5547
-6031
-6985
-7795
-8391
-9182
-9749
-9892
-9604
-9022
-8164
-6975
-5737
-4785
-4042
-3472
-3212
-3347
-3822
-4233
-4620
-5045
-5578
-6047
-6053
-5789
-5207
-4373
-3611
-3049
-2526
-1956
-1574
-1300
-1046
-1172
-1396
-1437
-1427
-1567
-1503
-1274
-917
-501
-113
361
572
711
946
1249
1357
1096
796
709
644
684
860
626
423
480
501
392
171
53
-22
-424
-662
-747
-990
-1023
-917
-831
-659
-591
-392
-298
-261
-122
-141
-156
-345
-819
-1415
-1847
-2023
-1634
-601
929
2560
3774
4472
4770
4541
3678
2278
842
-434
-1715
-2888
-3495
-3412
-2795
-1719
-430
996
2236
2929
3052
2614
1754
679
-811
-2188
-3213
-4014
-4407
-4202
-3419
-2237
-1074
-43
917
1500
1730
1578
930
-74
-1288
-2498
-3538
-4246
-4401
-4430
-4257
-3575
-2615
-1594
-702
-87
217
76
-430
-1276
-2154
-2909
-3592
-4114
-4415
-4488
-4466
-4068
-3515
-2920
-2620
-2320
-1989
-1969
-2070
-2294
-2680
-3200
-3597
-3740
-3814
-3804
-3527
-3120
-2826
-2546
-2299
-2049
-2013
-2261
-2515
-2744
-2971
-3172
-3268
-3477
-3457
-3299
-3203
-2957
-2731
-2558
-2366
-2081
-1841
-1873
-1847
-1964
-2418
-3157
-4210
-5329
-6163
-6798
-7323
-7790
-7889
-7586
-7168
-6576
-5615
-4602
-3845
-3272
-3018
-3000
-3347
-4110
-5000
-5977
-6625
-7159
-7535
-7686
-7294
-6421
-5387
-4359
-3576
-2828
-2328
-1998
-1993
-2266
-2775
-3347
-3791
-4248
-4816
-5034
-4705
-4224
-3654
-2970
-2345
-1830
-1292
-645
-301
-386
-419
-459
-705
-1018
-1137
-1203
-1029
-783
-516
-15
511
850
1040
1255
1544
1692
1622
1431
1272
1191
1072
790
759
865
969
880
731
724
512
402
306
88
-115
-429
-573
-551
-495
-473
-393
-326
-240
-73
-22
-101
-258
-391
-795
-1534
-2266
-2558
-2288
-1347
7
1409
2731
3868
4323
4031
3271
2189
693
-860
-2160
-3204
-4019
-4153
-3724
-2880
-1702
-443
819
1798
2131
1684
996
195
-992
-2627
-4150
-5164
-5797
-5703
-4952
-3959
-3005
-1913
-809
19
456
406
19
-933
-2102
-3321
-4576
-5429
-5802
-5871
-5735
-5109
-3969
-2942
-2303
-1660
-1201
-1269
-1634
-2161
-2749
-3570
-4479
-5212
-5815
-6165
-6031
-5510
-4803
-4208
-3820
-3497
-3147
-3064
-3354
-3665
-4056
-4389
-4765
-4947
-5122
-5220
-5105
-4851
-4513
-4047
-3705
-3563
-3347
-3361
-3434
-3763
-4219
-4537
-4664
-4945
-5157
-5017
-4748
-4431
-4324
-4259
-4045
-3757
-3571
-3595
-3787
-3844
-4112
-4738
-5605
-6542
-7412
-8076
-8758
-9320
-9519
-9304
-8995
-8445
-7600
-6592
-5801
-5085
-4529
-4402
-4662
-5229
-6037
-6884
-7591
-8082
-8596
-8864
-8588
-7817
-6756
-5684
-4805
-4004
-3305
-2964
-2856
-3082
-3620
-4175
-4653
-4952
-5266
-5529
-5511
-5107
-4564
-3876
-3070
-2345
-1719
-1226
-890
-816
-784
-814
-959
-1179
-1349
-1344
-1154
-806
-473
-94
287
675
1104
1274
1504
1541
1514
1459
1346
1253
1034
924
945
1030
1151
1256
1146
1040
918
890
742
607
389
153
41
27
-3
62
313
385
415
453
475
375
332
343
-48
-849
-1824
-2730
-3355
-3346
-2610
-1386
54
1187
1902
2146
1764
1104
371
-446
-1245
-1969
-2503
-2619
-2244
-1484
-539
496
1574
2392
2563
2306
1639
735
-378
-1689
-2605
-3214
-3550
-3455
-2899
-1978
-847
354
1318
2027
2252
2193
1825
1251
518
-528
-1542
-2178
-2381
-2276
-1910
-1360
-533
283
1055
1819
2221
2237
1922
1253
466
-408
-1122
-1627
-2041
-2192
-2143
-1793
-1192
-543
-87
195
368
514
384
21
-665
-1208
-1664
-2255
-2675
-2954
-3028
-2923
-2773
-2515
-2308
-2229
-2097
-2088
-2279
-2539
-2801
-3080
-3275
-3422
-3468
-3575
-3530
-3349
-3322
-3335
-3222
-3234
-3141
-2980
-2767
-2665
-2976
-3487
-4123
-4940
-5743
-6620
-7432
-8105
-8496
-8499
-8206
-7690
-6834
-5703
-4807
-3986
-3351
-3046
-3128
-3466
-3943
-4717
-5691
-6607
-7120
-7124
-6763
-6112
-5142
-4198
-3367
-2444
-1818
-1365
-1094
-1009
-1162
-1551
-2045
-2662
-3221
-3331
-3037
-2677
-2176
-1487
-898
-166
575
1154
1414
1593
1370
1200
1134
833
608
541
642
807
1041
1319
1610
1859
2200
2503
2736
2832
2764
2533
2204
1988
1967
1858
1818
1882
1903
1999
1851
1638
1541
1476
1246
993
986
914
644
420
179
106
189
271
259
316
410
618
797
937
812
482
312
560
1273
2230
3559
5207
6611
7596
7938
7762
6769
5084
2949
675
-1303
-2935
-3998
-4397
-4099
-3010
-1248
947
3065
4786
5861
6205
5642
4585
3122
1223
-838
-2716
-4281
-5164
-5013
-4253
-3087
-1700
-219
994
1835
2262
2215
1515
231
-1073
-2255
-3408
-4574
-5566
-6070
-5747
-4883
-3883
-2774
-1763
-929
-380
-357
-719
-1279
-1839
-2627
-3539
-4104
-4654
-5223
-5413
-5131
-4800
-4448
-3920
-3656
-3480
-3197
-3347
-3599
-3724
-3869
-3853
-3766
-3723
-3504
-3263
-2974
-2546
-2104
-1852
-1692
-1711
-1818
-2082
-2245
-2363
-2520
-2628
-2580
-2620
-2494
-2229
-1988
-1714
-1267
-789
-423
-437
-721
-791
-1002
-1557
-2289
-3233
-4283
-5138
-5946
-6532
-6794
-6981
-6799
-6166
-5337
-4404
-3553
-2727
-1991
-1615
-1760
-2373
-3064
-3925
-4798
-5841
-6703
-6962
-6901
-6725
-5987
-5080
-4236
-3457
-2689
-2229
-2013
-2059
-2288
-2834
-3486
-4173
-4825
-5321
-5392
-5321
-5109
-4549
-3848
-2974
-2075
-1388
-1104
-1028
-852
-686
-643
-728
-1107
-1357
-1237
-998
-860
-566
-113
298
567
939
1332
1511
1609
1788
1842
1874
1624
1304
1163
1309
1508
1635
1578
1605
1559
1252
1005
922
855
739
494
352
414
488
466
518
628
765
845
988
1000
1037
847
236
-441
-1143
-1734
-2089
-1979
-1225
-70
1181
2171
2691
2663
1961
961
-47
-1377
-2836
-3876
-4299
-4174
-3370
-2217
-870
643
1964
2877
3137
2836
2148
829
-873
-2381
-3862
-4881
-5441
-5593
-5080
-3856
-2327
-1069
47
1035
1677
1845
1589
986
11
-1106
-2099
-3019
-3571
-3704
-3322
-2559
-1754
-764
274
1052
1661
1875
1552
967
279
-414
-1110
-1829
-2352
-2387
-2249
-2068
-1687
-1075
-371
88
495
681
612
357
-137
-678
-920
-1167
-1593
-1815
-1736
-1644
-1552
-1305
-1167
-1097
-1125
-1227
-1399
-1729
-2098
-2446
-2785
-3041
-2892
-2709
-2664
-2541
-2436
-2308
-2259
-2128
-2110
-1923
-1913
-2088
-2450
-3083
-3768
-4476
-5309
-6385
-7314
-7794
-8071
-7890
-7457
-6727
-5958
-4938
-3993
-3150
-2663
-2708
-3055
-3548
-4243
-4990
-5804
-6359
-6512
-6584
-6113
-5208
-4238
-3403
-2564
-1682
-799
-169
-16
-298
-605
-1002
-1594
-2142
-2586
-2469
-2004
-1596
-1183
-612
190
1044
1729
2108
2370
2661
2589
2414
2247
2080
2084
2046
2204
2438
2746
3004
3226
3483
3715
3965
4135
4139
4039
3976
3796
3520
3632
3586
3423
3307
3513
3571
3333
3128
3073
2858
2445
2232
2295
2205
2146
2026
1866
1753
1928
2077
2061
1997
2022
2154
2132
1857
1442
965
485
77
93
757
1919
3264
4540
5566
6294
6472
6020
5102
3700
2098
590
-443
-1066
-1278
-962
-46
1156
2436
3758
4777
5365
5438
4838
3840
2689
1420
118
-1064
-1918
-2064
-1500
-702
295
1409
2568
3369
3781
3850
3553
2889
1898
853
-243
-1209
-1826
-1983
-1780
-1265
-453
470
1241
1825
2246
2581
2615
2207
1178
211
-618
-1383
-1892
-2200
-2096
-1978
-1778
-1311
-789
-396
-130
14
-37
-246
-678
-1172
-1562
-1877
-2060
-2186
-2228
-2044
-1786
-1437
-1046
-602
-396
-448
-578
-978
-1390
-1738
-2004
-2044
-2027
-1939
-1837
-1472
-1085
-914
-812
-696
-501
-443
-432
-538
-760
-1137
-1700
-2479
-3526
-4515
-5423
-6093
-6325
-6200
-6020
-5558
-4658
-3670
-2673
-1940
-1532
-1406
-1546
-1960
-2548
-3186
-3969
-4681
-5103
-5327
-5144
-4557
-3697
-2864
-2192
-1377
-642
-288
-184
-378
-659
-1160
-1851
-2357
-2784
-3080
-3058
-2737
-2206
-1584
-933
-97
535
873
1196
1458
1474
1443
1309
1178
1135
1092
1039
966
1366
1789
1941
2121
2460
2867
3040
2999
3000
2917
2853
2743
2674
2750
2807
2705
2732
2803
2765
2741
2650
2597
2471
2231
2079
2148
1957
1649
1459
1458
1630
1789
1879
2092
2133
2067
2111
2048
1794
1290
594
152
61
638
1553
2729
4114
5456
6288
6278
5735
5085
4141
2650
1074
-308
-1258
-1615
-1765
-1254
-71
1409
2845
3798
4381
4627
4324
3553
2412
1001
-515
-1810
-2607
-3047
-2858
-2110
-1138
-32
992
1824
2499
2761
2648
2029
983
-183
-1163
-1967
-2668
-3016
-2910
-2518
-1866
-1013
-34
705
1218
1613
1717
1254
500
-282
-1086
-1833
-2403
-2762
-2852
-2754
-2394
-1844
-1131
-540
-238
-64
3
-384
-839
-1140
-1544
-1744
-1835
-1991
-1997
-1830
-1561
-1361
-943
-598
-411
-298
-512
-746
-901
-1174
-1502
-1578
-1651
-1643
-1570
-1373
-1088
-772
-724
-834
-678
-393
-419
-447
-574
-971
-1743
-2669
-3571
-4499
-5260
-5799
-6205
-6438
-6257
-5523
-4664
-3816
-3015
-2352
-1969
-1845
-1717
-1802
-2316
-3087
-4040
-4920
-5513
-5725
-5667
-5331
-4503
-3647
-2729
-1672
-728
-298
-290
-284
-434
-748
-1258
-1882
-2327
-2643
-2593
-2495
-2239
-1707
-878
-84
664
1197
1507
1674
1933
1974
1951
1965
1834
1670
1561
1756
2096
2476
2728
3018
3278
3390
3520
3698
3911
3985
3859
3761
3585
3516
3391
3102
2953
3041
3244
3245
3102
2992
2933
2703
2454
2380
2357
2193
2107
2148
2060
2044
2233
2309
2189
2380
2477
2469
2296
1803
1309
683
382
749
1548
2802
4185
5456
6370
6737
6569
5763
4480
3106
1954
805
-349
-1101
-1157
-745
4
1262
2693
3941
4701
5060
4807
4079
2957
1724
518
-576
-1482
-2126
-2361
-1852
-898
158
1365
2325
2845
3109
3234
3022
2291
1199
93
-985
-1708
-2088
-2157
-1834
-1186
-414
263
1060
1760
2219
2201
1841
1280
559
-157
-874
-1694
-2054
-1959
-1670
-1286
-1041
-880
-592
-71
382
611
501
68
-383
-720
-1142
-1397
-1385
-1344
-1201
-963
-759
-393
-103
91
286
231
-15
-202
-369
-661
-973
-1178
-1081
-957
-804
-611
-375
-234
-122
154
368
482
321
19
-286
-834
-1576
-2432
-3399
-4245
-4941
-5564
-5689
-5353
-4898
-4434
-3801
-2977
-2085
-1211
-722
-625
-744
-1261
-2065
-2948
-3859
-4282
-4327
-4439
-4507
-4173
-3282
-2129
-1050
-328
186
513
564
231
-139
-523
-935
-1454
-1758
-1779
-1777
-1723
-1336
-698
78
876
1576
1885
1760
1652
1538
1264
1033
854
651
813
1246
1895
2297
2503
2550
2269
1912
1393
658
5
-254
-149
155
705
1588
2441
2950
3451
3652
3339
2820
2079
1177
355
-415
-681
-372
339
1336
2548
3975
5174
6000
6343
6373
6006
5330
4463
3504
2776
2254
1802
1723
2262
3459
4971
6605
8165
9338
9935
9858
9124
7889
6273
4512
2802
1293
338
51
305
1007
2278
3547
4542
5243
5683
5703
5072
4081
2851
1387
30
-1064
-1823
-2177
-2101
-1523
-617
408
1383
1972
2322
2451
2312
1822
899
-232
-1297
-2347
-3202
-3688
-3707
-3413
-2906
-2289
-1345
-460
208
608
635
340
-315
-1032
-1614
-2266
-2620
-2927
-3035
-2739
-2234
-1570
-851
-112
421
673
760
770
710
411
105
-29
-197
-196
57
451
763
1060
1544
1944
1996
1885
1820
1823
1666
1286
926
775
607
443
551
827
951
1006
1156
1436
1475
1352
1207
1138
1054
693
118
-678
-1459
-2366
-3243
-3936
-4572
-4991
-5053
-4844
-4424
-3842
-3054
-2240
-1561
-1039
-940
-1144
-1554
-2203
-3157
-4132
-4899
-5444
-5635
-5387
-4848
-4108
-3301
-2291
-1589
-1165
-864
-730
-985
-1420
-2050
-2762
-3318
-3826
-4107
-4184
-4099
-3585
-2848
-2102
-1423
-927
-334
149
298
220
-148
-517
-878
-1454
-2064
-2299
-2351
-2150
-1576
-891
-78
698
1276
1638
1671
1381
1000
410
-245
-832
-1282
-1574
-1489
-1063
-510
32
432
707
896
855
590
36
-745
-1626
-2270
-2729
-3067
-3194
-2851
-2276
-1838
-1518
-1210
-943
-1049
-1736
-2811
-3947
-5212
-6163
-5975
-4830
-3257
-1736
-181
1138
1725
1653
834
-469
-2193
-4089
-6040
-7499
-8193
-8126
-7489
-6451
-4618
-2702
-1360
-352
112
20
-620
-1829
-3300
-4894
-6307
-7196
-7493
-7264
-6440
-5189
-3665
-2220
-971
41
621
720
220
-717
-1921
-2986
-3938
-4693
-4890
-4690
-4211
-3286
-2138
-1129
-232
613
1115
1170
921
556
-74
-867
-1632
-2289
-2672
-2742
-2560
-2127
-1495
-722
-78
420
560
512
294
-16
-345
-804
-1262
-1568
-1620
-1606
-1467
-1133
-762
-267
-7
164
318
354
123
-253
-513
-739
-922
-995
-1151
-1010
-586
-232
-58
9
147
408
592
661
844
976
527
-19
-687
-1546
-2535
-3203
-3473
-3848
-3939
-3571
-2912
-2068
-1203
-367
505
1228
1659
1706
1428
1005
481
-266
-801
-909
-1016
-1157
-720
37
985
1854
2701
3485
4016
4142
3888
3744
3334
2733
2097
1535
1194
1154
1300
1673
2073
2640
3274
3830
4093
4249
4141
3973
3759
3469
3138
2858
2678
2571
2429
2492
2766
3080
3260
3399
3460
3560
3578
3518
3448
3306
3169
3010
2896
2721
2621
2498
2457
2493
2632
2665
2419
2263
2109
1798
1584
1440
1346
1202
1142
1336
1389
1397
1502
1635
1856
1776
1660
1544
1322
860
277
108
207
905
2096
3551
4897
5889
6450
6225
5473
4611
3576
2179
842
-150
-903
-1034
-435
560
1856
3259
4418
5283
5623
5428
4784
3970
2886
1529
142
-781
-1183
-1195
-599
397
1468
2521
3582
4112
4329
4338
4124
3594
2640
1429
498
-193
-787
-924
-466
307
1169
1943
2688
3090
3526
3689
3321
2626
1955
1258
527
-57
-485
-592
-479
-101
433
953
1467
1833
2015
2061
1871
1541
1161
870
647
507
335
191
291
679
1135
1473
1686
1910
1952
1848
1744
1532
1383
1237
916
818
1043
1345
1483
1635
1799
1920
1953
2064
2140
2360
2480
2275
2034
1687
1000
348
-484
-1519
-2349
-2807
-2769
-2522
-2088
-1444
-850
-79
734
1395
1777
1969
1766
1337
705
-74
-737
-1317
-1745
-1832
-1601
-1017
-151
723
1597
2205
2825
3165
2993
2579
1897
1230
638
95
-240
-641
-756
-473
-169
245
749
1153
1571
1843
1802
1737
1603
1285
851
451
309
338
260
154
304
640
849
1015
1067
1200
1181
1140
1012
990
937
858
585
347
257
230
361
412
453
334
154
-222
-471
-515
-515
-692
-844
-846
-868
-951
-1054
-905
-757
-579
-486
-505
-488
-588
-960
-1628
-2452
-2928
-2734
-1872
-636
813
2315
3447
4016
4100
3437
2365
803
-668
-2048
-3415
-4293
-4407
-4073
-3376
-2153
-572
812
1907
2458
2403
2036
1192
-133
-1793
-3310
-4501
-5177
-5492
-5169
-4251
-3049
-1795
-619
332
968
1198
848
138
-798
-1866
-2970
-4015
-4597
-4624
-4239
-3873
-3042
-1948
-988
-317
68
292
214
-191
-856
-1597
-2401
-3259
-3752
-3879
-3683
-3536
-3209
-2498
-1837
-1490
-1160
-1083
-1170
-1356
-1541
-1844
-2084
-2214
-2290
-2176
-1997
-1791
-1528
-1147
-730
-540
-414
-538
-550
-449
-497
-700
-970
-1179
-1125
-1063
-942
-616
-283
1
23
73
305
390
418
408
251
-161
-898
-1604
-2373
-3201
-4049
-4718
-4969
-4852
-4511
-3839
-2923
-1978
-1149
-349
165
400
332
9
-716
-1660
-2435
-2948
-3158
-3333
-3207
-2586
-1647
-661
171
1009
1709
1834
1695
1612
1260
620
-24
-713
-1279
-1429
-1450
-1423
-1028
-484
109
761
1236
1490
1584
1453
1383
1225
930
531
264
94
61
202
416
638
776
1010
1292
1542
1579
1484
1422
1399
1251
1068
919
864
825
749
735
867
832
811
803
784
574
181
96
-25
-133
-223
-194
-240
-253
-224
-165
-103
-105
-114
-76
110
66
-226
-436
-398
-111
533
