-5013
-4522
-3985
-3800
-3686
-3637
-3692
-3981
-4294
-4411
-4583
-4752
-4711
-4534
-4311
-4084
-3810
-3693
-3323
-3222
-3118
-2916
-2966
-2980
-3161
-3554
-4167
-4964
-5724
-6622
-7525
-8074
-8286
-8426
-8178
-7482
-6551
-5807
-5059
-4304
-3669
-3151
-3053
-3464
-4236
-5147
-5994
-6507
-6797
-6845
-6706
-6294
-5511
-4316
-3388
-2788
-2176
-1885
-1780
-1955
-2468
-3197
-3882
-4566
-4996
-5228
-5294
-5045
-4494
-3984
-3619
-3299
-2920
-2568
-2508
-2836
-3567
-4480
-5307
-5547
-5479
-5163
-4430
-3366
-2040
-1165
-1063
-1571
-2677
-4191
-6147
-8135
-10023
-11408
-11946
-11623
-10604
-9284
-7728
-6099
-4907
-4501
-4788
-5618
-7083
-8892
-10683
-12100
-12860
-12879
-12139
-10382
-7991
-5450
-2945
-890
561
1348
1378
662
-497
-1841
-3578
-5360
-6655
-7004
-6274
-4761
-2274
701
3397
5408
6500
6669
5811
4243
2341
-55
-2428
-4405
-5816
-6415
-6182
-5099
-3680
-1998
-497
580
964
497
-601
-2205
-4147
-6201
-8139
-9544
-10357
-10237
-9376
-8080
-6708
-5509
-4391
-3400
-3143
-3618
-4470
-5657
-7194
-8834
-10424
-11496
-12010
-12146
-11543
-10550
-9130
-7704
-6467
-5476
-5007
-5051
-5451
-6251
-7330
-8633
-9914
-10871
-11480
-11615
-11289
-10768
-9779
-8574
-7305
-6051
-5150
-4520
-4075
-3930
-3859
-3971
-4177
-4301
-4294
-4003
-3571
-3096
-2618
-2160
-1723
-1332
-983
-848
-986
-1159
-1319
-1515
-1705
-2015
-2353
-2346
-2139
-1883
-1986
-2135
-2316
-2634
-2725
-2722
-2811
-3036
-3310
-3566
-3962
-4521
-5163
-5742
-6317
-6758
-7108
-7292
-7029
-6431
-5698
-5131
-4620
-4066
-3545
-3401
-3579
-3990
-4676
-5498
-6476
-7290
-7915
-8345
-8406
-8106
-7760
-7234
-6510
-5668
-4895
-4408
-4268
-4340
-4486
-4598
-5010
-5631
-5964
-5834
-5459
-4946
-4346
-3537
-2663
-1703
-752
97
880
1461
1597
1388
1352
1350
980
297
-489
-1427
-2547
-3719
-4557
-4495
-3459
-1918
-54
1787
3246
4254
4819
4860
4204
2568
598
-1300
-2865
-3976
-4247
-3506
-2150
-254
1686
3553
5060
5922
6094
5494
4273
2903
1324
-269
-1408
-1898
-1673
-434
1229
3196
5161
6357
6757
6713
6436
5994
5576
5553
5956
6316
6512
6491
6334
6160
5575
4807
3906
2896
1576
361
-425
-709
-544
242
1342
2427
3359
4205
4556
4510
3971
2990
1755
499
-630
-1575
-2156
-2491
-2408
-1814
-1033
-411
140
840
1369
1463
1010
121
-730
-1381
-2211
-3210
-3908
-4350
-4592
-4553
-4425
-4175
-3913
-3650
-3459
-3550
-3692
-3945
-4354
-4677
-4780
-4820
-4792
-4722
-4486
-4064
-3763
-3560
-3265
-3251
-3355
-3426
-3440
-3750
-4183
-4420
-4508
-4424
-4156
-3812
-3422
-2869
-2224
-1818
-1498
-1201
-1132
-1261
-1567
-1849
-2204
-2680
-3086
-3366
-3577
-3580
-3298
-3036
-2923
-2849
-2524
-2048
-1888
-1845
-2025
-2403
-3031
-4039
-5269
-6613
-7990
-9118
-9845
-10258
-10297
-10046
-9449
-8554
-7720
-6613
-5630
-5201
-5034
-5093
-5442
-6169
-7232
-8352
-9243
-9946
-10440
-10393
-10017
-9534
-8720
-7731
-6885
-6409
-6000
-5597
-5633
-6012
-6568
-7264
-7962
-8467
-8679
-8558
-8128
-7587
-7075
-6486
-5707
-4998
-4436
-3993
-3598
-3197
-2975
-2915
-2974
-2960
-2922
-2557
-2045
-1763
-1604
-1342
-930
-531
-437
-502
-516
-570
-726
-970
-1131
-1334
-1427
-1461
-1388
-1390
-1398
-1459
-1331
-1168
-1141
-1397
-1858
-2115
-2415
-2618
-2889
-3042
-2959
-2896
-2839
-2700
-2379
-2286
-2170
-2065
-2146
-2501
-3118
-3836
-4431
-4501
-4010
-2995
-1868
-606
402
958
853
95
-915
-2212
-3979
-5671
-6775
-7613
-7987
-7862
-7082
-5582
-3817
-2530
-1675
-1231
-1204
-1642
-2659
-3871
-5384
-6896
-8171
-8963
-8919
-8316
-7346
-6291
-5241
-3990
-2982
-2424
-2302
-2736
-3442
-4343
-5571
-6611
-7438
-8015
-8385
-8368
-7825
-6967
-5967
-4696
-3762
-3339
-3187
-3231
-3560
-4196
-4998
-5874
-6485
-6589
-6662
-6855
-6584
-6181
-5617
-5203
-4971
-4699
-4457
-4543
-4900
-5242
-5559
-5950
-6339
-6643
-6581
-6412
-6339
-6271
-6132
-5875
-5600
-5462
-5472
-5555
-5746
-6168
-6491
-6709
-6813
-6806
-6586
-6256
-5985
-5707
-5493
-5489
-5270
-5039
-4958
-4848
-4920
-5074
-5502
-6214
-7178
-8191
-8993
-9754
-10477
-10925
-10861
-10483
-9873
-9060
-8143
-7083
-6176
-5615
-5317
-5353
-5775
-6395
-7380
-8450
-9135
-9565
-9628
-9434
-8865
-7977
-6912
-5817
-4964
-4160
-3352
-3226
-3340
-3625
-4122
-4672
-5255
-5554
-5733
-5818
-5503
-4955
-4369
-3635
-3016
-2510
-1966
-1388
-862
-762
-825
-969
-1084
-1175
-1160
-1081
-948
-668
-379
-5
408
887
1236
1338
1316
1254
1273
1275
1210
1348
1213
1017
1002
1157
1063
912
861
845
698
273
-60
-163
-275
-336
-362
-374
-251
-220
-30
136
306
485
576
533
427
260
-173
-765
-1388
-1646
-1335
-498
814
2419
3807
4710
5035
4782
3933
2688
1291
-68
-1244
-2157
-2683
-2713
-2156
-1097
115
1288
2461
3236
3439
3184
2326
1112
-265
-1684
-2843
-3554
-3633
-3390
-2879
-2064
-1145
-35
915
1630
1790
1516
929
236
-889
-2138
-3152
-3872
-4295
-4182
-3627
-2831
-2154
-1555
-759
-2
324
241
-246
-769
-1449
-2229
-2815
-3433
-3808
-4105
-3984
-3521
-3085
-2512
-2104
-1815
-1630
-1640
-1844
-2178
-2672
-3210
-3556
-3686
-3746
-3733
-3452
-3184
-2833
-2493
-2201
-2127
-2204
-2256
-2312
-2437
-2650
-3090
-3425
-3429
-3482
-3414
-3169
-2859
-2719
-2682
-2484
-2134
-1992
-1976
-2142
-2528
-2938
-3482
-4251
-5080
-5855
-6669
-7337
-7920
-8105
-7880
-7490
-6890
-5966
-5004
-4101
-3478
-3248
-3322
-3664
-4460
-5325
-6226
-7066
-7574
-7811
-7554
-7032
-6362
-5721
-4782
-3835
-2961
-2397
-2323
-2302
-2423
-2858
-3412
-3923
-4316
-4461
-4602
-4648
-4261
-3583
-2970
-2385
-1631
-1007
-472
-266
-285
-435
-666
-812
-941
-977
-1011
-903
-475
-250
-85
344
802
1064
1118
1226
1470
1431
1347
1398
1198
1014
1040
1054
1110
1053
954
990
864
690
546
296
117
7
-152
-335
-313
-203
-400
-436
-238
-79
-80
-70
-28
-39
-109
-394
-998
-1808
-2367
-2359
-1561
-257
1244
2573
3606
3878
3654
2995
1961
718
-765
-2248
-3491
-4339
-4518
-4017
-2992
-1582
-193
833
1585
1870
1789
1233
138
-1207
-2563
-3918
-4925
-5449
-5490
-5034
-4136
-2949
-1908
-1059
-411
-41
25
-231
-1043
-2208
-3458
-4417
-5232
-5802
-5864
-5417
-4674
-3896
-3067
-2225
-1600
-1256
-1141
-1307
-1840
-2615
-3493
-4227
-4861
-5305
-5614
-5707
-5294
-4716
-4207
-3817
-3317
-2948
-3055
-3239
-3305
-3730
-4477
-4953
-4965
-4995
-5129
-5003
-4764
-4421
-4043
-3835
-3556
-3415
-3384
-3625
-4035
-4300
-4530
-4680
-4773
-4833
-4800
-4596
-4332
-4184
-4123
-3816
-3583
-3264
-3284
-3292
-3409
-3760
-4338
-5164
-6038
-7089
-8086
-8632
-9075
-9228
-9113
-8795
-8313
-7342
-6279
-5463
-4756
-4286
-4285
-4389
-4917
-5766
-6567
-7343
-7974
-8455
-8664
-8530
-7895
-6901
-5921
-5137
-4329
-3539
-3101
-3031
-3156
-3473
-3895
-4405
-4782
-5145
-5376
-5389
-5106
-4510
-3972
-3233
-2365
-1659
-1001
-744
-750
-715
-834
-981
-1076
-1246
-1372
-1244
-1014
-725
-260
152
588
1027
1258
1376
1285
1206
1102
951
911
995
916
812
920
1005
1201
1242
1120
1063
991
834
545
239
221
283
40
34
94
218
377
632
680
579
474
401
207
-147
-915
-1813
-2729
-3361
-3370
-2814
-1775
-628
497
1293
1461
1209
788
176
-660
-1503
-2203
-2522
-2490
-2268
-1645
-756
380
1416
1924
2002
1908
1367
445
-666
-1783
-2817
-3617
-4082
-3856
-2964
-1944
-867
96
934
1566
1947
2153
1764
987
114
-694
-1301
-1940
-2462
-2602
-2197
-1500
-546
281
1042
1581
1915
2054
1733
1190
559
-169
-851
-1408
-1766
-1794
-1809
-1659
-1035
-330
228
544
838
772
452
96
-377
-893
-1487
-2009
-2504
-2791
-2846
-2708
-2483
-2338
-2200
-1987
-2108
-2302
-2374
-2476
-2722
-2933
-3194
-3216
-3251
-3304
-3267
-3248
-3049
-2749
-2798
-2923
-2769
-2787
-2878
-2817
-2954
-3474
-4091
-4778
-5410
-6203
-7065
-7699
-8085
-8067
-7746
-7264
-6499
-5563
-4542
-3806
-3256
-2982
-3156
-3648
-4215
-4837
-5515
-6204
-6614
-6753
-6538
-6105
-5198
-3938
-2780
-2094
-1572
-939
-621
-708
-962
-1434
-1862
-2183
-2467
-2689
-2597
-2277
-1992
-1493
-669
254
682
1128
1574
1826
1882
1615
1525
1449
1319
897
747
1107
1408
1598
1836
2177
2511
2683
2647
2658
2742
2758
2711
2558
2275
2046
2032
2099
2101
2024
1903
1994
1913
1776
1627
1305
1003
865
783
560
494
620
579
605
639
623
642
692
773
971
987
731
477
559
1159
2223
3709
5230
6456
7293
7681
7397
6489
4852
2818
682
-1334
-3085
-4388
-4953
-4504
-3183
-1237
1079
3134
4667
5749
6028
5604
4462
2969
1244
-712
-2456
-3739
-4553
-4692
-4069
-2895
-1497
-152
928
1748
2131
2044
1434
344
-1082
-2471
-3849
-5043
-5737
-5902
-5550
-4791
-3807
-2713
-1838
-1047
-427
-184
-265
-841
-1772
-2640
-3438
-4153
-4612
-4837
-5167
-5376
-5167
-4796
-4214
-3768
-3681
-3694
-3519
-3520
-3846
-4233
-4116
-4048
-4045
-3873
-3567
-3196
-2639
-2085
-1924
-1854
-1813
-1887
-2166
-2650
-2921
-2978
-2946
-2758
-2655
-2404
-2041
-1634
-1276
-993
-767
-526
-469
-592
-699
-878
-1368
-2071
-2961
-3970
-5031
-5754
-6029
-6186
-6223
-5944
-5528
-4827
-3913
-2985
-2304
-1736
-1258
-1286
-1867
-2586
-3453
-4403
-5288
-6118
-6519
-6585
-6246
-5685
-5079
-4099
-3082
-2491
-2039
-1854
-1949
-2129
-2548
-3274
-3951
-4513
-4910
-5025
-4842
-4543
-3952
-3165
-2418
-1831
-1442
-1154
-912
-738
-643
-836
-1022
-1044
-1047
-987
-833
-414
-156
168
461
925
1292
1553
1815
1869
1923
1976
1966
1931
1992
2030
1968
1930
1858
2043
2170
2103
2042
2081
2054
1764
1502
1359
1188
1078
1199
1244
1292
1360
1650
1959
1893
1702
1667
1570
1226
612
-341
-1013
-1053
-805
-241
664
1748
2579
3057
3132
2637
1696
558
-634
-1737
-2489
-2940
-2820
-2209
-1203
43
1427
2663
3428
3816
3458
2678
1496
3
-1538
-2866
-4028
-4605
-4551
-3831
-2764
-1529
-287
768
1569
2172
2146
1821
1360
540
-686
-1791
-2393
-2787
-2891
-2498
-1888
-1075
-208
679
1490
1923
2059
1807
1245
621
160
-426
-1177
-1709
-1910
-1936
-1479
-802
-211
208
525
770
796
704
641
273
30
-451
-821
-950
-1202
-1199
-1134
-956
-569
-464
-662
-740
-903
-1041
-1331
-1612
-1841
-2061
-2309
-2579
-2593
-2391
-2190
-1993
-1980
-1984
-1878
-1750
-1846
-2007
-2028
-2349
-3012
-3750
-4709
-5676
-6446
-7197
-7580
-7689
-7612
-7243
-6608
-5879
-5120
-4287
-3481
-2931
-2797
-2889
-3339
-3979
-4828
-5654
-6346
-6735
-6734
-6582
-5942
-4821
-3603
-2715
-2040
-1392
-851
-651
-859
-984
-1326
-1838
-2369
-2637
-2646
-2459
-2077
-1405
-725
-93
751
1449
1974
2323
2424
2441
2454
2358
1963
1817
1976
2013
2121
2258
2531
2863
3244
3695
3891
3873
3936
3987
3918
3840
3711
3456
3275
3298
3357
3366
3244
3158
3046
2982
2870
2770
2479
2238
2027
1817
1792
1806
1882
1766
1696
1821
2001
2104
2013
1818
1635
1277
691
82
-465
-525
15
1025
2539
4025
5282
5958
5995
5514
4513
3297
1982
696
-565
-1401
-1568
-1054
-252
734
1819
3040
4027
4633
4757
4236
3425
2324
1106
-105
-1320
-2110
-2198
-1755
-1067
34
963
1888
2790
3299
3265
2920
2258
1338
337
-757
-1729
-2356
-2642
-2315
-1677
-816
87
849
1489
1900
1823
1562
1277
560
-56
-696
-1468
-2231
-2528
-2449
-2250
-1847
-1334
-641
-318
-121
-18
-233
-585
-1070
-1632
-1980
-2223
-2364
-2714
-2688
-2219
-1710
-1428
-1306
-1162
-966
-798
-917
-1220
-1729
-2135
-2181
-2249
-2251
-1990
-1715
-1549
-1436
-1384
-1272
-1053
-795
-650
-601
-741
-1066
-1394
-1906
-2766
-3774
-4609
-5474
-6149
-6300
-6040
-5685
-5323
-4816
-4094
-3191
-2106
-1494
-1392
-1569
-1897
-2580
-3316
-4038
-4637
-5001
-5210
-5206
-4946
-4129
-3059
-2250
-1444
-747
-478
-339
-403
-695
-1112
-1728
-2402
-2902
-3258
-3247
-2874
-2444
-1695
-983
-312
74
415
928
1291
1309
1144
996
862
756
708
737
906
1209
1707
1945
2131
2444
2677
2785
2829
3082
3100
2875
2709
2588
2538
2622
2559
2416
2446
2528
2671
2643
2648
2534
2211
2000
1854
1717
1732
1814
1862
1792
1701
1705
1793
1894
1968
2065
2092
1778
1306
786
270
-106
226
1194
2512
3963
5166
5894
6067
5663
4911
3837
2587
1297
115
-873
-1486
-1515
-1008
69
1449
2792
3801
4371
4472
4203
3456
2342
1171
-218
-1460
-2265
-2616
-2561
-1973
-1001
55
1138
2008
2631
2822
2509
1990
1142
209
-785
-1737
-2425
-2748
-2750
-2334
-1509
-511
414
945
1276
1459
1449
1043
517
-85
-650
-1301
-1944
-2556
-2671
-2168
-1768
-1379
-874
-370
-135
-129
-132
-373
-640
-1039
-1498
-1774
-1993
-1855
-1804
-1747
-1603
-1318
-883
-571
-378
-269
-266
-414
-803
-1144
-1405
-1498
-1527
-1650
-1568
-1417
-1123
-861
-587
-355
-176
-82
47
-120
-391
-763
-1320
-2158
-3014
-3860
-4613
-5187
-5546
-5725
-5712
-5435
-4794
-3984
-3209
-2374
-1681
-1268
-1212
-1477
-1899
-2684
-3638
-4480
-5111
-5358
-5318
-4857
-4088
-3307
-2377
-1543
-929
-360
72
123
26
-380
-1005
-1488
-1855
-2199
-2271
-2088
-1672
-1168
-599
85
835
1392
1847
2148
2179
2054
1994
2019
2053
1863
1818
2042
2233
2343
2659
3126
3474
3715
3921
4020
4188
4155
3913
3861
3664
3532
3541
3557
3726
3763
3700
3532
3372
3314
3236
3027
2840
2769
2634
2566
2521
2420
2259
2386
2620
2684
2712
2910
2913
2806
2680
2299
1732
938
476
647
1448
2689
4232
5548
6394
6758
6523
5945
4908
3411
1927
728
-271
-866
-982
-546
327
1539
2823
3971
4670
4985
4913
4246
3341
2107
828
-281
-1369
-1916
-1899
-1372
-447
617
1653
2524
3173
3520
3374
2972
2283
1404
430
-559
-1285
-1706
-1696
-1384
-865
-77
852
1644
2079
2256
2311
1934
1424
854
116
-572
-995
-1268
-1481
-1499
-1211
-685
-328
44
353
557
574
543
361
-149
-788
-1064
-1180
-1456
-1584
-1369
-1038
-773
-423
-117
101
296
310
172
-89
-432
-759
-914
-974
-872
-760
-568
-478
-404
-73
195
262
351
512
587
304
12
-356
-1127
-2160
-3124
-3917
-4573
-5179
-5354
-5229
-4900
-4410
-3705
-2766
-1854
-1146
-678
-511
-702
-1115
-1807
-2537
-3351
-4160
-4641
-4631
-4197
-3653
-3032
-2164
-1406
-567
125
445
518
387
-82
-354
-672
-1311
-1692
-1670
-1598
-1430
-1187
-777
35
856
1507
2066
2169
1998
1785
1476
1121
938
888
1158
1725
2089
2550
2765
2787
2593
2214
1872
1349
581
117
199
588
1214
1897
2753
3443
3737
3767
3725
3263
2434
1656
803
223
17
405
1198
2043
3134
4280
5402
6199
6748
6770
6254
5495
4707
3783
2976
2598
2373
2435
2811
3696
5092
6762
8347
9573
10146
9984
9318
7983
6266
4524
2941
1676
702
333
612
1482
2565
3705
4820
5662
5991
5942
5280
4249
3018
1769
517
-618
-1464
-1811
-1686
-1261
-482
529
1399
1883
2283
2471
2284
1850
946
-20
-973
-1871
-2590
-3120
-3323
-3073
-2570
-1898
-1000
-174
311
507
481
287
-75
-776
-1426
-2052
-2529
-2744
-2592
-2215
-1994
-1493
-718
-44
527
788
833
819
560
281
61
-113
-202
-204
-67
430
736
938
1443
1779
1732
1723
1813
1898
1583
1246
1000
724
678
663
843
966
1069
1185
1175
1083
1026
1162
1137
1020
859
744
524
-47
-772
-1771
-2805
-3975
-4723
-4936
-4977
-4895
-4595
-3857
-2868
-1918
-1258
-870
-809
-980
-1477
-2119
-2920
-3869
-4677
-5201
-5374
-5349
-5068
-4445
-3659
-2735
-1698
-1149
-901
-845
-984
-1351
-1960
-2651
-3254
-3703
-3945
-4150
-4029
-3636
-3169
-2524
-1808
-1188
-744
-258
34
37
-250
-678
-1064
-1678
-2159
-2456
-2540
-2174
-1648
-980
-283
491
1211
1594
1547
1381
1031
377
-213
-800
-1199
-1375
-1473
-1340
-975
-231
504
861
952
785
507
50
-684
-1390
-2198
-2860
-3248
-3137
-2840
-2426
-1893
-1278
-919
-843
-983
-1489
-2641
-3936
-5061
-5753
-5663
-4704
-3353
-1730
-205
1007
1634
1474
606
-712
-2360
-4081
-5724
-7096
-8027
-8168
-7444
-6289
-4672
-2885
-1370
-207
195
22
-702
-1769
-3035
-4490
-5882
-6802
-6993
-6550
-5846
-4773
-3492
-2136
-985
-254
72
38
-327
-1045
-1953
-2898
-3687
-4374
-4775
-4769
-4194
-3234
-2121
-1076
-173
626
1076
1028
690
224
-357
-1140
-1732
-2233
-2532
-2542
-2324
-1866
-1232
-679
-147
176
368
527
572
428
43
-550
-1060
-1388
-1584
-1515
-1231
-1032
-705
-288
-48
24
129
214
155
-164
-574
-840
-1093
-1279
-1209
-1032
-726
-329
52
131
433
694
978
1081
1046
950
556
55
-572
-1336
-2097
-2858
-3477
-3808
-3813
-3390
-2832
-2044
-1056
-123
666
1242
1535
1623
1526
1247
826
201
-494
-913
-1289
-1216
-638
133
1107
2074
2843
3392
3728
4042
4271
4044
3522
2847
2105
1663
1433
1329
1471
1848
2160
2697
3216
3761
4094
4014
4165
4223
3939
3620
3201
2956
2873
2879
2909
3004
3178
3312
3258
3387
3538
3688
3798
3694
3489
3289
3058
3006
2928
2907
3050
3170
3123
3113
3176
3012
2892
2739
2614
2420
2093
2017
1895
1902
1998
1972
1811
1942
2233
2353
2393
2427
2283
2122
1753
1108
508
284
586
1457
2590
3932
5151
6197
6703
6606
6072
5036
3867
2576
1369
314
-196
-222
255
1248
2528
3693
4682
5575
6049
5966
5316
4342
3232
2104
904
6
-578
-631
-144
736
1896
3028
3819
4369
4647
4577
4186
3658
2837
1901
800
42
-385
-517
-233
454
1502
2418
3147
3662
3844
3565
3183
2821
2418
1767
1082
492
265
219
198
416
759
1191
1597
2010
2399
2380
2226
1975
1617
1009
561
419
380
416
483
744
1250
1642
1773
1866
2135
2239
1994
1757
1536
1548
1527
1377
1264
1152
1300
1616
1922
2256
2451
2679
2753
2722
2730
2736
2580
2057
1422
842
-13
-963
-1680
-2154
-2357
-2313
-1908
-1366
-613
117
903
1737
2205
2313
2241
1885
1232
341
-607
-1237
-1364
-1193
-943
-511
239
990
1726
2364
2888
3058
2894
2582
2149
1530
981
388
-50
-337
-497
-462
-28
608
1104
1556
1818
2020
2084
1989
1713
1284
908
634
511
383
215
266
470
751
926
1077
1304
1462
1447
1409
1331
1134
909
707
738
738
828
754
686
749
719
660
629
448
166
-82
-431
-547
-483
-493
-522
-564
-456
-449
-551
-622
-565
-446
-371
-494
-809
-1406
-2112
-2526
-2536
-1833
-698
644
2128
3332
4109
4143
3473
2469
1171
-249
-1634
-2883
-3827
-4287
-4147
-3306
-2003
-354
1094
1996
2284
2290
2117
1496
396
-1109
-2583
-3788
-4423
-4721
-4452
-3590
-2544
-1495
-489
412
1048
1242
866
230
-676
-1788
-2870
-3633
-3980
-4076
-3890
-3321
-2512
-1623
-703
-40
427
702
608
149
-635
-1354
-1819
-2298
-2759
-3146
-3354
-3094
-2608
-2040
-1358
-808
-435
-174
-213
-466
-845
-1276
-1484
-1836
-2107
-2016
-1906
-1679
-1246
-729
-155
78
90
-25
-208
-511
-737
-920
-1054
-1006
-933
-817
-590
-409
-124
69
294
404
465
585
903
1051
773
192
-413
-886
-1581
-2624
-3508
-4089
-4250
-4212
-4016
-3367
-2538
-1755
-1034
-119
589
691
723
524
-105
-860
-1509
-2199
-2672
-2908
-2731
-2129
-1308
-430
238
944
1580
2001
2177
2084
1611
1032
442
-71
-692
-1124
-1181
-986
-805
-347
387
975
1353
1780
2029
1939
1708
1384
1141
920
799
563
351
381
561
753
1050
1197
1395
1685
1879
1855
1846
1819
1769
1517
1171
1118
1329
1507
1479
1420
1457
1493
1330
1130
1005
858
661
484
442
327
386
370
368
317
235
335
423
490
595
534
587
405
3
-145
324
1178
