-4787
-4523
-4299
-3955
-3690
-3652
-3718
-3987
-4251
-4426
-4563
-4634
-4683
-4692
-4668
-4577
-4364
-3884
-3488
-3269
-3245
-3175
-3130
-3137
-3316
-3811
-4435
-5387
-6249
-6918
-7593
-8243
-8418
-8158
-7924
-7524
-6766
-5836
-4852
-4116
-3608
-3384
-3457
-3738
-4491
-5411
-6001
-6625
-7159
-7126
-6664
-6131
-5420
-4496
-3506
-2749
-2273
-1898
-1814
-1986
-2423
-3062
-3764
-4433
-5063
-5377
-5302
-5055
-4530
-4042
-3542
-2964
-2439
-2244
-2212
-2560
-3176
-4054
-4932
-5307
-5364
-5135
-4394
-3331
-2043
-1057
-961
-1593
-2817
-4418
-6269
-8121
-9835
-11281
-11778
-11526
-10566
-9008
-7407
-5896
-4835
-4496
-4681
-5589
-7189
-8959
-10665
-12004
-12755
-12816
-12019
-10350
-8130
-5471
-2982
-977
483
1300
1381
582
-601
-1877
-3431
-4962
-6247
-6838
-6179
-4230
-1779
922
3639
5780
6783
6704
5894
4386
2211
-179
-2538
-4609
-6046
-6531
-6064
-4896
-3353
-1673
-228
699
850
497
-401
-2047
-4090
-6205
-8179
-9812
-10685
-10585
-9683
-8245
-6840
-5458
-4212
-3417
-3339
-3855
-4832
-5846
-7226
-9053
-10491
-11534
-12075
-12121
-11630
-10459
-9145
-7769
-6373
-5413
-4962
-4984
-5521
-6292
-7252
-8695
-10008
-10839
-11442
-11826
-11487
-10868
-9830
-8553
-7325
-6061
-5038
-4294
-3894
-3907
-3839
-3867
-3979
-4195
-4437
-4120
-3328
-2809
-2314
-1837
-1452
-1143
-969
-924
-910
-930
-1219
-1491
-1633
-1808
-1989
-1982
-1930
-1779
-1701
-1865
-1944
-1949
-2212
-2550
-2675
-2596
-2767
-3258
-3940
-4450
-5031
-5641
-6189
-6543
-6664
-6640
-6441
-5989
-5415
-4849
-4147
-3264
-2837
-3012
-3567
-4122
-4822
-5591
-6503
-7325
-7988
-8472
-8429
-8044
-7542
-6935
-6186
-5348
-4446
-3954
-3800
-3851
-4153
-4558
-4812
-5041
-5301
-5505
-5502
-4869
-3971
-3036
-2149
-1227
-388
210
607
1173
1518
1641
1476
1370
1236
634
-357
-1441
-2482
-3412
-4240
-4343
-3414
-1826
10
2002
3621
4666
5243
5286
4542
2960
1034
-869
-2525
-3680
-4052
-3359
-1879
92
2063
3997
5417
6104
6319
5755
4734
3299
1350
-322
-1417
-1772
-1227
-37
1677
3584
5268
6549
7315
7484
7329
6936
6489
6380
6680
6978
7013
6959
6760
6409
5828
4996
3842
2701
1616
701
64
-204
19
633
1663
2782
3622
4248
4612
4624
4188
3391
2235
1032
-100
-1131
-1882
-2136
-1904
-1240
-541
105
733
1340
1553
1471
1091
336
-599
-1435
-2225
-3123
-3935
-4266
-4344
-4397
-4151
-3737
-3469
-3416
-3460
-3659
-3859
-3932
-4118
-4252
-4506
-4647
-4581
-4561
-4517
-4290
-3890
-3416
-3270
-3322
-3245
-3345
-3658
-3911
-4092
-4042
-4021
-3993
-3848
-3621
-3178
-2609
-2049
-1591
-1341
-1136
-986
-1058
-1433
-1826
-2174
-2366
-2652
-3063
-3275
-3254
-3002
-2736
-2405
-2052
-1911
-1822
-1748
-1624
-1619
-2019
-2806
-3903
-5146
-6357
-7704
-8873
-9727
-10347
-10559
-10161
-9362
-8510
-7605
-6503
-5490
-4844
-4634
-4826
-5331
-6078
-7107
-8211
-9164
-9763
-10063
-10307
-9963
-9272
-8333
-7454
-6707
-6043
-5642
-5418
-5634
-6127
-6620
-7268
-7885
-8133
-8369
-8421
-8190
-7691
-7000
-6198
-5467
-4864
-4305
-4052
-3846
-3522
-3248
-3077
-2989
-2754
-2541
-2348
-2164
-1683
-1238
-830
-585
-469
-316
-280
-277
-456
-756
-945
-1024
-1214
-1279
-1318
-1488
-1425
-1128
-949
-1041
-1189
-1341
-1392
-1587
-1952
-2342
-2578
-2738
-2803
-2767
-2725
-2581
-2510
-2374
-2111
-2041
-1979
-2049
-2496
-3322
-3884
-4344
-4353
-3904
-2950
-1600
-302
722
1165
1016
255
-949
-2505
-4013
-5532
-6807
-7689
-8020
-7693
-6868
-5745
-4350
-2969
-1945
-1385
-1375
-1907
-2758
-4029
-5534
-7114
-8264
-8881
-8930
-8374
-7471
-6384
-5109
-3951
-3065
-2492
-2339
-2720
-3320
-4161
-5182
-6181
-7115
-7875
-8263
-8235
-7668
-6683
-5804
-4714
-3749
-3208
-2858
-2857
-3286
-3913
-4545
-5327
-6060
-6526
-6769
-6770
-6576
-6229
-5702
-5078
-4484
-4072
-4084
-4334
-4606
-4974
-5381
-5736
-6021
-6223
-6342
-6460
-6311
-5899
-5497
-5289
-5274
-5277
-5317
-5413
-5575
-5897
-6153
-6360
-6387
-6543
-6536
-6096
-5688
-5369
-5198
-5019
-4818
-4789
-4762
-4809
-4855
-5067
-5612
-6302
-7232
-8344
-9125
-9667
-10328
-10847
-10883
-10446
-9686
-8709
-7867
-7066
-6299
-5684
-5319
-5402
-5736
-6437
-7303
-8178
-8881
-9437
-9583
-9122
-8414
-7691
-6828
-5840
-4932
-4155
-3651
-3425
-3455
-3810
-4282
-4697
-5206
-5579
-5779
-5665
-5377
-4826
-4128
-3432
-2761
-2066
-1425
-1094
-956
-839
-910
-876
-1075
-1224
-1170
-1046
-765
-357
61
365
660
816
979
1150
1152
1206
1349
1591
1580
1394
1375
1304
1258
1188
1148
1267
1208
979
786
613
346
47
-155
-257
-226
-90
81
120
189
220
218
409
480
534
680
598
-49
-772
-1190
-1293
-850
124
1591
3219
4436
5101
5139
4659
3768
2675
1268
-182
-1568
-2635
-3067
-2811
-2140
-1040
371
1644
2618
3248
3476
3204
2399
1140
-113
-1562
-2823
-3504
-3675
-3442
-2673
-1529
-531
545
1390
1875
1943
1649
1189
250
-963
-2087
-3046
-3763
-4096
-4087
-3580
-2778
-1809
-898
-233
251
379
166
-248
-938
-1685
-2409
-3229
-3760
-3889
-3903
-3833
-3433
-2821
-2217
-1846
-1637
-1486
-1500
-1645
-2123
-2518
-2735
-2947
-3265
-3450
-3288
-3202
-3068
-2848
-2574
-2284
-2050
-1893
-1943
-2181
-2489
-2767
-2964
-3098
-3217
-3183
-2973
-2788
-2536
-2415
-2348
-2172
-1938
-1787
-1792
-1900
-2069
-2445
-3211
-4033
-4986
-5902
-6813
-7443
-7756
-7975
-7743
-7123
-6422
-5664
-4817
-4050
-3475
-3129
-3198
-3659
-4348
-5101
-5884
-6531
-7148
-7533
-7493
-7174
-6519
-5693
-4665
-3742
-3232
-2846
-2581
-2567
-2761
-3087
-3460
-4046
-4541
-4981
-5192
-5066
-4617
-3974
-3233
-2466
-1738
-1302
-977
-797
-664
-639
-833
-1059
-1247
-1476
-1645
-1431
-1144
-853
-571
-73
342
613
924
997
1010
987
850
667
540
312
394
610
624
657
605
449
353
169
-84
-188
-386
-578
-775
-927
-981
-1011
-992
-989
-877
-732
-585
-548
-701
-836
-934
-1351
-2163
-2747
-3085
-2957
-2052
-816
759
2259
3170
3575
3330
2594
1413
-112
-1532
-2903
-4149
-5015
-5138
-4588
-3619
-2210
-768
405
1078
1400
1256
645
-267
-1658
-3144
-4520
-5657
-6025
-5924
-5493
-4780
-3717
-2620
-1628
-795
-527
-743
-1224
-1797
-2751
-3904
-5064
-5916
-6337
-6353
-5913
-5185
-4352
-3472
-2509
-1844
-1682
-1748
-2136
-2749
-3520
-4274
-4979
-5706
-6287
-6246
-5941
-5593
-5298
-4797
-4278
-3893
-3670
-3529
-3621
-3791
-4072
-4546
-4906
-5050
-5367
-5576
-5663
-5386
-4988
-4551
-4297
-3992
-3746
-3919
-4183
-4540
-4816
-5036
-5124
-5194
-5378
-5254
-4925
-4588
-4322
-4178
-4159
-4122
-3774
-3574
-3751
-3976
-4189
-4736
-5395
-6160
-6928
-7919
-8868
-9455
-9445
-9240
-8849
-8196
-7359
-6486
-5692
-4994
-4368
-4109
-4346
-4675
-5388
-6491
-7571
-8325
-8565
-8551
-8341
-7841
-7007
-5919
-4845
-4010
-3342
-2834
-2674
-2810
-3239
-3799
-4373
-5026
-5300
-5251
-5120
-4841
-4314
-3637
-2904
-2324
-1693
-1005
-628
-546
-774
-971
-1130
-1303
-1357
-1245
-1170
-896
-526
-314
131
688
966
1151
1325
1409
1279
1155
1243
1147
1005
925
967
1095
1094
1160
1127
1128
1300
1170
818
650
537
449
383
255
91
-27
155
321
522
611
558
497
531
474
65
-771
-1771
-2592
-3008
-2947
-2483
-1495
-205
1144
1897
2114
1944
1347
683
-143
-1069
-1907
-2493
-2589
-2278
-1622
-559
631
1606
2477
2651
2300
1724
790
-321
-1510
-2320
-2901
-3246
-3315
-2943
-2074
-910
185
1229
1991
2435
2383
1924
1254
319
-644
-1439
-2053
-2441
-2381
-2031
-1386
-540
328
1100
1729
2092
2126
1952
1396
460
-365
-914
-1515
-1964
-2074
-1970
-1683
-1136
-465
170
753
1013
926
695
237
-277
-864
-1323
-1710
-2167
-2473
-2595
-2451
-2276
-1947
-1633
-1400
-1365
-1499
-1679
-1929
-2132
-2384
-2646
-2793
-2840
-2981
-3017
-2730
-2440
-2160
-2189
-2239
-2206
-2114
-2064
-2203
-2432
-2732
-3262
-4036
-5130
-6208
-6897
-7316
-7431
-7342
-7022
-6462
-5936
-5264
-4239
-3339
-2891
-2526
-2543
-2999
-3667
-4394
-5065
-5799
-6296
-6432
-6291
-5726
-4852
-3816
-2854
-1982
-1123
-571
-461
-415
-569
-1049
-1579
-2105
-2455
-2693
-2638
-2278
-1694
-981
-308
388
814
1265
1637
1764
1730
1563
1386
1358
1215
1159
1212
1146
1385
1762
2158
2456
2865
3166
3418
3426
3249
3162
3094
2893
2704
2610
2549
2461
2469
2553
2500
2230
2161
2017
1846
1805
1746
1543
1335
1295
1307
1195
1118
1252
1435
1512
1428
1375
1475
1495
1299
1000
882
932
1333
2192
3400
4960
6345
7293
7708
7445
6453
4923
3056
967
-1038
-2716
-3924
-4187
-3677
-2412
-684
1368
3396
4966
5878
6158
5712
4780
3248
1299
-747
-2460
-3632
-4120
-4063
-3582
-2557
-1194
86
1281
2033
2349
2130
1454
413
-1075
-2482
-3533
-4536
-5192
-5333
-5020
-4373
-3396
-2369
-1383
-586
-172
-120
-357
-843
-1619
-2450
-3138
-3894
-4642
-4895
-4805
-4470
-4139
-3808
-3396
-3194
-3185
-3206
-3269
-3463
-3660
-3945
-4196
-4087
-3865
-3744
-3505
-3088
-2584
-1951
-1629
-1668
-1830
-2010
-2150
-2406
-2722
-2836
-2702
-2614
-2598
-2393
-1993
-1739
-1469
-1134
-770
-632
-770
-835
-1066
-1484
-1924
-2404
-2954
-3851
-5038
-5845
-6405
-6857
-6979
-6742
-6205
-5414
-4375
-3397
-2597
-2047
-1711
-1736
-2260
-3015
-3920
-4846
-5686
-6400
-6730
-6664
-6364
-5800
-5035
-4250
-3526
-2757
-2121
-1762
-1828
-2314
-2908
-3585
-4324
-4653
-5015
-5167
-5027
-4597
-4231
-3644
-2880
-1980
-1289
-955
-702
-606
-619
-797
-882
-850
-972
-959
-718
-647
-583
-365
-41
437
1006
1478
1689
1623
1527
1449
1481
1518
1456
1531
1632
1629
1465
1420
1539
1612
1590
1486
1278
1069
957
820
759
679
687
746
793
934
1040
1193
1312
1432
1520
1341
862
78
-781
-1239
-1366
-1093
-406
560
1582
2570
3186
2956
2207
1234
94
-990
-1989
-2879
-3421
-3375
-2793
-1974
-635
981
2209
2923
3208
2915
2116
1112
-349
-1878
-3282
-4341
-4939
-4857
-4310
-3318
-2100
-785
456
1319
1824
1894
1407
678
-347
-1398
-2214
-2924
-3337
-3237
-2909
-2258
-1382
-447
508
1254
1594
1502
1299
770
108
-472
-1138
-1579
-1999
-2286
-2287
-2108
-1509
-810
-287
61
348
366
48
-72
-204
-483
-850
-1321
-1584
-1627
-1710
-1632
-1452
-1190
-1069
-1116
-1068
-1036
-1122
-1447
-1755
-1979
-2374
-2572
-2591
-2591
-2453
-2345
-2120
-1808
-1745
-1801
-1760
-1713
-1836
-2041
-2252
-2769
-3408
-4318
-5283
-6311
-7164
-7597
-7846
-7802
-7403
-6690
-5654
-4709
-3819
-3110
-2738
-2693
-2911
-3379
-4005
-4855
-5625
-6115
-6440
-6519
-6174
-5491
-4664
-3964
-2858
-1765
-908
-553
-498
-540
-847
-1236
-1657
-2111
-2358
-2523
-2389
-1969
-1388
-685
40
869
1548
1901
2233
2432
2407
2272
2097
1978
1972
1992
2007
2220
2594
2914
3012
3254
3660
4039
4287
4305
4147
4042
3859
3599
3462
3408
3461
3519
3431
3549
3578
3423
3311
3217
2845
2567
2506
2515
2473
2273
2159
2122
2261
2431
2405
2534
2713
2603
2498
2317
2053
1603
884
403
394
779
1804
3223
4621
5772
6308
6287
5799
4875
3876
2620
1307
115
-867
-1314
-1102
-316
934
2347
3647
4595
5173
5300
4832
3802
2589
1498
165
-992
-1697
-1923
-1505
-663
433
1590
2592
3334
3679
3699
3293
2642
1817
895
-91
-1021
-1701
-2053
-1768
-1145
-350
601
1358
1970
2368
2445
2206
1718
966
270
-441
-1211
-1872
-2141
-2096
-1932
-1512
-1043
-560
-169
7
10
-150
-419
-923
-1234
-1532
-1909
-2102
-2083
-1958
-1815
-1581
-1335
-1043
-696
-512
-581
-744
-1065
-1354
-1500
-1688
-1909
-2050
-1893
-1692
-1527
-1379
-1218
-1018
-678
-534
-591
-732
-745
-886
-1178
-1644
-2339
-3298
-4379
-5280
-5828
-6104
-6129
-5704
-5020
-4440
-3806
-2957
-2153
-1507
-1281
-1519
-1866
-2397
-3034
-3657
-4365
-5132
-5617
-5491
-4821
-4027
-3211
-2315
-1417
-816
-411
-349
-478
-789
-1281
-1814
-2293
-2439
-2751
-3000
-2702
-2166
-1600
-938
-236
489
948
1177
1331
1389
1411
1207
1068
1004
843
917
1279
1457
1596
1945
2547
2869
2892
3143
3297
3336
3215
2996
2944
2985
2877
2846
2850
2765
2750
2875
2876
2708
2663
2537
2330
2234
2042
2084
2113
1998
1724
1582
1772
1898
2196
2428
2345
2253
2049
1761
1206
543
357
303
672
1608
2814
4181
5363
6087
6239
5881
5113
3920
2416
966
-247
-1155
-1648
-1520
-806
294
1471
2688
3839
4536
4716
4374
3556
2474
1117
-465
-1728
-2547
-2749
-2465
-1958
-1062
-41
942
1844
2449
2555
2335
1875
1038
-134
-1273
-2208
-2886
-3217
-3078
-2483
-1615
-714
163
767
1132
1361
1307
863
194
-533
-1289
-1883
-2363
-2706
-2725
-2651
-2262
-1848
-1409
-902
-545
-349
-407
-676
-990
-1341
-1624
-2017
-2207
-2360
-2455
-2321
-2029
-1568
-1175
-881
-712
-639
-646
-880
-1080
-1343
-1557
-1756
-1864
-1953
-1946
-1732
-1321
-958
-783
-924
-927
-816
-755
-668
-862
-1238
-1870
-2659
-3591
-4435
-5217
-5855
-6192
-6219
-5987
-5602
-4963
-4157
-3325
-2452
-1926
-1681
-1690
-2004
-2426
-3193
-3968
-4649
-5401
-5808
-5678
-5184
-4439
-3591
-2710
-1725
-946
-451
-350
-479
-693
-1052
-1442
-1773
-2101
-2387
-2517
-2416
-2061
-1321
-471
126
764
1287
1698
1999
2048
1974
1888
1831
1750
1661
1677
1801
2025
2338
2654
2899
3146
3437
3719
3768
3851
3825
3792
3821
3691
3561
3607
3679
3662
3642
3562
3562
3498
3376
3327
3159
2951
2733
2585
2518
2633
2691
2613
2615
2712
2814
2796
2682
2659
2531
2406
2126
1680
1187
838
1025
1831
2967
4227
5415
6535
6909
6639
5803
4650
3416
2034
771
-228
-897
-1073
-469
596
1656
2805
4027
4868
5151
4893
4244
3420
2241
908
-375
-1395
-1781
-1764
-1310
-583
317
1428
2464
3151
3536
3634
3107
2263
1132
36
-782
-1446
-1878
-1918
-1701
-942
-33
796
1607
2109
2434
2340
2011
1544
848
98
-484
-984
-1406
-1552
-1605
-1298
-731
-190
195
466
661
656
505
263
-136
-582
-866
-1173
-1238
-1110
-989
-849
-503
-167
-3
122
178
66
-32
-217
-274
-452
-794
-1064
-1161
-1014
-760
-477
-261
-58
43
150
144
122
256
107
-71
-661
-1393
-2161
-3152
-4099
-4883
-5234
-5331
-5202
-4934
-4481
-3778
-2741
-1849
-1078
-636
-524
-647
-1072
-1905
-2765
-3363
-3912
-4464
-4792
-4568
-3715
-2789
-1981
-1219
-499
20
377
548
418
53
-368
-807
-1357
-1710
-1803
-1812
-1467
-895
-244
256
733
1374
1805
1934
1755
1545
1497
1257
1120
1067
1122
1455
2006
2556
2795
2782
2716
2279
1576
1001
567
284
178
285
783
1650
2565
3365
3916
3991
3792
3194
2510
1777
812
142
-109
181
1017
1887
3016
4388
5663
6415
6674
6674
6334
5640
4745
3927
3399
2892
2435
2416
2770
3713
5270
6916
8606
9827
10243
10040
9184
7761
6155
4592
3016
1674
739
378
545
1475
2775
3782
4882
5784
6185
6006
5205
4155
2958
1713
345
-781
-1562
-1960
-1783
-1178
-161
812
1614
2253
2618
2682
2417
1780
943
-17
-910
-1814
-2557
-3075
-3145
-2741
-2139
-1533
-702
108
627
844
837
510
20
-471
-1179
-1835
-2439
-2673
-2509
-2085
-1679
-971
-342
99
729
1109
1155
1066
968
692
333
118
96
66
178
660
1051
1320
1658
1952
2073
2003
1918
1759
1473
1191
1073
970
857
701
663
865
1137
1257
1225
1219
1253
1207
1182
1156
954
708
257
-459
-1248
-2125
-2982
-3634
-4280
-4693
-4781
-4584
-4382
-3825
-2877
-2038
-1436
-967
-739
-906
-1449
-2000
-2774
-3829
-4688
-5135
-5195
-5034
-4704
-4269
-3532
-2690
-1840
-1216
-871
-653
-851
-1335
-1983
-2675
-3257
-3783
-4043
-4001
-3850
-3475
-2978
-2470
-1817
-1058
-565
-129
105
207
3
-418
-1032
-1648
-2240
-2543
-2380
-2023
-1493
-867
-157
432
847
1260
1261
1206
892
280
-388
-1094
-1553
-1746
-1750
-1406
-820
-237
347
709
806
808
394
-238
-1054
-1717
-2467
-3141
-3448
-3394
-2977
-2519
-2068
-1623
-1210
-1121
-1437
-2009
-2971
-4128
-5340
-6039
-6003
-5082
-3519
-1682
-207
859
1224
984
297
-1029
-2692
-4371
-6041
-7534
-8459
-8490
-7816
-6585
-4747
-2883
-1341
-313
117
-49
-797
-1981
-3431
-4840
-6090
-7034
-7408
-7101
-6307
-5250
-3915
-2546
-1340
-343
166
186
-103
-917
-1835
-2997
-4131
-4798
-5063
-4936
-4179
-3172
-2056
-948
-189
267
667
797
584
125
-635
-1269
-1928
-2448
-2764
-2840
-2742
-2331
-1686
-1074
-476
-99
223
412
244
-31
-543
-1042
-1354
-1644
-1906
-2019
-1665
-1198
-792
-326
132
172
-49
-57
10
-67
-548
-1024
-1333
-1381
-1196
-994
-752
-411
-133
12
268
437
711
1035
1173
969
602
137
-398
-1225
-2322
-3097
-3543
-3746
-3795
-3365
-2715
-2120
-1110
-27
882
1596
1993
2104
1988
1470
620
-146
-662
-1056
-1098
-942
-470
170
1084
2185
2949
3491
3937
4206
4280
4033
3558
2998
2435
1967
1664
1509
1547
1917
2337
2861
3446
3773
4076
4299
4405
4250
3877
3568
3425
3168
2874
2695
2757
2956
3020
3038
3302
3712
3755
3658
3721
3717
3657
3448
3216
3092
3076
3065
3029
3036
3148
3084
3094
2953
2868
2925
2804
2641
2392
2247
2129
2124
1926
1823
1883
2054
2330
2390
2392
2468
2447
2314
1981
1343
694
379
493
1170
2262
3710
5245
6286
6661
6536
5813
4792
3724
2439
1259
331
-211
-278
316
1450
2713
3879
4873
5678
6119
6011
5473
4311
3076
1981
925
69
-374
-464
-75
983
2215
3324
4180
4696
4841
4765
4534
3698
2767
1852
915
141
-241
-152
351
1010
1724
2411
3185
3901
4268
4104
3687
3265
2799
1926
1162
719
370
191
298
696
1153
1538
1955
2364
2515
2471
2335
2126
1708
1299
959
694
501
540
761
933
1192
1607
1958
1991
1957
2119
2206
2070
1689
1519
1428
1275
1345
1485
1578
1715
2041
2190
2264
2181
2401
2628
2705
2679
2516
2215
1535
432
-478
-1219
-1964
-2260
-2267
-2094
-1854
-1385
-700
146
930
1604
2253
2413
2049
1445
964
286
-430
-895
-1293
-1354
-1045
-462
359
1047
1930
2651
3050
3208
3095
2764
2322
1692
1008
455
-38
-318
-376
-281
214
937
1481
1834
2034
2135
2184
2043
1817
1375
1123
909
624
406
408
540
594
720
964
1283
1571
1628
1693
1715
1483
1239
1186
1125
872
499
654
825
828
964
981
724
544
392
260
-41
-334
-418
-456
-530
-693
-753
-609
-327
-147
-220
-310
-484
-480
-506
-826
-1366
-1887
-2262
-2233
-1650
-386
1206
2574
3492
4165
4190
3541
2557
1228
-309
-1908
-3204
-3853
-4115
-3876
-3122
-1875
-273
1240
2328
2789
2749
2267
1343
55
-1483
-2956
-4163
-4807
-4909
-4600
-3736
-2433
-1159
-127
560
1067
1226
980
314
-568
-1780
-3026
-3829
-4274
-4481
-4370
-3660
-2694
-1664
-778
-194
270
314
151
-90
-609
-1389
-2170
-2804
-3141
-3459
-3516
-3171
-2652
-2131
-1662
-1222
-774
-629
-730
-897
-1222
-1635
-2044
-2312
-2283
-2249
-2048
-1625
-1306
-1002
-548
-205
-187
-209
-265
-451
-760
-1027
-1072
-1061
-1031
-994
-707
-315
38
156
206
495
751
786
757
769
677
188
-414
-1256
-2114
-2813
-3379
-3947
-4378
-4347
-3900
-3341
-2619
-1782
-962
-33
666
936
814
308
-208
-893
-1744
-2484
-3063
-3259
-3036
-2420
-1517
-454
430
1218
1817
1957
1952
1820
1552
1043
299
-370
-872
-1050
-1184
-1147
-875
-317
448
1009
1253
1433
1575
1588
1479
1187
861
665
499
304
216
239
489
837
1152
1366
1526
1807
1932
1813
1592
1506
1408
1315
1378
1287
1185
1088
1137
1163
1224
1175
1134
1064
869
794
716
413
299
247
248
336
266
373
428
523
607
656
719
822
631
195
79
-69
117
647
