-5011
-4611
-4348
-4127
-3889
-3729
-3857
-4118
-4212
-4106
-4196
-4441
-4564
-4618
-4642
-4449
-4163
-3869
-3574
-3280
-3004
-2780
-2939
-3238
-3378
-3521
-4031
-4883
-5899
-6848
-7541
-8024
-8286
-8271
-8089
-7416
-6584
-5718
-4953
-4272
-3779
-3570
-3470
-3862
-4409
-5142
-5959
-6631
-7005
-7142
-7036
-6515
-5711
-4788
-3807
-2877
-2218
-1908
-1881
-2062
-2382
-2820
-3467
-4215
-4942
-5191
-5388
-5367
-4846
-4057
-3254
-2960
-2876
-2713
-2730
-3017
-3562
-4276
-5004
-5324
-5323
-4960
-4247
-3177
-2049
-1123
-768
-1343
-2660
-4402
-6314
-8253
-10189
-11566
-12067
-11702
-10557
-9065
-7297
-5872
-4866
-4375
-4560
-5397
-6869
-8690
-10671
-12289
-13128
-13206
-12346
-10622
-8400
-5847
-3204
-885
715
1363
1246
490
-547
-1987
-3529
-5165
-6594
-7094
-6440
-4790
-2314
514
3219
5382
6613
6804
6072
4576
2383
7
-2281
-4189
-5614
-6291
-5960
-4942
-3465
-1749
-387
382
528
138
-958
-2556
-4548
-6496
-8211
-9550
-10142
-9981
-9266
-8009
-6452
-5247
-4231
-3327
-2931
-3329
-4285
-5700
-7210
-8687
-10192
-11440
-11951
-11801
-11328
-10468
-9104
-7539
-6306
-5455
-4877
-4899
-5388
-6291
-7376
-8481
-9694
-10802
-11652
-11939
-11535
-10787
-9678
-8464
-7156
-5798
-4764
-4119
-3789
-3659
-3620
-3788
-3798
-3732
-3841
-3784
-3467
-2968
-2391
-1722
-1154
-864
-887
-787
-570
-643
-973
-1336
-1535
-1637
-1622
-1665
-1699
-1768
-1879
-1836
-1808
-2110
-2478
-2793
-2869
-2901
-3139
-3485
-3817
-4410
-5084
-5626
-6368
-6698
-6722
-6799
-6497
-5903
-5471
-5014
-4328
-3555
-3150
-2978
-3163
-3794
-4682
-5604
-6575
-7277
-7894
-8319
-8337
-8029
-7342
-6608
-5786
-4995
-4453
-4147
-3928
-4004
-4294
-4590
-4862
-5178
-5400
-5495
-5327
-4805
-4083
-3325
-2587
-1733
-833
-166
557
1169
1537
1780
1667
1422
1210
553
-293
-1285
-2503
-3837
-4624
-4566
-3678
-2029
38
1806
3320
4563
5248
5003
4255
2761
792
-1128
-2742
-3898
-4269
-3695
-2401
-545
1533
3594
5177
6063
6269
5514
4286
2635
1041
-342
-1545
-2105
-1799
-863
872
3010
4922
6320
6785
6778
6581
6210
5987
5881
5957
6100
6291
6529
6531
6330
5773
5045
4044
3008
1838
742
-22
-468
-306
328
1127
2170
3229
4061
4543
4536
4082
3227
2039
829
-285
-1276
-2020
-2368
-2282
-1788
-1173
-393
396
1010
1424
1515
1184
546
-364
-1254
-2184
-3069
-3741
-4153
-4213
-4163
-4061
-3799
-3432
-3144
-3115
-3286
-3617
-3694
-3799
-4028
-4405
-4678
-4681
-4624
-4440
-4066
-3760
-3510
-3442
-3392
-3171
-3152
-3431
-3642
-3890
-3956
-4104
-4189
-3843
-3519
-3009
-2488
-2010
-1550
-1225
-962
-794
-825
-1200
-1555
-1936
-2419
-2679
-2989
-3244
-3214
-3046
-2906
-2704
-2305
-2096
-1783
-1585
-1592
-1627
-1967
-2700
-3724
-5011
-6401
-7627
-8719
-9557
-10135
-10363
-10038
-9436
-8483
-7490
-6337
-5322
-4771
-4736
-4881
-5165
-5867
-6812
-7737
-8486
-9292
-9798
-9626
-9100
-8633
-8046
-7263
-6338
-5737
-5581
-5364
-5404
-5825
-6416
-7001
-7334
-7574
-7930
-8121
-7770
-7126
-6631
-6120
-5307
-4626
-3980
-3457
-3076
-2772
-2747
-2735
-2771
-2779
-2579
-2121
-1678
-1388
-1150
-784
-405
-28
216
230
89
-157
-438
-735
-956
-1021
-1148
-1082
-865
-741
-882
-1109
-1161
-1091
-1291
-1511
-1746
-2011
-2183
-2518
-2772
-2804
-2718
-2589
-2545
-2430
-2276
-2031
-1801
-1753
-1855
-2160
-2719
-3511
-4042
-4100
-3699
-2732
-1376
-132
785
1362
1284
566
-610
-1989
-3469
-5065
-6516
-7404
-7716
-7506
-6572
-5368
-3953
-2632
-1751
-1246
-1147
-1464
-2365
-3783
-5237
-6792
-8118
-8931
-8935
-8234
-7201
-5862
-4599
-3580
-2780
-2169
-2043
-2479
-3158
-3931
-4942
-6087
-7287
-7876
-7912
-7728
-7213
-6453
-5409
-4297
-3503
-3003
-2770
-2909
-3211
-3780
-4390
-5120
-5769
-6361
-6846
-6825
-6609
-6304
-5779
-5253
-4728
-4422
-4197
-4208
-4467
-4942
-5393
-5631
-5727
-5932
-6161
-6273
-6166
-5886
-5614
-5353
-5092
-4980
-5024
-5355
-5747
-5992
-6188
-6418
-6710
-6642
-6332
-5996
-5811
-5524
-5269
-5185
-5151
-5056
-4876
-4709
-4653
-5053
-5532
-6192
-7129
-8120
-9034
-9782
-10353
-10632
-10698
-10177
-9606
-8831
-7753
-6806
-5965
-5417
-5260
-5337
-5760
-6465
-7078
-7746
-8423
-9113
-9277
-9166
-8692
-7761
-6671
-5495
-4412
-3787
-3445
-3205
-3323
-3602
-3947
-4403
-5097
-5828
-5932
-5759
-5592
-5119
-4413
-3671
-2921
-2298
-1670
-1209
-1098
-907
-881
-941
-990
-1164
-1282
-1275
-1135
-874
-378
113
467
717
907
1145
1310
1406
1317
1208
1222
1151
1141
1032
1027
1157
1079
888
633
532
445
342
131
-118
-98
-141
-234
-308
-388
-300
-41
164
218
247
391
530
563
261
-344
-961
-1496
-1604
-1072
-71
1275
2759
4139
5084
5375
5040
4117
2744
1347
-139
-1317
-2291
-3008
-3042
-2311
-1096
202
1354
2392
3150
3318
2867
2086
1034
-142
-1469
-2749
-3493
-3757
-3551
-2797
-1862
-824
312
1289
1705
1847
1604
943
7
-979
-1821
-2763
-3563
-3953
-3992
-3532
-2782
-1912
-1138
-548
-86
264
379
-96
-925
-1701
-2264
-2977
-3528
-3852
-3936
-3902
-3603
-2965
-2348
-1868
-1390
-1194
-1309
-1553
-1839
-2199
-2602
-3071
-3408
-3411
-3179
-3032
-2823
-2519
-2183
-1992
-1993
-2004
-1996
-2242
-2492
-2607
-2586
-2794
-2948
-2999
-2952
-2886
-2714
-2559
-2293
-1910
-1709
-1648
-1731
-1952
-2091
-2403
-3028
-3989
-4816
-5536
-6417
-7116
-7635
-7739
-7600
-7183
-6368
-5476
-4475
-3839
-3487
-3142
-2996
-3181
-3876
-4683
-5324
-6076
-6806
-7252
-7250
-6841
-6296
-5506
-4490
-3326
-2511
-2179
-1950
-1936
-2246
-2603
-3245
-3943
-4387
-4656
-4648
-4340
-3785
-3111
-2496
-1838
-1398
-1058
-525
-179
-189
-240
-380
-642
-740
-760
-765
-609
-442
-159
342
870
1194
1431
1629
1771
1750
1727
1752
1783
1629
1526
1473
1360
1274
1278
1320
1534
1444
1122
959
921
780
581
306
124
94
123
252
522
616
508
444
426
412
245
105
-274
-940
-1475
-1630
-1367
-663
488
2012
3406
4301
4705
4476
3679
2565
1163
-253
-1533
-2758
-3612
-3648
-3250
-2447
-1211
206
1480
2190
2471
2409
1646
482
-765
-2143
-3421
-4598
-5161
-5098
-4527
-3653
-2612
-1585
-687
110
428
377
93
-645
-1713
-2774
-3936
-4875
-5394
-5377
-4944
-4332
-3511
-2684
-1720
-1021
-795
-661
-1001
-1510
-2209
-3127
-3984
-4841
-5342
-5524
-5418
-4940
-4408
-3826
-3318
-3066
-2972
-2989
-3209
-3469
-3781
-4313
-4477
-4463
-4624
-4901
-4746
-4389
-4232
-3923
-3639
-3338
-3121
-3116
-3315
-3629
-3928
-4363
-4586
-4568
-4458
-4424
-4307
-4089
-3843
-3674
-3602
-3484
-3213
-3056
-3178
-3372
-3644
-4214
-5048
-6136
-7211
-7837
-8458
-8924
-9251
-9218
-8816
-8223
-7365
-6361
-5538
-4898
-4537
-4212
-4328
-4832
-5588
-6557
-7318
-8022
-8640
-8764
-8318
-7492
-6559
-5693
-4877
-3939
-3222
-3046
-3168
-3177
-3434
-3856
-4410
-4978
-5431
-5508
-5434
-5219
-4720
-3917
-2961
-2107
-1575
-1107
-789
-716
-670
-560
-749
-1097
-1214
-1138
-1085
-833
-442
-91
250
649
905
1113
1104
1075
1189
1308
1262
1067
957
1027
1165
1064
924
814
816
902
969
742
535
444
314
194
-5
-148
-246
-96
240
347
248
132
185
299
183
-69
-523
-1232
-2225
-3174
-3701
-3665
-3119
-2037
-816
225
954
1304
1018
401
-331
-1209
-1978
-2606
-2928
-2825
-2427
-1771
-895
79
943
1419
1558
1420
776
-80
-1199
-2311
-3208
-3821
-4109
-3801
-3084
-1966
-989
48
1016
1540
1802
1828
1610
1011
137
-864
-1908
-2456
-2610
-2572
-2156
-1468
-546
281
1047
1659
1912
1733
1471
1050
358
-275
-879
-1472
-1830
-1975
-1917
-1550
-1015
-511
-138
332
644
724
694
340
-329
-1050
-1593
-2076
-2402
-2628
-2792
-2884
-2685
-2519
-2406
-2238
-2163
-2152
-2342
-2616
-2742
-2848
-2964
-3245
-3425
-3447
-3421
-3276
-3342
-3191
-3046
-3045
-2860
-2701
-2553
-2541
-2822
-3274
-3937
-4711
-5389
-6221
-7001
-7725
-8177
-8174
-7905
-7382
-6659
-5819
-4765
-3755
-3205
-2903
-3024
-3466
-4021
-4671
-5539
-6275
-6578
-6721
-6395
-5807
-4980
-4064
-3096
-2277
-1648
-1120
-837
-711
-807
-1201
-1800
-2440
-2831
-2858
-2574
-2258
-1733
-1067
-522
78
641
1115
1537
1646
1646
1642
1550
1378
1280
1221
1057
1193
1456
1931
2241
2437
2600
2802
3080
3183
3084
3081
2974
2740
2459
2454
2488
2470
2332
2225
2201
2181
2206
2131
1836
1572
1307
1259
1269
1085
1047
868
856
982
1054
1037
936
887
1050
1198
1210
1169
992
1132
1762
2832
4256
5847
7351
8193
8470
8058
6883
5286
3295
1016
-1104
-2911
-4066
-4320
-3874
-2741
-978
1244
3366
4978
6063
6499
6031
4854
3305
1477
-588
-2515
-3844
-4393
-4447
-3705
-2547
-1236
152
1384
2360
2804
2647
1926
845
-498
-1994
-3340
-4471
-5243
-5269
-4814
-4040
-3019
-2117
-1292
-490
-70
-21
-216
-561
-1039
-1983
-2992
-3920
-4476
-4683
-4654
-4548
-4278
-3892
-3528
-3292
-3236
-3274
-3167
-3189
-3318
-3506
-3710
-3659
-3505
-3294
-2910
-2409
-1979
-1638
-1393
-1127
-1164
-1373
-1519
-1693
-1939
-2068
-2230
-2218
-1947
-1548
-1193
-988
-621
-275
-184
-42
132
34
-182
-493
-1047
-1855
-2718
-3678
-4611
-5347
-5909
-6265
-6212
-5775
-5099
-4480
-3726
-2783
-1809
-1112
-935
-1214
-1576
-2299
-3185
-4132
-4960
-5562
-5857
-6027
-5875
-5416
-4621
-3865
-3227
-2598
-2047
-1733
-1628
-2029
-2675
-3257
-3764
-4203
-4770
-5082
-4832
-4296
-3765
-3172
-2527
-1860
-1334
-1013
-808
-577
-488
-531
-610
-737
-734
-783
-637
-377
-196
56
240
774
1276
1562
1874
2165
2127
1968
1888
1936
2021
1959
1947
1852
1839
1851
1868
1872
1916
2010
1929
1572
1274
1203
1193
1060
892
865
955
1079
1196
1341
1378
1443
1490
1325
1005
380
-363
-1133
-1539
-1282
-555
354
1388
2382
3028
3003
2425
1298
84
-1086
-2230
-3160
-3610
-3354
-2562
-1428
-201
1122
2354
3266
3475
2995
2179
1081
-333
-1894
-3220
-4167
-4722
-4861
-4274
-3220
-1916
-571
535
1483
1961
1945
1489
809
-92
-1123
-2057
-2818
-3314
-3383
-2849
-2240
-1203
-89
701
1218
1493
1783
1768
1313
626
-27
-816
-1572
-1995
-1979
-1818
-1653
-1262
-711
-185
168
481
672
677
467
273
-41
-479
-863
-1169
-1350
-1342
-1379
-1402
-1090
-851
-801
-992
-1209
-1354
-1421
-1724
-2102
-2400
-2589
-2698
-2632
-2361
-2258
-2269
-2138
-2057
-1967
-2045
-2087
-2132
-2380
-2580
-2948
-3454
-4462
-5597
-6571
-7344
-7702
-7741
-7697
-7373
-7004
-6383
-5395
-4195
-3353
-3065
-2959
-3035
-3495
-4173
-4933
-5723
-6235
-6370
-6517
-6484
-5904
-4801
-3625
-2613
-1902
-1142
-635
-486
-587
-1023
-1467
-1939
-2328
-2767
-2828
-2391
-2006
-1572
-875
42
774
1305
1758
2182
2512
2573
2299
2130
1979
1820
1795
1922
2081
2293
2562
2926
3332
3689
3761
3887
4009
3905
3844
3691
3593
3567
3440
3348
3197
3023
2985
2935
2805
2859
2909
2686
2445
2207
2053
1876
1812
1820
1857
1853
1755
1876
1987
2024
1944
1845
1868
1592
1022
299
-244
-299
362
1429
2716
4040
5252
6101
6277
5640
4689
3540
2176
850
-304
-1137
-1431
-1153
-370
930
2258
3313
4175
4598
4640
4161
3461
2462
1171
-213
-1399
-2040
-2143
-1838
-990
49
1140
2193
2968
3514
3457
3069
2443
1564
584
-477
-1429
-1924
-1960
-1692
-1118
-577
4
880
1772
2262
2314
2066
1524
623
-235
-956
-1510
-2027
-2225
-2186
-2222
-1969
-1443
-909
-486
-315
-199
-243
-412
-826
-1436
-1961
-2422
-2501
-2397
-2356
-2213
-1850
-1635
-1326
-1065
-983
-1087
-1054
-1190
-1473
-1531
-1711
-1811
-1933
-2171
-2186
-2016
-1594
-1272
-1206
-1094
-770
-529
-628
-800
-890
-1251
-1749
-2616
-3528
-4306
-5180
-5878
-6032
-6028
-5808
-5280
-4642
-3890
-2856
-1984
-1411
-1154
-1387
-1777
-2447
-3308
-4059
-4680
-5125
-5297
-5086
-4469
-3752
-3059
-2263
-1435
-816
-307
-68
-112
-509
-1215
-1862
-2257
-2550
-2741
-2677
-2426
-2066
-1513
-825
-40
610
1038
1362
1520
1360
1052
1045
990
885
1038
1162
1306
1547
1742
2090
2427
2708
3040
3192
3165
2996
2868
2892
2896
2893
2900
2713
2639
2711
2712
2850
2920
2879
2789
2648
2457
2155
1909
1846
1733
1580
1601
1789
1996
2161
2242
2188
2179
2157
2208
1941
1270
628
210
235
619
1456
2768
4278
5605
6364
6525
6090
5263
4154
2850
1364
31
-790
-1319
-1401
-896
92
1433
2787
3773
4343
4629
4157
3415
2442
1119
-315
-1564
-2256
-2515
-2331
-1710
-809
269
1374
2184
2679
2942
2850
2191
1179
160
-828
-1805
-2466
-2684
-2773
-2446
-1759
-756
302
1004
1311
1532
1405
857
272
-338
-1042
-1749
-2345
-2664
-2577
-2444
-2153
-1723
-1235
-718
-310
-197
-259
-288
-490
-1005
-1536
-1894
-2064
-2048
-1970
-1928
-1809
-1489
-879
-487
-406
-352
-328
-571
-907
-1205
-1377
-1560
-1754
-1860
-1708
-1508
-1296
-1045
-823
-839
-754
-664
-582
-513
-505
-785
-1426
-2240
-3214
-4138
-5159
-6014
-6430
-6461
-6203
-5784
-5121
-4250
-3404
-2716
-2155
-1801
-1702
-1813
-2118
-2784
-3645
-4445
-5083
-5423
-5559
-5173
-4369
-3497
-2607
-1924
-1258
-498
-109
-236
-620
-945
-1250
-1878
-2413
-2657
-2699
-2531
-2120
-1638
-965
-220
506
1208
1676
1801
1992
2103
2000
1822
1719
1688
1651
1506
1595
1867
2359
2823
3133
3546
3671
3786
3773
3719
3680
3465
3269
3155
3107
3103
3084
3109
3171
3207
3214
3060
2949
2808
2629
2307
2102
2062
1979
2027
2107
2049
2051
2297
2373
2389
2357
2268
2018
1777
1271
656
241
455
1207
2577
3954
5162
6111
6410
6306
5776
4655
3206
1803
408
-657
-1320
-1519
-1014
-5
1222
2407
3577
4338
4609
4265
3686
2714
1386
126
-1085
-1993
-2444
-2511
-2114
-1128
125
1238
2138
2669
3055
3136
2772
1919
946
29
-1017
-1949
-2390
-2221
-1693
-1099
-333
439
1180
1737
1952
2081
1777
1137
391
-287
-1009
-1628
-2034
-2159
-2023
-1690
-1234
-575
-165
204
337
312
211
-110
-538
-1007
-1195
-1415
-1575
-1648
-1537
-943
-465
-156
-109
37
334
217
-24
-235
-508
-726
-738
-717
-733
-712
-670
-507
-211
-95
-117
60
264
291
356
338
-74
-747
-1542
-2376
-3294
-4148
-4806
-5425
-5720
-5575
-5106
-4453
-3787
-2877
-1855
-1278
-871
-635
-739
-1238
-2030
-2805
-3527
-4209
-4599
-4629
-4268
-3495
-2714
-1889
-943
-149
381
661
473
219
29
-222
-730
-1305
-1544
-1666
-1366
-995
-528
68
726
1254
1607
1870
2024
2190
2152
1756
1435
1372
1495
1517
1764
2359
2846
3105
3221
3177
2767
2256
1541
1024
616
495
855
1404
2164
3016
3945
4475
4612
4487
4038
3215
2158
1155
495
291
537
1159
2227
3560
4805
5844
6579
6808
6850
6671
6073
5301
4443
3845
3237
2737
2663
3303
4383
5738
7360
8858
10035
10619
10649
9992
8659
6993
5144
3556
2325
1526
1230
1269
1914
3000
4285
5449
6166
6526
6503
5943
4836
3613
2129
793
-167
-967
-1398
-1394
-714
381
1442
2316
2875
3238
3269
2909
2455
1934
1184
148
-1079
-1900
-2408
-2527
-2192
-1631
-1002
-220
685
1357
1390
1217
1035
490
-368
-1048
-1362
-1667
-2056
-2125
-1823
-1289
-593
-12
503
1024
1407
1635
1543
1224
888
789
727
709
893
1000
1126
1183
1465
2053
2411
2631
2698
2637
2387
2011
1771
1546
1308
1079
1071
1208
1223
1304
1607
1700
1618
1591
1641
1668
1527
1193
891
690
1
-703
-1566
-2532
-3347
-3893
-4324
-4507
-4482
-4278
-3526
-2674
-1880
-1158
-771
-500
-716
-1328
-2046
-2781
-3497
-4071
-4559
-4955
-5049
-4717
-4165
-3396
-2363
-1522
-920
-617
-640
-933
-1424
-2048
-2513
-3036
-3557
-3825
-3921
-3967
-3674
-3100
-2391
-1627
-1014
-517
-78
171
192
-78
-450
-927
-1487
-1951
-2261
-2312
-1999
-1434
-851
-36
826
1264
1501
1646
1341
675
158
-231
-595
-893
-1090
-1105
-981
-534
50
499
800
935
935
569
-11
-680
-1450
-2220
-2757
-3117
-3245
-2941
-2301
-1698
-1294
-1170
-1238
-1405
-1841
-2805
-3991
-5087
-5738
-5656
-4910
-3664
-2036
-438
837
1405
1260
556
-561
-2159
-3989
-5715
-7275
-8246
-8350
-7695
-6364
-4836
-3108
-1378
-289
240
136
-713
-1859
-3256
-4743
-6172
-7182
-7393
-7166
-6380
-5227
-3663
-2296
-1118
-164
269
109
-409
-1177
-2157
-3112
-3921
-4509
-4810
-4746
-4147
-3323
-2236
-1163
-257
324
733
824
574
146
-455
-1107
-1818
-2418
-2781
-2826
-2489
-2108
-1583
-1018
-622
-167
186
296
294
-126
-559
-883
-1315
-1668
-1753
-1690
-1296
-887
-536
-285
-92
76
249
163
96
-115
-520
-878
-880
-867
-848
-832
-559
-278
-6
99
190
480
792
1166
1183
933
526
2
-630
-1390
-2209
-2782
-3271
-3755
-3864
-3504
-2843
-2069
-1196
-285
526
1218
1617
1797
1790
1448
723
111
-345
-799
-1107
-1018
-485
248
1064
2038
3036
3903
4406
4483
4296
3857
3352
2908
2456
1984
1529
1460
1644
1904
2308
2943
3581
4059
4406
4490
4314
4187
4154
3838
3379
3227
3218
3048
3004
3113
3300
3497
3773
4052
4327
4437
4280
4091
3978
3780
3640
3527
3286
3229
3170
3101
3096
3273
3403
3335
3161
2881
2588
2344
2163
2014
1892
1875
2032
2268
2368
2359
2434
2440
2465
2404
2462
2402
2029
1687
1277
800
1012
1830
3088
4651
5994
6767
7229
7235
6578
5604
4425
3064
1850
890
162
-112
421
1583
2866
4208
5422
6158
6464
6281
5620
4872
3913
2680
1557
548
-87
-14
497
1283
2367
3530
4399
4961
5222
5093
4752
4111
3059
2056
1247
424
39
71
371
1006
1794
2771
3572
4018
4380
4533
4170
3550
2813
2112
1508
1059
584
348
478
697
1043
1503
1852
2210
2609
2808
2788
2409
1908
1527
1164
961
1055
1254
1363
1561
1869
2172
2362
2486
2760
2777
2680
2576
2388
2058
1792
1660
1776
1949
2141
2360
2627
2908
3026
3117
3301
3272
3293
3292
3045
2581
1884
976
293
-395
-1161
-1564
-1703
-1573
-1304
-774
-24
575
1365
2199
2579
2742
2654
2248
1569
631
-69
-457
-953
-1054
-768
-344
423
1350
2203
2877
3246
3334
3172
2911
2587
2037
1332
728
297
25
-104
-123
93
699
1480
1863
2050
2246
2389
2306
1951
1622
1312
986
796
660
542
605
865
1100
1258
1471
1687
1722
1777
1752
1750
1581
1371
1171
919
829
910
885
851
799
582
526
617
663
443
92
-74
-297
-470
-474
-381
-370
-483
-421
-308
-140
-172
-314
-376
-459
-836
-1490
-2051
-2295
-2344
-1822
-596
850
2266
3405
4135
4246
3794
2751
1330
-93
-1488
-2643
-3605
-3963
-3746
-2931
-1734
-299
1164
2309
2691
2399
1843
1019
-261
-1683
-2979
-4022
-4683
-4890
-4519
-3563
-2347
-1188
-96
675
1122
1161
779
129
-674
-1611
-2614
-3293
-3888
-4146
-3988
-3516
-2606
-1545
-711
69
710
853
587
92
-570
-1218
-1988
-2645
-2949
-3178
-3174
-2827
-2452
-1922
-1364
-858
-600
-599
-745
-757
-889
-1340
-1806
-1979
-2072
-2072
-1884
-1631
-1378
-961
-552
-203
-69
-98
-299
-592
-757
-867
-907
-1171
-1264
-1107
-799
-521
-478
-296
-78
167
400
666
788
685
417
-57
-761
-1510
-2201
-3016
-3833
-4388
-4596
-4607
-4172
-3581
-2869
-1833
-1035
-399
114
417
556
338
-310
-1170
-1791
-2239
-2740
-2971
-2713
-2155
-1533
-875
89
1111
1828
2079
2193
1931
1517
952
246
-358
-808
-1144
-1223
-1028
-696
-302
286
886
1395
1706
1670
1571
1493
1325
1071
757
541
321
221
335
528
694
976
1311
1607
1773
1880
1835
1727
1712
1550
1292
1061
1118
1249
1187
1069
1058
1098
1139
976
787
815
535
300
212
119
-87
-249
-63
71
237
421
625
662
483
279
353
487
368
69
47
465
1153
