-4721
-4273
-3793
-3483
-3325
-3325
-3547
-3698
-3728
-3822
-4077
-4183
-4205
-4312
-4260
-3849
-3522
-3544
-3477
-3294
-2953
-2694
-2659
-2805
-3060
-3489
-4072
-4890
-5776
-6617
-7514
-8077
-8238
-8238
-7911
-7367
-6622
-5566
-4465
-3531
-2982
-2868
-2948
-3207
-3848
-4705
-5495
-6255
-6761
-7005
-6779
-6220
-5402
-4326
-3241
-2434
-1772
-1233
-1145
-1391
-1840
-2439
-3221
-4008
-4625
-4995
-5144
-5019
-4600
-4019
-3367
-2629
-2115
-1989
-2156
-2535
-3175
-4092
-4782
-5110
-5208
-5010
-4176
-3114
-1826
-858
-877
-1561
-2630
-3998
-5898
-7944
-9681
-11044
-11634
-11467
-10437
-8842
-7205
-5813
-4738
-4066
-4320
-5237
-6758
-8743
-10715
-12171
-12976
-12899
-12150
-10576
-8048
-5397
-2938
-832
694
1417
1437
732
-481
-1941
-3579
-5104
-6287
-6733
-6158
-4463
-2048
659
3313
5368
6694
6887
6168
4748
2745
598
-1711
-3839
-5299
-5858
-5649
-4606
-3137
-1522
-237
682
967
494
-490
-1832
-3524
-5404
-7449
-9064
-9921
-10165
-9653
-8491
-6909
-5432
-4214
-3432
-3125
-3368
-4222
-5508
-7037
-8654
-10082
-11249
-11979
-12020
-11446
-10289
-8819
-7351
-6094
-5174
-4652
-4555
-5051
-5887
-6984
-8330
-9638
-10716
-11477
-11663
-11501
-10953
-9760
-8338
-6956
-5761
-4659
-3961
-3621
-3530
-3471
-3419
-3488
-3472
-3350
-3129
-2874
-2719
-2322
-1645
-993
-482
-381
-436
-516
-585
-708
-945
-1217
-1430
-1548
-1557
-1651
-1700
-1683
-1703
-1749
-1888
-1972
-2110
-2498
-2844
-3025
-3217
-3724
-4398
-5028
-5702
-6173
-6523
-6839
-6956
-6731
-6270
-5599
-4993
-4304
-3597
-3217
-3099
-3383
-3881
-4528
-5329
-6286
-7370
-8180
-8565
-8553
-8091
-7522
-6959
-6206
-5277
-4422
-3855
-3756
-3804
-3958
-4463
-4961
-5222
-5248
-5152
-5011
-4653
-4007
-3326
-2342
-1196
-303
326
854
1497
1855
1957
1973
1902
1587
835
-207
-1236
-2238
-3231
-4122
-4186
-3167
-1508
340
2175
3712
4804
5393
5263
4460
2904
1069
-747
-2486
-3630
-4019
-3566
-2049
-72
1835
3688
5178
5976
6149
5524
4527
2937
1115
-331
-1379
-1776
-1482
-405
1285
3307
5289
6453
6961
6955
6716
6425
6145
6027
6272
6649
6894
7065
6997
6658
6048
5291
4400
3360
2208
985
162
-306
-283
278
1306
2405
3446
4212
4608
4751
4425
3516
2309
906
-499
-1575
-2204
-2468
-2411
-1911
-1160
-274
523
1174
1749
1912
1676
935
-88
-1193
-2187
-2961
-3566
-3928
-4181
-4261
-4086
-3775
-3473
-3093
-2853
-2963
-3097
-3381
-3804
-4051
-4225
-4280
-4329
-4295
-4259
-4105
-3765
-3399
-3012
-2829
-2953
-3090
-3184
-3400
-3674
-3976
-4006
-3935
-3762
-3348
-2863
-2397
-1934
-1450
-1067
-704
-507
-670
-1112
-1454
-1772
-2299
-2854
-3188
-3385
-3367
-3174
-2844
-2437
-2158
-2052
-1788
-1623
-1450
-1598
-2124
-2789
-3754
-5206
-6752
-8084
-9020
-9798
-10480
-10647
-10256
-9398
-8443
-7373
-6322
-5314
-4665
-4453
-4520
-5029
-5999
-6928
-7980
-8974
-9598
-9927
-9892
-9543
-8964
-8346
-7432
-6509
-5878
-5456
-5367
-5593
-6045
-6448
-6940
-7407
-7876
-8203
-8236
-7993
-7593
-6966
-6162
-5354
-4809
-4434
-3998
-3494
-3105
-2956
-2832
-2768
-2778
-2550
-2105
-1665
-1239
-980
-820
-653
-480
-378
-289
-317
-587
-710
-759
-1103
-1458
-1528
-1582
-1724
-1657
-1557
-1562
-1561
-1533
-1556
-1866
-2219
-2529
-2789
-2820
-2958
-3236
-3512
-3546
-3271
-2922
-2865
-2889
-2772
-2473
-2299
-2466
-3130
-3938
-4600
-4734
-4185
-3117
-1760
-373
656
982
763
14
-1008
-2259
-3792
-5379
-6786
-7858
-8394
-8244
-7327
-5878
-4253
-2797
-1884
-1454
-1370
-1835
-2926
-4226
-5688
-7189
-8495
-9333
-9438
-8953
-8024
-6833
-5507
-4214
-3249
-2680
-2498
-2661
-3088
-3923
-5101
-6401
-7591
-8364
-8631
-8449
-7965
-7224
-6093
-4918
-3930
-3342
-3143
-3147
-3217
-3568
-4393
-5217
-5974
-6632
-7018
-7136
-6963
-6507
-5752
-5156
-4771
-4555
-4413
-4518
-4686
-4924
-5287
-5841
-6291
-6475
-6512
-6433
-6339
-6302
-5920
-5551
-5387
-5278
-5489
-5761
-5741
-6065
-6536
-6727
-6808
-6607
-6503
-6360
-5990
-5706
-5550
-5344
-5077
-4930
-4755
-4678
-4788
-4999
-5642
-6463
-7212
-8130
-9050
-10141
-10999
-11152
-10882
-10567
-10057
-9162
-8108
-7016
-5966
-5294
-5129
-5327
-5798
-6349
-7199
-8098
-8790
-9313
-9519
-9054
-8303
-7507
-6536
-5460
-4376
-3633
-3211
-2951
-2959
-3288
-3711
-4347
-4947
-5466
-5633
-5664
-5464
-4881
-4101
-3357
-2761
-2150
-1377
-908
-677
-665
-709
-632
-577
-627
-698
-659
-459
-188
143
416
648
1018
1447
1738
1835
1860
1859
1818
1711
1612
1437
1499
1624
1572
1409
1346
1279
1157
1012
788
429
155
32
-39
-68
-55
68
121
311
525
531
586
661
740
783
595
133
-451
-1038
-1221
-715
235
1588
3080
4444
5287
5585
5345
4466
3334
2086
682
-726
-1756
-2387
-2563
-1987
-836
577
1841
2863
3452
3729
3417
2555
1418
202
-1109
-2342
-3315
-3792
-3555
-2869
-1904
-777
343
1485
2111
2244
2155
1746
862
10
-994
-2211
-3173
-3739
-3826
-3503
-2773
-1776
-909
-210
280
419
355
238
-217
-1063
-1892
-2654
-3233
-3587
-3743
-3760
-3584
-3101
-2542
-2037
-1555
-1244
-1232
-1368
-1603
-1826
-2210
-2660
-2995
-3278
-3156
-2908
-2795
-2581
-2208
-1828
-1463
-1515
-1628
-1828
-2065
-2415
-2598
-2567
-2711
-2626
-2612
-2396
-2032
-1967
-1915
-1795
-1618
-1648
-1807
-1798
-1875
-2248
-2916
-3703
-4531
-5473
-6447
-7327
-7732
-7749
-7630
-7254
-6472
-5479
-4596
-3759
-3226
-2874
-2752
-3124
-3774
-4715
-5707
-6472
-7121
-7578
-7465
-7091
-6434
-5624
-4510
-3516
-2706
-2158
-1796
-1866
-2366
-2870
-3258
-3646
-4260
-4836
-4939
-4771
-4378
-3808
-2985
-2209
-1659
-1201
-637
-240
-244
-340
-463
-645
-789
-1040
-1036
-887
-726
-540
-269
135
598
926
1240
1547
1580
1451
1402
1420
1442
1497
1486
1524
1323
990
930
905
883
714
649
611
327
136
21
-198
-484
-618
-360
-215
-177
-300
-326
-100
-6
-155
-367
-741
-1283
-1808
-2072
-1791
-1071
147
1484
2739
3799
4235
4009
3403
2456
1183
-371
-1848
-3159
-4108
-4378
-4040
-3094
-1724
-236
933
1683
2061
2186
1609
479
-996
-2513
-3853
-4922
-5488
-5738
-5346
-4272
-3113
-1930
-946
-126
329
345
-28
-825
-1857
-2963
-4228
-5337
-5972
-6086
-5803
-5246
-4376
-3252
-2282
-1667
-1195
-946
-1200
-1723
-2411
-3283
-4187
-4915
-5453
-5832
-5734
-5473
-4998
-4273
-3632
-3248
-3096
-3122
-3191
-3370
-3731
-4023
-4435
-4775
-4960
-5030
-4923
-4581
-4197
-3715
-3289
-3263
-3463
-3465
-3259
-3386
-3887
-4161
-4210
-4268
-4671
-4864
-4631
-4278
-3949
-3880
-3968
-3876
-3541
-3244
-3345
-3663
-3994
-4587
-5206
-6109
-7140
-8070
-8720
-9151
-9432
-9461
-9137
-8438
-7617
-6712
-5572
-4721
-4344
-4297
-4526
-4917
-5641
-6495
-7206
-7794
-8491
-8752
-8558
-8044
-7067
-5940
-4993
-3987
-3264
-3009
-2899
-2874
-3243
-3629
-4347
-5029
-5414
-5470
-5121
-4956
-4521
-3693
-2794
-2061
-1548
-1058
-459
-241
-349
-523
-685
-815
-989
-948
-683
-545
-416
122
567
884
1202
1548
1714
1817
1978
1928
1809
1705
1509
1425
1405
1298
1252
1349
1413
1217
1107
1090
1064
1005
772
545
162
-72
-87
-150
34
216
577
777
752
668
574
477
215
-334
-1413
-2543
-3118
-2911
-2242
-1388
-247
999
1828
2109
1822
1268
505
-251
-1114
-1734
-2156
-2158
-1929
-1276
-325
708
1643
2288
2491
2233
1619
647
-336
-1407
-2368
-3212
-3720
-3625
-2907
-1796
-646
348
1298
2228
2613
2582
2248
1596
754
-280
-1381
-2076
-2468
-2419
-1877
-1098
-109
803
1480
2012
2277
2303
1967
1518
1023
232
-616
-1236
-1645
-1938
-1778
-1325
-803
-384
139
828
1223
1256
981
529
-74
-690
-1429
-1956
-2374
-2689
-2823
-2710
-2690
-2536
-2258
-2143
-1967
-1889
-1971
-2066
-2374
-2774
-3193
-3502
-3570
-3359
-3258
-3204
-3163
-3063
-2926
-2801
-2812
-2764
-2529
-2373
-2592
-3023
-3668
-4644
-5806
-6714
-7509
-7882
-7997
-8198
-8090
-7451
-6580
-5530
-4652
-3938
-3398
-3152
-3261
-3605
-3995
-4759
-5667
-6306
-6532
-6497
-6238
-5912
-5257
-4307
-3273
-2303
-1525
-886
-468
-539
-882
-1197
-1464
-1912
-2442
-2854
-2852
-2521
-2132
-1687
-1024
-190
518
904
1159
1374
1558
1564
1450
1212
892
698
778
994
1346
1452
1579
1921
2161
2385
2488
2791
2866
2739
2603
2486
2432
2329
2238
2032
1833
1770
1668
1693
1546
1300
1184
1150
962
735
573
521
619
467
394
418
437
595
710
772
760
863
855
672
591
851
1593
2656
4119
5710
7034
7919
8215
7887
6957
5375
3387
1274
-895
-2931
-4288
-4913
-4576
-3515
-1636
720
3051
4880
5974
6376
6260
5230
3412
1530
-364
-2419
-4174
-5200
-5399
-4710
-3514
-2124
-647
716
1754
2346
2283
1588
771
-408
-2017
-3525
-4650
-5439
-5675
-5480
-5025
-4290
-3221
-2064
-1259
-793
-525
-527
-891
-1612
-2332
-3000
-3829
-4696
-5308
-5397
-5261
-4766
-4277
-4014
-3681
-3543
-3488
-3448
-3517
-3513
-3608
-3789
-3889
-3599
-3092
-2695
-2288
-2025
-1809
-1610
-1368
-1188
-1205
-1534
-1889
-2126
-2355
-2549
-2650
-2452
-2058
-1728
-1360
-1001
-687
-596
-584
-479
-273
-361
-761
-1265
-1819
-2678
-3720
-4763
-5624
-6061
-6432
-6516
-6230
-5862
-5209
-4195
-3088
-2198
-1627
-1432
-1552
-1866
-2583
-3585
-4631
-5541
-6234
-6678
-6814
-6472
-5802
-4952
-3986
-3145
-2521
-2015
-1773
-1900
-2128
-2653
-3372
-4105
-4717
-5064
-5236
-5102
-4689
-4190
-3456
-2620
-1805
-1240
-910
-620
-618
-506
-283
-456
-602
-762
-700
-570
-385
-43
335
681
1149
1603
1837
1865
2069
2260
2284
2052
1989
2033
1954
1931
1969
1969
2070
2076
1888
1745
1655
1628
1555
1246
980
908
996
1066
946
971
1135
1276
1429
1463
1497
1459
1337
1021
448
-40
-579
-1030
-922
-390
549
1752
2770
3318
3173
2480
1506
260
-975
-2067
-3012
-3538
-3542
-2839
-1694
-341
1079
2378
3302
3786
3662
2908
1666
110
-1560
-2967
-4180
-4936
-4822
-4225
-3152
-1798
-484
800
1697
2392
2733
2548
1872
814
-324
-1273
-2111
-2731
-2770
-2467
-1846
-1033
-174
697
1676
2405
2613
2430
1950
1368
609
-417
-1147
-1569
-1859
-1905
-1603
-1023
-344
210
559
959
1343
1523
1408
885
331
-98
-661
-955
-1060
-1060
-959
-901
-939
-820
-699
-687
-689
-860
-1139
-1623
-2194
-2521
-2548
-2572
-2407
-2334
-2270
-2087
-1884
-1659
-1686
-1644
-1561
-1561
-1753
-2264
-2856
-3540
-4486
-5489
-6330
-7156
-7846
-7953
-7609
-7087
-6520
-5622
-4555
-3617
-2815
-2404
-2265
-2417
-3036
-3825
-4618
-5216
-5709
-6147
-6159
-5871
-5290
-4479
-3358
-2217
-1235
-502
-83
107
84
-214
-738
-1263
-1714
-2057
-2185
-2227
-1976
-1277
-397
519
1325
1958
2434
2784
3043
3091
2953
2720
2644
2541
2311
2237
2397
2573
2740
3150
3491
3702
3988
3995
4040
4167
4164
3980
3658
3473
3427
3257
3109
3162
3330
3261
3031
2918
2813
2639
2365
2152
2037
1773
1565
1383
1489
1681
1721
1842
1979
1978
2002
1997
1838
1535
1056
552
5
-72
437
1603
2993
4450
5719
6467
6509
5977
4987
3828
2553
1112
0
-773
-1313
-1162
-433
678
2165
3530
4409
5034
5195
4894
4050
2780
1481
248
-893
-1711
-2014
-1769
-1043
-25
1034
2094
3142
3732
3883
3492
2737
1775
811
-274
-1221
-1795
-2086
-1900
-1357
-593
28
770
1610
2197
2319
2169
1758
1118
443
-422
-1278
-1957
-2364
-2599
-2554
-2004
-1199
-731
-602
-333
-149
-104
-251
-636
-1076
-1442
-1784
-1978
-2159
-2208
-1833
-1458
-1170
-908
-722
-659
-586
-659
-952
-1074
-1321
-1595
-1967
-2080
-1915
-1817
-1697
-1411
-1095
-1032
-1073
-931
-741
-676
-765
-999
-1300
-1807
-2697
-3730
-4721
-5412
-5831
-6153
-6237
-5912
-5338
-4517
-3684
-2888
-1900
-1181
-869
-849
-1311
-1969
-2688
-3665
-4602
-5208
-5334
-5239
-4775
-4042
-3230
-2303
-1405
-559
-42
-45
-114
-492
-1023
-1551
-2071
-2446
-2734
-2719
-2455
-2143
-1685
-894
-91
511
962
1309
1479
1519
1534
1407
1342
1232
965
899
1075
1538
1903
2149
2486
2699
2926
3107
3288
3345
3244
3099
2907
2796
2830
2722
2760
3022
3015
2918
2716
2439
2338
2328
2264
2104
1832
1628
1589
1532
1630
1786
1933
2061
2032
2148
2190
2148
2179
2137
1664
953
281
177
622
1534
2876
4406
5603
6208
6410
6122
5349
4160
2953
1631
337
-693
-1313
-1276
-766
264
1523
2757
3921
4639
4820
4487
3760
2587
1217
-94
-1353
-2347
-2864
-2721
-1973
-981
162
1304
2204
2749
2939
3013
2394
1562
598
-415
-1401
-2260
-2675
-2621
-2299
-1616
-762
73
1004
1678
1911
1793
1314
685
41
-698
-1395
-2044
-2651
-2790
-2384
-2046
-1683
-1231
-665
-230
-42
116
138
-190
-805
-1444
-1751
-1824
-1830
-1751
-1625
-1242
-821
-433
-237
-83
14
-47
-317
-756
-1068
-1353
-1392
-1233
-1309
-1273
-1083
-949
-790
-751
-699
-406
-175
-212
-300
-610
-1110
-1626
-2359
-3246
-4178
-4983
-5584
-6007
-6153
-5932
-5572
-4963
-4059
-3149
-2321
-1573
-1215
-1143
-1346
-2058
-2928
-3611
-4315
-4774
-5039
-5154
-4908
-4279
-3212
-2123
-1236
-528
-38
180
317
16
-463
-1001
-1547
-1912
-2259
-2290
-2138
-1852
-1382
-885
-199
653
1242
1633
2016
2142
2118
1906
1865
1758
1421
1370
1556
1937
2256
2551
2868
3233
3526
3725
3870
3904
3875
3706
3597
3559
3352
3183
3250
3355
3110
2983
3186
3129
2880
2661
2581
2465
2383
2185
2125
2026
2047
2144
2214
2163
2128
2222
2255
2150
1980
2099
2035
1445
729
226
337
1130
2456
4000
5351
6260
6606
6397
5783
4960
3716
2195
785
-382
-1162
-1377
-1108
-281
936
2213
3457
4326
4789
4664
4087
3188
2003
628
-740
-1921
-2635
-2621
-2032
-949
213
1270
2113
2703
3077
3253
3005
2423
1589
553
-519
-1498
-1956
-2102
-1806
-1295
-456
403
1141
1859
2261
2267
1956
1508
897
247
-476
-1187
-1625
-1835
-1803
-1580
-1120
-496
20
352
578
598
431
265
86
-309
-666
-943
-1129
-1211
-1032
-743
-286
58
356
492
456
376
181
65
-163
-339
-431
-639
-732
-718
-705
-573
-305
-92
33
206
345
303
305
399
172
-372
-1199
-2069
-2946
-3704
-4564
-5365
-5612
-5326
-4893
-4349
-3579
-2644
-1662
-906
-508
-519
-705
-1036
-1719
-2468
-3104
-3763
-4420
-4514
-4174
-3607
-2965
-2187
-1121
-45
694
1084
1250
962
500
-31
-477
-1048
-1545
-1657
-1445
-1082
-660
-90
763
1470
1912
2256
2295
2236
2179
1997
1711
1631
1598
1669
1889
2250
2787
3137
3318
3168
2808
2290
1731
1184
927
1174
1432
1697
2324
3367
4127
4524
4499
4231
3799
3115
2416
1515
721
425
807
1565
2510
3547
4770
5927
6724
7212
7269
6868
6300
5524
4711
4098
3520
3101
3008
3442
4586
6057
7570
9032
10178
10885
10757
10003
8771
7290
5509
3765
2479
1638
1206
1264
1892
2936
4102
5374
6267
6633
6572
6011
5036
3846
2613
1270
-106
-1150
-1531
-1345
-824
84
1082
1828
2471
2859
3162
3281
2889
2003
777
-401
-1317
-2086
-2635
-2815
-2643
-1976
-1362
-565
275
852
1241
1457
1372
910
140
-525
-1271
-1883
-1997
-1982
-1840
-1306
-710
-126
231
580
1133
1571
1733
1552
1295
862
613
578
791
1086
1310
1491
1741
2130
2475
2620
2758
2809
2514
2246
1925
1602
1350
1219
1086
1175
1448
1559
1539
1661
1720
1716
1760
1705
1678
1420
1005
595
-82
-1079
-2048
-3047
-3894
-4402
-4674
-4772
-4738
-4535
-3866
-3060
-2213
-1502
-1063
-808
-708
-1125
-2116
-3085
-3905
-4661
-5223
-5508
-5358
-5013
-4339
-3540
-2595
-1739
-1263
-881
-626
-672
-1229
-1940
-2632
-3324
-3863
-4276
-4317
-4110
-3629
-3135
-2570
-2033
-1403
-777
-223
61
-94
-419
-656
-992
-1509
-2110
-2366
-2253
-2061
-1524
-678
90
609
983
1368
1304
1046
644
97
-499
-1033
-1413
-1578
-1536
-1224
-651
-179
262
492
563
528
91
-519
-1166
-1978
-2712
-3276
-3714
-3852
-3615
-2896
-2215
-1733
-1449
-1387
-1545
-1985
-2894
-4290
-5621
-6507
-6557
-5611
-4073
-2239
-468
824
1325
1102
174
-1157
-2742
-4510
-6179
-7737
-8670
-8861
-8291
-6945
-5210
-3436
-1860
-722
-100
-101
-766
-2063
-3606
-5110
-6584
-7640
-8064
-7739
-6890
-5675
-4368
-2861
-1532
-593
-15
-61
-459
-1142
-2198
-3304
-4327
-5044
-5429
-5225
-4550
-3820
-2701
-1525
-451
314
777
826
501
71
-592
-1515
-2333
-2851
-3130
-3207
-2961
-2494
-1910
-1264
-695
-122
356
423
152
-253
-690
-1027
-1341
-1605
-1731
-1652
-1551
-1325
-967
-539
-264
21
232
178
-115
-444
-785
-997
-1236
-1255
-1090
-866
-547
-277
-136
-151
35
440
858
1080
1052
772
297
-257
-793
-1641
-2513
-3117
-3699
-4181
-4230
-4033
-3435
-2521
-1508
-353
503
1158
1655
1780
1521
1129
556
-198
-893
-1234
-1292
-1004
-531
280
1155
2114
2869
3637
4066
4170
4151
3775
3362
2864
2390
1824
1390
1289
1390
1623
1956
2520
3297
3882
4115
4281
4359
4362
4128
3746
3410
3172
2917
2658
2564
2933
3231
3390
3452
3688
3949
4095
4092
4000
3896
3879
3668
3443
3210
3123
3032
2874
2888
2921
2918
2706
2503
2411
2469
2329
2096
2048
1912
1825
1955
2020
2036
2021
2128
2094
2015
2054
2211
2358
2016
1423
850
564
771
1583
2945
4458
5876
6857
7181
7000
6434
5512
4258
2887
1670
797
134
23
475
1153
2336
3855
5200
6073
6323
6239
5714
4780
3662
2329
1032
-79
-752
-710
-156
805
2069
3282
4131
4810
5126
5148
4841
4119
3140
2085
1145
407
-64
-195
104
637
1376
2186
2992
3622
3920
3956
3850
3424
2542
1903
1435
831
333
80
40
260
784
1406
1869
2213
2425
2348
2178
1995
1741
1399
923
617
483
600
952
1235
1405
1671
2020
2216
2409
2526
2356
2262
2109
1938
1700
1531
1475
1448
1577
1871
2236
2584
2898
3129
3163
3185
3099
2927
2688
2256
1523
581
-171
-856
-1553
-2159
-2432
-2115
-1510
-996
-407
410
1172
1767
2170
2429
2219
1719
1091
536
-165
-750
-1150
-1239
-1088
-706
185
1132
1946
2581
3096
3254
3189
2935
2492
1867
1046
311
-107
-428
-492
-282
29
593
1174
1624
1984
2304
2395
2112
1856
1756
1442
953
681
581
626
704
936
1136
1435
1610
1706
1742
1874
1927
1807
1691
1436
1040
793
849
894
689
607
673
729
671
500
311
29
-106
-329
-545
-707
-678
-675
-722
-825
-822
-660
-530
-556
-540
-472
-379
-631
-1260
-2023
-2527
-2495
-1926
-813
675
2060
3336
4133
4161
3650
2797
1604
164
-1286
-2529
-3322
-3792
-3913
-3270
-1976
-463
861
1815
2472
2775
2380
1242
-72
-1516
-2962
-4124
-4888
-4952
-4493
-3798
-2765
-1613
-441
597
1194
1377
1078
528
-345
-1384
-2537
-3646
-4251
-4282
-4010
-3389
-2511
-1738
-955
-123
367
599
583
234
-407
-1140
-1692
-2288
-2951
-3402
-3419
-3150
-2735
-2197
-1616
-994
-600
-380
-360
-561
-906
-1204
-1562
-1794
-1954
-2003
-1761
-1534
-1305
-856
-333
-241
-132
-4
-81
-187
-422
-583
-688
-927
-1080
-1022
-770
-605
-374
-163
117
289
382
464
606
658
466
-52
-705
-1550
-2384
-3143
-3868
-4492
-4862
-4830
-4384
-3649
-2825
-1970
-992
-192
373
698
701
312
-265
-1094
-1843
-2348
-2647
-2891
-2825
-2314
-1524
-524
389
1274
1985
2275
2322
2083
1700
1069
326
-215
-786
-1067
-1072
-1091
-869
-82
655
1123
1612
1913
1929
1845
1715
1585
1317
982
724
514
382
511
629
719
886
1134
1514
1773
1898
2146
2218
2093
1784
1613
1487
1276
1149
1029
1091
1130
1194
1092
877
903
947
798
485
311
263
174
-31
-176
-172
-50
134
209
299
364
303
302
331
46
-146
-157
299
1295
