-4925
-4489
-4021
-3809
-3687
-3564
-3699
-3960
-4092
-4296
-4536
-4771
-4824
-4828
-4549
-4231
-3951
-3804
-3699
-3423
-3206
-3146
-3066
-3037
-3306
-3772
-4375
-5270
-6249
-7171
-7912
-8392
-8427
-8313
-8010
-7466
-6777
-5721
-4683
-3944
-3517
-3278
-3274
-3566
-4288
-5120
-5977
-6752
-7049
-7181
-7006
-6474
-5640
-4705
-3753
-2824
-2040
-1867
-1958
-2083
-2460
-3162
-3887
-4496
-5018
-5182
-5151
-5180
-4933
-4444
-3885
-3272
-2608
-2296
-2484
-2714
-3282
-4133
-4973
-5317
-5243
-4877
-4300
-3431
-2134
-1105
-876
-1369
-2450
-4085
-6077
-8112
-9971
-11314
-11829
-11448
-10427
-9108
-7595
-6048
-5045
-4692
-4920
-5889
-7158
-8704
-10464
-11954
-12810
-12901
-11976
-10263
-8186
-5667
-3127
-944
580
1300
1240
380
-798
-2055
-3625
-5193
-6641
-7160
-6352
-4431
-2016
518
3175
5350
6493
6587
5837
4369
2303
27
-2251
-4284
-5698
-6300
-5954
-4883
-3346
-1720
-379
633
945
519
-509
-2204
-4107
-6250
-8256
-9589
-10209
-10085
-9399
-8277
-6854
-5502
-4154
-3143
-2999
-3419
-4230
-5512
-7146
-8888
-10328
-11405
-11762
-11752
-11430
-10423
-8963
-7531
-6292
-5359
-4768
-4634
-5120
-6078
-7303
-8606
-9774
-10755
-11469
-11766
-11262
-10415
-9219
-7959
-6769
-5534
-4465
-3941
-3642
-3465
-3394
-3527
-3765
-3873
-3902
-3736
-3354
-2791
-2198
-1672
-1076
-688
-638
-495
-445
-538
-819
-1027
-1218
-1533
-1755
-1779
-1789
-1756
-1680
-1756
-1815
-2050
-2228
-2398
-2572
-2669
-2969
-3399
-3962
-4404
-4936
-5640
-6090
-6509
-6840
-6897
-6505
-6133
-5522
-4817
-4191
-3529
-3118
-3003
-3223
-3732
-4517
-5458
-6411
-7188
-7795
-8206
-8405
-8113
-7440
-6488
-5643
-4943
-4372
-4187
-4009
-3889
-4209
-4577
-4814
-4984
-5117
-5225
-5133
-4764
-4111
-3217
-2308
-1456
-598
321
1063
1477
1814
2006
1911
1755
1410
870
72
-864
-2076
-3237
-4009
-4103
-3258
-1568
497
2390
3833
4859
5506
5479
4637
2933
971
-931
-2486
-3559
-3881
-3238
-1678
347
2320
4053
5400
6264
6410
5776
4602
3061
1313
-174
-1224
-1627
-1337
-355
1337
3417
5393
6674
6982
7015
6827
6337
6047
6040
6252
6562
6819
7058
7021
6623
6173
5354
4277
3198
2036
1022
385
141
217
625
1477
2603
3680
4422
4650
4688
4324
3605
2576
1215
-197
-1180
-1813
-2117
-2098
-1803
-991
-54
726
1413
1711
1665
1353
754
-125
-1165
-2047
-2644
-3343
-3967
-4259
-4203
-4070
-3821
-3517
-3238
-2887
-2615
-2793
-3264
-3532
-3738
-3971
-4314
-4358
-4092
-3875
-3607
-3426
-3292
-3122
-2975
-2896
-2865
-3102
-3311
-3506
-3688
-3725
-3620
-3482
-3282
-2869
-2316
-1693
-1111
-751
-591
-606
-793
-997
-1306
-1779
-2224
-2519
-2751
-2917
-3099
-3059
-2748
-2388
-2138
-1917
-1564
-1381
-1311
-1355
-1738
-2497
-3722
-4993
-6182
-7374
-8641
-9763
-10269
-10316
-10062
-9169
-7994
-6862
-5951
-5292
-4803
-4539
-4616
-5058
-5819
-6700
-7703
-8667
-9324
-9709
-9749
-9578
-8850
-7906
-6984
-6202
-5729
-5365
-5353
-5504
-5815
-6166
-6697
-7392
-7997
-8297
-8310
-8058
-7568
-6949
-6144
-5258
-4479
-3884
-3520
-3150
-2877
-2670
-2432
-2455
-2717
-2633
-2229
-1710
-1351
-1157
-803
-547
-339
-224
-162
-213
-265
-377
-550
-779
-879
-1112
-1174
-1196
-1167
-1043
-1062
-1151
-1144
-1345
-1684
-1880
-2074
-2385
-2724
-2829
-2807
-2769
-2801
-2766
-2613
-2424
-2149
-2069
-2022
-2033
-2343
-2856
-3343
-3872
-4054
-3630
-2725
-1503
-251
763
1463
1365
515
-728
-2118
-3627
-5093
-6387
-7426
-7876
-7535
-6607
-5274
-3874
-2438
-1416
-814
-801
-1312
-2137
-3472
-5100
-6661
-7676
-8315
-8518
-8319
-7589
-6477
-5157
-3824
-2785
-2161
-2042
-2277
-2705
-3588
-4880
-6230
-7416
-8130
-8247
-8036
-7469
-6554
-5655
-4578
-3663
-3181
-2899
-2838
-3189
-3737
-4385
-5074
-5747
-6148
-6344
-6520
-6628
-6307
-5691
-5228
-4903
-4516
-4308
-4340
-4479
-4870
-5352
-5696
-6022
-6214
-6295
-6310
-6343
-6212
-5801
-5489
-5217
-5013
-5107
-5348
-5520
-5862
-6148
-6217
-6246
-6276
-6458
-6421
-6013
-5583
-5254
-5153
-5027
-4794
-4596
-4510
-4693
-4929
-5521
-6349
-7190
-7958
-8867
-9730
-10315
-10688
-10706
-10452
-9797
-8911
-7924
-6895
-6063
-5455
-5245
-5383
-5796
-6357
-7038
-7901
-8787
-9323
-9500
-9121
-8422
-7703
-6786
-5713
-4677
-3751
-3108
-2923
-3036
-3351
-3855
-4325
-4900
-5503
-5830
-5629
-5212
-4739
-4132
-3371
-2620
-1982
-1355
-909
-557
-431
-647
-758
-775
-808
-778
-688
-635
-474
-203
211
539
850
1070
1239
1341
1437
1626
1607
1486
1411
1283
1249
1167
943
829
761
761
640
518
322
-50
-233
-307
-364
-430
-500
-403
-283
-38
23
29
237
549
754
696
358
-234
-820
-1228
-1405
-937
9
1418
2867
4086
5046
5329
4858
3915
2831
1431
-32
-1202
-2155
-2737
-2844
-2351
-1186
179
1678
2826
3398
3621
3247
2429
1436
410
-931
-2422
-3587
-3895
-3530
-2661
-1628
-537
642
1413
1859
1952
1667
1080
447
-419
-1635
-2903
-3831
-4050
-3839
-3416
-2817
-2047
-1167
-320
316
625
417
-61
-629
-1424
-2237
-3039
-3654
-4009
-4039
-3821
-3555
-3110
-2439
-1875
-1459
-1351
-1432
-1625
-1801
-2239
-2808
-3255
-3503
-3617
-3655
-3363
-3009
-2713
-2326
-2107
-1990
-1838
-1841
-2044
-2436
-2674
-2926
-3277
-3359
-3331
-3213
-3054
-2839
-2587
-2360
-2192
-2093
-1848
-1942
-2180
-2320
-2558
-3130
-4021
-5012
-5868
-6754
-7545
-7834
-7779
-7554
-7170
-6587
-5699
-4736
-3803
-3193
-2955
-2994
-3348
-3997
-4921
-5772
-6500
-7063
-7398
-7440
-7084
-6426
-5482
-4515
-3551
-2530
-1992
-1992
-2143
-2287
-2679
-3300
-4021
-4389
-4724
-5076
-5095
-4701
-3856
-2950
-2211
-1758
-1382
-923
-681
-542
-533
-823
-985
-1170
-1336
-1193
-1168
-1119
-683
-273
-113
253
608
852
1096
1275
1327
1172
974
731
681
655
575
612
813
919
697
282
51
8
-7
-135
-346
-578
-727
-776
-823
-805
-854
-784
-610
-528
-556
-639
-776
-936
-1318
-1918
-2361
-2582
-2414
-1823
-632
972
2383
3379
3843
3736
2939
1833
609
-838
-2404
-3786
-4503
-4575
-4219
-3294
-2018
-726
573
1527
1824
1634
1108
160
-1245
-2925
-4495
-5504
-5915
-5840
-5186
-4271
-3243
-2059
-1081
-396
-18
-73
-444
-1111
-2195
-3470
-4579
-5494
-5933
-6045
-5664
-5027
-4167
-3144
-2262
-1603
-1478
-1533
-1646
-2187
-3060
-3885
-4528
-5097
-5585
-5800
-5684
-5436
-5121
-4473
-3883
-3578
-3516
-3478
-3290
-3417
-3908
-4529
-4833
-4800
-5123
-5329
-4990
-4496
-4194
-4002
-3680
-3418
-3312
-3381
-3445
-3621
-3909
-4278
-4739
-4806
-4774
-4823
-4714
-4515
-4111
-3852
-3499
-3503
-3569
-3530
-3471
-3576
-4020
-4675
-5460
-6375
-7201
-8053
-8740
-9334
-9516
-9261
-8767
-8173
-7284
-6454
-5553
-4754
-4413
-4283
-4403
-4822
-5604
-6403
-7205
-7996
-8497
-8567
-8232
-7546
-6569
-5706
-4896
-4069
-3224
-2663
-2548
-2771
-3241
-3698
-4104
-4508
-4826
-4998
-5087
-4722
-4151
-3521
-2832
-2029
-1305
-976
-769
-552
-515
-538
-519
-542
-555
-611
-652
-695
-345
359
913
1099
1306
1584
1783
1837
1784
1783
1729
1533
1439
1578
1654
1525
1551
1632
1680
1610
1388
1258
1155
969
801
647
527
520
631
582
529
653
838
936
968
1030
1080
841
285
-655
-1556
-2300
-2753
-2698
-2118
-1125
29
1242
2044
2419
2217
1530
581
-432
-1238
-1691
-1879
-1919
-1657
-1015
-26
1102
1984
2511
2779
2478
1761
838
-145
-1196
-2148
-2928
-3401
-3328
-2705
-1638
-391
695
1656
2415
2825
2746
2450
1768
839
-126
-1151
-1858
-2191
-2215
-1646
-934
-232
478
1164
1880
2390
2494
2160
1426
744
222
-483
-1135
-1601
-1844
-1783
-1617
-1266
-430
433
973
1102
1158
975
437
-108
-732
-1291
-1721
-2274
-2536
-2645
-2659
-2489
-2222
-1781
-1582
-1681
-1816
-1888
-2168
-2355
-2597
-2878
-3026
-3110
-3235
-3279
-3260
-3097
-2965
-2958
-2796
-2680
-2543
-2388
-2405
-2691
-3129
-3808
-4626
-5535
-6404
-7196
-7793
-8186
-8208
-7869
-7364
-6660
-5793
-4853
-4139
-3555
-3123
-3152
-3477
-4192
-5057
-5830
-6472
-6777
-6795
-6496
-5866
-5091
-4233
-3249
-2183
-1402
-934
-727
-697
-838
-1256
-1830
-2276
-2658
-2863
-2865
-2534
-1924
-1232
-686
-62
556
1125
1413
1561
1785
1711
1413
1117
832
751
803
909
1080
1346
1730
2067
2243
2435
2675
2871
2896
2790
2732
2534
2272
2198
2194
2212
2202
2173
2092
1912
1731
1632
1584
1376
1183
1023
886
808
808
637
459
548
805
863
860
856
1060
1096
956
767
643
824
1513
2518
3761
5357
6857
7881
8269
7979
6905
5234
3246
1148
-1029
-2917
-4125
-4615
-4226
-3159
-1304
975
3140
4797
5822
6137
5742
4616
3103
1471
-390
-2232
-3833
-4728
-4871
-4046
-2772
-1408
-139
918
1760
2271
2264
1652
572
-663
-1987
-3388
-4676
-5407
-5551
-5347
-4828
-3852
-2483
-1563
-968
-553
-358
-590
-1004
-1568
-2317
-3177
-3947
-4623
-5090
-5136
-5065
-4770
-4338
-3956
-3616
-3385
-3332
-3314
-3388
-3542
-3712
-3782
-3639
-3407
-3181
-2906
-2510
-1984
-1672
-1431
-1291
-1342
-1489
-1774
-2054
-2310
-2467
-2435
-2283
-2185
-2105
-1904
-1560
-1223
-1107
-885
-675
-443
-272
-476
-841
-1455
-2281
-3095
-3933
-4898
-5707
-6280
-6539
-6570
-6359
-5908
-5137
-4209
-3171
-2222
-1632
-1423
-1611
-2092
-2819
-3646
-4611
-5528
-6233
-6529
-6471
-6174
-5585
-4849
-4036
-3211
-2560
-2074
-1770
-1703
-2093
-2858
-3395
-3860
-4476
-4890
-5172
-5102
-4511
-3960
-3468
-2830
-2239
-1534
-1064
-865
-661
-483
-578
-767
-965
-1041
-1145
-1068
-831
-442
-140
99
675
1241
1600
1712
1751
1818
1826
1906
1790
1626
1576
1581
1814
1860
1930
1965
1791
1633
1455
1305
1267
1143
941
721
811
846
881
834
1004
1272
1363
1426
1533
1457
1290
876
348
-353
-1060
-1292
-1165
-573
403
1556
2591
3182
3056
2314
1400
289
-1043
-2161
-2979
-3592
-3694
-3141
-1919
-410
1072
2271
3085
3531
3322
2512
1327
-37
-1438
-2982
-4297
-4977
-5027
-4381
-3537
-2279
-767
528
1536
2100
2167
1881
1223
396
-606
-1704
-2627
-2989
-2922
-2675
-2034
-1068
-130
685
1454
1933
2035
1867
1550
940
78
-523
-995
-1452
-1830
-1869
-1379
-898
-380
151
594
916
895
776
711
500
82
-410
-689
-1035
-1333
-1319
-1135
-978
-854
-588
-472
-687
-925
-1191
-1390
-1649
-1868
-2056
-2288
-2394
-2345
-2414
-2453
-2208
-1762
-1767
-1861
-1728
-1699
-1889
-2107
-2459
-2926
-3610
-4575
-5495
-6212
-6885
-7405
-7640
-7624
-7169
-6510
-5808
-4767
-3883
-3069
-2497
-2336
-2512
-3198
-4114
-4849
-5524
-6122
-6499
-6496
-6052
-5344
-4532
-3574
-2343
-1426
-765
-310
-106
-278
-740
-1157
-1491
-1775
-2136
-2267
-2123
-1761
-1196
-476
207
1007
1654
1951
2265
2566
2685
2612
2385
2152
2114
2164
2290
2436
2599
2783
3074
3350
3824
4025
4058
4207
4292
4230
4020
3774
3580
3487
3440
3438
3364
3335
3362
3417
3379
3255
2970
2627
2577
2444
2239
2224
2090
2002
2037
2054
2186
2297
2439
2391
2417
2369
1879
1146
517
111
124
872
2002
3441
4791
5718
6227
6419
6068
5235
4036
2782
1554
385
-568
-1021
-672
246
1499
2786
4065
4932
5414
5312
4848
4042
2967
1722
455
-596
-1526
-1748
-1267
-389
538
1464
2393
3207
3690
3768
3633
3157
2223
1144
43
-885
-1641
-1834
-1422
-823
-133
551
1281
1876
2316
2333
2204
1789
1176
569
-99
-812
-1452
-1811
-1937
-1799
-1587
-1160
-629
-312
53
313
208
-62
-540
-1081
-1438
-1782
-2022
-2153
-2058
-1658
-1307
-1083
-864
-830
-701
-529
-634
-887
-1110
-1276
-1453
-1806
-1843
-1706
-1543
-1320
-1176
-1025
-754
-576
-435
-316
-253
-435
-859
-1240
-1810
-2573
-3413
-4382
-5147
-5704
-6084
-5914
-5651
-5287
-4688
-3809
-2868
-2051
-1335
-1160
-1372
-1793
-2393
-3170
-3943
-4691
-5084
-5334
-5410
-5067
-4187
-3112
-2273
-1435
-793
-399
-202
-454
-736
-1106
-1759
-2425
-2790
-3031
-3171
-2968
-2516
-1839
-1108
-395
164
655
1040
1155
1251
1303
1228
1029
916
547
425
676
1012
1353
1674
2023
2494
2833
3031
3080
3069
2896
2710
2565
2466
2471
2353
2304
2234
2364
2449
2298
2143
1999
1882
1674
1373
1368
1442
1224
1183
1312
1392
1442
1605
1591
1476
1408
1452
1533
1419
913
284
-202
-342
65
1064
2317
3804
5098
5913
6048
5659
4830
3696
2268
856
-501
-1397
-1920
-2094
-1491
-319
981
2231
3202
4006
4199
3949
3126
1763
266
-977
-1916
-2654
-2968
-2898
-2521
-1859
-712
402
1333
1967
2109
1997
1626
785
-362
-1410
-2281
-2896
-3276
-3216
-2758
-2106
-1124
-176
599
1091
1227
1228
849
266
-508
-1293
-1887
-2277
-2493
-2753
-2783
-2515
-2018
-1394
-727
-277
-70
-175
-410
-720
-1175
-1519
-1829
-2097
-2131
-1945
-1740
-1437
-1107
-861
-579
-361
-345
-384
-561
-803
-1025
-1457
-1675
-1648
-1689
-1664
-1406
-990
-619
-523
-582
-494
-451
-465
-519
-517
-706
-1354
-2276
-3286
-4225
-5050
-5781
-6133
-6221
-5999
-5484
-4917
-4137
-3014
-2022
-1491
-1327
-1356
-1639
-2101
-2580
-3230
-4132
-4893
-5196
-4986
-4462
-3844
-3050
-2273
-1510
-717
-186
147
269
161
-344
-832
-1298
-1644
-1897
-2039
-1758
-1291
-748
-135
623
1290
1817
2240
2528
2650
2624
2559
2362
2264
2273
2184
2203
2550
2950
3342
3847
4188
4265
4366
4560
4697
4802
4691
4504
4434
4326
4189
4042
4060
4096
4068
4100
4177
4209
4016
3755
3529
3446
3369
3205
3215
3219
3118
2923
2923
3046
3304
3434
3384
3381
3212
2859
2398
1906
1613
1540
2267
3606
5147
6387
7323
7741
7532
6843
5681
4226
2921
1709
441
-303
-297
291
1376
2634
3793
4833
5595
5953
5702
4907
3904
2794
1504
268
-662
-1140
-1010
-410
345
1226
2185
3140
3796
4035
3962
3607
2899
1894
816
91
-530
-1031
-1175
-891
-401
454
1460
2188
2710
2935
3050
2942
2333
1457
784
142
-378
-769
-1031
-1093
-854
-254
401
812
1055
1312
1426
1168
888
611
156
-240
-471
-617
-632
-377
-148
134
498
739
848
818
724
514
330
206
1
-271
-446
-320
-338
-334
-179
-49
-29
165
418
649
729
635
520
212
-398
-1175
-1884
-2708
-3667
-4383
-4886
-5304
-5427
-5103
-4314
-3322
-2494
-1704
-981
-621
-519
-722
-1170
-1695
-2498
-3523
-4278
-4438
-4298
-4239
-3834
-3006
-2122
-1289
-544
189
569
745
649
236
-224
-652
-1047
-1504
-1847
-1893
-1641
-1125
-455
282
1021
1603
2071
2206
2188
2024
1820
1433
954
912
1094
1319
1574
2103
2633
2978
2866
2447
1933
1135
562
253
114
213
860
1683
2566
3348
3794
3917
3805
3345
2499
1547
554
-186
-431
-53
821
1855
2868
4087
5417
6353
6703
6620
6151
5549
4690
3758
3203
2791
2393
2300
2791
3806
5363
7004
8426
9441
9975
9970
9215
8051
6387
4611
2933
1418
412
104
418
1031
2012
3426
4764
5647
5916
5681
5111
4268
3015
1453
42
-1039
-1751
-2108
-2230
-1751
-897
141
1173
1837
2353
2590
2466
1816
922
76
-955
-2033
-2928
-3289
-3360
-3281
-2678
-1851
-1061
-388
203
632
698
338
-141
-800
-1656
-2298
-2698
-3106
-3213
-2860
-2278
-1487
-840
-320
127
283
471
541
394
127
-22
-92
-294
-280
-92
271
765
1217
1563
1674
1772
1777
1850
1652
1297
924
626
429
366
435
336
347
500
724
666
593
829
1132
1143
934
766
577
80
-750
-1614
-2644
-3522
-4140
-4595
-5023
-5155
-5115
-4728
-3932
-2994
-2156
-1664
-1394
-1270
-1422
-1839
-2457
-3330
-4221
-4979
-5575
-5739
-5555
-5281
-4754
-3909
-2996
-2019
-1426
-1216
-1254
-1330
-1636
-2216
-2858
-3462
-3865
-4030
-4091
-4137
-3858
-3133
-2421
-1802
-1233
-625
-214
-56
-61
-288
-613
-1097
-1693
-2170
-2459
-2336
-1987
-1459
-708
55
596
1006
1209
1404
1281
896
264
-374
-1080
-1479
-1583
-1323
-1071
-612
20
448
815
905
701
319
-185
-861
-1709
-2540
-3044
-3167
-3106
-2897
-2615
-1999
-1434
-1158
-1127
-1183
-1697
-2750
-3866
-4971
-5763
-5899
-4997
-3489
-1829
-310
885
1592
1542
785
-595
-2338
-4062
-5776
-7231
-8097
-8196
-7637
-6434
-4654
-2867
-1294
-233
204
244
-363
-1376
-2756
-4331
-5878
-6922
-7334
-7144
-6393
-5084
-3636
-2095
-858
-75
286
264
-200
-911
-1721
-2822
-3797
-4574
-4906
-4633
-4077
-3153
-2027
-946
-22
694
1026
1166
1069
732
65
-797
-1491
-1999
-2408
-2463
-2293
-1838
-1208
-666
-94
337
586
686
639
330
-147
-703
-1103
-1260
-1371
-1375
-1091
-669
-283
-2
217
410
462
295
83
-151
-399
-706
-756
-648
-734
-736
-456
-150
70
261
524
849
1017
1135
1051
873
652
135
-489
-1166
-1986
-2860
-3495
-3668
-3515
-3199
-2729
-1931
-987
-44
862
1475
1974
2186
2070
1596
1004
524
-97
-592
-749
-569
-180
469
1359
2173
3112
3872
4424
4802
4689
4356
3754
2934
2318
2064
1790
1713
1834
2169
2772
3136
3460
3871
4354
4546
4571
4476
4404
4252
3742
3208
3009
2957
2892
2965
3132
3363
3667
3976
4318
4454
4319
4065
3895
3569
3447
3447
3331
3342
3381
3282
3238
3234
3214
3181
3120
3068
2789
2527
2347
2197
2089
1898
1838
1945
2222
2391
2529
2553
2464
2460
2285
2072
1833
1435
934
611
725
1401
2701
4301
5768
6648
7055
6999
6298
5321
4282
3125
1790
611
26
-114
228
1308
2643
4044
5172
5966
6382
6197
5597
4639
3428
2111
989
272
-253
-348
-104
662
1963
3221
4008
4420
4702
4802
4680
4178
3133
2041
904
117
-154
-161
146
670
1538
2375
3095
3642
3973
4174
4014
3487
2841
1969
1213
631
175
-16
-6
170
530
1108
1712
2320
2471
2386
2093
1767
1563
1328
966
762
742
665
692
1109
1500
1706
1877
2110
2240
2216
2090
1839
1625
1479
1206
1000
1039
1313
1534
1759
1981
2243
2351
2553
2747
2877
2842
2690
2514
1983
1386
602
-257
-1191
-2027
-2396
-2408
-2239
-1821
-1246
-558
127
890
1504
2049
2198
2045
1762
1096
150
-524
-1024
-1274
-1474
-1271
-719
-114
855
1712
2322
2770
3080
3113
2709
2123
1566
808
26
-437
-528
-532
-413
-170
286
731
1315
1853
2031
2134
2139
1966
1551
913
490
340
297
259
205
301
421
641
925
1198
1474
1600
1572
1378
1102
816
727
643
679
646
509
506
602
549
495
404
355
198
-223
-586
-708
-714
-805
-760
-750
-798
-843
-787
-566
-509
-622
-715
-820
-1044
-1628
-2214
-2443
-2376
-1715
-578
637
1987
3380
4118
4080
3492
2526
1364
-85
-1458
-2815
-3686
-3853
-3551
-2795
-1623
-351
944
1809
2369
2543
2159
1364
60
-1538
-2854
-3734
-4497
-4858
-4472
-3739
-2674
-1466
-283
611
1117
1208
987
557
-207
-1312
-2438
-3300
-3870
-4123
-3881
-3266
-2431
-1455
-474
221
482
678
648
190
-392
-1136
-2060
-2778
-3179
-3350
-3146
-2768
-2427
-2032
-1607
-1165
-746
-490
-365
-621
-966
-1331
-1686
-1982
-2246
-2306
-1968
-1455
-1070
-740
-364
36
208
196
5
-360
-567
-779
-839
-945
-993
-1030
-815
-377
48
177
112
286
669
921
916
790
572
204
-494
-1340
-2203
-2998
-3562
-4038
-4327
-4448
-4175
-3428
-2453
-1625
-905
-267
304
608
566
266
-198
-977
-1697
-2340
-2582
-2718
-2537
-2022
-1354
-594
224
1171
1845
2147
2361
2260
1907
1335
692
25
-514
-881
-979
-922
-586
-79
389
939
1400
1761
1952
1937
1898
1724
1287
865
515
437
540
592
728
1092
1484
1758
1882
1976
1986
1838
1821
1781
1550
1425
1294
1226
1173
1035
961
1126
1396
1453
1313
1058
910
620
573
460
370
392
176
-61
1
147
161
244
377
408
516
494
361
290
155
17
216
1005
