-5008
-4584
-4134
-3775
-3602
-3546
-3726
-4040
-4363
-4621
-4724
-4734
-4796
-4618
-4482
-4575
-4407
-4047
-3794
-3506
-3392
-3314
-3208
-3269
-3485
-3979
-4449
-5052
-6024
-7030
-7856
-8416
-8739
-8631
-8344
-7750
-7003
-6233
-5375
-4444
-3765
-3503
-3552
-3730
-4282
-5085
-5661
-6279
-6847
-7059
-6902
-6172
-5210
-4307
-3353
-2387
-1685
-1317
-1263
-1385
-1853
-2605
-3437
-4251
-4816
-4999
-4655
-4437
-4269
-3610
-2872
-2155
-1728
-1596
-1799
-2360
-2962
-3669
-4378
-4972
-5110
-4944
-4345
-3291
-1977
-1127
-910
-1330
-2435
-3929
-5828
-7938
-9793
-11082
-11722
-11629
-10870
-9251
-7456
-5934
-4931
-4459
-4753
-5889
-7448
-8909
-10561
-12077
-12907
-12953
-12124
-10372
-7928
-5305
-2887
-911
609
1326
1304
638
-506
-1871
-3581
-5156
-6045
-6179
-5258
-3375
-742
2186
5042
7095
7882
7589
6397
4658
2523
-94
-2692
-4836
-6472
-7077
-6735
-5513
-3591
-1453
391
1477
1825
1593
737
-846
-2994
-5492
-7813
-9548
-10584
-10859
-10345
-9167
-7476
-5586
-4194
-3409
-3119
-3344
-4016
-5261
-6964
-8868
-10642
-11884
-12591
-12708
-12312
-11216
-9708
-8373
-7134
-6097
-5526
-5316
-5549
-6203
-7285
-8594
-10009
-11119
-11902
-12193
-11832
-11345
-10538
-9298
-8192
-7049
-6056
-5465
-4979
-4559
-4380
-4483
-4511
-4319
-4217
-3926
-3499
-2895
-2275
-1738
-1158
-792
-665
-570
-472
-493
-757
-1035
-1329
-1517
-1637
-1689
-1584
-1450
-1402
-1415
-1397
-1443
-1609
-1917
-2197
-2502
-2751
-3068
-3622
-4371
-5028
-5616
-6271
-6593
-6767
-6716
-6386
-5726
-5063
-4538
-3894
-3357
-2928
-2718
-3049
-3663
-4408
-5302
-6225
-7153
-7973
-8488
-8484
-8195
-7689
-6968
-6080
-5327
-4867
-4420
-4136
-4164
-4458
-5041
-5494
-5602
-5805
-5879
-5640
-5239
-4719
-3862
-2767
-1920
-984
-170
486
1009
1334
1600
1721
1722
1223
311
-583
-1413
-2409
-3528
-4331
-4503
-3549
-1696
354
2304
3758
4731
5318
5492
4750
3200
1320
-590
-2269
-3373
-3622
-2980
-1677
215
2341
4216
5780
6704
6703
6035
4970
3557
1849
273
-916
-1371
-1045
126
1966
3963
5727
6955
7698
7940
7935
7930
7920
7822
7885
8066
7968
7732
7404
6800
6132
5287
4111
2815
1543
619
213
166
501
1124
2041
3207
4298
5030
5330
5208
4708
3814
2514
1293
156
-877
-1585
-1979
-2181
-1835
-1028
-234
539
1101
1413
1218
843
200
-687
-1679
-2782
-3712
-4235
-4502
-4511
-4440
-4313
-4022
-3742
-3386
-3183
-3347
-3703
-3985
-4246
-4558
-4742
-4846
-4846
-4667
-4365
-4102
-3963
-3917
-3855
-3766
-3784
-3801
-3781
-3921
-4186
-4404
-4270
-3886
-3617
-3250
-2678
-2185
-1647
-1275
-1053
-876
-770
-711
-948
-1553
-2016
-2428
-2820
-3189
-3360
-3299
-3038
-2526
-2081
-1938
-1781
-1548
-1503
-1322
-1338
-1810
-2661
-3810
-5056
-6476
-7728
-8898
-9894
-10499
-10612
-10317
-9758
-8906
-7843
-6719
-5711
-5075
-4870
-5104
-5458
-6129
-7163
-8375
-9398
-10159
-10506
-10595
-10012
-9280
-8635
-7897
-7247
-6615
-6117
-6020
-6033
-6406
-7015
-7644
-8316
-8751
-8976
-9126
-8929
-8366
-7787
-7158
-6441
-5803
-5352
-4775
-4295
-4081
-3969
-3875
-3593
-3195
-3120
-3079
-2858
-2470
-2010
-1715
-1352
-1115
-1034
-844
-769
-971
-1261
-1444
-1506
-1542
-1760
-1785
-1685
-1639
-1687
-1750
-1712
-1648
-1704
-1812
-2291
-2817
-2973
-3154
-3240
-3419
-3528
-3446
-3210
-3041
-2980
-2754
-2512
-2330
-2420
-2734
-3313
-4103
-4490
-4390
-4034
-3079
-1872
-808
160
602
434
-159
-1150
-2533
-4216
-5828
-7247
-8252
-8596
-8289
-7461
-6174
-4744
-3424
-2465
-1793
-1637
-2125
-3179
-4762
-6469
-7888
-9010
-9747
-9909
-9472
-8546
-7114
-5682
-4589
-3636
-3052
-2800
-2990
-3667
-4586
-5769
-7057
-8080
-8786
-9111
-8847
-8236
-7341
-6218
-5124
-4147
-3495
-3224
-3099
-3391
-3956
-4907
-5925
-6667
-7038
-7288
-7427
-7106
-6680
-6164
-5622
-5025
-4753
-4618
-4627
-4871
-5040
-5433
-5866
-6282
-6623
-6762
-6678
-6387
-6013
-5652
-5422
-5356
-5432
-5667
-5895
-6089
-6424
-6520
-6635
-6752
-6864
-6795
-6430
-6011
-5760
-5557
-5369
-5389
-5345
-5108
-5084
-5141
-5313
-5845
-6709
-7577
-8408
-9454
-10448
-11171
-11298
-11058
-10581
-10153
-9222
-7970
-6937
-6198
-5677
-5359
-5387
-5908
-6707
-7373
-8187
-8941
-9438
-9544
-9386
-8936
-8165
-7148
-5851
-4785
-4007
-3366
-3042
-3284
-3772
-4343
-4847
-5190
-5487
-5688
-5595
-5379
-4878
-4333
-3542
-2737
-2030
-1302
-840
-667
-618
-642
-909
-1026
-1078
-1101
-945
-758
-540
-179
186
461
807
1232
1391
1384
1449
1466
1507
1343
1176
1244
1206
1165
962
723
769
834
699
674
697
547
155
-235
-368
-315
-318
-329
-176
-82
1
92
233
349
462
456
231
-206
-992
-1440
-1462
-1085
-157
1185
2633
4064
4971
5129
4817
4159
2998
1457
11
-1191
-2320
-2955
-2889
-2236
-1162
237
1565
2560
3242
3529
3247
2585
1472
103
-1447
-2675
-3469
-3820
-3715
-2888
-1714
-553
561
1455
2057
2318
2113
1342
414
-710
-1847
-2876
-3755
-4074
-3991
-3580
-2958
-2123
-1227
-483
142
516
546
199
-437
-1119
-2000
-2751
-3207
-3589
-4028
-4024
-3581
-3158
-2576
-2235
-1938
-1640
-1577
-1708
-2022
-2436
-2922
-3335
-3527
-3563
-3409
-3312
-3098
-2692
-2335
-2110
-1913
-1925
-2023
-2250
-2411
-2588
-2794
-3022
-3206
-3276
-3125
-2780
-2648
-2642
-2587
-2363
-2121
-1932
-1874
-1895
-1993
-2431
-3101
-3969
-4920
-5746
-6542
-7281
-7997
-8188
-7875
-7314
-6458
-5547
-4729
-4018
-3486
-3161
-2980
-3304
-4066
-5104
-5996
-6555
-7002
-7403
-7650
-7391
-6612
-5697
-4576
-3448
-2746
-2297
-2007
-2042
-2291
-2636
-3088
-3718
-4376
-4718
-4861
-4778
-4405
-3792
-3068
-2274
-1299
-582
-383
-389
-389
-450
-607
-677
-761
-972
-920
-691
-542
-298
132
586
900
1109
1492
1764
1883
1927
1653
1462
1402
1295
1262
1200
979
844
947
930
750
622
685
528
349
16
-247
-268
-357
-326
-198
-71
1
66
210
210
70
4
-124
-617
-1294
-1868
-1993
-1813
-1155
79
1578
2895
3903
4333
4212
3470
2259
896
-522
-1935
-3162
-3960
-4331
-4054
-3018
-1690
-179
1065
1860
2279
2073
1269
205
-928
-2251
-3802
-5111
-5654
-5638
-5246
-4313
-3107
-2006
-1072
-262
155
162
-273
-1054
-2131
-3297
-4338
-5201
-5729
-5920
-5656
-5048
-4145
-3240
-2481
-1851
-1370
-1179
-1467
-2138
-2792
-3506
-4312
-5154
-5755
-5840
-5766
-5571
-5141
-4434
-3965
-3532
-3216
-3160
-3191
-3358
-3752
-4329
-4943
-5158
-5349
-5309
-5235
-5108
-4751
-4268
-3897
-3810
-3715
-3586
-3756
-4115
-4415
-4568
-4780
-5047
-5146
-5004
-4738
-4482
-4258
-4042
-3934
-3954
-3882
-3756
-3759
-3976
-4485
-5023
-5658
-6572
-7561
-8441
-9076
-9480
-9604
-9633
-9448
-8910
-7837
-6746
-6086
-5288
-4742
-4591
-4813
-5383
-6068
-6932
-7808
-8626
-9215
-9180
-8611
-7907
-7047
-6118
-5081
-4206
-3564
-3252
-3248
-3423
-3782
-4260
-4801
-5340
-5692
-5832
-5518
-5062
-4487
-3779
-3050
-2459
-1985
-1514
-1156
-882
-768
-932
-1249
-1349
-1334
-1285
-1280
-1018
-577
-211
73
432
835
1031
1115
1332
1411
1240
1005
982
970
1017
1176
1137
825
895
1000
1032
913
696
480
402
273
35
-81
-136
-108
-214
-142
-41
190
327
246
242
377
288
-198
-1100
-1847
-2402
-2574
-2290
-1451
-179
1182
2277
2975
3218
2826
1950
899
-261
-1417
-2456
-3012
-3057
-2670
-1871
-763
355
1272
2065
2615
2586
2045
1084
-62
-1366
-2650
-3704
-4317
-4171
-3576
-2677
-1591
-478
486
1316
1961
2087
1559
882
118
-734
-1714
-2749
-3297
-3527
-3221
-2353
-1252
-315
356
976
1383
1511
1379
852
172
-688
-1569
-2241
-2640
-2752
-2755
-2493
-2035
-1499
-1028
-519
-93
38
-85
-412
-890
-1386
-1919
-2359
-2594
-2759
-2923
-2794
-2579
-2174
-1804
-1700
-1443
-1495
-1584
-1935
-2361
-2663
-2959
-3135
-3085
-3040
-3037
-2954
-2706
-2578
-2579
-2458
-2342
-2312
-2188
-2078
-2295
-2762
-3444
-4356
-5478
-6506
-7191
-7599
-7786
-7754
-7529
-6959
-6159
-5320
-4461
-3573
-3171
-3026
-3008
-3349
-3830
-4569
-5335
-6001
-6489
-6665
-6768
-6195
-5204
-4262
-3320
-2518
-1803
-1260
-1085
-993
-1205
-1611
-1933
-2383
-2847
-3199
-3325
-3100
-2571
-1951
-1202
-436
397
1011
1301
1380
1275
1117
967
895
770
578
702
915
1014
1223
1537
1857
2151
2447
2658
2940
2959
2831
2633
2383
2169
1882
1919
1952
1916
1977
1883
1800
1758
1668
1574
1392
1194
976
857
686
610
588
615
654
701
788
729
697
826
1031
1025
606
352
341
583
1267
2441
3941
5473
6509
7065
6892
6114
4864
3074
1222
-528
-2118
-3178
-3668
-3522
-2531
-969
753
2579
3943
4683
4967
4838
3972
2724
1209
-692
-2543
-3937
-4678
-4524
-3714
-2694
-1484
-174
1024
1853
2247
2148
1679
762
-583
-1904
-3152
-4219
-4947
-5146
-4601
-3658
-2796
-2031
-1205
-370
298
363
103
-423
-1177
-2065
-2837
-3688
-4316
-4538
-4497
-4335
-3842
-3299
-2823
-2500
-2607
-2680
-2742
-2759
-2855
-3044
-3327
-3544
-3464
-3195
-2926
-2647
-2422
-2041
-1623
-1515
-1569
-1621
-1799
-2070
-2212
-2495
-2646
-2680
-2671
-2427
-2148
-1776
-1328
-1220
-1122
-1163
-1190
-1128
-1119
-1305
-1834
-2521
-3386
-4468
-5473
-6337
-6891
-7248
-7360
-7008
-6588
-5947
-4983
-3961
-3148
-2564
-2213
-2237
-2562
-3114
-3936
-5004
-5894
-6537
-6937
-7017
-6635
-5916
-4996
-4005
-3074
-2414
-1969
-1577
-1583
-2019
-2665
-3269
-3895
-4368
-4677
-4636
-4492
-4159
-3614
-2904
-2305
-1572
-923
-544
-217
-79
-144
-370
-520
-622
-763
-785
-567
-260
-89
130
493
1042
1444
1704
2000
2031
1831
1662
1573
1626
1691
1580
1551
1661
1628
1781
1752
1691
1486
1373
1343
1120
872
705
442
470
532
628
510
577
778
927
1073
1016
1076
898
534
-89
-865
-1391
-1476
-1108
-236
1134
2548
3496
3751
3558
3061
2124
854
-389
-1578
-2744
-3491
-3486
-3004
-1965
-515
849
2109
2930
3267
3200
2558
1298
-173
-1550
-2896
-4111
-4698
-4661
-4165
-3352
-2097
-696
512
1427
1912
1861
1534
899
-20
-1081
-2152
-2952
-3384
-3483
-3124
-2395
-1425
-411
529
1193
1469
1462
1300
830
86
-794
-1542
-2257
-2757
-2954
-2810
-2482
-2097
-1543
-698
-129
4
37
75
-82
-632
-1187
-1490
-1635
-1687
-1722
-1802
-1672
-1526
-1349
-1124
-830
-712
-750
-1125
-1407
-1650
-1926
-2092
-2298
-2409
-2357
-2375
-2384
-2250
-1964
-1636
-1553
-1431
-1286
-1279
-1576
-1972
-2393
-3077
-3935
-4911
-5884
-6559
-7170
-7414
-7359
-7026
-6400
-5533
-4488
-3662
-2898
-2457
-2242
-2433
-2901
-3421
-4137
-4807
-5382
-5806
-5888
-5675
-5098
-4152
-3166
-2251
-1329
-578
-184
-125
-272
-550
-1027
-1512
-2028
-2415
-2299
-2057
-1752
-1304
-655
101
847
1391
1885
2452
2773
2706
2452
2345
2183
2001
2040
2019
2085
2401
2775
3118
3393
3684
3945
4160
4284
4301
4276
4259
4062
3691
3693
3816
3590
3402
3353
3453
3513
3514
3225
2950
2757
2650
2516
2354
2252
2183
2134
2189
2563
2845
2824
2829
2925
2868
2652
2107
1471
940
463
382
1067
2281
3730
5155
6236
6834
6878
6276
5301
4041
2520
1160
47
-666
-839
-659
90
1332
2690
4020
4931
5307
5354
4951
3881
2744
1465
43
-966
-1623
-1774
-1525
-900
108
1317
2326
3138
3688
3835
3500
2788
1872
615
-455
-1258
-1803
-2121
-2020
-1519
-761
75
854
1692
2164
2372
2188
1798
1182
224
-662
-1316
-1761
-1895
-1866
-1783
-1475
-1032
-670
-143
191
405
451
104
-491
-1018
-1490
-1821
-1995
-1962
-1908
-1570
-1337
-1100
-730
-383
-232
-255
-506
-808
-1063
-1339
-1413
-1331
-1353
-1579
-1634
-1489
-1134
-953
-814
-578
-453
-325
-398
-654
-1009
-1438
-2057
-2879
-3767
-4605
-5351
-6201
-6532
-6357
-6080
-5517
-4768
-3933
-2924
-2118
-1690
-1494
-1791
-2433
-3062
-3639
-4404
-5069
-5417
-5552
-5444
-5028
-4231
-3354
-2558
-1863
-1221
-688
-440
-229
-321
-958
-1777
-2440
-2855
-3200
-3375
-3254
-2708
-1822
-1136
-486
59
494
946
1263
1325
1226
1043
882
710
601
615
739
1108
1373
1744
2251
2604
2797
2817
2856
2893
2755
2564
2490
2562
2722
2599
2497
2353
2307
2423
2540
2424
2209
2072
1956
1823
1639
1395
1145
1256
1291
1338
1455
1543
1601
1602
1612
1648
1776
1705
1071
135
-412
-407
109
1123
2527
3857
5069
5819
6053
5650
4844
3619
2269
783
-548
-1513
-2120
-2089
-1501
-510
900
2270
3465
4248
4468
3932
3068
2023
838
-539
-1781
-2684
-3168
-3181
-2592
-1498
-188
939
1836
2520
2784
2619
2095
1182
49
-1283
-2558
-3311
-3571
-3314
-2608
-1775
-878
-58
604
1161
1506
1543
1221
473
-257
-922
-1653
-2175
-2592
-2784
-2654
-2426
-1931
-1382
-980
-617
-332
-360
-427
-626
-981
-1386
-1897
-2267
-2479
-2477
-2387
-2052
-1420
-875
-597
-439
-409
-577
-899
-1247
-1440
-1642
-1815
-1898
-1815
-1680
-1513
-1265
-966
-680
-665
-699
-476
-283
-296
-595
-1057
-1683
-2512
-3380
-4341
-5316
-6117
-6592
-6551
-6280
-5826
-5008
-4055
-3208
-2382
-1913
-1540
-1277
-1498
-2193
-3083
-3787
-4452
-5044
-5314
-5270
-5055
-4503
-3532
-2477
-1487
-799
-299
-20
-46
-91
-376
-842
-1395
-1841
-2097
-2184
-2188
-1994
-1482
-664
202
874
1473
1912
2151
2258
2358
2350
2362
2327
2110
1943
2013
2167
2459
2881
3243
3572
3939
4185
4275
4194
4073
3952
3865
3804
3732
3580
3507
3547
3634
3682
3712
3624
3510
3305
3106
2981
2766
2662
2515
2445
2393
2334
2452
2779
2888
2879
3024
2978
2762
2664
2320
1807
1186
779
977
1728
3024
4601
6012
6956
7251
7038
6274
5202
4014
2670
1258
199
-542
-803
-322
525
1763
3195
4512
5481
5841
5526
4793
3844
2619
1118
-257
-1108
-1464
-1545
-1074
-96
1043
1972
2721
3358
3806
3915
3516
2712
1704
482
-460
-1128
-1564
-1559
-1328
-691
158
989
1839
2447
2693
2603
2409
1879
1076
330
-419
-962
-1180
-1295
-1257
-1070
-696
-266
140
606
998
1082
931
696
226
-126
-399
-696
-946
-862
-632
-499
-307
-8
432
714
729
743
601
279
-29
-197
-419
-538
-513
-420
-345
-197
179
427
481
559
730
979
893
646
303
-353
-1154
-1863
-2670
-3572
-4409
-4958
-5079
-4962
-4598
-4048
-3223
-2397
-1628
-908
-288
36
-182
-839
-1524
-2198
-2967
-3652
-4222
-4430
-4138
-3516
-2708
-1934
-1075
-225
308
707
919
975
707
121
-561
-1154
-1488
-1527
-1483
-1198
-798
-35
718
1376
1851
2118
2254
2149
1951
1583
1318
1080
989
1279
1539
1949
2450
2709
2786
2675
2265
1604
914
494
188
11
233
905
1670
2481
3265
3762
3957
3704
3053
2210
1348
588
-52
-307
-2
846
1734
2614
3818
5119
6037
6426
6434
6143
5644
4994
4055
3147
2475
2110
2176
2613
3508
5042
6738
8186
9445
9946
9835
9212
7854
6296
4599
2875
1432
433
33
172
1016
2149
3395
4568
5443
5954
5865
5243
4163
2884
1505
82
-1171
-2112
-2476
-2253
-1804
-1013
127
1219
1964
2359
2623
2393
1758
1009
-72
-1297
-2470
-3251
-3552
-3569
-3291
-2713
-1932
-1284
-646
16
511
530
214
-304
-916
-1414
-1975
-2650
-3172
-3081
-2594
-2085
-1617
-958
-234
293
614
706
793
732
444
3
-371
-502
-264
-90
294
811
1156
1387
1701
1941
1944
1894
1671
1432
1058
821
724
718
595
547
536
758
999
1038
998
962
954
1073
983
724
481
33
-563
-1241
-2136
-3129
-3909
-4624
-5031
-5198
-5089
-4596
-3991
-3273
-2442
-1730
-1281
-1033
-1139
-1472
-2151
-3009
-3904
-4678
-5220
-5522
-5406
-5115
-4494
-3631
-2739
-1989
-1418
-1106
-965
-1061
-1447
-1998
-2575
-3168
-3753
-4215
-4276
-3979
-3610
-2991
-2410
-1774
-1112
-524
-116
-20
44
-53
-310
-683
-1383
-1903
-2267
-2239
-1910
-1468
-877
-197
585
1321
1579
1493
1348
1094
655
-158
-958
-1385
-1561
-1491
-1229
-754
-248
345
901
1092
978
511
-13
-762
-1534
-2354
-2882
-3126
-3295
-3031
-2454
-1893
-1462
-1168
-1141
-1319
-1642
-2621
-3888
-5017
-5774
-5795
-5061
-3742
-1923
-92
1188
1832
1639
779
-539
-2179
-4048
-5781
-7263
-8191
-8293
-7642
-6501
-4824
-2864
-1227
-192
135
37
-545
-1593
-2988
-4607
-6021
-7092
-7885
-7598
-6317
-4789
-3377
-2100
-1047
-247
311
329
-184
-945
-1811
-2671
-3676
-4374
-4615
-4513
-4007
-3240
-2207
-1173
-272
622
1202
1276
1054
471
-319
-1076
-1727
-2226
-2493
-2516
-2433
-2024
-1332
-696
-185
352
667
829
727
260
-365
-1018
-1355
-1438
-1505
-1459
-1310
-865
-521
-151
176
447
524
378
256
54
-206
-588
-926
-980
-907
-759
-615
-306
186
481
595
679
866
908
922
808
417
44
-578
-1416
-2255
-2903
-3318
-3691
-3697
-3431
-2739
-1795
-973
-51
1067
1845
2180
2174
1848
1365
693
172
-290
-738
-977
-990
-587
260
1253
2099
3026
3782
4195
4387
4421
4047
3417
2760
2282
2015
1808
1689
1876
2170
2450
2851
3386
3975
4414
4465
4375
4181
3981
3808
3553
3157
2960
2808
2822
2894
3210
3390
3444
3533
3619
3776
3884
3822
3675
3535
3274
3038
2805
2801
2713
2744
2895
2894
2906
2923
2816
2508
2201
2072
1947
1912
1766
1495
1448
1515
1607
1692
1750
1909
2024
2015
2041
1834
1423
826
56
-368
-320
253
1309
2675
4062
5091
5566
5516
5111
4379
3335
2106
983
241
-156
-70
662
1695
2795
3922
4918
5569
5693
5452
5084
4202
2906
1553
390
-419
-524
-339
126
996
2001
3224
4352
5000
5165
5041
4637
4137
3123
1934
989
273
-96
-75
496
1378
2086
2728
3552
4370
4588
4282
3972
3605
3050
2285
1393
839
401
219
320
675
1224
1965
2552
2909
3092
3079
2943
2589
2121
1573
1109
865
739
588
574
820
1097
1493
1806
1916
2066
2051
1912
1655
1463
1259
1017
939
976
1167
1312
1444
1759
1889
1915
2098
2349
2384
2202
2099
1908
1555
961
272
-525
-1436
-2206
-2624
-2846
-2696
-2354
-1666
-723
-8
742
1591
2031
2110
1904
1521
928
13
-736
-1241
-1484
-1470
-1204
-662
207
1017
1828
2635
3137
3350
3383
3133
2640
1873
1016
405
55
-62
-107
18
421
777
1302
1766
2105
2340
2420
2259
1947
1722
1401
984
588
335
268
334
522
687
944
1194
1404
1503
1614
1537
1425
1336
1284
1093
796
538
374
303
367
463
618
558
109
-199
-376
-470
-560
-681
-936
-967
-832
-1008
-1093
-1069
-951
-770
-657
-709
-847
-943
-1119
-1555
-1860
-1923
-1539
-763
566
2216
3698
4698
4986
4801
3960
2724
975
-871
-2568
-3996
-4964
-5311
-4846
-3893
-2322
-593
1081
2538
3314
3577
3120
1980
506
-1011
-2606
-4144
-5207
-5742
-5545
-4689
-3343
-1829
-450
606
1146
1226
1027
488
-416
-1743
-3095
-4131
-4732
-5120
-5051
-4664
-3792
-2529
-1488
-851
-203
194
213
-233
-807
-1451
-2149
-2856
-3432
-3847
-4099
-3947
-3512
-3052
-2402
-1878
-1620
-1474
-1390
-1381
-1591
-1888
-2123
-2255
-2348
-2295
-2068
-1690
-1202
-808
-518
-271
-77
-70
-243
-377
-379
-448
-624
-798
-795
-547
-247
101
390
583
655
947
1139
1223
1169
1071
900
421
-163
-943
-1875
-2910
-3594
-3945
-4023
-3971
-3684
-3127
-2277
-1240
-275
281
546
981
1041
613
25
-813
-1742
-2473
-3063
-3123
-2801
-2188
-1322
-645
154
994
1745
2178
2163
1806
1412
904
259
-501
-1057
-1516
-1726
-1614
-1306
-810
-196
463
1002
1346
1659
1657
1344
1105
756
459
0
-198
-84
146
326
511
879
1360
1520
1423
1425
1479
1576
1577
1429
1235
994
1032
1221
1125
1026
1153
1311
1373
1343
1208
834
533
390
356
294
117
-31
66
191
307
459
603
685
669
711
744
480
51
-332
-611
-634
-259
