-5439
-5037
-4617
-4341
-4294
-4296
-4461
-4560
-4664
-4929
-5176
-5439
-5581
-5300
-5103
-4900
-4830
-4747
-4574
-4263
-4034
-4019
-3947
-3970
-4105
-4582
-5418
-6203
-6820
-7719
-8608
-9197
-9422
-9229
-8835
-8259
-7498
-6587
-5634
-4640
-3985
-3684
-3770
-4171
-4870
-5696
-6394
-7127
-7461
-7496
-7259
-6558
-5613
-4644
-3702
-2823
-2188
-1762
-1829
-2094
-2478
-3057
-3859
-4481
-4937
-5236
-5346
-5101
-4576
-3869
-3296
-2754
-2424
-2308
-2370
-2707
-3300
-4120
-4942
-5471
-5485
-5142
-4290
-3255
-2300
-1502
-1238
-1621
-2715
-4374
-6299
-8304
-10132
-11461
-12092
-11897
-11037
-9572
-7893
-6419
-5405
-4998
-5256
-6217
-7719
-9635
-11497
-12938
-13519
-13699
-13002
-11159
-8812
-6252
-3739
-1366
298
863
723
132
-853
-2474
-4133
-5558
-6589
-6653
-5657
-3494
-529
2407
4834
6588
7490
7406
6207
4352
2098
-633
-3250
-5498
-6991
-7622
-7185
-5708
-3857
-1918
-132
1183
1628
1292
196
-1519
-3619
-6021
-8292
-10107
-11266
-11409
-10575
-9006
-7375
-5767
-4374
-3478
-3192
-3423
-4226
-5550
-7293
-9118
-10695
-12125
-12951
-12999
-12582
-11688
-10553
-9185
-7701
-6424
-5694
-5552
-6031
-6887
-8014
-9311
-10566
-11512
-12182
-12614
-12537
-12076
-10969
-9806
-8729
-7632
-6509
-5729
-5310
-5004
-4665
-4547
-4516
-4410
-4390
-4232
-3732
-3001
-2224
-1584
-1144
-824
-881
-938
-721
-793
-1164
-1543
-1705
-1756
-1913
-1966
-1894
-1799
-1721
-1796
-1975
-2133
-2265
-2389
-2616
-2831
-3139
-3626
-4264
-4957
-5516
-6127
-6752
-7126
-7202
-7194
-6914
-6334
-5649
-4890
-4045
-3332
-2969
-2875
-3189
-3860
-4796
-5720
-6615
-7560
-8430
-8930
-8852
-8469
-7916
-7263
-6522
-5769
-5123
-4650
-4492
-4659
-5014
-5374
-5796
-6233
-6627
-6633
-6245
-5815
-5244
-4427
-3508
-2545
-1543
-517
46
329
608
861
998
859
580
-59
-1079
-2221
-3376
-4419
-5076
-5092
-4162
-2542
-525
1434
2897
3982
4611
4533
3692
2126
300
-1544
-3467
-4623
-4685
-3896
-2457
-554
1451
3413
5007
5905
6036
5195
3796
2233
722
-672
-1794
-2097
-1685
-593
1145
3103
4914
6233
6865
7062
7130
7147
7221
7394
7496
7461
7422
7320
6824
6135
5158
4137
2977
1858
734
-249
-782
-1002
-666
202
1122
2230
3269
4070
4438
4254
3591
2692
1408
102
-1033
-1928
-2494
-2841
-2778
-2374
-1809
-1069
-368
175
402
378
60
-582
-1562
-2524
-3343
-4125
-4881
-5285
-5360
-5079
-4789
-4656
-4474
-4337
-4242
-4426
-4747
-5005
-5237
-5246
-5325
-5395
-5341
-5079
-4832
-4625
-4446
-4149
-3800
-3830
-4083
-4157
-4263
-4456
-4614
-4750
-4612
-4388
-4067
-3482
-2742
-1966
-1420
-1156
-1025
-831
-779
-993
-1380
-1845
-2154
-2552
-2837
-2929
-3115
-3116
-2905
-2778
-2624
-2227
-1858
-1581
-1416
-1508
-1640
-1966
-2795
-3916
-5129
-6592
-7896
-9221
-10197
-10654
-10721
-10349
-9480
-8479
-7326
-6246
-5477
-5001
-4750
-4688
-5234
-6166
-7034
-7977
-8843
-9592
-10018
-9973
-9634
-9011
-8180
-7385
-6693
-6132
-5767
-5660
-5774
-6149
-6670
-7380
-7871
-8095
-8337
-8411
-8359
-7897
-7264
-6629
-5875
-5149
-4549
-3989
-3773
-3606
-3286
-3037
-2820
-2653
-2553
-2267
-1816
-1442
-1039
-654
-189
82
17
-262
-337
-320
-487
-669
-752
-814
-936
-989
-1071
-1074
-1068
-1015
-1005
-1104
-1129
-1341
-1717
-2040
-2273
-2491
-2717
-2903
-2966
-2906
-2917
-2700
-2454
-2321
-2097
-1883
-1928
-2435
-3070
-3670
-4156
-4197
-3584
-2616
-1291
74
999
1379
1172
321
-808
-2045
-3544
-5295
-6837
-7841
-8042
-7629
-6774
-5473
-4017
-2757
-1853
-1356
-1417
-1948
-2867
-4169
-5700
-7253
-8471
-9098
-9277
-8759
-7629
-6203
-4787
-3559
-2772
-2309
-2124
-2372
-3126
-4143
-5292
-6517
-7617
-8259
-8395
-7996
-7190
-6411
-5446
-4545
-3795
-3272
-2936
-2959
-3372
-3920
-4608
-5267
-5980
-6619
-7003
-7028
-6709
-6304
-5748
-5248
-4878
-4419
-4137
-4222
-4490
-5015
-5445
-5879
-6285
-6462
-6480
-6381
-6075
-5723
-5455
-5237
-5046
-4918
-5072
-5541
-5862
-6138
-6434
-6726
-6820
-6629
-6426
-6296
-6183
-5941
-5732
-5428
-5196
-5084
-5139
-5029
-4937
-5230
-5882
-6845
-7930
-8978
-9869
-10624
-11175
-11383
-11339
-10986
-10246
-9396
-8350
-7296
-6365
-5720
-5471
-5670
-6102
-6838
-7738
-8471
-9229
-9760
-9928
-9661
-9005
-8203
-7194
-6049
-5114
-4343
-3691
-3300
-3338
-3743
-4284
-4881
-5396
-5839
-6001
-5827
-5596
-5234
-4586
-3824
-2971
-2232
-1792
-1507
-1212
-942
-948
-971
-985
-1155
-1274
-1283
-960
-463
-144
214
402
649
885
1173
1369
1451
1417
1277
1131
1046
964
881
867
896
940
880
708
532
335
152
-67
-295
-519
-621
-680
-595
-540
-635
-555
-402
-300
-75
-36
58
145
-54
-522
-1288
-1890
-2011
-1301
-95
1216
2830
4094
4863
5121
4668
3647
2517
1366
59
-1460
-2624
-3220
-3222
-2524
-1246
251
1514
2663
3359
3249
2790
2061
901
-389
-1731
-2877
-3685
-4209
-4186
-3439
-2071
-758
251
1004
1599
1911
1612
999
211
-881
-2058
-3303
-4069
-4155
-3885
-3405
-2750
-1979
-1162
-432
48
129
-10
-287
-916
-1788
-2670
-3276
-3763
-4182
-4252
-4162
-3926
-3545
-2991
-2444
-2165
-1919
-1803
-1835
-2173
-2614
-3073
-3505
-3641
-3600
-3373
-2952
-2769
-2773
-2583
-2282
-2246
-2086
-2080
-2325
-2599
-2737
-2752
-2984
-3278
-3290
-3066
-2914
-2800
-2637
-2441
-2232
-2007
-2097
-2186
-2207
-2373
-2731
-3199
-3824
-4847
-6066
-6951
-7495
-7913
-8124
-7889
-7421
-6775
-6043
-5079
-4086
-3361
-3079
-3190
-3491
-4033
-4851
-5683
-6396
-6888
-7244
-7354
-7081
-6396
-5434
-4530
-3644
-2968
-2605
-2236
-2245
-2595
-2901
-3411
-3960
-4504
-4913
-5164
-5133
-4728
-3949
-2930
-2087
-1561
-1238
-893
-540
-530
-743
-923
-1111
-1171
-1244
-1101
-854
-724
-480
-165
240
628
743
1043
1158
1102
1069
978
929
776
760
722
655
583
417
502
461
191
66
-89
-135
-350
-639
-834
-938
-879
-806
-614
-530
-552
-629
-707
-597
-505
-469
-789
-1254
-1892
-2527
-2803
-2655
-1778
-183
1522
2939
3847
4194
3863
3007
1911
650
-910
-2529
-3697
-4443
-4692
-4285
-3332
-1973
-582
729
1657
1844
1560
891
-149
-1635
-3191
-4819
-5775
-6060
-5969
-5418
-4519
-3364
-2335
-1398
-699
-128
-8
-404
-1251
-2450
-3599
-4717
-5540
-5990
-6080
-5661
-4977
-4129
-3052
-2247
-1712
-1474
-1560
-1889
-2551
-3330
-4140
-4977
-5765
-6335
-6364
-6065
-5733
-5158
-4645
-4182
-3679
-3380
-3282
-3455
-3791
-4186
-4571
-5169
-5534
-5386
-5265
-5036
-4625
-4289
-4094
-3837
-3562
-3540
-3780
-3966
-3955
-4127
-4318
-4548
-4814
-4914
-4890
-4706
-4549
-4247
-3961
-3772
-3669
-3802
-3806
-3760
-3931
-4364
-5049
-5779
-6555
-7520
-8475
-9198
-9673
-10035
-9813
-9185
-8634
-7737
-6644
-5633
-4880
-4502
-4283
-4545
-5283
-6144
-6977
-7773
-8324
-8661
-8599
-8307
-7798
-7003
-6040
-4972
-3977
-3295
-3013
-3097
-3284
-3607
-4088
-4599
-4948
-5210
-5517
-5705
-5417
-4806
-4041
-3456
-2723
-1963
-1481
-1219
-1086
-1062
-1158
-1058
-902
-972
-974
-888
-667
-485
-173
174
592
852
1053
1213
1489
1680
1560
1396
1328
1258
1118
1097
1300
1395
1265
1143
1028
1051
1025
923
766
468
442
278
54
-63
-71
57
284
585
738
745
697
499
429
209
-288
-1090
-1874
-2150
-1704
-796
458
1767
2915
3656
3902
3573
2723
1508
94
-1013
-1894
-2518
-2582
-2146
-1193
-49
1104
2103
2716
2967
2741
2007
1221
94
-1154
-2358
-3219
-3476
-3493
-3067
-2073
-928
122
1088
1899
2405
2459
2193
1465
485
-585
-1656
-2437
-2806
-2706
-2231
-1603
-944
-207
547
1299
1702
1662
1458
1065
355
-694
-1538
-2041
-2379
-2599
-2605
-2083
-1509
-1186
-828
-348
46
188
37
-270
-749
-1244
-1706
-2204
-2559
-2611
-2574
-2423
-2245
-2029
-1714
-1465
-1519
-1496
-1468
-1688
-2009
-2289
-2575
-2745
-2840
-2678
-2473
-2449
-2630
-2623
-2535
-2427
-2357
-2311
-2220
-2281
-2508
-2806
-3338
-4198
-5091
-6217
-7184
-7784
-8022
-7993
-7741
-7003
-6177
-5275
-4387
-3426
-2603
-2216
-2463
-3175
-3841
-4692
-5533
-6137
-6513
-6699
-6601
-6124
-5404
-4269
-3128
-2207
-1556
-1131
-1023
-1144
-1400
-1975
-2485
-2857
-3197
-3386
-3276
-3006
-2456
-1816
-1312
-649
218
744
1051
1038
1071
1169
1020
686
436
432
568
797
812
989
1490
1968
2324
2482
2587
2620
2529
2495
2478
2392
2264
2106
2055
2105
2188
2143
1987
1904
1776
1545
1218
1068
1074
808
617
527
588
681
727
785
820
761
607
609
735
953
778
340
51
43
400
1084
2427
4137
5486
6414
6828
6717
6120
4879
3113
1213
-767
-2410
-3556
-4087
-3738
-2638
-1228
575
2407
3899
4718
4820
4391
3488
2068
330
-1594
-3129
-4231
-4581
-4474
-4006
-2880
-1585
-332
855
1551
1864
1664
967
77
-1036
-2229
-3356
-4445
-5117
-5138
-4709
-3964
-3083
-2210
-1350
-492
-8
-105
-437
-881
-1525
-2618
-3684
-4363
-4609
-4742
-4736
-4477
-4007
-3727
-3246
-2897
-2850
-2860
-2944
-3039
-3177
-3445
-3736
-3741
-3635
-3682
-3557
-3184
-2749
-2405
-2136
-1992
-1902
-1991
-2137
-2315
-2536
-2709
-2927
-3043
-2921
-2710
-2408
-2289
-2227
-2076
-1930
-1828
-1733
-1590
-1586
-1852
-2352
-2909
-3844
-4803
-5694
-6574
-7258
-7846
-7932
-7486
-6772
-6091
-5125
-4267
-3413
-2506
-2314
-2441
-2815
-3569
-4430
-5392
-6226
-6697
-6990
-6918
-6507
-6131
-5471
-4268
-3254
-2738
-2279
-2005
-2118
-2542
-3030
-3531
-4041
-4514
-4927
-5136
-4882
-4367
-3702
-2982
-2305
-1559
-947
-623
-463
-447
-485
-660
-829
-885
-963
-1039
-727
-303
17
356
685
1090
1304
1401
1582
1708
1669
1691
1726
1619
1536
1482
1561
1673
1580
1503
1517
1378
1246
1035
857
732
623
483
261
131
196
303
491
687
841
982
1038
1164
1154
924
420
-449
-1149
-1410
-1249
-808
147
1546
2949
3741
3893
3766
3170
2125
834
-548
-2002
-2790
-3087
-3006
-2569
-1652
-244
1123
2423
3377
3556
3241
2453
1269
-79
-1544
-2976
-4104
-4767
-4736
-4008
-2817
-1596
-384
773
1594
1806
1703
1410
876
-60
-1295
-2357
-3171
-3671
-3768
-3326
-2642
-1709
-652
313
948
1145
1127
861
360
-141
-832
-1746
-2417
-2614
-2555
-2561
-2418
-2064
-1558
-1078
-702
-265
-119
-164
-238
-631
-1170
-1531
-1835
-1923
-1820
-1815
-1859
-1635
-1187
-993
-1078
-1113
-1132
-1143
-1401
-1816
-2008
-2111
-2216
-2328
-2283
-2200
-2126
-1903
-1682
-1604
-1585
-1441
-1423
-1472
-1570
-1949
-2559
-3218
-4057
-5020
-5966
-6882
-7332
-7550
-7483
-7038
-6381
-5483
-4486
-3641
-2873
-2340
-2140
-2371
-3013
-3832
-4688
-5357
-5936
-6227
-6174
-5826
-5024
-4059
-3204
-2343
-1445
-710
-460
-466
-607
-851
-1368
-1883
-2379
-2598
-2654
-2487
-2205
-1735
-1177
-375
571
1288
1709
1916
1980
2032
2026
1929
1779
1796
1676
1613
1930
2215
2545
2920
3139
3355
3476
3593
3556
3545
3614
3607
3485
3293
3167
3208
3108
2832
2806
2799
2725
2652
2385
2234
2260
2048
1754
1542
1505
1532
1521
1479
1513
1677
1733
1819
2005
1849
1648
1443
977
405
1
41
725
1964
3361
4703
5935
6444
6453
5971
4892
3597
2207
802
-603
-1481
-1763
-1391
-472
712
1866
3223
4353
4865
4777
4221
3279
2049
747
-589
-1745
-2451
-2522
-2010
-1251
-54
1105
1972
2739
3212
3206
2798
2185
1321
205
-1056
-2007
-2376
-2363
-2079
-1435
-757
-107
623
1225
1646
1682
1567
1178
643
-113
-1172
-2028
-2356
-2464
-2396
-2161
-1908
-1445
-954
-552
-216
-99
-420
-650
-911
-1362
-1730
-2005
-2217
-2150
-1982
-1784
-1531
-1251
-905
-516
-475
-654
-936
-1277
-1532
-1697
-1646
-1677
-1876
-1931
-1733
-1510
-1229
-899
-777
-806
-651
-414
-488
-686
-967
-1416
-2107
-3172
-4145
-4911
-5799
-6356
-6535
-6429
-5994
-5394
-4752
-3998
-3061
-2285
-1697
-1457
-1507
-1781
-2391
-3254
-4328
-4997
-5331
-5500
-5309
-4739
-3961
-3107
-2282
-1474
-860
-369
-238
-477
-837
-1405
-2018
-2550
-2883
-3087
-3043
-2898
-2415
-1818
-1069
-456
62
601
1003
1153
1195
1179
1067
1027
919
805
814
991
1276
1705
2047
2414
2708
2821
3006
3137
3298
3459
3404
3088
2687
2697
2888
2912
2835
2748
2753
2914
2879
2786
2634
2307
2075
2036
1959
1663
1444
1618
1776
1834
1856
1980
2055
2087
2046
2100
1933
1317
632
294
287
838
1785
3127
4506
5684
6366
6485
6202
5431
4260
2677
1327
197
-896
-1353
-1357
-724
384
1573
2767
3801
4480
4529
4080
3443
2430
1193
-37
-1195
-2188
-2782
-2668
-2102
-958
333
1390
2249
2775
2992
2952
2566
1642
312
-721
-1450
-2142
-2563
-2474
-2057
-1396
-612
265
1125
1773
2100
1900
1451
816
65
-668
-1223
-1691
-2043
-2169
-2108
-1739
-1354
-957
-466
-50
177
121
-3
-209
-688
-1143
-1421
-1705
-2021
-2033
-1662
-1106
-636
-342
-148
37
177
82
-157
-381
-673
-917
-1213
-1372
-1194
-990
-897
-780
-758
-660
-539
-371
-59
30
-75
-251
-752
-1433
-2230
-3280
-4332
-5081
-5718
-6064
-6060
-5871
-5333
-4423
-3599
-2763
-2023
-1499
-1144
-989
-1311
-1946
-2637
-3329
-4137
-4750
-4953
-4992
-4665
-3840
-3020
-2299
-1445
-500
40
148
72
-62
-343
-897
-1502
-1979
-2377
-2481
-2219
-1620
-913
-268
295
896
1578
1882
2136
2221
2079
2087
1899
1787
1897
2089
2134
2222
2413
2689
3010
3454
3710
3775
3935
4107
3935
3803
3782
3582
3416
3488
3655
3490
3431
3412
3312
3164
3103
3039
2825
2616
2344
2132
2030
1987
2160
2266
2312
2327
2340
2327
2267
2253
2363
2311
2057
1417
705
335
666
1657
3007
4455
5842
6616
6973
6723
5938
4873
3485
2148
742
-479
-1123
-1329
-838
79
1257
2685
3886
4709
4980
4791
4105
3108
1757
313
-925
-1789
-2209
-2215
-1651
-810
119
1372
2361
3037
3472
3471
3057
2259
1185
44
-981
-1773
-2080
-2000
-1679
-1124
-488
352
1171
1783
2194
2163
1919
1450
779
99
-648
-1402
-1803
-1908
-1829
-1567
-1114
-626
-144
422
658
514
375
160
-292
-778
-1235
-1502
-1529
-1433
-1181
-867
-586
-282
79
330
434
525
435
109
-320
-647
-718
-766
-856
-941
-793
-434
-209
-137
-85
-23
40
136
222
76
-331
-1004
-1840
-2793
-3676
-4495
-5267
-5626
-5769
-5565
-5066
-4240
-3492
-2652
-1737
-1162
-762
-540
-751
-1088
-1738
-2716
-3572
-4113
-4393
-4525
-4208
-3524
-2787
-2010
-1210
-406
146
682
798
577
188
-264
-856
-1364
-1599
-1739
-1720
-1330
-601
153
675
1227
1713
2012
2249
2297
2025
1713
1478
1268
1308
1544
1789
2195
2560
2978
3189
3020
2474
1867
1297
860
594
549
754
1231
2041
2795
3585
4153
4307
4059
3340
2483
1689
811
127
-89
154
826
1835
3045
4410
5679
6459
6809
6833
6316
5615
4799
4123
3463
2844
2589
2576
2974
3959
5541
7351
8905
10078
10603
10329
9509
8216
6584
4953
3376
1978
917
697
1216
1952
2881
4057
5238
6201
6409
6008
5477
4633
3379
1973
714
-275
-1137
-1677
-1645
-956
106
1221
2153
2764
3210
3290
3014
2387
1473
506
-605
-1527
-2129
-2597
-2811
-2576
-1985
-1155
-281
470
1107
1388
1381
1111
630
-137
-878
-1499
-2047
-2327
-2167
-1699
-1250
-717
-35
642
1201
1429
1558
1580
1389
1020
685
531
478
459
727
1211
1771
2031
2294
2633
2777
2722
2594
2434
2263
1982
1807
1583
1352
1202
1159
1311
1478
1452
1423
1493
1486
1457
1495
1498
1328
902
395
-273
-1042
-1807
-2885
-3726
-4362
-4855
-4930
-4772
-4392
-3482
-2550
-1752
-1172
-747
-620
-811
-1380
-2023
-2838
-3854
-4632
-5057
-5139
-4937
-4511
-3906
-3107
-2386
-1692
-951
-593
-512
-669
-1342
-2002
-2521
-3248
-3699
-3847
-3871
-3616
-3283
-2800
-2236
-1626
-1005
-395
70
167
19
-168
-469
-892
-1430
-1860
-2115
-2222
-1908
-1333
-796
-158
632
1219
1449
1470
1270
710
138
-619
-1202
-1467
-1539
-1434
-1286
-854
-162
302
505
649
582
285
-282
-1112
-1865
-2578
-3107
-3365
-3543
-3311
-2822
-2241
-1708
-1496
-1363
-1525
-1955
-2894
-4159
-5116
-5692
-5648
-4750
-3327
-1529
105
1253
1711
1470
676
-614
-2301
-4345
-6272
-7742
-8514
-8606
-7850
-6582
-4732
-2881
-1412
-225
440
214
-763
-2017
-3375
-4992
-6505
-7494
-7859
-7572
-6665
-5254
-3636
-2168
-1062
-249
220
277
-120
-922
-1999
-3020
-3985
-4630
-4954
-4930
-4217
-3157
-2187
-1232
-211
563
1031
1063
757
309
-363
-1151
-1760
-2350
-2699
-2810
-2760
-2247
-1498
-885
-538
-287
76
320
263
-2
-442
-949
-1257
-1487
-1653
-1543
-1212
-923
-585
-160
150
218
204
133
31
-223
-445
-916
-1321
-1347
-1032
-791
-617
-273
61
228
310
427
717
841
764
646
298
-168
-833
-1652
-2602
-3313
-3790
-4019
-3987
-3584
-2896
-2106
-1161
-199
621
1222
1591
1894
1790
1179
534
-71
-640
-1121
-1195
-956
-596
105
1228
2288
3025
3553
3877
4207
4265
3880
3187
2610
2142
1840
1619
1399
1400
1559
2052
2713
3418
4050
4324
4380
4330
4135
3840
3525
3222
2954
2711
2611
2811
2942
3147
3286
3449
3602
3827
3902
3880
3658
3464
3376
3220
3184
3229
3196
2994
2891
2942
3005
3027
2839
2681
2472
2317
2133
1950
1820
1669
1625
1588
1685
1826
1970
2084
2183
2253
2329
2156
1869
1511
977
361
-118
84
850
1795
2962
4307
5342
5887
5733
5088
4191
3190
2138
1119
249
-226
-185
487
1357
2622
3923
5022
5669
5770
5453
4894
3955
2649
1526
637
-130
-577
-286
424
1253
2245
3259
4117
4736
5115
5229
4732
3879
2912
1868
1120
612
244
133
574
1360
2270
3003
3766
4275
4377
4300
3983
3445
2817
2119
1411
853
614
511
556
931
1430
1909
2309
2759
3082
3135
2778
2173
1767
1508
1368
1251
975
792
889
1093
1377
1721
1932
2032
2012
1937
1902
1806
1733
1395
1238
1052
955
1010
1188
1440
1830
2186
2183
2064
2204
2487
2511
2472
2214
1610
845
46
-745
-1427
-2134
-2502
-2560
-2535
-2121
-1489
-656
282
1110
1752
2009
2211
1990
1478
886
10
-696
-1016
-1144
-1282
-1164
-669
131
1235
2087
2817
3472
3604
3407
2935
2338
1825
1165
433
-57
-242
-270
-45
439
872
1302
1809
2209
2470
2519
2439
2103
1753
1495
1101
705
651
713
742
804
875
1100
1406
1679
1826
1842
1739
1633
1420
1053
803
742
794
708
368
158
273
482
410
133
-148
-143
-138
-477
-688
-904
-1049
-1016
-994
-971
-956
-891
-765
-600
-539
-568
-623
-1005
-1619
-2001
-2069
-1649
-619
761
2305
3754
4917
5346
5049
4117
2944
1346
-632
-2461
-3918
-4799
-4990
-4722
-3879
-2048
-69
1524
2790
3462
3524
3031
2032
576
-1027
-2806
-4218
-5013
-5323
-5018
-4248
-2951
-1542
-417
427
1207
1596
1420
730
-365
-1674
-2871
-3930
-4865
-5052
-4859
-4175
-3205
-2332
-1459
-774
-90
363
281
-175
-773
-1564
-2266
-3064
-3706
-4118
-4134
-3898
-3521
-3026
-2448
-1980
-1734
-1690
-1638
-1504
-1651
-2024
-2137
-2180
-2261
-2316
-2160
-1761
-1241
-790
-483
-77
91
-51
-259
-478
-624
-714
-888
-928
-968
-715
-470
-145
245
489
619
720
880
887
931
883
644
200
-559
-1487
-2385
-3165
-3824
-4189
-4336
-4315
-3905
-3153
-2458
-1661
-773
222
767
899
875
581
-148
-1053
-1801
-2302
-2752
-2974
-2932
-2484
-1597
-490
416
1067
1490
1849
1950
1738
1333
705
-2
-612
-1211
-1687
-1658
-1333
-953
-539
-76
494
973
1362
1403
1356
1323
1127
844
488
130
-59
-97
71
273
363
626
917
1209
1496
1686
1743
1716
1623
1364
1160
1185
1153
957
1025
1279
1268
1254
1155
992
818
608
522
407
228
146
174
-51
-327
-234
-119
76
246
446
719
831
749
479
98
-278
-590
-617
-225
