-4778
-4580
-4391
-4008
-3937
-4011
-3980
-4016
-4174
-4460
-4698
-4903
-5011
-4861
-4563
-4296
-3960
-3710
-3416
-3108
-3084
-3090
-3121
-3138
-3311
-3922
-4582
-5412
-6287
-7297
-8025
-8335
-8530
-8383
-8111
-7574
-6831
-5836
-4891
-4054
-3414
-3186
-3249
-3825
-4448
-5222
-6071
-6648
-6862
-6958
-6853
-6341
-5460
-4474
-3442
-2673
-2213
-1972
-1916
-2127
-2491
-3086
-3823
-4570
-5177
-5543
-5478
-5226
-4731
-4081
-3562
-3083
-2682
-2372
-2383
-2933
-3750
-4578
-5306
-5391
-5395
-5223
-4436
-3230
-1983
-1125
-886
-1402
-2493
-4010
-5970
-8300
-10156
-11371
-11904
-11608
-10623
-9110
-7510
-6131
-5088
-4644
-4901
-5858
-7326
-8998
-10677
-12198
-13121
-13204
-12244
-10418
-8081
-5391
-2762
-725
708
1473
1523
700
-630
-2146
-3799
-5435
-6830
-7338
-6616
-4812
-2252
537
3173
5343
6557
6675
5848
4349
2296
-62
-2443
-4476
-5856
-6276
-5795
-4699
-3199
-1539
-237
488
764
377
-639
-2405
-4510
-6652
-8537
-9862
-10596
-10543
-9472
-7904
-6470
-5003
-3762
-3249
-3072
-3615
-4681
-6090
-7624
-9219
-10579
-11686
-12295
-12218
-11558
-10358
-8824
-7438
-6225
-5262
-4751
-4763
-5126
-6018
-7215
-8581
-9775
-10829
-11325
-11618
-11341
-10654
-9411
-8177
-7061
-5919
-4995
-4389
-3870
-3706
-3773
-3957
-3915
-3861
-3891
-3410
-3034
-2672
-2240
-1846
-1419
-962
-673
-555
-615
-990
-1270
-1577
-1890
-2011
-1983
-1817
-1868
-1972
-1983
-2069
-2286
-2376
-2538
-2763
-2792
-2932
-3406
-3897
-4171
-4697
-5276
-5752
-6290
-6789
-7054
-7021
-6780
-6320
-5687
-5010
-4376
-3874
-3406
-3396
-3523
-3914
-4820
-5731
-6713
-7754
-8523
-8863
-8781
-8393
-7771
-6980
-6109
-5342
-4746
-4302
-4182
-4232
-4424
-4759
-5277
-5649
-5790
-5727
-5455
-4937
-4159
-3330
-2354
-1638
-950
-138
656
1201
1462
1477
1481
1289
983
356
-542
-1550
-2756
-3977
-4759
-4816
-3860
-2107
-73
1663
3131
4387
5102
5077
4081
2487
601
-1381
-2998
-4165
-4434
-3901
-2585
-630
1528
3590
5027
5805
5880
5272
3995
2435
725
-759
-1891
-2390
-2123
-1042
669
2719
4487
5855
6634
6613
6264
5975
5751
5720
5836
5983
6169
6449
6489
6004
5389
4583
3789
2723
1475
396
-269
-603
-396
315
1138
2030
2969
3808
4202
4119
3644
2935
1753
602
-478
-1582
-2164
-2413
-2280
-1811
-1103
-335
404
909
1189
1235
933
192
-699
-1745
-2763
-3623
-4221
-4574
-4621
-4368
-4100
-3931
-3760
-3555
-3480
-3602
-3773
-3967
-4187
-4561
-4914
-4952
-4833
-4651
-4571
-4325
-3955
-3701
-3502
-3454
-3443
-3422
-3677
-3925
-4102
-4290
-4525
-4423
-4069
-3595
-3103
-2688
-2361
-1891
-1407
-1156
-1176
-1312
-1605
-1885
-2169
-2503
-2913
-3184
-3501
-3655
-3348
-3104
-2934
-2622
-2412
-2086
-1858
-1818
-2046
-2433
-3204
-4252
-5523
-6853
-8174
-9311
-10166
-10503
-10438
-10020
-9312
-8410
-7429
-6440
-5562
-5100
-4780
-4943
-5552
-6318
-7296
-8131
-8976
-9766
-10075
-9959
-9647
-8961
-8112
-7474
-6757
-6038
-5749
-5697
-5805
-6126
-6568
-7045
-7587
-8105
-8210
-8172
-8079
-7792
-6872
-5985
-5363
-4979
-4363
-3814
-3518
-3317
-3196
-3130
-3102
-2976
-2804
-2578
-2219
-1854
-1446
-957
-557
-360
-354
-507
-596
-691
-868
-1071
-1181
-1278
-1591
-1707
-1880
-1894
-1648
-1284
-1226
-1462
-1781
-1948
-2179
-2375
-2534
-2818
-3140
-3349
-3200
-3077
-2943
-2778
-2836
-2696
-2378
-2172
-2259
-2709
-3369
-3928
-4325
-4325
-3947
-2944
-1452
-64
707
850
653
-229
-1386
-2770
-4197
-5662
-7116
-8051
-8409
-8104
-7136
-5747
-4183
-2951
-2123
-1648
-1685
-2232
-3232
-4590
-6171
-7742
-8871
-9389
-9441
-8897
-7827
-6517
-5247
-4097
-3269
-2735
-2575
-2979
-3649
-4587
-5628
-6808
-7895
-8302
-8400
-8391
-7721
-6743
-5879
-5054
-4213
-3580
-3329
-3293
-3477
-3977
-4806
-5744
-6461
-6929
-6969
-6848
-6694
-6340
-5837
-5395
-5034
-4643
-4588
-4637
-4869
-5319
-5738
-6186
-6527
-6809
-6841
-6639
-6460
-6312
-6017
-5783
-5488
-5281
-5206
-5382
-5881
-6311
-6619
-6807
-6832
-6793
-6732
-6506
-6230
-6001
-5704
-5610
-5458
-5390
-5330
-5092
-5080
-5322
-5899
-6663
-7540
-8399
-9272
-10089
-10669
-10995
-11000
-10609
-10026
-9232
-8235
-7095
-6141
-5635
-5323
-5405
-5899
-6748
-7664
-8518
-9041
-9454
-9892
-9718
-9005
-8060
-7000
-5714
-4660
-4062
-3693
-3413
-3554
-4014
-4466
-4884
-5237
-5590
-5798
-5715
-5558
-5173
-4317
-3353
-2589
-1991
-1510
-1141
-841
-866
-1077
-1246
-1214
-1279
-1300
-1128
-773
-526
-328
33
591
1088
1327
1496
1574
1415
1464
1528
1308
1128
1065
1121
1153
1128
1039
970
837
735
655
471
159
-81
-330
-441
-417
-343
-223
-290
-156
2
133
215
346
336
420
341
-240
-982
-1475
-1524
-985
65
1467
2922
4129
4725
4914
4527
3672
2381
1116
-46
-1304
-2206
-2786
-2833
-2300
-1252
133
1588
2575
3098
3231
2835
2015
1027
-208
-1479
-2648
-3415
-3537
-3314
-2734
-1788
-620
400
1240
1622
1759
1561
859
-77
-1220
-2306
-3225
-3976
-4257
-4007
-3481
-2685
-1900
-1362
-743
-67
190
-20
-351
-855
-1556
-2480
-3249
-3756
-4164
-4158
-3956
-3414
-2855
-2499
-2055
-1717
-1564
-1707
-1991
-2407
-2869
-3266
-3487
-3889
-3852
-3574
-3408
-3105
-2768
-2346
-2065
-2111
-2218
-2398
-2672
-2959
-3097
-3331
-3507
-3491
-3579
-3618
-3233
-2721
-2626
-2567
-2601
-2298
-2070
-1963
-2030
-2424
-2893
-3290
-4093
-5032
-6006
-7047
-7776
-8188
-8232
-8065
-7673
-6966
-6028
-5056
-4237
-3650
-3327
-3325
-3704
-4396
-5241
-6181
-6814
-7396
-7849
-7944
-7511
-6756
-5823
-4852
-3953
-3209
-2784
-2370
-2378
-2719
-3214
-3811
-4213
-4522
-4836
-5044
-4967
-4588
-3865
-3345
-2758
-2080
-1516
-1222
-925
-848
-834
-1013
-1234
-1334
-1284
-1114
-1131
-1060
-783
-450
-184
111
536
764
834
912
912
944
901
776
723
727
548
443
391
305
425
482
321
51
-107
-115
-185
-569
-916
-1022
-878
-697
-766
-838
-604
-452
-467
-471
-631
-761
-1064
-1787
-2535
-2922
-2753
-1945
-648
909
2338
3258
3653
3408
2647
1473
132
-1472
-2953
-4133
-4799
-4867
-4226
-3267
-1973
-417
816
1591
1800
1525
844
-376
-1850
-3322
-4576
-5610
-6025
-5870
-5351
-4515
-3518
-2285
-1218
-473
-285
-406
-849
-1781
-2892
-3936
-4892
-5612
-6124
-6067
-5520
-4917
-4240
-3385
-2561
-1996
-1866
-1834
-2134
-2732
-3336
-4034
-4899
-5553
-6053
-6407
-6343
-5854
-5294
-4803
-4130
-3618
-3378
-3316
-3574
-4056
-4659
-5134
-5467
-5600
-5667
-5758
-5649
-5347
-4959
-4424
-4001
-3872
-4010
-4147
-4262
-4495
-4810
-5156
-5405
-5406
-5397
-5321
-5021
-4843
-4612
-4497
-4333
-4159
-4026
-3865
-3958
-4042
-4381
-4933
-5732
-6857
-7850
-8433
-9093
-9743
-10017
-10008
-9500
-8709
-7876
-6902
-5884
-5214
-4793
-4656
-4905
-5497
-6420
-7346
-8065
-8547
-8889
-9062
-8820
-8023
-7074
-6023
-5107
-4419
-3927
-3643
-3408
-3474
-3819
-4333
-4924
-5328
-5584
-5608
-5384
-4974
-4473
-3997
-3249
-2425
-1808
-1514
-1173
-892
-814
-908
-1244
-1487
-1468
-1361
-1335
-1083
-666
-252
115
481
863
1104
1246
1400
1408
1348
1222
1143
1234
1318
1231
1083
1011
1084
1215
1122
861
770
776
616
480
204
18
-70
-217
-169
257
556
612
541
432
430
382
221
-66
-749
-1689
-2639
-3404
-3413
-2793
-1750
-491
711
1517
1694
1502
1101
449
-459
-1450
-2188
-2613
-2650
-2357
-1717
-636
489
1472
2181
2280
1940
1286
268
-856
-1886
-2874
-3554
-3662
-3366
-2783
-1915
-823
362
1182
1730
2164
2175
1669
915
127
-704
-1529
-2229
-2564
-2346
-1927
-1244
-313
474
1077
1603
1947
1955
1710
1233
521
-144
-758
-1469
-1898
-2077
-2012
-1639
-968
-360
170
507
664
845
662
267
-203
-830
-1372
-1968
-2364
-2630
-2701
-2686
-2603
-2464
-2324
-2149
-1995
-1972
-2189
-2542
-2731
-2967
-3220
-3417
-3504
-3595
-3611
-3315
-3196
-3281
-3224
-3060
-2857
-2870
-2774
-2814
-3063
-3526
-4183
-4909
-5726
-6617
-7504
-8185
-8574
-8601
-8175
-7439
-6560
-5677
-4809
-4138
-3625
-3251
-3336
-3695
-4344
-5172
-5959
-6630
-6993
-6951
-6596
-5900
-5259
-4541
-3587
-2573
-1706
-1196
-972
-869
-1161
-1780
-2314
-2879
-3207
-3257
-3173
-2747
-2299
-1792
-1171
-428
407
927
1037
1081
910
795
508
57
64
156
261
453
614
790
1118
1490
1818
2008
2118
2148
2098
1985
1823
1561
1405
1291
1193
1129
1114
1162
1249
1136
834
804
700
407
385
296
7
-323
-481
-350
-255
-295
-201
-179
-177
-1
163
89
-146
-445
-446
-77
761
1983
3550
5114
6164
6972
7392
7040
5939
4232
2221
-166
-2355
-3992
-5145
-5584
-5079
-3741
-1858
259
2529
4334
5250
5317
4804
3731
2218
376
-1529
-3425
-4893
-5550
-5365
-4593
-3358
-1981
-725
343
1194
1507
1152
372
-678
-1911
-3444
-4787
-5629
-6266
-6612
-6325
-5472
-4388
-3364
-2357
-1284
-763
-850
-1234
-1864
-2482
-3201
-4098
-4929
-5640
-5931
-5992
-5892
-5571
-5042
-4778
-4546
-4338
-4144
-4094
-4222
-4361
-4640
-4874
-4793
-4417
-4058
-3757
-3367
-2934
-2500
-2274
-2186
-2206
-2204
-2398
-2567
-2680
-2899
-3151
-3199
-2894
-2671
-2388
-1874
-1453
-1292
-1219
-888
-547
-717
-994
-1347
-1801
-2461
-3479
-4402
-5277
-6048
-6713
-7090
-7042
-6575
-6067
-5437
-4406
-3309
-2489
-1961
-1789
-1706
-2093
-2974
-4167
-5057
-5821
-6470
-6888
-6818
-6395
-5808
-4893
-3910
-3154
-2607
-2250
-1991
-1906
-2156
-2626
-3231
-3950
-4631
-5149
-5244
-4977
-4553
-4016
-3331
-2599
-1882
-1225
-797
-607
-619
-510
-594
-749
-860
-934
-883
-668
-285
40
357
687
1034
1358
1544
1565
1761
1874
2059
2162
2110
2055
2086
2098
2002
2062
2223
2235
2155
2239
2196
1805
1328
1207
1251
1173
1232
1289
1259
1371
1580
1601
1614
1642
1734
1848
1754
1275
493
-319
-898
-1033
-812
-292
591
1825
2820
3287
3163
2585
1661
403
-936
-2102
-3005
-3341
-3085
-2435
-1304
202
1422
2538
3234
3308
2990
2184
1125
-324
-1761
-3000
-4121
-4703
-4641
-3884
-2739
-1426
-215
877
1870
2280
2175
1824
1387
461
-719
-1652
-2345
-2563
-2454
-1891
-1117
-429
305
1065
1602
1994
2048
1910
1511
755
3
-668
-1387
-1850
-1821
-1497
-1119
-772
-246
331
844
1168
1122
966
837
477
-97
-415
-660
-880
-1050
-1137
-1057
-989
-978
-994
-906
-897
-926
-1140
-1393
-1763
-1981
-2223
-2456
-2546
-2677
-2642
-2424
-2131
-2036
-2087
-2042
-1906
-1813
-1772
-2007
-2497
-2974
-3699
-4631
-5465
-6271
-6871
-7342
-7811
-7946
-7429
-6594
-5751
-4868
-4042
-3417
-2965
-2799
-2971
-3426
-4239
-4978
-5631
-6161
-6568
-6687
-6302
-5521
-4349
-3166
-2184
-1535
-1034
-471
-244
-433
-844
-1372
-1752
-2100
-2198
-2373
-2430
-2002
-1353
-709
-54
625
1314
1883
2136
2203
2386
2402
2198
2156
2020
1853
1986
2266
2549
2808
3014
3181
3500
3846
3983
4045
4192
4064
3897
3731
3567
3495
3316
3144
3098
3271
3389
3321
3130
2810
2560
2287
2101
1994
1652
1543
1666
1910
2036
2036
2087
2078
2009
1989
1975
1769
1400
854
282
-199
-117
503
1595
2886
4209
5482
6280
6276
5662
4726
3551
2090
594
-532
-1198
-1318
-995
-138
1146
2414
3579
4590
5181
5011
4344
3520
2419
979
-375
-1398
-1836
-1863
-1515
-718
244
1307
2254
3044
3315
3403
3079
2339
1539
379
-820
-1844
-2212
-2103
-2094
-1642
-754
335
1160
1586
1914
1958
1786
1266
448
-438
-1120
-1591
-2191
-2586
-2473
-2190
-1895
-1577
-1082
-553
-395
-416
-623
-834
-1050
-1500
-1835
-2054
-2333
-2519
-2575
-2288
-1925
-1644
-1340
-1288
-1118
-1039
-1031
-1269
-1648
-1894
-2244
-2440
-2444
-2323
-2131
-1746
-1388
-1251
-1149
-1025
-1018
-914
-780
-752
-1009
-1537
-2228
-3239
-4092
-4773
-5462
-6060
-6322
-6380
-6102
-5550
-4636
-3744
-2889
-2236
-1806
-1684
-1848
-2209
-2760
-3562
-4431
-5167
-5636
-5669
-5288
-4721
-4059
-3250
-2476
-1609
-944
-547
-506
-735
-1077
-1560
-2253
-2772
-3116
-3392
-3394
-3008
-2482
-1941
-1327
-687
-104
377
654
809
741
546
443
489
443
287
156
283
680
1034
1418
1733
2044
2231
2363
2429
2467
2386
2391
2308
2177
1975
1983
2026
2038
1977
2052
2141
2071
2030
1902
1671
1509
1493
1410
1389
1297
1117
1090
1256
1425
1440
1535
1663
1745
1665
1209
605
32
-489
-520
94
1252
2781
3965
5016
5773
5915
5357
4473
3284
1916
486
-766
-1707
-2135
-1977
-1394
-382
940
2198
3311
3947
4075
3819
2963
1685
366
-1008
-2074
-2738
-3073
-2922
-2435
-1503
-251
745
1572
2129
2306
2058
1580
710
-351
-1376
-2251
-2917
-3401
-3371
-2803
-2007
-1052
-148
619
1081
1199
1137
787
186
-569
-1301
-1869
-2343
-2726
-2772
-2554
-2062
-1648
-1277
-830
-513
-342
-215
-297
-638
-1100
-1466
-1633
-1819
-2088
-2108
-1960
-1484
-1048
-758
-429
-358
-332
-390
-680
-985
-1232
-1187
-1340
-1559
-1469
-1285
-1281
-1080
-662
-440
-284
-196
-98
-55
-117
-410
-833
-1378
-2235
-3079
-3913
-4811
-5476
-5908
-6120
-5885
-5357
-4715
-3811
-2845
-2035
-1386
-1058
-1068
-1350
-1910
-2834
-3882
-4412
-4729
-5067
-5097
-4823
-4036
-3026
-2150
-1279
-493
121
503
407
73
-338
-800
-1325
-1888
-2217
-2328
-1954
-1426
-887
-237
411
1031
1637
2126
2418
2604
2636
2464
2205
1951
1989
2068
2268
2536
2756
3077
3541
3890
4006
4183
4311
4369
4404
4276
4053
3980
3939
3846
3808
3740
3739
3696
3715
3809
3776
3593
3286
3075
2864
2693
2647
2642
2680
2737
2788
2940
2952
2792
2727
2793
2799
2639
2227
1646
1077
782
1117
2050
3313
4727
5838
6695
6994
6630
5930
5041
3698
2240
1031
-39
-684
-811
-327
895
2129
3390
4429
5038
5335
5195
4399
3385
2048
656
-516
-1494
-1974
-1853
-1246
-285
815
1872
2884
3433
3605
3357
2906
2165
1231
328
-628
-1372
-1704
-1629
-1295
-849
7
820
1518
1984
2371
2383
2140
1664
896
71
-634
-1068
-1417
-1592
-1536
-1404
-1053
-483
15
452
654
628
425
209
-207
-620
-960
-1210
-1343
-1293
-1095
-680
-369
-130
3
47
173
222
75
-202
-387
-632
-898
-933
-926
-829
-528
-417
-296
-203
20
263
425
412
267
170
-175
-826
-1638
-2507
-3432
-4275
-4809
-5179
-5397
-5456
-5158
-4557
-3775
-3009
-2033
-1149
-857
-740
-878
-1448
-2274
-3069
-3593
-4305
-4775
-4852
-4455
-3831
-3087
-2159
-1218
-350
182
457
433
288
-125
-624
-1177
-1508
-1809
-2000
-1992
-1801
-1174
-448
213
878
1248
1541
1747
1755
1400
1051
948
876
857
985
1443
1925
2215
2390
2509
2417
1877
1162
571
86
-207
-174
188
781
1458
2064
2811
3421
3688
3362
2859
2234
1374
511
-156
-504
-397
249
1244
2441
3868
5220
6142
6423
6306
6017
5347
4422
3578
2902
2283
1733
1660
2143
3135
4651
6418
8233
9612
9994
9675
8727
7350
5713
4037
2549
1215
236
-213
0
721
1880
3273
4577
5331
5583
5498
4854
3795
2495
1091
-263
-1460
-2277
-2568
-2218
-1678
-914
-110
756
1596
2201
2262
1840
1317
458
-667
-1877
-2649
-3204
-3487
-3522
-3311
-2738
-1895
-1072
-393
130
440
344
-39
-453
-1068
-1857
-2667
-3132
-3146
-3003
-2745
-2347
-1556
-819
-316
38
389
715
759
535
263
11
-298
-363
-329
-293
50
529
934
1301
1585
1819
1846
1651
1373
1180
1039
881
667
536
565
706
662
696
826
1061
1160
1102
1063
991
927
740
423
-36
-624
-1521
-2616
-3526
-4129
-4694
-4940
-4814
-4638
-4371
-3952
-3376
-2496
-1754
-1233
-921
-1137
-1779
-2543
-3332
-4203
-4902
-5340
-5614
-5534
-5078
-4463
-3553
-2630
-1837
-1246
-993
-926
-1069
-1482
-2223
-2881
-3278
-3707
-4110
-4144
-3948
-3544
-2848
-2139
-1591
-1163
-717
-304
37
97
-192
-521
-945
-1442
-1827
-2149
-2241
-1743
-1117
-572
142
763
1319
1681
1511
1216
911
377
-385
-1065
-1481
-1432
-1233
-908
-396
174
542
833
1141
1102
723
15
-800
-1464
-2093
-2685
-2947
-3066
-2916
-2447
-1863
-1355
-1076
-811
-991
-1647
-2673
-3913
-5089
-5720
-5465
-4518
-3246
-1665
9
1279
1840
1495
545
-525
-2015
-3799
-5470
-6881
-7999
-8350
-7591
-5973
-4223
-2617
-1096
-139
204
81
-578
-1853
-3338
-4926
-6114
-6971
-7152
-6656
-5759
-4652
-3472
-2238
-1040
-213
252
286
-161
-1020
-2029
-3047
-4062
-4768
-4886
-4581
-3846
-3128
-2079
-908
18
678
1089
1073
806
292
-566
-1368
-1871
-2209
-2602
-2687
-2455
-1936
-1339
-865
-234
162
401
430
213
-59
-437
-798
-1128
-1223
-1358
-1391
-1116
-757
-455
-188
40
120
361
485
167
-147
-379
-605
-760
-904
-975
-858
-574
-296
110
491
761
904
916
1060
1125
980
487
-70
-515
-1264
-2069
-2762
-3407
-3885
-4061
-3774
-3090
-2135
-1131
-191
676
1524
1988
2044
1770
1145
501
-150
-701
-1119
-1195
-1079
-631
112
891
1938
2803
3473
4103
4304
4114
3706
3180
2685
2363
2012
1546
1130
1118
1438
1883
2571
3238
3639
3819
3971
4063
4000
3671
3267
3102
2937
2905
2937
2863
2711
2795
3111
3378
3529
3621
3810
3807
3678
3574
3519
3229
2950
2923
2881
2671
2504
2709
2854
2815
2705
2690
2615
2329
2104
1872
1692
1561
1438
1564
1777
1864
1868
1900
2049
2142
2096
1952
1836
1471
1015
360
-35
216
1109
2437
3981
5425
6349
6762
6499
5805
4724
3483
2125
800
-180
-507
-383
81
987
2295
3556
4650
5304
5633
5529
4946
3971
2683
1394
222
-570
-918
-850
-200
637
1693
2887
3864
4360
4465
4292
4037
3378
2312
1250
395
-338
-706
-545
-159
370
1082
1877
2577
3080
3471
3576
3363
2897
2083
1233
554
64
-356
-499
-384
-52
415
900
1481
1983
2053
1994
1994
1630
1122
724
549
313
155
164
301
658
1086
1391
1658
1795
1881
1842
1697
1579
1315
1224
1142
974
939
1107
1355
1541
1671
1801
2037
2299
2418
2476
2301
2255
2048
1585
964
210
-715
-1427
-2054
-2539
-2869
-2690
-2172
-1514
-804
-87
674
1423
1888
2177
2078
1411
626
-163
-845
-1321
-1577
-1633
-1391
-894
-222
590
1434
2256
2809
2930
2763
2426
1887
1254
467
-167
-649
-857
-774
-513
-210
152
669
1211
1604
1760
1723
1622
1437
1186
853
451
110
-66
60
123
292
555
854
1088
1153
1195
1060
997
1027
794
554
515
612
680
689
486
218
216
382
414
330
201
13
-303
-549
-764
-950
-1076
-1034
-943
-916
-916
-920
-841
-806
-707
-673
-668
-1016
-1637
-2348
-3032
-3084
-2376
-1077
642
2159
3345
3901
3862
3268
2250
1011
-471
-2061
-3340
-4096
-4218
-3933
-3254
-2012
-473
934
1828
2297
2272
1733
822
-310
-1643
-2974
-4126
-4819
-5089
-4707
-3710
-2576
-1406
-326
457
950
1049
661
-91
-893
-1795
-2774
-3576
-4186
-4349
-4196
-3556
-2669
-1920
-1103
-284
347
701
562
47
-731
-1500
-2154
-2748
-3249
-3422
-3400
-3109
-2639
-2040
-1460
-1070
-820
-698
-735
-989
-1291
-1665
-1850
-1926
-2163
-2183
-1985
-1732
-1655
-1209
-659
-356
-300
-199
-381
-540
-550
-791
-1039
-1095
-1132
-1008
-924
-663
-271
-7
97
112
270
401
464
456
295
-296
-1085
-1829
-2551
-3225
-3935
-4446
-4712
-4758
-4394
-3709
-2808
-1846
-1090
-267
242
421
342
-11
-514
-1209
-2055
-2637
-3113
-3180
-2950
-2499
-1771
-858
93
865
1457
1846
1918
1766
1430
868
263
-286
-820
-1204
-1340
-1227
-818
-290
181
728
1304
1634
1590
1571
1544
1291
917
518
292
191
135
156
355
705
1023
1230
1374
1514
1796
1977
1677
1377
1174
972
913
940
947
1088
1131
1140
1099
1045
1026
931
709
398
173
37
-191
-272
-284
-360
-336
-162
-39
78
326
411
472
423
106
-186
-373
-101
494
1148
