-4991
-4665
-4248
-3926
-3729
-3729
-3925
-3964
-3973
-4103
-4548
-4738
-4782
-4725
-4496
-4379
-4344
-4065
-3839
-3741
-3537
-3347
-3156
-3234
-3610
-3961
-4414
-5167
-6148
-7040
-7742
-8151
-8456
-8567
-8293
-7766
-6943
-6077
-5155
-4219
-3625
-3284
-3346
-3636
-4363
-5437
-6318
-6771
-7073
-7113
-6854
-6297
-5570
-4769
-3603
-2596
-2024
-1900
-1950
-2175
-2561
-3091
-3705
-4372
-4989
-5288
-5235
-4861
-4390
-4023
-3435
-2844
-2482
-2291
-2458
-2939
-3629
-4431
-4991
-5355
-5453
-5196
-4361
-3279
-2061
-1041
-821
-1380
-2609
-4147
-6108
-8207
-9931
-11278
-11954
-11822
-10635
-8831
-7200
-5799
-4802
-4259
-4475
-5551
-7045
-8942
-10819
-12200
-12931
-13077
-12407
-10673
-8204
-5381
-2894
-909
371
1071
1196
677
-412
-1877
-3635
-5228
-6417
-6890
-6341
-4568
-1855
1067
3669
5683
6792
6773
5769
4049
2007
-260
-2690
-4686
-5967
-6541
-6182
-5008
-3323
-1652
-181
875
1235
708
-565
-2196
-3990
-5982
-8085
-9707
-10556
-10518
-9813
-8527
-6961
-5336
-4111
-3519
-3441
-3735
-4549
-5925
-7647
-9255
-10663
-11815
-12414
-12432
-11935
-10992
-9514
-7804
-6620
-5693
-5113
-5156
-5556
-6340
-7478
-8772
-9923
-10880
-11507
-11764
-11524
-10984
-9902
-8509
-7257
-5898
-4952
-4394
-3995
-3657
-3419
-3614
-4096
-4243
-4140
-3700
-3270
-2968
-2549
-1895
-1240
-929
-796
-742
-859
-1074
-1413
-1703
-1724
-1788
-1850
-1725
-1661
-1648
-1596
-1631
-1858
-2146
-2400
-2524
-2568
-2772
-3162
-3538
-3822
-4465
-5153
-5633
-6133
-6547
-6751
-6952
-6840
-6300
-5502
-4932
-4340
-3665
-3154
-2993
-3299
-3717
-4500
-5451
-6486
-7257
-7881
-8390
-8485
-8119
-7678
-7020
-6311
-5497
-4730
-4276
-4057
-4038
-4315
-4662
-4977
-5492
-5741
-5586
-5339
-4973
-4247
-3358
-2392
-1414
-548
182
814
1229
1515
1721
1799
1558
1259
577
-248
-1190
-2465
-3738
-4513
-4381
-3475
-1762
75
1863
3389
4617
5309
5281
4413
2770
796
-1019
-2787
-4018
-4234
-3459
-1949
19
2037
3948
5391
6280
6446
5890
4676
3123
1622
173
-980
-1732
-1656
-538
1326
3390
5298
6579
7080
7148
6873
6605
6402
6326
6472
6558
6741
6788
6720
6447
5890
5017
3947
2686
1484
592
-76
-450
-334
444
1645
2790
3591
4253
4552
4499
4125
3481
2435
1130
-119
-1289
-1999
-2171
-2066
-1700
-1010
-240
476
971
1128
1231
929
312
-546
-1356
-2215
-3166
-3883
-4205
-4343
-4228
-3984
-3775
-3549
-3367
-3306
-3390
-3551
-3899
-4148
-4418
-4614
-4661
-4609
-4432
-4246
-3886
-3723
-3631
-3468
-3394
-3409
-3384
-3436
-3750
-4078
-4217
-4137
-3984
-3844
-3514
-2895
-2195
-1786
-1355
-920
-706
-677
-831
-1346
-1894
-2123
-2346
-2594
-2846
-3018
-2883
-2822
-2804
-2642
-2222
-1842
-1595
-1543
-1729
-1853
-2170
-2833
-3850
-5042
-6206
-7330
-8551
-9469
-10041
-10057
-9788
-9217
-8457
-7476
-6481
-5721
-5043
-4639
-4694
-5005
-5753
-6743
-7808
-8832
-9453
-9856
-9861
-9600
-9045
-8102
-7337
-6617
-5827
-5420
-5334
-5539
-5964
-6474
-6937
-7451
-7886
-8054
-8190
-7923
-7311
-6660
-6131
-5596
-4890
-4281
-3772
-3359
-3205
-3314
-3168
-2999
-2636
-2466
-2356
-2046
-1518
-1055
-759
-411
-227
-212
-102
-114
-66
-205
-670
-1149
-1247
-1204
-1241
-1225
-1199
-1118
-1059
-1081
-1236
-1448
-1623
-1844
-1994
-2313
-2613
-2675
-2764
-2847
-3015
-2806
-2457
-2269
-2183
-2167
-2031
-1887
-2071
-2645
-3409
-3954
-4140
-3733
-2900
-1684
-247
903
1486
1206
407
-786
-2277
-3839
-5423
-6624
-7432
-7913
-7807
-7021
-5697
-4037
-2625
-1619
-1087
-1110
-1824
-2793
-4005
-5580
-7063
-8047
-8622
-8861
-8492
-7626
-6369
-5013
-3817
-2964
-2359
-2112
-2277
-3035
-4098
-5291
-6395
-7333
-7992
-8215
-7924
-7211
-6358
-5424
-4477
-3616
-3070
-2891
-2843
-3027
-3467
-4240
-5306
-6216
-6865
-7071
-6900
-6540
-6033
-5432
-4801
-4377
-4135
-4066
-4176
-4400
-4797
-5207
-5713
-6250
-6530
-6496
-6324
-6254
-5920
-5460
-5120
-4882
-5007
-5166
-5194
-5435
-6002
-6340
-6396
-6375
-6451
-6428
-6092
-5881
-5615
-5411
-5246
-5043
-4868
-4548
-4341
-4572
-4948
-5509
-6344
-7223
-8000
-8821
-9834
-10553
-10765
-10620
-10228
-9742
-8846
-7776
-6764
-5836
-5129
-4977
-5196
-5710
-6262
-6739
-7551
-8285
-8776
-9200
-9000
-8438
-7637
-6662
-5617
-4590
-3722
-3127
-3012
-3079
-3314
-3700
-4129
-4727
-5374
-5525
-5335
-5040
-4605
-4092
-3356
-2595
-1871
-1378
-1173
-1098
-1010
-904
-899
-942
-907
-885
-798
-546
-220
-54
402
966
1232
1369
1459
1561
1617
1597
1528
1439
1382
1305
1259
1197
1180
1146
1130
1087
950
750
454
229
117
84
-79
-212
-118
-19
-24
118
300
502
593
512
472
444
202
-160
-724
-1161
-1373
-975
18
1423
2929
4134
4818
4950
4596
3783
2652
1333
-65
-1268
-2219
-2821
-2768
-2019
-1068
95
1401
2379
3091
3339
3078
2500
1559
62
-1482
-2630
-3401
-3877
-3748
-2807
-1549
-544
300
1119
1804
1945
1785
1291
454
-710
-1976
-3074
-3683
-3854
-3807
-3369
-2697
-1850
-923
-150
362
536
436
50
-361
-1170
-2058
-2838
-3543
-3896
-3920
-3673
-3297
-2782
-2271
-1878
-1520
-1289
-1249
-1420
-1776
-2346
-2842
-3249
-3456
-3502
-3399
-3200
-2989
-2688
-2324
-2010
-1876
-1837
-1805
-1941
-2310
-2722
-2936
-3151
-3263
-3281
-3162
-2955
-2739
-2507
-2313
-2035
-1838
-1763
-1645
-1787
-2128
-2517
-3068
-3828
-4752
-5642
-6374
-7115
-7647
-7759
-7390
-6830
-6201
-5472
-4823
-4042
-3337
-2995
-3006
-3254
-3765
-4502
-5422
-6224
-6928
-7471
-7619
-7229
-6417
-5414
-4428
-3434
-2785
-2259
-1984
-1948
-2260
-2779
-3364
-3783
-4255
-4504
-4394
-4239
-4042
-3576
-3129
-2372
-1479
-1029
-700
-343
-158
-118
-348
-460
-531
-614
-817
-799
-530
-140
301
667
1006
1230
1480
1813
1831
1712
1636
1782
1661
1419
1229
1057
1229
1288
1208
1131
988
932
818
576
197
64
3
-68
-209
-222
-219
-220
-163
89
277
241
111
35
-163
-588
-1086
-1644
-2210
-2179
-1355
-13
1478
2900
3940
4460
4248
3411
2244
924
-542
-2037
-3228
-3978
-4073
-3744
-2910
-1484
-86
1125
1982
2325
2113
1293
339
-935
-2361
-3797
-4788
-5375
-5472
-4867
-3992
-2920
-1699
-645
65
441
327
-151
-944
-2029
-3307
-4423
-5084
-5568
-5595
-5256
-4676
-3877
-3111
-2222
-1629
-1429
-1284
-1446
-2036
-2771
-3587
-4328
-4993
-5390
-5620
-5641
-5367
-4930
-4412
-3973
-3575
-3238
-3159
-3305
-3743
-4103
-4335
-4851
-5193
-5296
-5212
-5086
-4997
-4678
-4263
-3867
-3633
-3656
-3657
-3743
-3908
-4022
-4283
-4832
-5169
-5237
-5117
-4892
-4654
-4452
-4356
-4263
-4133
-4068
-3845
-3780
-3947
-4244
-4727
-5450
-6427
-7409
-8123
-8766
-9373
-9675
-9696
-9285
-8484
-7566
-6652
-5957
-5227
-4770
-4713
-4946
-5437
-6094
-6831
-7731
-8428
-8586
-8586
-8596
-8098
-7230
-6178
-5225
-4398
-3894
-3618
-3641
-3823
-3910
-4250
-4833
-5420
-5712
-5611
-5510
-5221
-4580
-3826
-3128
-2549
-2069
-1674
-1429
-1365
-1320
-1266
-1208
-1374
-1433
-1303
-1138
-887
-501
-169
176
613
913
1231
1444
1602
1573
1571
1516
1385
1368
1322
1215
1158
1193
1365
1333
1321
1164
1118
964
914
725
536
467
317
386
346
301
455
576
691
723
785
682
440
141
-417
-1385
-2316
-2833
-2727
-2034
-926
329
1294
1971
2259
2122
1540
753
-143
-1119
-1874
-2287
-2314
-2038
-1373
-377
681
1631
2349
2550
2242
1773
896
-411
-1622
-2503
-3080
-3374
-3250
-2817
-2042
-1073
22
965
1673
2073
2133
1860
1205
281
-794
-1806
-2440
-2603
-2399
-2054
-1437
-657
166
883
1529
1889
1887
1679
1221
451
-362
-1100
-1677
-2151
-2306
-2148
-1776
-1275
-766
-233
159
396
426
430
261
-247
-978
-1253
-1572
-2117
-2533
-2505
-2360
-2324
-2297
-2235
-2043
-1806
-1653
-1770
-2007
-2203
-2552
-2935
-3122
-3144
-3156
-3154
-3246
-3098
-2823
-2660
-2498
-2420
-2513
-2388
-2173
-2435
-3047
-3730
-4408
-5376
-6320
-7114
-7478
-7629
-7833
-7752
-7187
-6398
-5434
-4548
-3798
-3209
-2846
-2939
-3287
-3933
-4755
-5501
-6006
-6429
-6596
-6421
-5826
-5005
-4051
-3069
-2209
-1525
-948
-660
-797
-1221
-1484
-1744
-2158
-2496
-2749
-2668
-2377
-1843
-1307
-712
134
809
1257
1440
1530
1473
1462
1420
1258
1032
1020
1106
1064
1240
1585
2038
2351
2566
2753
3069
3306
3269
3107
2820
2648
2426
2226
2305
2360
2263
2019
2029
2211
2145
1994
1677
1437
1308
1270
1180
997
939
792
666
704
970
1156
1132
1067
1055
1019
964
790
532
388
876
2070
3517
4963
6144
7045
7487
7307
6485
5087
3166
1078
-899
-2594
-3906
-4391
-4009
-2781
-1024
850
2617
4207
5336
5802
5383
4240
2799
1180
-893
-2672
-3840
-4383
-4331
-3884
-2791
-1339
83
1304
1944
2140
2024
1381
281
-868
-2257
-3510
-4452
-5048
-5207
-4886
-4245
-3350
-2298
-1420
-572
20
72
-277
-987
-1837
-2593
-3401
-4268
-4913
-5032
-4843
-4691
-4537
-4244
-3704
-3400
-3430
-3402
-3107
-3205
-3717
-3905
-3936
-3913
-3539
-3327
-3263
-2970
-2372
-1906
-1788
-1855
-1758
-1821
-1911
-2000
-2187
-2567
-2827
-2835
-2669
-2367
-2043
-1900
-1670
-1274
-1002
-838
-682
-740
-1077
-1513
-2012
-2534
-3313
-4224
-5083
-5808
-6416
-6803
-6967
-6742
-6198
-5342
-4337
-3408
-2676
-2095
-1766
-1855
-2296
-2977
-3876
-4876
-5788
-6351
-6684
-6768
-6475
-5988
-5103
-4209
-3442
-2732
-2157
-1904
-1995
-2465
-2907
-3432
-4031
-4565
-5132
-5309
-5126
-4761
-4172
-3529
-2714
-2045
-1396
-701
-314
-238
-315
-563
-717
-921
-1085
-1019
-880
-655
-258
269
764
1157
1528
1700
1667
1740
1912
1949
1900
1936
1914
1856
1795
1802
1917
2025
2140
2288
2232
1972
1749
1617
1440
1178
975
1015
1048
1008
1152
1384
1492
1475
1542
1706
1764
1644
1313
684
-248
-870
-924
-669
41
1177
2278
3123
3491
3455
3079
2318
1178
-254
-1615
-2663
-3082
-3009
-2436
-1241
207
1712
2815
3267
3447
3386
2796
1702
296
-1265
-2608
-3763
-4485
-4447
-3780
-2721
-1493
-241
721
1428
1803
2055
1865
1246
367
-659
-1690
-2363
-2677
-2784
-2496
-1806
-830
122
859
1307
1612
1680
1583
1260
604
-215
-1046
-1734
-2194
-2265
-2152
-1885
-1383
-726
-40
381
732
884
728
426
69
-285
-720
-1106
-1372
-1180
-1054
-1192
-1028
-890
-722
-638
-821
-1019
-1144
-1250
-1448
-1760
-2134
-2374
-2329
-2098
-2079
-2079
-1947
-1794
-1812
-1733
-1588
-1515
-1461
-1669
-2099
-2702
-3531
-4397
-5228
-5829
-6589
-7325
-7692
-7549
-7197
-6481
-5531
-4685
-3830
-3044
-2634
-2582
-2718
-3293
-4057
-4757
-5317
-5805
-6223
-6402
-6198
-5520
-4606
-3560
-2302
-1354
-941
-749
-591
-664
-913
-1283
-1698
-1959
-2046
-2344
-2424
-2051
-1488
-821
-137
557
1212
1754
2156
2344
2391
2302
2191
2027
2024
1968
1851
1950
2238
2746
3153
3414
3689
4002
4102
4033
3883
3756
3680
3583
3405
3322
3337
3356
3352
3260
3136
3047
3007
2889
2666
2493
2277
2074
1846
1789
1874
1912
1905
2055
2196
2263
2199
2107
2024
2105
1804
1206
522
45
-29
462
1530
2929
4437
5627
6268
6159
5578
4736
3549
2185
746
-402
-1182
-1404
-1301
-580
637
2169
3598
4435
4860
4848
4358
3681
2578
1109
-140
-1016
-1499
-1602
-1553
-957
73
1204
2022
2721
3281
3421
2995
2121
1177
179
-687
-1510
-2161
-2289
-1983
-1427
-667
75
771
1404
1816
2003
1917
1478
776
-117
-881
-1502
-2048
-2449
-2387
-2165
-1706
-1309
-733
-263
-96
20
-94
-515
-1014
-1526
-1884
-2056
-2240
-2343
-2343
-2196
-1940
-1634
-1306
-1047
-803
-688
-769
-1020
-1388
-1623
-1817
-2100
-2123
-1990
-1899
-1677
-1437
-1220
-914
-691
-751
-889
-938
-1008
-1250
-1436
-1923
-2820
-3994
-4779
-5350
-5942
-6266
-6264
-6094
-5723
-4936
-3825
-2758
-2095
-1768
-1513
-1619
-2065
-2593
-3276
-3947
-4561
-5124
-5394
-5299
-4870
-4203
-3369
-2404
-1527
-926
-458
-223
-409
-894
-1379
-2041
-2572
-2820
-3098
-3026
-2631
-2158
-1736
-1089
-299
381
620
825
1124
1230
1353
1351
1234
1053
991
1163
1364
1494
1675
1965
2355
2767
2989
3108
3387
3544
3447
3322
3104
3002
2944
2965
2942
2900
2962
3063
2959
2745
2807
2754
2529
2343
2244
2215
2010
1817
1872
1913
1971
2041
2206
2344
2394
2349
2181
2047
1639
967
363
174
677
1648
2859
4343
5779
6588
6604
6124
5318
4235
2948
1614
330
-619
-1216
-1149
-529
482
1743
3050
4170
4745
4763
4343
3615
2595
1239
-84
-1283
-2162
-2413
-2252
-1636
-742
444
1687
2421
2735
2845
2746
2292
1463
442
-772
-1633
-2249
-2607
-2505
-1886
-1020
-373
489
1288
1714
1826
1719
1311
625
-129
-832
-1534
-2150
-2517
-2494
-2153
-1777
-1295
-660
-230
-117
-73
-40
-50
-477
-847
-1268
-1477
-1665
-1970
-1988
-1800
-1452
-1063
-697
-473
-325
-172
-218
-483
-810
-1035
-1199
-1340
-1323
-1385
-1421
-1188
-825
-523
-394
-363
-281
-183
-69
-142
-426
-861
-1576
-2304
-3138
-4054
-4899
-5490
-5854
-6009
-5975
-5629
-4927
-3988
-2896
-2053
-1586
-1238
-1172
-1544
-2165
-2856
-3666
-4565
-5178
-5310
-5168
-4642
-3889
-3073
-2352
-1515
-739
-205
14
-3
-251
-551
-1111
-1658
-1819
-1992
-2160
-2103
-1718
-1048
-389
308
985
1608
1944
2161
2256
2286
2396
2254
2016
1979
2110
2172
2296
2574
2797
3235
3536
3717
3830
3981
4145
4193
4111
4056
4013
3901
3700
3601
3547
3516
3677
3720
3541
3364
3235
3237
3063
2840
2732
2628
2668
2732
2803
2885
2696
2495
2663
2888
2886
2690
2203
1785
1397
1160
922
981
1662
2790
4117
5467
6398
6726
6581
5832
4799
3603
2154
801
-194
-760
-841
-468
512
1839
3235
4239
4793
4975
4795
4156
3159
2049
751
-567
-1524
-1974
-1793
-1232
-381
630
1695
2641
3294
3542
3230
2815
2183
1370
357
-729
-1543
-1985
-1970
-1348
-718
24
875
1534
2103
2330
2245
1834
1347
975
324
-360
-1097
-1665
-1770
-1686
-1403
-896
-376
59
260
352
229
139
20
-319
-725
-1162
-1420
-1410
-1174
-1073
-957
-714
-318
66
278
300
209
44
-167
-424
-728
-929
-1003
-1088
-1023
-725
-308
-162
-48
143
349
378
348
267
50
-208
-581
-1180
-2056
-3025
-3965
-4646
-5047
-5173
-5203
-4975
-4452
-3716
-2850
-2022
-1343
-835
-566
-864
-1349
-1831
-2599
-3556
-4121
-4390
-4409
-4136
-3607
-2832
-1959
-1082
-191
510
821
809
652
219
-327
-829
-1272
-1551
-1610
-1451
-1086
-548
-34
633
1215
1666
2027
2266
2394
2366
2088
1696
1146
1050
1375
1782
2347
2693
2903
3005
2885
2555
1962
1328
713
358
418
824
1351
1973
2794
3737
4402
4610
4394
3748
2786
1961
1250
575
341
581
1310
2300
3373
4708
5997
6793
7107
7107
6683
5925
4967
4209
3734
3316
2906
2949
3363
4292
5658
7259
8843
9838
10272
10105
9411
8213
6704
5035
3557
2294
1288
1005
1305
2010
2970
4006
4989
5784
6310
6343
5715
4545
3056
1905
890
-147
-979
-1508
-1253
-686
34
920
1669
2285
2720
2993
2816
2224
1528
434
-730
-1667
-2404
-2929
-2933
-2439
-1871
-1201
-598
195
1025
1353
1159
745
262
-126
-699
-1388
-2056
-2333
-2151
-1910
-1519
-923
-172
529
1043
1357
1468
1428
1239
966
582
386
328
448
615
899
1311
1723
1978
2089
2294
2407
2373
2175
1839
1515
1315
990
857
972
1039
1008
1190
1474
1437
1451
1582
1653
1614
1354
963
731
481
-97
-985
-1806
-2740
-3580
-4174
-4566
-4656
-4558
-4187
-3556
-2808
-1910
-1251
-889
-631
-704
-1207
-2001
-2910
-3773
-4604
-5189
-5405
-5285
-4875
-4076
-3188
-2323
-1505
-1034
-830
-760
-827
-1086
-1673
-2417
-3101
-3639
-3834
-3803
-3569
-3133
-2649
-1962
-1231
-799
-521
-191
-58
-10
-60
-271
-818
-1411
-1763
-1961
-1944
-1670
-1322
-838
-33
687
1141
1544
1631
1414
1012
426
-364
-1091
-1417
-1338
-1255
-1188
-794
-119
546
791
816
848
581
-8
-736
-1548
-2173
-2766
-3067
-3306
-3207
-2609
-1997
-1626
-1203
-959
-1127
-1711
-2739
-3954
-5070
-5800
-5823
-5056
-3747
-1999
-338
1002
1538
1329
665
-500
-2167
-4096
-5908
-7392
-8280
-8239
-7480
-6221
-4481
-2743
-1451
-322
261
103
-584
-1616
-2913
-4399
-5944
-6960
-7138
-6701
-6041
-5081
-3834
-2526
-1414
-507
34
-6
-298
-898
-1863
-2896
-3920
-4689
-4872
-4631
-4077
-3163
-2081
-1224
-451
298
839
937
601
182
-433
-1120
-1782
-2333
-2586
-2709
-2525
-1958
-1315
-787
-245
303
629
622
310
-15
-511
-942
-1248
-1373
-1413
-1321
-1196
-954
-671
-304
-5
137
262
407
85
-258
-476
-728
-908
-927
-1012
-994
-675
-370
-64
138
349
538
756
1021
937
752
630
216
-315
-1065
-2021
-2833
-3378
-3579
-3568
-3157
-2587
-1868
-1144
-360
650
1465
1868
1846
1776
1338
659
40
-597
-1077
-1193
-852
-352
231
990
1889
2817
3500
4057
4369
4348
3946
3350
2832
2295
1722
1429
1261
1436
1792
2212
2722
3292
3837
4165
4329
4268
4128
3850
3397
3082
2959
2824
2628
2551
2674
3003
3254
3469
3727
3882
3884
3795
3654
3515
3540
3408
3246
3152
3046
3079
3195
3087
3028
3118
3083
2870
2558
2377
2368
2309
2069
1991
1865
1739
1866
2061
2194
2308
2457
2547
2492
2366
2242
1824
1105
437
176
547
1431
2667
3899
5090
5989
6488
6464
5911
4990
3828
2574
1359
527
88
-59
284
1299
2642
3844
4874
5590
5943
5811
5321
4535
3438
2147
990
90
-325
-235
392
1399
2391
3316
4149
4687
4902
4882
4527
3945
3079
2019
1074
287
32
159
516
925
1509
2449
3402
3955
4094
4000
3650
3189
2566
1855
1222
680
332
108
141
368
954
1648
2045
2371
2753
2710
2346
2093
1930
1664
1214
918
841
768
755
1000
1374
1704
2007
2235
2268
2346
2279
2086
1702
1437
1453
1400
1404
1382
1551
1908
2226
2277
2329
2552
2685
2692
2694
2762
2610
1924
1172
545
-209
-998
-1679
-2236
-2443
-2360
-1952
-1338
-516
321
1015
1751
2129
2243
2206
1691
994
340
-435
-1081
-1380
-1413
-1212
-707
50
931
1888
2702
3187
3256
3128
2772
2149
1550
907
278
-123
-324
-533
-482
-213
456
1222
1764
1968
2137
2203
2131
1811
1415
1076
683
285
245
226
281
626
857
1058
1357
1504
1498
1488
1395
1278
1082
1002
945
734
550
585
746
801
693
500
343
217
227
105
-130
-328
-525
-701
-872
-854
-792
-724
-673
-646
-680
-632
-513
-493
-678
-1032
-1428
-1921
-2374
-2471
-1977
-675
939
2410
3458
3923
3982
3562
2510
1133
-505
-2066
-3329
-4356
-4771
-4307
-3312
-2035
-532
811
1898
2482
2436
2064
1108
-74
-1645
-3209
-4510
-5195
-5074
-4684
-4087
-3036
-1821
-695
196
776
1020
825
199
-859
-1884
-2823
-3946
-4834
-4986
-4617
-4043
-3293
-2364
-1186
-337
221
423
358
-49
-769
-1561
-2167
-2790
-3422
-3726
-3702
-3311
-2782
-2338
-1885
-1493
-993
-732
-836
-1133
-1412
-1542
-1792
-2192
-2481
-2500
-2320
-2149
-1837
-1296
-840
-554
-473
-445
-480
-593
-718
-849
-881
-987
-1108
-1116
-1067
-847
-486
-192
-49
168
527
607
568
494
388
37
-639
-1426
-2159
-2868
-3641
-4217
-4568
-4672
-4518
-3916
-2973
-1900
-923
-154
212
355
407
170
-423
-1176
-1926
-2403
-2755
-2958
-2916
-2589
-1814
-902
42
923
1554
1920
1854
1634
1321
835
167
-518
-1075
-1328
-1456
-1357
-852
-350
4
343
872
1467
1643
1549
1433
1216
897
569
274
87
13
166
372
594
900
1104
1286
1499
1607
1648
1455
1417
1377
1147
961
894
892
967
1294
1565
1473
1270
1062
930
668
402
403
377
216
-62
-142
28
24
48
408
714
752
829
722
611
360
-78
-340
-418
-163
490
