-5107
-4620
-4215
-3974
-3827
-3739
-3881
-4249
-4546
-4694
-4661
-4797
-4853
-4854
-4716
-4414
-4178
-4103
-4153
-3977
-3470
-3192
-3281
-3269
-3454
-3881
-4591
-5492
-6364
-7311
-8102
-8720
-9029
-9025
-8658
-8062
-7270
-6245
-5217
-4341
-3774
-3498
-3530
-3780
-4265
-5004
-5820
-6473
-7082
-7186
-6759
-6218
-5458
-4529
-3684
-2787
-2089
-1665
-1591
-1920
-2337
-2752
-3413
-4145
-4543
-4870
-5102
-5159
-4764
-4001
-3312
-2815
-2440
-2237
-2336
-2743
-3356
-4087
-4876
-5360
-5463
-5143
-4368
-3182
-2068
-1200
-900
-1457
-2686
-4331
-6141
-8005
-9853
-11213
-11911
-11735
-10825
-9365
-7597
-5987
-4859
-4420
-4718
-5537
-7081
-9020
-10827
-12424
-13378
-13307
-12430
-10844
-8530
-5815
-3200
-1182
221
970
1017
412
-746
-2119
-3675
-5242
-6411
-6692
-5875
-4063
-1455
1476
4213
6271
7357
7379
6409
4612
2352
-102
-2573
-4792
-6228
-6824
-6694
-5557
-3704
-1842
-288
796
1190
840
-298
-1865
-3887
-6149
-8130
-9804
-10687
-10833
-10134
-9075
-7465
-5585
-4170
-3302
-3044
-3330
-4292
-5502
-7044
-8971
-10710
-11887
-12428
-12452
-12161
-11364
-9943
-8507
-7119
-6028
-5461
-5373
-5842
-6514
-7609
-8798
-10106
-11421
-12196
-12492
-12005
-11323
-10343
-9284
-8137
-6957
-5916
-5073
-4420
-4036
-3998
-4160
-4375
-4313
-4153
-3954
-3595
-3238
-2608
-1885
-1417
-959
-627
-600
-737
-1066
-1237
-1395
-1625
-1879
-2013
-1928
-2066
-2041
-1761
-1473
-1425
-1613
-2000
-2355
-2558
-2941
-3262
-3429
-3837
-4578
-5344
-6090
-6525
-6848
-7117
-7106
-6789
-6362
-5747
-5055
-4260
-3591
-3157
-3031
-3231
-3884
-4819
-5747
-6664
-7470
-8085
-8455
-8577
-8416
-7969
-7195
-6259
-5433
-4674
-4174
-4189
-4443
-4807
-5162
-5630
-6065
-6208
-6158
-5969
-5510
-4797
-3938
-3003
-2102
-1055
-208
191
635
1054
1332
1403
1339
941
112
-712
-1800
-2992
-4069
-4745
-4756
-3923
-2200
-230
1670
3278
4524
5252
5005
3990
2484
496
-1543
-3172
-4280
-4386
-3675
-2221
-212
1770
3688
5135
5926
5778
5122
4033
2617
999
-538
-1558
-1980
-1600
-462
1229
3164
5068
6246
6884
7188
7128
6932
6792
6777
6780
6881
7002
7072
6947
6634
5897
4910
3649
2506
1348
163
-546
-787
-475
288
1402
2686
3514
4112
4564
4631
3961
2975
2085
912
-470
-1559
-2232
-2533
-2440
-2056
-1460
-849
42
817
1259
1319
861
94
-832
-1813
-2937
-3785
-4302
-4624
-4745
-4722
-4572
-4385
-4092
-3833
-3754
-3750
-3742
-3926
-4278
-4715
-5095
-5187
-4946
-4810
-4729
-4512
-4297
-4066
-3919
-3831
-3822
-3869
-4034
-4160
-4280
-4361
-4363
-4296
-3948
-3478
-2981
-2412
-1897
-1430
-1052
-852
-704
-810
-1214
-1586
-1790
-2101
-2464
-2819
-3040
-3167
-3059
-2646
-2316
-2208
-1981
-1715
-1452
-1478
-1721
-2275
-3158
-4230
-5446
-6857
-8044
-9040
-9944
-10684
-11073
-10785
-10058
-8975
-7789
-6617
-5651
-4868
-4522
-4853
-5431
-6209
-7109
-8124
-9102
-9802
-10202
-10285
-9871
-9267
-8466
-7468
-6658
-6077
-5787
-5824
-6042
-6411
-6791
-7324
-7929
-8365
-8420
-8419
-8353
-7954
-7244
-6372
-5638
-4915
-4501
-4197
-3761
-3462
-3348
-3306
-3252
-3211
-3085
-2715
-2216
-1831
-1322
-953
-727
-438
-89
54
-100
-341
-530
-535
-676
-854
-1123
-1278
-1434
-1447
-1268
-1099
-1131
-1329
-1532
-1851
-2114
-2367
-2665
-2924
-3242
-3195
-3077
-3216
-3213
-3156
-3091
-2807
-2443
-2228
-2237
-2554
-3127
-3857
-4522
-4700
-4113
-3035
-1640
-307
648
1070
906
226
-869
-2326
-3808
-5513
-6932
-7754
-8198
-8113
-7266
-5954
-4360
-2978
-2024
-1455
-1232
-1709
-3019
-4537
-5961
-7306
-8394
-9102
-9304
-8967
-8110
-6948
-5584
-4129
-3178
-2650
-2418
-2589
-3275
-4306
-5487
-6800
-7777
-8418
-8618
-8575
-8070
-7238
-6213
-5173
-4219
-3485
-3116
-3205
-3574
-4263
-5057
-5849
-6558
-6857
-7097
-7234
-7116
-6663
-6017
-5412
-5137
-4906
-4657
-4631
-4902
-5420
-5872
-6205
-6576
-6765
-6764
-6729
-6495
-6256
-6109
-5849
-5602
-5331
-5285
-5435
-5797
-6275
-6630
-6851
-6846
-6824
-6709
-6439
-6140
-5911
-5689
-5651
-5511
-5216
-5065
-5266
-5407
-5524
-6081
-6936
-7758
-8721
-9965
-10940
-11414
-11570
-11512
-11063
-10367
-9511
-8478
-7385
-6597
-6073
-5644
-5580
-6203
-7027
-7874
-8589
-9245
-9739
-9833
-9646
-8886
-7955
-7050
-6139
-5133
-4216
-3660
-3481
-3394
-3636
-4247
-4790
-5265
-5674
-6042
-6077
-5584
-5075
-4376
-3582
-2924
-2316
-1832
-1467
-1212
-1138
-1134
-1243
-1232
-1205
-1210
-1128
-976
-640
-294
141
454
777
1159
1372
1511
1500
1272
1250
1134
918
616
593
658
673
724
753
626
442
324
180
-200
-549
-743
-912
-946
-1022
-903
-577
-425
-526
-420
-74
158
165
45
-280
-764
-1265
-1612
-1720
-1313
-309
1082
2534
3840
4767
5111
4692
3791
2605
1194
-292
-1794
-2894
-3203
-3009
-2430
-1466
-61
1385
2493
3000
2982
2710
2049
1144
-97
-1543
-2837
-3714
-4225
-4031
-3091
-1969
-881
43
866
1484
1701
1592
1154
281
-780
-1910
-3089
-3829
-4176
-4189
-3770
-2888
-2031
-1258
-569
3
257
109
-306
-868
-1627
-2461
-3134
-3751
-4112
-4381
-4296
-3859
-3196
-2707
-2329
-2046
-1887
-1938
-2100
-2176
-2597
-3069
-3314
-3446
-3545
-3604
-3380
-3157
-2813
-2434
-2178
-2152
-2179
-2134
-2077
-2291
-2726
-3073
-3292
-3581
-3621
-3436
-3159
-2712
-2477
-2298
-2171
-2177
-1992
-2007
-2120
-2161
-2519
-3144
-4064
-4978
-5909
-6778
-7285
-7627
-7842
-7745
-7170
-6531
-5784
-4850
-4027
-3390
-3046
-2975
-3235
-3693
-4472
-5521
-6436
-7024
-7245
-7132
-6813
-6149
-5337
-4466
-3512
-2711
-2134
-1906
-2063
-2232
-2612
-3227
-3937
-4685
-5031
-4914
-4743
-4373
-3771
-3116
-2548
-1958
-1416
-1096
-715
-445
-564
-772
-974
-1209
-1297
-1267
-1142
-907
-621
-208
224
448
632
926
1209
1333
1251
1151
1073
977
1144
1102
920
863
752
631
746
733
518
450
440
257
-98
-562
-791
-822
-751
-692
-571
-353
-173
-149
-219
-243
-380
-720
-1153
-1781
-2347
-2503
-2206
-1312
8
1330
2670
3739
4208
4102
3426
2305
888
-684
-1997
-3253
-4236
-4541
-4115
-3027
-1641
-278
793
1497
1752
1655
1044
12
-1230
-2678
-4092
-5231
-5920
-5821
-5170
-4275
-3178
-2009
-823
-117
262
228
-295
-1051
-2086
-3302
-4286
-5029
-5293
-5507
-5348
-4755
-3897
-2849
-1943
-1396
-1081
-1054
-1358
-1912
-2637
-3575
-4606
-5438
-5858
-5910
-5596
-5286
-4961
-4364
-3898
-3551
-3267
-3256
-3273
-3509
-3822
-4273
-4786
-5025
-5179
-5089
-5029
-4763
-4374
-4035
-3598
-3337
-3315
-3342
-3381
-3571
-3888
-4272
-4632
-4842
-4798
-4528
-4312
-4120
-3751
-3529
-3736
-3769
-3527
-3466
-3579
-3786
-4028
-4430
-5101
-6009
-7051
-8123
-8889
-9140
-9045
-8960
-8726
-8191
-7473
-6577
-5547
-4716
-4214
-4014
-4180
-4759
-5564
-6375
-7309
-7841
-8147
-8173
-7770
-7058
-6320
-5570
-4744
-3873
-3187
-2642
-2640
-2848
-3096
-3657
-4160
-4674
-5104
-5158
-5024
-4554
-3889
-3333
-2697
-1801
-1118
-709
-407
-434
-582
-619
-706
-770
-682
-665
-735
-528
-89
359
642
876
1165
1466
1548
1670
1768
1767
1628
1319
1123
1203
1260
1066
1077
1113
1175
1072
1082
1117
906
796
485
185
-14
-21
164
353
265
50
156
327
305
320
364
288
-165
-915
-1738
-2454
-2856
-2724
-1784
-532
608
1530
2114
2473
2423
1742
796
-129
-1015
-1738
-2344
-2641
-2206
-1438
-588
395
1530
2366
2569
2198
1669
787
-414
-1447
-2563
-3526
-3940
-3750
-3082
-2225
-1042
282
1299
1926
2089
2158
1935
1312
307
-790
-1587
-2181
-2730
-2896
-2615
-1910
-875
-16
792
1396
1689
1827
1593
1096
317
-405
-1086
-1793
-2405
-2577
-2378
-2021
-1518
-1025
-441
-130
196
278
135
-50
-520
-1106
-1634
-2172
-2519
-2619
-2640
-2601
-2506
-2153
-1768
-1631
-1726
-1813
-1926
-2135
-2395
-2707
-2928
-3041
-3152
-3213
-3335
-3263
-2982
-2811
-2707
-2482
-2322
-2332
-2405
-2485
-2588
-2910
-3595
-4502
-5390
-6273
-7096
-7649
-8003
-8039
-7729
-7122
-6278
-5378
-4324
-3368
-2905
-2797
-2938
-3216
-3587
-4293
-5046
-5908
-6522
-6555
-6339
-5754
-4850
-3805
-2700
-1826
-1288
-878
-483
-463
-882
-1472
-1973
-2330
-2637
-2912
-2741
-2490
-2065
-1319
-663
-92
555
1193
1523
1616
1653
1668
1476
1236
930
963
1062
1217
1543
1742
1960
2158
2285
2597
2905
3025
2933
2821
2741
2729
2591
2391
2266
2146
2203
2172
2145
1873
1715
1690
1648
1537
1336
1098
753
598
644
556
530
656
753
768
795
897
1085
1232
1071
681
409
477
977
1923
3307
4827
6090
7113
7742
7511
6605
5292
3508
1382
-595
-2311
-3580
-4068
-3668
-2559
-969
938
2820
4404
5434
5761
5295
4207
2633
931
-863
-2408
-3785
-4571
-4542
-3911
-2781
-1473
-38
1205
2119
2460
2410
1705
622
-571
-1882
-3107
-4221
-4997
-5129
-4872
-4218
-3297
-2264
-1242
-411
-78
-9
-245
-794
-1625
-2428
-3108
-3686
-4314
-4717
-4691
-4514
-4227
-3963
-3567
-3223
-2972
-2939
-2976
-3095
-3147
-3186
-3475
-3597
-3377
-3160
-2809
-2473
-2124
-1687
-1407
-1266
-1332
-1373
-1485
-1671
-1835
-2015
-2187
-2190
-2132
-1971
-1666
-1360
-1219
-1098
-767
-543
-506
-584
-786
-1308
-1791
-2292
-3134
-3968
-4878
-5951
-6630
-6940
-6827
-6603
-6103
-5214
-4249
-3282
-2618
-2194
-1742
-1516
-1795
-2468
-3484
-4558
-5411
-6037
-6469
-6457
-6033
-5466
-4614
-3735
-2943
-2327
-1679
-1279
-1340
-1908
-2501
-3025
-3610
-4222
-4671
-4711
-4337
-3837
-3536
-3142
-2523
-1699
-865
-230
105
40
-85
-97
-220
-310
-570
-545
-126
232
537
893
1194
1565
1889
2186
2323
2332
2383
2515
2542
2478
2472
2358
2243
2210
2289
2346
2294
2029
1960
1866
1501
1250
1323
1287
1194
1099
1174
1324
1367
1372
1443
1572
1639
1578
1567
1571
1259
687
-135
-838
-1072
-716
399
1647
2782
3609
3944
3898
3451
2493
1244
-87
-1450
-2307
-2950
-3031
-2492
-1387
125
1539
2655
3499
3965
3775
3000
1801
279
-1196
-2577
-3734
-4349
-4155
-3665
-2752
-1350
-134
1000
1967
2576
2603
2187
1469
606
-343
-1301
-2178
-2658
-2734
-2476
-1888
-884
21
650
1372
1953
2183
2008
1523
983
153
-693
-1440
-1912
-2022
-1910
-1815
-1314
-700
-178
195
584
905
836
402
99
-304
-664
-1136
-1431
-1557
-1611
-1547
-1185
-887
-736
-685
-741
-886
-1000
-1139
-1506
-1783
-1999
-2306
-2437
-2438
-2314
-2063
-1740
-1603
-1416
-1322
-1542
-1747
-1805
-1871
-2138
-2569
-3252
-4242
-5208
-6050
-6761
-7288
-7317
-7193
-6903
-6501
-5760
-4780
-3783
-2893
-2366
-2236
-2469
-2896
-3480
-4447
-5297
-5816
-5995
-6022
-5823
-5188
-4121
-3125
-2094
-1157
-539
-106
-115
-275
-554
-886
-1273
-1729
-2175
-2554
-2469
-2075
-1533
-887
-67
630
1102
1558
2031
2275
2392
2308
2129
1954
1846
1885
1947
2054
2288
2534
2914
3303
3572
3688
3641
3783
3907
3960
3810
3568
3365
3179
3119
3187
3220
3262
3301
3133
3023
2909
2651
2379
2147
1810
1619
1677
1703
1674
1660
1789
1806
1870
1938
2023
1988
1898
1653
1135
323
-249
-27
880
2182
3549
4867
5991
6536
6508
5938
5020
3790
2524
1058
-341
-1226
-1525
-1345
-519
767
2185
3420
4385
4959
4936
4500
3488
2195
856
-396
-1328
-2073
-2270
-1875
-1117
25
1265
2193
2832
3240
3321
3053
2480
1700
674
-423
-1424
-2022
-2227
-2071
-1559
-839
79
932
1522
1974
2203
1985
1440
767
71
-665
-1288
-1863
-2264
-2432
-2229
-1828
-1377
-866
-429
-171
-49
-146
-402
-794
-1166
-1557
-1737
-1897
-2042
-2017
-1691
-1371
-1135
-922
-613
-436
-391
-558
-919
-1071
-1224
-1343
-1478
-1564
-1604
-1497
-1171
-968
-827
-735
-636
-596
-538
-591
-689
-984
-1463
-2081
-2798
-3794
-4763
-5483
-6034
-6361
-6358
-6092
-5402
-4588
-3794
-2949
-2149
-1523
-1199
-1320
-1881
-2605
-3395
-3949
-4544
-5246
-5633
-5413
-4679
-3884
-3207
-2313
-1470
-804
-343
-158
-329
-751
-1137
-1549
-2036
-2520
-2749
-2753
-2532
-2163
-1496
-784
-91
511
1065
1304
1332
1352
1571
1448
1272
1172
1123
1162
1253
1527
1906
2262
2608
2933
3155
3383
3568
3605
3356
3252
3081
2983
3000
2895
2925
3026
3097
2945
2856
2814
2611
2414
2262
2187
1959
1773
1726
1728
1777
1830
1823
1852
1893
2048
2239
2151
2034
1887
1544
940
510
257
593
1480
2763
4317
5676
6528
6709
6307
5555
4346
2960
1458
104
-803
-1489
-1683
-1145
-14
1513
3018
3926
4337
4512
4243
3494
2398
1110
-260
-1331
-2092
-2558
-2391
-1875
-981
176
1314
2238
2892
3097
2803
2051
1201
188
-848
-1720
-2402
-2777
-2757
-2103
-1265
-617
150
881
1389
1579
1496
1264
803
43
-840
-1728
-2264
-2457
-2415
-2265
-1938
-1491
-1099
-688
-158
-7
31
19
-384
-775
-1115
-1544
-1738
-1574
-1480
-1453
-1254
-914
-522
-230
-56
-69
-154
-277
-496
-677
-817
-1160
-1465
-1516
-1552
-1432
-1059
-860
-643
-472
-376
-332
-291
-427
-715
-1079
-1515
-2311
-3245
-4321
-5189
-5801
-6189
-6209
-6006
-5425
-4649
-3897
-3083
-2185
-1658
-1402
-1406
-1680
-2171
-2969
-3791
-4383
-4845
-5189
-5161
-4776
-4324
-3367
-2398
-1500
-603
-8
268
230
-90
-517
-1081
-1778
-2190
-2391
-2383
-2427
-2212
-1628
-740
21
656
1275
1729
1916
1942
1892
1972
1868
1731
1865
1995
1959
1978
2381
2775
3073
3446
3811
3975
3940
4025
4059
3795
3623
3627
3564
3531
3443
3346
3221
3224
3244
3260
3199
3045
2808
2578
2510
2347
2213
2040
2048
2141
2114
2204
2425
2565
2556
2471
2390
2155
1820
1319
830
503
710
1552
2858
4322
5578
6466
6907
6750
6086
5007
3611
2135
791
-197
-791
-885
-431
326
1501
2878
3981
4725
5123
4949
4377
3429
2235
865
-516
-1612
-2255
-2241
-1613
-645
441
1522
2503
3126
3433
3447
3140
2370
1432
496
-413
-1196
-1877
-1990
-1568
-980
-275
649
1481
2055
2295
2445
2295
1846
1011
157
-560
-1184
-1733
-2162
-1959
-1461
-943
-554
-60
352
575
630
641
452
-11
-546
-908
-1030
-1145
-1112
-1082
-948
-657
-333
-45
376
551
388
167
-22
-198
-430
-790
-952
-975
-887
-814
-516
-149
-5
51
250
477
468
340
297
15
-754
-1576
-2275
-3129
-3967
-4811
-5380
-5556
-5441
-5021
-4445
-3703
-2706
-1878
-1186
-674
-513
-643
-951
-1524
-2437
-3255
-3758
-4213
-4458
-4204
-3490
-2719
-1900
-923
-49
438
663
775
688
309
-187
-718
-1176
-1489
-1697
-1650
-1278
-940
-419
346
1131
1767
2101
2265
2218
2103
1821
1429
1179
1298
1543
1799
2127
2536
2865
2967
2832
2417
1744
1011
477
174
256
685
1350
2146
2858
3492
3979
4110
3752
3150
2386
1536
656
118
-125
-37
797
1936
2968
4178
5479
6337
6777
6736
6249
5569
4865
4107
3253
2617
2288
2284
2708
3712
5138
6850
8598
9915
10463
10246
9469
8191
6640
4888
3252
1980
1134
749
916
1621
2650
3822
4922
5616
6116
6002
5405
4399
3106
1698
322
-754
-1547
-1950
-2012
-1387
-494
537
1606
2440
2926
2927
2601
2188
1430
351
-853
-1955
-2756
-3181
-3157
-2806
-2174
-1297
-492
192
665
798
732
674
309
-398
-1039
-1568
-2033
-2437
-2565
-2346
-1879
-1215
-487
190
693
1148
1320
1117
914
653
396
318
220
282
564
907
1215
1630
1957
2172
2376
2477
2371
2292
2122
1847
1530
1255
1082
918
817
979
1254
1443
1434
1334
1308
1344
1386
1309
1058
669
168
-373
-1085
-2006
-3080
-3949
-4608
-5054
-5136
-4916
-4337
-3784
-3148
-2258
-1489
-1063
-817
-1017
-1603
-2241
-3029
-3819
-4404
-4982
-5287
-5239
-4869
-4211
-3304
-2422
-1612
-1025
-647
-672
-990
-1388
-1854
-2469
-3244
-3858
-4137
-4128
-3863
-3608
-3291
-2423
-1504
-898
-484
-107
136
35
-311
-602
-979
-1564
-1985
-2169
-2209
-1933
-1551
-819
136
851
1251
1440
1503
1300
878
280
-368
-1070
-1429
-1527
-1287
-1073
-752
-46
593
877
928
843
379
-313
-944
-1793
-2664
-3260
-3513
-3484
-3227
-2767
-2220
-1586
-1226
-1219
-1391
-1806
-2726
-4171
-5460
-5900
-5630
-4814
-3420
-1610
130
1272
1802
1659
930
-258
-2069
-4046
-5967
-7493
-8350
-8470
-7587
-6236
-4629
-2816
-1405
-331
216
-28
-749
-1799
-3170
-4626
-5994
-7073
-7586
-7384
-6464
-5230
-3959
-2556
-1237
-203
254
239
-125
-892
-1894
-3037
-3896
-4508
-4920
-4836
-4256
-3343
-2343
-1182
-220
455
759
947
763
242
-323
-953
-1622
-2348
-2835
-2781
-2448
-2159
-1739
-996
-345
33
234
358
118
-203
-552
-965
-1282
-1407
-1476
-1597
-1529
-1148
-685
-395
-167
65
160
40
-143
-271
-546
-728
-898
-1089
-1095
-994
-775
-348
72
345
496
687
956
854
696
530
318
-86
-646
-1317
-2143
-2930
-3605
-3942
-3922
-3576
-2852
-2013
-1096
-91
808
1457
1945
2006
1723
1266
634
50
-518
-938
-1151
-1065
-472
396
1253
2145
2979
3641
4155
4376
4253
4059
3554
2831
2309
1994
1719
1492
1664
1878
2286
2822
3340
3765
4112
4290
4437
4357
3960
3667
3396
3155
2842
2636
2751
2998
3145
3370
3559
3842
4048
4056
3966
3732
3567
3536
3379
3079
2969
3164
3228
3017
2873
2765
2582
2564
2504
2449
2305
1992
1718
1578
1620
1541
1530
1656
1732
1722
1754
1939
2238
2368
2196
1906
1505
905
239
-37
146
849
1926
3266
4632
5825
6410
6305
5666
4663
3533
2350
1224
344
-89
-136
167
1039
2414
3766
4713
5339
5653
5599
5023
4144
2911
1547
272
-546
-920
-730
-59
830
2046
3179
4002
4605
4906
4812
4475
3885
2966
1954
1107
277
-136
-169
185
1002
1816
2592
3352
3924
4188
4171
3906
3400
2694
1972
1150
426
-64
16
218
609
1122
1557
1801
2046
2482
2662
2353
2035
1868
1509
1102
752
452
441
735
1037
1297
1618
1915
2045
2125
2152
2176
2037
1752
1354
1104
846
947
1256
1488
1666
1875
2137
2101
2186
2439
2704
2735
2462
2047
1624
1125
321
-633
-1410
-2089
-2706
-2902
-2706
-2180
-1585
-724
228
1058
1628
2020
2383
2272
1705
1043
299
-463
-1087
-1393
-1419
-1103
-561
65
903
1686
2409
2879
3085
3061
2902
2364
1604
902
393
59
-291
-451
-165
269
758
1294
1759
2001
2191
2237
1995
1854
1620
1215
876
786
662
346
247
541
814
1110
1426
1752
1877
1740
1574
1520
1447
1365
971
623
532
476
457
492
466
420
171
63
157
140
-128
-637
-870
-986
-1139
-1196
-1067
-981
-1023
-1047
-861
-690
-595
-589
-970
-1347
-1725
-2216
-2405
-2192
-1480
-224
1353
2920
4104
4609
4555
3877
2703
1210
-465
-2082
-3409
-4338
-4853
-4577
-3346
-1798
-244
1233
2445
3088
3003
2391
1364
66
-1382
-2900
-4293
-5254
-5365
-4811
-4086
-3048
-1882
-686
382
1008
1193
970
438
-328
-1502
-2584
-3613
-4525
-4879
-4617
-4048
-3274
-2327
-1464
-706
-227
149
138
-267
-873
-1690
-2501
-3101
-3545
-3827
-3861
-3639
-3203
-2646
-2153
-1711
-1352
-1237
-1264
-1396
-1776
-2192
-2526
-2613
-2567
-2367
-2223
-1911
-1474
-1071
-660
-284
-16
39
-115
-382
-675
-997
-1072
-1093
-1187
-1006
-712
-470
-323
-77
200
377
509
581
598
696
467
-22
-647
-1424
-2241
-3061
-3838
-4472
-4844
-4831
-4385
-3552
-2765
-1957
-1060
-83
505
812
869
605
-134
-1070
-1894
-2367
-2896
-3118
-2825
-2280
-1578
-758
79
843
1649
2087
2051
1756
1382
895
108
-671
-1211
-1590
-1794
-1556
-1015
-603
-76
712
1415
1641
1642
1661
1635
1181
798
572
462
337
99
159
467
682
887
1216
1438
1573
1671
1692
1744
1800
1646
1446
1193
1018
1126
1187
1268
1257
1269
1210
1015
873
718
605
426
308
212
-49
-169
-132
118
145
-23
76
77
208
323
285
179
-39
-377
-573
-310
320
