-4662
-3950
-3591
-3435
-3401
-3349
-3554
-3782
-3889
-4010
-4177
-4390
-4510
-4490
-4248
-3849
-3486
-3379
-3377
-3190
-3016
-2948
-2964
-2995
-3087
-3615
-4276
-5084
-6027
-6996
-7615
-8027
-8267
-8278
-7962
-7196
-6347
-5464
-4631
-3936
-3323
-3080
-3114
-3369
-3997
-4999
-5872
-6337
-6543
-6448
-6278
-5812
-5006
-4056
-3305
-2516
-1901
-1629
-1494
-1615
-2197
-2815
-3475
-4136
-4723
-5106
-5234
-4935
-4537
-4173
-3675
-3014
-2538
-2268
-2334
-2730
-3255
-3872
-4630
-5295
-5492
-5151
-4333
-3308
-2050
-923
-570
-1215
-2427
-3935
-5865
-7964
-9980
-11377
-11866
-11309
-10245
-8898
-7343
-5912
-4929
-4441
-4852
-5763
-6915
-8548
-10677
-12319
-13022
-13038
-12116
-10356
-7765
-5114
-2816
-848
714
1570
1528
821
-371
-1810
-3557
-5085
-6264
-6764
-6309
-4631
-2145
774
3648
5956
7212
7194
6117
4599
2774
403
-2037
-4130
-5605
-6069
-5824
-4879
-3335
-1662
-137
897
1060
630
-498
-2312
-4329
-6415
-8264
-9677
-10426
-10249
-9367
-8098
-6430
-4844
-3754
-2976
-2817
-3208
-4106
-5445
-7016
-8666
-10196
-11397
-12033
-11928
-11240
-10205
-8763
-7364
-6058
-5018
-4556
-4664
-5280
-6108
-7114
-8335
-9606
-10702
-11388
-11558
-11209
-10543
-9401
-8060
-6643
-5547
-4722
-3985
-3548
-3271
-3278
-3563
-3699
-3686
-3710
-3485
-3112
-2589
-1980
-1477
-1168
-832
-508
-346
-522
-778
-963
-1394
-1562
-1662
-1741
-1842
-1791
-1731
-1807
-1777
-1712
-1834
-2096
-2406
-2698
-2938
-3040
-3329
-3989
-4606
-5159
-5650
-6136
-6615
-6851
-6797
-6593
-6202
-5687
-5002
-4187
-3575
-3152
-3049
-3484
-4075
-4671
-5378
-6326
-7067
-7666
-8090
-8126
-8037
-7405
-6456
-5595
-4934
-4502
-4104
-3803
-3819
-4077
-4466
-5003
-5470
-5561
-5545
-5226
-4529
-3730
-2982
-2101
-1230
-270
763
1225
1506
1661
1851
1958
1858
1513
821
-180
-1180
-2135
-3307
-4108
-4058
-3134
-1390
508
2251
3923
5186
5737
5654
4880
3406
1337
-750
-2502
-3523
-3666
-3159
-1893
17
2093
4001
5496
6432
6740
6156
4955
3277
1386
-160
-1165
-1711
-1378
-264
1276
3334
5310
6601
7307
7379
7086
6570
6233
6104
6375
6778
7189
7209
7123
6722
6035
5235
4384
3441
2293
1170
412
7
52
655
1618
2842
3727
4358
4664
4667
4260
3412
2185
908
-340
-1331
-1901
-1945
-1843
-1334
-586
120
1009
1623
1850
1787
1495
693
-269
-1187
-1991
-2665
-3391
-3894
-3992
-3916
-3613
-3369
-3180
-3023
-2939
-2970
-3032
-3283
-3766
-4127
-4441
-4615
-4579
-4396
-4129
-4019
-3729
-3426
-3225
-3160
-3134
-3166
-3291
-3538
-3985
-4125
-3931
-3878
-3690
-3340
-2867
-2243
-1493
-873
-742
-510
-434
-695
-1008
-1356
-1739
-2037
-2522
-2845
-2855
-2878
-2769
-2678
-2686
-2308
-2000
-1818
-1713
-1517
-1563
-2026
-2840
-3945
-5191
-6645
-7975
-9005
-9842
-10325
-10442
-10229
-9452
-8322
-7208
-6237
-5452
-4904
-4653
-4751
-5400
-6237
-6966
-7917
-8928
-9535
-9886
-9886
-9358
-8549
-7893
-7311
-6306
-5592
-5364
-5288
-5389
-5825
-6440
-7232
-7764
-8191
-8306
-8160
-7901
-7531
-7140
-6602
-5834
-4815
-4020
-3628
-3378
-3272
-3213
-3194
-3027
-2889
-2745
-2445
-2115
-1670
-1250
-903
-475
-281
-261
-321
-347
-508
-685
-949
-1214
-1402
-1528
-1528
-1621
-1630
-1534
-1344
-1456
-1631
-1768
-1977
-2284
-2523
-2866
-3039
-3181
-3512
-3448
-3283
-3144
-2923
-2863
-2761
-2477
-2511
-2620
-2833
-3310
-4133
-4755
-4754
-4246
-3159
-1750
-361
617
878
813
94
-1173
-2569
-4127
-5741
-7151
-8158
-8482
-7995
-7177
-5960
-4347
-2936
-1830
-1411
-1633
-2151
-3070
-4484
-6073
-7667
-8831
-9400
-9329
-8863
-7832
-6593
-5363
-4116
-2983
-2446
-2515
-2975
-3640
-4465
-5723
-6938
-7724
-8352
-8474
-8234
-7592
-6600
-5629
-4755
-3914
-3312
-3151
-3195
-3422
-4063
-4838
-5692
-6314
-6716
-7089
-7209
-6829
-6338
-5744
-5300
-5069
-4687
-4410
-4448
-4848
-5267
-5682
-5973
-6204
-6496
-6595
-6577
-6473
-6099
-5697
-5409
-5260
-5325
-5343
-5448
-5707
-6121
-6278
-6465
-6606
-6626
-6506
-6205
-5929
-5776
-5407
-5186
-5224
-5069
-5012
-4951
-5105
-5373
-5858
-6560
-7255
-8206
-9482
-10560
-11003
-11143
-10975
-10656
-10002
-9038
-8043
-7037
-6245
-5709
-5402
-5352
-5645
-6415
-7294
-8203
-8979
-9297
-9287
-8981
-8484
-7477
-6328
-5439
-4531
-3716
-3163
-3005
-3160
-3614
-4150
-4665
-5119
-5408
-5588
-5612
-5412
-4838
-4232
-3625
-2701
-1844
-1360
-1093
-943
-930
-1020
-1031
-1024
-1042
-1083
-999
-954
-756
-248
406
864
1080
1377
1545
1533
1544
1488
1421
1363
1438
1397
1316
1248
1130
1056
947
823
769
645
565
426
165
-191
-397
-297
-157
-141
-140
-16
166
314
513
579
512
575
438
-16
-743
-1275
-1362
-810
271
1664
3196
4476
5236
5310
4902
4060
2915
1523
203
-1172
-2167
-2674
-2577
-1854
-682
580
1902
3025
3677
3811
3389
2419
1161
-140
-1377
-2495
-3234
-3572
-3394
-2763
-1567
-382
604
1571
2187
2196
1946
1371
419
-732
-1768
-2670
-3303
-3559
-3429
-2915
-2235
-1481
-750
-120
394
596
501
25
-612
-1238
-1958
-2679
-3338
-3737
-3801
-3756
-3504
-2869
-2340
-1853
-1480
-1361
-1396
-1605
-1994
-2428
-2714
-2852
-3046
-3121
-3043
-2719
-2451
-2412
-2143
-1647
-1375
-1368
-1572
-1801
-1996
-2300
-2583
-2955
-3093
-2918
-2840
-2672
-2415
-2183
-1959
-1900
-1837
-1792
-1612
-1521
-1733
-2221
-2931
-3799
-4976
-5905
-6529
-7042
-7564
-7739
-7501
-7142
-6609
-5723
-4760
-3836
-3165
-2885
-2858
-3084
-3899
-4693
-5405
-6336
-6995
-7277
-7314
-6841
-5978
-5186
-4362
-3521
-2855
-2378
-2185
-2107
-2244
-2602
-3225
-3834
-4394
-4783
-4861
-4613
-4165
-3566
-2985
-2306
-1721
-1270
-839
-645
-673
-657
-864
-995
-1043
-1160
-1175
-1157
-1106
-762
-152
345
614
817
1032
1189
1306
1399
1342
1190
1050
962
902
611
354
427
633
690
592
426
252
-64
-176
-389
-551
-705
-1015
-1137
-1033
-884
-710
-755
-643
-615
-508
-426
-761
-1166
-1710
-2402
-2703
-2384
-1659
-487
871
2274
3431
3652
3394
2706
1656
214
-1482
-2980
-4000
-4733
-5017
-4656
-3556
-2155
-758
303
1085
1345
1097
396
-718
-2258
-3714
-4998
-5972
-6366
-6262
-5595
-4485
-3319
-2242
-1233
-555
-274
-449
-908
-1710
-2692
-3852
-5138
-6088
-6463
-6444
-5980
-5341
-4592
-3724
-2729
-1978
-1640
-1641
-2011
-2660
-3449
-4303
-5147
-5886
-6458
-6490
-6331
-5939
-5455
-4971
-4464
-4095
-3916
-3875
-3873
-4011
-4337
-4643
-4884
-5308
-5662
-5763
-5441
-5055
-4836
-4420
-4037
-3675
-3567
-3740
-3922
-4208
-4474
-4751
-4974
-5263
-5439
-5271
-5037
-4709
-4263
-4019
-4017
-3872
-3861
-3916
-4047
-4266
-4500
-5202
-5954
-6859
-7530
-8267
-9172
-9685
-9797
-9686
-9405
-8852
-7882
-6906
-5981
-5297
-4723
-4557
-4786
-5315
-6144
-7036
-7603
-8013
-8466
-8571
-8186
-7547
-6765
-5793
-4934
-4158
-3639
-3262
-3044
-3187
-3588
-4022
-4543
-5178
-5465
-5477
-5300
-4873
-4426
-3807
-2964
-2137
-1676
-1457
-1379
-1139
-966
-1005
-1018
-1155
-1494
-1556
-1257
-841
-438
-192
106
588
1189
1470
1633
1543
1474
1205
1032
991
1002
1160
1263
1294
1370
1154
992
1015
1144
1133
968
638
483
184
17
-48
-57
26
79
207
415
507
608
515
408
157
-204
-884
-1834
-2689
-3166
-3147
-2516
-1418
-183
943
1737
2186
1946
1200
436
-302
-1119
-1866
-2297
-2310
-1948
-1096
-68
1112
2127
2626
2782
2342
1587
748
-330
-1384
-2321
-3090
-3381
-3250
-2610
-1402
-117
1179
2026
2456
2767
2748
2325
1670
790
-255
-1104
-1676
-2013
-1952
-1607
-987
-22
976
1572
1940
2254
2396
2125
1587
882
162
-546
-1108
-1556
-1707
-1573
-1368
-874
-187
373
1011
1273
1212
958
543
200
-215
-759
-1318
-1800
-2275
-2613
-2544
-2298
-2249
-2186
-1971
-1747
-1605
-1855
-2216
-2476
-2502
-2651
-2809
-2940
-3029
-2973
-2807
-2751
-2771
-2732
-2688
-2424
-2330
-2240
-2211
-2468
-2884
-3656
-4525
-5436
-6433
-7430
-8016
-8268
-8202
-7803
-6984
-6126
-5243
-4401
-3721
-3186
-2964
-2866
-3061
-3643
-4483
-5360
-6027
-6328
-6335
-6114
-5539
-4815
-3867
-2818
-1711
-1062
-574
-153
-255
-732
-1079
-1499
-1947
-2499
-2755
-2637
-2207
-1636
-948
-386
254
875
1492
1873
1960
1791
1645
1527
1324
1155
1156
1088
1170
1517
1770
2013
2390
2619
2680
2737
2860
2855
2841
2867
2619
2191
1947
1957
2057
2121
2059
1908
1690
1600
1439
1350
1228
1033
886
678
484
405
395
435
595
638
719
890
898
1019
1050
808
593
504
754
1558
2795
4290
5945
7102
7907
8033
7675
6831
5368
3242
723
-1570
-3234
-4371
-4987
-4640
-3302
-1286
1082
3196
4724
5657
5998
5426
4270
2763
836
-1364
-3193
-4608
-5246
-5088
-4385
-3168
-1762
-235
972
1756
2045
1794
1290
399
-970
-2606
-3998
-5202
-6037
-6272
-5928
-5118
-3935
-2697
-1732
-1069
-652
-478
-711
-1369
-2145
-2889
-3528
-4395
-5171
-5573
-5699
-5371
-5056
-4758
-4262
-3892
-3729
-3788
-3729
-3794
-4026
-4255
-4261
-4173
-4016
-3822
-3323
-2807
-2358
-1917
-1785
-1747
-1829
-1908
-2080
-2221
-2277
-2438
-2468
-2489
-2461
-2279
-2015
-1723
-1431
-1261
-1104
-1010
-805
-855
-1005
-1272
-1796
-2552
-3561
-4673
-5562
-6272
-6863
-7263
-7324
-6936
-6289
-5430
-4405
-3614
-2754
-2164
-2018
-2172
-2463
-3121
-4014
-4865
-5703
-6267
-6676
-6794
-6399
-5843
-5082
-4243
-3338
-2517
-2058
-1998
-2167
-2503
-3102
-3750
-4379
-4793
-5134
-5479
-5411
-4909
-4160
-3518
-2927
-2338
-1859
-1463
-1192
-962
-801
-899
-1125
-1220
-1380
-1301
-1164
-956
-661
-184
253
684
1046
1304
1457
1518
1625
1763
1629
1508
1571
1689
1719
1701
1683
1729
1899
1723
1494
1464
1402
1113
991
821
725
721
643
653
857
1058
1063
1103
1167
1272
1352
1137
695
-75
-835
-1379
-1679
-1434
-571
771
1793
2426
2900
3056
2555
1501
378
-962
-2355
-3215
-3650
-3594
-2960
-1694
-98
1253
2335
3077
3264
2982
2146
984
-559
-2164
-3518
-4575
-5035
-4771
-4068
-3095
-1749
-269
1001
1800
2211
2282
2040
1429
342
-939
-1957
-2497
-2920
-2917
-2452
-1662
-591
416
1343
1983
2210
2184
1985
1440
814
142
-672
-1389
-1775
-1976
-1981
-1523
-1130
-700
-66
515
901
1014
898
656
198
-259
-596
-854
-1120
-1430
-1357
-1053
-916
-867
-834
-738
-714
-865
-1015
-1368
-1678
-2009
-2390
-2484
-2454
-2482
-2405
-2221
-2101
-2139
-2174
-2157
-2117
-2041
-1872
-2035
-2577
-3141
-3836
-4649
-5538
-6505
-7384
-7983
-8032
-7656
-7203
-6695
-6031
-5039
-3954
-2899
-2307
-2228
-2559
-3042
-3683
-4573
-5448
-6017
-6240
-6192
-5775
-5094
-4162
-3252
-2245
-1285
-578
-219
-82
-251
-470
-844
-1442
-1748
-2133
-2396
-2132
-1686
-1070
-171
582
1122
1623
2288
2656
2749
2793
2762
2592
2214
1951
1927
2094
2409
2712
2919
3188
3523
3788
3950
4051
4077
3982
3856
3788
3546
3240
3248
3187
3031
2984
3076
3177
3197
3040
2746
2333
2198
2089
1777
1604
1493
1468
1479
1568
1738
1803
1759
1705
1642
1658
1468
1110
627
-75
-585
-508
199
1435
2907
4377
5515
6224
6229
5570
4718
3546
2179
892
-264
-1101
-1396
-1213
-367
983
2279
3559
4571
4951
4900
4421
3442
2243
926
-361
-1214
-1821
-2147
-1995
-1207
62
1491
2541
3119
3526
3562
3323
2586
1507
389
-513
-1371
-1943
-2199
-2202
-1475
-426
485
1187
1679
2049
2146
1876
1231
322
-489
-1076
-1675
-2360
-2780
-2634
-2431
-1907
-1275
-811
-564
-214
-118
-224
-517
-978
-1404
-1909
-2161
-2304
-2393
-2347
-2279
-2175
-1819
-1438
-1262
-1156
-1128
-1107
-1209
-1364
-1729
-2094
-2303
-2372
-2226
-2055
-1869
-1576
-1246
-1178
-1224
-1142
-1084
-974
-939
-1087
-1583
-2395
-3232
-4106
-4859
-5556
-6047
-6358
-6696
-6545
-5869
-4926
-3906
-3024
-2448
-1848
-1580
-1715
-2114
-2835
-3554
-4250
-4897
-5412
-5485
-5339
-4819
-3958
-3156
-2421
-1617
-833
-401
-270
-363
-719
-1262
-1977
-2634
-3077
-3180
-3088
-2792
-2306
-1701
-1039
-247
361
617
897
1122
1134
1097
947
905
816
779
947
1142
1391
1723
2138
2256
2472
2847
2884
2886
2964
2773
2760
2795
2761
2772
2710
2581
2470
2362
2312
2337
2322
2262
2194
1900
1690
1611
1469
1216
1195
1158
1293
1415
1487
1620
1689
1680
1608
1528
1483
1153
553
132
90
336
1266
2783
4206
5448
6196
6342
6049
5200
4055
2745
1107
-270
-1162
-1556
-1497
-800
254
1498
2633
3531
4071
4197
3820
3077
1936
513
-1028
-2299
-3089
-3203
-2841
-2273
-1364
-304
772
1715
2336
2591
2282
1621
768
-290
-1358
-2225
-2758
-3087
-2906
-2402
-1731
-936
-201
514
1121
1416
1218
740
231
-458
-1229
-2189
-2701
-2880
-2989
-2994
-2684
-2087
-1276
-861
-648
-351
-215
-471
-944
-1388
-1784
-2018
-2249
-2218
-2074
-1944
-1627
-1303
-1025
-876
-803
-613
-453
-604
-921
-1219
-1502
-1651
-1736
-1792
-1753
-1513
-1105
-956
-846
-696
-548
-544
-635
-771
-991
-1514
-2185
-2915
-3683
-4498
-5368
-6048
-6602
-6813
-6647
-6225
-5289
-4388
-3547
-2657
-2068
-1681
-1555
-1810
-2261
-3045
-3859
-4492
-5122
-5528
-5650
-5150
-4254
-3288
-2466
-1718
-846
-281
-83
-131
-408
-841
-1448
-1916
-2127
-2313
-2658
-2510
-2020
-1295
-499
247
914
1295
1362
1575
1876
1946
1799
1701
1590
1537
1506
1698
2132
2477
2672
2825
3040
3385
3798
4129
4078
3855
3641
3520
3616
3850
3944
3876
3644
3475
3635
3652
3627
3506
3294
3075
2672
2280
2256
2185
2096
2136
2211
2406
2529
2552
2562
2549
2399
2331
2337
2007
1391
839
545
811
1618
2906
4510
5841
6736
7177
6904
6081
4972
3822
2534
1263
251
-670
-1060
-628
405
1755
3139
4142
4798
4991
4751
4140
3331
2164
736
-795
-1790
-2186
-2026
-1459
-612
545
1732
2614
3274
3645
3640
3247
2389
1243
211
-676
-1453
-1826
-1753
-1496
-804
19
901
1675
2213
2609
2505
2207
1663
803
-100
-883
-1427
-1784
-1947
-1784
-1432
-974
-225
345
544
647
600
497
327
-134
-620
-859
-923
-998
-1043
-961
-628
-227
119
366
547
583
579
612
246
-183
-372
-615
-688
-621
-594
-483
-256
-53
69
233
469
594
584
573
464
9
-552
-1347
-2142
-2893
-3735
-4421
-4960
-5361
-5302
-4973
-4345
-3620
-2802
-1932
-1152
-634
-617
-810
-1130
-1686
-2436
-3254
-4054
-4335
-4321
-3920
-3221
-2596
-1957
-1109
-287
396
861
927
736
290
-395
-1020
-1416
-1719
-1978
-1837
-1454
-923
-345
258
1097
1690
2002
2168
2095
1896
1673
1308
955
905
1270
1778
2187
2669
3014
3079
2884
2454
1958
1249
683
298
292
582
1149
1897
2758
3508
3986
4091
3830
3252
2484
1421
594
79
-143
129
826
1733
2953
4355
5480
6320
6746
6815
6409
5829
5055
4232
3603
2965
2571
2421
2812
3852
5429
7261
8874
9959
10484
10459
9549
8140
6614
4792
3255
1997
1086
762
1020
1640
2522
3728
5003
5908
6130
5795
5128
4108
2952
1644
273
-825
-1694
-2132
-1835
-1083
-219
888
1820
2439
2845
2960
2535
2057
1344
244
-957
-1944
-2654
-3152
-3205
-2803
-2120
-1416
-662
145
840
1048
900
574
-76
-644
-1337
-2034
-2468
-2774
-2727
-2457
-2032
-1397
-748
-115
576
948
1112
1159
1033
765
442
131
11
227
562
871
1128
1387
1636
2037
2293
2346
2238
1896
1776
1565
1126
924
876
742
955
1098
1048
1098
1301
1348
1360
1287
1258
1242
1073
797
342
-404
-1306
-2252
-3188
-3820
-4424
-4876
-5006
-4847
-4424
-3597
-2761
-2228
-1657
-1174
-847
-917
-1499
-2116
-2846
-3733
-4607
-5292
-5516
-5289
-4898
-4111
-3160
-2183
-1532
-1037
-709
-689
-842
-1169
-1753
-2611
-3384
-3842
-3939
-4036
-3913
-3576
-3109
-2463
-1674
-1026
-443
-132
-63
-4
-248
-712
-1207
-1687
-1962
-2063
-2072
-1803
-1401
-611
178
864
1464
1780
1633
1247
808
284
-362
-862
-1051
-1152
-1096
-793
-415
53
491
805
914
599
171
-429
-1197
-1881
-2475
-2936
-3217
-3036
-2814
-2694
-2424
-1779
-1147
-997
-1173
-1778
-2915
-4198
-5214
-5868
-5873
-4939
-3410
-1778
-153
1092
1741
1693
981
-332
-2153
-4284
-6076
-7285
-8051
-8248
-7662
-6212
-4370
-2601
-1189
-145
262
-2
-746
-1922
-3560
-5260
-6556
-7311
-7536
-7250
-6335
-4925
-3457
-2042
-755
95
353
252
-77
-822
-1948
-3085
-3876
-4560
-4847
-4576
-3915
-3164
-2263
-1148
-185
789
1149
1016
673
174
-441
-975
-1637
-2212
-2605
-2750
-2401
-1935
-1498
-861
-253
119
245
233
23
-213
-496
-892
-1182
-1537
-1766
-1673
-1391
-1108
-739
-277
-20
142
173
85
36
-155
-454
-828
-952
-741
-691
-801
-754
-404
-61
232
404
538
890
915
833
665
355
-173
-688
-1452
-2391
-3089
-3633
-3923
-3904
-3617
-3028
-2379
-1514
-410
511
1210
1783
1851
1519
1137
649
36
-524
-844
-1064
-1071
-524
237
1168
2210
3042
3652
4048
4265
4190
3953
3558
2936
2380
1938
1612
1438
1516
1875
2387
3009
3442
3842
4341
4509
4585
4354
3972
3681
3329
2946
2778
2916
3062
2947
2963
3226
3564
3757
3806
3847
3909
3905
3813
3674
3370
3174
3077
3023
2965
2755
2775
2849
2843
2974
2847
2650
2430
2113
1985
1938
1812
1792
1771
1721
1744
1857
1915
2016
2182
2097
2114
2139
1736
1127
639
447
598
1462
2763
4297
5705
6569
7031
6966
6433
5403
4125
2695
1427
451
-199
-368
-51
876
2298
3885
5041
5611
5914
6021
5411
4335
3037
1698
553
-295
-640
-707
-345
551
1798
2898
3841
4479
4759
4846
4428
3529
2520
1576
723
-29
-466
-479
-127
741
1596
2392
3143
3630
4015
3864
3501
2882
2163
1428
761
244
-182
-494
-340
74
493
978
1513
1994
2324
2392
2220
1899
1428
1186
939
632
536
494
727
1071
1367
1697
1947
2128
2187
2187
1913
1728
1539
1483
1408
1239
1319
1489
1683
1799
2013
2383
2556
2616
2684
2720
2696
2590
2123
1663
1102
217
-699
-1547
-2065
-2449
-2548
-2422
-2117
-1574
-834
-59
749
1504
1976
2046
1831
1328
620
64
-590
-1112
-1500
-1719
-1176
-503
124
891
1596
2223
2669
2823
2695
2419
1859
1175
641
27
-587
-885
-1032
-744
-215
379
891
1278
1599
1731
1756
1722
1582
1250
861
552
125
-129
-49
209
319
522
689
864
1047
1117
1116
985
842
797
679
490
348
348
316
410
312
278
453
599
530
149
-412
-601
-740
-1030
-1129
-1252
-1384
-1200
-1082
-1140
-1034
-744
-650
-691
-884
-1078
-1324
-2017
-2722
-3135
-2916
-2268
-1081
476
2025
3181
3863
3984
3487
2429
1016
-465
-1868
-3008
-3806
-4156
-4059
-3404
-2086
-550
783
1680
2126
2088
1548
523
-780
-2123
-3383
-4449
-5281
-5483
-4874
-3832
-2729
-1532
-418
448
1074
1192
795
173
-775
-1819
-2909
-4037
-4616
-4646
-4165
-3462
-2641
-1671
-755
-78
294
568
393
-13
-657
-1523
-2286
-2859
-3276
-3569
-3608
-3341
-2838
-2057
-1532
-1059
-811
-862
-998
-1089
-1248
-1627
-2037
-2217
-2230
-2263
-2058
-1728
-1413
-947
-444
-158
-82
-231
-402
-328
-453
-916
-1286
-1352
-1160
-1017
-858
-551
-286
-112
-117
86
401
487
433
336
258
-75
-757
-1502
-2251
-3272
-4132
-4552
-4646
-4656
-4437
-3788
-2828
-2038
-1251
-513
-21
269
330
54
-364
-1161
-2088
-2753
-2928
-2925
-2716
-2212
-1466
-674
83
803
1528
1956
1873
1504
1020
594
96
-473
-950
-1143
-1231
-1121
-883
-501
135
712
1098
1616
1799
1706
1556
1149
748
482
296
328
414
357
404
633
959
1261
1475
1555
1583
1515
1437
1466
1483
1234
1087
910
882
998
994
967
983
1061
1077
982
636
314
-3
-204
-11
61
-86
-170
-277
-261
-140
24
290
442
270
137
23
-32
-45
-94
329
1161
