-5487
-5170
-4673
-4378
-4362
-4214
-4168
-4410
-4661
-4908
-5095
-5225
-5337
-5332
-5227
-5130
-4936
-4601
-4449
-4286
-4205
-3908
-3833
-3831
-4056
-4529
-5054
-5694
-6417
-7371
-8208
-8780
-8988
-8911
-8785
-8379
-7577
-6712
-5900
-4945
-4175
-3784
-3744
-4178
-4803
-5666
-6481
-6997
-7313
-7216
-7075
-6533
-5394
-4329
-3480
-3022
-2501
-1925
-1525
-1628
-2192
-2747
-3449
-4020
-4562
-4838
-4697
-4399
-4148
-3628
-3017
-2431
-1938
-1674
-1687
-2082
-2791
-3685
-4513
-5015
-5090
-4686
-3936
-2750
-1597
-780
-650
-1261
-2557
-4124
-5898
-7890
-9854
-11217
-11760
-11468
-10452
-9163
-7729
-6347
-5210
-4531
-4791
-5829
-7238
-8907
-10689
-12224
-12856
-12889
-12194
-10317
-7709
-5132
-2885
-910
485
1213
1237
375
-757
-1993
-3623
-5186
-6065
-6014
-4845
-2582
223
3153
5668
7387
8030
7749
6395
4282
1818
-740
-3478
-6026
-7492
-7690
-6919
-5621
-3651
-1491
527
1935
2620
2482
1430
-411
-2788
-5319
-7645
-9357
-10390
-10560
-10062
-8925
-7379
-5884
-4427
-3540
-3225
-3481
-4398
-5700
-7352
-9174
-10818
-12045
-12845
-13143
-12880
-12067
-10760
-9426
-7977
-6696
-5832
-5603
-5952
-6785
-7863
-9094
-10419
-11460
-11877
-12007
-11911
-11681
-10888
-9789
-8760
-7634
-6709
-5961
-5336
-5040
-4823
-4733
-4759
-4812
-4744
-4395
-3848
-3399
-2795
-2120
-1545
-1082
-1038
-1102
-1127
-1206
-1433
-1744
-1978
-2086
-2071
-2022
-1833
-1508
-1362
-1438
-1432
-1484
-1560
-1857
-2012
-2322
-2615
-2936
-3471
-4107
-4779
-5376
-5863
-6082
-6131
-6207
-6077
-5611
-4988
-4427
-3810
-2828
-2211
-2159
-2571
-3248
-4123
-5269
-6406
-7222
-7760
-8263
-8622
-8541
-7804
-6781
-6046
-5322
-4620
-4215
-4153
-4176
-4419
-4744
-5150
-5535
-5967
-6060
-5995
-5566
-4839
-3773
-2750
-2075
-1329
-483
297
745
974
1175
1181
1003
655
-84
-1113
-2069
-3175
-4274
-5024
-4962
-3994
-2367
-545
1399
3336
4627
5182
4970
4024
2515
680
-1343
-2991
-3828
-3897
-3268
-1725
349
2557
4410
5775
6661
6759
6029
4827
3393
1762
215
-822
-1008
-625
544
2329
4331
6167
7448
8154
8364
8477
8492
8570
8595
8736
8500
7991
7626
7271
6597
5577
4365
3161
2050
992
278
-88
-37
302
1049
2262
3568
4565
5282
5496
5265
4641
3686
2648
1506
271
-752
-1456
-1843
-1822
-1505
-1077
-627
-110
300
475
418
192
-460
-1504
-2534
-3327
-4042
-4666
-4951
-4990
-4938
-4803
-4491
-4204
-4014
-4021
-4151
-4269
-4239
-4272
-4453
-4688
-4785
-4763
-4669
-4498
-4249
-4109
-3932
-3778
-3718
-3917
-4114
-4247
-4446
-4479
-4443
-4240
-3859
-3413
-2991
-2519
-1916
-1258
-868
-649
-592
-634
-953
-1421
-1815
-2214
-2467
-2811
-3101
-3016
-2704
-2250
-1918
-1601
-1338
-1118
-931
-715
-590
-757
-1193
-1970
-2979
-4287
-5662
-6748
-7709
-8822
-9474
-9614
-9344
-8816
-7834
-6650
-5682
-4904
-4306
-4073
-4304
-4868
-5906
-6919
-7802
-8839
-9694
-10067
-10350
-10152
-9430
-8569
-7550
-6727
-6066
-5683
-5588
-5583
-5940
-6408
-6935
-7579
-8114
-8344
-8241
-8222
-7915
-7315
-6594
-5920
-5096
-4353
-3895
-3483
-3057
-2868
-2906
-2891
-2843
-2487
-2204
-1899
-1415
-1038
-705
-543
-373
-228
-219
-172
-143
-274
-414
-676
-916
-1168
-1138
-1051
-994
-771
-542
-660
-766
-666
-722
-943
-1367
-1699
-1706
-1879
-2139
-2219
-2142
-1859
-1669
-1690
-1585
-1367
-1033
-1055
-1474
-2252
-3036
-3488
-3639
-3302
-2431
-1158
49
979
1337
1302
759
-468
-1925
-3435
-5129
-6644
-7511
-7736
-7539
-6749
-5330
-3673
-2295
-1370
-959
-1072
-1417
-2278
-3658
-5177
-6641
-7931
-8615
-8653
-8314
-7479
-6392
-5107
-3946
-3031
-2292
-1903
-2274
-3121
-4030
-5193
-6460
-7403
-7879
-7960
-7828
-7338
-6517
-5584
-4596
-3604
-2951
-2753
-2815
-3067
-3643
-4352
-5084
-5742
-6038
-6264
-6306
-6224
-5986
-5386
-4770
-4237
-3864
-3886
-4011
-4194
-4500
-5056
-5648
-5905
-6241
-6438
-6531
-6342
-5872
-5400
-5158
-4994
-4987
-5202
-5474
-5719
-5957
-6182
-6596
-6690
-6520
-6370
-6247
-6023
-5709
-5536
-5460
-5197
-4862
-4587
-4490
-4598
-4799
-5421
-6210
-6997
-7967
-9028
-9726
-10203
-10462
-10389
-10221
-9815
-8975
-7864
-6801
-6021
-5408
-5111
-5181
-5600
-6328
-7279
-8239
-9101
-9767
-9938
-9585
-8935
-7979
-6857
-5814
-4828
-4066
-3486
-3252
-3387
-3676
-4080
-4507
-5129
-5676
-5894
-5849
-5537
-5088
-4462
-3659
-2674
-2003
-1612
-1419
-1049
-813
-933
-1084
-1096
-1137
-1138
-867
-738
-713
-359
32
386
824
1063
1197
1212
1300
1373
1290
1164
925
849
953
1016
930
1015
978
897
831
633
507
300
24
0
58
-67
-199
-121
-67
96
182
434
578
690
541
289
94
-339
-1059
-1642
-1669
-1209
-229
1078
2397
3752
4680
4816
4423
3672
2569
1171
-323
-1665
-2616
-3120
-3157
-2438
-1230
89
1296
2330
3062
3232
3020
2321
1218
-81
-1400
-2530
-3486
-3958
-3671
-2896
-1984
-860
251
1032
1487
1745
1580
973
23
-1021
-2037
-2979
-3610
-3955
-3914
-3389
-2612
-1803
-903
-103
382
386
206
-104
-423
-1084
-1898
-2646
-3304
-3780
-3856
-3759
-3544
-2901
-2354
-1949
-1499
-1336
-1302
-1412
-1722
-2229
-2737
-3076
-3256
-3442
-3458
-3221
-2983
-2653
-2225
-1918
-1857
-1938
-1968
-2187
-2404
-2479
-2692
-2884
-3100
-3129
-2967
-2828
-2643
-2478
-2247
-2043
-1957
-1859
-1805
-1828
-1933
-2282
-2907
-3753
-4717
-5695
-6429
-6886
-7205
-7266
-7030
-6606
-5877
-5148
-4434
-3647
-2842
-2395
-2457
-2891
-3570
-4507
-5542
-6395
-6854
-7087
-7116
-6867
-6313
-5390
-4152
-3126
-2438
-1972
-1828
-1849
-2129
-2544
-3055
-3477
-3900
-4252
-4436
-4294
-3931
-3476
-2807
-2066
-1350
-654
-359
-200
-253
-424
-590
-681
-749
-764
-793
-870
-734
-393
-32
449
858
1162
1329
1444
1495
1513
1605
1501
1448
1341
1170
1116
1221
1297
1268
1343
1295
1252
1126
691
414
250
257
186
-38
-21
-53
-115
-2
22
88
81
209
270
52
-491
-1154
-1798
-2199
-1952
-1209
-46
1441
2604
3469
4129
4124
3361
2193
812
-529
-2006
-3233
-3982
-4208
-3819
-2759
-1350
-3
1187
2066
2379
2100
1513
748
-573
-2226
-3579
-4742
-5362
-5375
-4999
-3995
-2850
-1841
-889
-23
484
417
-61
-858
-1951
-3045
-4019
-4946
-5401
-5461
-5198
-4588
-3705
-2797
-1911
-1424
-1068
-956
-1234
-1716
-2358
-3150
-3963
-4670
-5124
-5310
-5362
-4956
-4437
-3944
-3432
-3070
-2838
-2651
-2670
-3029
-3621
-4219
-4451
-4707
-4888
-5052
-4777
-4480
-4127
-3811
-3536
-3549
-3641
-3491
-3517
-3769
-4205
-4440
-4657
-4950
-4918
-4747
-4521
-4168
-3888
-3805
-3577
-3379
-3206
-3008
-2976
-3083
-3373
-3962
-4773
-5857
-6866
-7594
-8358
-8921
-9159
-9059
-8601
-7838
-6834
-5948
-5048
-4392
-4078
-3976
-4216
-4728
-5560
-6504
-7383
-8125
-8423
-8305
-8121
-7594
-6636
-5782
-4827
-3909
-3304
-2963
-2864
-2985
-3295
-3588
-4213
-4777
-5220
-5353
-5021
-4800
-4300
-3427
-2480
-1772
-1439
-1060
-598
-326
-317
-411
-514
-691
-679
-745
-676
-630
-447
14
473
852
1209
1469
1710
1812
1807
1711
1787
1816
1815
1736
1691
1611
1552
1676
1758
1719
1630
1540
1446
1361
1106
886
755
768
679
536
668
813
1039
1167
1091
1038
1217
1227
883
260
-584
-1334
-1536
-1327
-437
818
2134
3377
4274
4454
3951
3069
2066
951
-341
-1579
-2238
-2361
-2017
-1282
-172
949
2011
2875
3277
3161
2813
2128
919
-438
-1747
-2888
-3425
-3443
-3189
-2337
-1149
-83
890
1591
1902
1915
1578
1009
325
-775
-2089
-2960
-3274
-3109
-2648
-2024
-1413
-537
242
856
1363
1553
1382
750
121
-529
-1256
-2060
-2779
-3035
-2737
-2119
-1584
-1096
-745
-262
58
-30
-227
-546
-1059
-1452
-1923
-2206
-2453
-2675
-2664
-2473
-2113
-1807
-1518
-1432
-1374
-1296
-1442
-1908
-2121
-2220
-2415
-2540
-2664
-2671
-2570
-2450
-2140
-2058
-2077
-2032
-1925
-1641
-1532
-1568
-1904
-2437
-3060
-3896
-4810
-5659
-6414
-6964
-7277
-7244
-7134
-6725
-6008
-5013
-3854
-3243
-2788
-2459
-2563
-2890
-3628
-4547
-5550
-6254
-6668
-6773
-6462
-5919
-5351
-4527
-3352
-2333
-1653
-1221
-950
-983
-1479
-2030
-2554
-2922
-3300
-3616
-3742
-3466
-2866
-2051
-1348
-559
20
409
690
825
860
872
778
406
225
110
230
554
800
888
1027
1500
2205
2579
2491
2556
2690
2552
2279
2086
1938
1885
1938
2065
2011
1841
1988
1987
1747
1640
1659
1542
1350
1205
911
543
435
649
744
844
844
786
863
923
1134
1077
791
344
-173
-558
-488
229
1415
2795
4057
5103
5681
5677
5179
4072
2629
985
-690
-2089
-3117
-3522
-3371
-2512
-1233
365
1932
3300
4203
4493
4175
3285
2064
490
-1202
-2667
-3617
-4090
-4068
-3378
-2437
-1161
-73
713
1328
1568
1436
967
-24
-1219
-2324
-3454
-4345
-4698
-4556
-4061
-3335
-2490
-1593
-754
-41
365
358
-35
-729
-1441
-2128
-2906
-3568
-4092
-4249
-4149
-3809
-3184
-2749
-2313
-2061
-1996
-1955
-2158
-2435
-2804
-3234
-3499
-3636
-3616
-3461
-3171
-2953
-2582
-2202
-2041
-1823
-1837
-2068
-2311
-2559
-2672
-2767
-2876
-2946
-2892
-2634
-2446
-2141
-1767
-1581
-1512
-1411
-1071
-1116
-1293
-1504
-1937
-2479
-3238
-4240
-5115
-5850
-6545
-6855
-6862
-6683
-6127
-5573
-4746
-3750
-2800
-2024
-1797
-1960
-2232
-2827
-3582
-4686
-5818
-6448
-6533
-6422
-6261
-5771
-4878
-3984
-3148
-2309
-1641
-1375
-1499
-1790
-2112
-2498
-3137
-3741
-4149
-4250
-3969
-3504
-3065
-2378
-1514
-906
-510
-117
179
287
182
129
45
-126
-251
-231
-174
84
435
882
1310
1781
2068
2338
2566
2527
2427
2318
2470
2473
2492
2390
2244
2145
2128
2210
2227
2277
2238
2199
1997
1711
1536
1452
1395
1338
1412
1577
1696
1762
1756
1800
1742
1569
1596
1515
1115
473
-207
-610
-598
-19
965
2242
3617
4528
4916
4817
4223
3219
1883
423
-812
-1740
-2420
-2619
-2184
-1000
512
1799
2907
3689
4027
3786
3013
1958
725
-546
-1777
-2720
-3357
-3466
-2992
-2115
-958
326
1365
2066
2350
2368
1955
1295
418
-686
-1664
-2411
-2760
-2749
-2498
-1819
-915
-47
710
1374
1698
1717
1624
1168
303
-481
-1083
-1624
-1902
-2105
-2058
-1783
-1267
-662
-143
268
432
419
226
1
-357
-787
-1173
-1475
-1790
-1896
-1754
-1543
-1234
-867
-676
-478
-526
-497
-465
-943
-1344
-1581
-1731
-1872
-1913
-1754
-1713
-1587
-1302
-993
-930
-865
-665
-547
-579
-704
-1036
-1534
-2161
-2980
-3778
-4705
-5484
-5996
-6327
-6407
-6082
-5473
-4496
-3584
-2648
-1893
-1398
-1247
-1461
-2071
-2899
-3774
-4560
-5098
-5400
-5445
-5225
-4612
-3729
-2750
-1896
-1179
-634
-269
-37
105
-143
-717
-1397
-1918
-2250
-2330
-2096
-1626
-1125
-579
180
918
1388
1786
1940
2134
2203
2198
2009
1792
1703
1759
1816
2008
2272
2547
2895
3168
3371
3537
3699
3924
4007
3869
3813
3710
3614
3570
3548
3456
3508
3630
3584
3390
3382
3253
3086
2774
2647
2536
2396
2345
2205
2131
2216
2399
2535
2509
2510
2478
2411
2292
1940
1370
683
337
312
798
1983
3458
4922
6032
6447
6409
5929
4997
3755
2331
934
-260
-1091
-1311
-846
72
1081
2236
3521
4474
4951
5178
4788
3850
2713
1223
-20
-1142
-1954
-2168
-1803
-1029
-124
876
1883
2638
3118
3092
2811
2288
1318
133
-837
-1540
-1960
-2438
-2537
-1884
-1074
-200
712
1512
2109
2283
2022
1415
754
77
-647
-1409
-1973
-2124
-2189
-2120
-1779
-1194
-663
-371
-113
-105
-180
-411
-787
-1115
-1411
-1862
-2086
-2203
-2291
-2129
-1758
-1180
-917
-722
-656
-673
-675
-908
-1327
-1626
-1836
-1968
-1952
-1848
-1747
-1572
-1296
-851
-565
-369
-445
-462
-347
-542
-982
-1480
-2151
-2758
-3524
-4443
-5421
-6089
-6273
-6102
-5801
-5292
-4482
-3579
-2666
-1954
-1355
-1095
-1297
-1734
-2323
-3119
-4137
-5110
-5647
-5809
-5756
-5284
-4559
-3508
-2575
-1745
-960
-412
-281
-359
-768
-1152
-1699
-2329
-2890
-3074
-2921
-2550
-2168
-1665
-961
-316
323
942
1252
1434
1396
1195
1103
1032
912
775
864
1124
1386
1601
1981
2361
2740
2942
3030
3114
3227
3317
3243
3104
3055
3088
3069
3060
3017
2954
2968
3053
3020
2995
2935
2761
2533
2257
1919
1688
1874
2118
2224
2276
2215
2276
2389
2451
2572
2450
2101
1563
884
330
239
491
1326
2684
4145
5379
6104
6399
6017
5081
3896
2673
1232
-164
-1107
-1382
-1318
-816
393
1733
2896
3934
4632
4802
4492
3833
2650
1390
104
-1209
-2041
-2404
-2171
-1477
-573
377
1322
2167
2741
2979
2821
2508
1705
577
-613
-1676
-2163
-2408
-2243
-1880
-1217
-351
510
1233
1843
2110
2124
1665
774
14
-571
-1146
-1726
-2043
-2186
-2103
-1608
-1009
-405
3
307
503
319
33
-263
-536
-872
-1389
-1839
-2042
-1949
-1684
-1387
-1017
-613
-356
-214
-305
-407
-597
-721
-878
-1258
-1497
-1412
-1354
-1494
-1337
-1041
-705
-427
-312
-207
34
135
-12
-225
-668
-1324
-2100
-3022
-4077
-4725
-5191
-5540
-5709
-5640
-5342
-4623
-3767
-2900
-2062
-1549
-1332
-1304
-1485
-1931
-2535
-3279
-4156
-4865
-5356
-5274
-4950
-4377
-3375
-2323
-1463
-776
-276
-23
20
-98
-520
-1110
-1565
-1988
-2250
-2300
-2241
-1876
-1307
-767
14
543
1046
1580
1975
2048
1953
1869
1709
1446
1254
1275
1384
1653
2011
2239
2530
2874
3205
3343
3536
3607
3422
3134
3132
3302
3263
3143
2960
2875
2817
2758
2744
2739
2714
2665
2639
2564
2344
2201
2055
1818
1690
1749
1903
2120
2274
2130
2137
2077
2103
2022
1611
960
251
-46
139
918
2277
3605
4666
5463
5887
5921
5417
4376
3096
1696
373
-655
-1374
-1673
-1367
-451
1008
2412
3664
4488
4853
4694
4119
3056
1965
671
-651
-1639
-2238
-2267
-1762
-964
187
1207
1993
2576
2989
2974
2431
1742
919
-154
-1173
-2058
-2648
-2648
-2217
-1579
-798
127
909
1539
1946
2038
1858
1275
532
-244
-931
-1402
-1723
-2013
-1970
-1635
-1053
-564
-177
75
291
472
356
59
-301
-813
-1122
-1466
-1681
-1732
-1652
-1251
-866
-389
-37
86
171
106
95
-262
-587
-835
-1043
-1126
-1189
-1119
-749
-389
-238
-89
-71
40
303
357
398
365
-44
-460
-1061
-1847
-2919
-3835
-4386
-4799
-4956
-4882
-4529
-3829
-2972
-2050
-1280
-567
-150
-138
-347
-822
-1713
-2567
-3179
-3707
-4224
-4393
-4140
-3533
-2743
-1858
-924
-51
601
896
981
899
478
263
-63
-539
-1071
-1455
-1372
-941
-300
368
936
1453
1928
2256
2555
2607
2466
2200
1891
1564
1331
1404
1916
2404
2717
3097
3324
3181
2772
2124
1503
963
645
530
848
1446
2154
2718
3549
4319
4517
4246
3709
3095
2284
1275
421
159
691
1388
2310
3509
4824
6086
6885
7339
7513
7079
6289
5442
4475
3877
3281
2815
2846
3179
4049
5548
7314
8973
10022
10420
10356
9671
8332
6670
5036
3440
2201
1443
1073
1287
2013
3006
4192
5289
6053
6394
6283
5632
4709
3599
2264
983
-166
-942
-1250
-1122
-656
110
1078
2118
2849
3157
3177
2901
2266
1539
518
-509
-1484
-2239
-2571
-2693
-2494
-1848
-968
-67
627
1116
1295
1337
1104
591
-1
-613
-1204
-1784
-2021
-1876
-1539
-1090
-602
17
570
1024
1362
1555
1557
1505
1231
795
659
625
577
744
1067
1366
1587
1761
2095
2323
2459
2365
2062
1776
1510
1202
1058
1124
1194
1237
1275
1381
1558
1611
1649
1712
1608
1424
1429
1654
1454
888
281
-553
-1542
-2481
-3319
-3935
-4315
-4304
-4163
-3739
-3052
-2169
-1491
-793
-427
-361
-486
-913
-1669
-2414
-3188
-4187
-4972
-5239
-5154
-4750
-3964
-3094
-2251
-1446
-886
-625
-577
-732
-1066
-1659
-2279
-2807
-3289
-3485
-3673
-3668
-3223
-2652
-1969
-1229
-733
-231
191
432
397
29
-466
-968
-1400
-1774
-2079
-2209
-1927
-1440
-812
-53
668
1204
1334
1357
1272
988
415
-224
-820
-1198
-1466
-1344
-1031
-565
5
383
734
934
820
560
105
-619
-1383
-2059
-2622
-2743
-2620
-2572
-2234
-1580
-1014
-789
-662
-843
-1580
-2466
-3690
-4959
-5865
-5976
-5148
-3665
-1880
-85
1107
1612
1244
385
-839
-2317
-4062
-5773
-7333
-8294
-8380
-7667
-6290
-4699
-2911
-1366
-274
271
305
-378
-1614
-3041
-4513
-5950
-6889
-7157
-6911
-6109
-4863
-3657
-2444
-1251
-322
172
141
-175
-889
-2148
-3445
-4274
-4824
-5079
-4987
-4521
-3602
-2557
-1564
-610
263
747
745
422
-12
-506
-1046
-1783
-2394
-2676
-2586
-2548
-2270
-1713
-1068
-296
100
252
238
45
-236
-699
-1162
-1495
-1730
-1752
-1850
-1691
-1405
-961
-522
-242
-202
-262
-354
-453
-692
-990
-1315
-1518
-1539
-1446
-1223
-997
-556
-57
134
216
364
613
761
704
726
500
83
-635
-1578
-2529
-3202
-3467
-3644
-3696
-3290
-2591
-1981
-1247
-238
653
1248
1608
1695
1569
1107
508
-194
-798
-1281
-1539
-1260
-718
-57
743
1748
2634
3441
3975
4182
4090
3781
3181
2489
2048
1711
1424
1323
1337
1693
2255
2820
3315
3693
4044
4268
4373
4307
3893
3409
3033
2967
2795
2713
2725
2715
2830
2959
3218
3378
3617
3815
3695
3513
3523
3551
3370
3326
3246
2995
3082
3097
2942
2729
2605
2660
2725
2784
2659
2359
2177
2147
1864
1682
1621
1670
1974
2169
2228
2221
2290
2345
2294
2110
1742
986
290
-130
-364
-247
659
1927
3213
4236
4821
4858
4447
3762
2957
1975
1182
444
-36
32
538
1441
2565
3643
4546
5108
5335
5146
4508
3641
2487
1367
348
-342
-504
-308
425
1402
2375
3553
4466
4822
4938
4891
4539
3801
2851
2094
1582
911
449
611
1176
1741
2465
3201
3939
4465
4724
4763
4482
3935
3236
2594
1921
1478
1128
1054
1246
1409
1879
2581
3228
3581
3711
3746
3471
3089
2538
2049
1700
1288
1040
853
924
1238
1602
1774
1898
1938
2004
2067
2033
1839
1513
1293
1185
1144
1173
1281
1425
1444
1653
2045
2123
2039
2083
2186
2301
2387
2128
1599
973
316
-418
-1236
-1885
-2341
-2694
-2589
-2161
-1602
-793
95
956
1534
1890
2066
1988
1599
960
177
-536
-1104
-1441
-1368
-1128
-658
180
1236
2171
2824
3227
3581
3699
3372
2863
2168
1462
961
575
367
272
432
770
1061
1486
2114
2734
3066
3062
2839
2423
1968
1637
1353
1143
938
852
919
1070
1307
1471
1626
1801
1941
1947
1839
1684
1533
1464
1137
829
758
795
839
807
825
737
670
654
524
213
79
-37
-91
-350
-629
-659
-694
-720
-604
-447
-475
-404
-431
-423
-367
-637
-1127
-1452
-1280
-777
197
1507
3105
4349
5196
5367
5017
4086
2542
694
-1268
-2961
-4443
-5387
-5573
-4972
-3626
-1756
371
2204
3456
4239
4342
3918
2911
1450
-382
-2170
-3731
-4852
-5301
-5060
-4132
-2859
-1456
-191
710
1190
1314
1122
442
-633
-1848
-3135
-4319
-5304
-5653
-5252
-4638
-3812
-2840
-1855
-954
-316
42
92
-92
-561
-1345
-2238
-3162
-3717
-4049
-4098
-3908
-3622
-3192
-2766
-2463
-2149
-1904
-1727
-1821
-2173
-2472
-2661
-2755
-2901
-2868
-2516
-2034
-1558
-1046
-752
-478
-407
-464
-442
-515
-693
-945
-1180
-1275
-1161
-972
-579
-72
327
727
1056
1254
1347
1346
1478
1394
1024
592
-86
-828
-1526
-2390
-3123
-3576
-3817
-3583
-3188
-2704
-1897
-870
213
945
1365
1601
1376
842
66
-815
-1374
-2042
-2784
-3096
-2868
-2348
-1655
-821
239
1190
1718
1871
1871
1605
1100
759
156
-571
-1131
-1509
-1626
-1588
-1400
-868
-390
176
756
894
1084
1250
1039
738
360
80
-82
-235
-266
-87
145
401
611
793
1011
1274
1251
1215
1256
1240
1272
1296
1099
1001
1008
935
1023
1166
1328
1351
1341
1293
1032
713
391
277
329
228
60
201
336
458
601
729
933
959
885
832
738
373
-186
-896
-1140
-939
