-5395
-5117
-4858
-4592
-4584
-4613
-4620
-4808
-5142
-5454
-5500
-5304
-5232
-5435
-5456
-5263
-5249
-5222
-4876
-4587
-4289
-4219
-4111
-4133
-4398
-4852
-5446
-6071
-6847
-7880
-8620
-9047
-9388
-9489
-9229
-8721
-7828
-6838
-6052
-5332
-4669
-4167
-4140
-4537
-5070
-5918
-6657
-7157
-7544
-7609
-7233
-6668
-6024
-4889
-3690
-2781
-2272
-2049
-1929
-2002
-2387
-2914
-3459
-4082
-4541
-4728
-4856
-4594
-4232
-3765
-3116
-2442
-1945
-1757
-1825
-2229
-2803
-3503
-4369
-4951
-5222
-5058
-4277
-3232
-1931
-841
-708
-1525
-2741
-4325
-6150
-8027
-9928
-11326
-11958
-11905
-11001
-9645
-7987
-6309
-5183
-4907
-5297
-6183
-7412
-9142
-11170
-12697
-13375
-13437
-12612
-10948
-8684
-6169
-3616
-1560
-109
572
522
-138
-1251
-2650
-4002
-5390
-6210
-6032
-4723
-2538
308
3340
5927
7627
8262
7944
6622
4521
1895
-983
-3820
-6345
-7971
-8517
-7845
-6211
-3891
-1615
492
1932
2414
2154
1178
-675
-3112
-5670
-8113
-9933
-11010
-11377
-10826
-9522
-7607
-5896
-4563
-3676
-3364
-3539
-4350
-5717
-7443
-9393
-11247
-12695
-13451
-13514
-13284
-12610
-11312
-9742
-8201
-6949
-6310
-5994
-6209
-7087
-8257
-9387
-10591
-11698
-12568
-13095
-13118
-12766
-11835
-10631
-9443
-8167
-7262
-6474
-5969
-5637
-5313
-5282
-5375
-5188
-4904
-4535
-4132
-3538
-2855
-2196
-1550
-1151
-1149
-1314
-1351
-1382
-1441
-1608
-1812
-2000
-2154
-2102
-1861
-1648
-1432
-1303
-1393
-1631
-1921
-2058
-2188
-2389
-2720
-3195
-3669
-4397
-4976
-5542
-5953
-6328
-6512
-6449
-6243
-5855
-5334
-4632
-3889
-3277
-2865
-2624
-2764
-3445
-4542
-5680
-6477
-7107
-7743
-8268
-8492
-8261
-7731
-7135
-6436
-5749
-5235
-4698
-4398
-4599
-5160
-5609
-5956
-6431
-6676
-6568
-6228
-5844
-5301
-4443
-3462
-2623
-1677
-731
6
422
611
694
857
740
484
-86
-1005
-2053
-3149
-4364
-5288
-5328
-4239
-2475
-601
1271
2870
4113
4959
5015
4302
2926
1062
-816
-2406
-3733
-4143
-3651
-2132
68
2315
4233
5524
6178
6277
5758
4681
3217
1686
71
-1109
-1609
-1245
-171
1658
3969
5879
7207
7955
8407
8714
8808
8886
9020
8989
8710
8368
7896
7317
6368
5274
4149
2967
1802
761
71
-288
-173
265
1023
2008
3198
4288
4791
4900
4823
4290
3273
2037
759
-450
-1313
-1842
-2245
-2248
-1972
-1503
-894
-243
175
195
9
-541
-1180
-1840
-2489
-3441
-4309
-4843
-5355
-5582
-5369
-4957
-4614
-4526
-4546
-4436
-4455
-4713
-5104
-5241
-5204
-5395
-5385
-5154
-5074
-4984
-4871
-4730
-4611
-4520
-4599
-4534
-4538
-4841
-5169
-5177
-4958
-4723
-4420
-3883
-3294
-2808
-2177
-1529
-1171
-982
-902
-910
-968
-1385
-1847
-2147
-2439
-2784
-2813
-2770
-2686
-2376
-2197
-2093
-1896
-1624
-1433
-1476
-1403
-1402
-1782
-2399
-3438
-4768
-6319
-7762
-8903
-9729
-10194
-10232
-9952
-9419
-8728
-7795
-6678
-5682
-4851
-4522
-4783
-5406
-6282
-7322
-8223
-9133
-10049
-10565
-10558
-10267
-9682
-8963
-8273
-7508
-6877
-6422
-6124
-6312
-6834
-7388
-7862
-8286
-8622
-9098
-9272
-8978
-8449
-7877
-7174
-6333
-5633
-5071
-4647
-4282
-3997
-3810
-3654
-3580
-3644
-3348
-2907
-2628
-2522
-2214
-1681
-1158
-860
-785
-789
-774
-774
-1036
-1332
-1682
-1889
-1752
-1697
-1718
-1517
-1302
-1210
-1312
-1462
-1377
-1713
-1986
-2210
-2594
-2742
-2900
-2971
-2945
-2904
-2713
-2579
-2455
-2385
-2302
-2217
-2343
-2701
-3185
-3792
-4302
-4542
-4228
-3344
-2215
-852
224
858
659
-319
-1383
-2647
-4246
-5833
-7104
-8011
-8377
-8258
-7520
-6114
-4689
-3371
-2368
-1919
-2043
-2555
-3542
-4766
-6161
-7536
-8613
-9318
-9842
-9532
-8465
-7138
-5695
-4425
-3598
-3133
-2919
-3084
-3744
-4790
-5984
-7063
-7905
-8547
-8815
-8768
-8183
-7172
-6070
-5045
-4239
-3656
-3355
-3368
-3744
-4353
-4947
-5716
-6426
-7042
-7283
-7215
-6833
-6571
-6192
-5605
-5128
-4631
-4558
-4685
-4887
-5289
-5766
-6204
-6378
-6638
-6764
-6660
-6472
-6085
-5835
-5596
-5556
-5670
-5740
-6000
-6236
-6375
-6629
-6946
-7053
-7005
-6881
-6618
-6327
-5937
-5698
-5655
-5546
-5336
-5164
-5212
-5466
-5792
-6203
-6913
-7703
-8530
-9422
-10231
-10968
-11336
-11264
-10794
-10331
-9692
-8592
-7415
-6325
-5824
-5716
-5741
-5966
-6732
-7596
-8377
-9146
-9675
-9884
-9519
-8738
-7944
-7033
-5953
-4880
-4154
-3871
-3565
-3318
-3611
-4222
-4866
-5331
-5496
-5750
-5807
-5517
-5033
-4374
-3579
-2792
-2180
-1758
-1326
-913
-723
-745
-818
-904
-904
-796
-695
-599
-359
-113
164
489
889
1222
1336
1382
1493
1675
1571
1357
1276
1314
1349
1191
1069
1247
1325
966
772
771
620
469
205
58
-64
-263
-154
59
84
113
239
307
386
474
416
463
462
-95
-933
-1431
-1408
-916
13
1484
3034
4187
4969
5260
5019
4083
2959
1541
68
-1241
-2251
-2727
-2654
-2044
-1023
323
1735
2921
3414
3349
2977
2302
1336
224
-941
-2089
-3063
-3509
-3408
-2656
-1515
-418
518
1355
1929
2042
1754
1245
503
-575
-1649
-2724
-3503
-3832
-3830
-3389
-2605
-1536
-691
-14
498
582
366
-2
-480
-1073
-1886
-2882
-3556
-3785
-3856
-3766
-3298
-2474
-1966
-1798
-1689
-1541
-1480
-1621
-1990
-2371
-2617
-2977
-3390
-3462
-3441
-3340
-3073
-2807
-2308
-1969
-1931
-1958
-1965
-2109
-2429
-2757
-3178
-3318
-3351
-3369
-3214
-2995
-2562
-2309
-2225
-2281
-2332
-2060
-1863
-2026
-2353
-2788
-3527
-4226
-5024
-5930
-6736
-7410
-7846
-8032
-7861
-7256
-6721
-5847
-4752
-3867
-3332
-3015
-2968
-3313
-4036
-5005
-5858
-6545
-7013
-7380
-7418
-6907
-6290
-5435
-4669
-3874
-3073
-2563
-2235
-2241
-2472
-2813
-3406
-4055
-4625
-4884
-4780
-4542
-4299
-3819
-3195
-2595
-1954
-1477
-1133
-909
-885
-1045
-1132
-1187
-1356
-1425
-1350
-1272
-1087
-787
-380
113
487
872
990
1046
1124
1023
983
878
802
658
620
690
712
698
790
732
439
352
287
-74
-379
-478
-564
-476
-598
-926
-914
-1020
-841
-661
-612
-578
-608
-695
-754
-1100
-1709
-2269
-2667
-2591
-1872
-489
968
2334
3341
3733
3447
2711
1793
585
-851
-2354
-3718
-4605
-4763
-4196
-3348
-2127
-797
461
1332
1631
1428
726
-323
-1579
-2979
-4330
-5468
-6042
-5944
-5549
-4649
-3452
-2285
-1417
-711
-217
-300
-846
-1639
-2665
-3823
-4921
-5674
-6124
-6217
-5822
-5169
-4382
-3542
-2714
-2094
-1890
-1930
-1943
-2298
-3126
-4103
-4875
-5602
-6184
-6224
-5954
-5552
-5160
-4724
-4259
-3943
-3683
-3708
-3709
-3962
-4428
-4925
-5382
-5675
-5873
-5957
-5674
-5222
-4867
-4612
-4391
-4126
-4059
-4023
-4007
-4272
-4520
-4869
-5170
-5252
-5275
-5240
-4979
-4743
-4444
-4114
-4125
-4022
-3959
-3895
-3743
-3838
-4072
-4591
-5231
-6199
-7200
-8202
-8996
-9373
-9568
-9472
-9169
-8595
-7775
-6778
-5970
-5338
-4734
-4537
-4748
-5397
-6246
-6991
-7823
-8542
-8962
-8956
-8510
-7947
-7096
-6098
-5186
-4377
-3661
-3300
-3191
-3530
-3951
-4435
-4882
-5317
-5641
-5941
-5844
-5325
-4556
-3792
-3208
-2554
-1770
-1221
-926
-805
-876
-1027
-1266
-1427
-1448
-1461
-1229
-899
-443
-74
172
530
872
1230
1427
1345
1273
1278
1456
1385
1216
1266
1383
1332
1207
1158
1089
1189
1187
1001
843
647
526
464
307
256
287
339
359
348
350
352
485
529
613
612
341
-314
-1108
-1795
-1984
-1581
-462
1063
2384
3494
4255
4314
3834
2970
1975
827
-428
-1650
-2566
-2858
-2665
-1902
-703
643
1875
2719
3132
3033
2338
1405
414
-845
-2124
-3257
-3826
-3799
-3394
-2488
-1392
-313
587
1244
1704
1899
1726
1022
-91
-1273
-2275
-2867
-3246
-3314
-3085
-2627
-1849
-1002
-99
703
1082
1042
880
525
-132
-976
-1706
-2373
-2920
-3051
-3009
-2876
-2478
-2008
-1516
-878
-626
-554
-546
-920
-1348
-1808
-2219
-2451
-2652
-2789
-2808
-2568
-2138
-1771
-1522
-1362
-1367
-1366
-1388
-1595
-1916
-2131
-2358
-2624
-2623
-2495
-2263
-2166
-2209
-2079
-1966
-1763
-1518
-1442
-1531
-1707
-1920
-2419
-3091
-3880
-4715
-5449
-6204
-6869
-7017
-6944
-6696
-6228
-5643
-4827
-4063
-3294
-2647
-2283
-2379
-2798
-3397
-4236
-4958
-5628
-6247
-6560
-6481
-6003
-5166
-4225
-3264
-2330
-1707
-1245
-1014
-1116
-1355
-1857
-2504
-3039
-3385
-3656
-3769
-3506
-2801
-2235
-1579
-986
-455
30
377
768
926
820
541
377
362
505
573
681
736
880
1143
1578
1956
2375
2628
2585
2545
2352
2318
2342
2185
2118
2231
2194
2147
2181
2070
2074
2173
2146
1918
1610
1389
1295
943
707
792
800
911
1158
1220
1241
1255
1284
1225
1080
790
362
-114
-430
-452
12
980
2318
3857
5221
5915
5978
5479
4546
3047
1309
-331
-1633
-2470
-3067
-3135
-2471
-1195
278
1785
2985
3734
3865
3563
2943
1751
180
-1266
-2520
-3612
-4128
-4088
-3327
-2163
-971
-1
741
1323
1616
1444
799
16
-922
-2186
-3327
-3798
-4018
-4052
-3746
-3090
-2152
-1263
-669
-79
352
248
-236
-906
-1551
-2188
-2903
-3456
-3794
-3901
-3682
-3338
-2960
-2617
-2189
-1903
-1845
-1915
-2088
-2381
-2617
-2900
-3284
-3508
-3678
-3375
-3161
-2868
-2491
-2202
-1954
-1814
-1723
-1710
-1930
-2281
-2473
-2674
-2996
-3057
-2986
-3050
-2883
-2445
-1996
-1862
-1786
-1454
-1291
-1364
-1709
-2060
-2424
-2981
-3683
-4648
-5697
-6503
-6895
-7358
-7849
-7647
-6901
-6026
-5314
-4534
-3800
-3086
-2629
-2499
-2712
-3357
-4224
-5074
-5836
-6574
-6978
-7016
-6621
-5944
-5085
-3941
-2958
-2404
-2066
-1779
-1738
-1983
-2466
-3043
-3647
-4257
-4486
-4512
-4456
-4183
-3489
-2688
-1955
-1175
-654
-268
-127
-185
-312
-378
-450
-442
-375
-401
-602
-573
-46
557
996
1254
1513
1858
1708
1565
1748
1716
1661
1573
1586
1562
1580
1602
1442
1264
1348
1441
1438
1389
1215
995
608
355
316
177
312
388
464
474
571
755
828
957
875
667
176
-475
-1192
-1614
-1407
-584
606
1853
3028
3957
4593
4478
3785
2790
1442
-28
-1249
-2154
-2819
-3066
-2740
-1745
-289
1081
2295
3100
3257
2911
2341
1457
224
-1260
-2554
-3651
-4246
-4258
-3811
-2901
-1619
-338
612
1260
1616
1745
1355
514
-480
-1388
-2343
-3143
-3533
-3731
-3460
-2666
-1712
-732
-96
326
724
851
737
363
-411
-1129
-1782
-2513
-2945
-3030
-3001
-2728
-2252
-1732
-1245
-904
-726
-615
-619
-998
-1424
-1694
-2093
-2348
-2379
-2465
-2271
-2013
-1759
-1501
-1164
-838
-800
-904
-992
-1320
-1844
-2121
-2156
-2211
-2198
-2267
-2005
-1713
-1547
-1421
-1361
-1309
-1131
-1084
-1142
-1244
-1600
-2015
-2590
-3373
-4320
-5246
-6093
-6719
-6810
-6548
-6123
-5610
-4757
-3843
-3164
-2566
-2183
-1875
-1957
-2371
-3069
-3887
-4487
-5220
-5748
-5716
-5262
-4609
-3872
-3051
-2356
-1429
-578
-97
-10
-380
-857
-1309
-1738
-2147
-2480
-2548
-2401
-2244
-1742
-1014
-375
336
1044
1459
1582
1558
1612
1606
1470
1356
1299
1389
1422
1670
2112
2407
2679
3088
3463
3526
3651
3711
3609
3692
3547
3439
3299
3306
3440
3293
3163
3332
3449
3443
3436
3354
3077
2832
2706
2620
2427
2255
2241
2103
2063
2150
2345
2560
2826
2948
2848
2635
2154
1619
1120
718
711
1197
2238
3749
5160
6201
6839
6898
6346
5319
4121
2916
1521
315
-647
-1018
-790
97
1330
2660
3834
4861
5270
5161
4634
3681
2432
1106
-52
-1055
-1781
-1890
-1548
-837
102
1104
2029
2883
3548
3630
3195
2493
1592
512
-597
-1414
-1886
-2044
-1855
-1297
-437
141
729
1372
1909
2132
1942
1436
693
17
-650
-1337
-1885
-1938
-1828
-1720
-1478
-1019
-453
-11
140
252
205
-185
-500
-874
-1192
-1352
-1492
-1675
-1644
-1510
-1344
-883
-370
-276
-365
-430
-432
-421
-754
-1053
-1214
-1354
-1631
-1768
-1526
-977
-647
-769
-945
-771
-484
-269
-194
-185
-573
-1304
-1968
-2619
-3516
-4496
-5416
-5925
-6184
-6186
-5914
-5422
-4700
-3867
-3141
-2343
-1618
-1263
-1400
-1842
-2433
-3320
-4291
-5039
-5460
-5613
-5300
-4786
-4164
-3516
-2725
-1804
-1020
-522
-394
-519
-799
-1268
-1902
-2416
-2759
-3026
-3053
-2682
-2062
-1569
-1098
-379
176
785
1201
1351
1421
1270
1012
833
783
876
941
984
1201
1474
1964
2408
2712
2794
2930
3042
2985
2917
2972
2835
2661
2594
2613
2702
2790
2827
2810
2795
2720
2496
2192
1967
1716
1573
1306
1280
1221
1258
1327
1499
1619
1637
1666
1816
1936
1914
1553
969
376
-157
-377
48
1000
2343
3661
4910
5837
6022
5783
4897
3571
2275
901
-400
-1364
-1816
-1781
-1244
-114
1211
2488
3578
4186
4182
3735
3134
1999
579
-695
-1876
-2682
-3023
-2868
-2275
-1494
-311
858
1728
2261
2471
2245
1834
1132
40
-1162
-2218
-2839
-3110
-3036
-2540
-1887
-991
2
812
1377
1630
1492
1029
407
-304
-1058
-1695
-2294
-2641
-2610
-2504
-2275
-1898
-1367
-679
-242
-158
-397
-607
-883
-1193
-1566
-1973
-2277
-2269
-2052
-1839
-1649
-1326
-928
-722
-755
-695
-498
-546
-952
-1360
-1457
-1574
-1682
-1577
-1405
-1291
-1181
-1107
-939
-813
-656
-632
-678
-620
-697
-921
-1464
-2274
-3253
-4266
-5221
-5764
-5986
-6114
-6064
-5629
-4939
-4170
-3210
-2286
-1729
-1392
-1487
-1833
-2377
-2977
-3643
-4494
-5092
-5340
-5308
-4963
-4361
-3424
-2322
-1444
-582
-72
73
-25
-204
-537
-965
-1486
-1988
-2210
-2314
-2163
-1806
-1230
-555
38
620
1166
1577
1925
2206
2031
1709
1719
1809
1710
1617
1720
1911
2215
2546
2834
3162
3524
3689
3746
3844
3963
3770
3547
3530
3464
3353
3230
3125
3207
3432
3435
3352
3181
2959
2802
2603
2353
2270
2221
2208
2217
2267
2324
2367
2384
2421
2556
2631
2581
2485
2026
1406
840
533
781
1592
2645
3956
5263
6352
6823
6446
5675
4750
3578
2123
608
-408
-861
-1021
-618
500
1646
2876
4184
4937
5284
5093
4308
3258
1982
696
-338
-1297
-1918
-1840
-1307
-470
664
1805
2604
3239
3511
3205
2898
2393
1507
541
-502
-1270
-1701
-1822
-1443
-765
-84
675
1452
2114
2533
2622
2297
1703
1010
297
-405
-1008
-1467
-1590
-1425
-1200
-856
-304
238
653
1022
1100
795
352
-43
-408
-667
-928
-1203
-1151
-905
-680
-452
-38
345
602
624
463
315
136
-175
-328
-416
-469
-467
-470
-432
-253
-99
152
341
420
554
603
520
410
207
-335
-1088
-2110
-2905
-3513
-4067
-4578
-4910
-4803
-4539
-4087
-3490
-2546
-1541
-931
-604
-472
-409
-914
-1681
-2314
-2989
-3619
-4086
-4235
-3822
-3219
-2520
-1722
-807
115
716
1009
1152
1044
450
-63
-527
-916
-1135
-1332
-1132
-774
-311
232
818
1343
1797
2166
2406
2444
2237
1929
1795
1475
1299
1487
1856
2278
2756
2948
3029
2890
2398
2003
1739
1231
808
656
959
1541
2274
3109
3708
4262
4532
4397
3948
2996
1960
998
208
132
611
1299
2098
3200
4449
5734
6620
6922
7005
6526
5823
5153
4473
3794
3161
2644
2503
2939
3868
5280
6988
8611
9860
10395
10318
9640
8417
6805
4887
3201
1903
1058
612
810
1423
2402
3923
5258
6018
6474
6223
5429
4505
3303
1844
571
-529
-1396
-1997
-1918
-1254
-328
692
1665
2557
2870
2762
2480
2033
1247
280
-647
-1599
-2418
-2964
-3002
-2757
-2204
-1459
-607
184
677
898
861
766
326
-471
-1332
-2000
-2353
-2610
-2486
-2044
-1470
-873
-320
90
566
996
1231
1200
964
803
553
283
210
341
600
838
1107
1557
1710
1886
2075
2147
2131
1978
1561
1406
1300
1140
1123
938
965
1058
1151
1172
1188
1289
1354
1378
1418
1418
1198
794
422
13
-943
-1962
-2868
-3741
-4413
-4928
-4881
-4567
-4184
-3618
-2875
-2002
-1333
-883
-738
-790
-1216
-2080
-3040
-3944
-4642
-5162
-5461
-5321
-4721
-3988
-3239
-2560
-1711
-1058
-842
-824
-872
-1208
-1755
-2467
-3185
-3939
-4177
-4076
-3696
-3298
-2799
-2127
-1547
-1075
-501
-7
224
164
-278
-583
-915
-1392
-2013
-2282
-2201
-1897
-1481
-766
22
793
1259
1448
1450
1236
809
296
-102
-870
-1513
-1663
-1367
-980
-581
-116
360
554
706
751
413
-138
-873
-1608
-2395
-3023
-3256
-3182
-2749
-2256
-1946
-1588
-1243
-1125
-1229
-1677
-2594
-3832
-5119
-5831
-5682
-4812
-3367
-1648
46
1150
1632
1485
702
-755
-2533
-4241
-5910
-7435
-8349
-8303
-7408
-5988
-4370
-2675
-1332
-250
368
58
-581
-1604
-3002
-4689
-6279
-7216
-7597
-7325
-6318
-4920
-3588
-2337
-1244
-467
-42
99
-170
-1010
-2131
-3275
-4024
-4456
-4758
-4792
-4264
-3394
-2259
-1027
-11
523
756
875
592
88
-372
-995
-1676
-2301
-2625
-2656
-2486
-1980
-1282
-735
-209
215
410
479
456
156
-370
-873
-1133
-1452
-1735
-1656
-1463
-1216
-815
-203
118
221
356
394
109
-152
-443
-766
-1014
-1053
-961
-824
-527
-279
-25
278
418
745
1008
1112
1026
912
608
63
-556
-1297
-2015
-2676
-3271
-3757
-3779
-3347
-2729
-1868
-947
1
825
1478
1942
2125
1922
1362
649
172
-325
-721
-993
-967
-507
284
1250
2226
3171
3860
4251
4502
4535
4201
3637
3118
2498
1959
1676
1614
1704
2064
2530
3020
3491
3795
4215
4579
4575
4158
3908
3814
3662
3291
2937
2749
2965
3283
3401
3629
3792
3960
4148
4298
4189
3972
3754
3560
3468
3417
3328
3278
3247
3181
2973
3122
3193
3090
2962
2815
2578
2243
2197
2252
2131
2011
2033
2103
2234
2238
2330
2394
2372
2280
2296
2080
1633
993
104
-727
-1195
-758
301
1619
2863
3897
4322
4221
3935
3391
2610
1681
782
188
170
412
919
1839
2990
4044
4743
5075
5145
4731
4174
3436
2438
1390
523
100
-217
-37
643
1671
2911
3917
4630
5188
5378
5285
4765
4023
3171
2371
1739
1263
909
968
1302
1947
2939
3810
4446
4781
4963
4973
4554
3975
3404
2806
2147
1571
1276
1312
1510
1927
2266
2719
3251
3558
3622
3651
3655
3353
2783
2248
1823
1482
1219
1047
922
909
1230
1664
1729
1809
1940
1911
1675
1349
1270
1256
1041
840
920
960
1060
1382
1661
1825
1743
1888
2040
2035
2126
2147
1834
1254
682
27
-875
-1678
-2283
-2786
-2990
-2875
-2563
-1912
-1114
-297
459
1159
1708
1857
1809
1300
581
69
-588
-1250
-1635
-1644
-1378
-831
-33
863
1714
2445
3117
3628
3683
3302
2728
2137
1602
1091
589
295
185
505
921
1286
1926
2379
2763
2972
2855
2647
2287
1927
1674
1339
1097
982
1085
1095
1050
1184
1466
1709
1852
1874
1884
1823
1674
1436
1265
1164
1078
916
672
484
504
596
596
605
477
282
8
-323
-683
-947
-1116
-1180
-1088
-1124
-1180
-1146
-960
-911
-908
-855
-854
-780
-846
-1091
-1326
-1154
-559
694
2081
3443
4813
5732
5976
5418
4311
2827
797
-1332
-3180
-4647
-5640
-5905
-5263
-3788
-1846
86
1844
3338
4383
4578
3983
2799
1135
-771
-2642
-4303
-5403
-5797
-5373
-4459
-3176
-1764
-353
630
1242
1383
1029
496
-528
-1749
-3077
-4411
-5413
-5730
-5546
-5051
-4224
-3163
-2018
-1155
-458
-148
-220
-510
-954
-1710
-2652
-3247
-3749
-4192
-4369
-4220
-4014
-3653
-3277
-2763
-2361
-2298
-2268
-2357
-2504
-2719
-2790
-2830
-2593
-2157
-1916
-1815
-1550
-1207
-766
-429
-314
-117
-229
-461
-807
-1058
-1039
-920
-705
-356
-18
339
572
887
1084
1368
1545
1700
1654
1519
1040
576
89
-792
-1668
-2360
-2980
-3442
-3735
-3781
-3198
-2460
-1625
-764
-22
685
1238
1456
1334
922
399
-423
-1449
-2258
-2659
-2704
-2468
-2197
-1601
-699
124
851
1421
1581
1745
1597
1238
661
-57
-889
-1541
-1886
-2031
-2055
-1940
-1441
-692
-86
226
595
816
936
684
299
119
-115
-269
-282
-222
-368
-338
-167
17
374
715
1084
1336
1352
1294
1262
1194
1034
1032
985
932
1040
1070
1180
1191
1037
951
740
564
531
459
449
241
-50
0
159
389
400
501
633
555
543
740
904
553
-143
-796
-1365
-1548
-1259
