-4761
-4376
-4344
-4194
-4013
-3911
-3858
-4022
-4438
-4823
-4768
-4810
-4969
-5066
-5016
-4725
-4322
-4097
-3983
-3788
-3551
-3248
-3136
-3326
-3538
-3853
-4558
-5432
-6325
-7170
-7843
-8430
-8746
-8774
-8464
-7750
-7056
-6264
-5249
-4422
-3819
-3393
-3477
-3972
-4781
-5586
-6370
-7001
-7396
-7377
-6948
-6348
-5553
-4602
-3483
-2698
-2216
-1842
-1644
-1861
-2434
-3155
-3857
-4479
-5133
-5501
-5333
-5009
-4498
-3826
-3257
-2770
-2471
-2161
-2221
-2795
-3436
-4110
-4844
-5317
-5386
-5006
-4243
-3135
-1910
-978
-810
-1348
-2509
-4227
-6210
-7970
-9789
-11187
-11831
-11715
-10741
-9266
-7695
-6401
-5261
-4558
-4729
-5745
-7233
-9043
-10817
-12242
-13167
-13164
-12122
-10256
-8012
-5453
-2929
-941
565
1241
1121
513
-484
-1811
-3471
-5176
-6339
-6577
-5688
-3685
-960
1943
4589
6437
7337
7219
6255
4423
2164
-358
-2747
-4770
-6281
-6947
-6455
-5272
-3603
-1587
150
1306
1671
1150
-94
-1825
-3956
-6207
-8184
-9757
-10731
-10753
-9868
-8399
-6859
-5415
-4210
-3321
-3011
-3409
-4114
-5498
-7237
-9010
-10577
-11845
-12557
-12680
-12292
-11172
-9656
-8316
-7069
-6083
-5382
-5240
-5603
-6437
-7566
-8871
-10335
-11400
-12005
-12255
-11931
-11488
-10568
-9284
-7951
-6680
-5655
-4919
-4600
-4376
-4233
-4345
-4407
-4352
-4263
-4085
-3806
-3171
-2495
-1819
-1274
-881
-746
-707
-740
-969
-1192
-1470
-1744
-1944
-1910
-1877
-1917
-1922
-1879
-1833
-1915
-2036
-2134
-2393
-2548
-2632
-2937
-3357
-3858
-4461
-5145
-5859
-6200
-6148
-6356
-6477
-6302
-5903
-5276
-4739
-4179
-3488
-2982
-2752
-2963
-3591
-4372
-5340
-6295
-7085
-7734
-8242
-8641
-8600
-8015
-7046
-6262
-5626
-4811
-4302
-4198
-4209
-4441
-4923
-5407
-5652
-5801
-5789
-5586
-5187
-4392
-3434
-2588
-1826
-928
-177
461
905
1038
1157
1306
1344
1101
423
-566
-1638
-2634
-3663
-4602
-4669
-3749
-1915
83
1877
3384
4599
5183
5129
4410
2934
937
-1151
-2760
-3764
-3934
-3212
-1683
186
2202
4005
5453
6454
6627
5915
4599
3095
1538
-49
-1202
-1688
-1260
-69
1491
3480
5559
6891
7474
7670
7616
7482
7211
7137
7263
7438
7479
7320
7075
6591
5924
4867
3898
2916
1812
841
273
32
162
924
1919
2908
3764
4450
4917
4857
4317
3552
2337
1056
-57
-971
-1701
-2126
-1936
-1557
-1043
-312
397
877
1141
1026
535
-162
-932
-1763
-2736
-3587
-4241
-4506
-4496
-4391
-4124
-3995
-3844
-3496
-3278
-3571
-3870
-4177
-4451
-4528
-4583
-4795
-4926
-4845
-4587
-4196
-3964
-3826
-3608
-3586
-3661
-3832
-3910
-3970
-4085
-4274
-4224
-3963
-3656
-3420
-3031
-2397
-1844
-1338
-926
-700
-820
-980
-1174
-1640
-2075
-2363
-2812
-3207
-3338
-3262
-2975
-2645
-2303
-1989
-1727
-1473
-1432
-1541
-1654
-1943
-2736
-3700
-4944
-6301
-7591
-8810
-9616
-10217
-10422
-10037
-9396
-8491
-7370
-6302
-5275
-4728
-4672
-4811
-5277
-6145
-7134
-8167
-9126
-9822
-10211
-10220
-10029
-9397
-8499
-7678
-6763
-6231
-5865
-5590
-5801
-6278
-6988
-7483
-7810
-8205
-8533
-8597
-8471
-7960
-7270
-6699
-6058
-5535
-4990
-4542
-4082
-3828
-3598
-3435
-3360
-3412
-3054
-2697
-2520
-2345
-2034
-1605
-1189
-927
-784
-699
-725
-856
-1055
-1418
-1684
-1667
-1552
-1567
-1877
-1981
-1779
-1559
-1641
-1792
-1973
-2062
-2140
-2358
-2708
-3086
-3298
-3277
-3176
-3223
-3251
-3175
-2956
-2824
-2644
-2486
-2585
-2905
-3479
-4173
-4803
-5007
-4608
-3454
-2171
-1078
-278
175
200
-449
-1654
-3169
-4626
-6095
-7480
-8391
-8800
-8453
-7435
-5951
-4397
-3030
-1991
-1470
-1621
-2308
-3256
-4588
-6201
-7704
-8832
-9539
-9514
-8916
-8039
-6896
-5756
-4469
-3442
-2790
-2716
-3121
-3838
-4712
-5725
-6912
-8104
-8922
-9192
-8904
-8131
-7107
-5997
-4999
-4149
-3696
-3400
-3450
-3758
-4396
-5132
-5852
-6383
-6866
-7345
-7257
-6946
-6572
-6133
-5624
-5051
-4833
-4886
-4818
-4930
-5170
-5640
-6135
-6372
-6483
-6592
-6628
-6579
-6389
-5960
-5567
-5481
-5535
-5606
-5817
-5977
-6315
-6728
-6833
-6815
-6712
-6681
-6386
-6088
-5814
-5544
-5325
-5264
-5202
-5080
-4989
-5111
-5488
-6097
-6826
-7499
-8333
-9387
-10168
-10689
-11003
-10878
-10419
-9679
-8908
-7947
-6903
-6170
-5683
-5529
-5600
-5857
-6576
-7427
-8288
-8943
-9285
-9426
-9391
-8845
-7868
-6912
-5994
-5124
-4278
-3570
-3361
-3525
-3783
-4274
-4876
-5335
-5482
-5519
-5430
-5161
-4689
-4260
-3598
-2717
-2031
-1504
-1192
-877
-785
-851
-893
-1022
-1067
-994
-840
-668
-534
-95
439
820
1002
991
1214
1540
1561
1414
1366
1419
1398
1316
1231
1252
1294
1382
1368
1220
1123
988
664
427
160
-45
-328
-505
-343
-154
-16
91
193
360
438
488
437
386
359
-80
-738
-1226
-1447
-1088
-69
1390
2948
4272
5046
5128
4745
3988
2878
1463
-66
-1379
-2332
-2951
-2868
-2103
-925
462
1831
2929
3473
3433
2958
2096
944
-245
-1513
-2731
-3629
-4005
-3584
-2639
-1649
-591
287
1011
1662
2029
1837
1129
186
-855
-1875
-3032
-3834
-4082
-4030
-3643
-2796
-1973
-1138
-379
162
419
220
-163
-760
-1290
-2091
-3011
-3533
-3834
-3915
-3826
-3627
-3239
-2593
-2056
-1709
-1533
-1488
-1561
-1918
-2526
-3069
-3333
-3514
-3523
-3428
-3290
-3061
-2743
-2407
-2293
-2204
-2114
-2267
-2414
-2584
-2869
-3277
-3405
-3269
-3192
-3097
-3078
-2905
-2890
-2802
-2354
-2004
-1931
-2057
-2205
-2528
-2825
-3235
-4081
-5148
-6043
-6801
-7324
-7779
-8053
-7920
-7386
-6595
-5815
-5054
-4365
-3841
-3222
-3042
-3287
-3947
-4889
-5800
-6686
-7313
-7560
-7496
-7069
-6486
-5857
-4934
-3961
-3185
-2626
-2353
-2426
-2722
-3193
-3714
-4011
-4306
-4692
-4972
-4886
-4508
-4051
-3282
-2393
-1705
-1119
-729
-611
-539
-459
-575
-984
-1268
-1378
-1287
-1123
-860
-485
-49
313
604
817
1053
1259
1347
1240
1062
1049
1039
990
889
703
662
734
889
909
698
574
444
158
-158
-389
-625
-819
-756
-686
-588
-477
-397
-318
-385
-441
-485
-474
-554
-903
-1526
-2142
-2468
-2172
-1652
-544
926
2445
3591
4064
3772
3074
1906
512
-961
-2233
-3375
-4142
-4319
-3932
-3095
-1796
-388
763
1438
1658
1616
1034
-76
-1333
-2696
-4182
-5278
-5805
-5790
-5243
-4275
-3177
-2128
-1191
-463
-183
-209
-607
-1460
-2492
-3683
-4801
-5671
-6139
-6233
-5827
-5030
-4191
-3384
-2526
-1797
-1373
-1276
-1635
-2187
-2905
-3720
-4610
-5453
-5949
-6139
-6155
-5742
-5281
-4662
-4040
-3677
-3515
-3431
-3543
-3744
-4058
-4628
-5081
-5491
-5643
-5550
-5314
-4986
-4795
-4634
-4286
-3974
-4053
-4131
-4210
-4279
-4517
-4685
-4820
-4991
-5042
-5087
-5062
-4693
-4418
-4206
-4022
-3995
-3993
-3904
-3823
-3841
-4174
-4766
-5465
-6343
-7424
-8399
-9005
-9403
-9581
-9533
-9188
-8487
-7542
-6660
-5899
-5234
-4747
-4660
-4847
-5422
-6166
-6931
-7904
-8773
-8937
-8808
-8628
-8023
-7196
-6285
-5382
-4481
-3630
-3137
-3165
-3286
-3602
-4099
-4707
-5325
-5758
-5972
-5939
-5575
-4927
-3996
-3139
-2391
-1862
-1532
-1287
-1240
-1299
-1424
-1422
-1415
-1608
-1622
-1413
-1123
-707
-430
-159
122
454
737
912
957
1034
1125
1052
951
833
704
677
744
826
851
899
830
647
637
484
188
-105
-154
-67
-279
-280
-157
-99
-32
47
279
325
320
266
69
-323
-1023
-1999
-2709
-3203
-3050
-2256
-1193
192
1366
2203
2450
2129
1505
572
-553
-1553
-2420
-3056
-3336
-2797
-1801
-754
216
1272
2074
2267
1941
1416
470
-666
-1717
-2750
-3555
-4109
-4176
-3666
-2778
-1498
-267
707
1437
1648
1420
1033
534
-385
-1418
-2297
-2907
-3196
-3266
-2774
-2041
-1310
-415
248
966
1334
1346
1163
891
286
-459
-1285
-2085
-2524
-2645
-2518
-2147
-1591
-1125
-707
-140
151
291
130
-276
-920
-1361
-1732
-2225
-2735
-3007
-2956
-2746
-2554
-2261
-2039
-1743
-1732
-1830
-1861
-2109
-2444
-2759
-2967
-3124
-3154
-3164
-3110
-2911
-2687
-2580
-2567
-2594
-2556
-2534
-2484
-2438
-2612
-3071
-3778
-4455
-5441
-6474
-7152
-7720
-8075
-8001
-7697
-7107
-6433
-5557
-4538
-3720
-3183
-3008
-3116
-3521
-4140
-4944
-5692
-6388
-6818
-6831
-6537
-5899
-5136
-4183
-3297
-2238
-1444
-1055
-830
-936
-1284
-1777
-2256
-2699
-2899
-3014
-2911
-2556
-2017
-1282
-801
-240
470
1125
1442
1446
1313
1191
1052
888
961
926
909
1165
1539
1839
2168
2267
2338
2596
2849
3001
3005
2937
2798
2734
2580
2447
2471
2330
2292
2331
2340
2344
2215
1974
1843
1630
1435
1303
1080
858
699
782
920
1001
972
905
975
1096
1257
1373
1056
542
230
271
822
1766
3127
4604
6059
7116
7675
7479
6523
4950
3018
1195
-616
-2326
-3490
-3801
-3591
-2672
-1015
1041
2952
4576
5507
5611
5027
4040
2725
1020
-880
-2593
-3780
-4311
-4206
-3652
-2453
-1083
52
1053
1888
2265
2212
1628
548
-850
-2274
-3402
-4381
-5099
-5277
-4813
-4069
-3168
-2168
-1213
-496
-161
-37
-78
-642
-1455
-2186
-3045
-3899
-4247
-4450
-4539
-4403
-4202
-3926
-3414
-3008
-2732
-2682
-2918
-3047
-3405
-3656
-3713
-3844
-3822
-3551
-3139
-2890
-2653
-2203
-1778
-1588
-1702
-1756
-1809
-2086
-2393
-2725
-2913
-2842
-2655
-2399
-2162
-1725
-1310
-1231
-1143
-1081
-927
-815
-992
-1387
-1965
-2624
-3510
-4322
-5076
-5823
-6551
-7058
-7254
-7051
-6263
-5479
-4546
-3728
-3075
-2519
-2378
-2475
-2649
-3150
-4120
-5257
-6175
-6723
-6998
-7013
-6708
-5875
-5069
-4202
-3430
-2823
-2268
-2118
-2154
-2378
-2975
-3689
-4456
-5046
-5350
-5426
-5292
-4973
-4375
-3528
-2686
-2180
-1668
-1050
-583
-454
-619
-856
-1071
-1233
-1311
-1262
-1129
-1006
-836
-404
103
392
750
985
1191
1388
1485
1463
1438
1359
1342
1358
1405
1415
1426
1477
1567
1470
1257
1138
1090
933
735
488
270
248
386
638
690
603
602
831
969
920
836
658
312
-363
-1213
-1752
-1875
-1514
-486
731
1781
2604
3018
3018
2399
1332
191
-1064
-2388
-3324
-3823
-3624
-3078
-2095
-798
626
1891
2749
3000
2692
1843
712
-638
-2043
-3326
-4496
-5186
-5133
-4456
-3411
-2157
-749
305
922
1365
1480
1225
643
-304
-1370
-2377
-3298
-3775
-3781
-3376
-2641
-1810
-783
162
925
1174
1068
779
464
51
-741
-1470
-2197
-2706
-3008
-2955
-2580
-2031
-1382
-773
-242
67
162
22
-394
-800
-1276
-1754
-2099
-2249
-2171
-2193
-2071
-2002
-1691
-1286
-1146
-1089
-1236
-1583
-2115
-2431
-2548
-2722
-2701
-2740
-2692
-2507
-2260
-2157
-2164
-2227
-2151
-1779
-1692
-1823
-1980
-2303
-2880
-3734
-4556
-5317
-6119
-6692
-7250
-7621
-7627
-7256
-6375
-5406
-4590
-3848
-3125
-2717
-2676
-2824
-3150
-3910
-4839
-5458
-5880
-6181
-6213
-5918
-5342
-4497
-3572
-2527
-1650
-1050
-482
-310
-470
-844
-1235
-1721
-2215
-2550
-2707
-2555
-2269
-1802
-997
-229
444
1095
1540
1993
2311
2327
2183
1834
1602
1482
1427
1545
1862
2290
2596
2840
3164
3577
3900
4067
4042
4021
3921
3666
3471
3329
3233
3184
3212
3282
3416
3490
3367
3231
3036
2792
2536
2566
2662
2522
2146
1917
2074
2218
2309
2410
2301
2273
2282
2309
2310
1966
1336
732
354
413
1043
2045
3447
4881
5986
6528
6454
5976
5126
3906
2593
1198
-131
-956
-1201
-977
30
1370
2690
3835
4692
5248
5304
4844
3930
2611
1341
64
-932
-1548
-1738
-1320
-481
497
1635
2684
3416
3726
3715
3537
2957
1940
774
-330
-1195
-1631
-1787
-1564
-1099
-341
483
1436
1985
2315
2432
2174
1769
1204
450
-499
-1251
-1744
-2003
-2110
-1842
-1336
-934
-530
-64
53
74
162
93
-307
-703
-1153
-1605
-1877
-1890
-1667
-1409
-1216
-962
-543
-261
-231
-226
-312
-531
-865
-1193
-1536
-1719
-1604
-1593
-1625
-1506
-1167
-812
-710
-598
-431
-247
-247
-352
-537
-923
-1521
-2449
-3485
-4350
-5023
-5590
-5797
-5927
-5811
-5278
-4327
-3549
-2927
-2139
-1495
-1271
-1364
-1901
-2580
-3246
-4196
-4714
-5114
-5473
-5290
-4820
-3975
-3204
-2412
-1549
-840
-428
-341
-416
-716
-1287
-1944
-2449
-2915
-3096
-2835
-2411
-1945
-1298
-659
-55
413
858
1286
1498
1396
1254
1085
969
846
773
1021
1279
1469
1762
2142
2437
2673
2875
2959
3000
3068
3221
3149
3041
2830
2759
2686
2659
2694
2711
2776
2895
2819
2560
2395
2326
2058
1801
1650
1604
1566
1682
1826
1997
2043
2107
2095
2136
2126
2007
1741
1189
532
5
-163
246
1230
2587
4016
5119
5923
6191
5897
5135
3999
2667
1229
-253
-1307
-1820
-1710
-1022
-5
1404
2721
3776
4550
4645
4216
3303
2124
814
-441
-1610
-2471
-2677
-2474
-2027
-1143
-21
1228
2188
2781
2906
2594
2061
1279
270
-864
-2060
-2839
-3133
-3085
-2541
-1752
-738
198
976
1459
1459
1219
946
505
-203
-1001
-1969
-2467
-2696
-2673
-2608
-2189
-1667
-1209
-884
-472
-334
-416
-467
-632
-1114
-1537
-1851
-2072
-2250
-2303
-2087
-1653
-1129
-831
-662
-710
-574
-579
-823
-1019
-1268
-1489
-1735
-1834
-1912
-1829
-1541
-1161
-895
-815
-754
-661
-567
-568
-609
-744
-1066
-1703
-2539
-3378
-4146
-5023
-5853
-6196
-6319
-6133
-5699
-5067
-3893
-2840
-2214
-1754
-1446
-1335
-1728
-2415
-2902
-3568
-4454
-5126
-5437
-5372
-4971
-4284
-3511
-2747
-1905
-1173
-559
-264
-217
-373
-815
-1265
-1776
-2156
-2379
-2592
-2370
-1929
-1283
-544
189
813
1224
1515
1780
2057
2089
2010
1973
1814
1696
1676
1877
2136
2487
3018
3417
3575
3659
3798
4010
4173
4256
4329
4123
3889
3753
3729
3875
3835
3787
3910
3794
3574
3562
3501
3355
3093
2876
2687
2587
2705
2721
2794
2821
2794
2891
2987
3023
3117
3087
2839
2363
1708
1104
795
1189
2090
3197
4486
5692
6637
7054
6835
6152
5037
3809
2446
1267
299
-400
-447
-98
748
2016
3387
4444
5081
5341
5099
4559
3619
2422
1103
-245
-1413
-2005
-1790
-1120
-325
742
1788
2738
3411
3670
3687
3451
2784
1755
658
-228
-986
-1431
-1515
-1107
-472
414
1283
1942
2537
2749
2780
2563
2030
1333
441
-208
-769
-1132
-1396
-1372
-1081
-589
-3
495
839
990
1017
822
496
94
-197
-601
-961
-1071
-1056
-831
-370
-4
229
462
612
741
846
742
353
-49
-197
-430
-443
-396
-460
-499
-287
-99
157
337
323
384
543
601
537
257
-382
-1011
-1760
-2677
-3643
-4514
-5151
-5242
-5159
-4835
-4127
-3309
-2493
-1796
-1030
-367
-23
-273
-967
-1739
-2539
-3135
-3849
-4433
-4593
-4333
-3595
-2753
-1828
-905
-20
661
989
925
672
349
-201
-763
-1131
-1332
-1369
-1252
-944
-486
35
534
1167
1867
2277
2229
2142
2141
1916
1564
1393
1373
1526
1847
2231
2585
2782
2822
2427
2029
1703
1242
785
532
493
655
1187
1950
2685
3396
3904
4057
3941
3348
2506
1691
765
49
-197
182
1094
2078
3186
4409
5433
6061
6547
6692
6363
5815
5004
4187
3367
2758
2460
2514
2996
3882
5190
6853
8628
9785
10238
10180
9370
7948
6245
4644
3237
1890
946
496
659
1452
2549
3718
4919
5708
6016
5884
5281
4231
3016
1702
387
-673
-1501
-1979
-1995
-1397
-484
545
1497
2174
2562
2838
2663
2072
1183
88
-963
-2116
-2946
-3352
-3259
-2924
-2216
-1370
-492
76
437
766
835
565
131
-601
-1381
-2092
-2623
-2809
-2772
-2498
-2000
-1352
-733
-104
351
746
927
868
658
411
213
124
75
26
135
338
650
1162
1464
1624
1909
1918
1803
1464
1133
1050
925
765
609
576
627
772
958
1202
1371
1250
1186
1170
1199
994
738
573
269
-334
-1068
-2092
-3196
-4011
-4522
-4869
-5076
-4912
-4346
-3596
-2950
-2154
-1486
-1027
-831
-948
-1373
-2001
-2877
-3715
-4566
-5208
-5381
-5197
-4666
-4021
-3272
-2597
-1965
-1310
-888
-847
-1016
-1408
-1939
-2633
-3348
-3802
-3938
-3928
-3896
-3628
-3120
-2378
-1690
-1035
-573
-154
184
244
28
-437
-916
-1529
-2267
-2645
-2481
-1977
-1466
-899
-3
712
1122
1463
1564
1342
906
412
-246
-759
-1170
-1554
-1492
-1183
-637
-17
495
794
1013
790
301
-148
-793
-1566
-2291
-2594
-2835
-3165
-2938
-2282
-1690
-1286
-902
-680
-851
-1460
-2434
-3630
-4776
-5522
-5605
-4855
-3355
-1483
16
1092
1709
1559
740
-448
-2135
-4087
-6003
-7488
-8290
-8292
-7593
-6295
-4605
-2815
-1255
-252
112
-49
-643
-1634
-3072
-4783
-6084
-6988
-7381
-7111
-6236
-4958
-3509
-2147
-940
-23
470
504
85
-796
-1895
-2963
-3893
-4460
-4791
-4656
-3930
-3065
-2119
-1077
-124
546
877
915
739
360
-307
-1075
-1649
-2102
-2562
-2650
-2309
-1751
-1266
-859
-191
509
748
582
424
200
-167
-671
-1142
-1402
-1561
-1416
-1179
-928
-465
119
292
244
206
245
101
-109
-425
-792
-934
-1025
-1068
-929
-636
-302
-39
200
418
650
895
1048
1074
936
497
-65
-802
-1540
-2124
-2795
-3516
-3830
-3741
-3434
-3026
-2328
-1343
-302
543
1185
1692
1776
1625
1226
574
-208
-969
-1278
-1318
-976
-546
-6
850
1854
2737
3609
4080
4300
4197
3862
3304
2726
2141
1718
1368
1251
1536
1777
2336
2977
3493
3729
4035
4342
4419
4190
3859
3630
3478
3147
2814
2657
2635
2920
3083
3122
3381
3757
3940
4020
4006
3928
3726
3499
3271
3017
2854
2830
2841
2860
2838
2928
2985
2869
2811
2717
2578
2346
2051
1815
1673
1629
1767
1803
1725
1910
2166
2164
2094
2004
1975
1885
1459
857
72
-356
-130
597
1691
2990
4459
5626
6047
5791
5231
4324
3255
2199
1106
194
-314
-191
314
1154
2276
3415
4572
5504
5821
5559
4687
3707
2668
1565
445
-398
-714
-531
204
1103
2111
3228
4154
4598
4798
4827
4446
3716
2697
1805
998
191
-190
4
271
799
1538
2395
3258
3931
4328
4192
3839
3349
2572
1881
1191
494
221
190
433
651
950
1594
2201
2496
2719
2804
2664
2218
1770
1480
1225
901
740
669
607
777
1126
1581
1972
1959
1912
1894
1843
1717
1431
1305
1121
1015
1097
1304
1404
1533
1714
1729
1929
2219
2474
2663
2608
2407
2040
1489
916
229
-526
-1356
-1917
-2320
-2567
-2597
-2295
-1679
-782
92
950
1678
2046
2119
1972
1565
1004
240
-467
-1091
-1486
-1769
-1673
-998
-48
987
1863
2485
2926
3324
3263
2895
2429
1723
972
383
-92
-274
-257
-67
216
722
1374
1810
2104
2348
2276
2129
1919
1558
1039
664
402
132
82
196
395
772
1049
1103
1251
1375
1488
1383
1160
1116
947
597
454
508
520
443
381
425
433
449
407
141
-236
-440
-597
-874
-1217
-1160
-876
-810
-941
-954
-892
-956
-906
-828
-539
-427
-745
-1263
-1862
-2267
-2110
-1410
-163
1488
2784
3736
4440
4360
3652
2424
936
-769
-2357
-3767
-4490
-4553
-4139
-3190
-1955
-416
1068
2193
2922
3190
2783
1724
260
-1264
-2819
-4239
-5167
-5410
-5026
-4363
-3212
-1718
-361
652
1183
1294
841
186
-836
-2018
-3177
-4103
-4690
-5003
-4709
-4169
-3485
-2437
-1357
-516
39
263
203
-236
-832
-1530
-2293
-2877
-3285
-3582
-3656
-3622
-3309
-2725
-2168
-1792
-1335
-979
-789
-954
-1350
-1686
-2136
-2345
-2457
-2368
-2148
-1823
-1632
-1288
-870
-539
-310
-16
-91
-346
-538
-695
-829
-1007
-1042
-852
-561
-249
2
137
237
422
686
862
826
747
610
170
-532
-1354
-2058
-2809
-3510
-3984
-4137
-4154
-3779
-3149
-2483
-1577
-789
-121
567
829
632
269
-191
-948
-1768
-2409
-2848
-3100
-2933
-2253
-1406
-587
175
918
1574
1942
1953
1693
1304
689
33
-562
-1101
-1519
-1618
-1488
-1028
-527
-18
477
770
1113
1410
1420
1249
899
627
297
75
81
-72
1
180
371
777
1124
1317
1394
1357
1466
1442
1294
1128
996
946
935
954
916
922
959
1141
1056
969
928
729
498
403
319
183
75
20
87
200
18
3
139
302
410
412
352
175
-72
-279
-436
-383
131
