-4964
-4428
-4014
-3723
-3583
-3461
-3596
-3968
-4261
-4364
-4382
-4424
-4582
-4607
-4362
-4036
-3720
-3598
-3519
-3384
-3207
-3047
-2985
-3129
-3488
-3906
-4538
-5299
-6169
-7138
-7872
-8314
-8586
-8465
-8208
-7569
-6686
-5882
-5104
-4518
-3879
-3508
-3462
-3848
-4480
-5170
-6116
-6900
-7178
-7149
-6916
-6196
-5327
-4441
-3575
-2817
-2110
-1689
-1822
-2143
-2565
-3278
-3876
-4364
-4947
-5305
-5369
-5191
-4751
-4210
-3626
-3170
-2911
-2643
-2457
-2680
-3393
-4265
-4855
-5341
-5540
-5248
-4515
-3372
-2075
-973
-762
-1327
-2499
-4168
-6186
-8144
-9887
-11192
-11782
-11601
-10614
-9144
-7625
-6138
-4913
-4411
-4738
-5763
-7174
-8851
-10642
-12271
-13150
-13052
-12175
-10460
-8106
-5418
-3193
-1254
435
1317
1233
456
-640
-2083
-3687
-5306
-6678
-7175
-6441
-4599
-2154
626
3265
5317
6376
6406
5539
4043
2205
68
-2312
-4396
-5937
-6600
-6238
-5129
-3364
-1561
-283
270
427
211
-825
-2542
-4665
-6723
-8493
-9811
-10248
-10138
-9499
-8446
-6897
-5328
-4100
-3360
-3189
-3541
-4371
-5780
-7504
-9181
-10712
-11852
-12278
-12291
-11725
-10640
-9400
-7919
-6451
-5323
-4756
-4917
-5474
-6345
-7545
-8936
-10306
-11153
-11527
-11639
-11247
-10794
-9846
-8484
-7257
-6006
-4963
-4275
-3826
-3554
-3479
-3757
-3939
-4013
-4132
-3936
-3309
-2758
-2376
-1983
-1540
-1111
-905
-859
-860
-964
-1201
-1483
-1700
-1768
-1936
-2000
-1977
-1990
-2040
-2148
-2144
-2229
-2358
-2628
-2918
-3055
-3208
-3714
-4270
-4996
-5644
-6243
-6727
-6875
-7157
-7252
-7188
-6864
-6069
-5310
-4519
-3880
-3461
-3363
-3670
-4359
-5185
-6019
-6897
-7624
-8252
-8638
-8706
-8322
-7874
-7270
-6336
-5528
-4811
-4256
-3962
-4185
-4714
-5145
-5551
-5829
-5940
-5691
-5325
-4979
-4381
-3364
-2450
-1566
-793
-168
359
805
1062
1328
1458
1464
1099
257
-732
-1648
-2690
-3793
-4529
-4578
-3679
-2082
-70
1763
3430
4638
5168
5216
4313
2603
707
-1036
-2743
-3845
-4232
-3675
-2353
-568
1444
3352
4747
5567
5813
5386
4261
2728
1092
-590
-1794
-2187
-1810
-628
1099
3072
4920
6150
6725
6877
6610
6197
5886
5850
6058
6226
6523
6759
6656
6124
5528
4858
3810
2718
1613
684
-55
-349
-119
437
1222
2179
3231
4066
4461
4278
3818
2928
1787
554
-662
-1726
-2361
-2412
-2272
-1764
-1093
-352
491
1136
1560
1577
1149
378
-540
-1510
-2357
-3315
-4067
-4478
-4638
-4342
-3996
-3688
-3331
-3163
-3295
-3536
-3847
-4199
-4615
-4703
-4810
-4966
-5085
-5017
-4809
-4523
-4059
-3786
-3476
-3224
-3284
-3499
-3839
-4100
-4237
-4333
-4286
-4279
-4095
-3620
-3197
-2701
-2138
-1567
-1231
-1115
-1057
-1165
-1402
-1783
-2326
-2653
-2895
-3170
-3474
-3473
-3293
-2999
-2974
-2807
-2516
-2282
-2062
-1956
-2042
-2568
-3536
-4544
-5764
-6984
-8198
-9449
-10493
-10977
-11024
-10954
-10404
-9371
-8270
-7196
-6234
-5455
-5229
-5605
-6096
-6682
-7458
-8419
-9307
-9909
-10366
-10246
-9873
-9358
-8593
-7691
-6819
-6137
-5841
-5863
-5928
-6224
-6780
-7473
-8077
-8447
-8743
-8796
-8500
-8102
-7708
-7134
-6311
-5489
-4692
-4179
-3937
-3857
-3835
-3646
-3515
-3320
-3155
-2757
-2591
-2309
-1792
-1436
-1296
-1118
-936
-848
-960
-1185
-1354
-1560
-1770
-1988
-2090
-2160
-2257
-2009
-1833
-1882
-1999
-2039
-2267
-2648
-2917
-3110
-3409
-3771
-3912
-3828
-3902
-3800
-3715
-3603
-3480
-3224
-3103
-3014
-3112
-3409
-3932
-4599
-4917
-4927
-4550
-3539
-2322
-1070
93
642
619
-223
-1541
-2932
-4552
-6044
-7369
-8354
-8694
-8474
-7655
-6297
-4734
-3417
-2491
-2006
-1981
-2502
-3475
-4664
-6177
-7918
-9158
-9791
-9855
-9381
-8379
-7067
-5843
-4813
-3766
-3019
-2753
-2927
-3537
-4477
-5747
-7018
-7946
-8542
-8950
-8902
-8146
-6919
-5917
-5092
-4299
-3557
-3326
-3625
-3994
-4508
-5146
-5948
-6564
-7061
-7274
-7145
-6911
-6575
-6179
-5827
-5397
-4999
-4868
-4926
-5178
-5460
-5822
-6294
-6632
-6943
-6961
-6857
-6516
-6107
-5738
-5450
-5350
-5389
-5496
-5589
-5854
-6210
-6448
-6688
-6975
-6776
-6547
-6414
-6105
-5886
-5665
-5533
-5361
-4998
-4639
-4714
-5129
-5624
-6265
-6954
-7827
-8787
-9572
-10133
-10542
-10974
-11065
-10789
-10009
-9080
-7934
-6994
-6327
-5696
-5327
-5400
-5928
-6800
-7702
-8268
-8824
-9191
-9229
-9026
-8477
-7478
-6548
-5615
-4514
-3761
-3454
-3281
-3308
-3530
-3880
-4473
-5001
-5433
-5743
-5636
-5436
-5069
-4369
-3567
-2800
-2162
-1452
-977
-874
-840
-915
-984
-1055
-1098
-901
-650
-590
-319
64
285
595
1005
1384
1515
1527
1639
1561
1557
1515
1242
1100
1162
1056
1050
1016
834
649
682
609
435
287
76
-97
-219
-236
-248
-295
-305
-124
243
408
430
596
663
727
700
250
-497
-1124
-1210
-839
191
1548
3070
4373
5230
5512
5084
4152
2947
1698
335
-918
-1981
-2552
-2427
-1898
-882
379
1801
2904
3378
3379
3166
2395
1116
-236
-1522
-2597
-3399
-3794
-3581
-2712
-1709
-512
705
1605
2075
2082
1848
1209
478
-352
-1567
-2744
-3434
-3704
-3660
-3193
-2277
-1386
-667
-128
366
541
458
74
-509
-1233
-2061
-2863
-3409
-3683
-3859
-3746
-3362
-2759
-2210
-1946
-1558
-1150
-1197
-1530
-1929
-2276
-2772
-3104
-3161
-3236
-3256
-3153
-2844
-2448
-2000
-1608
-1454
-1427
-1616
-1817
-2182
-2472
-2747
-2894
-2836
-2830
-2772
-2621
-2513
-2448
-2251
-2097
-2135
-2125
-1955
-2037
-2378
-2784
-3307
-4102
-5002
-5746
-6470
-7187
-7889
-8181
-7959
-7334
-6400
-5570
-4837
-4209
-3555
-3259
-3285
-3453
-4046
-4872
-5692
-6378
-6973
-7405
-7375
-6924
-6434
-5718
-4710
-3657
-2836
-2386
-2150
-2241
-2495
-2957
-3497
-4082
-4573
-4854
-4890
-4657
-4312
-3649
-2962
-2315
-1831
-1327
-865
-531
-407
-427
-798
-1188
-1253
-1199
-1130
-1028
-919
-547
-198
183
595
1077
1213
1229
1339
1325
1216
1179
1177
1068
966
782
645
851
883
742
653
430
220
-16
-152
-116
-323
-553
-512
-605
-783
-874
-737
-640
-456
-424
-406
-536
-774
-1250
-1835
-2452
-2775
-2543
-1683
-317
1209
2741
3736
4036
3809
3036
1847
484
-926
-2324
-3649
-4543
-4746
-4346
-3352
-1900
-371
833
1304
1554
1468
821
-434
-1843
-3232
-4515
-5568
-6350
-6301
-5420
-4314
-3258
-2213
-1301
-628
-193
-43
-448
-1441
-2528
-3668
-4945
-5763
-6137
-6077
-5600
-5128
-4348
-3323
-2309
-1633
-1533
-1566
-1802
-2470
-3332
-4268
-4957
-5584
-6185
-6440
-6300
-5963
-5523
-5020
-4461
-3907
-3596
-3518
-3760
-3990
-4313
-4752
-5055
-5339
-5475
-5503
-5373
-5239
-4846
-4487
-4219
-3925
-3842
-3797
-3869
-4237
-4624
-4729
-4957
-5148
-5248
-5276
-5202
-4951
-4661
-4451
-4387
-4317
-4196
-4104
-4109
-4255
-4659
-5291
-6113
-7057
-8057
-8798
-9282
-9762
-10252
-10234
-9784
-9067
-8367
-7275
-6056
-5193
-4928
-4977
-5202
-5698
-6529
-7368
-8185
-8846
-9282
-9346
-8953
-8216
-7461
-6520
-5406
-4609
-3966
-3777
-3697
-3732
-4051
-4618
-5128
-5601
-5995
-6039
-6012
-5755
-5269
-4486
-3766
-3163
-2481
-1786
-1391
-1279
-1503
-1517
-1545
-1658
-1715
-1695
-1689
-1565
-1173
-774
-357
54
420
641
847
879
895
881
768
721
775
771
693
666
635
616
573
473
515
417
205
53
-82
-172
-448
-548
-518
-582
-612
-588
-484
-331
-243
-202
-209
-454
-700
-1336
-2316
-3202
-3785
-3751
-3036
-1958
-675
538
1337
1378
1006
419
-324
-1140
-2018
-2737
-3170
-3276
-2947
-2306
-1229
27
999
1591
1788
1465
682
-156
-1236
-2209
-3142
-3896
-4257
-4140
-3422
-2199
-951
94
963
1722
2084
2046
1586
923
82
-947
-2103
-2964
-3251
-3004
-2390
-1608
-662
235
835
1332
1766
1816
1570
1042
309
-596
-1305
-1925
-2407
-2528
-2369
-2012
-1600
-930
-263
312
596
455
244
-70
-494
-1171
-1932
-2381
-2650
-2753
-2867
-3054
-2998
-2778
-2502
-2371
-2242
-2235
-2407
-2631
-2874
-3134
-3370
-3506
-3554
-3526
-3455
-3487
-3546
-3325
-3044
-2956
-2994
-2995
-2901
-2847
-3107
-3620
-4255
-5019
-5902
-6757
-7464
-7833
-8045
-8182
-8186
-7760
-6963
-5955
-4882
-4013
-3279
-2976
-3011
-3515
-4200
-4876
-5573
-6194
-6594
-6674
-6441
-5919
-5086
-4025
-3026
-2204
-1467
-963
-618
-711
-1030
-1392
-2037
-2543
-2829
-3087
-3076
-2761
-2213
-1659
-928
-224
367
943
1129
1239
1351
1209
822
607
596
610
424
319
640
941
1278
1543
1794
2022
2140
2298
2450
2419
2184
1872
1761
1643
1513
1453
1292
1255
1096
1057
984
739
587
535
416
296
208
40
17
-13
74
11
-130
71
189
339
467
567
545
316
151
348
992
2190
3564
5118
6633
7703
7869
7415
6426
4831
2825
582
-1600
-3438
-4771
-5204
-4674
-3244
-1377
595
2648
4371
5485
5656
5156
4108
2429
510
-1481
-3420
-4922
-5611
-5380
-4508
-3423
-1955
-445
807
1661
2027
1819
1041
61
-1049
-2641
-4333
-5489
-6134
-6168
-5736
-4985
-4099
-3039
-2161
-1415
-821
-578
-737
-1318
-2171
-3035
-3862
-4749
-5420
-5723
-5771
-5655
-5345
-4944
-4438
-4117
-3784
-3625
-3757
-3757
-3827
-4040
-4268
-4277
-4002
-3736
-3363
-2859
-2363
-2061
-1789
-1531
-1455
-1618
-1921
-2250
-2632
-2852
-2935
-2930
-2812
-2456
-1959
-1700
-1388
-1179
-940
-792
-924
-1022
-1118
-1374
-1945
-2614
-3372
-4398
-5371
-6214
-6922
-7287
-7135
-6686
-6097
-5427
-4691
-3766
-3069
-2474
-1952
-1946
-2311
-3100
-4021
-4967
-5793
-6318
-6711
-6805
-6571
-5887
-4885
-4023
-3235
-2616
-2338
-2299
-2375
-2704
-3018
-3443
-4025
-4691
-5184
-5352
-5229
-4973
-4431
-3772
-3075
-2328
-1527
-1119
-885
-656
-537
-628
-848
-1004
-1136
-1008
-910
-668
-363
66
465
972
1446
1626
1784
1948
1950
1811
1787
1908
1820
1695
1723
1653
1588
1598
1586
1641
1648
1499
1289
1162
952
585
473
417
654
877
850
787
920
1107
1250
1203
1113
971
550
19
-504
-1202
-1575
-1225
-489
582
1773
2700
3042
2927
2228
1226
111
-1120
-2230
-3114
-3585
-3710
-3058
-1838
-439
989
2267
3139
3217
2916
2149
923
-501
-1944
-3343
-4487
-4994
-4979
-4229
-3070
-1888
-565
602
1615
2129
2117
1695
916
-93
-1093
-2005
-2814
-3185
-3122
-2647
-2114
-1138
-145
831
1589
1979
1951
1547
969
364
-249
-833
-1469
-2014
-2115
-1951
-1737
-1288
-639
-79
310
490
677
597
504
216
-319
-795
-1065
-1343
-1611
-1561
-1262
-1091
-1041
-946
-985
-1016
-1283
-1516
-1796
-2131
-2414
-2567
-2562
-2643
-2732
-2676
-2544
-2435
-2107
-1939
-1896
-2013
-2091
-2085
-2291
-2587
-3134
-3927
-4794
-5697
-6546
-7227
-7591
-7721
-7633
-7160
-6445
-5847
-5128
-4256
-3433
-2868
-2653
-2800
-3390
-4060
-4669
-5417
-6222
-6502
-6334
-5844
-5108
-4300
-3338
-2232
-1502
-847
-361
-288
-376
-581
-1051
-1470
-1949
-2486
-2685
-2470
-1957
-1397
-712
-46
677
1255
1800
2109
2304
2417
2395
2170
1955
1772
1717
1899
2155
2402
2734
2990
3336
3572
3662
3705
3698
3729
3799
3724
3447
3289
3217
3187
3055
2995
2937
2832
2699
2611
2373
2020
1953
1859
1658
1702
1641
1655
1541
1431
1491
1498
1598
1727
1813
1892
1653
1129
469
-68
-387
-222
495
1619
2952
4287
5350
6064
6113
5581
4523
3225
1959
591
-609
-1257
-1487
-1268
-434
806
1995
3325
4453
4969
4761
4227
3300
2065
691
-645
-1648
-2361
-2541
-2070
-1178
69
1148
2049
2866
3344
3298
2947
2341
1430
278
-819
-1759
-2418
-2552
-2207
-1637
-1022
-207
698
1374
1838
1902
1703
1175
538
-234
-1057
-1844
-2492
-2781
-2746
-2685
-2470
-1927
-1241
-727
-415
-347
-448
-706
-1152
-1651
-1877
-2093
-2416
-2486
-2209
-1891
-1673
-1396
-1094
-926
-952
-923
-1025
-1343
-1637
-1797
-1915
-1960
-1959
-1878
-1909
-1721
-1413
-1179
-1023
-964
-839
-744
-655
-693
-934
-1621
-2443
-3182
-3899
-4814
-5702
-6210
-6270
-6239
-6084
-5485
-4732
-3780
-2990
-2189
-1544
-1304
-1502
-2047
-2583
-3281
-3955
-4555
-5098
-5404
-5218
-4591
-3919
-3156
-2319
-1576
-831
-311
-201
-350
-718
-1214
-1815
-2466
-2898
-2950
-2916
-2675
-2231
-1565
-715
-2
546
1057
1358
1496
1447
1374
1174
923
845
789
857
1089
1424
1751
2221
2599
2737
2961
3272
3531
3388
3008
2864
2919
2870
2798
2756
2592
2479
2769
2962
2876
2698
2608
2528
2249
1836
1591
1514
1399
1465
1556
1644
1816
1926
2004
2069
1939
1884
1990
1856
1226
798
425
293
705
1539
2802
4299
5537
6213
6469
6155
5308
3936
2452
1159
-141
-1132
-1740
-1611
-912
82
1288
2702
3986
4542
4430
3938
3140
2184
916
-557
-1745
-2642
-3104
-2743
-1815
-752
301
1383
2188
2619
2731
2514
1976
1141
135
-1090
-2296
-2856
-3004
-2745
-2236
-1495
-535
176
750
1309
1757
1628
1280
736
-84
-1035
-1781
-2417
-2704
-2790
-2646
-2169
-1625
-1158
-596
-280
-79
46
-255
-699
-1073
-1496
-1779
-2013
-2130
-2102
-1999
-1732
-1317
-958
-591
-356
-198
-247
-629
-964
-1028
-1066
-1279
-1489
-1532
-1399
-1216
-1040
-818
-646
-515
-476
-384
-522
-666
-804
-1149
-1688
-2490
-3366
-4133
-4874
-5598
-6091
-6324
-6306
-5828
-5063
-4219
-3410
-2681
-1931
-1373
-1532
-1867
-2383
-2973
-3785
-4583
-5055
-5355
-5266
-4866
-4165
-3193
-2245
-1443
-737
-253
-74
-180
-562
-1035
-1512
-1976
-2451
-2700
-2596
-2329
-1938
-1384
-748
-78
562
1257
1744
2089
2129
1922
1780
1660
1446
1461
1607
1813
2018
2417
2798
3142
3414
3637
3869
3945
3823
3782
3716
3717
3588
3377
3414
3643
3778
3627
3579
3559
3467
3268
3070
2926
2851
2653
2305
2079
2135
2340
2494
2462
2481
2471
2496
2464
2466
2541
2427
1924
1439
870
583
750
1551
2911
4374
5685
6669
7113
6761
5850
4667
3448
2177
905
-136
-677
-951
-586
356
1697
2990
4059
4734
4991
4821
4184
3128
1829
612
-608
-1620
-2282
-2211
-1557
-622
505
1691
2669
3396
3754
3592
3130
2396
1375
211
-1011
-1612
-1750
-1654
-1250
-872
-296
610
1624
2226
2483
2529
2156
1506
672
-91
-708
-1318
-1580
-1632
-1615
-1568
-1258
-574
118
509
560
546
442
140
-166
-403
-737
-999
-1218
-1192
-1042
-852
-589
-273
58
462
684
591
319
-47
-422
-674
-762
-898
-853
-763
-728
-475
-88
119
214
167
146
124
91
-36
-379
-847
-1651
-2526
-3328
-4185
-4893
-5503
-5807
-5602
-5229
-4509
-3701
-3005
-2285
-1637
-1096
-961
-1065
-1358
-2001
-2708
-3452
-4216
-4617
-4644
-4263
-3621
-2748
-1841
-1162
-509
74
516
633
572
257
-339
-1069
-1554
-1833
-2016
-1930
-1552
-914
-288
332
1024
1580
1910
2104
2062
1792
1496
1285
1111
945
1135
1527
2029
2522
2766
2830
2708
2209
1729
1245
681
361
302
358
847
1673
2472
3190
3716
3995
3813
3205
2321
1351
623
69
-150
-18
532
1610
2795
4016
5167
5903
6411
6507
6046
5329
4559
3796
3093
2431
1888
1761
2321
3604
5212
6909
8495
9714
10206
10026
9247
7905
6277
4730
3084
1713
743
217
452
1233
2405
3542
4687
5542
5952
5836
5119
4050
2823
1536
116
-1068
-2004
-2344
-2003
-1486
-697
441
1545
2275
2724
2806
2410
1774
1198
191
-988
-2072
-2964
-3499
-3375
-2964
-2396
-1689
-785
-11
518
762
622
306
-146
-872
-1661
-2286
-2658
-2881
-2950
-2613
-2202
-1523
-907
-195
486
796
938
957
755
473
131
-135
-175
78
228
262
550
1143
1611
1809
1928
2119
2127
1755
1287
1140
937
533
359
290
313
440
763
887
909
828
815
963
1080
990
675
363
38
-579
-1542
-2633
-3604
-4298
-4821
-5219
-5340
-5183
-4713
-4134
-3229
-2430
-1941
-1519
-1131
-1225
-1767
-2448
-3140
-3978
-4805
-5214
-5418
-5481
-5233
-4451
-3544
-2735
-1998
-1391
-971
-1094
-1409
-1852
-2547
-3091
-3587
-4047
-4408
-4542
-4312
-3801
-3224
-2579
-1905
-1363
-1004
-444
-186
-287
-518
-702
-1034
-1568
-2050
-2211
-2312
-2335
-1920
-1184
-367
333
891
1213
1325
1286
900
187
-681
-1274
-1645
-1816
-1689
-1408
-924
-492
-18
403
602
557
107
-416
-1032
-1821
-2649
-3228
-3465
-3384
-3171
-2878
-2367
-1874
-1494
-1336
-1477
-2022
-3057
-4362
-5388
-5956
-5745
-4842
-3435
-1919
-368
895
1513
1373
530
-850
-2437
-4197
-6055
-7454
-8160
-8092
-7639
-6643
-4928
-3096
-1510
-460
-54
-281
-948
-2027
-3415
-4922
-6492
-7560
-7657
-7180
-6489
-5295
-3724
-2146
-974
-193
104
115
-197
-1176
-2298
-3392
-4292
-4889
-5053
-4710
-4040
-3193
-2077
-929
-29
578
926
959
780
191
-502
-1243
-2065
-2678
-2992
-2855
-2577
-2104
-1617
-1163
-516
-159
149
288
216
-110
-467
-775
-1130
-1451
-1660
-1515
-1275
-1215
-1057
-530
-25
159
143
118
100
-22
-309
-564
-869
-1096
-1228
-1145
-901
-566
-256
-53
108
331
512
672
701
552
294
-299
-1227
-1947
-2572
-3313
-3948
-4153
-4156
-3872
-3312
-2587
-1562
-548
383
1120
1590
1768
1627
1203
736
110
-663
-1233
-1373
-1025
-444
302
1289
2301
3066
3596
4005
4160
3948
3687
3275
2668
2102
1535
1332
1348
1527
1662
2056
2518
3133
3804
4148
4301
4167
3866
3740
3640
3469
3142
2841
2657
2573
2733
3045
3383
3611
3670
3719
3797
3881
3883
3738
3339
3027
2922
2799
2893
2942
2960
2910
2837
2700
2640
2487
2320
2359
2138
1899
1686
1578
1456
1368
1479
1547
1705
1757
1805
2015
2133
2055
1901
1586
1057
494
333
712
1401
2543
4033
5532
6520
6906
6698
6007
4952
3661
2391
1168
164
-421
-375
240
1052
2287
3761
5006
5796
6098
5832
5061
4024
2788
1540
325
-623
-1036
-831
-113
802
1709
2763
3860
4515
4673
4475
3986
3320
2501
1438
485
-217
-685
-631
-323
267
1075
1926
2675
3253
3764
3857
3513
2833
2002
1130
389
-134
-394
-465
-352
-74
386
927
1335
1690
1909
1878
1858
1762
1368
723
328
190
223
444
569
709
1104
1504
1808
2027
2156
2122
1954
1911
1875
1655
1303
1176
1220
1349
1354
1595
1986
2166
2248
2338
2486
2630
2520
2486
2294
1853
1070
132
-690
-1489
-2094
-2640
-2770
-2545
-2227
-1581
-749
136
979
1524
1817
1994
1936
1434
646
-55
-669
-1209
-1514
-1526
-1252
-740
37
851
1618
2213
2704
2855
2741
2477
1892
1208
545
-92
-537
-821
-888
-648
-386
93
748
1152
1479
1794
1912
1792
1605
1254
751
526
261
43
82
21
40
327
745
1033
1183
1272
1274
1192
1135
998
794
731
439
91
167
488
530
321
230
155
67
80
-138
-391
-684
-907
-1076
-1294
-1415
-1309
-1240
-1270
-1219
-1185
-1173
-1013
-901
-1131
-1444
-1922
-2425
-2709
-2635
-2117
-969
559
1978
3130
3758
3815
3300
2267
1047
-394
-1910
-3243
-4155
-4489
-4332
-3509
-2108
-566
804
1853
2329
2260
1608
594
-531
-1824
-3386
-4649
-5320
-5477
-4937
-4004
-2875
-1604
-321
497
1020
1309
926
168
-793
-1927
-2962
-3727
-4154
-4284
-3930
-3376
-2729
-1796
-744
-192
208
503
383
-185
-909
-1597
-2202
-2880
-3418
-3647
-3642
-3337
-2772
-2254
-1885
-1429
-955
-794
-782
-996
-1306
-1653
-1986
-2159
-2253
-2148
-2007
-1856
-1571
-1048
-658
-394
-199
-25
-139
-384
-648
-840
-1181
-1376
-1388
-1016
-600
-510
-501
-341
-300
-135
158
397
501
360
122
-188
-824
-1634
-2472
-3285
-3940
-4552
-4893
-4892
-4507
-4056
-3230
-2261
-1479
-526
133
319
210
-15
-582
-1300
-2058
-2565
-2950
-3210
-3021
-2342
-1426
-525
280
1185
1717
1854
1806
1744
1463
880
179
-516
-1104
-1317
-1281
-1198
-1026
-520
87
536
970
1271
1319
1351
1316
1161
817
497
379
296
178
102
272
533
839
1140
1410
1638
1640
1569
1490
1327
1191
1094
1079
1035
876
828
818
877
800
676
538
515
354
95
-48
-145
-341
-562
-714
-556
-402
-312
-261
-315
-383
-336
-189
148
174
-221
-354
-259
152
906
