-5308
-4778
-4405
-4141
-4167
-4073
-3970
-4135
-4427
-4771
-5013
-5132
-5111
-4990
-4813
-4606
-4457
-4224
-4061
-4012
-3789
-3462
-3223
-3292
-3548
-3989
-4608
-5363
-6182
-7210
-8015
-8554
-8929
-9060
-8850
-8149
-7122
-6252
-5541
-4717
-3899
-3587
-3807
-4311
-4810
-5322
-6038
-6934
-7436
-7514
-7241
-6671
-5892
-4926
-3997
-3024
-2385
-1968
-1707
-1851
-2286
-2905
-3615
-4352
-4963
-5384
-5400
-5163
-4738
-4220
-3674
-3114
-2727
-2354
-2337
-2683
-3280
-4174
-5086
-5459
-5462
-5100
-4428
-3486
-2376
-1530
-1186
-1671
-2820
-4335
-6098
-8045
-10003
-11348
-11934
-11683
-10728
-9279
-7901
-6493
-5456
-5019
-5197
-6150
-7415
-8994
-10789
-12154
-13086
-13280
-12436
-10708
-8268
-5648
-3314
-1287
326
1104
1037
292
-761
-2226
-3961
-5539
-6707
-6991
-6259
-4534
-1761
1185
3747
5829
6945
6953
5957
4315
2096
-172
-2537
-4840
-6414
-7135
-6629
-5292
-3542
-1772
-364
784
1165
720
-308
-1758
-3666
-5856
-7969
-9666
-10618
-10732
-10039
-8702
-7192
-5568
-4256
-3494
-3391
-3709
-4436
-5555
-7112
-8754
-10269
-11445
-12192
-12392
-12070
-11224
-10026
-8495
-7024
-5915
-5342
-5251
-5356
-6098
-7245
-8596
-10060
-11252
-11826
-12046
-11718
-11101
-10115
-9016
-7773
-6419
-5316
-4644
-4075
-3974
-3951
-3948
-3986
-3954
-3952
-3780
-3513
-3175
-2693
-2048
-1406
-1027
-757
-746
-872
-1085
-1354
-1437
-1513
-1855
-2073
-1987
-1968
-1968
-2049
-2072
-2122
-2223
-2370
-2573
-2785
-3113
-3271
-3539
-3938
-4601
-5212
-5665
-6131
-6515
-6813
-6722
-6550
-6277
-5670
-4983
-4270
-3613
-3210
-3011
-3090
-3770
-4715
-5801
-6761
-7649
-8394
-8721
-8732
-8477
-7865
-7293
-6500
-5715
-4981
-4378
-4056
-4008
-4326
-4768
-5165
-5459
-5628
-5701
-5685
-5228
-4565
-3628
-2514
-1420
-692
-161
464
871
1146
1520
1735
1623
1017
175
-744
-1638
-2571
-3697
-4659
-4662
-3689
-1912
39
1810
3367
4512
5146
5068
4319
2711
779
-1262
-2978
-4083
-4507
-3926
-2329
-230
1783
3569
5043
6023
6192
5633
4487
3039
1399
-113
-1329
-1984
-1648
-422
1312
3287
5048
6329
7183
7294
6928
6585
6343
6366
6574
6773
6923
6774
6467
6123
5612
4850
3880
2736
1449
343
-339
-532
-314
449
1493
2492
3453
4340
4799
4844
4519
3577
2354
1035
-319
-1438
-2255
-2570
-2453
-1939
-1319
-588
83
720
1051
1212
807
67
-731
-1736
-2737
-3693
-4289
-4440
-4615
-4722
-4692
-4394
-4011
-3846
-3732
-3767
-3875
-3938
-4139
-4622
-5041
-5074
-4986
-4859
-4724
-4335
-4061
-4050
-3955
-3702
-3545
-3654
-3855
-4122
-4270
-4383
-4361
-4249
-4113
-3594
-3005
-2467
-1946
-1535
-1280
-1152
-1072
-1096
-1348
-1864
-2275
-2622
-3026
-3362
-3483
-3405
-3199
-3028
-2798
-2449
-2076
-1738
-1631
-1650
-1817
-2318
-3059
-3865
-5092
-6440
-7888
-9129
-10032
-10669
-10668
-10475
-9829
-8730
-7571
-6632
-5723
-5076
-4982
-5050
-5480
-6280
-7205
-8267
-9173
-9922
-10378
-10347
-9915
-9475
-8792
-7983
-7244
-6493
-6024
-5916
-6003
-6320
-6827
-7398
-8019
-8492
-8660
-8759
-8556
-8071
-7330
-6617
-5901
-5168
-4406
-3866
-3548
-3220
-3082
-3012
-3019
-3070
-2889
-2569
-2133
-1709
-1285
-1038
-844
-516
-251
-226
-397
-606
-777
-900
-1094
-1309
-1355
-1254
-1223
-1322
-1345
-1324
-1233
-1357
-1450
-1652
-1862
-2143
-2372
-2489
-2669
-2891
-2997
-2878
-2912
-2657
-2292
-2032
-1839
-1885
-1979
-2448
-3118
-3664
-4161
-4470
-4090
-3187
-1987
-568
577
1124
1067
385
-769
-2346
-4055
-5692
-6828
-7598
-7990
-7864
-7154
-5958
-4465
-2861
-1763
-1295
-1310
-1711
-2688
-3919
-5400
-7003
-8256
-9078
-9271
-8907
-7957
-6742
-5379
-4012
-3072
-2450
-2199
-2375
-3010
-3920
-5137
-6550
-7722
-8302
-8516
-8447
-7951
-7018
-6027
-4981
-4005
-3251
-2927
-3092
-3552
-3977
-4585
-5455
-6168
-6744
-7074
-7064
-6817
-6330
-5947
-5551
-5088
-4776
-4656
-4744
-4948
-5371
-5687
-5928
-6249
-6617
-6929
-6915
-6600
-6219
-5716
-5629
-5598
-5570
-5500
-5696
-6056
-6336
-6553
-6653
-6867
-6999
-6763
-6568
-6423
-6173
-5910
-5614
-5312
-5207
-5086
-5123
-5370
-5703
-6112
-6663
-7623
-8598
-9592
-10319
-10785
-11237
-11359
-11000
-10157
-9062
-8135
-7185
-6443
-5949
-5715
-5902
-6347
-6865
-7594
-8615
-9509
-9934
-10153
-9975
-9354
-8404
-7343
-6336
-5366
-4510
-3845
-3519
-3732
-4186
-4667
-5148
-5605
-5993
-6308
-6253
-5899
-5495
-4859
-3977
-3108
-2527
-2102
-1736
-1453
-1317
-1391
-1416
-1494
-1609
-1477
-1389
-1281
-1093
-865
-578
-139
187
420
613
737
774
902
1011
875
687
360
198
240
366
361
447
392
287
363
108
-307
-467
-584
-628
-814
-862
-648
-566
-615
-489
-336
-310
-331
-295
-84
-207
-760
-1487
-2056
-2062
-1531
-559
860
2242
3417
4273
4598
4380
3528
2348
994
-461
-1836
-3005
-3680
-3797
-3127
-2006
-582
838
2045
2721
2861
2696
2159
1041
-460
-1858
-3209
-4150
-4533
-4285
-3497
-2550
-1596
-584
410
1140
1339
1212
846
66
-1129
-2285
-3204
-3925
-4267
-4252
-3904
-3308
-2508
-1710
-938
-359
17
-1
-408
-1069
-1740
-2437
-3298
-3995
-4455
-4541
-4333
-4062
-3647
-3147
-2596
-2221
-1834
-1674
-1898
-2325
-3033
-3348
-3408
-3604
-3826
-3898
-3744
-3477
-3224
-2775
-2415
-2260
-2233
-2337
-2520
-2853
-3147
-3317
-3508
-3695
-3741
-3552
-3122
-2636
-2467
-2523
-2611
-2347
-2159
-2245
-2227
-2213
-2591
-3437
-4291
-5206
-6024
-6797
-7498
-7934
-8017
-7839
-7399
-6844
-5976
-5014
-4144
-3448
-3104
-2970
-3263
-3967
-4879
-5852
-6717
-7278
-7389
-7369
-7178
-6540
-5580
-4608
-3829
-3113
-2573
-2281
-2256
-2563
-3044
-3530
-4072
-4561
-4950
-5090
-4909
-4475
-3879
-3319
-2649
-2027
-1483
-877
-517
-503
-558
-708
-827
-1045
-1230
-1277
-1261
-1090
-755
-394
-77
255
649
1001
1182
1144
1113
1101
1090
1032
945
921
880
829
817
721
684
719
792
706
264
-95
-398
-493
-447
-480
-546
-680
-718
-616
-335
-54
-56
-73
-80
-242
-757
-1512
-2151
-2441
-2309
-1750
-577
946
2585
3743
4122
3882
3158
2054
635
-793
-2063
-3295
-4205
-4548
-4215
-3226
-1997
-666
504
1431
1799
1671
1014
-85
-1180
-2428
-4016
-5252
-5771
-5814
-5344
-4566
-3418
-2105
-1143
-375
-12
-60
-530
-1275
-2257
-3483
-4647
-5508
-5947
-5810
-5464
-4994
-4078
-3235
-2506
-1855
-1469
-1344
-1596
-2121
-2845
-3568
-4468
-5392
-5848
-5973
-6007
-5827
-5234
-4505
-3938
-3609
-3374
-3230
-3449
-3768
-4016
-4317
-4804
-5178
-5379
-5274
-5160
-5013
-4739
-4359
-4032
-3837
-3736
-3797
-4074
-4078
-3941
-4286
-4748
-5038
-5079
-4949
-4967
-4686
-4284
-4100
-3979
-3825
-3651
-3522
-3469
-3750
-4227
-4659
-5469
-6381
-7268
-8054
-8748
-9346
-9637
-9626
-9254
-8305
-7393
-6664
-5863
-5041
-4682
-4605
-4652
-5051
-5801
-6573
-7476
-8315
-8780
-8918
-8821
-8167
-7154
-6101
-5051
-4350
-3688
-3100
-3046
-3222
-3362
-3795
-4265
-4815
-5130
-5189
-5082
-4828
-4313
-3703
-2994
-2335
-1831
-1202
-810
-706
-729
-935
-1011
-1108
-1273
-1384
-1308
-1082
-798
-490
-158
258
651
946
1106
1366
1475
1301
1081
1051
1176
1156
984
1003
1044
1018
1018
932
882
600
407
429
366
229
49
-178
-128
-44
33
79
148
363
527
567
602
302
-203
-1018
-1930
-2720
-3245
-3136
-2329
-1197
7
1169
1896
2193
1973
1278
429
-398
-1289
-2024
-2561
-2779
-2469
-1806
-876
139
1097
1889
2279
2089
1539
761
-500
-1817
-2794
-3657
-4234
-4079
-3499
-2647
-1541
-232
766
1459
1948
2057
1717
932
70
-944
-1922
-2708
-3200
-3269
-2804
-1858
-905
-136
521
1126
1478
1603
1451
1083
289
-544
-1219
-1899
-2303
-2560
-2457
-2162
-1683
-1079
-453
167
442
459
300
-68
-620
-1051
-1610
-2180
-2552
-2748
-2907
-2861
-2700
-2398
-2191
-2008
-1923
-2061
-2063
-2144
-2588
-3005
-2994
-2983
-3299
-3614
-3631
-3424
-3145
-2949
-2853
-2803
-2758
-2763
-2631
-2695
-2771
-3098
-3838
-4666
-5588
-6438
-7068
-7687
-8206
-8336
-7911
-7347
-6613
-5721
-4830
-4095
-3635
-3215
-3097
-3536
-4294
-4972
-5808
-6513
-6861
-6942
-6776
-6326
-5526
-4551
-3562
-2613
-1740
-1210
-1022
-1151
-1366
-1614
-1988
-2641
-3225
-3438
-3376
-2932
-2464
-1866
-1115
-377
268
734
1028
1208
1238
1218
1113
886
759
755
769
817
991
1217
1551
1909
2194
2559
2746
2652
2600
2679
2591
2280
2082
2049
2079
2005
1890
1846
1895
1760
1572
1561
1493
1241
933
784
596
603
571
631
665
540
701
804
857
913
929
1050
1042
680
323
400
925
1876
3170
4627
5891
6900
7466
7265
6425
5056
3231
1071
-1053
-2750
-3895
-4392
-4013
-2802
-1093
961
2934
4512
5634
6054
5466
4288
2857
1185
-485
-2187
-3618
-4423
-4573
-4167
-3087
-1595
-285
765
1523
2052
2261
1735
635
-828
-2244
-3574
-4846
-5516
-5658
-5180
-4287
-3221
-2238
-1337
-527
15
-68
-337
-563
-1031
-1941
-2991
-3837
-4462
-4824
-4912
-4753
-4477
-4123
-3522
-3040
-2935
-2964
-3024
-3206
-3456
-3507
-3614
-3675
-3584
-3462
-3042
-2630
-2422
-2161
-1803
-1667
-1680
-1771
-1965
-2279
-2436
-2601
-2663
-2714
-2516
-2300
-2085
-1731
-1348
-1029
-775
-739
-733
-909
-939
-1117
-1468
-2172
-3178
-4139
-4898
-5655
-6245
-6613
-6826
-6762
-6270
-5453
-4333
-3351
-2544
-1815
-1442
-1495
-1998
-2892
-3948
-4909
-5693
-6326
-6742
-6695
-6295
-5846
-5208
-4303
-3366
-2611
-2091
-1718
-1588
-1923
-2462
-3190
-3866
-4315
-4655
-4933
-5015
-4616
-4017
-3501
-2815
-2026
-1193
-816
-721
-617
-478
-388
-620
-868
-938
-1002
-1040
-780
-379
-61
334
862
1196
1454
1678
1779
2008
2045
2029
1831
1611
1703
1741
1753
1757
1740
1781
1759
1652
1608
1337
989
875
859
750
621
744
969
1073
1216
1246
1223
1352
1623
1675
1345
866
437
-370
-1081
-1481
-1381
-527
509
1694
2723
3282
3313
2748
1851
639
-716
-1874
-2941
-3437
-3408
-2835
-1821
-487
972
2154
2977
3322
3238
2575
1480
87
-1350
-2889
-4071
-4869
-4988
-4501
-3415
-1905
-518
584
1361
1923
2040
1774
1198
362
-717
-1837
-2563
-3126
-3260
-2994
-2477
-1497
-351
577
1298
1947
2061
1772
1248
611
-78
-960
-1632
-1985
-2158
-2113
-1858
-1320
-864
-409
28
323
595
828
680
196
-356
-702
-1046
-1431
-1572
-1612
-1623
-1461
-1134
-872
-843
-994
-1113
-1240
-1435
-1596
-1955
-2398
-2710
-2830
-2785
-2462
-2042
-1897
-1775
-1808
-1792
-1811
-1889
-1835
-1944
-2253
-2714
-3397
-4262
-5188
-6076
-6889
-7457
-7592
-7552
-7343
-6693
-5755
-4828
-3869
-3162
-2677
-2531
-2591
-3029
-3643
-4445
-5371
-6029
-6418
-6433
-5990
-5313
-4563
-3690
-2675
-1776
-1040
-506
-205
-87
-276
-754
-1370
-1940
-2460
-2484
-2299
-2108
-1439
-563
205
918
1489
2094
2500
2681
2680
2528
2450
2325
2128
2112
2157
2172
2267
2548
3081
3602
3846
3975
4179
4279
4169
4032
4127
4159
3995
3687
3521
3524
3649
3832
3814
3581
3356
3176
2961
2769
2688
2636
2404
2303
2323
2369
2369
2377
2375
2358
2435
2471
2494
2411
2092
1484
979
611
556
1083
2090
3396
4658
5762
6596
6729
6215
5264
4044
2654
1353
296
-563
-1012
-899
-41
1252
2458
3766
4814
5406
5577
5189
4262
3072
1776
469
-585
-1267
-1428
-1200
-634
311
1381
2357
3118
3527
3810
3602
2863
1838
719
-281
-1050
-1547
-1707
-1488
-913
-324
384
1129
1691
2108
2513
2479
1975
1148
185
-532
-1119
-1521
-1915
-2099
-1899
-1544
-1156
-838
-364
90
240
58
-230
-665
-1210
-1553
-1663
-1681
-1722
-1822
-1770
-1667
-1302
-684
-446
-370
-342
-559
-876
-1250
-1592
-1859
-1960
-1793
-1654
-1634
-1455
-1171
-989
-785
-556
-379
-357
-454
-542
-732
-1186
-1902
-2625
-3404
-4365
-5245
-5884
-6272
-6284
-5959
-5471
-4819
-3850
-2797
-1909
-1489
-1408
-1483
-1876
-2530
-3243
-3974
-4818
-5432
-5749
-5693
-5158
-4329
-3391
-2368
-1459
-792
-420
-215
-328
-772
-1296
-1752
-2167
-2623
-2892
-3030
-2931
-2498
-1807
-1125
-420
220
590
908
1028
1150
1238
990
633
512
467
513
651
958
1380
1751
2021
2359
2604
2677
2788
2773
2780
2742
2555
2250
2208
2375
2349
2273
2279
2439
2439
2378
2257
2030
1778
1470
1343
1218
1140
1228
1307
1248
1277
1395
1433
1494
1488
1532
1765
1592
915
242
-265
-469
-277
596
1883
3451
4779
5635
5961
5488
4514
3479
2364
920
-523
-1597
-2183
-2127
-1536
-454
894
2295
3397
3970
4240
4040
3295
2137
676
-721
-1961
-2890
-3262
-3117
-2580
-1588
-478
449
1360
2022
2399
2244
1599
704
-327
-1344
-2210
-2921
-3443
-3403
-2902
-2141
-1266
-411
444
1043
1287
1181
884
553
-119
-1028
-1863
-2560
-3117
-3279
-3041
-2575
-1954
-1456
-1069
-667
-476
-521
-696
-1008
-1390
-1798
-2093
-2317
-2436
-2378
-2151
-2023
-1655
-1189
-929
-926
-912
-705
-718
-999
-1336
-1601
-1730
-1880
-1960
-1833
-1593
-1344
-1047
-933
-854
-688
-622
-680
-745
-742
-1073
-1541
-2271
-3327
-4281
-5029
-5728
-6129
-6255
-6183
-5859
-5093
-4177
-3328
-2475
-1889
-1543
-1478
-1747
-2217
-3033
-3912
-4496
-4962
-5400
-5481
-5090
-4422
-3535
-2732
-1876
-1011
-352
-4
56
-9
-392
-1188
-1858
-2255
-2400
-2298
-2216
-1860
-1291
-551
53
774
1501
1887
2129
2182
2037
1875
1917
1902
1846
1733
1647
1827
2183
2480
2875
3372
3691
3716
3713
3639
3613
3703
3710
3563
3432
3344
3194
3158
3172
3274
3157
3059
3235
3198
3007
2765
2528
2378
2196
2079
2064
2119
2181
2351
2395
2320
2542
2635
2526
2181
1801
1268
578
401
651
1483
2595
3901
5283
6222
6659
6502
5778
4804
3645
2255
746
-499
-1237
-1298
-941
-54
1294
2702
3866
4600
4980
4879
4291
3315
2152
988
-348
-1453
-2147
-2252
-1663
-880
195
1360
2204
2883
3377
3448
2972
2324
1326
379
-435
-1203
-1728
-1925
-1662
-1102
-229
638
1406
1946
2331
2462
2253
1724
1034
290
-394
-1125
-1656
-1731
-1513
-1132
-701
-212
164
500
804
883
781
428
-125
-422
-718
-1015
-1180
-1178
-1122
-1091
-805
-438
-136
97
258
431
370
-22
-395
-599
-796
-848
-609
-369
-360
-212
-58
-56
19
164
232
198
241
231
153
-346
-1158
-2024
-2933
-3770
-4474
-4925
-5042
-4994
-4764
-4356
-3490
-2520
-1807
-1261
-728
-334
-326
-913
-1763
-2560
-3466
-4139
-4609
-4876
-4434
-3798
-2931
-2010
-1283
-562
212
770
791
589
166
-306
-778
-1414
-1754
-1823
-1726
-1361
-884
-409
409
1113
1663
2017
2199
2232
1948
1563
1268
1056
941
1087
1378
1736
2217
2554
2675
2593
2149
1650
1237
775
436
311
496
1022
1606
2198
2983
3729
4038
3827
3253
2346
1390
610
75
-113
109
663
1554
2891
4269
5356
6309
6687
6814
6354
5619
4879
4037
3361
2624
2168
2287
2689
3501
4926
6636
8295
9499
10144
9968
9030
7752
6214
4493
2812
1393
412
-19
238
1063
2319
3470
4451
5341
5819
5734
5152
4212
3092
1727
303
-919
-1764
-2262
-2027
-1273
-534
263
1216
2021
2381
2402
2336
2002
1281
198
-1081
-2187
-3035
-3530
-3732
-3469
-2779
-1944
-1197
-329
339
590
540
373
-3
-622
-1402
-2086
-2447
-2696
-2840
-2668
-2159
-1523
-774
-17
454
672
749
790
651
349
73
-19
60
121
268
357
517
1175
1628
1858
1938
2114
2044
1693
1373
969
653
607
567
474
416
539
697
927
1031
1065
1013
1037
1069
1067
1035
747
212
-436
-1193
-2114
-3052
-3835
-4598
-4919
-5121
-5045
-4476
-3827
-3151
-2443
-1814
-1361
-1110
-1203
-1653
-2332
-3100
-4075
-4888
-5500
-5861
-5755
-5310
-4607
-3749
-2710
-1954
-1435
-1022
-956
-1143
-1557
-2123
-2615
-3301
-3928
-4252
-4150
-4048
-3964
-3488
-2715
-1786
-962
-428
-162
107
247
-29
-403
-782
-1217
-1745
-2212
-2372
-2141
-1589
-1037
-233
534
1035
1339
1287
923
471
11
-592
-1193
-1445
-1453
-1405
-1289
-875
-289
151
393
533
460
152
-295
-936
-1670
-2504
-3197
-3439
-3253
-2850
-2553
-2189
-1692
-1278
-1082
-1266
-1894
-2951
-4099
-5226
-6077
-6209
-5407
-3843
-2155
-607
661
1406
1363
361
-808
-2295
-4127
-5977
-7472
-8261
-8452
-7877
-6724
-4971
-3139
-1656
-470
106
27
-617
-1584
-2922
-4498
-6070
-7204
-7660
-7508
-6823
-5562
-3998
-2696
-1631
-703
-24
160
-250
-920
-1848
-3043
-4210
-5068
-5467
-5278
-4556
-3677
-2735
-1657
-516
365
779
941
608
12
-642
-1193
-1805
-2349
-2677
-2829
-2658
-2308
-1683
-967
-331
227
547
478
236
64
-181
-788
-1272
-1593
-1650
-1499
-1520
-1364
-1026
-491
-30
149
27
-194
-417
-648
-880
-1067
-1064
-1052
-1081
-964
-620
-488
-249
72
224
524
726
749
761
674
426
42
-504
-1313
-2221
-3054
-3611
-3928
-3868
-3454
-2785
-2031
-1311
-461
503
1209
1562
1746
1610
1081
556
-84
-864
-1400
-1566
-1332
-834
-61
684
1654
2710
3396
3762
3921
3885
3640
3107
2582
1967
1516
1261
1070
1095
1488
1990
2471
3056
3684
4063
4278
4335
4167
3851
3555
3345
2988
2496
2368
2448
2532
2607
2869
3194
3504
3571
3735
3712
3542
3424
3101
2917
2902
2883
2816
2598
2518
2629
2757
2797
2803
2773
2579
2149
1878
1799
1576
1564
1582
1621
1518
1436
1592
1725
1858
2030
2155
2098
1881
1344
826
318
-4
16
637
1750
3160
4639
5677
6203
6160
5581
4549
3308
2083
907
131
-411
-522
-58
877
2229
3548
4714
5479
5639
5485
5153
4336
3104
1964
834
-128
-793
-906
-392
559
1612
2721
3797
4494
4810
4683
4259
3579
2693
1753
822
124
-383
-534
-208
421
1265
2126
3004
3497
3671
3734
3510
3087
2408
1744
1000
349
-52
-172
-173
115
571
1187
1689
2065
2351
2458
2397
2144
1729
1184
773
530
423
404
488
741
1009
1243
1393
1550
1694
1820
1840
1730
1451
1124
842
796
753
856
1148
1314
1665
1954
1966
2014
2079
2153
2292
2185
2050
1674
929
0
-915
-1500
-1951
-2540
-3014
-2853
-2427
-1943
-1199
-138
638
1168
1706
2040
1842
1255
550
-218
-715
-1192
-1767
-1948
-1815
-1187
-226
651
1492
2160
2585
2843
3004
2792
2195
1579
915
351
-100
-559
-650
-486
-141
545
1145
1574
1869
2117
2229
2089
1808
1483
1126
864
641
427
220
185
255
420
782
1120
1225
1230
1353
1390
1292
1188
1034
712
313
193
200
265
167
232
270
292
202
161
162
-141
-398
-622
-1002
-1140
-1069
-918
-889
-949
-922
-718
-508
-568
-716
-855
-1067
-1544
-2141
-2572
-2554
-1858
-583
1057
2598
3690
4217
4213
3608
2552
1032
-647
-2203
-3578
-4712
-4972
-4392
-3438
-2163
-572
883
1950
2576
2784
2453
1515
30
-1474
-2836
-4052
-5055
-5599
-5351
-4526
-3208
-1889
-743
270
834
1062
882
325
-594
-1747
-2945
-3974
-4739
-5026
-4859
-4290
-3339
-2362
-1466
-648
-69
224
190
-40
-487
-1393
-2270
-2769
-3269
-3662
-3681
-3451
-3028
-2632
-2174
-1525
-1035
-858
-909
-1243
-1633
-1939
-2021
-2145
-2281
-2232
-2018
-1802
-1557
-1099
-624
-300
-200
-241
-304
-429
-539
-668
-849
-877
-879
-813
-640
-418
-89
180
298
435
544
644
735
706
565
257
-185
-1012
-2103
-2923
-3458
-3879
-4234
-4412
-4184
-3450
-2426
-1589
-782
35
666
929
764
346
-259
-992
-1838
-2458
-2804
-3011
-2828
-2252
-1470
-669
227
1070
1758
2157
2302
2258
1824
1198
550
-171
-1001
-1309
-1164
-1072
-802
-382
105
620
1124
1465
1731
1786
1609
1267
901
666
490
333
186
74
133
405
788
1189
1512
1763
1937
1916
1635
1402
1186
1216
1304
1145
1145
1286
1411
1350
1323
1246
1171
992
829
772
622
534
393
300
183
94
92
117
361
478
471
698
724
832
731
504
260
-117
-51
603
