-5436
-5012
-4718
-4595
-4598
-4709
-4878
-4877
-5016
-5182
-5365
-5545
-5665
-5692
-5499
-5186
-5089
-5002
-4931
-4791
-4626
-4453
-4387
-4256
-4377
-4720
-5304
-5940
-6709
-7594
-8404
-9061
-9331
-9251
-9190
-8973
-8264
-7358
-6455
-5465
-4742
-4291
-4221
-4529
-5218
-6123
-6877
-7397
-7717
-7725
-7394
-6767
-5848
-4808
-3713
-2788
-2155
-1794
-1773
-1903
-2252
-2773
-3502
-4316
-4899
-5097
-4942
-4774
-4439
-3829
-3123
-2529
-2207
-2016
-1841
-2131
-2920
-4008
-4862
-5053
-4907
-4748
-4308
-3325
-1993
-945
-838
-1458
-2611
-4317
-6260
-8180
-10052
-11620
-12309
-12071
-11031
-9400
-7812
-6382
-5264
-4926
-5282
-6295
-7655
-9057
-10739
-12369
-13311
-13466
-12745
-10962
-8688
-6009
-3265
-1116
383
899
684
-42
-1220
-2393
-4019
-5707
-6430
-6142
-4904
-2647
151
2961
5433
7169
7885
7597
6353
4241
1648
-1321
-4106
-6560
-8093
-8354
-7618
-5977
-3892
-1622
596
1954
2420
2243
1249
-582
-3060
-5509
-7710
-9544
-10783
-11201
-10573
-9298
-7735
-5890
-4395
-3428
-3123
-3679
-4453
-5422
-7120
-9289
-11147
-12408
-13068
-13362
-13147
-12176
-10843
-9459
-8060
-6886
-6072
-5742
-5966
-6671
-7922
-9296
-10574
-11681
-12500
-12914
-12644
-12196
-11454
-10505
-9309
-8008
-6945
-6166
-5633
-5517
-5494
-5343
-5126
-4918
-4790
-4419
-4042
-3631
-3025
-2345
-1720
-1361
-1121
-1126
-1169
-1321
-1531
-1813
-2066
-2237
-2237
-2004
-1755
-1535
-1420
-1351
-1484
-1597
-1627
-1685
-1803
-1995
-2214
-2576
-3084
-3780
-4436
-5053
-5598
-5883
-6098
-6215
-5819
-5214
-4576
-4014
-3403
-2704
-2285
-2212
-2583
-3121
-3963
-5094
-5990
-6757
-7614
-8087
-8142
-7974
-7524
-7049
-6420
-5626
-4980
-4377
-4132
-4334
-4598
-4943
-5464
-5968
-6399
-6482
-6202
-5651
-5086
-4301
-3305
-2403
-1662
-950
-206
326
585
718
892
865
470
-314
-1203
-2389
-3663
-4702
-5357
-5305
-4285
-2758
-914
1034
2705
4007
4683
4579
3812
2574
692
-1436
-3267
-4170
-4193
-3549
-2001
34
2137
3949
5412
6261
6432
5841
4640
3230
1588
154
-973
-1539
-1165
-77
1552
3552
5380
6699
7655
8231
8446
8571
8698
8558
8363
8268
7874
7301
6648
5813
4812
3760
2606
1369
274
-548
-964
-963
-475
578
1908
3169
4187
4744
4851
4749
4182
3155
1952
669
-478
-1429
-2196
-2617
-2537
-2110
-1538
-1017
-468
-74
87
-87
-555
-1360
-2282
-3088
-3876
-4741
-5327
-5557
-5527
-5359
-5139
-4806
-4599
-4683
-4753
-4781
-4917
-5217
-5449
-5469
-5474
-5556
-5475
-5231
-4840
-4466
-4221
-4195
-4217
-4217
-4310
-4394
-4584
-4810
-5020
-5148
-4804
-4414
-4074
-3435
-2789
-2304
-1761
-1269
-982
-958
-1204
-1273
-1481
-1900
-2380
-2994
-3175
-3181
-3151
-3117
-2874
-2403
-1927
-1588
-1271
-1017
-917
-940
-1074
-1626
-2251
-3219
-4455
-5637
-6899
-8255
-9399
-10040
-10049
-9776
-9203
-8402
-7256
-6110
-5202
-4690
-4520
-4758
-5363
-6231
-7099
-8121
-9315
-10133
-10520
-10470
-10218
-9586
-8652
-7879
-7052
-6330
-5942
-5749
-5930
-6239
-6514
-6978
-7685
-8252
-8464
-8497
-8361
-8005
-7564
-6933
-6101
-5422
-4967
-4591
-4231
-4033
-3715
-3552
-3459
-3265
-3053
-2799
-2453
-2091
-1907
-1616
-1195
-980
-831
-708
-713
-944
-1152
-1267
-1417
-1768
-1659
-1284
-1354
-1363
-1282
-1255
-1164
-1260
-1369
-1583
-2001
-2139
-2183
-2455
-2617
-2681
-2785
-2812
-2674
-2421
-2274
-2171
-2127
-1897
-1860
-2099
-2602
-3405
-4212
-4504
-4121
-3247
-2004
-799
151
629
672
48
-1102
-2545
-4071
-5726
-7124
-8098
-8515
-8090
-7086
-5882
-4448
-3048
-2094
-1773
-1667
-2046
-3147
-4713
-6314
-7607
-8768
-9352
-9484
-9036
-7963
-6787
-5620
-4353
-3331
-2812
-2661
-3072
-3832
-4861
-6144
-7341
-8119
-8622
-8744
-8457
-7983
-7295
-6118
-5032
-4325
-3761
-3364
-3183
-3506
-4106
-5006
-5714
-6273
-6930
-7167
-7051
-6730
-6358
-5953
-5428
-4830
-4361
-4307
-4745
-5175
-5606
-6044
-6246
-6462
-6716
-6891
-6883
-6589
-6361
-5984
-5748
-5689
-5761
-5889
-6033
-6129
-6259
-6559
-6765
-6948
-7045
-6983
-6871
-6706
-6227
-5704
-5283
-5174
-5091
-5030
-5160
-5286
-5549
-5920
-6496
-7445
-8472
-9470
-10302
-10873
-11339
-11331
-10849
-10151
-9337
-8253
-7197
-6321
-5748
-5593
-5703
-6248
-7109
-7885
-8649
-9311
-9864
-10038
-9844
-9208
-8403
-7539
-6494
-5402
-4378
-3851
-3719
-3756
-4052
-4639
-5217
-5661
-5942
-6154
-6236
-5844
-5383
-4640
-3849
-3129
-2442
-1956
-1568
-1262
-1106
-1130
-1125
-1141
-1287
-1399
-1160
-873
-733
-432
-28
238
484
686
1027
1234
1117
1076
1046
956
943
1097
1064
883
876
883
947
751
461
478
375
64
-168
-143
-165
-320
-463
-480
-262
-73
51
117
129
147
205
299
-23
-727
-1380
-1582
-1733
-1543
-468
997
2355
3552
4345
4501
4239
3484
2330
936
-487
-1830
-2677
-3167
-3273
-2620
-1425
24
1539
2652
3292
3435
2958
2171
999
-315
-1469
-2587
-3686
-4074
-3694
-2965
-2060
-1077
48
1062
1662
1719
1546
1136
203
-1060
-2405
-3269
-3754
-3860
-3756
-3335
-2751
-2028
-1050
-272
264
293
-5
-314
-926
-1566
-2353
-3261
-3900
-4207
-4194
-3938
-3487
-2991
-2648
-2262
-1863
-1627
-1699
-1829
-2191
-2550
-3106
-3665
-3942
-3985
-3949
-3753
-3405
-2985
-2668
-2412
-2325
-2411
-2539
-2750
-2881
-2998
-3214
-3484
-3576
-3591
-3411
-3233
-2949
-2765
-2458
-2265
-2194
-2164
-2055
-2063
-2260
-2715
-3377
-4171
-5061
-6041
-6859
-7385
-7598
-7648
-7411
-6842
-6186
-5618
-5054
-4291
-3526
-3133
-3120
-3486
-4043
-4860
-5738
-6582
-7234
-7571
-7537
-7114
-6442
-5581
-4630
-3676
-3079
-2614
-2239
-2053
-2328
-2921
-3575
-3977
-4379
-4668
-4689
-4646
-4288
-3829
-3302
-2588
-1755
-1106
-754
-533
-598
-759
-819
-916
-1115
-1376
-1525
-1522
-1252
-682
-219
73
459
747
843
935
1037
1113
1124
1067
1090
1148
1003
902
896
857
764
581
432
304
275
276
121
-66
-212
-434
-607
-698
-581
-443
-470
-588
-619
-461
-413
-291
-530
-1143
-1827
-2495
-2703
-2437
-1642
-401
1133
2541
3308
3672
3503
2920
1822
452
-972
-2240
-3421
-4089
-4339
-3993
-3179
-1995
-528
572
1425
1805
1574
956
-99
-1528
-3021
-4252
-5138
-5676
-5698
-5223
-4287
-3268
-2157
-1109
-477
-291
-574
-1117
-1719
-2576
-3816
-4931
-5660
-6032
-6300
-5814
-4930
-4080
-3202
-2405
-1714
-1424
-1496
-1798
-2409
-3132
-4013
-4912
-5584
-5994
-6040
-5810
-5484
-5009
-4467
-4020
-3606
-3465
-3399
-3362
-3740
-4376
-4893
-5307
-5584
-5594
-5465
-5188
-4965
-4717
-4376
-4041
-3936
-4093
-4179
-4104
-4342
-4617
-4840
-5045
-5104
-5319
-5254
-5007
-4915
-4727
-4442
-4378
-4326
-4118
-4009
-4022
-4107
-4386
-4690
-5350
-6368
-7318
-8127
-8840
-9544
-9847
-9594
-9122
-8378
-7627
-6891
-6031
-5394
-4876
-4602
-4700
-5050
-5839
-6929
-7887
-8759
-9264
-9191
-8645
-7909
-7081
-6215
-5261
-4262
-3645
-3325
-3222
-3343
-3639
-4045
-4700
-5344
-5740
-5827
-5673
-5338
-4575
-3914
-3259
-2704
-1980
-1325
-1009
-911
-934
-1039
-1255
-1364
-1391
-1430
-1498
-1219
-743
-404
-83
217
715
971
1204
1255
1212
1180
1252
1105
1020
965
1101
1283
1238
1255
1243
1182
1135
997
799
523
277
192
148
13
-138
-120
111
331
593
685
641
739
798
619
194
-552
-1320
-1816
-1929
-1494
-483
739
2091
3283
4036
4092
3469
2519
1331
97
-1116
-2134
-2937
-3261
-2842
-1908
-893
376
1689
2464
2763
2853
2611
1570
311
-1048
-2335
-3373
-4026
-4073
-3601
-2642
-1627
-669
269
1058
1418
1505
1324
716
-152
-1249
-2351
-3263
-3742
-3890
-3772
-3063
-1971
-1046
-289
200
615
887
759
389
-218
-1044
-1910
-2798
-3416
-3674
-3540
-3267
-2670
-2149
-1666
-1300
-1123
-1054
-1187
-1414
-1733
-2251
-2797
-3109
-3274
-3460
-3389
-3103
-2864
-2608
-2174
-1943
-1900
-1899
-1985
-2169
-2511
-2783
-2941
-3018
-3052
-3076
-2961
-2819
-2676
-2488
-2434
-2386
-2128
-1986
-1928
-2020
-2393
-2768
-3261
-4110
-5053
-5876
-6622
-7073
-7368
-7382
-7215
-6754
-6083
-5189
-4239
-3411
-2880
-2762
-2892
-3318
-4021
-4702
-5468
-6140
-6666
-6826
-6671
-6277
-5500
-4536
-3613
-2662
-2007
-1541
-1334
-1471
-1917
-2493
-2903
-3103
-3351
-3706
-3756
-3504
-2981
-2278
-1512
-751
-57
441
666
784
730
603
429
107
-24
101
250
436
727
959
1323
1683
2058
2408
2485
2361
2287
2327
2349
2204
2033
1938
2033
2131
2004
1972
1992
1911
1929
1918
1891
1672
1319
981
759
838
875
822
873
968
962
945
1175
1218
1185
1038
819
398
-250
-679
-633
-150
872
2304
3768
4981
5536
5561
4962
3984
2579
897
-557
-1833
-2689
-3243
-3168
-2192
-1010
306
1791
2983
3756
3992
3615
2824
1623
120
-1339
-2847
-3829
-4056
-3916
-3269
-2312
-1114
-6
743
1165
1425
1343
724
-248
-1230
-2229
-3344
-4270
-4705
-4717
-4189
-3320
-2521
-1680
-993
-445
-124
22
-187
-792
-1530
-2283
-3190
-3923
-4420
-4546
-4284
-3823
-3360
-2939
-2631
-2419
-2220
-2192
-2253
-2414
-2918
-3504
-3948
-4194
-4136
-4005
-3731
-3442
-3103
-2605
-2413
-2249
-2292
-2434
-2552
-2679
-3017
-3253
-3407
-3309
-3168
-3204
-3063
-2858
-2402
-2180
-2108
-1983
-1739
-1588
-1821
-2231
-2838
-3319
-3945
-4865
-5804
-6575
-7113
-7547
-7793
-7931
-7412
-6523
-5786
-4686
-3719
-3084
-2897
-3106
-3365
-3912
-4659
-5496
-6435
-7240
-7664
-7691
-7235
-6598
-5622
-4456
-3641
-2943
-2480
-2200
-2174
-2413
-2914
-3608
-4260
-4608
-4873
-4998
-4818
-4330
-3824
-3285
-2680
-1833
-1119
-545
-251
-165
-111
-265
-573
-699
-771
-870
-843
-744
-379
117
528
796
886
1110
1418
1760
1813
1514
1406
1391
1355
1256
1176
1222
1253
1283
1295
1306
1338
1245
1005
866
975
826
566
438
283
195
286
515
526
662
868
943
831
587
132
-590
-1274
-1628
-1571
-932
254
1558
2840
3825
4273
4033
3320
2299
1063
-154
-1304
-2324
-3058
-3221
-2707
-1736
-485
760
2035
2857
3072
2984
2295
1315
19
-1439
-2679
-3632
-4272
-4408
-3905
-2894
-1663
-440
485
1078
1333
1398
875
26
-838
-1884
-2874
-3621
-4162
-4141
-3687
-2779
-1784
-1012
-184
505
659
519
419
180
-344
-1210
-2070
-2782
-3212
-3373
-3240
-2879
-2460
-1870
-1357
-980
-723
-718
-905
-1269
-1717
-2004
-2170
-2483
-2714
-2827
-2675
-2612
-2469
-2041
-1693
-1362
-1175
-1259
-1605
-1934
-2185
-2183
-2437
-2684
-2641
-2494
-2400
-2362
-2203
-1918
-1847
-1701
-1505
-1468
-1527
-1574
-1882
-2333
-2950
-3663
-4580
-5471
-6113
-6736
-6982
-6762
-6290
-5804
-5253
-4343
-3381
-2638
-2271
-2093
-2329
-2837
-3556
-4409
-5074
-5617
-6005
-6113
-5843
-5292
-4605
-3835
-2957
-2076
-1292
-696
-412
-710
-1169
-1557
-2013
-2507
-3012
-3337
-3255
-2821
-2216
-1649
-937
-195
531
879
1264
1413
1216
1112
1077
1012
1008
1064
925
906
1065
1411
1925
2502
2826
2987
3113
3051
3097
3100
3226
3137
2856
2820
2915
2813
2644
2604
2589
2622
2533
2278
2278
2309
1975
1855
1737
1622
1655
1697
1826
1908
1892
1857
1891
1905
1984
1907
1384
757
135
-269
-253
324
1421
2848
4085
5175
5887
5752
5115
4034
2888
1649
437
-614
-1567
-2012
-1887
-1027
369
1883
3022
3892
4384
4355
3785
2881
1891
725
-607
-1938
-2815
-3038
-2674
-1766
-612
519
1452
2276
2745
2762
2438
1765
791
-220
-1214
-2085
-2707
-2782
-2579
-2152
-1382
-388
493
1069
1542
1768
1556
1019
294
-454
-1261
-1882
-2397
-2577
-2423
-2255
-2003
-1626
-1130
-667
-369
-275
-267
-588
-1012
-1343
-1810
-2040
-2376
-2618
-2244
-1865
-1612
-1312
-1068
-800
-586
-643
-865
-1143
-1417
-1627
-1759
-1851
-1959
-1807
-1650
-1499
-1300
-1008
-916
-876
-761
-653
-493
-363
-586
-1102
-1772
-2607
-3556
-4486
-5367
-5955
-6297
-6283
-6038
-5684
-4796
-3740
-2984
-2347
-1778
-1517
-1664
-2000
-2555
-3239
-4004
-4841
-5319
-5448
-5227
-4837
-4193
-3424
-2565
-1621
-1001
-579
-372
-413
-665
-989
-1500
-2029
-2555
-2782
-2748
-2441
-1871
-1317
-669
-103
493
1192
1640
1764
1672
1554
1547
1423
1299
1221
1218
1400
1872
2205
2486
2742
3024
3404
3628
3729
3857
3864
3714
3517
3404
3256
3191
3114
3092
3361
3557
3476
3385
3152
3033
2952
2760
2618
2432
2240
2305
2339
2256
2100
2127
2327
2568
2642
2702
2634
2533
2037
1160
635
678
1108
1760
2926
4333
5699
6506
6541
6091
5132
3874
2542
1195
-64
-882
-1156
-1075
-398
731
2078
3370
4188
4603
4798
4446
3602
2506
1354
136
-942
-1859
-2317
-2183
-1478
-378
707
1630
2415
3013
3066
2733
2148
1459
495
-521
-1509
-2284
-2571
-2446
-1993
-1140
-193
583
1176
1662
1886
1857
1618
1129
417
-395
-1093
-1795
-2157
-2214
-2090
-1731
-1208
-664
-279
61
320
203
-16
-255
-660
-1218
-1655
-1761
-1931
-1973
-1874
-1535
-1196
-923
-582
-411
-355
-426
-644
-997
-1243
-1547
-1756
-1829
-1664
-1501
-1480
-1306
-940
-791
-753
-714
-615
-440
-352
-533
-1006
-1677
-2461
-3259
-4110
-5054
-5747
-6047
-6055
-5991
-5611
-4684
-3897
-3179
-2373
-1771
-1435
-1457
-1586
-2206
-3182
-4208
-5037
-5531
-5648
-5557
-5253
-4622
-3756
-2847
-1923
-1184
-586
-162
-119
-471
-918
-1479
-1970
-2514
-2936
-2942
-2579
-2053
-1403
-800
-293
416
985
1344
1472
1650
1744
1715
1514
1375
1180
1098
1246
1566
1924
2212
2426
2797
3150
3307
3376
3583
3599
3327
3104
2977
2855
2927
3053
3018
3048
3033
2994
3021
2959
2590
2370
2356
2218
1970
1831
1839
2038
1922
1751
1747
2029
2163
2048
1930
1945
1850
1471
863
252
-71
217
1077
2209
3463
4722
5712
6180
6020
5329
4147
2775
1533
307
-809
-1401
-1432
-1040
-267
1063
2512
3680
4374
4702
4583
3839
2699
1447
164
-1051
-2046
-2513
-2315
-1805
-1099
-91
1063
1954
2577
2949
2805
2348
1615
586
-414
-1309
-2176
-2799
-2754
-2133
-1459
-770
68
856
1476
1876
1907
1803
1430
729
-174
-1010
-1698
-2215
-2406
-2322
-1902
-1287
-863
-371
37
159
235
192
-68
-504
-1081
-1560
-1793
-1914
-1913
-1541
-1131
-832
-604
-396
-211
-136
-149
-223
-481
-740
-1030
-1258
-1339
-1275
-1246
-1228
-988
-811
-735
-546
-367
-122
34
-21
-210
-579
-1118
-1604
-2278
-3090
-3922
-4755
-5130
-5297
-5437
-5342
-4646
-3780
-2838
-1765
-964
-566
-582
-931
-1354
-1978
-2837
-3681
-4306
-4667
-4582
-4172
-3731
-3160
-2415
-1471
-659
12
530
593
382
-161
-591
-886
-1492
-1804
-1857
-1791
-1427
-720
-10
566
1125
1498
1913
2258
2300
1937
1495
1414
1433
1369
1397
1692
2005
2342
2550
2725
2641
2206
1469
809
538
204
170
644
1173
1959
2889
3547
3991
4099
3851
3407
2687
1858
976
382
124
174
871
2204
3611
4915
6002
6665
7005
6902
6469
5720
4886
4094
3476
2899
2419
2481
2983
3824
5211
6845
8310
9435
10073
10071
9392
8102
6371
4571
2929
1691
775
488
714
1417
2395
3629
4822
5741
6059
5929
5370
4226
3093
1902
547
-693
-1433
-1841
-1616
-1071
-125
861
1703
2437
2804
2986
2700
2094
1247
191
-921
-2087
-2929
-3255
-3201
-3072
-2627
-1582
-739
-135
404
803
896
582
74
-312
-875
-1455
-2165
-2783
-2725
-2283
-1735
-1050
-396
259
814
1136
1226
1137
932
718
258
111
50
140
319
667
993
1251
1552
1765
2039
2064
1963
1738
1465
1106
917
820
794
825
813
844
1001
1073
972
852
937
1211
1372
1275
1084
854
430
-264
-1222
-2170
-3095
-3892
-4503
-4851
-4877
-4656
-4225
-3563
-2735
-1974
-1378
-955
-776
-1048
-1598
-2223
-2961
-3899
-4668
-5119
-5420
-5647
-5360
-4656
-3597
-2514
-1777
-1288
-905
-834
-1101
-1436
-2052
-2731
-3329
-3696
-4063
-4172
-3896
-3440
-3090
-2405
-1588
-1058
-613
-260
-130
-150
-374
-648
-1039
-1710
-2306
-2578
-2466
-2031
-1410
-759
16
640
1089
1189
1123
925
590
147
-443
-934
-1332
-1588
-1524
-1108
-636
-88
491
801
1017
875
323
-195
-1003
-1734
-2313
-2800
-3202
-3285
-2891
-2264
-1700
-1337
-983
-789
-991
-1642
-2650
-3740
-4965
-5981
-6086
-5316
-3979
-2095
-367
766
1249
1143
422
-882
-2465
-4406
-6189
-7418
-8224
-8520
-7867
-6492
-4735
-2891
-1386
-288
143
16
-703
-1830
-3097
-4631
-6021
-6832
-7276
-7065
-6163
-4978
-3632
-2451
-1409
-471
190
355
-5
-865
-1861
-3003
-4010
-4818
-5125
-4916
-4374
-3352
-2099
-1023
-175
419
838
882
623
214
-609
-1286
-1938
-2478
-2762
-2689
-2437
-2109
-1616
-874
-224
193
376
463
308
-118
-582
-1111
-1431
-1646
-1762
-1751
-1628
-1361
-930
-593
-335
27
162
-38
-382
-689
-857
-844
-950
-1119
-1089
-945
-643
-231
-2
29
307
610
836
1065
1118
1013
746
203
-578
-1327
-2060
-2835
-3386
-3608
-3548
-3258
-2705
-2001
-1106
-110
711
1457
2010
2195
1890
1172
450
-144
-767
-1209
-1398
-1198
-814
-280
730
1877
2767
3394
3711
3946
4042
3705
3209
2758
2297
1869
1525
1338
1321
1577
2161
2735
3286
3813
4098
4172
4173
3978
3741
3447
3105
2780
2670
2731
2622
2627
2828
3090
3154
3208
3467
3743
3764
3573
3357
3268
3212
2984
2846
2842
2840
2767
2761
2829
2882
2920
3021
2935
2540
2325
2147
2053
1970
1882
1838
1805
1984
2113
2285
2445
2477
2456
2306
2055
1598
855
-54
-706
-975
-690
89
1231
2712
3796
4353
4500
4160
3481
2595
1586
639
80
-44
175
635
1528
2810
3786
4410
4942
5150
5039
4479
3429
2266
1246
337
-297
-380
-134
391
1197
2282
3477
4483
5161
5360
5046
4470
3805
3013
1989
1154
512
426
685
1075
1853
2682
3478
4152
4594
4890
4809
4338
3752
3048
2490
1822
1186
970
1114
1324
1480
1968
2418
3043
3503
3754
3775
3458
2990
2426
1923
1551
1286
1091
809
879
1118
1338
1349
1388
1547
1845
1878
1781
1631
1326
1199
969
845
908
923
950
1137
1364
1584
1637
1768
1990
2167
2216
2070
1913
1483
776
-163
-1021
-1624
-2172
-2647
-2975
-2931
-2570
-2035
-1310
-398
554
1203
1527
1544
1511
1242
666
-96
-873
-1392
-1816
-1766
-1403
-938
-50
823
1554
2423
3019
3378
3479
3079
2543
1805
1026
548
188
56
6
193
564
1057
1499
2054
2477
2644
2751
2628
2339
1994
1496
1143
936
730
574
647
782
912
1090
1392
1635
1688
1621
1563
1408
1360
1108
831
511
412
419
385
299
339
416
210
91
-10
-326
-526
-570
-688
-974
-1017
-1028
-1035
-1135
-972
-861
-877
-891
-961
-869
-873
-1239
-1638
-1683
-1450
-631
431
1797
3316
4401
5021
5434
5254
4271
2737
719
-1503
-3395
-4851
-5758
-6037
-5473
-4140
-2203
-16
1795
3253
4137
4204
3739
2558
974
-776
-2471
-4077
-5259
-5589
-5287
-4432
-3214
-1722
-416
609
1197
1363
996
222
-832
-1918
-3194
-4373
-5346
-5890
-5757
-5202
-4373
-3370
-2240
-1277
-535
-96
-170
-584
-1179
-1865
-2511
-3253
-3977
-4457
-4587
-4464
-4045
-3570
-3299
-2923
-2508
-2351
-2459
-2507
-2566
-2808
-2965
-3009
-3060
-2901
-2522
-2164
-1792
-1502
-1138
-871
-643
-463
-533
-788
-1048
-1401
-1489
-1432
-1381
-1187
-889
-478
-102
272
713
1021
1118
1266
1362
1313
1150
695
57
-825
-1949
-2892
-3492
-3808
-3959
-3888
-3361
-2783
-2081
-1171
-172
587
1120
1440
1399
855
42
-970
-2025
-2773
-3121
-3052
-2833
-2466
-1915
-1163
-340
499
1180
1541
1526
1470
1249
602
-307
-1177
-1652
-1815
-1995
-1778
-1473
-1082
-520
27
318
456
704
861
738
427
248
-263
-574
-570
-620
-430
-383
-232
132
384
601
754
902
1032
1141
1107
896
729
784
975
1043
1067
1067
1007
1057
1042
985
921
745
528
462
499
393
287
176
259
302
309
375
610
732
809
942
916
741
287
-352
-873
-1191
-1281
