-5464
-4967
-4619
-4395
-4122
-4137
-4301
-4602
-4807
-4963
-4988
-5189
-5289
-5103
-4918
-4853
-4766
-4480
-4122
-3925
-3673
-3546
-3632
-3676
-3909
-4306
-4874
-5515
-6331
-7120
-7942
-8543
-8725
-8862
-8688
-8105
-7286
-6362
-5418
-4676
-4221
-3876
-3853
-4143
-4788
-5648
-6585
-7320
-7758
-7709
-7321
-6601
-5856
-4982
-3979
-3123
-2514
-2183
-2032
-1967
-2358
-2974
-3698
-4340
-4849
-5189
-5342
-5267
-4860
-4202
-3540
-2906
-2528
-2392
-2397
-2810
-3426
-4103
-4938
-5519
-5454
-5203
-4545
-3532
-2136
-1057
-922
-1586
-2717
-4400
-6355
-8402
-10400
-11718
-12082
-11782
-10805
-9380
-7843
-6220
-5078
-4735
-5109
-6037
-7450
-9199
-10978
-12610
-13394
-13114
-12212
-10548
-8240
-5698
-3174
-1048
439
1178
998
177
-966
-2335
-3804
-5247
-6401
-6685
-5702
-3763
-1210
1706
4183
6089
7113
6903
5763
4034
1760
-703
-3100
-5216
-6478
-6969
-6729
-5658
-3786
-1677
107
1177
1568
1155
-82
-1889
-3940
-6221
-8241
-9749
-10661
-10857
-10362
-8942
-7066
-5482
-4467
-3692
-3329
-3690
-4553
-5847
-7519
-9358
-10881
-12007
-12717
-12843
-12465
-11468
-10098
-8545
-7138
-6080
-5445
-5344
-5627
-6198
-7332
-8650
-9995
-11204
-12028
-12411
-11993
-11310
-10332
-9297
-8180
-7071
-6012
-5243
-4775
-4581
-4507
-4710
-4919
-4789
-4684
-4332
-3908
-3520
-2976
-2435
-1863
-1427
-1038
-841
-1077
-1345
-1509
-1711
-1798
-2026
-2253
-2253
-2262
-2262
-2216
-2058
-2057
-2212
-2543
-2811
-2940
-3082
-3207
-3455
-3983
-4592
-5274
-5825
-6236
-6554
-6875
-6888
-6540
-6127
-5598
-4908
-4171
-3554
-3141
-3024
-3265
-3988
-4865
-5842
-6741
-7549
-8233
-8708
-8952
-8810
-8413
-7614
-6649
-5810
-5167
-4609
-4251
-4313
-4647
-5067
-5518
-5850
-6042
-6109
-6098
-5618
-4886
-4045
-3103
-2235
-1301
-639
-236
183
589
834
919
793
449
-373
-1319
-2362
-3403
-4457
-5311
-5293
-4126
-2306
-398
1313
2781
4022
4742
4692
3764
2127
62
-1850
-3326
-4292
-4407
-3640
-2150
-165
1858
3731
5193
6021
6083
5430
4185
2594
912
-674
-1732
-2020
-1653
-464
1317
3337
5161
6544
7219
7306
7213
7016
6760
6594
6687
6852
6890
6795
6552
6139
5403
4478
3455
2395
1335
350
-325
-524
-350
430
1528
2623
3593
4385
4790
4700
4063
3115
1926
609
-468
-1469
-2302
-2651
-2500
-2038
-1314
-624
97
663
848
766
392
-273
-1091
-2012
-3055
-3779
-4428
-4866
-4957
-4713
-4571
-4347
-4093
-3884
-3742
-3724
-3921
-4314
-4446
-4537
-4819
-5233
-5176
-4797
-4635
-4609
-4394
-4117
-3831
-3683
-3922
-4074
-4118
-4234
-4370
-4341
-4238
-4178
-3851
-3408
-3159
-2824
-2277
-1691
-1258
-1101
-1177
-1272
-1340
-1651
-2133
-2520
-2773
-2985
-3170
-3104
-2828
-2609
-2391
-2184
-1878
-1606
-1389
-1262
-1451
-1884
-2533
-3490
-4701
-5945
-7369
-8718
-9666
-10272
-10397
-10074
-9371
-8394
-7279
-6226
-5317
-4760
-4664
-4996
-5679
-6517
-7246
-8054
-8901
-9707
-10214
-10256
-9925
-9254
-8487
-7845
-7097
-6253
-5808
-5844
-6076
-6471
-6723
-7066
-7740
-8271
-8522
-8422
-8053
-7592
-6845
-6157
-5632
-4962
-4157
-3641
-3494
-3281
-3049
-2949
-2874
-2853
-2713
-2532
-2326
-1923
-1339
-833
-599
-461
-216
0
-55
-304
-667
-943
-1097
-1187
-1136
-1068
-1032
-1058
-1063
-1035
-1126
-1172
-1222
-1304
-1487
-1849
-2112
-2314
-2401
-2416
-2500
-2672
-2771
-2539
-2178
-1841
-1645
-1754
-1924
-2135
-2681
-3458
-4062
-4363
-3864
-2984
-1835
-600
480
1047
1064
344
-856
-2217
-3785
-5351
-6659
-7425
-7849
-7771
-6885
-5693
-4261
-2892
-1828
-1332
-1330
-1805
-2616
-3862
-5463
-7158
-8493
-9214
-9185
-8583
-7718
-6410
-5012
-3862
-2994
-2430
-2183
-2305
-3027
-4241
-5625
-6872
-7744
-8290
-8563
-8201
-7545
-6806
-5905
-5098
-4182
-3362
-2918
-2894
-3112
-3596
-4394
-5253
-6057
-6706
-6960
-6967
-6784
-6290
-5677
-5276
-4937
-4498
-4218
-4220
-4562
-5093
-5719
-6143
-6450
-6659
-6867
-6807
-6471
-6135
-5924
-5754
-5511
-5434
-5505
-5727
-5849
-6195
-6586
-6789
-6976
-6989
-6798
-6562
-6316
-6069
-5792
-5639
-5551
-5243
-5087
-5111
-5165
-5486
-5987
-6662
-7451
-8505
-9482
-10160
-10630
-10845
-10835
-10616
-10035
-9249
-8398
-7372
-6523
-5975
-5733
-5880
-6206
-6870
-7802
-8701
-9399
-9838
-9849
-9612
-9203
-8357
-7273
-6325
-5381
-4574
-4077
-3765
-3717
-3831
-4324
-4944
-5445
-5772
-5778
-5727
-5398
-5048
-4590
-3781
-3011
-2489
-2031
-1535
-1143
-816
-721
-983
-1155
-1337
-1299
-1166
-1082
-825
-482
-119
329
702
1029
1102
1080
1258
1297
1251
1161
1101
1038
940
693
659
751
849
847
708
476
94
-211
-277
-268
-436
-419
-274
-251
-308
-336
-214
96
350
404
428
279
5
-451
-1030
-1509
-1816
-1522
-500
939
2469
3783
4620
4825
4451
3681
2543
1192
-229
-1540
-2557
-3093
-3024
-2403
-1378
-161
1159
2369
3103
3258
3006
2276
1094
-120
-1479
-2752
-3529
-3717
-3467
-2992
-2054
-813
423
1273
1588
1594
1470
950
85
-961
-2177
-3216
-3958
-4240
-4022
-3620
-3144
-2130
-1123
-452
-198
11
204
-60
-823
-1642
-2388
-3067
-3759
-3965
-4037
-3950
-3564
-3168
-2807
-2324
-1754
-1424
-1514
-1796
-2101
-2565
-3023
-3406
-3528
-3638
-3781
-3711
-3560
-3310
-2916
-2512
-2045
-1998
-2275
-2620
-2873
-3028
-3142
-3448
-3643
-3566
-3318
-3049
-2903
-2568
-2353
-2186
-1972
-2036
-2030
-1934
-2029
-2382
-2990
-3847
-4769
-5575
-6486
-7257
-7595
-7738
-7671
-7284
-6713
-5797
-4757
-3863
-3318
-3085
-3194
-3580
-4268
-4972
-5751
-6551
-7194
-7568
-7628
-7198
-6565
-5860
-4855
-3837
-3031
-2405
-2208
-2379
-2558
-2912
-3508
-3941
-4397
-4694
-4918
-4988
-4609
-4014
-3142
-2468
-1933
-1383
-845
-660
-645
-843
-1067
-1133
-1248
-1341
-1211
-889
-733
-534
-178
234
728
1010
1084
1183
1285
1428
1372
1221
1106
1140
1121
1030
872
661
461
501
603
615
567
305
30
-36
-244
-447
-558
-547
-389
-394
-373
-63
-13
-122
-244
-426
-604
-955
-1628
-2335
-2744
-2490
-1694
-473
1041
2560
3573
3925
3658
2975
1983
635
-947
-2275
-3397
-4135
-4507
-4269
-3218
-1903
-556
612
1656
2111
1812
1049
17
-1140
-2533
-3922
-5078
-5756
-5840
-5270
-4465
-3294
-2153
-1207
-457
-98
-150
-440
-1151
-2268
-3570
-4710
-5596
-5887
-5817
-5334
-4551
-3759
-3044
-2367
-1785
-1441
-1312
-1448
-1991
-2841
-3832
-4594
-5151
-5643
-5834
-5721
-5312
-4786
-4202
-3676
-3334
-3194
-3260
-3377
-3593
-3896
-4347
-4869
-5118
-5147
-5133
-5137
-4967
-4585
-4159
-3875
-3633
-3698
-3728
-3881
-4152
-4320
-4485
-4693
-4925
-4947
-4757
-4487
-4349
-4150
-4028
-3863
-3593
-3343
-3320
-3526
-3744
-3893
-4340
-5259
-6197
-6946
-7781
-8677
-9340
-9524
-9354
-9056
-8497
-7633
-6576
-5588
-4778
-4221
-4151
-4547
-5100
-5806
-6667
-7587
-8370
-8774
-8678
-8352
-7881
-7081
-6028
-5128
-4313
-3517
-2987
-3029
-3302
-3487
-3829
-4412
-4878
-5236
-5412
-5107
-4765
-4316
-3647
-2972
-2345
-1612
-1230
-1040
-918
-925
-842
-874
-976
-1199
-1225
-1157
-1044
-837
-350
215
518
694
965
1115
1129
1245
1449
1606
1438
1273
1269
1246
1229
1093
1076
1094
1027
941
943
755
425
178
170
329
184
13
-41
-7
235
484
641
579
456
317
183
-147
-711
-1446
-2324
-2850
-2642
-1864
-740
514
1682
2366
2664
2475
1795
799
-180
-1149
-1967
-2531
-2552
-2217
-1570
-720
327
1401
2235
2603
2404
1755
700
-439
-1511
-2703
-3469
-3739
-3705
-3282
-2507
-1387
-221
714
1544
1901
1806
1467
833
154
-802
-1783
-2487
-2959
-2912
-2438
-1964
-1289
-304
621
1173
1348
1373
1092
625
4
-670
-1402
-2122
-2528
-2570
-2345
-2097
-1752
-1226
-643
-150
192
240
-10
-253
-693
-1315
-1914
-2333
-2773
-3169
-3233
-2897
-2556
-2420
-2273
-2027
-2101
-2219
-2168
-2167
-2304
-2774
-3260
-3526
-3605
-3469
-3331
-3218
-3119
-3091
-3073
-3009
-2625
-2471
-2438
-2625
-2906
-3282
-3857
-4583
-5327
-6196
-7011
-7707
-8194
-8288
-7740
-7228
-6641
-5724
-4697
-3872
-3418
-3224
-3254
-3649
-4276
-5120
-5911
-6480
-6803
-6944
-6807
-6445
-5519
-4374
-3342
-2546
-2010
-1549
-1240
-1185
-1360
-1777
-2261
-2750
-2928
-2969
-3037
-2923
-2566
-1777
-998
-303
342
906
1192
1266
1154
1091
973
874
736
671
755
811
907
1108
1358
1736
2112
2423
2616
2629
2527
2488
2434
2255
2131
2095
1969
1895
1845
1988
2083
2053
1895
1778
1543
1365
1111
897
775
637
519
630
615
617
701
799
803
694
725
880
834
482
300
220
432
1291
2561
4175
5561
6490
6936
6659
5789
4506
2953
1119
-824
-2517
-3674
-4070
-3734
-2659
-1039
749
2547
3919
4853
5351
4965
3993
2665
917
-948
-2484
-3667
-4381
-4436
-3865
-2841
-1651
-289
727
1477
2009
1910
1175
238
-1018
-2333
-3682
-4630
-5178
-5196
-4801
-4171
-3340
-2350
-1429
-738
-461
-423
-552
-925
-1585
-2370
-3291
-3865
-4178
-4400
-4522
-4493
-4155
-3795
-3378
-3114
-3033
-2951
-2836
-3209
-3652
-3859
-4092
-4069
-4005
-3734
-3472
-3123
-2726
-2417
-2201
-2184
-2224
-2186
-2242
-2338
-2669
-2893
-2915
-2926
-3089
-3017
-2617
-2136
-1722
-1500
-1324
-1122
-1040
-1021
-976
-1263
-1766
-2404
-3255
-4119
-4991
-5789
-6453
-6802
-6689
-6384
-5963
-5388
-4620
-3795
-2987
-2364
-1985
-1902
-2236
-2813
-3719
-4803
-5644
-6182
-6516
-6551
-6284
-5778
-5042
-4113
-3197
-2553
-2035
-1690
-1597
-1859
-2400
-2990
-3693
-4204
-4583
-4763
-4676
-4332
-3520
-2756
-2081
-1507
-1129
-692
-193
-168
-358
-403
-371
-522
-695
-798
-798
-382
-75
106
393
760
1153
1495
1778
2114
2004
1770
1606
1457
1544
1569
1611
1658
1820
1881
1804
1797
1678
1612
1661
1542
1202
926
754
754
743
836
1000
1030
1167
1356
1403
1345
1307
1152
736
152
-593
-1174
-1223
-775
48
1031
2007
2934
3371
3265
2614
1747
570
-628
-1626
-2654
-3356
-3553
-2912
-1719
-286
1206
2337
3072
3241
2988
2354
1285
65
-1308
-2553
-3578
-4342
-4545
-4095
-3114
-1862
-521
720
1515
1911
1867
1430
723
-103
-1116
-2160
-3038
-3466
-3497
-3082
-2218
-1334
-422
430
1091
1537
1635
1442
986
273
-555
-1395
-1913
-2194
-2357
-2309
-2058
-1688
-1144
-689
-208
291
496
366
140
-317
-670
-1025
-1507
-1695
-1745
-1703
-1734
-1673
-1219
-1128
-1045
-1043
-1059
-1214
-1498
-1626
-1934
-2230
-2460
-2504
-2411
-2303
-2265
-2140
-1773
-1586
-1585
-1426
-1343
-1327
-1614
-2110
-2737
-3324
-3847
-4558
-5403
-6537
-7190
-7345
-7275
-7092
-6607
-5646
-4428
-3401
-2713
-2459
-2452
-2539
-2976
-3659
-4342
-5246
-5939
-6356
-6250
-5805
-5202
-4363
-3402
-2399
-1601
-830
-331
-127
-209
-544
-848
-1419
-2025
-2352
-2335
-1955
-1560
-1132
-570
303
1130
1725
2110
2281
2373
2515
2554
2443
2204
2077
2222
2478
2684
2772
2896
3131
3537
3714
3837
4044
4270
4280
4113
4005
3976
3904
3780
3721
3831
3889
3796
3696
3668
3478
3310
3129
2826
2544
2457
2513
2553
2548
2356
2298
2355
2442
2528
2532
2612
2605
2503
2087
1523
988
571
482
1007
2168
3579
4852
5826
6524
6611
6016
4987
3738
2367
1153
222
-567
-960
-832
-2
1291
2487
3723
4667
5140
5258
4947
4190
3056
1676
358
-697
-1429
-1642
-1344
-526
541
1496
2374
3161
3705
3807
3499
2913
2077
875
-343
-1199
-1806
-1975
-1722
-1102
-389
340
1178
1968
2405
2406
2152
1876
1264
332
-558
-1195
-1638
-1892
-1914
-1824
-1578
-1050
-508
63
319
405
223
-296
-753
-1248
-1612
-1825
-1985
-2201
-2267
-2100
-1786
-1485
-1080
-763
-573
-567
-637
-766
-1053
-1353
-1597
-1744
-1824
-1743
-1634
-1479
-1220
-1145
-991
-691
-470
-408
-347
-455
-771
-1074
-1681
-2447
-3301
-4158
-4975
-5798
-6250
-6382
-6227
-5628
-4807
-3904
-3061
-2252
-1716
-1461
-1529
-1796
-2482
-3397
-4193
-4645
-5117
-5489
-5392
-4905
-4194
-3297
-2340
-1573
-889
-499
-434
-372
-624
-1202
-1910
-2431
-2786
-2990
-3006
-2882
-2466
-1963
-1260
-593
-147
457
981
1144
1030
1000
902
721
553
404
410
519
842
1265
1573
1926
2117
2353
2651
3007
3010
2889
2774
2545
2419
2431
2471
2611
2552
2534
2454
2429
2438
2450
2262
2012
1940
1765
1676
1538
1443
1410
1396
1481
1638
1773
1682
1677
1588
1504
1411
963
480
-102
-475
-207
724
2037
3471
4708
5591
5842
5536
4670
3564
2334
947
-280
-1280
-1936
-1973
-1313
-204
1093
2402
3467
4087
4450
4217
3356
2216
883
-410
-1549
-2606
-2944
-2630
-2041
-1180
-86
1007
1845
2220
2344
2210
1741
960
-39
-1143
-2224
-3100
-3547
-3208
-2562
-1887
-1050
-60
729
1035
1180
1299
1096
527
-215
-915
-1569
-2210
-2551
-2558
-2508
-2303
-1684
-1135
-662
-324
-220
-251
-393
-759
-1232
-1713
-2080
-2341
-2389
-2303
-1942
-1577
-1381
-1100
-745
-566
-554
-543
-663
-1040
-1382
-1518
-1657
-1838
-1864
-1775
-1659
-1349
-969
-675
-648
-679
-524
-263
-291
-868
-1323
-1567
-2201
-2969
-3795
-4676
-5403
-5930
-5972
-5670
-5360
-4923
-4102
-3086
-2260
-1711
-1399
-1281
-1454
-2007
-2841
-3693
-4420
-5003
-5454
-5515
-5140
-4601
-3706
-2643
-1653
-893
-494
-213
-174
-218
-544
-1010
-1372
-1820
-2398
-2595
-2344
-1888
-1232
-417
440
1074
1602
2082
2144
2169
2161
2085
2057
1852
1690
1591
1710
1960
2345
2870
3173
3421
3669
3798
3768
3847
3961
4005
3908
3800
3665
3540
3495
3493
3525
3572
3546
3533
3482
3320
3269
3134
2969
2739
2593
2465
2325
2384
2457
2677
2800
2817
2851
2828
2820
2726
2230
1611
1076
782
941
1539
2674
4065
5357
6368
6751
6534
5839
4877
3702
2129
737
-203
-825
-910
-445
416
1518
2942
4126
4866
5196
5048
4530
3548
2329
943
-335
-1251
-1823
-1826
-1513
-642
548
1631
2559
3182
3332
3278
3079
2444
1520
328
-765
-1453
-1731
-1806
-1636
-1037
-256
631
1481
2064
2459
2485
2211
1789
1203
538
-398
-1087
-1465
-1607
-1655
-1414
-958
-322
206
638
759
704
641
504
15
-314
-574
-942
-1316
-1423
-1224
-837
-568
-338
53
391
462
276
310
185
-90
-304
-568
-725
-705
-617
-450
-203
48
-41
5
147
290
397
377
340
15
-374
-1050
-2014
-2843
-3593
-4399
-5005
-5230
-5127
-4793
-4185
-3387
-2393
-1481
-884
-526
-588
-852
-1242
-1765
-2546
-3454
-4092
-4467
-4761
-4457
-3776
-2923
-2018
-1144
-307
322
669
869
679
284
-162
-595
-1056
-1404
-1566
-1444
-1150
-795
-297
476
1240
1807
2149
2186
2145
1981
1579
1222
1027
1096
1435
1778
2067
2551
2815
2743
2631
2335
1821
1256
800
524
476
812
1316
1991
2761
3470
4013
4141
3988
3491
2769
1891
915
264
-35
256
1068
2014
3141
4224
5387
6357
6796
6742
6395
5785
5046
4252
3572
3049
2670
2433
2752
3737
5159
6826
8518
9732
10371
10167
9321
8035
6439
4745
3235
1926
905
528
823
1434
2322
3578
4840
5756
6093
5875
5289
4367
3137
1704
276
-774
-1339
-1737
-1594
-1035
-276
712
1678
2340
2612
2640
2412
1990
1207
141
-1014
-1968
-2653
-3152
-3517
-3334
-2601
-1706
-907
-143
563
927
879
591
37
-543
-1068
-1637
-2144
-2563
-2604
-2340
-1871
-1203
-516
18
625
932
923
996
1013
774
542
385
169
177
232
482
787
1113
1570
1872
2008
2026
1894
1704
1452
1170
871
728
723
793
847
886
896
925
991
1170
1296
1318
1302
1057
789
532
206
-376
-1173
-1986
-2869
-3658
-4233
-4702
-5000
-4964
-4675
-4071
-3176
-2331
-1640
-1119
-935
-1135
-1697
-2432
-3199
-3946
-4659
-5232
-5580
-5677
-5194
-4506
-3660
-2514
-1539
-1020
-937
-999
-1131
-1553
-2111
-2614
-3208
-3717
-4095
-4377
-4335
-3868
-3178
-2443
-1734
-1203
-685
-361
-122
-16
-274
-628
-977
-1629
-2167
-2667
-2754
-2482
-1893
-997
-139
518
1039
1364
1397
1103
738
88
-524
-1020
-1425
-1601
-1564
-1324
-851
-86
520
742
791
655
406
-94
-894
-1776
-2540
-3015
-3209
-3364
-3161
-2587
-1948
-1462
-1111
-1017
-1184
-1705
-2694
-4034
-5272
-6065
-5874
-5131
-3831
-2090
-518
606
1257
1216
485
-837
-2435
-4115
-5875
-7346
-8199
-8322
-7774
-6496
-4727
-2896
-1344
-275
242
78
-510
-1520
-2927
-4630
-6121
-6971
-7239
-7016
-6306
-5195
-3798
-2299
-1065
-304
179
217
-183
-960
-1921
-2884
-3834
-4571
-5109
-5105
-4369
-3476
-2576
-1523
-425
441
911
1061
882
367
-337
-1036
-1646
-2255
-2614
-2602
-2305
-2006
-1615
-850
-85
372
581
564
497
115
-405
-892
-1166
-1307
-1420
-1507
-1527
-1400
-976
-418
116
298
335
342
204
-55
-389
-605
-679
-687
-681
-571
-631
-603
-219
106
396
752
1013
1179
1205
1185
870
247
-394
-1112
-1883
-2508
-2979
-3268
-3461
-3301
-2618
-1743
-831
154
877
1516
1982
2046
1737
1322
832
286
-315
-724
-1028
-984
-511
224
1202
1972
2808
3710
4253
4482
4487
4298
3739
3120
2746
2373
2014
1757
1815
2138
2494
3117
3682
4105
4306
4397
4533
4428
4126
3867
3588
3256
3020
2887
2699
2831
3079
3241
3547
3944
4062
3981
4031
4076
4066
3904
3617
3375
3159
3126
3094
3085
3163
3192
3218
3025
2799
2806
2913
2680
2348
2257
2296
2236
2209
2201
2252
2351
2373
2427
2365
2302
2313
2155
1745
1114
621
152
20
488
1444
2996
4556
5583
6021
6074
5708
4865
3807
2587
1370
621
179
142
676
1662
2694
3958
5117
5633
5708
5555
5106
4201
3167
2032
775
-261
-677
-423
92
1004
2298
3561
4426
4942
5112
5144
4749
4000
3044
2016
1018
300
154
335
689
1141
1875
2635
3338
4009
4362
4245
3912
3356
2786
2252
1658
1156
662
325
296
700
1282
1754
2222
2571
2816
2849
2767
2533
2131
1570
1095
703
566
741
945
1139
1392
1783
2034
2173
2156
2161
2114
1870
1610
1475
1363
1176
1175
1245
1410
1706
1978
2224
2431
2579
2679
2757
2593
2446
2334
1981
1375
479
-341
-1089
-1681
-2013
-2096
-1938
-1804
-1295
-607
151
1098
1866
2313
2320
2033
1467
884
272
-376
-955
-1316
-1413
-1214
-596
161
875
1580
2191
2751
3247
3524
3192
2466
1704
1020
346
-137
-272
-218
92
515
987
1448
1908
2291
2372
2286
2096
1829
1663
1464
1038
788
665
463
332
455
789
1196
1429
1465
1501
1510
1543
1394
1318
1138
946
869
840
768
658
448
493
721
779
641
395
246
243
-48
-364
-573
-729
-769
-702
-587
-543
-580
-642
-495
-435
-507
-484
-630
-972
-1535
-1805
-1656
-922
204
1566
3085
4298
4695
4516
3807
2590
980
-832
-2414
-3681
-4537
-4785
-4321
-3316
-1687
-83
1352
2544
3214
3296
2909
1935
586
-930
-2642
-4141
-5149
-5313
-4806
-3815
-2633
-1522
-354
639
1051
1014
949
538
-470
-1810
-2997
-3831
-4422
-4686
-4312
-3847
-3281
-2364
-1271
-318
211
559
592
369
-353
-1315
-2023
-2711
-3235
-3493
-3556
-3361
-2984
-2585
-2027
-1415
-1071
-883
-848
-1052
-1478
-1846
-2178
-2331
-2332
-2198
-1890
-1740
-1380
-871
-467
-343
-141
77
100
-262
-646
-912
-1031
-1025
-838
-883
-827
-468
-136
134
373
646
806
810
852
867
755
308
-236
-815
-1596
-2444
-3295
-3773
-3913
-3962
-3636
-3030
-2299
-1509
-677
64
721
1083
1104
736
-34
-965
-1812
-2365
-2834
-3036
-2812
-2385
-1791
-1005
-6
1126
1886
2031
2065
2048
1666
998
321
-358
-938
-1252
-1238
-1009
-752
-419
41
786
1279
1499
1648
1634
1541
1103
643
387
307
233
122
38
4
320
617
989
1367
1506
1582
1655
1664
1501
1415
1242
1051
967
1042
1208
1188
1256
1351
1454
1319
1297
1198
898
665
497
315
99
3
16
137
258
525
538
443
654
792
804
541
203
-150
-187
17
477
