-4939
-4513
-4081
-3830
-3842
-3912
-4041
-4091
-4246
-4580
-4820
-4970
-5102
-4898
-4687
-4425
-4034
-3689
-3693
-3568
-3227
-3144
-3234
-3244
-3200
-3557
-4340
-5261
-6198
-7059
-7731
-8279
-8569
-8499
-8164
-7517
-6699
-5773
-4992
-4235
-3405
-3235
-3352
-3744
-4409
-5320
-6213
-6905
-7256
-7201
-6847
-6158
-5274
-4444
-3468
-2478
-1775
-1599
-1561
-1811
-2228
-2863
-3472
-3972
-4583
-5058
-5070
-4894
-4592
-4007
-3346
-2856
-2635
-2483
-2317
-2556
-3181
-3937
-4789
-5449
-5513
-4960
-4312
-3328
-2062
-1234
-1131
-1586
-2609
-4099
-5884
-7875
-9810
-11115
-11835
-11836
-10685
-8998
-7277
-5921
-4913
-4385
-4651
-5698
-7081
-8760
-10720
-12313
-13153
-13016
-12037
-10444
-8220
-5648
-3220
-1021
594
1423
1244
500
-543
-1925
-3511
-5213
-6317
-6605
-6012
-4299
-1688
1120
3735
5890
7179
7172
6121
4493
2398
-55
-2522
-4664
-6208
-6780
-6315
-5112
-3528
-1808
-151
1004
1355
943
-113
-1785
-3819
-6008
-8101
-9810
-10725
-10700
-9881
-8389
-6927
-5527
-4160
-3264
-3217
-3533
-4172
-5488
-7122
-9006
-10658
-11725
-12378
-12526
-12103
-11118
-9682
-8197
-6909
-5866
-5171
-4988
-5461
-6270
-7243
-8633
-9878
-10845
-11590
-11906
-11745
-11066
-10079
-9075
-7884
-6615
-5481
-4742
-4266
-4010
-3906
-4113
-4407
-4336
-4081
-3806
-3486
-2915
-2369
-1887
-1279
-962
-832
-650
-715
-918
-1057
-1266
-1581
-1897
-2024
-1954
-1850
-1839
-1821
-1734
-1781
-2030
-2370
-2619
-2825
-2882
-3029
-3339
-3954
-4739
-5329
-5815
-6147
-6490
-6897
-6905
-6411
-5905
-5441
-4886
-4202
-3426
-2991
-3017
-3378
-4047
-4861
-5712
-6621
-7524
-8287
-8637
-8796
-8515
-7868
-7003
-6125
-5245
-4577
-4033
-3730
-3825
-4191
-4721
-5263
-5537
-5744
-5875
-5627
-5027
-4109
-3276
-2406
-1521
-639
-1
458
923
1246
1436
1550
1522
1216
392
-524
-1471
-2403
-3411
-4161
-4163
-3348
-1768
101
1824
3403
4651
5304
5216
4437
3054
1275
-595
-2343
-3520
-3836
-3151
-1943
-184
1943
3966
5557
6449
6567
5900
4707
3215
1622
93
-1114
-1562
-1226
-354
1343
3431
5202
6644
7450
7629
7386
6956
6597
6353
6535
6911
7020
6972
6723
6434
5886
4994
4005
2942
1810
741
38
-207
76
716
1635
2774
3737
4459
4779
4795
4334
3429
2343
1086
-164
-1282
-1873
-2065
-2098
-1597
-938
-148
719
1371
1529
1359
810
223
-684
-1611
-2390
-3247
-3989
-4337
-4317
-4390
-4219
-3876
-3593
-3483
-3468
-3283
-3395
-3701
-4035
-4208
-4432
-4740
-4783
-4655
-4416
-4199
-3932
-3713
-3542
-3316
-3325
-3644
-3892
-3894
-4042
-4087
-4129
-4173
-4032
-3697
-3224
-2561
-1884
-1431
-1197
-1068
-964
-988
-1342
-1842
-2124
-2441
-2805
-3233
-3499
-3479
-3252
-3036
-2732
-2285
-1956
-1787
-1568
-1546
-1637
-1998
-2765
-3741
-5129
-6473
-7668
-8888
-9977
-10640
-10640
-10421
-9820
-8896
-7728
-6515
-5506
-4834
-4681
-5028
-5719
-6492
-7295
-8274
-9332
-10140
-10539
-10454
-10051
-9235
-8406
-7557
-6728
-6051
-5807
-5693
-5819
-6114
-6712
-7562
-8133
-8552
-8912
-8909
-8694
-8034
-7279
-6593
-5977
-5271
-4707
-4328
-4048
-3891
-3695
-3590
-3516
-3401
-3298
-2891
-2513
-2102
-1767
-1519
-1325
-1047
-631
-469
-610
-879
-1145
-1421
-1756
-2065
-2215
-2134
-2186
-2229
-2072
-1972
-1825
-1789
-1994
-2251
-2618
-2857
-3166
-3399
-3416
-3390
-3484
-3544
-3537
-3313
-3098
-2942
-2819
-2647
-2682
-3019
-3445
-4122
-4754
-5138
-4760
-3672
-2397
-1032
-72
409
280
-359
-1477
-2935
-4591
-6081
-7268
-8307
-8975
-8546
-7366
-5911
-4515
-3375
-2424
-1834
-1815
-2235
-3210
-4556
-6170
-7732
-8872
-9503
-9612
-9241
-8241
-7091
-5887
-4762
-3647
-2781
-2545
-2887
-3686
-4791
-5819
-6899
-8010
-8752
-8964
-8722
-8140
-7273
-6314
-5276
-4307
-3728
-3458
-3518
-3864
-4350
-4946
-5895
-6647
-7106
-7422
-7476
-7123
-6544
-5909
-5466
-5276
-4988
-4790
-4720
-4833
-5087
-5397
-6033
-6526
-6769
-6829
-6767
-6546
-6323
-5862
-5514
-5532
-5572
-5636
-5707
-5858
-6118
-6423
-6591
-6702
-6866
-6851
-6544
-6249
-5831
-5350
-5183
-5101
-4902
-4739
-4718
-4757
-5008
-5488
-6168
-7133
-8262
-9399
-10150
-10630
-10900
-10952
-10342
-9558
-8899
-7861
-6804
-5883
-5158
-4903
-5066
-5488
-6390
-7330
-8279
-9151
-9650
-9740
-9416
-8600
-7558
-6551
-5648
-4795
-3879
-3365
-3169
-3112
-3284
-3803
-4462
-4935
-5281
-5561
-5537
-5327
-4736
-4093
-3379
-2478
-1652
-1086
-835
-843
-586
-548
-803
-885
-827
-875
-932
-796
-436
-78
289
620
948
1240
1313
1514
1761
1791
1645
1511
1454
1302
1265
1247
1309
1369
1170
1013
1018
909
698
574
533
441
232
39
-81
-145
141
399
531
609
642
886
911
824
603
70
-660
-1165
-1064
-502
424
1871
3206
4434
5195
5378
5157
4306
2863
1367
22
-1118
-2130
-2711
-2770
-2181
-865
702
2133
3242
3782
3934
3528
2723
1626
424
-744
-1966
-2977
-3393
-3122
-2392
-1432
-289
840
1748
2272
2429
2265
1684
618
-500
-1607
-2645
-3439
-3839
-3662
-3163
-2437
-1469
-635
80
428
664
852
395
-280
-970
-1822
-2752
-3505
-3926
-3882
-3623
-3262
-2805
-2345
-1791
-1604
-1454
-1412
-1422
-1600
-2073
-2635
-3105
-3287
-3386
-3421
-3191
-2765
-2355
-2006
-1741
-1577
-1616
-1807
-2063
-2151
-2166
-2420
-2825
-3120
-3124
-2836
-2680
-2646
-2438
-2245
-2048
-1929
-1815
-1720
-1667
-1888
-2377
-2982
-3843
-4773
-5703
-6525
-7199
-7651
-7665
-7440
-7105
-6403
-5442
-4543
-3719
-3250
-3058
-3104
-3419
-4042
-4834
-5903
-6730
-7269
-7654
-7575
-7056
-6251
-5283
-4335
-3444
-2807
-2485
-2142
-1972
-2192
-2686
-3356
-4044
-4563
-4768
-4753
-4500
-4025
-3440
-2765
-2112
-1498
-872
-672
-648
-628
-736
-707
-825
-1092
-1226
-1221
-925
-719
-680
-333
151
519
933
1190
1243
1200
1174
1023
996
1027
927
910
1014
1057
1018
817
647
497
364
257
162
-34
-331
-478
-580
-718
-833
-780
-609
-435
-420
-481
-489
-576
-504
-397
-964
-1864
-2525
-2798
-2469
-1577
-383
1042
2450
3479
3951
3845
3159
2064
693
-949
-2486
-3674
-4469
-4608
-4208
-3226
-1822
-609
546
1482
1806
1544
967
-85
-1636
-3117
-4382
-5319
-5999
-6199
-5887
-4954
-3547
-2028
-1024
-399
-145
-257
-741
-1524
-2507
-3608
-4834
-5734
-6322
-6415
-5963
-5126
-4058
-3187
-2478
-1875
-1405
-1292
-1598
-2250
-3119
-3925
-4655
-5286
-5846
-6118
-6217
-5964
-5439
-4878
-4208
-3826
-3548
-3342
-3472
-3676
-3920
-4455
-4796
-4977
-5225
-5211
-4931
-4827
-4724
-4326
-3966
-3929
-3835
-3672
-3664
-4087
-4520
-4833
-5031
-5108
-5125
-5091
-4924
-4831
-4672
-4385
-4068
-3916
-3734
-3490
-3556
-3918
-4377
-4882
-5472
-6308
-7479
-8533
-9131
-9591
-9829
-9589
-9047
-8193
-7324
-6582
-5773
-4934
-4564
-4438
-4577
-5106
-5968
-6866
-7674
-8412
-8846
-9119
-8726
-7949
-7016
-6112
-5182
-4348
-3778
-3244
-2924
-2965
-3299
-3923
-4767
-5278
-5483
-5541
-5429
-5000
-4391
-3588
-2838
-2071
-1314
-923
-634
-497
-531
-644
-755
-835
-943
-907
-861
-708
-355
201
729
1040
1312
1676
1902
1779
1756
1785
1783
1693
1505
1453
1727
1846
1905
1902
1715
1607
1777
1673
1394
1251
1071
950
832
648
673
865
924
764
716
869
903
942
1003
890
454
-317
-1142
-1872
-2294
-2102
-1250
-81
1218
2271
2955
3041
2705
2101
1140
175
-796
-1624
-1941
-1837
-1495
-940
16
1125
2119
2895
3207
2882
2196
1198
87
-958
-1980
-2794
-3309
-3094
-2521
-1660
-496
668
1549
2244
2717
2748
2412
1757
871
-206
-1356
-2230
-2568
-2482
-2116
-1346
-384
606
1460
2083
2559
2527
2010
1419
795
-15
-763
-1392
-1776
-1797
-1770
-1583
-1122
-558
-33
414
628
708
694
299
-367
-1001
-1599
-2186
-2362
-2422
-2457
-2442
-2360
-2202
-1895
-1717
-1751
-1750
-1733
-1905
-2220
-2724
-3098
-3246
-3332
-3240
-3076
-2878
-2627
-2541
-2306
-2156
-2138
-2028
-2040
-2340
-2643
-2943
-3517
-4544
-5696
-6473
-7064
-7653
-7993
-8231
-7967
-7334
-6541
-5614
-4598
-3769
-3233
-2932
-3084
-3719
-4322
-5029
-5731
-6445
-6879
-6950
-6828
-6284
-5536
-4542
-3613
-2703
-1761
-1150
-894
-960
-1234
-1755
-2503
-3141
-3312
-3304
-3432
-3081
-2431
-1756
-987
-362
93
583
793
1048
1236
1133
937
627
294
183
313
588
825
968
1198
1469
1795
2018
2205
2198
2258
2128
1977
1966
1886
1688
1674
1631
1623
1584
1422
1351
1256
1064
880
835
683
369
213
115
60
-1
-36
94
193
342
379
383
449
543
358
-82
-193
-3
574
1418
2565
4099
5576
6528
6983
6831
5811
4275
2612
509
-1571
-3163
-4331
-4829
-4560
-3553
-1870
241
2263
4020
5057
5420
4954
3885
2284
305
-1648
-3348
-4573
-5279
-5252
-4543
-3508
-2285
-877
451
1293
1463
1216
682
-204
-1316
-2726
-4185
-5372
-6078
-6157
-5700
-4813
-3784
-2793
-1978
-1301
-727
-580
-782
-1336
-2171
-2946
-3645
-4340
-4975
-5373
-5497
-5458
-5118
-4648
-4235
-3956
-3654
-3501
-3524
-3651
-3899
-4231
-4391
-4346
-4451
-4355
-3868
-3365
-2917
-2570
-2385
-2410
-2296
-2304
-2700
-3062
-3231
-3360
-3387
-3170
-2837
-2745
-2567
-2189
-1789
-1625
-1464
-1160
-965
-882
-1019
-1409
-1919
-2535
-3241
-4276
-5572
-6555
-6925
-7074
-7139
-6746
-6148
-5429
-4609
-3816
-3036
-2155
-1778
-1962
-2484
-3294
-4308
-5377
-6369
-6943
-7191
-7089
-6626
-6157
-5506
-4417
-3447
-2527
-1899
-1822
-2026
-2406
-2860
-3490
-4183
-4795
-5261
-5365
-5136
-4675
-3966
-3228
-2597
-1916
-1403
-954
-601
-600
-670
-686
-747
-1007
-1214
-1281
-1178
-842
-328
-62
262
476
767
1125
1450
1713
1733
1566
1491
1484
1542
1627
1664
1677
1835
1742
1607
1535
1606
1554
1217
964
976
952
745
645
771
836
866
1069
1118
1162
1298
1479
1526
1293
752
-4
-977
-1577
-1583
-1195
-425
759
2006
2988
3534
3417
2758
1765
531
-732
-1888
-2836
-3388
-3435
-2838
-1594
-189
1228
2487
3227
3408
3106
2351
1359
-30
-1624
-3090
-4294
-4954
-4855
-4131
-3136
-1926
-611
496
1311
1774
1958
1815
1196
97
-1151
-2117
-2829
-3182
-3030
-2744
-2104
-1243
-246
663
1389
1851
1833
1704
1383
820
-52
-874
-1558
-2041
-2319
-2152
-1751
-1247
-693
-160
294
636
768
655
293
-64
-501
-926
-1186
-1299
-1461
-1523
-1426
-1277
-1048
-980
-888
-857
-851
-1191
-1606
-1904
-2198
-2236
-2261
-2394
-2503
-2498
-2125
-1796
-1746
-1628
-1399
-1397
-1399
-1511
-1619
-2025
-2473
-3271
-4276
-5308
-6233
-6797
-7327
-7630
-7622
-7193
-6455
-5711
-4877
-3858
-2984
-2513
-2456
-2700
-3170
-3860
-4644
-5475
-6135
-6365
-6261
-5913
-5422
-4560
-3386
-2325
-1629
-980
-356
49
-77
-559
-1083
-1519
-2027
-2391
-2449
-2341
-1917
-1329
-724
234
1083
1695
2232
2522
2643
2638
2524
2502
2385
2149
1990
2132
2285
2482
2816
3086
3311
3708
3994
4129
4126
4068
3965
3967
3789
3598
3440
3404
3446
3416
3476
3417
3182
2973
2903
2883
2740
2620
2480
2268
2133
2089
2113
2052
2218
2229
2102
2019
2071
2074
2082
1884
1377
749
142
46
571
1721
3183
4660
5809
6227
6173
5860
5093
3728
2161
691
-460
-1231
-1552
-1161
-346
849
2292
3538
4520
5013
5127
4799
3811
2475
1136
-99
-1208
-1927
-2185
-1872
-1040
-33
1057
2063
2820
3444
3541
3089
2306
1384
393
-769
-1776
-2377
-2661
-2333
-1538
-754
166
1045
1693
2144
2314
2089
1599
940
21
-869
-1648
-2071
-2230
-2472
-2420
-2023
-1496
-938
-439
-215
-223
-322
-556
-941
-1384
-1731
-2071
-2245
-2243
-2267
-2165
-1988
-1594
-1064
-869
-879
-1024
-1135
-1192
-1472
-1777
-1921
-2054
-2069
-2029
-1964
-1821
-1567
-1459
-1280
-1056
-912
-789
-627
-637
-1040
-1697
-2435
-3188
-4007
-4809
-5548
-6162
-6617
-6628
-6399
-5811
-4904
-4026
-3126
-2423
-1966
-1645
-1664
-2122
-2731
-3455
-4378
-5261
-5861
-6041
-5808
-5265
-4495
-3613
-2595
-1711
-931
-465
-380
-601
-909
-1273
-1923
-2543
-3085
-3380
-3318
-3043
-2504
-1982
-1409
-678
82
616
962
1256
1249
1090
977
904
757
534
550
791
1020
1274
1762
2176
2543
2576
2556
2791
2908
2989
2914
2754
2690
2599
2478
2472
2476
2413
2541
2588
2512
2546
2381
2111
2050
1872
1596
1561
1613
1774
1842
1891
1854
1877
1922
1877
1807
1845
1737
1405
684
16
-115
275
1194
2357
3674
4979
5940
6180
5750
4840
3728
2488
1035
-291
-1209
-1688
-1655
-1226
-272
1119
2613
3733
4448
4605
4339
3531
2425
961
-546
-1784
-2686
-3002
-2654
-1953
-1057
-45
1089
1924
2650
2889
2644
2001
1080
58
-1057
-2031
-2776
-3182
-3191
-2644
-1787
-944
-153
611
1226
1623
1635
1282
671
-170
-1037
-1742
-2304
-2643
-2810
-2574
-2104
-1638
-1121
-652
-195
128
-38
-277
-651
-1038
-1330
-1705
-2207
-2283
-1997
-1646
-1435
-1216
-893
-522
-284
-255
-369
-500
-678
-1047
-1388
-1626
-1525
-1458
-1378
-1246
-969
-662
-501
-429
-302
-235
-208
-368
-668
-1115
-1713
-2465
-3262
-4097
-4923
-5687
-5975
-6083
-5943
-5333
-4641
-3869
-2999
-2318
-1764
-1376
-1404
-1591
-2074
-2829
-3626
-4432
-4912
-5170
-5150
-4819
-4222
-3390
-2446
-1449
-464
208
283
50
-12
-413
-1067
-1490
-1731
-1959
-2096
-1908
-1562
-1102
-530
116
934
1680
2039
2237
2307
2173
2090
2094
2193
2125
2027
2016
2159
2421
2764
3317
3966
4217
4256
4334
4265
4124
4068
3984
3925
3749
3665
3796
3954
3930
3792
3811
3758
3640
3433
3234
3109
2999
2812
2612
2469
2460
2576
2577
2591
2766
2842
2724
2684
2814
2782
2301
1642
1019
752
1069
1838
3060
4428
5556
6416
6854
6829
6185
5052
3604
2219
951
-133
-885
-1138
-711
300
1701
3216
4513
5380
5626
5197
4470
3555
2408
1030
-412
-1550
-1969
-1716
-1222
-453
609
1619
2356
3052
3517
3630
3256
2497
1469
341
-750
-1472
-1715
-1660
-1498
-1059
-252
715
1510
2139
2517
2627
2448
1874
1086
331
-458
-1076
-1387
-1681
-1834
-1530
-848
-146
295
505
697
817
692
385
9
-538
-1040
-1122
-1079
-1239
-1164
-962
-602
-192
95
180
191
211
245
199
-39
-296
-446
-707
-787
-786
-669
-415
-162
73
150
182
225
261
292
122
-222
-758
-1458
-2186
-3052
-4091
-4802
-5173
-5242
-5299
-5021
-4442
-3568
-2604
-1694
-1050
-634
-390
-692
-1267
-1949
-2836
-3762
-4506
-4838
-4708
-4316
-3718
-3016
-2331
-1299
-316
182
511
797
675
353
-188
-920
-1467
-1845
-2135
-2144
-1766
-1150
-480
203
835
1421
1840
1986
1959
1722
1341
902
676
800
1025
1302
1671
2111
2525
2649
2457
1986
1464
775
354
73
-79
262
910
1591
2345
3100
3761
3958
3643
3067
2312
1452
467
-170
-289
56
824
1819
3044
4058
5038
6000
6510
6623
6188
5341
4457
3654
3013
2497
1999
1933
2484
3543
5135
6861
8253
9238
9782
9667
8995
7782
6274
4531
2783
1319
357
113
420
1103
2241
3508
4753
5618
5783
5623
5051
4085
2857
1381
29
-1143
-2085
-2416
-2070
-1640
-971
22
1035
1961
2447
2478
2273
1663
841
-165
-1198
-2166
-2926
-3371
-3483
-3364
-2914
-1950
-1057
-393
321
841
1061
728
107
-787
-1700
-2321
-2602
-2611
-2520
-2394
-2012
-1337
-606
-98
334
711
836
936
925
553
34
-253
-277
-178
106
402
712
966
1338
1778
2056
2086
1919
1592
1377
1095
812
540
455
546
660
706
757
739
955
1149
1174
1181
1131
1022
919
592
31
-636
-1288
-2215
-3300
-4142
-4651
-4903
-5031
-4860
-4400
-3837
-3041
-2296
-1579
-976
-715
-873
-1365
-2100
-3113
-4117
-4817
-5356
-5493
-5472
-4881
-4081
-3216
-2162
-1413
-891
-604
-693
-1063
-1466
-1866
-2501
-3195
-3727
-3989
-3975
-3739
-3243
-2523
-1778
-1186
-590
-184
29
234
318
90
-260
-720
-1254
-1715
-2222
-2295
-1898
-1191
-409
277
900
1466
1780
1833
1587
1102
557
2
-574
-972
-1217
-1237
-895
-303
210
682
1035
1321
1209
690
99
-603
-1334
-1998
-2557
-2810
-2901
-2850
-2460
-1820
-1265
-955
-855
-871
-1300
-2411
-3743
-4902
-5692
-5635
-4889
-3522
-1714
72
1403
1872
1552
655
-755
-2377
-4142
-5980
-7455
-8251
-8311
-7621
-6289
-4537
-2712
-1162
-87
385
295
-296
-1377
-2886
-4570
-5926
-6954
-7507
-7281
-6366
-5054
-3516
-2077
-927
-99
392
393
-194
-1078
-2008
-2981
-4019
-4659
-4926
-4897
-4329
-3375
-2324
-1190
-66
725
938
929
776
288
-376
-1105
-1676
-2228
-2675
-2643
-2402
-2007
-1419
-877
-363
116
386
418
200
-81
-386
-710
-1078
-1411
-1636
-1588
-1423
-929
-588
-286
115
275
318
383
158
-184
-453
-701
-971
-1127
-992
-726
-521
-230
28
293
605
769
875
924
818
709
579
182
-603
-1493
-2212
-2786
-3304
-3604
-3547
-3402
-3122
-2236
-1120
-148
674
1356
1878
2117
1830
1212
478
-274
-641
-899
-1116
-1142
-914
-65
922
1976
3156
3995
4411
4466
4284
4050
3735
3323
2725
2056
1683
1575
1593
1885
2266
2906
3475
3995
4380
4647
4615
4366
3968
3548
3178
2931
2945
3026
2946
2966
3044
3207
3418
3589
3721
3827
3829
3725
3633
3420
3238
3127
3125
3089
2989
2959
2980
2875
2673
2656
2746
2647
2366
2132
1999
1911
1942
2001
1835
1707
1848
2076
2205
2152
2253
2260
2207
2146
1744
1061
403
34
193
952
2255
3653
5017
6055
6432
6376
5814
4817
3708
2478
1154
81
-600
-429
160
1208
2653
3974
5010
5775
5932
5764
5169
4172
2874
1639
490
-458
-798
-726
-105
838
1859
2994
3984
4627
4881
4806
4407
3669
2741
1783
923
190
-331
-432
-220
458
1311
2145
3015
3628
3961
3926
3581
3040
2267
1554
775
153
-166
-243
-17
508
1091
1587
1869
2153
2341
2390
2315
1900
1478
1068
858
705
610
506
589
839
1104
1425
1863
2099
2072
1986
1966
1934
1728
1469
1233
1114
990
1076
1221
1444
1645
1870
1990
2136
2474
2622
2543
2441
2208
1748
1057
260
-613
-1433
-2002
-2498
-2831
-2827
-2444
-1852
-892
89
978
1619
1918
1964
1829
1262
528
-148
-806
-1500
-2041
-2134
-1593
-939
-195
700
1602
2249
2591
2881
2756
2385
1809
1061
489
-41
-475
-815
-736
-355
9
436
945
1454
1861
2164
2188
1977
1738
1396
997
601
250
-30
-18
57
252
409
545
866
1163
1287
1403
1342
1088
976
939
790
512
436
493
434
373
224
282
333
152
-18
-297
-464
-663
-858
-963
-1143
-1153
-984
-856
-897
-772
-640
-606
-682
-749
-788
-1065
-1697
-2328
-2525
-2287
-1651
-458
975
2315
3535
4058
4010
3435
2470
1135
-545
-2189
-3563
-4431
-4726
-4362
-3439
-2174
-631
943
2265
2946
2919
2297
1319
68
-1310
-2847
-4115
-4956
-5250
-4908
-4045
-2837
-1573
-458
285
718
1111
1028
405
-542
-1794
-2904
-3774
-4499
-4760
-4515
-3839
-2952
-2039
-1125
-337
314
487
373
-20
-468
-1103
-2025
-2616
-2890
-3316
-3524
-3257
-2789
-2287
-1845
-1483
-1036
-814
-740
-956
-1347
-1773
-2099
-2281
-2261
-2259
-2022
-1654
-1138
-678
-631
-308
-40
-62
-142
-242
-420
-560
-835
-1000
-1001
-956
-753
-393
-118
200
412
664
943
1002
999
888
619
248
-454
-1272
-2157
-3055
-3787
-4092
-4305
-4411
-4072
-3483
-2732
-1690
-702
162
749
1028
962
537
-216
-1046
-1837
-2585
-2952
-3129
-3125
-2566
-1552
-636
146
900
1537
1995
2191
2148
1700
888
19
-647
-1054
-1299
-1377
-1274
-870
-352
142
636
1142
1533
1782
1728
1437
1024
716
611
610
461
300
270
403
616
857
1157
1493
1642
1664
1719
1719
1469
1201
1273
1204
1125
1172
1137
1116
1179
1286
1177
914
790
776
781
649
403
281
173
98
-8
67
155
127
309
415
269
223
307
375
204
-202
-246
112
676
