-5044
-4718
-4329
-4011
-3846
-3737
-3969
-4316
-4430
-4538
-4721
-4881
-4871
-4604
-4430
-4250
-3992
-3815
-3699
-3530
-3292
-3066
-2814
-2990
-3282
-3557
-4179
-5035
-5991
-6814
-7431
-7993
-8337
-8279
-8005
-7343
-6470
-5442
-4529
-3896
-3542
-3362
-3430
-3838
-4468
-5283
-6183
-6872
-7188
-7350
-7181
-6544
-5706
-4798
-3818
-2915
-2179
-1678
-1657
-1922
-2453
-2922
-3479
-4233
-4916
-5202
-5120
-4784
-4189
-3533
-3244
-2917
-2470
-2251
-2406
-2946
-3666
-4474
-5302
-5603
-5556
-5184
-4492
-3500
-2165
-1056
-738
-1389
-2603
-4256
-6209
-8219
-9937
-11226
-11810
-11575
-10613
-9132
-7401
-5795
-4819
-4508
-4560
-5344
-6758
-8668
-10377
-11667
-12641
-12742
-12006
-10257
-7676
-5009
-2637
-744
795
1555
1597
911
-340
-1677
-3264
-5043
-6390
-6839
-6154
-4494
-2138
669
3445
5392
6450
6606
5760
4100
2155
12
-2474
-4470
-5868
-6540
-6100
-5012
-3584
-2068
-633
420
817
483
-585
-2160
-4031
-6024
-7876
-9235
-9895
-9893
-9331
-8171
-6757
-5311
-4099
-3310
-3190
-3604
-4362
-5732
-7465
-9162
-10528
-11597
-12415
-12485
-11739
-10638
-9307
-7870
-6518
-5695
-5007
-4723
-5248
-6169
-7352
-8641
-9872
-10849
-11556
-11724
-11282
-10661
-9644
-8484
-7317
-6006
-5086
-4486
-4007
-3852
-3916
-4140
-4381
-4373
-4209
-3816
-3573
-3189
-2660
-2100
-1508
-1048
-878
-900
-935
-1084
-1278
-1465
-1699
-1946
-2104
-2025
-2031
-2276
-2187
-1960
-2089
-2462
-2746
-2867
-2956
-3176
-3367
-3727
-4282
-4932
-5484
-5950
-6241
-6463
-6626
-6627
-6429
-6086
-5584
-4917
-4357
-3771
-3298
-3267
-3530
-4058
-4775
-5804
-6933
-7690
-8203
-8540
-8555
-8391
-7900
-7102
-6308
-5594
-4819
-4230
-3904
-3833
-4169
-4520
-4917
-5401
-5736
-5672
-5351
-4799
-4212
-3501
-2447
-1409
-588
0
434
908
1357
1676
1795
1606
1249
451
-678
-1579
-2581
-3669
-4453
-4507
-3548
-1809
75
1826
3314
4390
5059
5142
4312
2714
820
-974
-2614
-3661
-3866
-3227
-1960
7
2040
3805
5299
6140
6346
5874
4765
3249
1672
206
-942
-1535
-1292
-209
1498
3536
5306
6431
7148
7273
7001
6630
6276
6224
6214
6334
6572
6681
6572
6192
5539
4789
3936
2920
1806
1013
423
38
33
546
1454
2644
3548
4187
4650
4872
4535
3532
2263
1188
40
-971
-1631
-1975
-1908
-1456
-949
-259
568
1227
1512
1486
1149
509
-322
-1301
-2363
-3244
-3731
-4095
-4290
-4194
-4044
-3806
-3594
-3593
-3341
-3119
-3238
-3620
-3879
-3986
-4195
-4372
-4461
-4395
-4093
-3850
-3581
-3432
-3292
-3154
-2980
-2894
-3057
-3388
-3699
-3910
-4093
-4056
-3771
-3396
-3007
-2620
-2065
-1466
-1034
-918
-1011
-1152
-1387
-1781
-2223
-2566
-2912
-3275
-3400
-3252
-3050
-2758
-2585
-2275
-1928
-1560
-1267
-1432
-1705
-2172
-2889
-3883
-5324
-6692
-7886
-8969
-9794
-10044
-9907
-9679
-9300
-8463
-7381
-6207
-5307
-4904
-4770
-4915
-5435
-6274
-7287
-8126
-9141
-9937
-10178
-10120
-9731
-9115
-8354
-7573
-6877
-6224
-5743
-5701
-5895
-6360
-6896
-7311
-7791
-8175
-8369
-8383
-8140
-7709
-7110
-6411
-5672
-4943
-4380
-4073
-3736
-3456
-3146
-2988
-2850
-2752
-2563
-2349
-2223
-2064
-1785
-1439
-1020
-796
-740
-682
-684
-929
-1183
-1344
-1405
-1522
-1599
-1633
-1729
-1775
-1618
-1414
-1384
-1495
-1569
-1829
-2051
-2295
-2677
-2957
-3078
-2970
-2952
-2917
-2891
-2922
-2942
-2881
-2695
-2741
-2718
-2934
-3455
-4158
-4838
-5032
-4473
-3379
-2126
-859
99
595
545
-108
-1278
-2850
-4442
-6071
-7374
-8308
-8712
-8507
-7511
-6161
-4659
-3234
-2134
-1474
-1448
-2071
-3193
-4633
-5998
-7161
-8314
-9285
-9527
-9128
-8106
-6908
-5686
-4541
-3775
-3212
-2901
-3261
-4169
-5055
-5869
-6967
-8026
-8753
-8898
-8585
-8134
-7305
-6278
-5354
-4481
-3824
-3442
-3424
-3726
-4329
-5083
-5902
-6535
-6911
-7109
-7139
-7166
-6821
-6114
-5557
-5150
-4886
-4715
-4836
-5099
-5666
-6248
-6683
-6773
-6761
-6778
-6701
-6580
-6422
-6168
-5901
-5814
-5687
-5621
-5778
-6146
-6505
-6858
-6916
-7039
-7134
-7112
-6812
-6391
-6043
-5817
-5710
-5639
-5289
-4900
-4953
-5069
-5185
-5621
-6543
-7538
-8417
-9300
-9995
-10562
-10844
-10743
-10474
-9885
-8969
-7766
-6723
-6056
-5765
-5589
-5501
-5873
-6382
-7177
-8325
-9183
-9648
-9894
-9720
-9010
-8059
-7036
-5926
-5042
-4232
-3712
-3520
-3455
-3733
-4133
-4735
-5276
-5723
-6016
-6054
-5663
-5098
-4496
-3756
-2973
-2051
-1572
-1304
-983
-745
-919
-1129
-1296
-1382
-1357
-1328
-1274
-988
-519
-77
234
457
819
1049
1194
1216
1286
1357
1275
1150
1015
876
972
1064
1062
964
853
796
646
452
269
78
-141
-361
-414
-440
-316
-85
99
122
208
436
698
843
719
507
-149
-1007
-1402
-1513
-1058
-211
1099
2648
3940
4740
4767
4412
3664
2514
1193
-186
-1540
-2521
-2782
-2738
-2190
-1028
351
1670
2677
3291
3517
3210
2487
1285
-116
-1411
-2487
-3090
-3357
-3369
-2950
-1975
-761
323
1180
1649
1713
1450
782
-121
-1009
-1996
-2967
-3693
-4012
-3923
-3592
-2969
-2037
-1132
-522
-63
258
258
-9
-667
-1518
-2207
-2886
-3494
-3792
-3937
-3762
-3359
-2888
-2477
-2053
-1600
-1518
-1635
-1745
-1949
-2507
-3108
-3550
-3536
-3380
-3305
-3333
-3201
-2797
-2455
-2151
-2006
-2108
-2260
-2385
-2724
-3025
-3203
-3253
-3217
-3216
-3057
-2838
-2586
-2488
-2449
-2239
-2043
-1903
-1822
-1828
-2084
-2414
-2928
-3724
-4882
-5943
-6621
-7294
-7683
-7660
-7282
-6921
-6321
-5547
-4734
-3933
-3295
-2817
-2879
-3283
-4040
-4978
-5863
-6717
-7458
-7769
-7735
-7322
-6609
-5723
-4663
-3681
-3007
-2589
-2498
-2583
-2484
-2701
-3421
-4062
-4529
-5003
-5109
-4831
-4298
-3679
-3246
-2591
-1828
-1320
-934
-821
-949
-910
-895
-1080
-1277
-1346
-1421
-1358
-1089
-811
-553
-238
126
354
603
838
957
1021
961
747
418
288
359
465
650
767
632
527
383
216
29
-241
-638
-741
-678
-613
-599
-764
-1049
-1069
-879
-684
-577
-598
-672
-655
-829
-1427
-2117
-2819
-3137
-2966
-2180
-1000
403
1958
2942
3323
3216
2284
990
-342
-1711
-3089
-4238
-4897
-5080
-4669
-3563
-2194
-944
148
995
1342
1149
601
-379
-1845
-3523
-4840
-5642
-6102
-6167
-5687
-4784
-3736
-2715
-1776
-1167
-841
-857
-1287
-2140
-3255
-4239
-5179
-5945
-6400
-6599
-6450
-5790
-4733
-3717
-2902
-2457
-2050
-1898
-2097
-2724
-3495
-4336
-5012
-5668
-5966
-6343
-6408
-5941
-5374
-4796
-4144
-3828
-3775
-3811
-3868
-4110
-4579
-5137
-5483
-5699
-5728
-5705
-5605
-5325
-4940
-4561
-4249
-4103
-4178
-4283
-4566
-4792
-5004
-5167
-5371
-5320
-5240
-5311
-5234
-4948
-4766
-4471
-4238
-4035
-3805
-3675
-3642
-3929
-4363
-5053
-5816
-6636
-7581
-8368
-9058
-9607
-9900
-9765
-9118
-8289
-7446
-6590
-5770
-4999
-4502
-4448
-4638
-5170
-5984
-6878
-7781
-8508
-8938
-9120
-8878
-8283
-7188
-6176
-5294
-4399
-3725
-3446
-3311
-3367
-3676
-4223
-4814
-5322
-5637
-5643
-5509
-5244
-4652
-3938
-3282
-2429
-1683
-1347
-1013
-742
-730
-947
-1021
-1063
-1273
-1270
-1165
-850
-536
-228
132
268
479
816
1023
971
1021
1212
1226
1051
1006
1078
1220
1239
1396
1587
1442
1169
986
815
745
773
639
398
250
146
131
243
266
361
489
534
615
754
683
390
47
-633
-1582
-2595
-3208
-3194
-2742
-1799
-480
736
1427
1808
1670
1115
405
-428
-1294
-2015
-2222
-2203
-1974
-1355
-467
524
1470
2181
2288
1924
1386
717
-248
-1438
-2554
-3428
-3717
-3471
-2852
-1916
-817
152
1053
1833
2151
2135
1714
934
201
-532
-1297
-2022
-2423
-2411
-1822
-1212
-561
431
1362
1881
1961
2015
1900
1541
952
179
-594
-1361
-1729
-1777
-1599
-1192
-670
-126
457
892
956
921
765
548
120
-600
-1240
-1769
-2062
-2243
-2366
-2399
-2351
-2244
-1943
-1762
-1713
-1642
-1783
-2075
-2439
-2745
-2847
-2977
-3063
-3212
-3331
-3208
-2927
-2726
-2670
-2625
-2507
-2556
-2485
-2412
-2535
-3018
-3578
-4325
-5364
-6338
-7112
-7490
-7662
-7832
-7564
-7125
-6418
-5455
-4699
-4028
-3462
-3121
-3183
-3508
-4040
-4846
-5751
-6507
-6886
-7025
-6779
-6016
-5275
-4460
-3500
-2459
-1588
-1035
-869
-1012
-1300
-1654
-2166
-2660
-2908
-2881
-2739
-2549
-2231
-1476
-744
-159
464
1129
1401
1269
1198
1157
1049
757
518
402
525
644
769
1030
1342
1738
1924
1993
2103
2146
2184
2218
2228
2171
2002
1872
1708
1613
1588
1528
1554
1434
1191
1195
1104
870
501
238
341
355
240
88
-3
-35
79
333
356
221
137
362
339
-86
-334
-44
679
1757
3082
4477
5898
6988
7203
6700
5722
4146
2035
-369
-2510
-4261
-5309
-5631
-5199
-3812
-1722
621
2848
4547
5717
6037
5434
4292
2712
914
-1001
-2746
-4075
-4940
-5116
-4481
-3290
-2060
-754
485
1428
1861
1717
1019
-113
-1584
-2876
-4213
-5521
-6261
-6374
-6032
-5321
-4342
-3198
-2226
-1481
-1027
-847
-934
-1446
-2269
-3009
-3692
-4442
-5035
-5382
-5498
-5400
-5111
-4874
-4610
-4337
-4018
-3737
-3673
-3784
-4078
-4380
-4553
-4677
-4647
-4439
-4080
-3686
-3142
-2607
-2338
-2256
-2191
-2239
-2541
-2986
-3359
-3519
-3467
-3445
-3210
-2664
-2066
-1702
-1624
-1280
-879
-567
-429
-530
-719
-1009
-1545
-2033
-2774
-3716
-4693
-5624
-6344
-6625
-6578
-6254
-5604
-4710
-3838
-2961
-2271
-1754
-1580
-1761
-2112
-2782
-3742
-4787
-5699
-6382
-6583
-6590
-6323
-5833
-4966
-3996
-3180
-2572
-2220
-1915
-1896
-2179
-2672
-3186
-3821
-4546
-4898
-4789
-4551
-4332
-3858
-3195
-2574
-1909
-1233
-698
-481
-531
-664
-809
-958
-1068
-990
-938
-841
-540
-175
159
646
1148
1419
1685
1830
1874
1985
2091
2098
2034
1895
1922
2093
2146
2033
2051
2131
2152
2156
2036
1920
1966
1809
1591
1545
1556
1492
1475
1575
1738
1831
1895
1959
2064
2034
1796
1347
754
6
-673
-1043
-933
-123
969
2029
2844
3296
3094
2512
1730
733
-450
-1584
-2463
-2923
-3055
-2492
-1295
102
1679
2906
3707
4052
3624
2821
1773
414
-1219
-2725
-3646
-4226
-4514
-4056
-2964
-1691
-395
879
1716
2217
2389
2034
1344
446
-638
-1483
-2233
-2604
-2589
-2413
-1830
-774
266
865
1533
2087
2298
2164
1636
999
231
-499
-1087
-1507
-1540
-1488
-1401
-852
-167
451
884
1118
1180
1015
909
743
296
-228
-754
-1082
-977
-926
-935
-913
-708
-594
-571
-635
-839
-980
-1288
-1720
-2002
-2089
-2258
-2353
-2426
-2291
-2063
-1982
-1747
-1546
-1574
-1538
-1497
-1469
-1535
-1958
-2747
-3551
-4270
-5099
-6034
-6834
-7311
-7568
-7457
-7110
-6408
-5468
-4491
-3769
-3211
-2685
-2429
-2726
-3322
-4037
-4840
-5695
-6268
-6491
-6585
-6288
-5543
-4724
-3783
-2639
-1781
-1171
-789
-488
-419
-627
-1112
-1709
-2301
-2606
-2566
-2613
-2359
-1541
-569
165
701
1217
1746
2149
2331
2356
2327
2109
1816
1645
1820
2067
2194
2215
2520
2907
3284
3522
3686
3829
4010
4050
3879
3760
3560
3470
3484
3470
3376
3216
3162
3188
3250
3063
2886
2763
2568
2316
2188
2202
2114
1941
1783
1890
1929
1877
2044
2038
1963
2061
2023
1515
775
56
-426
-440
271
1341
2735
4308
5470
6012
6018
5463
4447
3197
1805
486
-599
-1374
-1780
-1381
-559
661
2047
3417
4332
4793
4921
4458
3585
2494
1353
41
-1142
-1808
-2006
-1793
-1025
251
1418
2106
2737
3290
3447
3227
2595
1601
508
-522
-1450
-2113
-2370
-2283
-1744
-926
80
911
1481
1831
2038
1954
1357
657
-42
-759
-1569
-2300
-2482
-2271
-2158
-1818
-1232
-786
-544
-409
-298
-322
-649
-1102
-1558
-1935
-2205
-2435
-2557
-2447
-2326
-2247
-1948
-1492
-1134
-1181
-1387
-1496
-1747
-1898
-2066
-2303
-2519
-2600
-2449
-2249
-1916
-1644
-1645
-1572
-1482
-1351
-1183
-960
-959
-1203
-1737
-2297
-2942
-3880
-4996
-5880
-6431
-6480
-6315
-6108
-5615
-4885
-4025
-3096
-2352
-1873
-1677
-1786
-2211
-2940
-3832
-4790
-5566
-6050
-5964
-5556
-5073
-4294
-3328
-2408
-1717
-1153
-697
-562
-662
-922
-1468
-2082
-2535
-2939
-3149
-3083
-2689
-2333
-1874
-1283
-694
-181
229
572
945
1076
1044
904
725
402
402
556
668
845
1097
1529
1907
2223
2381
2427
2500
2514
2566
2596
2639
2651
2590
2540
2465
2471
2535
2545
2569
2642
2615
2465
2221
2077
1846
1756
1644
1625
1685
1748
1817
1813
1949
2113
2043
1828
1707
1443
982
417
-28
-37
429
1381
2609
3978
5286
6101
6086
5665
4901
3788
2431
1025
-333
-1348
-1991
-1826
-1036
105
1454
2859
3913
4411
4513
4258
3566
2422
807
-661
-1775
-2475
-2616
-2388
-1896
-1079
6
1042
1820
2310
2430
2368
1895
923
-194
-1314
-2038
-2473
-2808
-2784
-2242
-1461
-750
-72
488
1090
1560
1398
889
393
-206
-889
-1620
-2075
-2326
-2571
-2607
-2207
-1685
-1179
-696
-278
12
55
-173
-640
-1111
-1547
-1748
-1885
-2017
-1872
-1678
-1525
-1221
-872
-667
-604
-505
-542
-910
-1092
-1257
-1508
-1788
-1779
-1655
-1645
-1587
-1348
-847
-493
-454
-345
-155
-125
-260
-539
-970
-1596
-2248
-3015
-3927
-4674
-5235
-5735
-6093
-6116
-5696
-5003
-4164
-3158
-2228
-1694
-1426
-1401
-1736
-2341
-3179
-4042
-4870
-5472
-5718
-5608
-5226
-4619
-3658
-2608
-1545
-813
-321
-60
-154
-557
-1012
-1374
-1857
-2348
-2587
-2657
-2544
-2039
-1339
-691
-106
499
1135
1516
1759
1827
1753
1748
1759
1680
1519
1336
1452
1763
1926
2147
2586
2964
3244
3543
3736
3752
3844
3928
3834
3674
3476
3262
3217
3229
3300
3352
3294
3178
3171
3022
2682
2455
2371
2438
2557
2432
2329
2198
2234
2431
2424
2451
2479
2464
2300
2063
1936
1478
801
446
546
1349
2634
4028
5326
6199
6582
6235
5348
4174
2944
1715
431
-526
-1201
-1227
-712
169
1500
2795
3843
4647
5015
4797
4025
3116
1920
553
-679
-1648
-2198
-2269
-1875
-939
340
1306
2177
2864
3149
3080
2708
1960
987
-42
-940
-1684
-2131
-2183
-1872
-1177
-260
616
1264
1740
2001
1959
1668
1257
605
-33
-610
-1088
-1488
-1799
-1740
-1448
-1143
-648
-140
247
430
427
269
75
-395
-1041
-1348
-1336
-1439
-1544
-1343
-1125
-855
-540
-279
-80
-72
-39
-130
-393
-717
-1007
-1300
-1348
-1207
-1159
-1188
-845
-594
-466
-220
-46
40
192
281
184
-249
-726
-1417
-2328
-3239
-4139
-4830
-5292
-5577
-5498
-5025
-4402
-3641
-2772
-1864
-1165
-647
-525
-759
-1366
-2132
-2884
-3691
-4343
-4785
-4746
-4373
-3873
-3225
-2329
-1382
-449
86
292
429
416
50
-447
-880
-1271
-1657
-1985
-2027
-1586
-828
-115
426
931
1458
1930
2137
2127
2061
1664
1235
928
1074
1412
1650
2021
2384
2609
2670
2461
2077
1657
1285
734
310
232
442
964
1731
2665
3427
3964
4142
3916
3449
2888
2184
1296
778
550
544
1261
2380
3528
4756
5858
6737
7228
7160
6750
5944
5086
4186
3381
2946
2584
2649
3057
3912
5290
6904
8623
9840
10439
10368
9540
8075
6223
4442
2914
1519
722
521
816
1571
2607
3917
4997
5753
6047
5969
5260
4253
3069
1872
658
-446
-1143
-1547
-1522
-1020
-236
687
1511
2136
2580
2698
2349
1657
938
41
-1043
-2045
-2790
-3293
-3340
-2915
-2336
-1664
-934
-106
556
800
730
534
162
-575
-1313
-1822
-2271
-2555
-2681
-2413
-1868
-1289
-638
9
639
1087
1303
1162
744
377
321
143
56
204
271
455
699
916
1343
1818
2004
1985
1838
1675
1420
1108
834
687
447
332
601
666
745
970
988
1081
1035
908
1022
1052
978
669
204
-241
-1006
-2028
-3044
-3767
-4308
-4586
-4852
-4958
-4522
-3777
-2957
-2195
-1595
-1155
-931
-1071
-1464
-2276
-3367
-4286
-4985
-5492
-5790
-5676
-5190
-4437
-3629
-2831
-1974
-1339
-1071
-993
-1159
-1562
-2162
-2887
-3479
-4124
-4335
-4251
-3992
-3755
-3264
-2615
-1999
-1350
-946
-678
-481
-305
-350
-695
-1105
-1630
-2062
-2292
-2352
-2231
-1823
-1083
-219
605
1111
1311
1376
1143
748
74
-546
-998
-1477
-1602
-1490
-1201
-573
114
588
688
767
743
401
-157
-703
-1339
-2046
-2785
-3219
-3221
-2878
-2434
-2004
-1469
-1198
-1128
-1317
-1830
-2751
-3944
-5168
-6043
-6119
-5112
-3628
-2091
-532
662
1169
1040
205
-1019
-2609
-4357
-6101
-7467
-8330
-8508
-7897
-6519
-4813
-3052
-1561
-499
-51
-97
-599
-1616
-2994
-4546
-5955
-7051
-7589
-7343
-6476
-5257
-3819
-2462
-1326
-394
94
98
-435
-1171
-2063
-3182
-4133
-4600
-4820
-4735
-4257
-3357
-2416
-1314
-385
285
731
879
715
413
-207
-1072
-1746
-2252
-2550
-2618
-2377
-1875
-1257
-653
-168
289
596
684
391
-51
-522
-1061
-1336
-1494
-1704
-1768
-1639
-1256
-983
-694
-335
-97
63
32
-273
-565
-801
-1094
-1246
-1202
-1229
-1180
-910
-614
-184
223
610
899
1060
969
961
863
558
175
-459
-1138
-1992
-2803
-3234
-3411
-3353
-3092
-2459
-1508
-579
249
890
1495
2046
2245
1906
1248
585
-110
-650
-1020
-1188
-1154
-650
109
1063
2122
2952
3746
4176
4312
4304
3995
3519
2887
2358
1991
1706
1588
1698
1935
2282
2901
3549
4021
4184
4315
4476
4270
3914
3550
3220
2952
2770
2545
2614
2865
3145
3504
3752
3836
3924
3928
3765
3592
3601
3593
3408
3194
3126
3214
3232
3115
3113
3111
3085
2968
2952
2863
2821
2800
2600
2358
2143
1851
1877
2173
2187
2353
2443
2517
2513
2506
2473
2297
1900
1260
702
401
591
1420
2692
4088
5331
6191
6734
6642
5960
4960
3751
2541
1451
646
201
-3
221
1032
2483
4045
5199
5799
6035
6080
5512
4461
3347
2068
911
107
-322
-231
181
1065
2101
3172
4028
4550
4786
4684
4377
3655
2577
1531
706
125
-299
-349
-38
522
1289
1986
2789
3499
3941
3963
3571
3025
2309
1569
924
583
226
-52
-3
209
662
1150
1525
1834
2136
2234
2169
1907
1393
1052
845
685
500
511
810
1082
1250
1519
1898
2170
2180
1931
1722
1637
1598
1410
1222
1052
903
1106
1480
1880
2125
2150
2160
2353
2596
2677
2685
2596
2375
2037
1421
606
-291
-1135
-1722
-2237
-2502
-2284
-1934
-1467
-787
-26
818
1427
2012
2269
2041
1432
620
-205
-830
-1364
-1683
-1790
-1531
-912
-75
793
1632
2231
2549
2596
2463
2393
1993
1254
631
145
-369
-712
-762
-587
-50
530
880
1207
1703
1941
1939
1754
1483
1152
916
619
312
-8
-92
53
351
694
935
1091
1100
1248
1301
1165
1015
807
707
574
433
461
449
443
444
407
373
244
68
-121
-163
-191
-356
-585
-757
-878
-998
-1002
-827
-700
-776
-705
-484
-494
-590
-894
-1332
-1902
-2426
-2799
-2765
-2095
-953
435
1739
2945
3609
3609
3127
1977
496
-853
-2353
-3696
-4454
-4535
-4136
-3508
-2328
-738
656
1681
2412
2615
2128
1128
-120
-1559
-2939
-4188
-4957
-5104
-4580
-3744
-2752
-1691
-680
240
962
1012
500
-136
-981
-2026
-3036
-3946
-4625
-4764
-4459
-3843
-3134
-2319
-1312
-403
133
332
225
-307
-1029
-1701
-2236
-2810
-3333
-3765
-3675
-3284
-2823
-2316
-1818
-1300
-1031
-819
-875
-1107
-1472
-1890
-2309
-2645
-2836
-2608
-2279
-1976
-1627
-1309
-1027
-824
-672
-675
-759
-901
-1060
-1224
-1191
-1316
-1433
-1426
-1354
-1069
-565
-179
104
124
181
510
687
678
503
-117
-868
-1657
-2368
-3068
-3691
-4285
-4722
-4677
-4361
-3622
-2549
-1749
-1037
-250
351
576
296
-94
-578
-1287
-2153
-2814
-2964
-3101
-3163
-2602
-1781
-1022
-69
792
1396
1689
1756
1687
1221
394
-292
-827
-1157
-1493
-1617
-1284
-856
-458
-40
558
1084
1419
1554
1658
1468
1115
563
256
172
178
194
95
146
304
565
966
1267
1506
1432
1309
1250
1136
990
848
789
881
853
739
835
1018
1175
1168
1055
896
689
589
329
79
-41
-136
-186
-202
-137
73
257
313
507
554
374
151
68
-80
-258
-207
101
820
