-5221
-4885
-4540
-4317
-4174
-4178
-4281
-4474
-4606
-4886
-5164
-5299
-5524
-5542
-5414
-5113
-4723
-4638
-4714
-4672
-4413
-4119
-3959
-4028
-4240
-4601
-5282
-6261
-7248
-7991
-8456
-8895
-9191
-9117
-8896
-8276
-7491
-6600
-5517
-4739
-4255
-3812
-3745
-4135
-4812
-5653
-6425
-6937
-7110
-6918
-6682
-6249
-5344
-4257
-3201
-2490
-1999
-1660
-1635
-1797
-2054
-2586
-3106
-3714
-4230
-4569
-4658
-4283
-3613
-2950
-2474
-2036
-1698
-1534
-1657
-2247
-2956
-3664
-4426
-4931
-4937
-4665
-3773
-2593
-1527
-875
-924
-1497
-2500
-4075
-6031
-8097
-9998
-11429
-12130
-11904
-10905
-9316
-7471
-6097
-5264
-4863
-5067
-6111
-7591
-9238
-10988
-12441
-13346
-13381
-12283
-10467
-8158
-5655
-3338
-1344
318
1116
922
175
-1001
-2441
-3962
-5295
-6048
-5730
-4330
-1993
849
3741
6313
7948
8515
7993
6647
4617
2026
-870
-3660
-6196
-7806
-8127
-7361
-5603
-3375
-986
985
2170
2690
2286
1085
-811
-3243
-5695
-8085
-9999
-11059
-10990
-10214
-9062
-7543
-5846
-4435
-3511
-3011
-3137
-4017
-5615
-7568
-9425
-11157
-12541
-13205
-13444
-13039
-12054
-10662
-8857
-7439
-6586
-5982
-5888
-6251
-6956
-8072
-9559
-10743
-11521
-12250
-12650
-12617
-12230
-11288
-10020
-8920
-7802
-6769
-5983
-5524
-5261
-4970
-4924
-4934
-4662
-4425
-3982
-3467
-2855
-2355
-1875
-1290
-891
-672
-530
-639
-825
-1058
-1294
-1521
-1833
-1970
-1832
-1536
-1214
-996
-1032
-1206
-1359
-1514
-1741
-2048
-2327
-2474
-2944
-3564
-3997
-4413
-4978
-5670
-6100
-6359
-6289
-5959
-5490
-4898
-4144
-3420
-2733
-2367
-2176
-2534
-3297
-4262
-5234
-6161
-6958
-7556
-7991
-8136
-7956
-7390
-6667
-6112
-5356
-4595
-4013
-4028
-4378
-4773
-5262
-5846
-6348
-6512
-6557
-6288
-5581
-4866
-4102
-3329
-2465
-1477
-675
-126
158
448
719
805
642
274
-468
-1263
-2244
-3323
-4384
-5068
-4978
-4084
-2430
-208
1917
3551
4548
5048
4932
3950
2341
488
-1338
-2890
-3792
-3905
-3174
-1646
333
2439
4295
5562
6352
6502
5726
4270
2683
1053
-237
-948
-1361
-966
376
2177
4087
5871
7100
7874
8512
8810
8770
8635
8709
8726
8474
8158
7792
7155
6258
5337
4180
2800
1509
636
49
-388
-511
-6
984
2148
3269
4178
4768
4985
4689
4050
3102
1891
553
-837
-1842
-2233
-2371
-2244
-1846
-1193
-566
-52
342
460
255
-206
-887
-1947
-3021
-3920
-4620
-4986
-5142
-5200
-5021
-4706
-4503
-4358
-4325
-4118
-3975
-4158
-4480
-4722
-4925
-5087
-5336
-5369
-5014
-4588
-4391
-4412
-4349
-4265
-4321
-4378
-4504
-4565
-4552
-4507
-4380
-4190
-4012
-3643
-2975
-2376
-1705
-1023
-602
-590
-701
-726
-884
-1195
-1514
-1886
-2198
-2422
-2666
-2785
-2634
-2421
-2040
-1782
-1529
-1281
-1118
-832
-834
-969
-1624
-2553
-3606
-4896
-6165
-7470
-8579
-9351
-9855
-9885
-9676
-9158
-8155
-6916
-5876
-5160
-4507
-4252
-4618
-5178
-5806
-6974
-8135
-8969
-9728
-10160
-10226
-10003
-9296
-8235
-7355
-6726
-6235
-5859
-5822
-5803
-6001
-6548
-7314
-7994
-8514
-8784
-8689
-8342
-7789
-7203
-6585
-5894
-5197
-4470
-4140
-3796
-3533
-3298
-3080
-3110
-2932
-2684
-2176
-1875
-1497
-1117
-588
-261
-118
-25
143
119
-139
-317
-461
-435
-539
-651
-491
-468
-516
-577
-592
-525
-539
-813
-1184
-1345
-1480
-1682
-1969
-2181
-2335
-2413
-2272
-2103
-1934
-1664
-1530
-1480
-1358
-1337
-1687
-2337
-3047
-3504
-3608
-3175
-2166
-809
253
1090
1633
1405
725
-435
-1972
-3558
-5155
-6401
-7127
-7344
-7048
-6412
-5198
-3746
-2377
-1250
-809
-1080
-1825
-2983
-4267
-5626
-6960
-8026
-8690
-8857
-8434
-7540
-6354
-5004
-3812
-2706
-2128
-2053
-2535
-3322
-4309
-5472
-6721
-7595
-8207
-8294
-7967
-7303
-6467
-5291
-4276
-3496
-2978
-2869
-2882
-3150
-3648
-4383
-5278
-6139
-6633
-6854
-6813
-6649
-6315
-5808
-5168
-4572
-4242
-4280
-4317
-4485
-4791
-5236
-5773
-6068
-6258
-6431
-6463
-6300
-5910
-5450
-4959
-5001
-5111
-5286
-5500
-5750
-6107
-6329
-6599
-6824
-6736
-6484
-6279
-6154
-5860
-5539
-5285
-5178
-5127
-5069
-5045
-5194
-5491
-6012
-6695
-7575
-8627
-9685
-10463
-10950
-11333
-11225
-10835
-10206
-9297
-8188
-7200
-6522
-5899
-5583
-5748
-6257
-6878
-7761
-8665
-9411
-9944
-9965
-9731
-9176
-8546
-7552
-6213
-5042
-4275
-3860
-3671
-3704
-4075
-4706
-5196
-5536
-5927
-6167
-6137
-5721
-5222
-4708
-4013
-3184
-2453
-1945
-1610
-1318
-1057
-1102
-1312
-1398
-1475
-1501
-1491
-1223
-839
-543
-246
181
536
840
1056
1034
999
1008
936
940
911
748
696
693
616
592
665
563
288
-54
-134
-289
-544
-651
-817
-1001
-1138
-974
-765
-751
-710
-507
-345
-194
-103
-116
-454
-1149
-1675
-2054
-2107
-1569
-686
672
2413
3836
4565
4699
4288
3462
2135
746
-654
-1824
-2947
-3684
-3656
-3009
-1858
-331
1040
2149
2659
2719
2467
1633
454
-873
-2313
-3616
-4372
-4637
-4477
-3772
-2568
-1400
-312
640
1126
1227
941
187
-634
-1648
-2662
-3541
-4373
-4805
-4699
-4133
-3365
-2537
-1736
-882
-400
-149
-87
-600
-1372
-2117
-2952
-3530
-4035
-4352
-4394
-4221
-3938
-3557
-2934
-2349
-1922
-1788
-2013
-2189
-2584
-2977
-3343
-3721
-4056
-4155
-3972
-3794
-3678
-3411
-2902
-2605
-2414
-2382
-2437
-2642
-2954
-3087
-3232
-3475
-3650
-3696
-3474
-3261
-3097
-2910
-2718
-2537
-2450
-2295
-2267
-2373
-2534
-2943
-3594
-4466
-5503
-6340
-7129
-7763
-8079
-8227
-8090
-7509
-6676
-5685
-4933
-4400
-3770
-3416
-3495
-3877
-4431
-5111
-6031
-6843
-7452
-7769
-7596
-7024
-6287
-5553
-4631
-3646
-2835
-2325
-2101
-2100
-2358
-2912
-3617
-4233
-4406
-4647
-4860
-4813
-4399
-3654
-2828
-2113
-1496
-1123
-907
-542
-335
-400
-600
-768
-785
-738
-603
-473
-318
-73
286
688
953
1076
1332
1542
1609
1471
1381
1254
1253
1270
1170
1178
1111
1109
1296
1150
905
821
701
469
285
325
168
-47
-213
-364
-298
-180
-64
25
7
-24
-38
56
-58
-445
-1252
-1883
-2263
-2014
-1097
107
1577
3085
4177
4506
4230
3443
2318
828
-593
-1966
-3332
-4220
-4257
-3564
-2560
-1156
282
1479
2134
2335
1989
1202
173
-1262
-2637
-3969
-5030
-5462
-5451
-4975
-4032
-2671
-1473
-562
121
488
267
-339
-1080
-1909
-2935
-4017
-4901
-5412
-5466
-5012
-4187
-3192
-2327
-1633
-1233
-846
-807
-1142
-1729
-2431
-3179
-4040
-4643
-5170
-5427
-5289
-5064
-4534
-3909
-3511
-3074
-2754
-2660
-2849
-3250
-3591
-3927
-4333
-4680
-4911
-4885
-4829
-4608
-4195
-3898
-3553
-3305
-3254
-3371
-3558
-3776
-4016
-4168
-4321
-4498
-4628
-4422
-4155
-3965
-3804
-3774
-3711
-3411
-3179
-3324
-3502
-3685
-4054
-4472
-5058
-5982
-7009
-8091
-8751
-9015
-9061
-9041
-8613
-7903
-7195
-6368
-5594
-4852
-4215
-4084
-4174
-4737
-5576
-6604
-7437
-8038
-8451
-8584
-8289
-7619
-6544
-5530
-4697
-3800
-3179
-2877
-2755
-2817
-3147
-3660
-4214
-4652
-5064
-5244
-5106
-4778
-4385
-3812
-3052
-2174
-1717
-1287
-931
-752
-699
-935
-1023
-1068
-1274
-1341
-1153
-1002
-785
-342
116
517
977
1276
1305
1210
1259
1338
1318
1160
920
778
832
943
957
816
922
1008
816
570
401
318
255
-26
-238
-327
-252
-102
87
98
-28
-137
-14
155
165
56
-173
-733
-1598
-2189
-2209
-1678
-624
775
2398
3511
4010
3924
3464
2581
1343
7
-1295
-2291
-2946
-3402
-3179
-2365
-1022
403
1633
2419
2709
2655
2036
977
-291
-1596
-2810
-3776
-4404
-4307
-3752
-2955
-1901
-834
211
1106
1638
1658
1267
547
-409
-1452
-2560
-3288
-3721
-3933
-3537
-2848
-2142
-1257
-354
321
609
732
717
355
-373
-1194
-2004
-2786
-3460
-3703
-3625
-3257
-2750
-2209
-1617
-1132
-1012
-898
-930
-1072
-1448
-1935
-2496
-2930
-3084
-3077
-2950
-2630
-2425
-2246
-1786
-1403
-1372
-1391
-1464
-1802
-2249
-2453
-2564
-2701
-2807
-2823
-2705
-2466
-2250
-2174
-2087
-1873
-1706
-1696
-1892
-1938
-1991
-2571
-3181
-4029
-4983
-5673
-6408
-7048
-7498
-7422
-6962
-6442
-5786
-4933
-3974
-3176
-2624
-2395
-2448
-2949
-3754
-4581
-5276
-5750
-6123
-6434
-6269
-5715
-5053
-4142
-3183
-2339
-1383
-903
-669
-912
-1341
-1680
-2341
-2757
-2985
-3127
-3125
-2946
-2683
-2198
-1268
-411
249
729
976
1000
1015
1029
1000
801
630
658
682
771
886
1177
1623
2133
2609
2897
2991
2860
2826
2947
2903
2681
2470
2425
2577
2503
2453
2432
2398
2438
2352
2116
1967
1896
1518
1169
975
1115
1287
1219
1229
1256
1336
1547
1610
1493
1486
1428
1198
706
92
-144
37
623
1640
3072
4577
5765
6270
6252
5719
4782
3328
1734
244
-1033
-2095
-2600
-2290
-1460
-249
1213
2624
3848
4550
4585
4006
2958
1710
255
-1108
-2322
-3276
-3705
-3507
-2716
-1742
-514
624
1488
1978
2195
2064
1434
484
-659
-1776
-2631
-3358
-3701
-3600
-3129
-2500
-1659
-673
279
950
1053
797
449
-164
-765
-1575
-2433
-3171
-3698
-3858
-3561
-3153
-2666
-2134
-1719
-1493
-1438
-1459
-1546
-1743
-2092
-2492
-2805
-2942
-3169
-3124
-2752
-2440
-2115
-1944
-1782
-1363
-1170
-1238
-1411
-1738
-2207
-2544
-2794
-2919
-2960
-2838
-2495
-2278
-2088
-1965
-1668
-1485
-1420
-1576
-1681
-1795
-2093
-2793
-3813
-4788
-5676
-6442
-7133
-7704
-7834
-7546
-6845
-5934
-5141
-4297
-3438
-2707
-2382
-2616
-3051
-3562
-4307
-5315
-6012
-6622
-7002
-6862
-6432
-5594
-4782
-3870
-3041
-2494
-1935
-1405
-1491
-1956
-2447
-3049
-3643
-4113
-4463
-4604
-4262
-3790
-3179
-2431
-1840
-1153
-634
-217
36
117
144
-84
-342
-422
-563
-506
-349
-168
136
342
703
1176
1578
1876
1913
1817
1788
1767
1655
1607
1514
1466
1453
1507
1518
1395
1353
1213
1038
1003
956
784
559
336
319
231
134
196
301
493
502
588
578
405
510
479
104
-565
-1307
-1663
-1422
-663
354
1630
3037
4114
4486
4289
3617
2517
1235
-147
-1373
-2526
-3443
-3488
-2849
-1904
-544
877
2043
2911
3158
2882
2086
973
-281
-1751
-3080
-4152
-4660
-4416
-3754
-2717
-1592
-603
349
1115
1503
1471
1217
464
-563
-1796
-2916
-3575
-3981
-4053
-3688
-3056
-2110
-1043
-193
403
762
840
595
90
-557
-1433
-2217
-2829
-3290
-3585
-3524
-3127
-2636
-2072
-1505
-1234
-1066
-1066
-1092
-1210
-1612
-2070
-2296
-2437
-2735
-2841
-2677
-2282
-1857
-1487
-1276
-1277
-1418
-1542
-1651
-1865
-2044
-2172
-2345
-2619
-2570
-2377
-2372
-2228
-1985
-1803
-1650
-1606
-1567
-1546
-1480
-1411
-1750
-2489
-3382
-4194
-5112
-5899
-6441
-6917
-7199
-7119
-6718
-6065
-5260
-4305
-3334
-2665
-2219
-2008
-2030
-2416
-3222
-4173
-4989
-5631
-6068
-6146
-5622
-4903
-4126
-3188
-2213
-1415
-819
-409
-426
-675
-997
-1476
-1928
-2450
-2790
-2716
-2550
-2370
-1952
-1386
-650
-32
508
1152
1544
1524
1498
1515
1452
1368
1402
1452
1418
1450
1679
2089
2444
2787
3165
3500
3648
3615
3486
3431
3328
3227
3108
3137
3144
3137
3190
3156
3047
3026
2896
2808
2660
2425
2311
2253
1982
1760
1735
1892
1953
1994
2075
2017
2009
2149
2387
2341
1967
1434
884
452
434
1029
2160
3691
5157
6195
6711
6626
6026
5046
3867
2445
1016
-110
-934
-1290
-1031
-57
1218
2551
3864
4811
5201
4963
4233
3243
2065
710
-657
-1654
-2250
-2309
-1823
-1009
23
1184
2267
3044
3502
3649
3160
2276
1142
180
-730
-1685
-2234
-2377
-2096
-1601
-937
-82
799
1551
1864
1881
1586
1186
505
-224
-984
-1698
-2166
-2530
-2447
-2071
-1630
-1117
-554
-87
106
32
-205
-407
-744
-1236
-1587
-1741
-2018
-2071
-2095
-1915
-1575
-1049
-625
-385
-420
-691
-848
-895
-939
-1094
-1405
-1453
-1589
-1721
-1646
-1348
-1039
-882
-760
-692
-437
-323
-503
-611
-781
-1201
-1904
-2904
-3730
-4469
-5370
-6090
-6370
-6371
-6056
-5479
-4597
-3608
-2815
-2094
-1464
-1092
-1316
-1954
-2725
-3343
-4113
-4906
-5337
-5416
-5234
-4770
-4226
-3270
-2296
-1372
-769
-496
-417
-536
-841
-1316
-1886
-2357
-2733
-3037
-3148
-2812
-2266
-1472
-822
-194
355
838
1148
1366
1379
1206
970
850
795
703
828
1019
1384
1675
1970
2307
2657
2894
2858
2892
2988
3014
2962
2861
2787
2732
2717
2706
2590
2509
2571
2441
2361
2451
2368
2146
1844
1567
1422
1338
1336
1396
1326
1464
1605
1662
1620
1577
1637
1437
1264
863
234
-268
-420
70
1203
2503
3873
5067
5897
6097
5656
4622
3338
1909
732
-346
-1404
-1881
-1803
-1030
131
1314
2448
3447
4046
4284
3927
3177
2022
664
-672
-1989
-2797
-3122
-2889
-2160
-1152
-165
779
1814
2562
2811
2472
1696
885
-77
-1014
-1980
-2782
-3113
-2852
-2387
-1614
-643
267
948
1468
1707
1561
1144
564
-191
-867
-1605
-2303
-2700
-2729
-2660
-2357
-1882
-1209
-631
-297
-103
-192
-519
-746
-1065
-1538
-1828
-1869
-1940
-2036
-1885
-1578
-1234
-872
-646
-517
-476
-543
-749
-1041
-1313
-1527
-1605
-1627
-1725
-1734
-1604
-1296
-1137
-1005
-861
-818
-776
-575
-556
-847
-1195
-1673
-2478
-3610
-4561
-5141
-5896
-6471
-6582
-6206
-5802
-5248
-4226
-3248
-2563
-1916
-1596
-1593
-1870
-2494
-3258
-4108
-4786
-5265
-5515
-5474
-5041
-4316
-3518
-2545
-1737
-1061
-478
-8
96
-156
-451
-1065
-1673
-1982
-2156
-2304
-2273
-1829
-1119
-453
245
937
1407
1675
1918
2117
2151
2073
1894
1688
1670
1728
1876
2066
2250
2403
2739
3041
3390
3837
4007
3967
3839
3806
3724
3653
3595
3520
3492
3341
3188
3138
3228
3237
3010
2868
2767
2562
2384
2385
2354
2229
2209
2320
2379
2289
2171
2129
2286
2518
2495
2296
1792
1342
937
760
1125
1966
3200
4535
5686
6643
6957
6590
5892
4857
3543
2192
736
-328
-998
-1068
-559
310
1695
3209
4183
4687
4940
4748
4096
3026
1720
486
-501
-1415
-1906
-1842
-1321
-552
377
1549
2561
3320
3646
3486
2981
2192
1173
81
-774
-1353
-1772
-1782
-1425
-704
56
723
1360
1817
2258
2410
2144
1589
835
39
-729
-1260
-1607
-1608
-1572
-1378
-810
-305
119
387
450
499
488
404
-14
-508
-937
-1162
-1231
-1297
-1070
-797
-556
-217
165
408
448
459
468
185
-146
-470
-602
-650
-772
-769
-640
-338
-59
14
37
132
271
536
556
430
-7
-723
-1464
-2317
-3203
-4233
-4947
-5447
-5678
-5639
-5147
-4293
-3285
-2293
-1519
-961
-517
-466
-709
-1204
-1908
-2749
-3431
-3902
-4349
-4507
-4216
-3724
-3006
-2109
-1117
-290
199
420
527
448
189
-254
-874
-1257
-1597
-1696
-1601
-1314
-687
-53
445
1074
1624
1889
1781
1632
1637
1469
1035
684
716
1174
1595
1977
2448
2810
2878
2685
2162
1441
855
549
366
162
336
1014
1863
2808
3603
4027
4073
3781
3094
2155
1083
251
-272
-329
52
730
1783
2963
4277
5362
6225
6643
6599
6270
5508
4448
3530
2948
2410
2189
2353
2806
3754
5174
6853
8333
9620
10174
9945
9285
7918
6242
4459
2800
1552
598
38
387
1168
2307
3518
4717
5620
5928
5527
4791
3758
2494
1321
75
-1092
-1916
-2209
-1971
-1331
-457
514
1306
1845
2419
2475
2271
1743
889
-186
-1186
-2113
-3114
-3749
-3841
-3575
-2833
-1893
-1071
-388
242
670
789
463
-191
-1101
-1879
-2411
-2826
-3089
-2942
-2631
-2149
-1388
-808
-242
334
915
1126
1097
720
430
255
60
46
3
186
492
831
1062
1401
1865
2100
2000
1886
1794
1618
1242
1058
790
472
547
791
852
721
890
1168
1040
984
1175
1211
1068
834
507
200
-505
-1495
-2386
-3141
-3898
-4558
-4908
-5074
-5025
-4512
-3780
-3043
-2189
-1367
-827
-899
-1175
-1649
-2359
-3408
-4332
-4830
-5260
-5572
-5459
-4912
-4147
-3283
-2437
-1658
-1186
-954
-774
-987
-1459
-2089
-2766
-3388
-3978
-4311
-4253
-3842
-3427
-3096
-2414
-1520
-879
-369
-86
-2
-201
-504
-813
-1071
-1472
-1919
-2227
-2358
-2029
-1343
-622
247
826
1256
1541
1600
1394
982
258
-539
-1121
-1513
-1656
-1506
-1097
-518
64
455
799
898
705
262
-391
-1008
-1803
-2510
-3089
-3265
-3148
-2914
-2343
-1608
-1256
-1183
-1205
-1349
-1721
-2640
-4054
-5252
-6023
-5940
-5074
-3647
-1811
-233
959
1563
1377
696
-592
-2348
-4116
-5872
-7298
-8036
-8094
-7477
-6089
-4290
-2410
-974
-222
19
-146
-855
-1940
-3402
-4872
-6225
-7223
-7430
-6932
-6017
-4802
-3440
-1980
-711
88
494
408
-128
-978
-2076
-3129
-3839
-4412
-4689
-4612
-4103
-3096
-1965
-1061
-137
729
1126
1123
937
575
-145
-1090
-1759
-2264
-2491
-2592
-2503
-2011
-1390
-793
-147
364
756
849
559
168
-323
-792
-1183
-1442
-1626
-1680
-1365
-964
-612
-287
42
318
542
456
145
-99
-242
-514
-922
-1076
-907
-658
-309
-38
14
306
508
811
1033
1132
1239
1054
574
-6
-714
-1488
-2241
-2909
-3470
-3822
-3635
-3211
-2747
-2004
-997
68
954
1464
1775
1901
1618
1169
628
28
-638
-972
-991
-884
-318
414
1284
2116
2891
3618
4051
4183
4020
3556
3133
2616
1952
1576
1479
1485
1572
1719
2262
2862
3242
3598
3847
4079
4194
4042
3636
3324
3126
2814
2567
2531
2684
2754
2914
3204
3475
3712
3765
3781
3786
3661
3448
3403
3407
3165
2942
2863
2799
2579
2645
2817
2689
2568
2443
2386
2099
1841
1653
1575
1599
1722
1807
1786
1680
1691
1791
1951
2072
2039
1945
1761
1253
470
-283
-893
-979
-613
192
1439
2849
3997
4496
4509
3886
3020
2176
1354
613
6
-275
-52
558
1494
2600
3625
4450
4949
4968
4586
3946
2953
1729
753
-57
-572
-756
-489
499
1511
2523
3602
4399
4899
5061
5053
4589
3606
2597
1562
692
276
136
402
1177
1988
2571
3137
3845
4523
4687
4504
4108
3698
3102
2263
1648
1165
915
903
975
1196
1733
2443
3106
3435
3597
3615
3374
2916
2297
1744
1256
871
748
784
904
866
957
1189
1429
1654
1821
1789
1702
1443
1180
1035
839
756
789
763
926
1211
1282
1267
1452
1638
1906
1912
1604
1557
1479
1137
350
-498
-1320
-2037
-2631
-2992
-3225
-3251
-2733
-1917
-1080
-298
430
1161
1630
1602
1313
887
310
-484
-1189
-1664
-1889
-1961
-1562
-915
1
953
1728
2372
2840
3078
3121
2763
2225
1746
1137
536
21
-164
-33
200
605
1256
1738
1971
2185
2421
2530
2409
2142
1762
1342
823
439
311
375
428
542
724
964
1280
1462
1541
1570
1542
1467
1189
928
708
552
460
309
386
419
243
128
29
66
34
-263
-523
-811
-1143
-1267
-1398
-1467
-1496
-1619
-1557
-1428
-1232
-1150
-1033
-793
-930
-1139
-1457
-1820
-1492
-671
511
1871
3344
4561
5343
5731
5516
4381
2741
762
-1397
-3408
-4988
-5791
-5932
-5207
-3851
-1937
215
1968
3232
3974
4133
3522
2350
572
-1292
-3273
-4835
-5765
-6067
-5658
-4843
-3611
-2017
-619
424
974
1183
1110
435
-799
-2238
-3658
-4686
-5487
-5923
-5937
-5421
-4460
-3294
-2239
-1540
-835
-339
-380
-832
-1420
-2108
-2906
-3755
-4435
-4906
-4960
-4819
-4554
-4102
-3636
-3165
-2705
-2517
-2470
-2605
-2797
-2833
-2895
-2876
-2809
-2710
-2450
-2070
-1697
-1207
-793
-446
-393
-401
-429
-496
-655
-890
-1211
-1321
-1045
-800
-565
-155
245
559
838
1098
1199
1135
1056
935
725
181
-549
-1328
-2276
-3139
-3741
-4075
-4305
-4143
-3584
-2985
-2232
-1295
-422
322
793
1020
1042
538
-263
-942
-1779
-2546
-2970
-2931
-2723
-2471
-1776
-924
-83
627
1171
1553
1666
1472
1022
297
-432
-1147
-1782
-2068
-2130
-2047
-1738
-1236
-556
61
575
837
1012
977
693
403
221
206
4
-137
-353
-290
-13
262
447
691
1030
1282
1302
1281
1333
1323
1202
1024
974
1051
1102
1198
1160
1067
999
942
935
893
832
540
337
78
-21
-32
-98
-165
90
326
480
698
726
697
818
755
645
217
-513
-1127
-1434
-1359
