-5386
-5092
-4691
-4462
-4363
-4391
-4528
-4615
-4887
-5162
-5318
-5433
-5362
-5275
-5251
-5143
-4849
-4593
-4479
-4408
-4200
-4165
-4231
-4261
-4222
-4344
-4929
-5794
-6820
-7798
-8612
-9098
-9318
-9357
-9212
-8639
-7682
-6589
-5680
-4999
-4389
-3914
-3876
-4342
-5115
-5916
-6547
-7061
-7420
-7536
-7227
-6490
-5682
-4671
-3641
-2714
-1938
-1504
-1513
-1821
-2178
-2685
-3251
-3919
-4484
-4722
-4750
-4585
-4144
-3651
-3139
-2590
-2073
-1704
-1781
-2385
-3174
-4050
-4716
-5096
-5105
-4984
-4344
-3215
-1928
-1165
-1084
-1530
-2669
-4384
-6184
-8174
-10113
-11452
-11986
-11779
-10879
-9399
-7776
-6361
-5412
-5158
-5305
-6096
-7517
-9270
-11003
-12459
-13424
-13461
-12642
-10968
-8712
-6104
-3613
-1412
299
1025
787
163
-921
-2371
-4131
-5522
-6322
-6222
-5060
-2793
4
2914
5515
7331
8082
7684
6360
4462
2060
-723
-3551
-5903
-7263
-7711
-7180
-5796
-3829
-1493
503
1751
2266
1862
746
-1179
-3476
-5952
-8318
-10205
-11139
-11209
-10489
-9205
-7635
-6033
-4589
-3676
-3255
-3443
-4254
-5602
-7361
-9275
-11004
-12403
-13207
-13461
-13110
-12179
-10732
-9028
-7711
-6752
-6163
-5846
-6001
-6723
-7702
-9065
-10479
-11704
-12382
-12548
-12299
-11780
-10966
-9946
-8704
-7441
-6448
-5890
-5392
-5088
-4790
-4760
-4810
-4728
-4559
-4090
-3616
-3185
-2515
-1826
-1305
-1066
-980
-781
-815
-970
-1209
-1434
-1620
-1868
-1904
-1717
-1586
-1452
-1336
-1367
-1457
-1536
-1648
-1907
-2279
-2589
-2827
-3083
-3511
-4159
-4824
-5635
-6220
-6512
-6518
-6424
-6301
-5963
-5174
-4377
-3838
-3199
-2875
-2751
-2988
-3712
-4511
-5410
-6364
-7298
-7939
-8292
-8471
-8325
-7895
-7030
-6162
-5465
-4976
-4540
-4272
-4401
-4917
-5289
-5474
-5918
-6367
-6448
-6199
-5749
-4921
-4085
-3278
-2304
-1408
-674
-92
472
821
1010
1098
904
526
-238
-1026
-2014
-3241
-4412
-5138
-5033
-3987
-2318
-379
1553
3083
4119
4692
4596
3831
2357
542
-1377
-3110
-4150
-4275
-3625
-2131
-329
1695
3789
5254
6002
6185
5562
4336
2913
1355
-175
-1261
-1602
-949
249
1670
3521
5322
6557
7245
7649
7921
7973
7906
7922
8103
8176
7907
7553
7179
6439
5335
4096
2916
1826
821
-32
-480
-587
-273
578
1712
2806
3755
4415
4802
4784
4245
3210
1950
639
-695
-1647
-2261
-2653
-2738
-2523
-1948
-1245
-556
-55
156
101
-255
-851
-1793
-2859
-3722
-4424
-4805
-5075
-5288
-5210
-4957
-4638
-4330
-4240
-4372
-4648
-4912
-4855
-4856
-4943
-5034
-5187
-5243
-5137
-4912
-4693
-4417
-4204
-4141
-4191
-4347
-4459
-4400
-4390
-4530
-4520
-4300
-3977
-3656
-3073
-2314
-1829
-1336
-972
-851
-735
-674
-858
-1327
-1775
-2152
-2458
-2661
-2761
-2699
-2788
-2762
-2357
-2013
-1766
-1629
-1359
-1014
-932
-1278
-1863
-2573
-3594
-4945
-6387
-7805
-8950
-9762
-10159
-10128
-9887
-9348
-8506
-7356
-6271
-5387
-4781
-4529
-4582
-5049
-5971
-7185
-8318
-9313
-10130
-10523
-10374
-9929
-9314
-8569
-7795
-6932
-6109
-5601
-5476
-5740
-6076
-6620
-7197
-7770
-8154
-8501
-8573
-8296
-8041
-7484
-6667
-5897
-5311
-4810
-4294
-3938
-3605
-3439
-3386
-3291
-3132
-2806
-2456
-2127
-1768
-1472
-1018
-497
-110
-64
3
-116
-286
-276
-516
-978
-1239
-1374
-1492
-1538
-1518
-1322
-1173
-1129
-1303
-1494
-1629
-1941
-2127
-2246
-2470
-2651
-2752
-2681
-2714
-2772
-2743
-2600
-2238
-1994
-1995
-1971
-2207
-2898
-3616
-4202
-4406
-3944
-2900
-1610
-399
613
1045
812
134
-970
-2464
-4047
-5696
-7101
-8043
-8341
-8119
-7346
-6015
-4482
-3156
-2108
-1504
-1590
-2212
-3242
-4575
-6205
-7835
-8950
-9482
-9468
-9033
-8142
-6963
-5565
-4250
-3349
-2720
-2421
-2878
-3657
-4641
-5821
-7044
-7986
-8495
-8467
-8189
-7759
-6888
-5851
-4867
-4055
-3430
-3102
-3139
-3511
-4227
-4890
-5619
-6285
-6704
-6927
-7031
-6941
-6505
-5935
-5421
-5014
-4694
-4461
-4623
-4776
-4906
-5392
-5781
-6009
-6341
-6619
-6687
-6442
-6209
-5766
-5469
-5337
-5277
-5220
-5305
-5668
-5912
-6094
-6457
-6780
-6947
-6768
-6446
-6257
-5987
-5717
-5459
-5180
-4984
-4928
-5054
-5295
-5679
-6248
-7046
-7993
-9042
-9973
-10719
-11137
-11354
-11365
-10846
-10054
-9192
-8238
-7284
-6445
-5874
-5763
-5945
-6301
-6759
-7578
-8520
-9199
-9650
-9933
-9748
-9126
-8232
-7043
-5917
-4976
-4193
-3732
-3485
-3548
-3927
-4447
-4815
-5278
-5671
-5746
-5743
-5646
-5269
-4645
-3723
-2876
-2233
-1788
-1487
-1212
-1005
-979
-1139
-1098
-1231
-1258
-1149
-1038
-736
-416
-138
189
513
777
1051
1228
1243
1111
982
854
910
950
865
743
735
703
685
539
369
232
92
-143
-441
-635
-610
-492
-492
-412
-315
-229
-37
76
42
110
105
163
-136
-571
-1068
-1530
-1655
-1319
-364
1116
2730
4068
4808
4950
4570
3660
2378
998
-308
-1529
-2502
-2983
-3029
-2389
-1294
175
1537
2484
3085
3266
2889
2019
867
-455
-1768
-2889
-3615
-3858
-3457
-2792
-1927
-931
-14
928
1524
1647
1409
984
193
-1004
-2172
-3243
-3802
-4022
-4117
-3636
-2857
-1976
-1074
-528
-288
-172
-188
-445
-888
-1513
-2370
-3147
-3792
-4191
-4163
-3956
-3671
-3257
-2809
-2409
-2118
-1979
-1816
-1805
-2097
-2596
-3101
-3502
-3640
-3679
-3539
-3371
-3263
-3013
-2633
-2264
-2027
-1869
-2014
-2286
-2488
-2772
-3223
-3504
-3582
-3446
-3248
-2978
-2737
-2452
-2307
-2377
-2249
-2045
-2048
-2184
-2465
-2590
-3122
-4073
-5053
-6072
-6973
-7592
-7883
-8008
-7823
-7276
-6383
-5543
-4790
-4134
-3432
-3109
-3162
-3705
-4336
-5013
-5808
-6680
-7396
-7636
-7518
-7038
-6201
-5289
-4378
-3428
-2727
-2167
-2015
-2173
-2543
-2963
-3524
-4057
-4604
-4849
-4937
-4892
-4334
-3728
-3166
-2544
-1760
-1053
-707
-563
-558
-585
-665
-884
-1112
-1195
-1156
-1071
-872
-623
-283
102
549
891
994
1275
1543
1647
1600
1477
1211
994
990
967
935
807
698
780
651
522
393
178
57
-166
-345
-471
-605
-653
-713
-678
-627
-521
-375
-225
-242
-355
-523
-956
-1573
-2082
-2276
-2180
-1514
-188
1363
2643
3606
3926
3743
3090
2046
764
-681
-2096
-3387
-4284
-4525
-3923
-2807
-1474
-336
888
1706
1917
1678
1028
-62
-1327
-2596
-3896
-5052
-5923
-6153
-5557
-4549
-3307
-2203
-1166
-465
-101
-26
-487
-1323
-2538
-3713
-4700
-5643
-6176
-6062
-5557
-4929
-4105
-3170
-2450
-1989
-1726
-1586
-1859
-2455
-3143
-3934
-4850
-5419
-5722
-5924
-5938
-5493
-4933
-4428
-4219
-3885
-3530
-3438
-3544
-3859
-4256
-4730
-5087
-5279
-5429
-5486
-5312
-5013
-4615
-4148
-3954
-3853
-3826
-3861
-3914
-4119
-4525
-4932
-5085
-4999
-5043
-5051
-4888
-4653
-4365
-4233
-4184
-4069
-3921
-3656
-3415
-3644
-4122
-4709
-5608
-6639
-7685
-8592
-9380
-9712
-9730
-9503
-9135
-8640
-7741
-6772
-5731
-4961
-4486
-4411
-4611
-5174
-6080
-6997
-7967
-8847
-9232
-9173
-8888
-8345
-7522
-6453
-5312
-4479
-3679
-3160
-3173
-3486
-4089
-4439
-4791
-5242
-5600
-5910
-5802
-5308
-4792
-4198
-3445
-2610
-2083
-1689
-1348
-1091
-985
-1143
-1251
-1336
-1361
-1390
-1416
-1248
-949
-671
-272
236
682
936
908
933
1075
1168
1195
1077
924
862
881
796
620
652
882
982
870
654
475
219
7
-91
-106
-167
-279
-583
-602
-368
47
192
144
91
123
125
-336
-1190
-1957
-2289
-2388
-1992
-1189
17
1478
2795
3539
3584
3111
2351
1285
132
-987
-2087
-2829
-3077
-2824
-2219
-1202
113
1243
2079
2531
2545
1956
1056
-166
-1393
-2580
-3538
-3943
-4027
-3642
-2736
-1747
-719
333
1150
1414
1448
1220
665
-146
-1162
-2270
-3153
-3604
-3720
-3501
-2912
-2043
-1042
-14
593
920
943
755
389
-263
-992
-1865
-2562
-2890
-3042
-3067
-2843
-2374
-1793
-1396
-1037
-750
-613
-756
-1059
-1520
-2043
-2455
-2747
-3012
-3110
-3211
-3011
-2618
-2397
-2004
-1617
-1544
-1747
-1929
-2079
-2270
-2632
-2921
-3155
-3199
-2908
-2692
-2644
-2497
-2344
-2421
-2270
-1946
-1704
-1659
-1809
-2213
-2785
-3642
-4546
-5280
-5933
-6618
-7335
-7745
-7843
-7488
-6850
-5985
-5120
-4219
-3292
-2694
-2525
-2733
-3140
-3773
-4730
-5636
-6207
-6597
-6847
-6684
-6096
-5250
-4216
-3121
-2169
-1567
-1180
-1034
-1111
-1352
-1743
-2121
-2515
-3071
-3376
-3252
-2891
-2426
-1805
-1110
-482
71
572
991
1379
1352
1208
1078
890
745
895
1009
1021
1160
1452
1877
2349
2727
2814
2738
2790
2751
2667
2721
2870
2725
2385
2193
2116
2212
2272
2216
2177
2106
1900
1688
1472
1340
1238
977
711
610
673
800
1048
1234
1330
1347
1266
1272
1256
1109
708
207
0
154
761
1761
3309
4804
5954
6544
6497
5861
4795
3286
1628
-21
-1657
-2774
-3291
-3048
-2115
-734
970
2583
3730
4468
4583
4296
3546
2102
615
-793
-2227
-3386
-3982
-3901
-3069
-1921
-815
489
1518
2090
2270
1935
1297
327
-798
-1916
-2837
-3674
-4240
-4274
-3742
-3082
-2203
-1350
-612
4
290
179
-193
-668
-1485
-2365
-3011
-3396
-3896
-4095
-4090
-3781
-3332
-2852
-2581
-2312
-2117
-1883
-1914
-2306
-2749
-3161
-3479
-3666
-3656
-3481
-3257
-2730
-2189
-1880
-1679
-1566
-1504
-1655
-1827
-1956
-2282
-2617
-2825
-2789
-2812
-2700
-2436
-2071
-1695
-1656
-1679
-1581
-1441
-1377
-1478
-1724
-2142
-2924
-3753
-4715
-5646
-6342
-7038
-7395
-7651
-7555
-7004
-6255
-5285
-4346
-3601
-3094
-2759
-2488
-2778
-3497
-4371
-5275
-6086
-6745
-7164
-7152
-6716
-5934
-5027
-4083
-3350
-2820
-2379
-1990
-1868
-2124
-2665
-3364
-3922
-4436
-4927
-5096
-4764
-4252
-3705
-3141
-2256
-1567
-959
-480
-342
-187
-303
-522
-606
-636
-749
-842
-718
-354
112
558
893
1123
1418
1693
1827
1840
1998
2005
1737
1557
1415
1456
1379
1280
1312
1358
1314
1362
1344
1122
826
723
531
383
169
109
203
239
235
300
445
571
516
508
651
372
-52
-655
-1381
-1798
-1729
-871
243
1446
2774
3859
4408
4116
3193
1958
754
-443
-1661
-2709
-3305
-3330
-2827
-1847
-424
1005
2060
2781
3092
2993
2217
1015
-391
-1843
-3184
-4210
-4663
-4410
-3793
-3071
-2053
-794
329
1181
1694
1598
1112
258
-673
-1600
-2621
-3361
-3715
-3616
-3110
-2568
-1899
-1128
-277
476
997
1152
864
273
-460
-1217
-2080
-2773
-3034
-3142
-3135
-2823
-2261
-1692
-1166
-894
-699
-548
-645
-950
-1247
-1645
-2021
-2307
-2351
-2453
-2416
-2196
-1987
-1789
-1556
-1306
-1131
-1188
-1440
-1704
-1931
-2277
-2545
-2519
-2266
-2071
-2120
-2104
-1961
-1718
-1462
-1430
-1490
-1440
-1490
-1520
-1694
-2230
-3166
-4320
-5338
-5992
-6521
-7067
-7515
-7523
-6829
-5858
-4974
-4244
-3502
-2719
-2164
-2022
-2258
-2687
-3401
-4210
-5064
-5666
-5893
-5866
-5624
-5041
-4224
-3166
-2221
-1480
-831
-370
-252
-365
-681
-1146
-1696
-2184
-2598
-2831
-2803
-2516
-1981
-1285
-647
92
700
1340
1873
1965
1824
1736
1751
1738
1702
1637
1589
1711
2019
2427
2675
2923
3359
3754
3889
4039
4039
3961
3834
3565
3402
3351
3261
3182
3287
3414
3434
3267
3076
2969
3005
3038
2695
2402
2314
2144
2227
2357
2493
2517
2404
2392
2323
2320
2437
2418
2173
1561
917
513
550
1153
2254
3792
5240
6245
6711
6607
6005
4978
3752
2369
1040
-156
-1171
-1517
-1142
-198
1132
2442
3751
4673
5095
5104
4709
3859
2706
1348
-79
-1055
-1775
-1982
-1588
-900
7
1078
2064
2921
3433
3556
3225
2453
1639
791
-387
-1369
-1945
-2123
-1853
-1459
-771
263
1165
1681
1889
2045
1998
1638
896
176
-615
-1364
-1876
-2143
-2163
-1957
-1603
-1249
-865
-481
-182
-97
-317
-422
-684
-1102
-1472
-1806
-1870
-1902
-1875
-1688
-1435
-1073
-878
-615
-437
-430
-507
-693
-997
-1140
-1356
-1620
-1701
-1657
-1594
-1257
-1000
-885
-795
-705
-449
-345
-275
-247
-619
-1153
-1726
-2513
-3605
-4654
-5501
-5994
-6294
-6428
-6199
-5627
-4716
-3742
-2933
-2152
-1499
-1187
-1500
-1994
-2645
-3459
-4423
-5145
-5593
-5706
-5423
-5048
-4282
-3240
-2313
-1378
-854
-467
-461
-595
-991
-1443
-1963
-2494
-2926
-3059
-2926
-2673
-2235
-1591
-846
-184
211
650
995
1248
1418
1338
1210
1114
1141
1189
1292
1312
1649
2116
2310
2492
2943
3235
3358
3403
3414
3315
3155
2956
3096
3265
3194
3058
3018
3063
3034
2805
2637
2534
2376
2179
2048
2010
1939
1741
1577
1607
1700
1944
2126
2186
2256
2305
2183
1890
1409
946
539
136
85
411
1263
2608
4006
5278
6043
6201
5852
5048
3890
2489
1031
-240
-1221
-1668
-1522
-1035
-100
1262
2644
3646
4257
4246
3982
3434
2291
1046
-199
-1462
-2584
-3083
-2922
-2198
-1181
-92
806
1615
2318
2587
2354
1695
915
119
-1041
-2143
-2746
-3096
-3123
-2511
-1641
-871
-137
595
1254
1438
1271
912
351
-331
-989
-1626
-2329
-2864
-2975
-2753
-2527
-2167
-1672
-1133
-664
-486
-513
-589
-820
-1201
-1606
-1952
-2267
-2354
-2089
-1790
-1514
-1297
-985
-626
-406
-404
-490
-730
-1098
-1512
-1922
-2042
-1954
-2008
-1941
-1694
-1464
-1320
-1080
-833
-837
-901
-913
-906
-1091
-1416
-1980
-2879
-3835
-4686
-5573
-6386
-6799
-6833
-6522
-6243
-5752
-4679
-3546
-2552
-1896
-1536
-1587
-1878
-2568
-3575
-4367
-5068
-5735
-6001
-5873
-5272
-4526
-3810
-3026
-2021
-1231
-822
-349
-188
-591
-1066
-1528
-2068
-2466
-2795
-2900
-2739
-2453
-1870
-1070
-222
372
709
1103
1513
1723
1595
1412
1319
1217
1119
1171
1339
1469
1835
2092
2408
2744
3064
3432
3571
3512
3407
3323
3229
3044
2854
2784
2806
2805
2749
2745
2703
2640
2604
2539
2253
2017
1908
1773
1611
1504
1448
1559
1668
1859
1852
1795
1760
1816
1989
1872
1404
638
112
-66
196
1019
2388
3921
5124
6030
6317
6160
5577
4427
3038
1571
137
-754
-1351
-1577
-1249
-255
1076
2401
3520
4370
4783
4550
3806
2713
1521
253
-1044
-2184
-2886
-2780
-2086
-1264
-246
1032
2097
2699
2944
3028
2797
1945
792
-321
-1372
-2108
-2426
-2459
-2165
-1530
-556
220
900
1410
1719
1917
1632
1132
358
-469
-1078
-1725
-2120
-2059
-1987
-2043
-1795
-1259
-674
-103
100
77
87
-28
-500
-971
-1300
-1542
-1799
-1938
-1691
-1161
-746
-499
-137
74
-7
-153
-223
-368
-467
-887
-1181
-1248
-1243
-1187
-995
-818
-699
-507
-93
148
265
276
164
-2
-412
-985
-1688
-2508
-3472
-4358
-4936
-5293
-5553
-5621
-5135
-4204
-3386
-2708
-2051
-1360
-924
-729
-805
-1271
-2032
-2938
-3717
-4394
-4820
-4765
-4341
-3796
-3131
-2159
-1188
-305
293
543
634
549
50
-623
-1140
-1383
-1654
-1793
-1607
-1233
-959
-415
417
1176
1534
1846
2069
2041
1824
1607
1372
1216
1170
1250
1603
1937
2335
2833
3100
2984
2521
1887
1176
491
275
483
848
1279
1872
2635
3444
3964
3953
3769
3436
2565
1491
673
126
-142
103
799
1928
3199
4444
5542
6233
6686
6701
6369
5796
4957
4017
3328
2792
2277
2196
2787
3939
5571
7188
8609
9661
10343
10155
9389
8154
6500
4682
3017
1817
1041
570
654
1554
2677
3785
4925
5769
6220
6184
5583
4487
3158
1825
520
-698
-1527
-1791
-1571
-1019
-305
657
1568
2252
2822
3043
2857
2237
1297
280
-837
-1906
-2595
-2968
-3186
-3113
-2533
-1656
-867
-199
360
773
840
608
50
-512
-1171
-1773
-2209
-2653
-2648
-2285
-1891
-1311
-554
-3
441
835
1155
1227
894
557
367
163
-10
32
317
706
958
1213
1613
1972
2095
2080
2105
1888
1606
1202
866
781
795
893
1085
1075
1079
1119
1097
1100
1220
1425
1432
1254
924
510
-4
-631
-1386
-2323
-3296
-4150
-4801
-5077
-5098
-4892
-4549
-3969
-3032
-2237
-1579
-1157
-971
-1088
-1596
-2305
-3178
-4085
-4974
-5524
-5751
-5490
-4990
-4272
-3483
-2849
-2202
-1756
-1240
-1026
-1276
-1669
-2174
-2717
-3405
-4008
-4303
-4378
-4182
-3686
-2983
-2250
-1760
-1233
-669
-190
156
79
-358
-785
-1170
-1663
-2269
-2525
-2456
-2185
-1635
-792
-116
375
860
1217
1281
1121
829
272
-583
-1230
-1549
-1601
-1607
-1425
-853
-264
99
229
334
208
-126
-676
-1273
-1915
-2570
-3122
-3588
-3751
-3522
-3117
-2495
-1972
-1582
-1528
-1737
-2144
-2955
-4290
-5473
-6082
-6115
-5362
-3866
-2101
-466
753
1303
1191
475
-942
-2526
-4423
-6431
-8022
-8816
-8634
-7913
-6633
-4931
-3163
-1626
-571
-175
-420
-1163
-2119
-3642
-5287
-6711
-7697
-8141
-7868
-6867
-5532
-4095
-2658
-1377
-418
-100
-177
-442
-1035
-2122
-3391
-4392
-5145
-5316
-5134
-4625
-3709
-2734
-1768
-887
-157
245
411
271
-193
-846
-1541
-2340
-2974
-3080
-3066
-2978
-2575
-1873
-1183
-684
-282
-195
-236
-318
-562
-827
-1214
-1715
-2100
-2148
-1903
-1787
-1541
-1156
-675
-350
-201
-263
-488
-544
-701
-994
-1279
-1498
-1725
-1587
-1253
-957
-667
-457
-226
-106
38
306
386
516
402
50
-481
-1197
-1977
-2915
-3767
-4176
-4236
-4111
-3775
-3154
-2413
-1465
-541
564
1358
1644
1570
1250
824
328
-149
-828
-1442
-1529
-1459
-978
-167
761
1662
2446
3278
3781
3884
3948
3712
3260
2788
2213
1616
1181
1097
1198
1566
2053
2556
3069
3484
3841
4051
4047
3986
3825
3443
3299
3172
3033
2910
2783
2711
2757
3127
3336
3550
3745
3688
3601
3492
3371
3271
3140
2970
2929
2937
3003
2833
2793
2679
2619
2654
2462
2183
2055
1946
1704
1602
1449
1361
1334
1392
1566
1790
1865
1938
2003
2069
2150
1907
1342
590
-98
-602
-810
-374
678
2007
3227
4170
4713
4829
4394
3665
2831
1853
820
104
-27
265
577
1382
2601
3614
4603
5352
5508
5153
4365
3304
2260
1162
253
-334
-437
-155
388
1341
2509
3473
4289
4837
5026
4941
4498
3677
2842
2091
1127
481
226
298
678
1197
1975
3026
3840
4317
4598
4468
4131
3647
2988
2419
1798
917
352
415
816
1224
1560
2044
2523
2822
3042
3091
3157
2906
2220
1649
1221
996
814
570
587
738
871
1188
1443
1697
1828
1760
1715
1520
1281
1272
1213
879
611
703
960
1453
1723
1497
1403
1552
1821
2056
2218
2015
1740
1177
467
-201
-1045
-1720
-2384
-2909
-3032
-2882
-2568
-2047
-1303
-376
442
1225
1820
2024
1918
1408
612
-201
-770
-1305
-1654
-1623
-1344
-809
-5
862
1674
2481
3039
3101
3063
2833
2356
1679
1202
685
218
84
74
181
565
1003
1467
2000
2430
2667
2602
2524
2262
1935
1515
995
865
827
791
690
629
813
1148
1351
1524
1583
1698
1622
1362
1153
832
704
681
652
543
392
300
437
452
311
187
-62
-488
-758
-802
-878
-1004
-1200
-1316
-1310
-1267
-1121
-974
-813
-808
-841
-755
-747
-1010
-1428
-1743
-1671
-993
145
1437
2929
4533
5509
5629
4949
3981
2597
939
-1048
-2974
-4371
-5283
-5706
-5228
-3944
-2054
30
1803
3114
3906
3933
3330
2276
781
-905
-2576
-4135
-5332
-5705
-5258
-4359
-3262
-1977
-721
253
1000
1197
877
278
-711
-2062
-3352
-4402
-5233
-5655
-5573
-5141
-4428
-3430
-2305
-1172
-422
-199
-340
-623
-966
-1650
-2519
-3336
-3997
-4372
-4426
-4442
-4219
-3630
-3142
-2649
-2362
-2047
-1901
-2150
-2375
-2553
-2724
-2839
-2901
-2721
-2354
-1911
-1396
-991
-760
-622
-384
-134
-119
-391
-767
-1077
-1290
-1263
-1102
-903
-508
-137
16
204
492
663
866
1040
1131
960
754
263
-506
-1346
-2312
-3193
-3889
-4241
-4351
-4388
-4198
-3509
-2424
-1365
-497
193
658
828
610
324
-197
-964
-1734
-2422
-2931
-3146
-3073
-2687
-1929
-1086
-256
599
1334
1620
1452
1261
833
264
-334
-859
-1504
-1912
-1965
-1778
-1473
-998
-472
-12
449
773
1018
1133
899
642
248
-143
-248
-481
-509
-305
-282
40
399
789
1131
1191
1272
1355
1417
1275
1048
921
880
908
872
936
995
1159
1172
1075
999
885
685
505
220
69
30
-40
-102
-125
-50
126
281
350
322
433
570
552
465
52
-574
-1168
-1449
-1241
