-5245
-4768
-4364
-3989
-3767
-3699
-3663
-3732
-4057
-4320
-4524
-4556
-4684
-4720
-4709
-4452
-4067
-3833
-3833
-3493
-2989
-2846
-2905
-3015
-3254
-3667
-4241
-5096
-6071
-7133
-7871
-8327
-8549
-8401
-8103
-7551
-6766
-5802
-4965
-4170
-3453
-3088
-3107
-3557
-4441
-5337
-6102
-6765
-7137
-7206
-7063
-6542
-5903
-4911
-3836
-2813
-2117
-1996
-2071
-2130
-2478
-3093
-3687
-4321
-4848
-5224
-5373
-5143
-4715
-4210
-3559
-3075
-2595
-2451
-2515
-2757
-3426
-4196
-4900
-5169
-5291
-5130
-4516
-3492
-2084
-1215
-1167
-1657
-2680
-4115
-5968
-7993
-9739
-11101
-11771
-11558
-10638
-9099
-7404
-6097
-5156
-4515
-4578
-5475
-6879
-8473
-10254
-11759
-12681
-12881
-12196
-10828
-8607
-5854
-3062
-931
560
1279
1357
768
-371
-1784
-3397
-5057
-6452
-7231
-6807
-5276
-2739
169
2923
5214
6541
6721
5890
4362
2541
434
-1919
-4084
-5611
-6438
-6356
-5266
-3734
-1854
-123
736
859
400
-667
-2019
-3657
-5512
-7484
-9278
-10176
-10361
-9797
-8594
-7181
-5665
-4372
-3545
-3188
-3337
-4101
-5341
-6854
-8690
-10252
-11303
-11914
-12016
-11523
-10564
-9140
-7676
-6456
-5520
-4935
-4802
-5247
-5918
-6764
-8124
-9404
-10433
-11299
-11527
-11289
-10735
-9654
-8456
-7150
-5926
-5009
-4339
-3814
-3650
-3499
-3524
-3801
-3992
-3992
-3689
-3324
-2880
-2533
-1995
-1389
-1018
-780
-712
-709
-711
-867
-1309
-1599
-1781
-1953
-2127
-1971
-1826
-1794
-1801
-2001
-2144
-2356
-2539
-2523
-2784
-3208
-3397
-3677
-4325
-5190
-5958
-6556
-6813
-6951
-6883
-6628
-6156
-5636
-5027
-4305
-3628
-3208
-3152
-3373
-3846
-4725
-5806
-6824
-7669
-8385
-8614
-8554
-8484
-8037
-7262
-6451
-5532
-4762
-4350
-4083
-4119
-4201
-4518
-5058
-5560
-5834
-5848
-5537
-4997
-4281
-3278
-2275
-1437
-582
124
856
1231
1450
1704
1779
1737
1471
751
-221
-1173
-2128
-3279
-4125
-4202
-3531
-2053
-47
1925
3533
4636
5250
5155
4229
2728
1011
-876
-2630
-3856
-4270
-3716
-2355
-467
1548
3527
5148
6157
6292
5723
4616
3043
1287
-338
-1469
-2070
-1965
-1034
823
3075
5098
6411
6974
7049
6737
6349
6041
5847
5832
6119
6452
6580
6491
6139
5906
5289
4145
2847
1605
740
10
-422
-451
83
1131
2273
3258
4094
4634
4675
4302
3477
2276
946
-280
-1311
-2047
-2437
-2327
-1806
-990
-158
590
1320
1771
1701
1375
728
-162
-1229
-2260
-3013
-3772
-4404
-4645
-4493
-4081
-3797
-3590
-3372
-3129
-3025
-3140
-3353
-3618
-3798
-4175
-4476
-4624
-4717
-4509
-4112
-3810
-3569
-3322
-3108
-3164
-3337
-3396
-3495
-3737
-3867
-3913
-3924
-3776
-3477
-3060
-2589
-2116
-1664
-1336
-1154
-1073
-1032
-1408
-1821
-2179
-2604
-3183
-3472
-3449
-3517
-3452
-3209
-2725
-2377
-2286
-2121
-1751
-1682
-1891
-2193
-2933
-4095
-5361
-6668
-8105
-9129
-9761
-10293
-10586
-10534
-9775
-8705
-7616
-6645
-5653
-4850
-4637
-4933
-5424
-6275
-7397
-8392
-9165
-9796
-10262
-10385
-9981
-9277
-8417
-7473
-6639
-5947
-5511
-5337
-5499
-5983
-6613
-7194
-7620
-7945
-8134
-8151
-7979
-7681
-7027
-6213
-5682
-5054
-4404
-3817
-3502
-3321
-3055
-2849
-2864
-2769
-2517
-2281
-1945
-1489
-1017
-715
-620
-398
-173
-96
-143
-251
-470
-816
-1049
-1169
-1140
-1153
-1083
-1097
-996
-914
-899
-1002
-1205
-1485
-1833
-2074
-2222
-2363
-2616
-2810
-2749
-2586
-2607
-2558
-2326
-2232
-2241
-2175
-2135
-2311
-2873
-3722
-4247
-4334
-3914
-2912
-1678
-507
541
1056
1063
472
-628
-2003
-3635
-5270
-6651
-7590
-8129
-7964
-6976
-5611
-4298
-3049
-1963
-1237
-1111
-1422
-2280
-3643
-5139
-6692
-7988
-8960
-9203
-8748
-8015
-6581
-5305
-4207
-3217
-2477
-2151
-2407
-3012
-3916
-5042
-6217
-7250
-8135
-8694
-8543
-7884
-6969
-6058
-5114
-4139
-3507
-3240
-3031
-3161
-3622
-4305
-5084
-5910
-6549
-6837
-6944
-6764
-6379
-5732
-5278
-4878
-4546
-4465
-4519
-4740
-5113
-5566
-6078
-6360
-6617
-6850
-6705
-6544
-6192
-5764
-5485
-5289
-5299
-5593
-5825
-5845
-6097
-6588
-6905
-6913
-6882
-6672
-6442
-6249
-5930
-5600
-5312
-5187
-5070
-4948
-5156
-5349
-5653
-6068
-6656
-7504
-8442
-9396
-10169
-10880
-11207
-11047
-10821
-10261
-9378
-8378
-7313
-6365
-5705
-5372
-5298
-5707
-6595
-7431
-8239
-9067
-9550
-9710
-9505
-8961
-7998
-6935
-6137
-5266
-4321
-3593
-3331
-3467
-3814
-4307
-4914
-5589
-6148
-6312
-6222
-5805
-5396
-4739
-4144
-3438
-2456
-1919
-1694
-1289
-1113
-1274
-1497
-1545
-1435
-1512
-1465
-1257
-955
-761
-568
-159
359
604
775
1018
1263
1238
1067
863
774
615
550
583
584
549
329
312
351
150
-205
-437
-402
-359
-554
-762
-745
-645
-470
-411
-423
-268
64
191
184
-30
-399
-760
-1155
-1545
-1798
-1530
-667
657
2224
3565
4373
4488
4218
3634
2475
1059
-436
-1789
-2891
-3425
-3353
-2836
-1760
-352
917
2077
2821
3067
2791
2127
1015
-267
-1492
-2639
-3659
-4285
-4298
-3683
-2601
-1330
-259
479
1072
1324
1238
842
129
-844
-1994
-3173
-3972
-4550
-4716
-4086
-3213
-2478
-1804
-1098
-316
56
60
-238
-841
-1634
-2534
-3376
-4113
-4327
-4302
-4132
-3868
-3444
-2743
-2237
-1900
-1809
-1883
-1993
-2353
-2659
-3061
-3371
-3551
-3674
-3693
-3719
-3302
-2778
-2373
-2298
-2279
-2238
-2184
-2204
-2540
-2913
-3192
-3459
-3652
-3623
-3454
-3119
-3036
-2923
-2631
-2338
-2280
-2310
-2243
-2199
-2423
-2926
-3415
-4036
-4778
-5695
-6746
-7536
-7973
-8179
-8150
-7681
-6867
-5987
-5140
-4251
-3415
-2942
-2830
-3140
-3858
-4700
-5711
-6785
-7511
-7822
-7732
-7250
-6581
-5746
-4675
-3816
-3096
-2450
-1949
-1823
-2238
-2756
-3371
-3860
-4250
-4537
-4638
-4477
-4056
-3614
-3088
-2443
-1745
-1090
-646
-261
-201
-323
-422
-541
-647
-689
-728
-713
-688
-373
178
562
839
1120
1271
1465
1585
1568
1488
1484
1345
1248
1329
1355
1362
1233
1123
1108
965
771
609
462
465
414
150
-60
-151
-175
-46
-24
3
20
175
85
-16
-103
-258
-449
-895
-1562
-2114
-1995
-1124
109
1446
2770
3958
4473
4248
3558
2425
1127
-221
-1573
-2933
-3855
-4199
-3948
-3010
-1669
-235
979
1779
2215
2271
1756
694
-701
-2038
-3369
-4713
-5472
-5383
-4973
-4162
-3175
-1888
-824
-151
180
247
-25
-708
-1714
-2867
-3927
-4837
-5452
-5662
-5465
-4936
-4071
-3178
-2215
-1405
-987
-790
-991
-1714
-2550
-3297
-4082
-4858
-5481
-5659
-5423
-5070
-4690
-4215
-3672
-3235
-2933
-2963
-3127
-3497
-4050
-4460
-4642
-4934
-5169
-5063
-4783
-4560
-4363
-4035
-3754
-3575
-3400
-3361
-3583
-4003
-4267
-4547
-4749
-4743
-4790
-4776
-4574
-4296
-4184
-4065
-3901
-3825
-3645
-3534
-3404
-3470
-3984
-4740
-5597
-6396
-7328
-8438
-9233
-9605
-9749
-9487
-9105
-8462
-7627
-6694
-5818
-5039
-4606
-4594
-4862
-5285
-6040
-6954
-7663
-8402
-8950
-9079
-8788
-8265
-7459
-6316
-5241
-4375
-3756
-3436
-3293
-3324
-3611
-4111
-4816
-5187
-5339
-5406
-5274
-5082
-4694
-3964
-3216
-2480
-1713
-1003
-531
-542
-830
-1134
-1256
-1224
-1406
-1436
-1404
-1142
-803
-436
-66
245
729
1204
1356
1366
1329
1414
1292
1150
1120
990
958
1056
1121
1125
1085
1021
1168
1082
720
424
265
325
156
-48
-157
-63
-50
129
162
230
57
35
191
310
-33
-875
-1872
-2782
-3397
-3564
-2900
-1771
-552
569
1367
1770
1601
1047
313
-488
-1429
-2131
-2443
-2529
-2331
-1665
-845
216
1322
1999
2292
1993
1210
521
-492
-1787
-2722
-3457
-3988
-3936
-3371
-2347
-1142
78
999
1629
2032
2064
1781
1048
225
-632
-1625
-2509
-2969
-2881
-2429
-1729
-942
-52
884
1550
1931
1964
1686
1157
380
-550
-1345
-1978
-2400
-2564
-2351
-1911
-1422
-928
-339
-12
305
525
387
17
-481
-1187
-1759
-2339
-2848
-3247
-3222
-3039
-2961
-2771
-2501
-2413
-2443
-2399
-2310
-2442
-2737
-3010
-3287
-3383
-3485
-3694
-3829
-3676
-3410
-3358
-3242
-3091
-3009
-3020
-3038
-3173
-3284
-3517
-4020
-4740
-5782
-6932
-7859
-8510
-8923
-8847
-8352
-7676
-6984
-6083
-5079
-4267
-3667
-3460
-3485
-3746
-4287
-5072
-5868
-6627
-7149
-7262
-7025
-6373
-5449
-4543
-3699
-2741
-1895
-1351
-1017
-1099
-1374
-1752
-2255
-2840
-3208
-3264
-3242
-3137
-2739
-2005
-1155
-431
81
479
835
1151
1295
1157
919
842
832
615
607
743
833
1101
1503
2062
2358
2463
2599
2726
2895
2874
2615
2448
2258
1991
1861
1867
1846
1840
1760
1719
1594
1498
1318
1143
969
913
750
554
616
655
584
682
744
806
953
951
956
870
696
446
207
415
1194
2342
3723
5102
6515
7630
8063
7767
6772
5227
3323
1094
-1076
-3028
-4458
-4950
-4613
-3554
-1757
436
2624
4614
6047
6544
6191
5229
3733
1867
-30
-1953
-3651
-4784
-5098
-4602
-3495
-2023
-386
987
1819
2288
2349
1980
1061
-188
-1688
-3155
-4565
-5557
-5716
-5399
-4779
-3940
-3059
-2142
-1138
-504
-257
-184
-614
-1441
-2261
-2979
-3701
-4379
-4985
-5193
-5023
-4797
-4476
-4093
-3820
-3553
-3264
-3156
-3313
-3644
-3826
-3864
-3718
-3548
-3369
-3072
-2818
-2250
-1679
-1283
-1171
-1293
-1497
-1758
-2000
-2475
-2691
-2772
-2722
-2470
-2205
-1949
-1603
-1219
-924
-557
-216
-71
-229
-434
-726
-1383
-2113
-2938
-3727
-4584
-5477
-5948
-6221
-6463
-6257
-5609
-4893
-3874
-2906
-2175
-1567
-1277
-1366
-1835
-2668
-3571
-4400
-5424
-6321
-6807
-6789
-6413
-5700
-4864
-3950
-3076
-2427
-1821
-1491
-1449
-1775
-2309
-2934
-3596
-4167
-4666
-4839
-4831
-4426
-3938
-3306
-2621
-2012
-1326
-756
-355
-158
-164
-348
-621
-810
-775
-794
-858
-808
-494
11
556
952
1117
1423
1770
1932
1997
1761
1676
1785
1840
1791
1781
1881
1901
1837
1755
1744
1860
1790
1634
1326
1231
1219
1086
935
1089
1322
1405
1431
1319
1338
1534
1628
1663
1541
1070
426
-358
-1000
-1347
-1245
-620
515
1765
2564
3069
2985
2487
1607
390
-914
-1909
-2792
-3345
-3446
-3008
-1921
-444
1162
2388
3350
3857
3730
3108
1938
394
-1160
-2742
-3978
-4800
-5080
-4681
-3749
-2375
-999
337
1497
2075
2280
2014
1405
404
-734
-1899
-2674
-3096
-3111
-2830
-2265
-1382
-375
595
1401
1915
2203
2057
1483
871
140
-764
-1377
-1790
-1945
-1887
-1762
-1482
-759
-115
395
716
902
881
709
500
67
-367
-744
-1122
-1365
-1457
-1354
-1113
-909
-870
-795
-838
-1012
-1217
-1494
-1787
-2242
-2566
-2579
-2593
-2684
-2643
-2308
-2014
-1922
-1800
-1679
-1622
-1646
-1655
-1844
-2429
-3074
-3688
-4482
-5359
-6276
-7176
-7786
-7864
-7757
-7561
-6916
-5867
-4871
-3986
-3217
-2685
-2585
-2839
-3282
-3892
-4700
-5481
-6225
-6709
-6732
-6271
-5522
-4617
-3704
-2580
-1516
-716
-293
-249
-273
-545
-998
-1376
-1885
-2320
-2581
-2356
-1917
-1440
-719
121
920
1544
2068
2492
2772
2793
2609
2377
2104
2008
2014
1930
2066
2363
2685
2889
3139
3495
3826
3962
3962
4034
3939
3757
3721
3598
3457
3381
3234
3116
3133
3125
3124
3149
3031
2697
2472
2192
1835
1690
1568
1618
1735
1761
1762
1854
1859
1871
1867
1971
1966
1559
928
278
-63
-138
333
1377
2776
4262
5545
6270
6294
5764
4912
3693
2422
1063
-211
-1092
-1472
-1399
-688
591
2168
3404
4476
5120
5263
4852
4050
2911
1488
275
-918
-1828
-2212
-1933
-1179
-160
1034
2062
2917
3441
3539
3176
2607
1871
893
-153
-1090
-1793
-2186
-2013
-1476
-806
190
1068
1774
2225
2378
2101
1753
1314
551
-228
-991
-1737
-2145
-2211
-2006
-1574
-1049
-592
-81
72
-126
-318
-384
-668
-1093
-1492
-1854
-2267
-2524
-2190
-1789
-1584
-1372
-1076
-840
-813
-921
-889
-945
-1115
-1501
-1964
-2142
-2200
-2122
-1945
-1673
-1255
-985
-933
-828
-709
-536
-330
-323
-666
-1216
-1760
-2475
-3483
-4611
-5372
-5765
-6022
-6049
-5805
-5373
-4549
-3715
-2825
-2016
-1448
-1261
-1222
-1516
-2213
-3074
-3840
-4533
-4981
-5307
-5231
-4702
-3993
-3045
-2067
-1177
-640
-216
192
225
-153
-723
-1335
-2033
-2546
-2903
-2812
-2558
-2165
-1582
-752
69
706
1114
1298
1517
1774
1845
1659
1520
1251
1091
1197
1338
1437
1757
2173
2498
2721
2944
3215
3367
3315
3241
3129
3144
3170
3196
3167
2982
2898
3091
3242
3203
2985
2875
2684
2615
2428
2233
2094
2109
2076
2152
2204
2139
2449
2763
2735
2503
2421
2465
2167
1565
996
411
381
901
1776
2856
4188
5597
6592
6845
6444
5618
4531
3190
1710
382
-669
-1265
-1366
-867
210
1548
2994
4133
4979
5289
4987
4188
2995
1600
254
-902
-1939
-2485
-2333
-1902
-940
228
1317
2094
2674
2972
2919
2274
1373
508
-270
-1327
-2312
-2827
-2884
-2517
-1794
-883
23
844
1435
1627
1668
1571
1020
174
-669
-1412
-1908
-2311
-2563
-2444
-1957
-1554
-1092
-724
-329
-30
-58
-94
-236
-570
-1066
-1588
-1754
-1689
-1664
-1517
-1261
-897
-394
-216
-177
-125
-349
-520
-671
-758
-994
-1349
-1635
-1553
-1197
-1022
-971
-745
-569
-440
-300
-184
-136
-87
-220
-744
-1436
-2205
-3104
-3878
-4658
-5395
-5847
-5941
-5841
-5471
-4712
-3892
-3020
-2245
-1679
-1451
-1543
-1820
-2370
-3029
-3687
-4525
-5331
-5678
-5541
-5237
-4544
-3694
-2639
-1702
-1038
-456
-109
-11
-236
-648
-1091
-1605
-2169
-2519
-2536
-2326
-1908
-1318
-783
0
756
1387
1973
2299
2399
2248
2099
1973
1719
1617
1598
1776
2117
2386
2636
3078
3684
4048
4034
4096
4229
4201
4106
3893
3804
3713
3647
3639
3510
3475
3571
3726
3702
3360
3245
3231
3098
2972
2755
2620
2602
2538
2457
2481
2716
2757
2799
2713
2779
2728
2534
2202
1575
1117
741
866
1591
2738
4143
5393
6322
6936
6836
6051
4935
3754
2499
1155
-55
-808
-907
-525
275
1452
2798
4103
4952
5333
5397
4745
3666
2551
1128
-286
-1434
-2091
-2148
-1545
-677
266
1263
2049
2858
3515
3633
3220
2614
1814
841
-235
-1338
-1925
-2026
-1625
-959
-259
530
1371
2203
2632
2476
2165
1634
1045
472
-277
-1003
-1485
-1874
-1866
-1344
-850
-376
-70
336
677
845
784
613
186
-373
-798
-1000
-1210
-1300
-1070
-849
-481
-90
177
341
476
387
4
-339
-504
-567
-732
-880
-948
-832
-637
-345
-49
139
199
279
393
419
486
481
59
-686
-1388
-2099
-2905
-3823
-4615
-5318
-5606
-5629
-5212
-4411
-3612
-2905
-2020
-1146
-542
-457
-697
-1182
-1989
-2758
-3483
-4046
-4359
-4599
-4563
-4018
-3269
-2551
-1649
-751
-96
285
449
526
361
-114
-654
-1155
-1417
-1811
-1982
-1709
-1103
-540
185
797
1325
1745
2073
2034
1895
1579
1115
975
1050
1333
1769
2111
2438
2676
2614
2577
2254
1802
1301
864
487
423
565
976
1627
2479
3341
3944
4161
3820
3172
2428
1595
915
358
10
200
911
1904
3078
4312
5384
6243
6716
6799
6594
5934
4958
4008
3270
2873
2622
2496
2878
3736
5169
6824
8402
9656
10265
10184
9537
8188
6493
4737
3207
1838
829
371
536
1210
2207
3498
4674
5557
5980
5859
5489
4502
3179
1965
696
-564
-1441
-1781
-1757
-1294
-582
350
1378
2140
2467
2677
2632
2033
1277
329
-622
-1575
-2415
-2996
-3285
-3069
-2450
-1611
-890
-110
370
623
600
437
10
-584
-1239
-1842
-2249
-2501
-2531
-2245
-1852
-1211
-570
174
905
1147
1251
1242
1034
728
376
265
300
325
194
479
1008
1552
1917
2126
2137
2173
2093
2114
1961
1590
1155
1023
974
901
881
806
999
1361
1425
1367
1507
1632
1684
1551
1251
834
266
-309
-831
-1540
-2495
-3512
-4161
-4430
-4635
-4529
-4264
-3710
-2924
-2159
-1420
-839
-596
-745
-1191
-1939
-2746
-3731
-4624
-5310
-5579
-5351
-4944
-4353
-3567
-2608
-1765
-1230
-791
-627
-793
-1150
-1781
-2524
-3114
-3687
-4113
-4240
-4132
-3666
-2945
-2089
-1336
-705
-166
158
424
528
259
-86
-558
-1068
-1565
-2003
-2275
-2107
-1523
-838
-121
645
1305
1748
1798
1526
1245
725
44
-678
-1127
-1433
-1509
-1133
-747
-358
216
834
1189
1069
729
53
-903
-1652
-2279
-2765
-3093
-3005
-2701
-2255
-1772
-1455
-1285
-1104
-1188
-1614
-2487
-3686
-4780
-5487
-5550
-4952
-3668
-1994
-341
1004
1740
1636
780
-554
-2119
-3942
-5679
-7167
-8233
-8573
-7938
-6764
-5186
-3410
-1651
-370
147
111
-430
-1444
-2847
-4293
-5587
-6681
-7392
-7373
-6302
-5115
-3930
-2534
-1253
-166
392
382
154
-564
-1801
-2966
-3869
-4459
-4892
-4741
-4125
-3392
-2534
-1441
-460
249
867
1181
932
467
-97
-738
-1366
-2086
-2507
-2617
-2410
-1897
-1421
-853
-179
215
568
484
349
67
-308
-660
-1007
-1288
-1496
-1429
-1318
-1021
-627
-192
207
295
184
154
52
-94
-387
-695
-872
-910
-963
-1044
-779
-307
207
397
641
954
1074
1049
1017
960
653
262
-189
-1067
-2047
-2746
-3290
-3644
-3546
-3334
-2748
-2073
-1089
-17
719
1438
1945
2096
1938
1424
836
66
-495
-846
-1177
-1003
-417
340
1265
2203
3008
3788
4315
4549
4318
3848
3387
2872
2282
1957
1839
1548
1370
1675
2389
2966
3456
3908
4287
4455
4567
4464
4124
3828
3571
3289
3001
2824
2849
2914
3071
3198
3368
3670
3966
4106
4118
4109
4068
3889
3684
3500
3458
3292
3105
3058
2969
2999
3046
2942
2887
2711
2591
2430
2278
2190
1957
1812
1889
1978
1993
2142
2291
2450
2469
2246
2077
1995
1696
1289
789
601
894
1598
2840
4405
5716
6585
7119
7142
6436
5284
4007
2690
1423
370
-269
-439
-34
1127
2548
3860
5031
5975
6515
6438
6009
5078
3730
2402
1197
262
-406
-461
60
789
1716
2884
4066
4862
5127
4969
4675
4124
3195
2191
1156
372
-62
-158
95
565
1309
2175
3020
3510
3848
4122
4024
3496
2819
2181
1351
644
157
77
138
372
809
1106
1585
2025
2388
2506
2344
2126
1786
1527
1172
785
508
451
723
966
1528
2023
2140
2150
2188
2279
2288
2182
1893
1554
1382
1361
1379
1515
1789
1961
2082
2233
2325
2529
2822
2895
2862
2777
2702
2378
1760
947
-25
-834
-1512
-2051
-2332
-2266
-1810
-1046
-360
400
1431
2224
2601
2556
2285
1883
1285
583
-290
-994
-1351
-1463
-1448
-981
-140
792
1726
2596
3051
3224
3176
2959
2424
1885
1333
470
-264
-680
-758
-441
-45
503
1007
1532
1971
2264
2260
2199
2057
1680
1237
826
605
430
325
300
602
837
1059
1354
1544
1629
1638
1401
1339
1315
1283
1203
1040
870
744
722
772
634
434
486
456
321
164
-38
-94
-110
-332
-518
-593
-534
-484
-411
-397
-357
-416
-470
-486
-683
-1035
-1472
-2035
-2641
-2754
-2078
-862
651
2106
3332
4092
4201
3662
2714
1506
123
-1288
-2687
-3790
-4388
-4245
-3397
-2082
-605
786
1882
2521
2637
2239
1504
311
-1056
-2359
-3554
-4584
-5204
-4972
-4051
-2785
-1632
-744
187
917
1200
1069
410
-390
-1398
-2585
-3459
-4039
-4302
-4121
-3548
-2774
-2012
-935
-6
546
690
528
170
-380
-1054
-1732
-2382
-2933
-3190
-3276
-3142
-2678
-2122
-1406
-957
-714
-487
-334
-380
-707
-1235
-1622
-1857
-2138
-2140
-1918
-1596
-1177
-787
-612
-366
-105
-15
-50
-230
-557
-920
-996
-1093
-1092
-1043
-980
-706
-331
-53
224
468
626
774
872
747
450
-52
-716
-1145
-1914
-3020
-3806
-4403
-4812
-4866
-4460
-3733
-2955
-2083
-1038
-102
437
548
541
346
-266
-1101
-1783
-2428
-2939
-3221
-2918
-2307
-1688
-863
112
933
1582
2055
2261
2045
1679
1029
310
-297
-939
-1319
-1267
-1108
-881
-466
157
738
1309
1894
2141
2103
1828
1514
1186
1063
939
680
411
442
652
797
1100
1464
1645
1692
1751
1813
1782
1571
1492
1508
1339
1179
1166
1161
1148
1058
981
1069
1321
1228
726
493
344
246
71
-64
9
56
88
135
207
264
233
227
249
244
168
64
-116
-151
256
1031
