-5273
-4993
-4575
-4309
-4197
-4214
-4430
-4690
-4982
-5134
-5210
-5244
-5380
-5446
-5353
-5194
-4864
-4660
-4629
-4585
-4442
-4322
-4217
-4180
-4354
-4749
-5289
-5995
-6821
-7782
-8769
-9331
-9476
-9488
-9075
-8512
-7741
-6899
-6010
-5110
-4397
-3972
-4000
-4448
-5027
-5723
-6526
-7089
-7284
-7202
-7002
-6591
-5819
-4675
-3559
-2615
-1930
-1491
-1451
-1814
-2300
-2734
-3275
-3943
-4538
-4875
-4951
-4787
-4437
-3821
-3105
-2478
-1909
-1593
-1699
-2383
-3122
-3702
-4329
-4869
-5176
-5051
-4336
-3214
-1875
-964
-875
-1493
-2682
-4201
-5993
-7865
-9807
-11336
-12089
-11847
-10782
-9521
-7988
-6477
-5274
-4674
-5093
-6183
-7682
-9312
-10911
-12465
-13374
-13393
-12461
-10778
-8642
-6110
-3578
-1265
367
971
602
-84
-1069
-2289
-3767
-5383
-6187
-5912
-4608
-2244
656
3573
6075
7740
8344
8126
7048
5082
2315
-659
-3357
-5711
-7519
-8151
-7594
-5988
-3713
-1280
769
2146
2593
2288
1230
-587
-2916
-5332
-7778
-9685
-10752
-11082
-10633
-9274
-7519
-5740
-4333
-3531
-3197
-3550
-4386
-5668
-7233
-8996
-11011
-12666
-13513
-13638
-13225
-12349
-11049
-9464
-8080
-7117
-6275
-5874
-6055
-6739
-7807
-9241
-10453
-11540
-12392
-12893
-12708
-12110
-11227
-10279
-9213
-7910
-6967
-6214
-5714
-5297
-5002
-5066
-4983
-4793
-4609
-4143
-3696
-3253
-2652
-1884
-1359
-1038
-747
-778
-904
-1025
-1175
-1401
-1651
-1880
-1805
-1604
-1508
-1449
-1220
-1115
-1233
-1452
-1688
-1846
-2005
-2279
-2470
-2822
-3317
-4039
-4689
-5405
-5799
-6152
-6430
-6256
-5741
-5360
-4944
-4269
-3632
-3104
-2721
-2700
-2724
-3136
-4066
-5080
-6210
-7162
-7909
-8405
-8432
-8170
-7673
-7043
-6259
-5369
-4794
-4592
-4444
-4467
-4824
-5384
-5840
-6099
-6491
-6635
-6458
-6056
-5494
-4757
-3630
-2606
-1659
-811
-287
46
299
588
863
820
288
-406
-1222
-2300
-3538
-4653
-5417
-5312
-4147
-2472
-549
1426
3011
4235
4944
4871
4087
2553
701
-1117
-2849
-3947
-4118
-3380
-1764
298
2426
4188
5418
6255
6471
5978
4931
3422
1711
79
-1056
-1489
-1062
323
2233
4150
5860
7281
8133
8569
8808
9021
9182
9141
8977
8738
8362
7822
7218
6596
5492
4244
3051
1889
890
192
-238
-246
377
1218
2227
3268
4185
5015
5362
4945
4179
3201
2099
976
-171
-1115
-1804
-2137
-2116
-1791
-1196
-592
4
312
326
325
-48
-886
-1883
-2752
-3474
-4322
-4891
-5145
-5333
-5281
-4980
-4672
-4325
-4089
-4094
-4124
-4219
-4543
-4958
-5179
-5370
-5265
-5135
-5003
-4701
-4452
-4290
-4103
-4026
-4117
-4130
-4202
-4426
-4648
-4729
-4648
-4184
-3764
-3422
-2978
-2377
-1793
-1222
-780
-510
-370
-417
-622
-983
-1392
-1747
-2057
-2341
-2457
-2420
-2397
-2249
-1838
-1498
-1490
-1320
-948
-678
-724
-994
-1443
-2154
-3185
-4482
-6015
-7411
-8469
-9267
-9782
-9938
-9640
-9033
-8121
-7153
-6182
-5262
-4595
-4423
-4711
-5189
-5907
-6870
-7839
-8709
-9609
-10169
-10251
-9898
-9383
-8763
-7888
-7022
-6243
-5637
-5697
-5935
-6210
-6670
-7326
-7943
-8471
-8658
-8804
-8804
-8497
-7915
-7365
-6766
-5854
-4852
-4255
-4009
-3989
-3798
-3468
-3261
-3031
-2728
-2538
-2365
-2222
-1893
-1328
-828
-635
-489
-478
-635
-787
-1010
-1259
-1427
-1470
-1409
-1405
-1333
-1293
-1243
-1231
-1266
-1363
-1453
-1685
-1892
-2168
-2507
-2731
-2788
-2825
-2780
-2722
-2628
-2438
-2403
-2531
-2313
-2191
-2259
-2469
-3148
-3884
-4313
-4499
-4268
-3460
-2074
-573
510
999
775
-12
-1291
-2751
-4208
-5604
-6757
-7594
-7827
-7808
-7190
-5883
-4532
-3267
-2286
-1730
-1779
-2374
-3307
-4621
-6249
-7632
-8592
-9275
-9539
-9199
-8198
-6939
-5582
-4280
-3233
-2616
-2407
-2614
-3315
-4565
-5927
-6972
-7906
-8502
-8787
-8709
-7949
-6952
-5930
-4855
-3899
-3254
-3028
-3074
-3373
-3986
-4781
-5383
-5958
-6445
-6853
-6900
-6629
-6178
-5589
-5064
-4585
-4345
-4288
-4414
-4654
-4967
-5363
-5764
-6182
-6449
-6501
-6348
-6173
-5870
-5615
-5373
-5167
-5070
-5040
-5179
-5511
-5851
-6176
-6441
-6484
-6592
-6456
-6213
-5975
-5725
-5417
-5129
-5079
-4921
-4916
-4824
-4855
-5100
-5674
-6457
-7252
-8284
-9306
-10063
-10441
-10791
-10793
-10392
-9669
-8714
-7860
-6926
-5872
-5275
-4965
-5123
-5651
-6362
-7089
-7853
-8547
-9064
-9210
-8871
-8425
-7677
-6575
-5553
-4579
-3877
-3340
-2982
-2916
-3096
-3575
-4235
-4587
-4838
-5077
-5180
-4765
-4340
-3856
-3220
-2400
-1698
-1312
-864
-498
-335
-545
-692
-699
-769
-674
-493
-438
-210
117
604
1022
1301
1543
1781
1928
2084
2070
1914
1714
1549
1504
1549
1561
1749
1702
1522
1314
1265
1172
807
319
170
230
138
125
238
231
263
309
248
384
597
754
789
668
422
-18
-541
-881
-1009
-622
211
1475
2959
4305
5317
5571
5163
4357
3160
1766
497
-791
-1799
-2270
-2161
-1631
-591
810
2155
3101
3657
3791
3361
2520
1540
385
-970
-2256
-3200
-3522
-3174
-2477
-1658
-667
324
1228
1908
2254
2105
1451
596
-416
-1547
-2531
-3277
-3695
-3645
-3167
-2503
-1731
-972
-379
288
708
600
149
-480
-1204
-2136
-2837
-3261
-3710
-3929
-3777
-3405
-2868
-2240
-1708
-1457
-1442
-1385
-1446
-1687
-2104
-2818
-3196
-3272
-3385
-3526
-3369
-2969
-2508
-2028
-1848
-1985
-1939
-1917
-2029
-2213
-2546
-2858
-2957
-2895
-2797
-2777
-2757
-2503
-2369
-2084
-1785
-1766
-1749
-1565
-1521
-1819
-2233
-2896
-3684
-4461
-5309
-6117
-6829
-7468
-7737
-7656
-7219
-6480
-5623
-4855
-4017
-3289
-2854
-2745
-3078
-3821
-4633
-5515
-6494
-7093
-7449
-7467
-6945
-6227
-5451
-4606
-3671
-2751
-2098
-1915
-2058
-2271
-2598
-3170
-3855
-4601
-4794
-4541
-4256
-3906
-3595
-2992
-2288
-1798
-1230
-807
-583
-463
-397
-618
-812
-991
-1110
-1094
-934
-655
-240
25
219
508
796
944
1129
1245
1255
1150
1050
1141
1099
869
865
1028
1099
1137
954
792
596
379
100
53
-10
-319
-759
-869
-711
-595
-413
-311
-305
-279
-296
-137
-110
-445
-934
-1507
-2175
-2744
-2622
-1808
-615
945
2549
3691
4120
3819
2983
1774
366
-1036
-2236
-3387
-4228
-4505
-4156
-3328
-2118
-620
699
1579
1834
1566
892
-104
-1218
-2647
-4113
-5344
-6168
-6098
-5371
-4477
-3450
-2370
-1247
-392
-84
-229
-717
-1470
-2529
-3640
-4600
-5334
-5877
-6090
-5703
-5057
-4183
-3257
-2361
-1719
-1420
-1291
-1489
-2142
-2964
-3832
-4575
-5250
-5797
-5973
-5992
-5810
-5259
-4557
-4137
-3694
-3381
-3358
-3583
-3822
-4122
-4434
-4796
-5070
-5370
-5589
-5503
-5050
-4493
-4077
-3752
-3498
-3533
-3647
-3778
-4030
-4321
-4718
-4866
-4813
-4909
-4833
-4656
-4540
-4394
-4083
-3833
-3839
-3715
-3607
-3501
-3649
-4052
-4590
-5232
-6135
-7064
-7858
-8657
-9281
-9439
-9171
-8844
-8295
-7526
-6637
-5760
-4889
-4409
-4301
-4601
-5204
-5873
-6612
-7410
-8238
-8593
-8747
-8463
-7735
-6843
-5769
-4818
-4037
-3445
-3062
-2936
-3064
-3413
-3815
-4241
-4787
-5289
-5371
-5130
-4824
-4295
-3527
-2603
-1751
-1271
-1081
-819
-458
-376
-573
-799
-733
-712
-899
-868
-561
-173
133
449
912
1313
1626
1935
1910
1979
2016
1908
1739
1650
1672
1798
1806
1773
1765
1706
1608
1558
1605
1442
1273
1066
898
795
673
579
639
723
796
1051
1205
1014
816
798
873
626
-20
-522
-993
-1241
-781
429
1780
3044
3945
4526
4805
4522
3650
2417
1146
-49
-1283
-2177
-2462
-2250
-1467
-280
1082
2187
2959
3493
3673
3112
2133
1047
-178
-1502
-2671
-3285
-3469
-3156
-2295
-1012
58
961
1735
2290
2411
2098
1333
445
-534
-1596
-2432
-2905
-3124
-2999
-2332
-1542
-615
196
756
1210
1336
1212
835
151
-508
-1214
-1888
-2460
-2848
-2897
-2586
-2177
-1520
-984
-434
18
58
-130
-442
-834
-1247
-1855
-2161
-2345
-2562
-2640
-2477
-2099
-1791
-1478
-1345
-1084
-1031
-1069
-1274
-1577
-1870
-2082
-2212
-2409
-2444
-2383
-2123
-1884
-1793
-1672
-1645
-1527
-1479
-1598
-1612
-1819
-2295
-3083
-4041
-4783
-5268
-5878
-6455
-6954
-7162
-7042
-6538
-5698
-4908
-4132
-3279
-2628
-2243
-2432
-2960
-3552
-4197
-5026
-5834
-6219
-6374
-6250
-5754
-5056
-4318
-3330
-2329
-1539
-1142
-979
-937
-1226
-1843
-2476
-3016
-3348
-3539
-3478
-3188
-2898
-2311
-1440
-634
-18
248
468
612
658
576
363
222
257
215
248
457
671
871
1204
1593
1887
2062
2262
2368
2340
2325
2189
2086
2023
2063
2072
2026
2010
1838
1762
1875
1696
1520
1388
1148
884
738
631
536
348
259
298
470
765
819
726
686
698
714
518
163
-447
-869
-779
-293
694
2068
3568
4813
5372
5460
5042
4133
2737
1213
-324
-1642
-2745
-3230
-3156
-2660
-1646
-14
1562
2796
3575
3830
3479
2559
1363
1
-1493
-2865
-3912
-4518
-4435
-3836
-2717
-1402
-362
490
1179
1586
1447
863
-113
-1304
-2426
-3296
-4048
-4516
-4558
-4297
-3653
-2727
-1727
-724
-181
8
-27
-306
-772
-1547
-2581
-3283
-3712
-4083
-4451
-4495
-4184
-3616
-2892
-2505
-2325
-2259
-2220
-2321
-2562
-2859
-3325
-3589
-3549
-3511
-3555
-3376
-3032
-2639
-2207
-1932
-1775
-1826
-2029
-2119
-2332
-2661
-2923
-3054
-3189
-3135
-2936
-2797
-2361
-2025
-2010
-2088
-1939
-1561
-1325
-1333
-1626
-2208
-2881
-3648
-4396
-5332
-6272
-7156
-7422
-7385
-7248
-6766
-6088
-5199
-4316
-3585
-2802
-2398
-2442
-2838
-3306
-3951
-4867
-5908
-6700
-6865
-6805
-6571
-6127
-5192
-4031
-3047
-2359
-1837
-1388
-1260
-1633
-2130
-2649
-3292
-3784
-4004
-4120
-3991
-3574
-3084
-2508
-1929
-1338
-610
-135
208
289
324
238
41
-70
-208
-271
-102
50
493
954
1394
1803
2044
2126
2202
2204
2233
2296
2402
2437
2180
2020
1936
1922
2028
2000
2031
1884
1809
1685
1493
1352
1267
1157
1002
857
857
809
939
1168
1237
1247
1238
1261
1351
1304
808
154
-448
-927
-775
-145
882
2199
3551
4548
4945
4804
4253
3228
1937
457
-796
-1780
-2524
-2654
-2247
-1362
-75
1286
2534
3436
3851
3729
3057
2009
670
-728
-2141
-3199
-3644
-3632
-3080
-2099
-960
186
1182
1892
2200
2188
1861
1008
-81
-1296
-2277
-2857
-3165
-3335
-3060
-2379
-1476
-469
339
879
1362
1592
1357
811
61
-746
-1652
-2338
-2636
-2685
-2643
-2352
-1924
-1352
-801
-388
-189
-17
-236
-455
-871
-1341
-1604
-1813
-2078
-2176
-2027
-1926
-1688
-1235
-950
-830
-778
-800
-893
-1004
-1332
-1752
-2051
-2101
-1903
-1789
-1589
-1520
-1551
-1532
-1242
-1082
-978
-848
-799
-994
-1530
-1940
-2403
-3135
-4173
-5170
-5880
-6261
-6623
-6632
-6235
-5651
-4736
-3868
-3103
-2359
-1844
-1625
-1748
-2387
-3238
-4134
-4851
-5569
-5984
-5886
-5537
-4833
-3892
-3022
-2252
-1458
-733
-368
-168
-100
-464
-1122
-1736
-2259
-2572
-2728
-2684
-2407
-1920
-1296
-618
251
878
1218
1606
1870
1940
1816
1752
1654
1594
1488
1535
1758
2058
2404
2771
3093
3412
3633
3714
3845
3942
3793
3620
3494
3422
3212
3390
3573
3563
3560
3484
3390
3208
2947
2665
2595
2554
2313
2117
2112
2147
2159
2181
2204
2200
2223
2311
2413
2284
2106
1899
1447
742
187
349
1186
2347
3596
4701
5835
6516
6512
5938
4983
3930
2761
1238
-119
-940
-1247
-992
-212
974
2453
3694
4441
4870
4796
4329
3461
2287
939
-378
-1447
-2076
-2272
-1901
-1231
-327
747
1859
2709
3133
3213
2839
2182
1233
178
-831
-1741
-2316
-2555
-2304
-1712
-1047
-246
523
1290
1809
1857
1699
1435
772
-25
-747
-1470
-2147
-2586
-2689
-2485
-2004
-1449
-842
-483
-204
-61
-174
-418
-711
-1110
-1478
-1826
-2062
-2249
-2188
-1884
-1570
-1167
-818
-666
-589
-638
-679
-756
-1114
-1510
-1739
-1887
-2103
-2031
-1786
-1383
-997
-884
-854
-816
-732
-821
-839
-868
-1015
-1353
-1989
-2830
-3835
-4764
-5631
-6133
-6432
-6367
-6113
-5560
-4696
-3851
-2946
-2168
-1700
-1539
-1537
-1932
-2664
-3600
-4560
-5258
-5611
-5555
-5423
-5160
-4643
-3750
-2779
-1759
-1131
-822
-507
-377
-693
-1101
-1658
-2424
-2996
-3138
-3038
-2652
-2168
-1668
-987
-285
247
691
1126
1285
1361
1239
1102
977
803
679
828
1093
1278
1574
2021
2331
2658
3002
3072
2983
2970
2916
2918
2703
2558
2646
2651
2596
2501
2484
2701
2783
2715
2538
2260
1970
1761
1629
1534
1439
1393
1503
1576
1684
1786
1768
1819
1847
2001
2057
1868
1339
596
-149
-367
113
1078
2320
3655
4917
5875
6073
5699
4949
3820
2411
771
-597
-1373
-1748
-1688
-1077
-25
1392
2677
3642
4261
4571
4216
3424
2303
959
-318
-1567
-2556
-2910
-2490
-1835
-939
-44
939
1941
2535
2677
2541
2029
1217
140
-984
-1931
-2536
-2833
-2791
-2246
-1425
-518
292
804
1166
1443
1614
1429
950
164
-642
-1430
-2096
-2396
-2435
-2212
-1867
-1365
-925
-513
-245
-125
-151
-257
-435
-878
-1291
-1582
-1784
-2008
-2089
-1896
-1416
-945
-601
-327
-287
-366
-489
-541
-668
-1108
-1496
-1638
-1591
-1465
-1330
-1154
-1027
-904
-704
-650
-507
-306
-149
-194
-462
-913
-1462
-2083
-3035
-4074
-4999
-5700
-6023
-5965
-5748
-5460
-4916
-3928
-2979
-2098
-1464
-1250
-1272
-1488
-2100
-2905
-3774
-4502
-5035
-5304
-5356
-4891
-4124
-3160
-2305
-1540
-724
-108
177
345
297
-122
-678
-1306
-1733
-1942
-2147
-2210
-1853
-1222
-665
45
898
1454
1924
2176
2247
2350
2276
2030
1986
1855
1808
1943
2189
2523
2785
3092
3580
3945
4002
3953
4144
4381
4461
4265
4022
3800
3683
3674
3559
3633
3805
3770
3567
3433
3297
3075
3003
2780
2527
2347
2313
2383
2395
2508
2712
2902
3000
2770
2585
2616
2654
2396
1791
1347
1241
1413
2072
3092
4384
5730
6619
6917
6763
6153
5270
4038
2545
1167
228
-519
-716
-293
584
1869
3268
4372
4988
5361
5355
4771
3698
2301
964
-345
-1318
-1909
-1962
-1444
-539
570
1775
2752
3301
3622
3640
3164
2362
1326
208
-616
-1277
-1758
-1777
-1427
-912
-70
723
1465
2145
2384
2417
2116
1599
910
23
-725
-1122
-1373
-1564
-1518
-1226
-748
-207
155
468
638
772
582
210
87
-223
-741
-1169
-1472
-1398
-1035
-721
-524
-291
-10
95
239
443
576
237
-42
-290
-604
-839
-865
-716
-537
-313
-34
79
39
259
520
640
531
224
-24
-450
-1077
-2059
-3105
-3825
-4481
-5121
-5279
-5110
-4791
-4248
-3502
-2618
-1616
-892
-568
-561
-740
-1183
-1853
-2768
-3582
-4148
-4525
-4729
-4483
-3717
-2924
-2105
-1215
-426
153
436
411
178
55
-300
-895
-1363
-1679
-1914
-1851
-1465
-923
-329
267
806
1420
1814
1920
1903
1705
1420
1184
880
888
1156
1498
1900
2231
2482
2541
2197
1726
1302
841
421
205
204
457
904
1761
2765
3506
3881
4022
3639
3039
2304
1430
703
248
32
262
990
2020
3213
4457
5638
6461
6876
6888
6343
5557
4744
3941
3218
2739
2512
2566
2874
3716
5051
6668
8201
9317
9862
9732
8849
7509
5999
4401
2792
1387
544
328
547
1216
2422
3678
4772
5645
5973
5742
5117
4201
3091
1830
564
-534
-1375
-1737
-1762
-1353
-568
448
1459
2224
2605
2575
2326
1858
1044
217
-741
-1871
-2691
-3169
-3439
-3323
-2589
-1618
-673
103
595
953
908
523
163
-419
-1179
-1726
-2314
-2516
-2498
-2296
-1886
-1145
-488
50
585
1008
1174
1081
1108
874
545
280
220
243
465
914
1138
1354
1667
2088
2338
2335
2217
2043
1898
1679
1256
945
691
594
787
980
1164
1192
1194
1354
1418
1427
1411
1287
1092
807
438
-112
-795
-1620
-2654
-3461
-4215
-4783
-4777
-4511
-4122
-3536
-2752
-1952
-1312
-726
-558
-917
-1439
-2117
-2891
-3730
-4486
-5072
-5242
-5257
-4951
-4140
-3113
-2324
-1547
-799
-306
-443
-829
-1280
-1811
-2490
-3115
-3433
-3688
-3833
-3711
-3409
-2833
-2085
-1294
-451
-70
253
442
373
205
-154
-743
-1294
-1724
-1859
-1710
-1507
-1179
-613
222
939
1381
1637
1664
1615
1317
695
5
-649
-1101
-1147
-1001
-718
-381
192
782
1284
1462
1246
790
156
-593
-1292
-1925
-2553
-2858
-2798
-2575
-2184
-1636
-1086
-780
-718
-830
-1266
-2252
-3532
-4562
-5276
-5179
-4349
-2977
-1482
38
1208
1774
1638
998
-159
-1701
-3754
-5744
-7068
-7975
-8126
-7478
-6124
-4363
-2614
-1050
105
670
450
-264
-1419
-2724
-4120
-5660
-6690
-7057
-6779
-5922
-4669
-3276
-1950
-792
69
584
627
149
-802
-1705
-2679
-3706
-4240
-4509
-4490
-4094
-3218
-1968
-821
-4
728
1247
1345
1039
582
-138
-953
-1498
-1971
-2444
-2507
-2302
-2015
-1576
-943
-362
27
363
621
708
412
-142
-721
-1188
-1427
-1438
-1387
-1108
-779
-451
-129
23
158
169
198
95
-205
-473
-556
-745
-982
-997
-820
-545
23
320
478
592
628
715
924
1077
993
653
112
-577
-1150
-1883
-2729
-3280
-3406
-3336
-3215
-2767
-1955
-1064
-53
830
1623
2013
1934
1790
1414
883
294
-279
-733
-1156
-1088
-538
215
1015
1868
2877
3778
4168
4155
4127
4045
3614
3060
2359
1931
1754
1500
1569
1925
2308
2805
3400
3994
4263
4271
4315
4103
3839
3618
3385
3092
2747
2599
2758
2821
2919
3275
3624
3724
3705
3805
3924
3984
3706
3590
3545
3371
3205
2970
2932
3010
3113
3165
2969
2831
2889
2814
2607
2374
2098
1833
1644
1602
1661
1687
1771
2024
2222
2389
2413
2351
2258
2081
1624
808
56
-548
-840
-510
368
1463
2738
3838
4322
4421
4138
3404
2618
1697
687
78
-161
-132
314
1346
2549
3676
4622
5264
5479
5112
4385
3373
2373
1441
704
-34
-499
-396
473
1783
2924
3643
4322
4957
5349
5138
4633
4044
3290
2477
1581
857
572
649
1073
1846
2784
3647
4298
4818
5044
4987
4663
4061
3439
2772
2274
1711
1167
1025
1283
1690
2098
2655
3137
3371
3500
3566
3483
3099
2672
2178
1696
1264
944
889
937
1064
1206
1491
1687
1743
1786
1876
1877
1621
1307
1036
953
879
862
1039
1144
1083
1088
1403
1652
1774
1896
2060
2037
1821
1645
1256
604
-133
-1029
-1867
-2509
-2951
-3104
-3051
-2472
-1825
-1125
-372
373
1214
1777
1792
1576
1144
513
-228
-906
-1325
-1641
-1770
-1454
-760
95
848
1691
2403
2897
3259
3365
3088
2529
1893
1297
762
291
227
348
317
512
960
1572
2101
2452
2638
2662
2537
2201
1815
1616
1281
868
559
615
767
966
1211
1441
1582
1632
1670
1570
1487
1464
1404
1261
1156
978
711
551
492
417
518
534
403
274
72
-362
-561
-584
-606
-768
-1145
-1263
-1076
-895
-1031
-1168
-966
-879
-999
-872
-928
-1169
-1324
-1394
-1299
-681
459
1996
3583
4874
5761
6038
5677
4609
2974
1057
-1005
-3043
-4680
-5689
-5868
-5127
-3763
-1968
40
1887
3321
4274
4401
3802
2534
810
-1002
-2725
-4230
-5372
-5813
-5496
-4502
-3297
-2008
-676
406
1239
1560
1195
511
-390
-1708
-3221
-4708
-5659
-5978
-5775
-5229
-4338
-3187
-2109
-1277
-626
-169
-169
-407
-907
-1640
-2583
-3523
-4137
-4383
-4322
-4158
-3927
-3739
-3415
-2854
-2382
-2193
-2114
-2073
-2242
-2607
-2826
-2815
-2772
-2638
-2355
-1894
-1506
-1101
-631
-321
-156
-26
-2
-124
-386
-770
-1098
-1149
-1013
-607
-184
155
524
770
986
1201
1367
1512
1667
1581
1069
578
27
-798
-1659
-2474
-3148
-3521
-3720
-3565
-3329
-2883
-2104
-1077
-24
779
1181
1399
1381
946
157
-620
-1410
-2311
-2725
-2831
-2662
-2190
-1636
-856
88
932
1470
1735
1815
1703
1171
440
-87
-542
-1151
-1578
-1792
-1676
-1379
-1005
-611
44
639
927
992
880
714
530
428
241
-103
-342
-456
-311
-241
-69
294
661
905
1216
1339
1413
1436
1361
1119
978
1001
940
789
877
1137
1214
1170
1200
1183
1099
972
710
528
506
319
102
169
302
214
266
413
538
781
844
715
616
559
281
-330
-1050
-1490
-1444
