-5036
-4705
-4371
-4089
-3812
-3627
-3671
-3843
-3934
-4210
-4530
-4702
-4649
-4442
-4277
-4174
-3906
-3599
-3489
-3255
-2959
-2889
-2809
-2795
-3114
-3614
-4237
-5026
-5950
-6867
-7656
-8428
-8711
-8522
-8036
-7408
-6791
-6024
-5196
-4334
-3510
-3036
-3109
-3492
-3986
-4819
-5916
-6717
-7070
-7078
-6795
-6350
-5520
-4418
-3347
-2579
-2105
-1708
-1570
-1773
-2311
-2928
-3677
-4313
-4669
-4971
-5153
-5209
-5067
-4321
-3660
-3157
-2588
-2202
-2304
-2803
-3454
-4172
-4850
-5353
-5376
-5069
-4328
-3251
-2194
-1433
-1192
-1664
-2671
-4161
-5979
-8014
-9792
-11140
-11821
-11601
-10639
-9124
-7602
-6168
-4978
-4473
-4804
-5666
-6941
-8677
-10668
-12080
-12789
-12831
-12092
-10435
-8063
-5374
-2859
-764
579
1360
1452
851
-230
-1735
-3348
-5105
-6568
-7042
-6157
-4377
-2076
910
3773
5876
6858
6798
6026
4519
2533
326
-1975
-4006
-5421
-6059
-5850
-4764
-3126
-1659
-316
587
919
662
-323
-1950
-3896
-6000
-8043
-9647
-10473
-10392
-9540
-8186
-6851
-5498
-4098
-3144
-2982
-3293
-4112
-5486
-7195
-8903
-10226
-11301
-11985
-12100
-11469
-10354
-8969
-7542
-6357
-5357
-4718
-4776
-5226
-5970
-7031
-8445
-10002
-11076
-11606
-11692
-11389
-10699
-9611
-8458
-7169
-5919
-4907
-4189
-3725
-3570
-3539
-3610
-3730
-3795
-3734
-3519
-3187
-2739
-2245
-1751
-1326
-742
-377
-276
-481
-806
-1041
-1211
-1430
-1556
-1727
-1783
-1780
-1844
-1927
-1957
-1954
-2040
-2242
-2494
-2662
-2822
-3015
-3416
-3942
-4486
-5082
-5815
-6520
-6854
-6905
-6919
-6634
-6167
-5645
-5004
-4319
-3652
-3290
-3079
-3367
-4014
-4862
-5870
-6840
-7559
-7960
-8270
-8428
-8166
-7473
-6662
-5974
-5305
-4685
-4183
-3853
-3761
-3896
-4334
-5004
-5406
-5525
-5447
-5183
-4601
-3832
-3061
-2188
-1298
-325
431
969
1458
1754
1957
2055
1894
1425
931
131
-943
-1989
-3140
-4173
-4203
-3110
-1477
306
2151
3868
5102
5732
5760
4833
3303
1383
-543
-2130
-3300
-3734
-3226
-1850
91
2169
4108
5613
6662
6805
5998
4834
3311
1612
149
-889
-1398
-1140
-170
1451
3509
5383
6717
7270
7357
7241
6929
6592
6316
6382
6627
6852
7014
7092
6856
6310
5526
4584
3561
2366
1391
497
30
151
619
1604
2798
3959
4735
5024
5012
4598
3864
2678
1268
-55
-1010
-1512
-1810
-1822
-1430
-857
-63
880
1661
2055
2029
1668
971
160
-844
-1905
-2839
-3513
-3842
-3826
-3766
-3655
-3351
-3109
-2937
-2800
-2776
-2903
-3360
-3645
-3896
-4183
-4467
-4484
-4374
-4210
-3878
-3606
-3356
-3220
-3036
-2859
-2863
-2996
-3289
-3586
-3666
-3644
-3535
-3438
-3200
-2841
-2334
-1748
-1310
-1043
-967
-805
-796
-923
-1199
-1810
-2299
-2678
-3018
-3245
-3209
-3076
-2767
-2605
-2556
-2513
-2247
-1941
-1730
-1842
-2247
-2918
-3837
-5094
-6429
-7943
-9289
-10107
-10634
-10827
-10560
-9926
-8985
-7852
-6600
-5536
-4918
-4818
-5020
-5422
-6220
-7210
-8292
-9146
-9724
-10175
-10164
-9741
-9140
-8361
-7647
-6771
-6128
-5764
-5571
-5750
-6174
-6848
-7439
-7965
-8395
-8560
-8663
-8473
-7803
-7148
-6443
-5640
-5031
-4396
-3994
-3874
-3617
-3245
-3075
-3127
-2901
-2589
-2351
-2140
-1785
-1270
-934
-734
-462
-307
-331
-442
-449
-587
-1064
-1427
-1591
-1698
-1717
-1610
-1569
-1498
-1341
-1322
-1592
-1995
-2217
-2543
-2768
-2930
-3039
-3132
-3316
-3445
-3290
-3142
-3029
-2827
-2792
-2793
-2687
-2683
-2841
-3296
-4047
-4694
-4899
-4592
-3623
-2296
-906
175
760
786
113
-1136
-2632
-4332
-5722
-6936
-7899
-8467
-8262
-7290
-6047
-4544
-3095
-2078
-1560
-1639
-2144
-3168
-4536
-6107
-7506
-8586
-9408
-9591
-9062
-8304
-7205
-5741
-4480
-3536
-2836
-2564
-2701
-3358
-4325
-5687
-7139
-8077
-8606
-8789
-8539
-7892
-6987
-6027
-4967
-4050
-3407
-3191
-3451
-3706
-4104
-4858
-5776
-6469
-7140
-7666
-7701
-7399
-6776
-5955
-5326
-5055
-4769
-4640
-4645
-4780
-5216
-5734
-5998
-6205
-6342
-6434
-6425
-6388
-6245
-5892
-5675
-5602
-5589
-5462
-5485
-5801
-6240
-6589
-6750
-6896
-6946
-6905
-6696
-6483
-6178
-5709
-5323
-5077
-5073
-5165
-4995
-5094
-5355
-5916
-6664
-7494
-8474
-9401
-10175
-10789
-10946
-10869
-10519
-9962
-9004
-7998
-7040
-6134
-5545
-5429
-5388
-5723
-6424
-7314
-8225
-9141
-9693
-9722
-9292
-8712
-8070
-7073
-5974
-4841
-3889
-3363
-3308
-3430
-3483
-3783
-4504
-5159
-5693
-5993
-5973
-5647
-5136
-4429
-3480
-2687
-1963
-1335
-1011
-940
-933
-873
-822
-845
-1007
-1009
-776
-521
-177
239
560
697
987
1354
1662
1770
1818
1695
1672
1659
1534
1431
1323
1268
1247
1397
1421
1288
1126
910
700
600
415
205
-9
-162
-107
65
309
524
777
758
763
966
963
990
793
320
-285
-900
-1020
-570
289
1703
3345
4676
5441
5582
5262
4511
3466
1957
514
-800
-1863
-2444
-2465
-1869
-757
558
1775
2847
3528
3886
3641
2799
1657
381
-897
-2109
-3153
-3652
-3325
-2613
-1673
-544
585
1555
2219
2433
2349
1800
878
-272
-1472
-2557
-3183
-3344
-3213
-2918
-2317
-1567
-784
-97
437
708
686
503
-135
-1102
-2033
-2728
-3232
-3654
-3739
-3452
-3128
-2712
-2107
-1626
-1380
-1084
-1007
-1171
-1430
-1734
-2349
-2928
-3265
-3181
-2782
-2721
-2666
-2241
-1708
-1436
-1491
-1490
-1568
-1798
-1979
-2119
-2388
-2670
-2693
-2681
-2830
-2815
-2531
-2102
-1822
-1628
-1533
-1404
-1332
-1453
-1652
-2051
-2754
-3562
-4521
-5547
-6568
-7208
-7601
-7659
-7145
-6711
-6142
-5331
-4525
-3609
-2900
-2519
-2574
-3158
-3814
-4490
-5260
-6079
-6905
-7341
-7362
-6917
-6059
-5217
-4375
-3509
-2631
-2024
-1785
-2004
-2278
-2676
-3228
-3815
-4330
-4665
-4729
-4503
-4196
-3622
-3054
-2287
-1513
-1021
-765
-770
-674
-604
-753
-869
-948
-1027
-1094
-1041
-816
-528
-78
406
859
1273
1523
1644
1671
1503
1468
1301
1062
1038
1048
1012
878
856
758
595
481
543
501
227
-13
-216
-428
-703
-892
-844
-818
-734
-777
-804
-621
-652
-622
-609
-537
-924
-1711
-2355
-2605
-2363
-1655
-529
983
2593
3570
3822
3729
3089
1954
611
-915
-2408
-3597
-4339
-4654
-4208
-3261
-2182
-850
321
1108
1569
1358
905
-59
-1470
-2965
-4427
-5520
-5968
-5970
-5538
-4744
-3645
-2395
-1395
-609
-27
-46
-559
-1382
-2332
-3484
-4755
-5804
-6328
-6180
-5770
-5133
-4233
-3331
-2629
-2017
-1528
-1251
-1351
-1888
-2857
-3851
-4663
-5355
-5861
-6117
-6176
-5874
-5330
-4698
-4174
-3866
-3605
-3389
-3503
-3868
-4253
-4669
-5113
-5352
-5283
-5192
-4929
-4669
-4522
-4217
-3850
-3674
-3629
-3651
-3800
-3913
-4223
-4435
-4574
-4633
-4633
-4672
-4637
-4459
-4201
-4010
-3904
-3717
-3510
-3356
-3380
-3553
-3920
-4583
-5343
-6234
-7056
-7975
-8861
-9522
-9710
-9452
-8981
-8368
-7441
-6451
-5546
-4763
-4312
-4076
-4116
-4576
-5449
-6501
-7468
-8129
-8565
-8728
-8397
-7696
-6701
-5695
-4794
-3978
-3255
-2776
-2540
-2642
-3009
-3477
-4060
-4643
-5134
-5233
-4970
-4727
-4455
-3693
-2764
-2012
-1432
-1055
-850
-898
-748
-401
-335
-574
-856
-574
-247
-134
55
276
610
1052
1456
1692
1892
2089
2202
2099
1865
1581
1643
1656
1766
1769
1663
1833
1883
1679
1580
1545
1360
1255
1181
1044
900
666
450
606
775
899
1017
1096
1249
1269
1188
1022
557
-289
-1288
-2225
-2677
-2571
-1843
-812
241
1289
1980
2285
2089
1682
1104
218
-730
-1490
-1955
-1936
-1538
-830
92
1236
2082
2658
3052
2829
2109
1139
54
-1033
-2091
-2884
-3154
-2991
-2338
-1325
-58
1026
1956
2658
2864
2830
2546
1860
948
-66
-921
-1562
-1961
-1968
-1609
-866
70
965
1690
2285
2553
2617
2370
1897
1058
178
-486
-1064
-1638
-1904
-1761
-1365
-647
1
565
947
1063
1094
1039
736
114
-667
-1277
-1830
-2338
-2530
-2395
-2173
-2096
-1911
-1714
-1645
-1762
-1862
-1849
-2059
-2297
-2569
-2851
-3064
-3179
-3176
-3252
-3266
-3268
-2936
-2660
-2790
-2695
-2454
-2370
-2409
-2577
-2983
-3638
-4430
-5379
-6442
-7279
-7652
-7909
-8007
-7834
-7356
-6461
-5444
-4498
-3681
-3171
-2903
-2911
-3278
-3862
-4582
-5545
-6356
-6704
-6879
-6598
-5998
-5228
-4081
-2861
-1968
-1417
-1018
-796
-716
-974
-1363
-1698
-2185
-2576
-2796
-2843
-2596
-2002
-1224
-461
51
633
1228
1720
1811
1741
1639
1416
1117
750
473
607
792
931
1232
1678
2049
2331
2479
2557
2667
2707
2670
2360
2027
1862
1758
1715
1838
1720
1603
1565
1501
1319
1230
934
648
536
583
549
278
82
3
16
82
195
208
84
149
349
509
482
230
152
457
1090
2111
3575
5152
6495
7344
7661
7475
6492
4797
2980
721
-1629
-3468
-4787
-5395
-4952
-3758
-1923
197
2323
4126
5339
5760
5329
4116
2564
945
-984
-2988
-4492
-5395
-5646
-5240
-4023
-2364
-989
236
1178
1662
1593
1003
0
-1314
-2789
-4228
-5405
-6093
-6368
-6227
-5666
-4516
-3238
-2312
-1615
-1072
-729
-878
-1443
-2227
-3128
-3949
-4754
-5393
-5629
-5774
-5837
-5542
-4965
-4605
-4389
-4170
-4032
-3993
-4037
-4205
-4281
-4312
-4338
-4421
-4127
-3610
-2941
-2564
-2448
-2259
-2087
-1992
-2087
-2184
-2381
-2667
-2791
-2960
-3046
-2973
-2767
-2409
-2002
-1632
-1310
-1141
-853
-679
-639
-809
-1332
-1836
-2524
-3456
-4452
-5328
-6135
-6739
-7067
-6986
-6479
-6042
-5509
-4542
-3489
-2738
-2205
-1881
-1928
-2300
-3033
-4078
-5070
-6023
-6803
-7028
-6812
-6417
-5974
-5282
-4225
-3253
-2519
-2013
-1827
-1971
-2368
-2940
-3604
-4269
-4854
-5392
-5652
-5355
-4850
-4220
-3591
-2856
-2050
-1266
-729
-462
-293
-436
-681
-691
-727
-853
-1033
-971
-692
-330
100
772
1259
1483
1583
1826
1986
2030
2131
2141
2072
1871
1778
1800
1764
2054
2441
2526
2386
2097
2094
1832
1500
1243
1101
1050
1119
1241
1247
1400
1551
1698
1740
1849
1965
1963
1812
1310
444
-190
-719
-1113
-1009
-345
798
1872
2877
3512
3475
3033
2164
871
-502
-1788
-2740
-3266
-3186
-2474
-1376
175
1695
2826
3647
3990
3825
2952
1716
268
-1455
-2946
-3902
-4453
-4624
-4148
-2922
-1372
-137
794
1592
2108
2436
2413
1869
707
-430
-1312
-2038
-2501
-2454
-2052
-1439
-545
578
1356
1949
2290
2371
2298
1904
1446
756
-43
-815
-1332
-1580
-1714
-1298
-640
44
440
782
1070
1086
1077
1043
766
252
-261
-530
-736
-801
-877
-806
-527
-504
-417
-333
-510
-633
-971
-1350
-1729
-2009
-2106
-2228
-2171
-2129
-2133
-2051
-1857
-1785
-1519
-1399
-1540
-1639
-1763
-1874
-2125
-2801
-3652
-4553
-5566
-6434
-7112
-7625
-7754
-7659
-7158
-6464
-5673
-4762
-3733
-2854
-2452
-2425
-2630
-3117
-3737
-4476
-5264
-5862
-6323
-6308
-5797
-5152
-4416
-3342
-2153
-1211
-639
-72
166
109
-86
-577
-1352
-1923
-2159
-2040
-1990
-1760
-1214
-537
301
1034
1698
2189
2516
2713
2738
2708
2537
2331
2189
2149
2159
2232
2358
2801
3292
3575
3879
4156
4294
4259
4187
4068
3831
3756
3860
3771
3740
3554
3193
3113
3240
3322
3220
2947
2684
2473
2256
1969
1813
2022
1988
1867
1865
1990
2064
1999
1990
2189
2151
2048
1856
1320
616
106
116
750
1895
3218
4548
5654
6296
6265
5754
4880
3728
2411
1178
48
-828
-1182
-1068
-347
752
2098
3513
4639
5273
5351
4793
3696
2519
1379
157
-948
-1773
-2016
-1513
-716
225
1346
2442
3259
3472
3555
3268
2634
1933
779
-426
-1299
-1888
-2069
-2058
-1474
-603
241
945
1519
1963
2053
1844
1365
771
188
-708
-1433
-2004
-2391
-2623
-2539
-2122
-1619
-938
-524
-392
-441
-553
-708
-977
-1472
-1955
-2338
-2713
-2815
-2583
-2287
-1897
-1446
-1030
-928
-939
-926
-1072
-1285
-1605
-1969
-2056
-2176
-2360
-2388
-2040
-1702
-1552
-1322
-1172
-988
-896
-787
-531
-545
-925
-1505
-2081
-2812
-3826
-4762
-5486
-5965
-6408
-6587
-6200
-5557
-4698
-3890
-3158
-2299
-1606
-1399
-1507
-1834
-2647
-3629
-4483
-5148
-5721
-5878
-5632
-4984
-4155
-3357
-2466
-1591
-885
-378
-261
-424
-907
-1389
-1926
-2482
-2910
-3234
-3285
-2989
-2360
-1618
-887
-210
374
767
1072
1308
1492
1517
1506
1459
1044
657
845
1208
1250
1396
1856
2296
2723
2922
3078
3182
3225
3087
2912
2784
2647
2591
2706
2730
2734
2797
2802
2699
2558
2376
2245
2099
1991
1928
1726
1560
1424
1423
1588
1650
1714
1830
1778
1776
1908
1864
1552
1005
525
163
-1
338
1194
2377
3758
5128
6006
6248
5909
5273
4054
2646
1315
-57
-1145
-1755
-1729
-1164
-210
1034
2310
3461
4205
4466
4196
3485
2357
860
-598
-1877
-2892
-3190
-2898
-2217
-1199
1
1056
1832
2352
2670
2655
2172
1258
157
-955
-2008
-2834
-3248
-3151
-2597
-1850
-828
146
760
1338
1520
1420
1154
583
-143
-806
-1402
-1983
-2583
-2813
-2683
-2178
-1650
-1233
-771
-372
-58
-54
-289
-580
-961
-1499
-1813
-1680
-1652
-1831
-1836
-1523
-1104
-843
-557
-275
-344
-507
-600
-708
-811
-1004
-1238
-1495
-1669
-1608
-1356
-1067
-837
-839
-612
-222
-239
-421
-571
-704
-1032
-1511
-2247
-3118
-4124
-4959
-5605
-5903
-5980
-5952
-5568
-4857
-4055
-3291
-2535
-1795
-1270
-1221
-1502
-2012
-2755
-3605
-4415
-5139
-5597
-5572
-5015
-4129
-3153
-2212
-1498
-800
-283
-54
-137
-432
-757
-1395
-1943
-2456
-2640
-2693
-2600
-2099
-1482
-693
101
606
1143
1654
1970
2004
1895
1869
1764
1691
1593
1616
1609
1790
2169
2531
2869
3219
3433
3629
3921
3864
3605
3584
3719
3722
3502
3342
3315
3397
3362
3278
3283
3162
3077
2991
2993
2978
2750
2481
2387
2344
2212
2212
2311
2564
2663
2527
2590
2676
2644
2434
1966
1407
801
525
837
1632
2799
4208
5543
6392
6819
6654
5997
4954
3625
2283
896
-270
-1139
-1237
-677
254
1411
2825
3990
4679
5041
5016
4470
3507
2248
769
-559
-1603
-2164
-2162
-1615
-724
355
1423
2370
2943
3295
3520
3167
2297
1226
193
-854
-1662
-2042
-2159
-1947
-1217
-271
630
1308
1919
2364
2507
2303
1791
1097
384
-340
-1205
-1812
-1864
-1709
-1254
-809
-293
159
543
705
778
862
592
86
-276
-683
-966
-1135
-1089
-1013
-942
-516
-27
255
386
498
584
428
100
-175
-407
-599
-919
-934
-754
-498
-207
-50
0
82
279
499
486
420
295
44
-396
-1132
-2107
-3254
-4277
-4950
-5186
-5385
-5445
-5094
-4386
-3481
-2566
-1733
-1100
-591
-438
-634
-1033
-1668
-2569
-3369
-4122
-4540
-4494
-4214
-3537
-2750
-2025
-1195
-348
466
918
1080
867
451
-27
-507
-957
-1368
-1490
-1482
-1297
-665
-2
683
1327
1814
2293
2479
2380
2125
1990
1854
1485
1337
1403
1782
2215
2649
3000
3063
2964
2634
2138
1550
1085
778
624
731
1094
1876
2760
3578
4061
4216
4021
3587
2876
2005
1141
342
69
327
891
1927
3148
4476
5683
6492
6883
6906
6568
5883
4936
4109
3569
2943
2476
2513
3125
4277
5748
7388
8864
9904
10487
10443
9664
8411
6884
5105
3406
2039
1209
901
980
1667
2791
4068
5019
5797
6249
6230
5762
4868
3540
2108
675
-459
-1160
-1595
-1543
-947
-321
654
1718
2600
2931
2849
2646
2139
1459
522
-513
-1489
-2503
-3086
-3092
-2817
-2096
-1416
-575
258
886
1314
1341
1051
575
-150
-866
-1475
-2120
-2486
-2385
-2115
-1594
-920
-226
413
924
1277
1332
1277
1246
1161
966
719
648
762
860
1001
1300
1723
2067
2347
2616
2682
2479
2174
2050
1846
1571
1317
1128
1026
1006
1075
1347
1655
1756
1671
1647
1594
1519
1530
1451
1154
643
-95
-1060
-2146
-2898
-3519
-4088
-4631
-4848
-4484
-4029
-3435
-2599
-1844
-1257
-803
-719
-822
-1271
-1930
-2693
-3592
-4318
-4878
-5098
-4969
-4751
-4108
-3270
-2324
-1398
-740
-320
-362
-766
-1219
-1784
-2528
-3311
-3863
-4150
-4147
-3758
-3218
-2640
-2043
-1379
-851
-287
278
330
202
108
-269
-860
-1379
-1583
-1830
-1877
-1763
-1405
-638
241
888
1421
1667
1660
1486
1186
661
-1
-660
-1010
-1134
-1136
-857
-388
158
558
747
888
956
774
343
-469
-1429
-2119
-2547
-2767
-2853
-2674
-2253
-1876
-1472
-1012
-722
-824
-1637
-2803
-3973
-4978
-5728
-5813
-4847
-3372
-1752
-229
1117
1792
1585
741
-563
-2178
-3762
-5273
-6802
-7884
-8075
-7392
-6048
-4372
-2631
-1188
-24
530
205
-472
-1460
-2849
-4398
-5846
-6827
-7201
-7001
-6154
-4975
-3576
-2242
-1033
-126
418
546
262
-520
-1560
-2796
-3816
-4226
-4574
-4526
-3960
-3019
-1996
-1159
-242
574
970
1079
903
548
-163
-1030
-1687
-2199
-2521
-2593
-2551
-2095
-1456
-808
-166
176
411
509
395
143
-245
-642
-1125
-1368
-1438
-1428
-1348
-1086
-570
-82
110
231
287
250
130
-182
-538
-833
-1024
-1158
-1151
-858
-488
-158
98
438
671
742
813
888
959
809
508
7
-550
-1277
-2032
-2715
-3163
-3484
-3524
-3303
-2766
-1962
-1050
-226
667
1421
1864
1965
1823
1396
805
245
-365
-886
-1150
-965
-426
328
1141
1971
2845
3702
4106
4285
4361
4169
3735
3140
2706
2133
1473
1155
1369
1742
2285
2879
3480
3888
4142
4424
4592
4554
4243
3885
3538
3223
3013
2883
2842
2937
3124
3423
3667
3777
3888
3908
3861
3723
3568
3439
3400
3217
2932
2856
3016
3100
3101
3131
3063
3033
2910
2812
2475
2183
1878
1768
1694
1597
1572
1534
1632
1753
1904
2067
2170
2329
2411
2093
1516
1013
557
435
760
1508
2782
4308
5645
6547
6990
6873
6208
5228
3989
2733
1528
680
115
-43
247
1039
2310
3783
5041
5917
6210
5976
5443
4725
3533
2119
834
-116
-591
-644
-196
735
1753
2974
3950
4686
4897
4867
4554
4002
3245
2028
844
98
-243
-257
-12
685
1432
2126
2837
3526
3958
4128
3909
3327
2621
1870
1143
453
-19
-156
-51
198
747
1352
1795
2156
2225
2177
2238
2074
1683
1331
1020
870
640
634
836
1099
1389
1794
2227
2336
2406
2468
2275
1939
1778
1521
1253
1227
1401
1559
1650
1850
2194
2449
2627
2716
2749
2768
2782
2657
2307
1845
1297
643
-224
-1099
-1586
-2091
-2346
-2248
-1840
-1201
-332
575
1268
1904
2424
2385
2095
1803
1259
472
-313
-829
-1220
-1370
-1136
-597
199
1180
1995
2509
3002
3242
3206
2883
2326
1624
969
496
25
-376
-587
-355
132
689
1215
1665
2069
2223
2207
2043
1860
1531
1195
856
728
620
457
413
553
805
1135
1437
1645
1750
1694
1589
1363
1244
1141
996
805
657
672
565
505
574
685
610
315
165
-35
-108
-247
-650
-772
-758
-704
-647
-757
-582
-362
-475
-651
-587
-459
-650
-1140
-1629
-2157
-2545
-2526
-1962
-927
509
2098
3317
3943
3973
3425
2415
1209
-144
-1464
-2620
-3591
-4078
-3946
-3241
-1996
-431
918
1814
2450
2562
2059
1179
-27
-1493
-2970
-4286
-5076
-5208
-4702
-3781
-2575
-1402
-477
301
897
1122
933
448
-355
-1439
-2460
-3427
-4276
-4580
-4333
-3722
-2784
-1786
-774
131
736
914
695
268
-414
-1192
-2006
-2672
-3118
-3385
-3339
-3074
-2593
-2000
-1486
-1153
-687
-400
-317
-539
-1010
-1405
-1831
-2168
-2312
-2329
-2146
-1819
-1388
-922
-560
-262
53
251
22
-365
-549
-657
-851
-1246
-1267
-1019
-854
-708
-375
-134
100
298
467
598
700
630
393
-103
-739
-1433
-2141
-2889
-3593
-4243
-4727
-4866
-4645
-4106
-3292
-2210
-1209
-243
424
574
527
60
-621
-1321
-1944
-2420
-2996
-3119
-2704
-2144
-1440
-637
138
947
1774
2310
2264
1932
1660
1066
304
-401
-903
-1291
-1436
-1272
-890
-218
327
802
1334
1616
1732
1800
1787
1526
1220
977
528
224
290
510
699
884
1003
1253
1729
2045
1926
1646
1579
1659
1616
1393
1275
1203
1235
1222
1260
1266
1290
1345
1175
1072
950
670
471
403
333
256
156
64
63
79
136
294
532
653
495
539
451
55
-124
-5
506
1312
