-5076
-4789
-4471
-4254
-4244
-4156
-4291
-4531
-4707
-4918
-5164
-5239
-5156
-5108
-5042
-4881
-4770
-4628
-4368
-4084
-3921
-3842
-3926
-4050
-4131
-4343
-4946
-5787
-6536
-7286
-8078
-8594
-8946
-9070
-8790
-8267
-7539
-6631
-5756
-4943
-4269
-3815
-3806
-4222
-4885
-5613
-6251
-6720
-7121
-7291
-7021
-6441
-5561
-4586
-3618
-2656
-1974
-1502
-1486
-1732
-2112
-2793
-3545
-4048
-4397
-4682
-4830
-4540
-3961
-3432
-2896
-2426
-2048
-1855
-1968
-2375
-2920
-3770
-4666
-5161
-5061
-4556
-3964
-3128
-2000
-934
-704
-1320
-2390
-3996
-5964
-8136
-9953
-11258
-11955
-11664
-10618
-9260
-7677
-6181
-5123
-4598
-4858
-5691
-7128
-8873
-10746
-12249
-13150
-13197
-12227
-10446
-8144
-5703
-3241
-1119
338
1148
978
120
-1023
-2304
-3835
-5369
-6154
-5997
-4742
-2729
-163
2917
5656
7395
8105
8026
6885
4702
2050
-662
-3368
-5640
-7072
-7498
-6859
-5282
-3284
-1226
618
1921
2409
1894
583
-1168
-3373
-5698
-7945
-9803
-10785
-10783
-10087
-8710
-7098
-5525
-4091
-3116
-2657
-3057
-4115
-5568
-7376
-9319
-11101
-12274
-12946
-13129
-12593
-11547
-10208
-8929
-7539
-6210
-5452
-5279
-5656
-6486
-7666
-9079
-10356
-11420
-11900
-12154
-12204
-11935
-11070
-9780
-8591
-7357
-6485
-5812
-5171
-4746
-4676
-4783
-4729
-4545
-4380
-4046
-3549
-3069
-2544
-1891
-1249
-704
-374
-335
-540
-910
-1214
-1457
-1602
-1602
-1613
-1463
-1421
-1341
-1138
-1148
-1311
-1501
-1603
-1713
-2187
-2587
-2852
-3089
-3493
-4058
-4560
-5195
-5791
-6223
-6314
-6088
-5825
-5579
-5027
-4141
-3346
-2900
-2648
-2529
-2835
-3467
-4212
-5193
-6195
-7146
-7833
-8218
-8258
-7888
-7379
-6806
-6083
-5309
-4866
-4562
-4224
-4044
-4263
-4683
-5205
-5766
-6098
-5986
-5792
-5335
-4522
-3603
-2643
-1853
-1153
-550
13
520
916
1202
1449
1409
952
207
-814
-1887
-2939
-3980
-4714
-4756
-3753
-2063
-76
1837
3408
4651
5409
5448
4584
2785
888
-928
-2717
-3970
-4092
-3151
-1576
537
2846
4611
5844
6629
6728
6128
4885
3241
1672
145
-1098
-1686
-1324
-19
1707
3737
5671
7215
8037
8400
8491
8656
8651
8545
8457
8343
8115
7729
7164
6536
5687
4571
3393
2218
1319
548
344
519
792
1381
2279
3401
4311
4847
5078
4748
4104
3144
2056
786
-395
-1162
-1659
-1959
-1905
-1529
-887
-292
196
684
774
554
-68
-787
-1598
-2615
-3516
-4146
-4451
-4582
-4712
-4394
-4177
-4111
-4010
-4058
-4156
-4057
-4025
-4229
-4542
-4785
-5020
-5253
-5255
-5014
-4734
-4483
-4268
-3987
-3725
-3717
-3912
-4162
-4230
-4220
-4285
-4342
-4208
-3883
-3626
-3127
-2635
-2105
-1427
-911
-641
-635
-785
-925
-1305
-1552
-1793
-2022
-2212
-2391
-2515
-2617
-2509
-2229
-1911
-1572
-1280
-1189
-1166
-1092
-1141
-1483
-2059
-3132
-4537
-6060
-7434
-8530
-9372
-9891
-10116
-9946
-9279
-8427
-7260
-6132
-5408
-4836
-4669
-4831
-5358
-6103
-7081
-8142
-8987
-9637
-10078
-10243
-10097
-9671
-8889
-7932
-7057
-6303
-5846
-5688
-5872
-6218
-6498
-7144
-7991
-8416
-8668
-8790
-8513
-8109
-7648
-7054
-6229
-5385
-4596
-4282
-3957
-3503
-3463
-3475
-3541
-3334
-2918
-2605
-2408
-2037
-1546
-1151
-708
-542
-501
-481
-449
-542
-678
-713
-801
-1126
-1338
-1298
-1304
-1306
-1175
-934
-971
-1238
-1286
-1363
-1657
-2019
-2257
-2337
-2571
-2772
-2781
-2583
-2477
-2451
-2346
-2132
-2011
-1831
-1767
-2075
-2674
-3602
-4123
-4029
-3635
-2755
-1528
-265
667
1248
1171
322
-916
-2267
-3757
-5359
-6646
-7466
-7791
-7386
-6531
-5351
-4125
-2988
-1958
-1476
-1638
-2272
-3093
-4318
-6098
-7696
-8804
-9343
-9272
-8762
-7792
-6570
-5308
-4115
-3072
-2412
-2148
-2536
-3463
-4697
-5947
-6966
-7911
-8477
-8517
-8306
-7587
-6530
-5542
-4734
-4089
-3556
-3149
-3222
-3624
-4181
-4849
-5585
-6059
-6391
-6736
-6811
-6569
-6223
-5628
-5109
-4668
-4413
-4373
-4552
-4705
-5054
-5654
-6193
-6308
-6316
-6501
-6659
-6385
-5968
-5616
-5496
-5475
-5429
-5529
-5715
-5940
-6225
-6420
-6667
-6893
-6985
-6825
-6510
-6120
-5874
-5631
-5397
-5253
-5101
-4917
-4771
-4854
-5190
-5815
-6675
-7708
-8801
-9741
-10370
-10887
-11175
-11139
-10887
-10209
-9237
-8442
-7540
-6656
-5907
-5724
-5939
-6304
-6930
-7698
-8645
-9402
-9873
-10060
-9877
-9233
-8388
-7295
-6122
-5079
-4363
-3830
-3570
-3711
-3978
-4442
-5019
-5469
-5741
-5811
-5651
-5338
-5018
-4471
-3774
-3008
-2316
-1901
-1458
-1208
-1120
-1098
-1143
-1172
-1104
-1112
-957
-908
-671
-291
-166
92
705
1119
1281
1343
1479
1393
1202
1072
1067
1093
1025
834
695
535
485
406
467
466
298
-115
-423
-565
-629
-628
-584
-371
-252
-343
-384
-273
-210
29
-75
-303
-490
-673
-1031
-1469
-1609
-1215
-389
911
2388
3782
4593
4764
4525
3797
2534
992
-439
-1564
-2532
-3109
-3049
-2289
-1177
159
1354
2253
2846
2875
2687
1991
736
-655
-2121
-3159
-3778
-4007
-3785
-3028
-2016
-962
19
924
1512
1743
1479
824
-32
-1203
-2407
-3461
-4066
-4340
-4147
-3673
-2863
-1979
-1185
-620
-153
207
143
-342
-932
-1557
-2372
-3311
-3811
-4077
-4049
-3875
-3408
-3097
-2759
-2212
-1839
-1565
-1572
-1883
-2161
-2666
-3160
-3471
-3753
-3819
-3676
-3423
-3142
-2859
-2440
-2145
-2046
-2092
-2093
-2027
-2320
-2753
-2980
-3278
-3448
-3386
-2940
-2506
-2484
-2431
-2412
-2243
-1952
-1900
-1842
-1859
-2041
-2521
-3281
-3966
-4833
-5773
-6623
-7251
-7679
-7854
-7773
-7409
-6706
-5779
-4660
-3864
-3409
-3023
-2983
-3253
-3935
-4828
-5768
-6584
-7216
-7540
-7466
-7059
-6288
-5343
-4313
-3518
-2871
-2304
-2202
-2182
-2328
-2688
-3287
-3902
-4377
-4575
-4686
-4620
-4261
-3652
-2849
-2087
-1552
-1085
-776
-428
-268
-224
-383
-589
-681
-709
-778
-778
-546
-196
53
420
726
863
1010
1306
1485
1434
1424
1394
1195
964
980
1066
928
861
1033
984
718
507
446
251
52
-191
-345
-449
-407
-411
-518
-577
-396
-301
-335
-262
-191
-269
-469
-892
-1517
-2214
-2560
-2291
-1563
-422
1050
2534
3588
4077
3892
3062
1640
344
-965
-2295
-3367
-4178
-4387
-3999
-2964
-1632
-323
692
1266
1516
1442
948
-110
-1528
-3074
-4464
-5602
-6149
-5905
-5162
-4252
-3148
-2070
-1202
-487
-119
-257
-789
-1586
-2557
-3581
-4711
-5511
-5864
-5670
-5335
-4743
-3858
-2986
-2280
-1688
-1372
-1406
-1671
-2214
-2810
-3593
-4584
-5356
-5727
-5949
-5855
-5452
-4827
-4202
-3814
-3442
-3197
-3145
-3253
-3561
-3905
-4383
-4903
-5260
-5468
-5495
-5363
-4809
-4231
-4008
-3812
-3538
-3325
-3429
-3728
-4039
-4063
-4062
-4244
-4521
-4743
-4820
-4740
-4430
-4138
-4026
-3954
-3786
-3603
-3541
-3560
-3622
-3962
-4629
-5358
-6189
-7100
-7976
-8601
-9048
-9372
-9355
-8946
-8106
-7351
-6663
-5738
-4765
-4221
-4066
-4358
-4921
-5704
-6598
-7379
-8184
-8665
-8793
-8365
-7697
-6854
-5831
-4776
-4065
-3527
-3117
-2858
-2880
-3427
-3776
-4184
-4842
-5358
-5451
-5087
-4546
-4100
-3597
-2888
-2052
-1407
-988
-665
-469
-392
-533
-773
-940
-1087
-1106
-924
-633
-320
2
414
879
1267
1469
1531
1620
1638
1544
1614
1591
1434
1393
1445
1516
1613
1747
1834
1721
1608
1510
1135
765
476
510
439
339
391
522
479
534
638
728
870
1033
1267
1188
634
-127
-903
-1533
-1774
-1379
-364
934
2228
3337
4098
4272
3893
3057
1934
698
-623
-1709
-2395
-2603
-2260
-1585
-610
737
1956
2920
3229
3073
2562
1631
501
-828
-2091
-3075
-3512
-3596
-3164
-2154
-1052
-171
779
1577
1922
1988
1729
1075
61
-1045
-2012
-2758
-3085
-3153
-2885
-2293
-1535
-656
278
835
964
963
928
559
-157
-961
-1719
-2512
-2935
-3168
-3215
-2800
-2215
-1640
-1338
-1047
-771
-616
-579
-770
-1181
-1676
-2270
-2669
-2821
-2698
-2621
-2570
-2469
-2201
-1992
-1904
-1602
-1533
-1683
-1896
-2227
-2455
-2584
-2773
-2856
-2845
-2652
-2392
-2405
-2354
-2188
-2162
-2125
-2062
-2012
-2096
-2437
-2785
-3376
-4081
-4963
-5849
-6522
-7067
-7504
-7733
-7426
-6844
-6170
-5292
-4226
-3434
-2923
-2685
-3015
-3338
-3978
-4789
-5704
-6328
-6738
-6736
-6416
-6063
-5383
-4394
-3399
-2624
-1947
-1600
-1387
-1328
-1695
-2099
-2511
-2925
-3305
-3559
-3626
-3539
-3162
-2613
-1954
-1213
-526
-55
333
532
360
179
194
154
-73
-134
212
493
539
816
1263
1595
1780
1901
2050
2140
2073
2129
2086
1946
1859
1827
1803
1711
1717
1789
1851
1701
1488
1454
1392
1041
600
473
500
285
188
174
240
332
450
566
601
541
477
475
230
-121
-626
-1000
-868
-238
763
2228
3845
4988
5682
5790
5288
4243
2663
864
-856
-2369
-3436
-3825
-3530
-2552
-1316
188
1912
3095
3625
3750
3437
2563
1314
-213
-1763
-3151
-4329
-4833
-4591
-3730
-2577
-1248
-193
600
1221
1543
1491
826
-186
-1301
-2630
-3849
-4541
-4767
-4765
-4465
-3696
-2747
-1698
-940
-382
-27
14
-453
-1114
-1795
-2582
-3569
-4393
-4651
-4578
-4400
-4202
-3643
-3091
-2743
-2545
-2289
-2183
-2165
-2540
-3151
-3497
-3836
-3968
-3914
-3758
-3422
-3126
-2877
-2627
-2336
-1963
-1685
-1826
-2200
-2480
-2659
-2888
-2977
-3148
-3147
-2826
-2502
-2377
-2101
-1998
-2015
-1919
-1644
-1470
-1658
-2015
-2331
-2798
-3799
-4848
-5738
-6154
-6704
-7296
-7336
-7054
-6614
-6052
-5198
-4293
-3484
-2822
-2499
-2657
-2970
-3569
-4301
-5117
-5909
-6380
-6666
-6636
-6299
-5739
-5011
-4262
-3455
-2730
-2133
-1651
-1475
-1695
-2370
-3241
-3864
-4128
-4234
-4384
-4326
-3921
-3231
-2542
-1993
-1318
-782
-501
-260
55
130
-63
-233
-394
-392
-154
-39
70
238
584
1065
1595
1942
2187
2157
2204
2194
2242
2202
1986
1914
1976
2028
1952
1982
2150
2249
2047
1809
1718
1626
1316
1188
1088
1073
1099
989
958
1043
1066
1239
1430
1535
1546
1528
1265
785
112
-610
-939
-768
-149
1064
2315
3387
4290
4920
4953
4274
3121
1738
325
-905
-1919
-2538
-2664
-2155
-1065
271
1671
2849
3541
3732
3461
2822
1671
370
-1041
-2271
-3180
-3496
-3445
-2994
-2165
-1013
203
1205
2013
2338
2291
1919
1108
11
-1139
-2063
-2654
-3077
-3092
-2573
-1844
-1067
-355
414
1056
1288
1252
934
441
-148
-852
-1626
-2214
-2665
-2924
-2834
-2329
-1741
-1130
-680
-396
-195
-87
-134
-356
-849
-1332
-1676
-1884
-2103
-2221
-2223
-1968
-1679
-1434
-1178
-834
-881
-1191
-1127
-1254
-1670
-2089
-2260
-2388
-2445
-2354
-2187
-2045
-1963
-1914
-1761
-1585
-1419
-1297
-1257
-1559
-2063
-2466
-3084
-4036
-4928
-5811
-6486
-6827
-7078
-7170
-6725
-5983
-5037
-4103
-3298
-2597
-2134
-2061
-2254
-2748
-3579
-4401
-5072
-5754
-6327
-6253
-5735
-5140
-4463
-3593
-2548
-1691
-1129
-834
-851
-1055
-1218
-1456
-2036
-2709
-3077
-3144
-3045
-2801
-2244
-1550
-780
-56
449
946
1318
1544
1611
1462
1279
1224
1121
1120
1192
1359
1490
1805
2321
2781
3036
3080
3234
3383
3354
3165
2925
2897
2878
2796
2836
2947
2991
2875
2921
2766
2718
2595
2366
2065
1952
1832
1703
1688
1754
1746
1717
1735
1656
1651
1849
1985
1974
1829
1496
906
275
-80
53
761
1918
3138
4521
5682
6245
6111
5527
4414
3187
1843
373
-934
-1704
-1941
-1609
-684
719
2115
3185
4115
4568
4487
3937
2874
1442
174
-1154
-2119
-2674
-2850
-2391
-1619
-672
470
1575
2262
2660
2558
2207
1561
685
-231
-1256
-2343
-3003
-2959
-2662
-2201
-1510
-596
245
1008
1410
1571
1400
689
-7
-629
-1317
-2181
-2951
-3086
-2886
-2740
-2398
-1833
-1292
-885
-662
-575
-701
-1027
-1465
-1872
-2267
-2490
-2737
-2854
-2703
-2452
-2110
-1846
-1561
-1328
-1203
-1149
-1217
-1452
-1631
-1719
-1799
-1849
-2002
-2091
-1972
-1744
-1472
-1328
-1289
-1280
-1152
-1072
-969
-821
-1135
-1670
-2333
-3206
-4134
-5045
-5857
-6480
-6784
-6796
-6558
-6084
-5296
-4133
-3087
-2465
-1986
-1759
-1923
-2457
-3130
-3846
-4601
-5327
-5870
-6024
-5867
-5329
-4646
-3748
-2851
-2065
-1323
-768
-683
-938
-1285
-1699
-2197
-2838
-3320
-3456
-3356
-2927
-2384
-1911
-1298
-659
-112
350
696
908
985
1041
884
810
606
479
599
696
811
1202
1858
2250
2443
2753
3014
3122
3101
3023
2862
2718
2521
2356
2418
2597
2613
2428
2313
2446
2520
2461
2290
1994
1736
1401
1103
1106
1251
1428
1442
1355
1463
1806
1926
1891
1832
1681
1544
1124
496
-29
-309
46
1037
2288
3645
5013
5805
6065
5682
4652
3625
2321
817
-567
-1584
-1998
-1836
-1258
-168
1046
2334
3393
4061
4185
3881
3080
1922
729
-605
-1842
-2865
-3245
-2831
-1980
-1072
-42
982
1784
2289
2473
2263
1588
604
-451
-1443
-2288
-2998
-3278
-3063
-2548
-1866
-1064
-118
758
1331
1527
1407
977
402
-370
-1163
-1788
-2442
-2907
-3007
-2878
-2561
-1976
-1255
-650
-358
-246
-332
-326
-516
-1154
-1651
-1849
-2206
-2235
-2023
-1903
-1794
-1513
-1097
-810
-655
-526
-591
-818
-1101
-1388
-1584
-1827
-1910
-1813
-1685
-1542
-1219
-1161
-1022
-835
-693
-520
-500
-677
-917
-1219
-1806
-2581
-3435
-4314
-5085
-5756
-6212
-6334
-6036
-5581
-5062
-4180
-3150
-2268
-1728
-1342
-1151
-1473
-2299
-3253
-4017
-4789
-5401
-5548
-5355
-4965
-4341
-3475
-2493
-1599
-1099
-581
-334
-175
-191
-669
-1168
-1827
-2313
-2490
-2481
-2248
-1698
-1232
-655
-119
453
1101
1536
1773
1865
2000
1893
1704
1581
1525
1630
1630
1785
2084
2380
2780
3110
3385
3582
3725
3785
3727
3694
3469
3384
3283
3143
3207
3395
3272
3064
2970
3057
3070
2900
2606
2416
2239
2058
1934
1880
1944
2142
2098
2139
2268
2120
2054
2251
2415
2310
1867
1245
644
339
456
1205
2454
3827
5207
6225
6651
6361
5508
4367
3182
1832
435
-558
-1171
-1368
-992
-38
1278
2649
3776
4543
4935
4686
3740
2615
1442
244
-828
-1815
-2289
-2244
-1743
-734
331
1436
2292
2750
2932
3018
2622
1776
765
-239
-1206
-1849
-2014
-2025
-1733
-1212
-459
432
1327
1916
2059
2072
1777
1338
677
-289
-1112
-1787
-2160
-2244
-2085
-1743
-1240
-630
-323
6
310
388
254
-76
-529
-1052
-1272
-1411
-1651
-1730
-1507
-1148
-843
-547
-276
15
105
-48
-168
-279
-525
-893
-1145
-1266
-1241
-1082
-813
-567
-427
-235
-137
-43
-64
-240
-222
-131
-274
-699
-1526
-2455
-3374
-4185
-4936
-5433
-5630
-5498
-5249
-4744
-3895
-2944
-1919
-1171
-839
-733
-932
-1456
-2214
-2864
-3556
-4179
-4536
-4554
-4197
-3672
-2978
-2044
-1183
-508
8
301
292
70
-8
-256
-807
-1406
-1793
-1929
-2125
-1869
-1148
-429
231
764
1265
1664
1830
1777
1552
1189
926
746
674
861
1173
1748
2267
2628
2676
2543
2257
1719
1074
495
56
82
438
935
1665
2268
2947
3563
3775
3643
3145
2391
1487
645
98
-143
129
765
1699
2838
4096
5438
6345
6554
6462
6129
5517
4810
3854
2995
2534
2257
2253
2681
3691
5097
6626
8248
9547
10144
9884
9151
7927
6367
4581
3031
1851
995
510
600
1371
2572
3752
4846
5646
6097
6012
5224
4108
2831
1533
245
-877
-1888
-2275
-1931
-1185
-350
620
1459
2130
2705
2923
2646
1846
859
-136
-1171
-2119
-2916
-3206
-3058
-2772
-2239
-1348
-450
224
830
1180
1076
599
-6
-602
-1266
-1996
-2544
-2801
-2772
-2449
-1707
-1066
-424
236
753
1052
1210
1169
1014
694
379
327
298
319
335
510
818
1352
1937
2217
2381
2431
2218
1909
1784
1523
1298
1055
824
812
843
1030
1215
1383
1479
1583
1580
1606
1553
1460
1383
1196
592
-15
-845
-1740
-2517
-3316
-4157
-4634
-4597
-4292
-3903
-3381
-2549
-1536
-1043
-853
-576
-629
-1120
-1823
-2394
-3241
-4080
-4547
-4873
-4739
-4389
-3767
-3115
-2294
-1410
-764
-517
-480
-574
-835
-1434
-2191
-2844
-3177
-3451
-3615
-3526
-3096
-2460
-1908
-1251
-624
-90
312
498
568
422
86
-305
-838
-1316
-1708
-1914
-1643
-979
-164
482
1046
1358
1785
1917
1748
1421
859
215
-400
-706
-825
-853
-695
-180
410
693
911
1193
1159
796
339
-386
-1251
-1868
-2340
-2618
-2659
-2550
-2259
-1790
-1314
-970
-727
-771
-1409
-2481
-3673
-4833
-5457
-5224
-4291
-2976
-1481
60
1288
1728
1566
895
-331
-1991
-3719
-5412
-6729
-7412
-7541
-7120
-5784
-4099
-2418
-869
135
497
480
-100
-1240
-2689
-4478
-5890
-6637
-6900
-6568
-5692
-4379
-2908
-1662
-515
261
595
528
-48
-747
-1731
-2924
-3921
-4483
-4571
-4333
-3767
-2962
-1935
-861
101
768
1114
1207
907
370
-288
-1052
-1767
-2209
-2383
-2403
-2321
-1864
-1276
-708
-171
171
521
521
342
90
-307
-667
-1096
-1450
-1606
-1549
-1373
-1093
-736
-389
45
398
557
366
10
-172
-388
-681
-782
-673
-543
-564
-412
-79
265
474
512
700
999
868
678
623
425
14
-598
-1332
-1992
-2573
-3111
-3470
-3388
-2965
-2395
-1723
-916
-80
762
1489
1878
1973
1699
1353
935
385
-169
-574
-765
-641
-271
363
1114
1961
2832
3531
3906
4139
4216
3923
3287
2690
2252
1867
1600
1628
1665
2017
2475
2909
3445
4032
4260
4395
4366
4067
3737
3502
3352
3179
2876
2779
2684
2839
3148
3475
3716
3715
3784
3942
3971
3912
3761
3553
3372
3067
2935
2976
2986
3035
3043
3048
3031
2822
2695
2741
2594
2298
2119
1990
1853
1666
1512
1614
1748
2010
2154
2016
1882
2036
2086
1905
1465
781
-16
-535
-549
-64
866
2028
3171
4202
4943
4845
4246
3598
2700
1793
969
395
137
253
611
1332
2458
3669
4683
5230
5398
5106
4385
3463
2427
1307
457
-193
-559
-408
411
1602
2611
3443
4316
4867
5155
5019
4537
3787
2960
2060
1073
487
300
536
946
1611
2439
3227
3878
4407
4791
4710
4328
3736
2866
2116
1474
963
910
921
1004
1307
1753
2353
2712
3112
3373
3317
3178
2966
2560
1979
1400
976
763
632
623
667
911
1203
1445
1699
1820
1756
1763
1617
1387
1158
841
735
676
765
945
1083
1234
1478
1605
1612
1756
1937
2045
1860
1611
1247
775
43
-756
-1477
-2072
-2532
-2781
-2818
-2601
-2154
-1415
-310
673
1258
1646
1780
1702
1320
674
-140
-881
-1465
-1755
-1719
-1414
-708
105
1011
1913
2630
3193
3416
3348
3207
2736
1874
1178
521
117
-88
-71
180
586
1119
1572
2001
2405
2651
2707
2497
2301
2125
1663
1138
934
891
736
624
681
781
1133
1653
1900
2009
1889
1621
1352
1362
1219
892
633
524
652
669
712
633
482
316
177
52
-48
-307
-452
-704
-956
-1061
-1149
-1227
-960
-770
-741
-761
-676
-530
-409
-554
-949
-1281
-1513
-1523
-995
128
1537
3130
4426
5362
5657
5275
4392
2778
799
-1096
-2835
-4152
-5035
-5251
-4758
-3567
-1688
218
1928
3316
4029
4078
3437
2085
502
-1188
-2768
-4209
-5347
-5492
-5008
-4008
-2670
-1315
-108
789
1379
1435
1030
310
-636
-1843
-3180
-4332
-5049
-5322
-5132
-4709
-3810
-2672
-1546
-662
-117
82
-72
-380
-797
-1493
-2403
-3260
-3750
-4028
-4096
-3830
-3555
-3191
-2676
-2392
-2240
-1984
-1959
-1937
-1974
-2290
-2499
-2544
-2555
-2629
-2454
-1793
-1280
-917
-520
-193
-37
-108
-409
-665
-799
-785
-864
-1017
-940
-611
-303
-51
341
782
1128
1279
1302
1344
1235
978
760
472
-16
-759
-1698
-2294
-2818
-3541
-3965
-3833
-3289
-2627
-1856
-1009
-130
628
1082
1367
1405
957
202
-499
-1201
-1883
-2295
-2575
-2522
-2218
-1561
-694
174
856
1475
1944
2000
1640
1059
547
-178
-927
-1475
-1696
-1662
-1571
-1403
-960
-326
184
557
879
1131
1195
876
602
292
-29
-456
-562
-479
-333
-95
148
407
664
1014
1230
1256
1202
1206
1280
1245
1013
946
887
777
790
821
1146
1292
1226
1159
968
666
405
164
-102
10
95
58
-90
91
282
308
426
605
754
797
628
355
-63
-660
-1020
-1186
-1128
