-4958
-4588
-4097
-3695
-3517
-3492
-3473
-3675
-4061
-4265
-4570
-4851
-4861
-4675
-4534
-4300
-3959
-3712
-3537
-3327
-3138
-3081
-3226
-3439
-3674
-4021
-4556
-5263
-6056
-6812
-7589
-8266
-8662
-8605
-8315
-7592
-6698
-5792
-4812
-3991
-3427
-3162
-3191
-3566
-4275
-5038
-5824
-6439
-7012
-7146
-6844
-6259
-5324
-4354
-3370
-2459
-1821
-1606
-1511
-1590
-2223
-2862
-3334
-3906
-4475
-5072
-5216
-5042
-4736
-4303
-3681
-3116
-2533
-2175
-2398
-2748
-3355
-4112
-4907
-5396
-5447
-5115
-4340
-3230
-1966
-1190
-1008
-1531
-2744
-4166
-5927
-7951
-9778
-11172
-11850
-11721
-10819
-9349
-7834
-6469
-5310
-4634
-4768
-5798
-7233
-8895
-10852
-12547
-13247
-13009
-11973
-10357
-8329
-5817
-3359
-1211
315
1079
1067
332
-741
-2013
-3567
-5193
-6678
-7161
-6595
-4914
-2389
505
3251
5318
6456
6579
5983
4713
2536
129
-1943
-3881
-5391
-6101
-5891
-4867
-3373
-1810
-385
531
759
384
-639
-2234
-4066
-5957
-7929
-9473
-10376
-10440
-9634
-8381
-6931
-5455
-4223
-3535
-3259
-3538
-4339
-5664
-7176
-8615
-10142
-11447
-12212
-12240
-11732
-10529
-9188
-7744
-6355
-5528
-4922
-4785
-5282
-6202
-7462
-8802
-9923
-10935
-11673
-11998
-11783
-11078
-9905
-8690
-7338
-6115
-4993
-4112
-3784
-3870
-3807
-3805
-3864
-3866
-3824
-3731
-3370
-2816
-2261
-1772
-1302
-962
-703
-657
-611
-761
-1026
-1204
-1466
-1740
-1917
-1910
-1953
-1997
-1969
-1956
-2107
-2198
-2350
-2515
-2830
-3114
-3424
-3757
-4101
-4714
-5439
-6091
-6595
-6875
-7087
-7015
-6826
-6561
-6041
-5289
-4510
-3943
-3716
-3565
-3730
-4332
-5197
-6015
-6856
-7531
-8306
-8908
-9007
-8744
-8011
-7108
-6137
-5221
-4605
-4265
-4019
-3988
-4251
-4768
-5202
-5311
-5501
-5818
-5791
-5351
-4665
-3721
-2713
-1764
-988
-305
281
744
964
1205
1386
1285
835
166
-698
-1840
-2961
-4062
-4913
-4896
-3944
-2297
-338
1541
3069
4145
4829
4797
4057
2650
636
-1571
-3378
-4435
-4849
-4337
-2833
-814
1186
3100
4671
5547
5650
5026
3790
2201
567
-984
-2031
-2611
-2298
-1113
675
2832
4712
5839
6303
6410
6250
5879
5461
5295
5568
5865
6159
6410
6475
6228
5626
4923
3896
2487
1153
137
-551
-777
-643
-60
865
2047
3272
4062
4385
4219
3782
3013
1787
479
-674
-1861
-2827
-3183
-2935
-2310
-1420
-401
254
584
953
1307
1116
536
-436
-1523
-2617
-3759
-4518
-4813
-4897
-4848
-4578
-4166
-3946
-3771
-3675
-3627
-3728
-4003
-4329
-4689
-4954
-4997
-4884
-4775
-4698
-4475
-4060
-3687
-3466
-3342
-3318
-3502
-3801
-3930
-4129
-4393
-4510
-4348
-4069
-3635
-3326
-2819
-2230
-1693
-1297
-1073
-993
-1123
-1332
-1833
-2267
-2710
-3048
-3185
-3281
-3392
-3267
-2978
-2672
-2439
-2162
-1869
-1668
-1817
-2092
-2498
-3192
-4247
-5424
-6662
-8033
-9234
-9867
-10272
-10531
-10324
-9755
-8890
-7728
-6647
-5797
-5172
-4742
-4905
-5574
-6404
-7192
-8029
-8882
-9647
-10162
-10247
-9782
-9107
-8339
-7558
-6673
-6017
-5697
-5623
-5678
-5941
-6553
-7395
-7980
-8255
-8324
-8205
-8025
-7721
-7112
-6351
-5720
-5039
-4359
-3919
-3766
-3493
-3137
-2760
-2607
-2479
-2450
-2248
-1740
-1393
-975
-528
-87
131
137
52
63
-6
-269
-618
-852
-943
-1062
-947
-858
-955
-1017
-1197
-1264
-1249
-1270
-1429
-1623
-1888
-2294
-2508
-2522
-2552
-2700
-2703
-2593
-2360
-2136
-2036
-2028
-1926
-1838
-2094
-2774
-3488
-3976
-4021
-3512
-2457
-1091
130
1206
1628
1570
1093
-108
-1833
-3553
-5082
-6399
-7298
-7722
-7465
-6482
-5055
-3598
-2334
-1371
-721
-666
-1248
-2228
-3529
-5070
-6459
-7595
-8474
-8893
-8464
-7513
-6221
-4836
-3503
-2692
-2127
-1708
-1753
-2478
-3683
-4702
-5804
-6847
-7579
-8000
-7866
-7274
-6433
-5497
-4342
-3513
-2948
-2550
-2474
-2809
-3580
-4487
-5095
-5713
-6350
-6758
-6817
-6670
-6309
-5664
-4926
-4456
-4206
-4106
-4140
-4385
-4962
-5391
-5521
-5774
-6269
-6538
-6359
-6092
-5887
-5667
-5233
-4772
-4670
-4893
-5237
-5574
-5715
-5989
-6379
-6735
-6800
-6572
-6294
-6084
-5638
-5496
-5299
-5007
-4756
-4529
-4680
-4944
-5341
-5855
-6486
-7396
-8373
-9305
-10121
-10795
-11073
-11051
-10744
-10092
-9245
-8315
-7254
-6323
-5710
-5423
-5360
-5862
-6604
-7340
-8285
-8935
-9542
-9925
-9745
-9132
-8137
-7015
-5964
-5157
-4362
-3698
-3439
-3580
-3933
-4285
-4817
-5498
-5856
-6106
-6077
-5675
-5175
-4575
-3990
-3258
-2486
-1956
-1524
-1216
-1015
-901
-1040
-1243
-1469
-1523
-1463
-1205
-910
-606
-82
294
433
713
1088
1330
1309
1116
1032
913
717
576
473
365
326
422
469
305
103
71
71
-51
-255
-494
-694
-740
-709
-733
-787
-777
-547
-384
-179
-84
16
-102
-298
-736
-1266
-1757
-1926
-1570
-466
963
2469
3646
4641
4980
4575
3783
2497
892
-563
-1669
-2766
-3431
-3481
-2932
-1715
-346
962
2033
2844
3000
2800
2198
1012
-534
-2083
-3170
-3949
-4495
-4563
-3966
-2764
-1444
-209
903
1544
1719
1535
900
-77
-1232
-2410
-3393
-4027
-4382
-4424
-4011
-3326
-2549
-1670
-894
-318
-11
-61
-448
-1130
-1756
-2566
-3406
-4137
-4670
-4841
-4465
-3953
-3284
-2647
-2254
-2078
-1813
-1724
-1991
-2299
-2489
-2873
-3390
-3713
-3952
-3844
-3478
-3154
-2858
-2539
-2110
-1955
-2130
-2168
-2342
-2617
-2810
-3029
-3232
-3341
-3284
-3092
-2956
-2945
-2811
-2555
-2343
-2091
-1869
-1893
-2038
-2173
-2548
-3158
-3983
-4911
-6021
-6856
-7506
-7781
-7834
-7796
-7331
-6460
-5458
-4593
-3964
-3437
-3098
-3012
-3241
-3982
-4759
-5593
-6532
-7240
-7564
-7349
-6817
-6352
-5548
-4484
-3518
-2688
-2209
-1948
-2046
-2178
-2611
-3092
-3603
-4070
-4299
-4423
-4323
-4065
-3669
-2988
-2186
-1569
-1150
-530
-99
-30
-42
-211
-501
-604
-765
-705
-578
-442
-235
204
582
969
1262
1477
1642
1583
1573
1596
1542
1418
1161
1060
1118
1243
1278
1214
1244
1201
987
714
575
434
26
-257
-354
-382
-259
-222
-140
-151
-122
-111
-206
-196
-81
-153
-556
-1077
-1704
-2096
-1831
-967
316
1766
2962
4019
4575
4370
3521
2317
931
-281
-1503
-2888
-3796
-4048
-3696
-2864
-1603
-205
1134
2094
2504
2204
1553
572
-723
-2348
-3909
-4967
-5617
-5625
-5117
-4256
-3165
-1978
-900
99
803
842
309
-420
-1481
-2822
-4069
-5005
-5461
-5640
-5376
-4558
-3636
-2851
-2023
-1243
-821
-939
-1340
-1879
-2401
-3267
-4246
-4952
-5297
-5443
-5298
-5058
-4724
-4294
-3756
-3191
-2847
-2638
-2803
-3189
-3555
-3901
-4255
-4650
-4909
-4846
-4611
-4226
-3805
-3475
-3252
-3037
-2992
-3150
-3390
-3512
-3754
-4187
-4450
-4578
-4596
-4368
-3996
-3797
-3654
-3798
-3684
-3405
-3295
-3292
-3348
-3403
-3635
-4232
-5073
-5973
-6945
-8010
-8834
-9244
-9283
-9155
-8869
-8186
-7220
-6253
-5479
-4633
-4094
-4036
-4332
-4788
-5647
-6679
-7540
-8173
-8631
-8547
-8190
-7536
-6573
-5499
-4540
-3716
-2942
-2414
-2433
-2868
-3195
-3744
-4452
-4930
-5179
-5178
-5055
-4657
-4106
-3490
-2714
-2047
-1277
-782
-606
-477
-350
-356
-400
-404
-512
-634
-622
-374
-98
256
688
1188
1534
1759
2045
1982
1946
1992
1888
1848
1704
1656
1766
1758
1787
1711
1607
1505
1511
1444
1173
925
772
632
544
503
459
442
427
592
784
901
901
993
1092
960
496
-293
-1404
-2438
-2883
-2785
-2279
-1295
-16
1167
1916
2278
1974
1450
828
81
-804
-1708
-2232
-2172
-1729
-1010
-9
1043
2022
2633
2796
2513
1862
1002
-116
-1264
-2281
-3106
-3450
-3182
-2509
-1370
-153
979
1927
2566
2809
2680
2379
1815
933
-160
-984
-1654
-2165
-2118
-1510
-701
65
851
1559
2104
2426
2420
2427
2039
1096
210
-719
-1585
-1947
-1934
-1666
-1331
-693
-26
389
714
1022
1078
917
505
6
-598
-1309
-1874
-2290
-2482
-2546
-2585
-2554
-2470
-2145
-1850
-1783
-1880
-2006
-2176
-2455
-2629
-2706
-2958
-3316
-3423
-3395
-3130
-2882
-2854
-2807
-2878
-2833
-2637
-2391
-2522
-2967
-3386
-3835
-4539
-5511
-6388
-7113
-7687
-8092
-8058
-7732
-7112
-6403
-5688
-4745
-3905
-3415
-3061
-2980
-3288
-3863
-4635
-5469
-6203
-6655
-6830
-6610
-5826
-4949
-3898
-2877
-2152
-1493
-967
-569
-327
-545
-1092
-1738
-2270
-2737
-3135
-3202
-2872
-2157
-1402
-676
-96
563
1027
1316
1588
1696
1663
1403
1171
831
506
560
725
935
1293
1587
1953
2369
2565
2691
2744
2768
2839
2611
2321
2159
2019
2029
1862
1779
1751
1759
1821
1604
1366
1125
897
854
723
563
522
472
463
300
163
213
406
556
543
616
739
524
349
476
832
1490
2558
4009
5554
7000
7915
8043
7776
6985
5504
3421
1114
-1147
-2992
-4168
-4840
-4644
-3494
-1465
795
2979
4719
5893
6317
5913
4788
3229
1384
-575
-2353
-3927
-4985
-5329
-4772
-3433
-1913
-409
899
1782
2223
2176
1730
722
-612
-2072
-3538
-4822
-5621
-6011
-5931
-5378
-4393
-3161
-2137
-1315
-813
-438
-413
-684
-1340
-2351
-3303
-4151
-4900
-5372
-5505
-5440
-5124
-4776
-4268
-3826
-3662
-3482
-3407
-3353
-3313
-3517
-3719
-3718
-3597
-3138
-2703
-2390
-2056
-1709
-1395
-1238
-1174
-1258
-1630
-1870
-1991
-2090
-2188
-2146
-2029
-1824
-1433
-1048
-804
-634
-541
-464
-408
-464
-483
-758
-1277
-1930
-2855
-3849
-4711
-5605
-6320
-6583
-6618
-6330
-5731
-4899
-3938
-3053
-2229
-1569
-1249
-1311
-1629
-2317
-3468
-4654
-5601
-6269
-6500
-6545
-6237
-5579
-4640
-3751
-2877
-2224
-1682
-1249
-1338
-1700
-2235
-2912
-3630
-4228
-4717
-4896
-4781
-4425
-3864
-3013
-2261
-1608
-965
-483
-224
-117
-175
-393
-499
-490
-464
-479
-527
-337
94
601
1026
1453
1812
2097
2256
2438
2504
2362
2307
2325
2402
2402
2402
2414
2373
2365
2373
2323
2291
2205
1995
1754
1559
1496
1377
1344
1514
1610
1578
1634
1859
2068
2074
1957
1825
1620
1360
813
-106
-631
-841
-634
150
1074
2036
3106
3691
3534
2944
2103
1033
-339
-1630
-2582
-3006
-3078
-2471
-1233
358
1883
3140
4029
4209
3890
3218
2094
472
-1332
-2867
-3853
-4444
-4589
-4024
-3004
-1594
-148
1194
2251
2708
2819
2661
1995
946
-224
-1209
-1976
-2514
-2566
-2296
-1757
-888
232
1276
2094
2512
2583
2352
1974
1458
705
-222
-904
-1405
-1744
-1690
-1443
-946
-331
163
597
931
1164
1076
1065
814
390
-56
-415
-676
-949
-1000
-841
-743
-593
-425
-315
-409
-609
-852
-1265
-1627
-1875
-2075
-2329
-2417
-2313
-2262
-2017
-1574
-1451
-1546
-1464
-1486
-1591
-1707
-1865
-2270
-2848
-3579
-4412
-5244
-6132
-6924
-7455
-7744
-7681
-7325
-6406
-5531
-4629
-3610
-2920
-2570
-2581
-2620
-3002
-3778
-4618
-5404
-6024
-6334
-6236
-5783
-5116
-4120
-2967
-1983
-1080
-279
104
194
32
-196
-663
-1268
-1834
-2143
-2244
-2188
-1769
-1117
-404
425
1227
1772
2208
2513
2578
2634
2679
2479
2365
2275
2030
2113
2425
2640
2848
3058
3430
3824
4127
4308
4288
4158
4090
3921
3868
3631
3477
3390
3337
3220
3263
3365
3216
3161
3095
2803
2453
2273
2176
1969
1669
1600
1644
1621
1630
1801
2057
2081
2042
2021
1939
1601
989
296
-29
83
576
1509
3030
4553
5564
6191
6208
5773
4754
3545
2449
1193
-140
-1166
-1506
-1353
-590
707
2063
3370
4410
4985
5041
4663
3834
2684
1407
157
-818
-1716
-2166
-1853
-979
116
1222
2144
3002
3442
3316
2924
2379
1565
488
-582
-1332
-1873
-2019
-1748
-1269
-642
224
1029
1571
1894
2183
2028
1560
945
150
-605
-1473
-2346
-2551
-2311
-2028
-1803
-1413
-879
-556
-474
-406
-405
-573
-969
-1397
-1679
-1926
-2197
-2272
-2129
-1900
-1621
-1360
-994
-622
-493
-625
-852
-1083
-1207
-1361
-1645
-1919
-1909
-1813
-1687
-1408
-1140
-981
-852
-833
-861
-865
-733
-534
-795
-1372
-1974
-2705
-3527
-4527
-5418
-5987
-6217
-6285
-6028
-5475
-4643
-3709
-2840
-2079
-1425
-1025
-1084
-1532
-2324
-3062
-3874
-4878
-5423
-5506
-5374
-4851
-4017
-3100
-2151
-1213
-547
-169
-77
-144
-446
-1179
-1748
-2287
-2888
-3071
-2822
-2533
-2107
-1405
-759
-132
498
1037
1461
1615
1606
1581
1482
1410
1374
1174
951
921
1204
1493
1790
2319
2865
3070
2936
3072
3204
3131
3095
2955
2795
2717
2668
2659
2614
2664
2642
2808
2831
2641
2603
2435
2051
1942
1983
1974
1945
1837
1672
1861
1965
2062
2129
2123
2170
2034
1797
1168
424
-42
-126
353
1381
2724
4328
5636
6423
6525
6137
5211
4122
2844
1347
-16
-957
-1401
-1487
-872
236
1568
2920
3991
4691
4697
4360
3643
2537
1182
-208
-1353
-2423
-3087
-2891
-2096
-986
166
1185
2142
2621
2946
2902
2314
1486
636
-438
-1499
-2337
-2771
-2703
-2227
-1506
-680
241
1031
1551
1850
1885
1594
1017
183
-546
-1255
-1898
-2274
-2386
-2197
-1807
-1409
-935
-235
236
276
318
75
-241
-620
-1063
-1337
-1373
-1489
-1425
-1276
-1074
-792
-456
-44
122
-11
-125
-259
-473
-605
-716
-819
-983
-1104
-1015
-714
-595
-570
-530
-439
-198
35
145
0
-327
-629
-1172
-1960
-3063
-4210
-4891
-5316
-5702
-5988
-5769
-5185
-4452
-3571
-2636
-1884
-1370
-932
-882
-1170
-1800
-2613
-3395
-4148
-4866
-5124
-4953
-4482
-3801
-3061
-2129
-1159
-298
194
337
460
161
-291
-727
-1188
-1692
-2176
-2384
-2126
-1573
-1041
-311
393
1021
1442
1773
2118
2240
2244
2267
2178
2026
2037
1968
2031
2398
2749
3066
3317
3756
4172
4318
4414
4313
4228
4295
4273
4141
3984
3919
3839
3720
3597
3650
3671
3539
3240
3122
3142
3134
3006
2626
2519
2416
2415
2469
2425
2553
2789
2822
2834
2833
2771
2535
2143
1681
1044
719
936
1819
3231
4710
5838
6775
7214
7039
6513
5464
4171
2769
1360
86
-741
-909
-454
298
1520
2861
4150
5089
5580
5361
4622
3642
2374
1052
-139
-1157
-1805
-1889
-1522
-677
470
1606
2591
3278
3717
3659
3229
2420
1359
417
-293
-1075
-1610
-1733
-1539
-958
-162
909
1723
2058
2392
2538
2508
2084
1213
365
-433
-1050
-1473
-1716
-1546
-1225
-725
-152
265
580
846
1011
812
579
314
-141
-463
-709
-1002
-1123
-881
-613
-159
162
348
452
461
495
353
176
-82
-390
-620
-870
-957
-924
-651
-323
-83
-80
34
258
440
460
337
139
-62
-415
-1154
-2026
-3042
-4062
-4858
-5255
-5337
-5094
-4724
-4161
-3371
-2575
-1747
-1044
-538
-319
-495
-1014
-1756
-2608
-3344
-3810
-4167
-4319
-4289
-3877
-2989
-1972
-990
-113
459
824
983
774
434
-138
-748
-1269
-1684
-1871
-1794
-1440
-921
-308
498
1276
1736
1934
2087
2089
1841
1468
1219
1092
1026
1205
1450
1889
2201
2442
2573
2488
2075
1592
1141
649
390
170
328
868
1403
2102
2995
3537
3612
3373
2886
2212
1318
432
-325
-580
-291
529
1453
2643
4005
5027
5748
6253
6281
5906
5299
4532
3672
2851
2218
1928
1931
2523
3625
4992
6623
8292
9544
10074
9975
9273
8021
6455
4744
2947
1470
590
225
404
927
2003
3325
4591
5505
5843
5659
5102
4114
2859
1473
87
-1088
-1843
-2300
-2493
-1991
-941
214
1166
1909
2375
2513
2264
1657
874
-3
-931
-1909
-2719
-3238
-3347
-3029
-2358
-1640
-910
-101
455
589
560
653
288
-480
-1344
-2129
-2633
-2898
-2839
-2605
-2156
-1577
-909
-168
464
838
1011
897
807
652
388
166
61
124
394
736
1062
1446
1909
2190
2323
2261
2115
1976
1756
1515
1228
1200
1079
951
1017
1233
1363
1383
1467
1599
1524
1551
1476
1418
1265
949
472
-126
-994
-2027
-2942
-3690
-4309
-4794
-4911
-4613
-4090
-3585
-2712
-1761
-1007
-647
-533
-615
-1056
-1526
-2435
-3266
-4063
-4831
-5137
-4965
-4495
-3838
-3119
-2402
-1533
-875
-528
-343
-490
-1035
-1668
-2287
-2999
-3407
-3687
-3754
-3691
-3328
-2726
-2049
-1272
-623
-83
420
626
454
188
-150
-625
-1118
-1521
-1769
-1802
-1534
-1042
-187
686
1308
1632
1839
2158
2111
1507
844
195
-369
-885
-1002
-985
-788
-283
226
628
1017
1306
1244
768
252
-301
-1183
-2149
-2607
-2719
-2812
-2795
-2251
-1716
-1355
-1038
-829
-826
-1296
-2291
-3555
-4496
-4984
-4977
-4426
-3368
-1643
134
1387
1889
1826
1168
-81
-1784
-3667
-5523
-7060
-7754
-7839
-7185
-5935
-4376
-2599
-1102
-17
515
448
-5
-1114
-2705
-4471
-5956
-6819
-7219
-7060
-6354
-5072
-3659
-2316
-986
29
640
728
371
-289
-1242
-2381
-3353
-4089
-4486
-4422
-3842
-2961
-1934
-881
23
809
1321
1526
1344
763
-2
-874
-1581
-2139
-2547
-2579
-2122
-1671
-1295
-856
-176
480
937
1125
918
542
67
-235
-605
-990
-1130
-1166
-939
-789
-435
1
273
544
658
497
170
-39
-315
-550
-694
-815
-710
-653
-650
-390
-16
457
752
803
947
1142
1144
929
501
61
-607
-1486
-2362
-3043
-3595
-3937
-3975
-3588
-2954
-2121
-1014
52
946
1515
1789
1960
1825
1448
740
-49
-744
-1062
-1068
-917
-627
-26
1020
2129
2984
3716
4151
4411
4411
4101
3657
3036
2421
1900
1582
1417
1451
1768
2222
2746
3280
3781
4246
4356
4367
4257
3986
3734
3445
3111
2891
2866
2790
2688
2806
3053
3352
3486
3615
3716
3737
3842
3789
3595
3246
3047
2923
2796
2609
2437
2570
2644
2676
2716
2679
2556
2317
1984
1719
1657
1591
1590
1675
1619
1444
1547
1822
1942
1902
1982
2109
1939
1473
789
157
-89
118
1069
2406
3917
5423
6513
6883
6641
6111
5291
4074
2570
1219
316
-350
-470
-45
881
2219
3598
4879
5761
6036
5819
5199
4298
3106
1736
592
-259
-793
-767
-250
471
1518
2726
3762
4393
4893
5004
4595
3666
2787
1853
907
80
-373
-346
-217
437
1275
2185
3058
3502
3783
3732
3538
3159
2477
1703
936
126
-251
-365
-336
-248
256
739
1260
1793
2071
2146
1987
1740
1519
1138
907
738
609
507
501
757
1063
1481
1909
2296
2406
2241
2220
2079
1784
1394
1213
1227
1357
1506
1600
1795
2083
2287
2459
2683
2741
2781
2737
2647
2509
2097
1323
451
-293
-1091
-1808
-2393
-2612
-2323
-1894
-1342
-551
194
915
1803
2328
2559
2491
1984
1151
257
-455
-947
-1226
-1410
-1272
-749
118
991
1748
2444
3078
3342
3231
2910
2467
1754
859
66
-299
-643
-747
-445
2
470
837
1275
1897
2252
2142
2099
2052
1714
1290
914
647
429
286
459
618
787
1000
1224
1501
1699
1669
1709
1691
1530
1381
1149
829
673
595
499
457
675
757
650
601
546
271
-30
-375
-556
-561
-478
-493
-596
-690
-581
-419
-268
-89
-172
-247
-387
-711
-1243
-1842
-2338
-2445
-1774
-538
1034
2506
3570
4168
4212
3806
2817
1426
24
-1488
-2763
-3650
-4223
-3919
-3009
-1739
-293
986
2173
2797
2793
2398
1535
360
-1035
-2466
-3740
-4664
-5009
-4717
-3891
-2690
-1439
-441
552
1362
1631
1314
672
-226
-1196
-2344
-3493
-4092
-4238
-3911
-3271
-2412
-1534
-606
149
626
785
618
231
-201
-849
-1698
-2324
-2711
-3060
-3224
-3098
-2490
-1699
-1100
-551
-370
-270
-377
-503
-593
-977
-1288
-1568
-1762
-1727
-1615
-1374
-1074
-841
-479
19
359
430
279
88
-71
-336
-588
-737
-812
-859
-802
-521
-161
138
316
442
576
753
883
875
677
200
-629
-1503
-2169
-2834
-3595
-4152
-4505
-4472
-4302
-3704
-2830
-2088
-1158
-211
356
610
602
398
-271
-1049
-1600
-2181
-2885
-3160
-2819
-2262
-1387
-403
525
1322
1869
2131
2261
2054
1698
1134
429
-146
-617
-1011
-1184
-1011
-689
-149
424
1063
1567
1979
2066
1954
1825
1560
1154
825
518
290
290
350
649
1036
1283
1559
1772
1871
1899
1842
1821
1862
1720
1582
1374
1234
1220
1093
1018
1092
1208
1085
888
795
610
461
312
236
134
54
-129
-204
21
78
22
63
139
177
200
334
240
27
-100
54
467
1177
