-5197
-4665
-4244
-3917
-3739
-3659
-3626
-3763
-4134
-4580
-4802
-4885
-4773
-4735
-4591
-4348
-4256
-4074
-3860
-3532
-3368
-3442
-3304
-3179
-3388
-3840
-4327
-5116
-6211
-7162
-7896
-8430
-8735
-8650
-8273
-7647
-6717
-5673
-4943
-4441
-4014
-3635
-3491
-3763
-4523
-5509
-6289
-6874
-7364
-7361
-6952
-6383
-5622
-4686
-3779
-2823
-2054
-1683
-1666
-1972
-2474
-2976
-3414
-3989
-4583
-4963
-5086
-5004
-4376
-3600
-3020
-2618
-2226
-2102
-2228
-2546
-3211
-4125
-5074
-5584
-5495
-5194
-4495
-3377
-2209
-1289
-994
-1376
-2589
-4159
-6015
-8041
-9989
-11560
-12173
-11755
-10764
-9311
-7726
-6148
-5058
-4443
-4501
-5485
-7175
-9071
-10842
-12258
-13003
-12984
-12099
-10346
-8098
-5667
-3119
-915
582
1314
1302
669
-418
-1812
-3562
-5216
-6303
-6512
-5622
-3789
-1153
1818
4424
6254
7185
7185
6189
4501
2362
-179
-2835
-5095
-6486
-6826
-6128
-4723
-3088
-1095
577
1530
1704
1266
219
-1643
-3774
-5987
-8031
-9662
-10406
-10292
-9649
-8261
-6546
-5073
-4045
-3217
-2981
-3392
-4437
-5877
-7459
-9039
-10630
-11844
-12418
-12460
-11994
-10902
-9278
-7627
-6352
-5520
-5019
-5083
-5686
-6457
-7407
-8637
-9918
-11071
-11747
-11862
-11727
-11499
-10673
-9348
-7833
-6619
-5701
-5062
-4522
-4250
-4195
-4314
-4388
-4322
-4175
-3911
-3513
-2898
-2279
-1829
-1477
-1065
-882
-886
-1048
-1225
-1412
-1563
-1654
-1847
-1988
-1958
-1847
-1822
-1665
-1636
-1922
-1982
-2124
-2221
-2512
-2496
-2591
-3028
-3666
-4368
-5117
-5671
-5933
-6185
-6397
-6460
-6214
-5615
-5067
-4589
-4050
-3454
-2906
-2871
-3207
-3762
-4526
-5551
-6511
-7388
-8123
-8323
-8309
-8012
-7451
-6643
-5840
-5253
-4633
-4136
-3945
-4088
-4501
-4933
-5388
-5805
-5875
-5911
-5629
-5212
-4470
-3369
-2380
-1518
-646
53
426
828
1087
1246
1199
1178
867
185
-640
-1628
-2711
-3771
-4711
-4837
-3812
-2016
-6
1808
3356
4412
4954
4881
4160
2751
991
-971
-2736
-3745
-3983
-3367
-2014
24
2340
4149
5353
6134
6239
5691
4656
3040
1284
-232
-1329
-1803
-1339
-188
1324
3308
5444
6761
7312
7448
7413
7224
7009
6819
6976
7341
7536
7323
6815
6090
5272
4390
3397
2349
1357
471
-106
-273
-37
645
1709
2898
3888
4509
4838
4608
4018
3113
1979
727
-417
-1313
-2008
-2253
-2009
-1527
-1067
-483
201
873
957
620
219
-309
-1220
-2313
-3248
-3827
-4253
-4291
-4237
-4253
-4189
-4119
-3804
-3436
-3384
-3778
-4112
-4335
-4558
-4800
-5008
-5029
-4950
-4865
-4558
-4161
-3870
-3602
-3446
-3366
-3378
-3589
-3785
-3938
-4213
-4469
-4416
-4216
-4028
-3670
-3046
-2561
-2028
-1540
-1047
-755
-812
-1137
-1416
-1702
-1935
-2178
-2571
-2922
-3048
-3037
-2916
-2705
-2377
-2040
-1821
-1503
-1365
-1573
-1755
-2008
-2689
-3776
-5093
-6365
-7470
-8529
-9375
-10063
-10208
-9858
-9199
-8402
-7551
-6548
-5743
-5154
-4815
-4865
-5347
-6063
-7077
-8200
-9138
-9849
-10216
-10253
-9743
-9072
-8241
-7427
-6737
-6155
-5920
-5769
-5783
-6168
-6698
-7241
-7794
-8194
-8308
-8145
-7979
-7733
-7233
-6550
-5673
-5127
-4605
-4027
-3605
-3516
-3489
-3342
-3191
-3057
-2857
-2587
-2350
-2034
-1498
-896
-561
-532
-545
-434
-493
-562
-688
-842
-1124
-1272
-1409
-1463
-1432
-1494
-1484
-1416
-1333
-1290
-1448
-1688
-1809
-1946
-2255
-2691
-3117
-2931
-2797
-2870
-2833
-2649
-2497
-2330
-2145
-2059
-2097
-2493
-3067
-3748
-4230
-4260
-3867
-3208
-1963
-505
528
950
687
-135
-1363
-2798
-4377
-5847
-7081
-7872
-8144
-7841
-7037
-5767
-4262
-2979
-2061
-1513
-1443
-2035
-3078
-4392
-5764
-7260
-8539
-9223
-9275
-8688
-7632
-6293
-5075
-4119
-3254
-2580
-2379
-2827
-3643
-4670
-5797
-6883
-7790
-8241
-8367
-8209
-7619
-6693
-5707
-4794
-3921
-3251
-2936
-2979
-3383
-3982
-4811
-5661
-6335
-6782
-7050
-6874
-6475
-6147
-5636
-4938
-4318
-4170
-4355
-4566
-4920
-5365
-5754
-6031
-6087
-6257
-6517
-6586
-6342
-5923
-5657
-5536
-5315
-5411
-5573
-5706
-5892
-6239
-6607
-6879
-6983
-6879
-6753
-6380
-6028
-5725
-5463
-5227
-4995
-4925
-4733
-4579
-4731
-5188
-5822
-6496
-7230
-8148
-9100
-9969
-10658
-11047
-10982
-10555
-9821
-8684
-7602
-6635
-5991
-5546
-5212
-5256
-5881
-6736
-7523
-8216
-8814
-9282
-9471
-9249
-8751
-7966
-6794
-5603
-4554
-3651
-3113
-3048
-3173
-3515
-4008
-4627
-5219
-5547
-5668
-5477
-5266
-4905
-4228
-3436
-2747
-2065
-1356
-874
-837
-918
-927
-1029
-1119
-1070
-1005
-865
-753
-404
52
526
797
1055
1334
1523
1756
1713
1595
1554
1337
1145
1155
1254
1285
1243
1306
1236
1180
1107
939
796
630
395
242
48
-119
-276
-301
-130
40
73
274
596
814
846
620
413
43
-523
-989
-1156
-800
179
1565
3031
4241
4893
5126
4758
3824
2742
1510
51
-1243
-2150
-2595
-2440
-1914
-862
498
1785
2805
3344
3528
3322
2593
1499
200
-1269
-2541
-3367
-3583
-3300
-2589
-1471
-396
641
1517
2006
2094
1734
1139
307
-801
-1872
-2937
-3623
-3975
-3847
-3232
-2429
-1583
-825
-172
276
434
347
-57
-763
-1579
-2343
-3057
-3512
-3911
-3989
-3759
-3198
-2482
-2041
-1771
-1419
-1226
-1208
-1327
-1631
-2137
-2730
-3141
-3370
-3455
-3282
-3039
-2760
-2622
-2394
-2005
-1716
-1559
-1717
-2085
-2377
-2692
-3022
-3104
-3183
-3237
-3209
-2960
-2519
-2291
-2324
-2241
-1972
-1677
-1622
-1894
-2268
-2558
-3104
-3693
-4551
-5705
-6780
-7474
-7834
-7887
-7782
-7273
-6361
-5395
-4605
-3863
-3220
-2891
-2841
-3357
-4207
-5029
-6033
-6859
-7321
-7524
-7238
-6767
-6329
-5690
-4671
-3658
-2825
-2199
-2000
-2176
-2465
-2937
-3477
-3980
-4371
-4723
-4730
-4415
-4015
-3587
-2811
-1997
-1325
-880
-595
-533
-573
-612
-780
-988
-1072
-954
-998
-962
-726
-350
52
484
670
900
1270
1454
1475
1468
1397
1278
1049
1051
1075
943
968
988
1024
991
1000
899
584
374
111
-126
-277
-342
-314
-329
-376
-345
-251
-159
-100
-53
-36
-20
-203
-746
-1443
-2029
-2330
-2070
-1084
130
1475
2764
3829
4292
3944
2998
1892
541
-884
-2296
-3437
-4149
-4264
-3790
-2745
-1502
-346
770
1665
1977
1735
936
-118
-1221
-2574
-4078
-5405
-6010
-5824
-5117
-4052
-3023
-1974
-993
-379
-86
-94
-336
-1093
-2279
-3373
-4348
-5079
-5621
-5873
-5609
-4746
-3742
-3091
-2361
-1686
-1342
-1204
-1489
-2103
-2811
-3606
-4374
-5018
-5354
-5512
-5551
-5302
-4834
-4296
-3694
-3247
-3066
-3350
-3541
-3719
-4077
-4423
-4889
-5230
-5360
-5513
-5367
-4901
-4508
-4068
-3795
-3681
-3482
-3448
-3619
-4046
-4413
-4610
-4863
-5058
-4975
-4780
-4699
-4367
-4076
-3981
-3891
-3790
-3656
-3409
-3363
-3765
-4411
-4780
-5265
-6174
-7110
-8050
-8664
-8970
-9279
-9241
-8879
-8142
-7129
-6263
-5658
-5103
-4565
-4546
-4799
-5295
-6037
-6926
-7668
-8222
-8528
-8432
-8076
-7495
-6775
-5973
-4983
-4085
-3379
-3075
-3083
-3164
-3473
-3915
-4489
-4991
-5399
-5494
-5301
-4829
-4249
-3771
-3125
-2304
-1601
-1147
-973
-889
-914
-1062
-1320
-1455
-1330
-1229
-1220
-990
-545
-208
77
406
697
1086
1402
1536
1430
1288
1260
1252
1110
1003
977
1106
1326
1277
1163
1085
1000
877
557
463
482
265
24
-59
-19
56
90
62
27
204
372
429
466
297
-95
-855
-1850
-2520
-2799
-2481
-1714
-701
458
1651
2476
2651
2304
1604
782
-273
-1393
-2298
-2705
-2740
-2446
-1576
-505
446
1319
2063
2436
2419
1977
1130
-32
-1315
-2470
-3358
-3926
-3741
-2988
-2011
-1020
-214
706
1404
1834
1969
1548
968
27
-924
-1787
-2384
-2621
-2759
-2396
-1540
-710
46
879
1442
1707
1694
1454
975
261
-412
-1149
-1738
-2013
-2257
-2232
-1786
-1331
-794
-269
168
317
347
302
-76
-536
-1011
-1523
-2040
-2394
-2775
-2898
-2769
-2423
-2130
-1933
-1815
-1687
-1687
-1913
-2273
-2539
-2492
-2553
-2754
-2856
-2968
-2996
-2821
-2704
-2536
-2281
-2286
-2243
-2181
-2126
-2171
-2409
-2786
-3296
-4127
-5162
-6108
-6644
-7119
-7511
-7613
-7396
-6904
-6169
-5180
-4170
-3345
-2859
-2728
-2927
-3351
-3882
-4438
-5127
-5759
-6305
-6655
-6416
-5638
-4664
-3771
-2948
-2205
-1498
-1020
-727
-666
-931
-1441
-1719
-2240
-2766
-3024
-2975
-2594
-2046
-1552
-831
-24
622
1059
1355
1517
1585
1597
1407
1121
1013
1008
1114
1129
1198
1439
1846
2275
2703
2979
3139
3064
2982
3012
2898
2748
2623
2637
2682
2615
2485
2523
2484
2265
2122
1947
1839
1704
1438
1288
1232
1117
1030
1092
1178
1269
1303
1295
1351
1408
1535
1602
1264
784
492
514
1014
1931
3178
4521
5936
7040
7485
7148
6258
4806
3024
1399
-342
-2062
-3255
-3587
-3170
-1997
-367
1380
3207
4618
5481
5662
5255
4346
2765
923
-829
-2304
-3330
-3986
-3839
-3057
-1850
-539
705
1597
2184
2399
2106
1361
303
-872
-2142
-3310
-4366
-4837
-4633
-4146
-3453
-2521
-1530
-836
-193
224
293
19
-576
-1456
-2343
-3053
-3604
-4100
-4385
-4419
-4227
-3911
-3481
-3136
-2713
-2590
-2668
-2649
-2765
-3051
-3215
-3373
-3485
-3549
-3410
-3219
-2872
-2373
-1989
-1694
-1518
-1538
-1630
-1723
-2110
-2341
-2441
-2629
-2698
-2521
-2300
-2175
-2061
-1758
-1285
-1113
-1068
-1010
-948
-969
-1068
-1556
-2275
-3045
-3992
-4954
-5877
-6468
-6728
-6826
-6600
-5972
-5208
-4398
-3634
-2804
-2084
-1837
-1995
-2394
-3000
-3715
-4609
-5509
-6269
-6687
-6773
-6387
-5816
-4967
-3943
-3285
-2682
-2032
-1722
-1738
-2121
-2741
-3322
-3747
-4297
-4745
-4850
-4659
-4272
-3620
-2951
-2066
-1463
-893
-402
-90
102
-19
-140
-331
-579
-849
-640
-289
-39
151
531
929
1188
1568
1737
1885
2055
2223
2325
2312
2147
2001
2006
1975
1935
1996
2064
2133
2211
2159
1975
1811
1596
1398
1196
947
732
777
995
1105
1168
1083
1068
1230
1440
1589
1395
915
232
-449
-951
-1038
-687
100
1426
2773
3606
3802
3599
2893
1947
835
-435
-1621
-2644
-3269
-3205
-2604
-1461
44
1376
2372
3228
3639
3279
2421
1233
-259
-1769
-3023
-3836
-4275
-4181
-3468
-2566
-1368
-131
831
1477
1791
1761
1435
681
-439
-1677
-2705
-3351
-3437
-3272
-2857
-2248
-1301
-220
522
1041
1481
1644
1367
845
221
-599
-1390
-2083
-2464
-2549
-2513
-2072
-1626
-1026
-319
99
220
203
155
28
-421
-835
-1174
-1335
-1573
-1760
-1691
-1559
-1457
-1325
-1088
-918
-958
-1234
-1436
-1650
-1900
-2318
-2532
-2529
-2640
-2645
-2459
-2347
-2245
-1994
-1788
-1726
-1701
-1687
-1809
-1915
-2193
-2717
-3388
-4141
-5150
-6051
-6633
-7188
-7649
-7490
-7055
-6460
-5780
-4936
-3959
-3273
-2882
-2761
-2890
-3233
-3935
-4809
-5656
-6366
-6643
-6492
-6188
-5560
-4627
-3542
-2640
-1926
-1272
-747
-630
-723
-1031
-1601
-2130
-2405
-2569
-2666
-2543
-2242
-1784
-1006
-212
452
1030
1685
2084
2101
1999
1880
1776
1645
1602
1725
1829
1978
2247
2594
2888
3146
3369
3650
3810
3877
3892
3870
3869
3779
3624
3362
3231
3292
3425
3505
3504
3317
3224
3097
2854
2645
2439
2198
2060
2090
2121
2152
2152
2125
2081
2146
2106
2157
2337
2182
1498
971
484
98
130
707
1804
3144
4510
5682
6280
6288
5752
4889
3713
2239
976
-265
-1078
-1297
-1039
-216
1043
2510
3846
4745
5088
4984
4477
3694
2495
1188
45
-1049
-1750
-1836
-1449
-746
320
1318
2286
3131
3538
3653
3191
2449
1508
479
-351
-1157
-1812
-2029
-1634
-1002
-303
531
1222
1874
2249
2242
2067
1628
924
115
-615
-1236
-1833
-1935
-1896
-1820
-1447
-955
-355
114
268
302
0
-197
-527
-996
-1521
-1932
-1983
-1993
-2047
-1939
-1630
-1324
-1075
-698
-364
-373
-507
-780
-1020
-1303
-1596
-1762
-1830
-1860
-1654
-1266
-938
-752
-735
-757
-528
-341
-251
-398
-716
-1108
-1522
-2346
-3273
-3925
-4565
-5403
-5912
-5877
-5437
-4799
-4082
-3279
-2557
-1890
-1386
-1179
-1312
-1733
-2336
-3068
-3812
-4357
-4729
-4836
-4775
-4611
-3985
-3052
-2170
-1517
-841
-277
-180
-419
-779
-1319
-1878
-2329
-2598
-2594
-2622
-2386
-2155
-1682
-875
-59
526
968
1307
1487
1563
1392
1246
1005
859
942
1097
1310
1551
1879
2295
2482
2710
3082
3235
3239
3227
3253
3297
3254
3086
3076
3213
3154
2994
2850
2950
2991
2953
2919
2744
2475
2211
2213
2206
2204
2119
2084
2081
2214
2253
2302
2272
2210
2263
2212
1898
1397
837
426
327
692
1537
2908
4351
5627
6135
6085
5766
5201
4003
2570
1051
-69
-806
-1348
-1256
-551
479
1770
3038
3998
4441
4498
4236
3459
2233
965
-385
-1519
-2255
-2595
-2317
-1685
-657
390
1339
2156
2770
2956
2783
2172
1184
76
-966
-1917
-2664
-2924
-2672
-2179
-1515
-504
530
1099
1388
1543
1410
1170
491
-252
-1007
-1697
-2103
-2303
-2529
-2443
-1990
-1368
-747
-420
-163
103
220
-100
-834
-1299
-1539
-1793
-1890
-1928
-1967
-1834
-1616
-1126
-728
-536
-422
-451
-510
-655
-804
-1010
-1224
-1447
-1646
-1630
-1460
-1304
-1087
-871
-875
-766
-620
-478
-487
-484
-543
-1001
-1646
-2422
-3380
-4207
-4921
-5566
-6020
-6240
-6096
-5714
-4711
-3684
-3139
-2336
-1645
-1290
-1316
-1643
-2116
-2886
-3729
-4424
-4927
-5502
-5713
-5055
-3991
-3035
-2285
-1541
-901
-342
77
55
-247
-612
-1249
-1847
-2215
-2478
-2480
-2309
-1955
-1306
-461
370
1003
1512
1912
2066
2046
2060
2066
1842
1646
1547
1708
1790
1871
2111
2611
2946
3225
3482
3765
3954
3966
3932
3827
3738
3710
3690
3697
3594
3449
3276
3241
3423
3448
3325
3235
3154
3022
2838
2582
2403
2461
2599
2589
2378
2374
2708
2831
2694
2609
2535
2344
1974
1291
774
631
800
1667
2974
4438
5619
6384
6633
6401
5798
4655
3280
1969
689
-354
-849
-921
-572
530
2003
3387
4471
4985
5263
5052
4446
3356
1905
504
-658
-1428
-1747
-1653
-1166
-287
634
1626
2504
3218
3607
3458
2871
2043
1114
74
-846
-1558
-1884
-1753
-1300
-638
160
926
1675
2195
2470
2439
2174
1571
822
68
-546
-1036
-1362
-1614
-1573
-1223
-638
-227
155
564
840
785
568
211
-294
-708
-998
-1129
-1247
-1318
-1109
-843
-516
-225
136
331
304
263
136
-222
-479
-707
-938
-1069
-993
-761
-528
-415
-405
-259
-2
271
420
255
158
51
-33
-421
-1192
-2102
-3028
-4050
-4796
-5143
-5328
-5217
-4790
-4402
-3742
-2753
-1852
-1099
-523
-442
-678
-1139
-1786
-2536
-3322
-3984
-4455
-4698
-4528
-3831
-2979
-1932
-998
-267
218
327
279
191
22
-325
-774
-1322
-1752
-1845
-1613
-1419
-956
-265
561
1242
1733
2079
2291
2340
2043
1748
1347
1029
929
1040
1359
1717
2139
2584
2920
2764
2333
1740
997
393
125
124
191
729
1551
2405
3225
3766
4008
3936
3421
2608
1719
883
236
76
395
1037
1980
3065
4431
5722
6477
6873
6844
6374
5716
4848
4042
3338
2865
2542
2481
2935
3844
5288
7241
8891
9981
10434
10079
9112
7910
6277
4498
2906
1610
771
560
715
1477
2807
4085
5073
5738
6059
5965
5269
4063
2909
1742
444
-769
-1480
-1836
-1621
-1018
-138
909
1656
2111
2512
2846
2630
2011
1052
-11
-1103
-1924
-2643
-3105
-3255
-2999
-2365
-1694
-828
40
619
796
791
563
9
-752
-1477
-2086
-2386
-2395
-2471
-2334
-1836
-1101
-248
435
878
1056
1146
1247
1177
835
452
196
138
225
360
572
915
1353
1716
1945
2017
2076
2148
1953
1629
1251
987
770
817
924
877
913
1054
1182
1377
1477
1428
1345
1325
1259
999
709
325
-200
-962
-1803
-2760
-3650
-4343
-4660
-4673
-4537
-4113
-3579
-2827
-2016
-1381
-1013
-845
-800
-1212
-1923
-2737
-3639
-4161
-4523
-4878
-5054
-4851
-4309
-3358
-2383
-1543
-950
-740
-807
-979
-1309
-1789
-2418
-3067
-3514
-3706
-3753
-3482
-3062
-2593
-1966
-1204
-691
-289
40
243
225
12
-335
-909
-1500
-1815
-1833
-1835
-1743
-1267
-462
343
989
1434
1704
1680
1546
1180
599
14
-585
-1093
-1377
-1292
-912
-494
102
656
1028
1192
1165
905
398
-393
-1265
-2111
-2547
-2719
-2806
-2626
-2255
-1730
-1291
-1078
-817
-824
-1441
-2434
-3660
-4929
-5541
-5452
-4689
-3382
-1752
-56
1133
1668
1422
573
-767
-2313
-4129
-5946
-7258
-8125
-8212
-7365
-5922
-4383
-2848
-1342
-190
284
27
-624
-1740
-3315
-4807
-6051
-6872
-7185
-6967
-6145
-4894
-3366
-2069
-911
-98
247
227
-44
-729
-1744
-2892
-3851
-4519
-4839
-4613
-3920
-2902
-1977
-976
-9
808
1266
1254
967
275
-530
-1323
-1944
-2294
-2503
-2527
-2475
-2041
-1260
-608
-127
203
362
343
113
-99
-529
-1017
-1426
-1742
-1836
-1592
-1265
-1124
-902
-485
-120
76
125
138
-5
-309
-559
-750
-836
-1029
-1077
-905
-643
-330
-100
-34
117
325
687
895
1011
912
619
121
-456
-1211
-2095
-2788
-3220
-3526
-3615
-3291
-2556
-1729
-925
104
995
1612
1989
2070
1788
1161
488
-14
-526
-995
-1055
-907
-599
40
978
1962
2836
3545
4004
4330
4308
3865
3258
2718
2148
1714
1540
1417
1461
1832
2370
2735
3334
3900
4071
4156
4346
4317
3986
3631
3244
2805
2786
2777
2736
2838
2928
3103
3318
3483
3780
3982
4009
3824
3653
3500
3394
3169
2921
2846
2865
2956
3049
3142
3010
2859
2856
2709
2574
2653
2431
2183
1927
1766
1741
1748
1733
1966
2203
2376
2349
2367
2417
2283
1738
1082
302
-118
21
684
1809
3073
4467
5596
6042
5869
5371
4392
3269
2120
1033
81
-402
-304
279
1308
2544
3795
4901
5599
5708
5395
4787
3775
2618
1555
493
-298
-598
-353
420
1184
2044
2978
3994
4729
5011
4847
4274
3424
2522
1676
916
347
-81
23
451
1098
1796
2532
3304
3849
4134
4013
3654
3133
2316
1643
1265
859
518
301
282
581
1055
1527
1940
2552
2945
2877
2559
2141
1599
1183
849
711
639
597
649
815
1045
1288
1661
1916
1963
1793
1657
1529
1484
1469
1260
1112
962
940
1019
1339
1542
1693
1739
1972
2292
2414
2420
2249
2052
1822
1288
482
-479
-1425
-2143
-2640
-2647
-2493
-2276
-1629
-845
3
695
1292
1734
1753
1443
1112
661
-72
-684
-1220
-1611
-1721
-1549
-892
31
867
1534
2321
2910
3110
2917
2570
2206
1662
967
440
-80
-492
-630
-316
142
617
1065
1582
1959
2149
2163
1968
1639
1402
1124
749
343
176
176
386
642
785
959
1195
1510
1644
1628
1670
1544
1239
899
675
542
426
395
579
688
556
321
259
250
85
-151
-425
-504
-583
-751
-971
-990
-970
-898
-648
-514
-722
-878
-791
-495
-582
-1069
-1605
-2132
-2329
-2178
-1458
-100
1573
3000
4045
4596
4413
3642
2416
966
-605
-2088
-3456
-4474
-4972
-4581
-3363
-1660
67
1513
2624
3182
3157
2483
1402
-32
-1657
-3104
-4286
-5176
-5415
-4783
-3666
-2450
-1335
-223
765
1092
935
702
170
-840
-2047
-3056
-4041
-4746
-4914
-4649
-3783
-2720
-1813
-1010
-290
218
406
138
-270
-651
-1361
-2252
-2825
-3302
-3796
-3992
-3807
-3428
-2830
-2077
-1442
-1147
-1209
-1374
-1496
-1738
-2146
-2335
-2460
-2454
-2458
-2215
-1754
-1369
-988
-765
-599
-295
-114
-197
-372
-673
-1106
-1370
-1185
-1002
-788
-567
-413
-109
207
431
654
911
1044
1039
875
643
242
-330
-1075
-1937
-2819
-3411
-3844
-4233
-4341
-4164
-3458
-2552
-1710
-968
-243
549
906
746
195
-589
-1304
-1963
-2553
-3161
-3213
-2804
-2258
-1599
-776
216
1002
1499
1742
1673
1533
1299
623
-82
-791
-1326
-1621
-1635
-1338
-957
-612
-133
396
804
1052
1181
1303
1401
1241
924
525
209
-34
-110
20
216
515
948
1087
1103
1276
1372
1456
1446
1332
1111
1110
1193
1102
1004
967
939
1056
1085
1075
1114
975
848
709
512
179
-47
-15
6
99
86
135
333
395
465
494
473
530
418
126
-147
-392
-438
81
