-5096
-4799
-4639
-4412
-4271
-4157
-4220
-4333
-4476
-4833
-5147
-5274
-5269
-5151
-4915
-4623
-4315
-4159
-4043
-3940
-3704
-3293
-3003
-2958
-3120
-3542
-4342
-5283
-6084
-6965
-7719
-8209
-8533
-8479
-8121
-7464
-6682
-5725
-4909
-4284
-3746
-3488
-3530
-3841
-4500
-5392
-6198
-6788
-7084
-7125
-6978
-6459
-5643
-4746
-3844
-2977
-2363
-2032
-1897
-2086
-2507
-3070
-3691
-4394
-4984
-5354
-5436
-5199
-4760
-4231
-3653
-3080
-2881
-2804
-2795
-3121
-3830
-4642
-5360
-5825
-5890
-5507
-4704
-3554
-2285
-1334
-1122
-1789
-2974
-4552
-6410
-8284
-10085
-11504
-12216
-12059
-11053
-9488
-7688
-6128
-5096
-4515
-4728
-5627
-7069
-9011
-10822
-12195
-12939
-13073
-12326
-10459
-7886
-5274
-3112
-1107
494
1218
1221
560
-513
-1963
-3654
-5286
-6528
-6829
-6172
-4461
-1924
978
3650
5621
6682
6543
5549
3988
1933
-359
-2710
-4736
-6079
-6504
-6151
-5045
-3421
-1775
-417
516
843
473
-629
-2423
-4401
-6525
-8476
-9942
-10485
-10215
-9478
-8381
-6939
-5452
-4309
-3586
-3367
-3710
-4550
-5872
-7367
-8909
-10446
-11748
-12316
-12162
-11451
-10342
-9258
-8028
-6753
-5751
-5100
-4983
-5264
-6057
-7328
-8827
-10261
-11115
-11708
-11993
-11662
-10894
-9776
-8565
-7384
-6182
-5088
-4378
-4064
-3971
-3881
-4074
-4179
-4197
-4125
-3837
-3486
-3133
-2607
-2131
-1716
-1251
-873
-853
-1101
-1377
-1505
-1823
-1972
-2015
-2163
-2192
-2189
-2104
-2090
-2221
-2362
-2554
-2558
-2584
-2641
-2917
-3220
-3542
-4000
-4615
-5160
-5614
-6153
-6557
-6842
-6795
-6545
-5996
-5287
-4783
-4310
-3726
-3357
-3278
-3421
-3943
-4593
-5534
-6573
-7453
-8013
-8434
-8581
-8296
-7767
-7079
-6457
-5739
-4931
-4263
-4215
-4362
-4527
-4808
-5167
-5380
-5422
-5497
-5380
-4835
-3999
-3201
-2428
-1563
-726
43
567
863
1116
1395
1600
1372
916
265
-519
-1566
-2650
-3798
-4519
-4463
-3604
-1988
-114
1752
3461
4634
5282
5238
4423
2956
1052
-1015
-2692
-3693
-3981
-3362
-2014
-121
1876
3705
5181
6155
6434
5870
4741
3279
1590
-61
-1209
-1705
-1507
-490
1387
3481
5426
6744
7362
7555
7247
6698
6207
6101
6271
6397
6527
6483
6385
6015
5421
4672
3792
2811
1844
979
339
54
221
679
1496
2575
3679
4433
4772
4688
4172
3336
2350
1091
-149
-967
-1542
-1770
-1593
-1209
-767
-176
500
1176
1263
1111
779
237
-425
-1586
-2654
-3311
-3786
-4240
-4217
-3824
-3769
-3738
-3615
-3375
-3251
-3365
-3532
-3770
-4090
-4360
-4789
-5008
-4855
-4667
-4481
-4089
-3665
-3511
-3457
-3339
-3165
-3244
-3410
-3721
-4045
-4122
-4052
-4071
-3896
-3586
-3240
-2617
-2036
-1654
-1381
-1266
-1191
-1247
-1453
-1821
-2205
-2588
-3002
-3297
-3341
-3419
-3311
-3099
-2847
-2481
-2182
-1981
-1820
-1763
-1847
-2204
-2952
-3919
-5141
-6460
-7814
-9054
-9899
-10026
-9925
-9833
-9588
-8833
-7780
-6695
-5913
-5356
-4970
-5056
-5548
-6318
-7320
-8464
-9486
-10119
-10324
-10298
-9877
-9039
-8307
-7566
-6906
-6255
-5891
-5829
-5964
-6298
-6691
-7257
-7807
-8159
-8288
-8438
-8381
-8054
-7498
-6693
-5911
-5311
-4785
-4495
-3916
-3586
-3675
-3620
-3280
-3078
-3006
-2799
-2519
-2160
-1752
-1378
-1217
-1003
-874
-831
-868
-995
-1277
-1484
-1603
-1709
-1794
-1857
-1942
-1908
-1768
-1723
-1690
-1723
-1884
-2020
-2364
-2704
-2876
-2915
-3016
-3117
-3167
-3176
-3075
-2799
-2610
-2601
-2669
-2741
-2651
-2926
-3565
-4215
-4774
-4846
-4328
-3413
-2126
-888
-44
451
227
-489
-1496
-2851
-4407
-5924
-7258
-8249
-8592
-8187
-7326
-6078
-4553
-3188
-2108
-1630
-1776
-2454
-3411
-4661
-6197
-7577
-8694
-9358
-9528
-9069
-8145
-6868
-5496
-4316
-3491
-2866
-2669
-3056
-3777
-4795
-5832
-7251
-8421
-8975
-9074
-8649
-8136
-7199
-6030
-4908
-4130
-3726
-3402
-3282
-3586
-4161
-4940
-5786
-6431
-7004
-7441
-7511
-7116
-6559
-6040
-5534
-5122
-4705
-4587
-4652
-4979
-5469
-5974
-6320
-6358
-6484
-6762
-6833
-6575
-6268
-6036
-5857
-5715
-5624
-5650
-5689
-5894
-6384
-6806
-7000
-7036
-6800
-6545
-6396
-6303
-5990
-5641
-5420
-5156
-5061
-4922
-4858
-4996
-5300
-5749
-6448
-7338
-8137
-9095
-9836
-10313
-10586
-10696
-10422
-9703
-8965
-8053
-6934
-6120
-5732
-5556
-5550
-5941
-6612
-7311
-8124
-8935
-9423
-9504
-9171
-8745
-8056
-6921
-5714
-4916
-4155
-3457
-3319
-3411
-3660
-4049
-4594
-5187
-5600
-5868
-5822
-5371
-4903
-4427
-3661
-2931
-2263
-1741
-1320
-981
-876
-935
-999
-1145
-1220
-1209
-1295
-1116
-783
-411
55
435
827
1137
1271
1491
1604
1414
1161
955
1047
1259
1192
915
951
1129
1210
1057
1023
1022
849
637
334
162
-87
-170
-16
107
200
258
324
438
465
584
806
781
424
-15
-575
-1148
-1341
-1011
-12
1279
2643
4065
4927
5113
4706
3848
2622
1272
-14
-1190
-2142
-2573
-2477
-1988
-1040
375
1819
2870
3456
3720
3456
2480
1163
-102
-1273
-2271
-3069
-3469
-3231
-2566
-1612
-530
552
1327
1706
1869
1720
1102
220
-839
-1968
-2941
-3570
-3773
-3654
-3345
-2699
-1685
-768
-100
309
477
308
-11
-491
-1193
-2108
-2974
-3540
-3625
-3691
-3547
-3248
-2859
-2446
-1933
-1466
-1251
-1174
-1279
-1704
-2265
-2836
-3156
-3222
-3272
-3340
-3238
-3096
-2733
-2390
-2045
-1651
-1745
-1972
-2191
-2509
-2735
-2857
-3093
-3306
-3204
-3033
-2688
-2500
-2442
-2376
-2227
-1949
-1752
-1745
-1723
-1795
-2164
-2874
-3818
-4689
-5681
-6483
-7120
-7411
-7472
-7317
-7019
-6450
-5640
-4651
-3851
-3279
-2952
-2910
-3246
-3892
-4727
-5663
-6464
-7026
-7368
-7498
-7206
-6440
-5600
-4668
-3725
-2927
-2408
-2276
-2471
-2765
-3082
-3493
-4084
-4753
-4928
-4823
-4640
-4215
-3636
-2881
-2251
-1692
-1213
-930
-747
-587
-517
-606
-778
-833
-945
-975
-907
-727
-303
104
476
708
919
966
994
1144
1263
1357
1306
1206
1261
1327
1245
1101
1023
959
1103
973
776
660
499
180
-39
-70
-173
-258
-240
-170
-206
-163
-33
28
112
131
34
-175
-682
-1422
-1993
-2389
-2277
-1606
-514
1045
2540
3463
3818
3588
2820
1877
636
-771
-2194
-3368
-4157
-4327
-3758
-2778
-1510
-227
818
1586
1838
1678
1155
83
-1231
-2709
-4180
-5145
-5446
-5335
-4992
-4238
-3169
-2024
-1170
-598
-279
-308
-929
-1892
-2832
-3882
-4840
-5475
-5904
-6059
-5831
-5203
-4298
-3086
-2222
-1769
-1561
-1538
-1773
-2303
-3125
-4096
-4859
-5341
-5809
-5799
-5720
-5442
-4980
-4476
-3943
-3458
-3304
-3423
-3588
-3786
-4180
-4774
-5273
-5403
-5424
-5617
-5471
-4919
-4519
-4329
-4077
-3695
-3656
-4024
-4333
-4368
-4412
-4772
-5086
-5286
-5303
-5129
-4862
-4578
-4418
-4293
-4173
-4098
-3989
-3830
-3801
-4153
-4521
-4913
-5612
-6387
-7351
-8278
-9039
-9555
-9771
-9713
-9399
-8741
-7751
-6853
-5854
-5070
-4750
-4821
-5122
-5625
-6346
-7277
-7974
-8573
-8967
-9068
-8758
-8067
-7320
-6529
-5499
-4493
-4043
-3783
-3679
-3639
-3849
-4158
-4688
-5328
-5722
-5679
-5387
-5098
-4701
-3919
-3207
-2616
-1957
-1535
-1146
-940
-934
-1049
-1175
-1418
-1587
-1507
-1295
-1124
-710
-345
-22
353
638
996
1153
1139
1037
1035
1053
881
779
857
891
873
928
1057
1075
975
1029
976
789
715
546
275
-23
-124
-20
56
51
263
462
552
597
636
560
337
-245
-1046
-1874
-2650
-3186
-3024
-2094
-1013
121
1147
1825
2153
1801
1190
378
-479
-1313
-2114
-2586
-2910
-2611
-1741
-635
449
1334
1922
2145
1952
1354
341
-711
-1818
-2866
-3596
-3891
-3661
-3113
-2240
-1225
-200
742
1357
1763
1838
1451
713
-42
-764
-1648
-2396
-2847
-2701
-2238
-1819
-1118
-168
691
1400
1793
1750
1491
1019
373
-321
-979
-1625
-2054
-2084
-1868
-1493
-1034
-641
-222
136
371
432
307
-42
-376
-852
-1451
-2020
-2436
-2608
-2678
-2547
-2429
-2246
-2040
-2034
-1932
-1779
-1958
-2199
-2436
-2797
-3053
-3299
-3348
-3447
-3501
-3245
-2854
-2719
-2915
-2937
-2773
-2626
-2614
-2632
-2658
-2998
-3573
-4622
-5591
-6273
-6875
-7422
-7918
-8156
-8044
-7460
-6473
-5448
-4711
-4079
-3473
-3051
-3120
-3501
-4210
-4944
-5579
-6286
-6904
-7058
-6934
-6410
-5478
-4422
-3421
-2558
-1845
-1197
-964
-1105
-1284
-1603
-1916
-2401
-2938
-3227
-3046
-2576
-2135
-1570
-856
-222
406
940
1233
1333
1377
1285
1020
883
749
623
636
756
999
1445
1744
1899
2157
2400
2483
2486
2540
2506
2343
2125
2056
2036
1952
1790
1846
1984
1942
1895
1799
1671
1512
1340
1299
1137
910
768
591
530
603
578
556
554
656
906
993
930
667
311
218
529
1154
2141
3409
4847
6101
6840
7098
6821
5897
4289
2352
383
-1546
-3163
-4220
-4633
-4199
-2955
-1174
933
2915
4611
5505
5571
4994
3945
2379
684
-1063
-2801
-4174
-4825
-4602
-3816
-2671
-1236
-66
817
1507
1789
1457
584
-537
-1700
-2954
-4286
-5364
-5969
-5878
-5230
-4385
-3504
-2556
-1557
-818
-501
-537
-882
-1403
-2190
-3114
-3992
-4706
-5149
-5405
-5443
-5168
-4717
-4237
-3867
-3621
-3520
-3521
-3655
-3771
-3977
-4120
-4353
-4485
-4545
-4427
-4056
-3565
-3180
-2762
-2324
-2134
-2221
-2358
-2472
-2659
-2868
-3103
-3397
-3492
-3181
-2710
-2142
-1728
-1575
-1344
-1165
-1103
-1018
-1037
-1057
-1339
-1947
-2654
-3432
-4114
-4899
-5643
-6109
-6361
-6671
-6540
-5930
-5069
-4217
-3321
-2525
-1975
-1784
-1913
-2326
-2890
-3689
-4814
-5824
-6432
-6762
-6744
-6210
-5627
-4895
-4274
-3532
-2839
-2378
-1991
-1953
-2280
-2833
-3425
-4162
-4728
-4980
-5181
-5171
-4671
-3958
-3432
-2934
-2400
-1760
-1223
-958
-958
-981
-1044
-1176
-1384
-1440
-1423
-1312
-934
-654
-339
-1
417
731
1013
1313
1339
1403
1486
1495
1516
1405
1364
1512
1610
1606
1630
1662
1688
1434
1408
1379
1204
977
820
837
784
637
708
1000
1020
1100
1276
1270
1276
1290
1047
662
16
-697
-1287
-1650
-1416
-723
299
1503
2525
2935
2695
2248
1349
56
-1323
-2372
-3160
-3488
-3332
-2822
-1702
-324
1165
2256
3081
3246
2935
2264
1133
-343
-1843
-3106
-4285
-5044
-4909
-4118
-3069
-1994
-931
189
956
1361
1431
1123
433
-359
-1252
-2172
-2959
-3450
-3397
-2858
-2073
-1143
-268
502
1185
1607
1650
1416
831
255
-372
-1021
-1594
-1931
-2070
-1966
-1561
-1160
-771
-329
277
651
569
597
524
228
-296
-711
-996
-1351
-1405
-1273
-1282
-1248
-1058
-1024
-969
-881
-1036
-1332
-1626
-1875
-2156
-2311
-2423
-2471
-2428
-2314
-2146
-2041
-1940
-1883
-1694
-1593
-1608
-1678
-1679
-2012
-2663
-3259
-4035
-4858
-5785
-6685
-7256
-7436
-7219
-6951
-6478
-5603
-4572
-3796
-3323
-3015
-2764
-2953
-3319
-3794
-4515
-5395
-6141
-6343
-6143
-5938
-5431
-4490
-3306
-2310
-1573
-965
-538
-351
-423
-712
-1061
-1386
-1650
-1917
-2167
-2226
-1854
-1244
-538
316
1034
1567
2192
2590
2720
2679
2570
2512
2436
2347
2327
2319
2515
2895
3243
3613
3799
3890
4017
4382
4540
4433
4295
4146
4026
3886
3859
3899
3943
3822
3648
3804
3794
3682
3482
3345
3169
3067
2914
2565
2499
2587
2652
2680
2638
2492
2499
2701
2678
2528
2293
2063
1475
726
282
387
1030
2089
3285
4608
5790
6353
6316
5836
4982
3806
2456
1146
13
-731
-969
-620
175
1389
2628
3820
4786
5218
5167
4808
3921
2680
1400
162
-910
-1410
-1315
-887
-182
638
1659
2633
3238
3568
3658
3436
2823
1888
788
-356
-1242
-1782
-1764
-1497
-1018
-199
717
1519
2034
2352
2488
2344
1912
1241
347
-427
-1131
-1840
-2090
-1846
-1559
-1230
-821
-390
114
348
493
441
126
-323
-826
-1286
-1615
-1894
-2032
-1928
-1587
-1219
-1083
-849
-595
-467
-372
-485
-700
-1201
-1535
-1485
-1439
-1432
-1584
-1568
-1287
-1078
-887
-694
-551
-508
-549
-525
-586
-660
-1029
-1747
-2647
-3522
-4399
-5270
-5672
-5840
-5964
-5803
-5179
-4334
-3368
-2484
-1824
-1489
-1325
-1376
-1792
-2527
-3397
-4044
-4613
-5163
-5431
-5475
-5137
-4415
-3435
-2422
-1541
-763
-218
-334
-689
-1087
-1427
-1993
-2523
-2763
-3043
-3100
-3011
-2489
-1731
-1037
-398
270
700
936
1118
1118
978
766
613
572
605
387
321
575
1060
1392
1662
1923
2243
2549
2656
2693
2660
2639
2592
2433
2339
2343
2224
2210
2309
2405
2341
2178
2207
2347
2167
1896
1824
1702
1681
1616
1487
1514
1434
1592
1715
1922
1984
1978
1876
1494
937
297
-119
-294
-24
831
2210
3727
4942
5555
5683
5305
4556
3355
2274
1063
-301
-1456
-2001
-1912
-1206
119
1522
2692
3465
4024
4250
4051
3283
1975
509
-1018
-2002
-2744
-3018
-2745
-2157
-1243
-159
900
1796
2355
2290
1973
1631
955
-29
-1126
-2138
-2736
-3128
-3193
-2640
-1733
-839
35
733
1089
1350
1302
987
448
-322
-1139
-1908
-2516
-2764
-2770
-2676
-2128
-1575
-1298
-927
-467
-257
-184
-425
-776
-1388
-1779
-1908
-2008
-2219
-2274
-2066
-1730
-1432
-1143
-810
-527
-585
-741
-864
-1001
-1104
-1389
-1711
-1725
-1648
-1401
-1108
-936
-830
-645
-532
-266
-18
-22
-226
-519
-905
-1346
-1974
-2911
-3953
-4801
-5275
-5516
-5711
-5534
-5070
-4503
-3826
-3039
-2268
-1724
-1339
-1376
-1639
-2334
-3214
-3923
-4568
-4990
-5116
-5058
-4766
-4172
-3520
-2527
-1506
-833
-252
105
106
-198
-552
-1011
-1505
-1835
-2075
-2039
-1777
-1337
-862
-220
399
979
1475
1852
2325
2563
2518
2448
2366
2278
2263
2278
2249
2381
2673
3088
3335
3519
3824
4136
4391
4317
4193
4109
4084
4031
3965
3979
3869
3620
3757
3950
3803
3607
3581
3633
3554
3343
3008
2847
2858
2870
2977
3009
2950
2961
3128
3141
3193
2957
2759
2631
2377
1756
1310
1113
1359
1984
3008
4401
5725
6605
6849
6572
5917
4952
3705
2427
1222
120
-513
-624
-240
629
1786
3284
4668
5303
5395
5116
4438
3513
2246
807
-404
-1218
-1621
-1483
-955
-249
652
1614
2415
3196
3643
3592
3109
2227
1136
155
-695
-1546
-1946
-1914
-1503
-901
-67
1020
1784
2156
2334
2333
2059
1537
662
-259
-877
-1219
-1500
-1654
-1566
-1265
-802
-371
114
528
930
878
601
271
-107
-564
-891
-1178
-1201
-958
-775
-659
-520
-78
192
292
357
273
128
-124
-311
-537
-788
-889
-968
-870
-678
-557
-444
-174
-96
36
267
405
352
8
-340
-669
-1246
-2165
-3187
-4125
-4790
-5154
-5376
-5423
-5065
-4320
-3571
-2856
-2023
-1405
-980
-796
-917
-1387
-1998
-2668
-3524
-4424
-4834
-4670
-4401
-4053
-3283
-2234
-1354
-586
-133
134
309
121
-252
-704
-1167
-1596
-1998
-2142
-2131
-1770
-1172
-484
255
993
1547
1734
1710
1684
1681
1314
972
813
777
951
1425
1952
2338
2554
2405
2073
1806
1296
804
292
-87
-87
266
706
1211
2133
3045
3628
3799
3530
2976
2285
1589
684
-32
-277
-121
599
1884
3235
4296
5263
6088
6577
6604
6125
5424
4640
3821
3140
2609
2167
2006
2397
3438
4934
6661
8112
9188
9817
9667
8832
7575
6014
4201
2482
1195
411
96
317
1169
2290
3491
4655
5435
5680
5530
4955
3836
2558
1284
129
-940
-2009
-2369
-2039
-1300
-443
583
1312
1785
2129
2209
2016
1448
533
-572
-1635
-2695
-3481
-3754
-3545
-3096
-2642
-1890
-932
-164
232
488
659
252
-417
-1012
-1661
-2389
-2845
-3104
-3056
-2731
-2261
-1692
-977
-187
540
832
764
626
543
191
-200
-467
-440
-323
-58
241
797
1307
1627
1731
1584
1463
1467
1375
1217
1009
732
468
294
375
469
530
678
771
849
863
843
772
691
680
629
385
90
-444
-1355
-2305
-3129
-3810
-4546
-5074
-5133
-4918
-4660
-3954
-3028
-2286
-1714
-1418
-1348
-1516
-1954
-2494
-3281
-4107
-4816
-5358
-5517
-5627
-5239
-4565
-3655
-2706
-1808
-1171
-1108
-1227
-1387
-1734
-2245
-3024
-3726
-4041
-4171
-4226
-4035
-3648
-3186
-2641
-1939
-1278
-794
-456
-106
7
-290
-759
-1289
-1837
-2299
-2544
-2524
-2354
-1901
-1063
-305
354
983
1230
1095
838
478
-61
-729
-1332
-1821
-2004
-1658
-1341
-1007
-453
192
777
945
676
338
-158
-889
-1744
-2425
-2933
-3155
-3159
-2983
-2616
-2134
-1621
-1269
-1144
-1275
-1686
-2733
-4031
-5133
-5685
-5752
-5266
-4141
-2531
-795
670
1346
1172
414
-929
-2565
-4251
-5946
-7407
-8190
-7987
-7231
-6148
-4659
-2823
-1187
-230
158
82
-593
-1718
-3202
-4739
-6077
-7058
-7410
-7023
-6040
-4730
-3302
-2108
-1020
-229
228
263
-136
-984
-1978
-3000
-3912
-4640
-4934
-4713
-3912
-3001
-1981
-882
12
455
677
947
747
190
-518
-1208
-1853
-2313
-2695
-2691
-2360
-1990
-1418
-841
-211
302
469
408
100
-213
-572
-909
-1115
-1437
-1633
-1696
-1413
-1094
-873
-508
-55
228
258
102
-97
-308
-491
-738
-1067
-1165
-917
-718
-682
-421
37
246
432
650
903
1044
1046
950
723
257
-420
-1310
-2258
-2882
-3091
-3331
-3469
-3317
-2759
-1932
-1035
-163
763
1462
1941
2008
1709
1275
741
-22
-753
-1201
-1190
-886
-338
323
1121
1992
2857
3610
3955
4191
4212
3896
3420
2848
2348
1861
1456
1457
1581
1893
2441
2954
3414
3878
4212
4434
4415
4130
3865
3591
3210
3036
2882
2822
2850
2852
3011
3316
3584
3806
3800
3863
3872
3704
3637
3377
3161
3011
2963
2993
2973
2921
2969
3096
3075
2927
2968
2793
2436
2164
2093
2004
1765
1785
1902
1960
1980
2051
2133
2225
2215
2298
2332
2129
1820
1232
430
-15
287
1084
2179
3611
4980
5961
6472
6417
5724
4667
3541
2327
1204
279
-135
-245
131
1040
2352
3595
4533
5428
5986
5942
5145
4123
3042
1868
597
-261
-589
-570
-139
612
1840
3078
3973
4582
4888
4709
4159
3338
2310
1478
741
71
-501
-629
-140
583
1398
2215
3057
3557
3764
3739
3430
2940
2332
1626
873
333
-50
-246
-41
343
594
1100
1668
2049
2300
2289
2088
1765
1479
1006
627
526
468
365
505
758
932
1171
1534
1786
1880
1919
1730
1471
1190
986
822
774
999
1192
1219
1418
1742
1878
1991
2042
2285
2367
2380
2395
2197
1649
995
271
-468
-1143
-1773
-2318
-2660
-2623
-2250
-1624
-890
-123
655
1222
1629
1752
1615
1122
629
-22
-753
-1326
-1764
-1828
-1550
-1060
-241
570
1435
2077
2508
2742
2722
2458
1967
1250
538
-112
-618
-995
-920
-560
-187
175
604
1132
1440
1686
1813
1763
1376
860
640
497
408
75
-154
-114
128
424
638
948
1153
1209
1109
1015
902
941
785
618
551
493
420
396
447
373
282
421
436
240
47
-266
-453
-458
-639
-793
-895
-889
-909
-883
-712
-665
-708
-641
-688
-814
-1094
-1611
-2325
-2752
-2612
-1718
-426
838
2193
3314
3977
3912
3323
2176
825
-747
-2297
-3461
-4184
-4340
-3849
-3021
-1740
-474
718
1727
2466
2528
2025
1130
-156
-1671
-3116
-4374
-4958
-4949
-4639
-3939
-2983
-1783
-597
370
794
749
320
-343
-1332
-2323
-3181
-3944
-4631
-4805
-4585
-3788
-2899
-2003
-1088
-322
171
298
216
-129
-769
-1566
-2343
-3074
-3437
-3578
-3581
-3273
-2729
-2300
-1931
-1463
-992
-793
-832
-1105
-1470
-1866
-2179
-2383
-2468
-2411
-2504
-2324
-1930
-1444
-943
-476
-214
-199
-410
-736
-923
-1043
-1071
-1114
-1147
-1037
-810
-586
-428
-277
48
429
617
689
606
424
403
49
-546
-1272
-2132
-3053
-3769
-4372
-4659
-4683
-4256
-3580
-2863
-2056
-1181
-461
176
452
351
-20
-623
-1377
-2086
-2682
-3030
-3123
-3149
-2598
-1779
-965
-138
694
1447
1769
1650
1440
1227
632
-50
-620
-998
-1184
-1382
-1420
-1135
-452
174
706
985
1260
1400
1478
1359
1118
883
494
111
-84
-106
22
390
749
1033
1164
1392
1689
1721
1679
1767
1611
1332
1093
1029
1136
1148
1096
1064
1156
1356
1235
1001
963
1004
737
375
64
47
211
221
96
104
246
389
452
517
700
791
602
290
92
-177
-260
102
766
