-4621
-4148
-3742
-3512
-3376
-3246
-3337
-3636
-3919
-4008
-4151
-4287
-4447
-4379
-4213
-4151
-3912
-3653
-3542
-3496
-3215
-2943
-2908
-3018
-3206
-3635
-4226
-4985
-5968
-6785
-7519
-8151
-8427
-8330
-7928
-7401
-6645
-5831
-4889
-3988
-3326
-2979
-2873
-3281
-4091
-5008
-5756
-6214
-6553
-6714
-6518
-5898
-5093
-4250
-3312
-2167
-1461
-1304
-1351
-1390
-1693
-2396
-3161
-3818
-4267
-4617
-4736
-4545
-4206
-3791
-3283
-2684
-2246
-1910
-1755
-2104
-2771
-3643
-4447
-4767
-4839
-4623
-4035
-2987
-1783
-839
-682
-1173
-2240
-3818
-5714
-7514
-9248
-10735
-11478
-11371
-10315
-8900
-7374
-6057
-5058
-4340
-4511
-5366
-6771
-8632
-10549
-12066
-12940
-12858
-11933
-10267
-7939
-5346
-2891
-657
866
1448
1417
796
-294
-1688
-3315
-4660
-5823
-6334
-5712
-3766
-1287
1487
4160
6256
7475
7494
6561
4965
2872
554
-1847
-4125
-5778
-6424
-6013
-5001
-3501
-1618
-27
1131
1479
1197
288
-1247
-3285
-5593
-7549
-9088
-10104
-10306
-9807
-8520
-6903
-5371
-4150
-3124
-2579
-2734
-3572
-4942
-6576
-8248
-9904
-11270
-12061
-12115
-11743
-11022
-9694
-8172
-6738
-5622
-4981
-5043
-5425
-6083
-6997
-8258
-9603
-10679
-11403
-11761
-11579
-11065
-10115
-8811
-7529
-6313
-5402
-4707
-4003
-3751
-3665
-3806
-3944
-3831
-3713
-3523
-3138
-2595
-2278
-1660
-1053
-566
-339
-219
-163
-414
-813
-1186
-1281
-1381
-1476
-1529
-1427
-1363
-1374
-1319
-1468
-1757
-2115
-2244
-2357
-2508
-2582
-3075
-3921
-4765
-5286
-5856
-6365
-6748
-7019
-6936
-6643
-6218
-5760
-5057
-4151
-3480
-2973
-2856
-3170
-3701
-4379
-5343
-6229
-7007
-7735
-8205
-8164
-7887
-7446
-6776
-5961
-5276
-4697
-4048
-3686
-3762
-3947
-4249
-4837
-5386
-5478
-5417
-5409
-5114
-4352
-3355
-2459
-1565
-511
428
1141
1408
1604
1952
2042
1846
1317
582
-343
-1308
-2186
-3185
-4092
-4365
-3455
-1655
377
2298
3918
4991
5541
5392
4545
3175
1286
-866
-2681
-3659
-3870
-3284
-1980
-33
2041
3900
5243
6034
6183
5666
4485
2907
1308
-175
-1313
-1701
-1246
-115
1516
3510
5394
6702
7304
7462
7231
6858
6628
6556
6864
7172
7315
7374
7110
6558
6030
5278
4169
2910
1631
541
-195
-396
-134
515
1456
2694
3874
4549
4759
4725
4453
3609
2414
1196
-15
-1154
-2075
-2583
-2631
-2025
-1197
-317
465
1172
1442
1293
1088
621
-362
-1504
-2401
-3280
-4027
-4524
-4554
-4457
-4208
-4108
-3928
-3607
-3439
-3317
-3322
-3528
-3863
-4216
-4441
-4567
-4616
-4667
-4496
-4317
-4125
-4010
-3765
-3446
-3380
-3486
-3712
-3815
-3989
-4027
-3983
-3776
-3533
-3121
-2616
-2228
-1645
-1032
-715
-585
-631
-933
-1146
-1413
-1873
-2275
-2406
-2651
-2929
-2951
-2848
-2543
-2228
-2012
-1763
-1411
-1190
-1240
-1301
-1664
-2420
-3411
-4737
-6297
-7708
-8912
-9741
-10367
-10607
-10089
-9332
-8404
-7330
-6219
-5286
-4691
-4368
-4474
-4910
-5666
-6818
-7866
-8723
-9597
-10155
-9909
-9326
-8740
-8207
-7423
-6392
-5583
-5191
-5171
-5394
-5765
-6252
-6907
-7581
-8211
-8533
-8477
-8207
-7895
-7447
-6797
-6021
-5182
-4432
-3843
-3550
-3462
-3331
-3100
-2950
-2939
-2699
-2291
-1943
-1770
-1703
-1336
-1014
-718
-531
-389
-323
-421
-662
-871
-1091
-1192
-1395
-1399
-1455
-1614
-1664
-1739
-1606
-1507
-1509
-1887
-2205
-2334
-2602
-2825
-3019
-3197
-3292
-3292
-3087
-2844
-2658
-2547
-2475
-2508
-2582
-2866
-3417
-4000
-4420
-4558
-4281
-3342
-1784
-366
603
1094
1015
367
-811
-2169
-3668
-5361
-7072
-8184
-8599
-8331
-7396
-6118
-4511
-3233
-2259
-1724
-1574
-1968
-3031
-4345
-5615
-6999
-8265
-9254
-9633
-9127
-8110
-6907
-5522
-4185
-3209
-2540
-2295
-2661
-3327
-4138
-5200
-6583
-7797
-8473
-8478
-8450
-7953
-7157
-6116
-4918
-3898
-3454
-3348
-3110
-3248
-3756
-4398
-5139
-5891
-6474
-7072
-7248
-6862
-6294
-5692
-5179
-4848
-4557
-4500
-4582
-4846
-5135
-5216
-5552
-6035
-6393
-6424
-6282
-6151
-5833
-5472
-5207
-4982
-4910
-4917
-5084
-5457
-5893
-6289
-6476
-6433
-6401
-6253
-6169
-6007
-5771
-5452
-5233
-4960
-4893
-4844
-4775
-4893
-5259
-5720
-6471
-7510
-8517
-9447
-10233
-10905
-11198
-11062
-10626
-10024
-9182
-8195
-7064
-5977
-5236
-4924
-5237
-5677
-6242
-6936
-7623
-8370
-8874
-9189
-9173
-8537
-7674
-6633
-5623
-4637
-3753
-3044
-2720
-2733
-3118
-3619
-4112
-4677
-5137
-5346
-5288
-5050
-4629
-4104
-3403
-2631
-2047
-1379
-984
-722
-579
-520
-579
-674
-612
-593
-364
-139
-116
211
636
1062
1419
1695
1829
1858
1896
1766
1750
1606
1513
1515
1420
1232
1166
1153
1280
1274
990
795
869
804
558
271
197
164
20
-81
53
266
394
569
662
654
878
832
622
189
-356
-822
-940
-509
449
1892
3448
4809
5481
5648
5411
4601
3401
2137
775
-718
-1817
-2522
-2562
-2078
-965
400
1702
2817
3619
4031
3790
3000
1795
207
-1104
-2131
-3022
-3451
-3311
-2642
-1521
-425
632
1631
2249
2429
2371
2010
1145
-70
-1284
-2266
-2878
-3373
-3650
-3284
-2553
-1781
-829
-35
369
633
763
515
-242
-1106
-1906
-2608
-3096
-3473
-3596
-3538
-3332
-2889
-2311
-1737
-1318
-1151
-1132
-1152
-1529
-1892
-2206
-2702
-3121
-3270
-3185
-3021
-2738
-2420
-2144
-1784
-1324
-1157
-1474
-1831
-2091
-2205
-2416
-2720
-2863
-2827
-2739
-2591
-2448
-2072
-1780
-1728
-1645
-1483
-1562
-1735
-2056
-2409
-2941
-3595
-4487
-5587
-6654
-7415
-7782
-7831
-7630
-7190
-6482
-5611
-4760
-3946
-3203
-2863
-2918
-3295
-3814
-4363
-5161
-6088
-6897
-7387
-7150
-6675
-5981
-5237
-4426
-3719
-2955
-2349
-1941
-1928
-2223
-2583
-3100
-3709
-4315
-4798
-4831
-4623
-4343
-3892
-3392
-2620
-1716
-1026
-652
-479
-401
-260
-316
-476
-745
-811
-757
-728
-691
-428
-4
403
816
1190
1379
1404
1420
1417
1296
1197
1069
1048
1118
1062
926
992
1030
1052
989
960
647
343
47
-76
-220
-479
-757
-710
-470
-397
-521
-558
-433
-344
-198
-337
-577
-1082
-1854
-2313
-2544
-2408
-1714
-497
1130
2634
3676
4114
3990
3424
2313
804
-793
-2351
-3540
-4326
-4541
-4181
-3246
-1954
-470
757
1596
1903
1748
1195
145
-1259
-2771
-4234
-5394
-6084
-6297
-5782
-4805
-3602
-2308
-1093
-321
31
197
-91
-971
-2160
-3326
-4544
-5518
-6222
-6255
-5710
-5030
-4215
-3409
-2452
-1813
-1464
-1322
-1450
-2082
-2883
-3684
-4417
-5244
-6027
-6325
-6176
-5762
-5269
-4858
-4292
-3621
-3344
-3423
-3608
-3875
-4268
-4708
-5098
-5243
-5361
-5458
-5156
-4851
-4573
-4274
-3812
-3531
-3615
-3642
-3672
-3938
-4412
-4664
-4861
-4972
-4935
-4872
-4887
-4733
-4499
-4239
-4004
-3712
-3740
-3904
-3833
-3854
-4317
-4955
-5587
-6395
-7577
-8610
-9512
-10184
-10445
-10123
-9615
-8958
-7963
-6887
-5835
-4978
-4524
-4506
-4801
-5289
-6046
-6730
-7444
-8301
-8941
-8917
-8570
-8106
-7231
-6289
-5300
-4321
-3571
-3096
-2993
-3309
-3900
-4444
-4921
-5286
-5530
-5839
-5868
-5457
-4762
-3994
-3326
-2593
-1838
-1355
-1070
-894
-897
-918
-1033
-1289
-1426
-1349
-1320
-1139
-719
-282
127
526
876
1159
1268
1446
1460
1333
1184
1090
1201
1181
1132
979
777
839
1002
980
867
772
517
336
246
-34
-160
-365
-442
-391
-151
15
79
197
292
133
246
268
-127
-1055
-2007
-2803
-3426
-3316
-2495
-1118
268
1405
2134
2338
2059
1413
764
-182
-1188
-2226
-2738
-2667
-2333
-1712
-728
255
1394
2301
2613
2353
1635
738
-297
-1464
-2625
-3509
-4010
-3959
-3296
-2340
-1029
328
1099
1728
2286
2441
2080
1397
496
-445
-1488
-2266
-2702
-2639
-2146
-1502
-721
159
1031
1657
2112
2193
1897
1283
494
-261
-1036
-1706
-2113
-2305
-2247
-1834
-1285
-739
-283
97
373
618
494
95
-147
-584
-1233
-1756
-2155
-2490
-2646
-2458
-2259
-2021
-1811
-1523
-1406
-1411
-1412
-1576
-1884
-2336
-2583
-2752
-2857
-2736
-2683
-2499
-2319
-2427
-2434
-2255
-1986
-1889
-1978
-2028
-2205
-2610
-3385
-4271
-5020
-5739
-6470
-7083
-7462
-7509
-7218
-6668
-5755
-4965
-4150
-3272
-2592
-2322
-2412
-2811
-3442
-4148
-4982
-5612
-6035
-6310
-5993
-5249
-4492
-3689
-2719
-1572
-718
-461
-362
-215
-277
-780
-1262
-1696
-2076
-2335
-2352
-2157
-1683
-1157
-534
333
928
1417
1752
1846
2053
2062
1801
1544
1311
1226
1182
1139
1489
2001
2409
2607
3015
3309
3439
3467
3405
3366
3244
3119
3107
3033
2873
2657
2532
2550
2361
2216
2076
1956
1831
1681
1470
1225
1027
968
992
1058
1129
1025
1092
1209
1229
1346
1407
1325
1206
1139
1081
1184
1775
2663
3785
5251
6753
7725
8081
7870
6990
5542
3765
1808
-231
-1981
-3240
-3786
-3828
-2900
-1070
1186
3256
4843
5940
6332
6050
5140
3564
1624
-299
-2234
-3699
-4602
-4718
-4013
-2861
-1473
-54
1303
2329
2762
2617
2003
1091
-193
-1787
-3233
-4313
-5056
-5246
-5018
-4350
-3280
-2188
-1197
-400
112
321
166
-400
-1060
-1883
-2758
-3467
-4128
-4609
-4756
-4717
-4313
-3962
-3615
-3277
-2856
-2468
-2430
-2703
-3018
-3245
-3368
-3463
-3383
-3092
-2680
-2211
-1893
-1613
-1435
-1207
-1131
-1288
-1418
-1683
-2007
-2226
-2284
-2279
-2113
-1899
-1630
-1228
-894
-919
-851
-640
-460
-501
-615
-859
-1370
-2025
-2637
-3605
-4804
-5692
-6144
-6515
-6856
-6798
-6171
-5292
-4298
-3262
-2433
-1809
-1572
-1559
-1905
-2690
-3645
-4586
-5468
-6069
-6389
-6484
-6152
-5627
-4944
-4135
-3348
-2455
-1751
-1377
-1445
-1824
-2499
-3249
-3842
-4384
-4668
-4787
-4671
-4238
-3769
-3274
-2545
-1738
-1211
-812
-604
-469
-146
-237
-688
-790
-615
-537
-481
-291
134
501
816
1219
1517
1795
2208
2320
2257
2186
2190
2220
2039
2005
1993
2091
2062
2046
2110
2148
1942
1688
1497
1386
1365
1263
1167
1100
1213
1320
1293
1299
1334
1341
1335
1410
1526
1358
908
205
-428
-843
-1099
-949
-176
1046
2361
3344
3766
3684
2991
2074
947
-351
-1559
-2659
-3311
-3273
-2696
-1499
-22
1334
2513
3473
3864
3756
3036
1811
265
-1350
-2840
-3888
-4500
-4680
-4152
-3054
-1788
-582
697
1821
2451
2601
2232
1505
561
-532
-1521
-2332
-2873
-2898
-2546
-1899
-996
-15
788
1445
2073
2198
1955
1475
876
102
-720
-1372
-1745
-2018
-2108
-1880
-1348
-753
-137
359
641
778
699
608
302
-168
-733
-981
-1158
-1345
-1376
-1138
-879
-884
-746
-627
-641
-887
-1094
-1275
-1495
-1831
-2051
-2217
-2333
-2292
-2067
-1886
-1724
-1595
-1436
-1261
-1276
-1441
-1540
-1717
-2090
-2544
-3323
-4267
-5215
-6100
-6901
-7482
-7652
-7337
-6876
-6272
-5349
-4456
-3557
-2992
-2388
-2079
-2331
-2823
-3584
-4246
-4926
-5717
-6284
-6290
-5844
-5050
-3978
-3105
-2243
-1138
-463
-209
-192
-277
-458
-977
-1541
-2048
-2219
-2168
-2117
-1842
-1263
-519
233
1071
1644
2040
2527
2651
2672
2681
2638
2479
2178
2045
2120
2315
2447
2594
2792
3284
3847
4079
4109
4089
4125
4064
4010
3831
3711
3622
3431
3312
3282
3254
3265
3315
3179
3052
2905
2697
2493
2281
2059
2001
1988
1940
1956
1918
1916
2037
2317
2379
2222
2027
1898
1503
836
355
315
843
1735
3119
4700
6018
6832
6934
6359
5454
4213
2766
1306
103
-605
-1007
-902
-369
766
2229
3545
4538
5064
5126
4716
3866
2799
1584
339
-770
-1558
-1829
-1576
-800
267
1419
2288
3016
3547
3660
3414
2872
1991
906
-134
-1077
-1578
-1755
-1737
-1320
-618
303
1148
1846
2255
2456
2416
1887
1065
325
-379
-984
-1760
-2207
-2457
-2406
-1896
-1255
-682
-231
166
264
180
50
-317
-740
-1178
-1550
-1960
-2011
-1736
-1542
-1361
-1054
-693
-518
-460
-424
-487
-598
-842
-1157
-1400
-1626
-1740
-1654
-1409
-1223
-1063
-754
-605
-545
-329
-228
-285
-402
-723
-1258
-1915
-2492
-3335
-4320
-5160
-5891
-6210
-6196
-5913
-5281
-4453
-3618
-2770
-2095
-1497
-1124
-1276
-1739
-2409
-3155
-3959
-4660
-5127
-5369
-5374
-5019
-4240
-3247
-2090
-1388
-921
-428
-77
-307
-751
-1229
-1648
-2117
-2695
-2892
-2864
-2610
-2252
-1708
-924
-172
394
976
1414
1651
1606
1403
1126
935
810
787
899
1164
1362
1513
1779
2318
2678
2868
2946
2988
3063
3150
3292
3203
2881
2638
2576
2698
2781
2724
2794
2723
2543
2423
2348
2055
1884
1768
1748
1611
1317
1272
1433
1635
1733
1837
2052
2174
2081
1878
1627
1137
532
117
-88
215
1143
2477
3993
5283
6306
6578
6198
5360
4261
2925
1371
83
-905
-1484
-1541
-1011
-19
1224
2553
3544
4234
4461
4309
3579
2486
1144
-302
-1625
-2513
-2829
-2752
-2265
-1500
-225
1082
2065
2756
3038
2804
2288
1505
499
-447
-1461
-2436
-2848
-2712
-2198
-1467
-587
118
679
1240
1515
1484
1195
712
80
-648
-1381
-2010
-2577
-2872
-2534
-2153
-1708
-976
-447
-293
-392
-414
-170
-386
-978
-1401
-1609
-1844
-1905
-1718
-1440
-1061
-719
-388
-112
-143
-115
-84
-194
-419
-761
-1135
-1384
-1337
-1165
-1246
-1338
-1102
-698
-354
-95
17
-53
-60
-235
-521
-1001
-1646
-2290
-3097
-4067
-4949
-5714
-6205
-6388
-6230
-5602
-4906
-4146
-3225
-2254
-1523
-1130
-1044
-1323
-1953
-2691
-3547
-4369
-5076
-5330
-5274
-4902
-4047
-3070
-2134
-1158
-498
-110
289
512
333
-153
-648
-1411
-2060
-2267
-2297
-2294
-1907
-1337
-664
114
952
1646
2005
2358
2651
2685
2442
2142
2123
2147
2002
2152
2448
2795
2997
3262
3700
3917
4157
4302
4346
4379
4355
4390
4194
3922
3731
3661
3687
3670
3708
3831
3713
3530
3369
3225
2992
2887
2856
2666
2500
2403
2513
2683
2878
2889
2787
2730
2812
2906
2785
2428
1744
1233
979
1152
1934
3161
4547
5854
6901
7221
6977
6258
5171
4005
2641
1206
47
-574
-674
-341
483
1764
3163
4338
5112
5441
5363
4634
3629
2533
1223
-202
-1260
-1874
-2052
-1508
-497
395
1535
2600
3215
3622
3663
3294
2678
1843
721
-179
-957
-1709
-1811
-1422
-917
41
950
1676
2157
2390
2550
2367
1899
1162
401
-428
-1043
-1526
-1751
-1686
-1262
-817
-337
270
666
827
748
553
470
156
-223
-525
-805
-1079
-1093
-823
-603
-312
89
450
565
673
748
585
274
-85
-360
-523
-708
-857
-671
-479
-170
30
37
115
334
486
591
609
294
-6
-447
-1148
-2078
-3099
-3968
-4739
-5252
-5656
-5591
-5108
-4163
-3382
-2670
-1830
-1060
-500
-320
-445
-846
-1496
-2323
-3179
-3891
-4367
-4567
-4481
-4056
-3121
-1938
-975
-203
500
894
1047
925
469
-185
-713
-1176
-1550
-1860
-1834
-1603
-1142
-356
456
1097
1509
1854
2032
1912
1638
1404
1026
798
741
873
1221
1640
2141
2497
2603
2320
1887
1193
506
101
-256
-292
-113
455
1188
1999
2775
3308
3426
3118
2554
1943
1033
-44
-741
-878
-611
13
1065
2280
3516
4735
5585
6032
5900
5551
5154
4330
3365
2608
2013
1706
1723
2297
3170
4460
6251
8069
9315
9906
9873
9022
7578
5996
4241
2573
1052
-9
-303
-87
545
1655
3018
4188
4980
5329
5303
4834
3807
2528
1084
-399
-1618
-2255
-2550
-2509
-1978
-1112
-193
575
1338
2090
2364
2082
1601
900
-159
-1249
-2178
-2752
-3400
-3858
-3664
-2937
-2245
-1451
-466
210
461
487
374
-12
-773
-1576
-2141
-2745
-3341
-3328
-2944
-2411
-1852
-1125
-383
182
573
662
690
665
520
218
-115
-242
-47
178
448
824
1256
1604
2025
2223
2234
2131
1887
1605
1389
1166
877
751
681
872
1001
957
1102
1280
1482
1538
1476
1451
1343
1081
701
226
-371
-1235
-2207
-3168
-4015
-4557
-4814
-5014
-4901
-4370
-3709
-3024
-2301
-1550
-966
-647
-598
-1233
-1975
-2747
-3532
-4311
-5010
-5373
-5251
-4695
-3921
-3098
-2233
-1288
-547
-165
-127
-440
-905
-1525
-2224
-2904
-3407
-3772
-3703
-3427
-3030
-2545
-2049
-1409
-734
-148
215
519
713
665
227
-445
-1034
-1346
-1520
-1670
-1268
-696
-4
710
1347
1833
1979
2019
1846
1579
1120
600
74
-427
-634
-574
-375
28
612
1002
1408
1635
1662
1315
520
-386
-1226
-1879
-2314
-2480
-2499
-2292
-1872
-1356
-925
-655
-425
-493
-1054
-1960
-3111
-4297
-5050
-5116
-4339
-2945
-1076
619
1782
2259
2154
1375
179
-1406
-3147
-5035
-6532
-7402
-7604
-6934
-5555
-3854
-2217
-815
259
954
991
332
-812
-2169
-3575
-5038
-6391
-7046
-6724
-5830
-4650
-3211
-1606
-319
674
1063
1052
665
129
-803
-2057
-3242
-3990
-4216
-4099
-3571
-2623
-1645
-662
249
1022
1468
1557
1388
1026
405
-468
-1230
-1627
-1872
-1980
-1875
-1522
-979
-434
79
639
984
813
497
272
94
-279
-545
-645
-950
-1048
-826
-464
-84
154
547
692
732
730
628
414
69
-343
-554
-653
-635
-553
-464
-86
337
688
829
883
1102
1232
1271
1198
823
231
-543
-1311
-2035
-2644
-3179
-3642
-3923
-3662
-2887
-1833
-808
-73
748
1410
1925
2077
1852
1518
942
191
-567
-902
-1083
-853
-382
158
1003
1935
2872
3825
4415
4451
4311
4036
3624
3054
2497
2023
1655
1300
1159
1563
2174
2733
3276
3816
4222
4461
4372
4221
4000
3698
3341
3101
2865
2647
2743
2921
3008
3136
3397
3510
3764
3877
3727
3640
3445
3284
3212
3042
2876
2639
2620
2643
2518
2491
2601
2605
2441
2320
2084
1839
1676
1608
1400
1267
1234
1300
1364
1504
1709
1842
1791
1765
1868
1861
1516
788
101
-92
87
671
1762
3218
4549
5585
6068
5958
5404
4592
3478
2404
1171
-46
-631
-663
-144
827
1907
3214
4473
5365
5765
5689
5168
4221
3014
1720
375
-581
-1095
-1118
-576
340
1599
2824
3669
4325
4761
4725
4359
3766
2670
1563
691
65
-404
-518
-136
397
1200
2150
2839
3319
3835
4052
3664
3090
2317
1585
907
333
-170
-393
-270
10
458
1101
1632
1992
2243
2294
2115
1815
1356
1125
859
437
93
68
246
561
956
1353
1740
1863
1868
1939
1863
1643
1450
1149
959
906
865
997
1213
1358
1547
1681
2054
2524
2643
2557
2512
2459
2085
1491
827
67
-833
-1855
-2569
-2839
-2768
-2596
-2366
-1805
-1046
-71
818
1463
1941
2056
1959
1513
838
64
-688
-1296
-1644
-1717
-1544
-969
-5
1001
1815
2433
2996
3344
3304
2956
2333
1657
1012
488
-110
-479
-518
-442
-186
304
1108
1858
2263
2435
2454
2231
1942
1699
1252
832
655
618
526
369
452
809
1144
1444
1539
1761
1749
1734
1544
1286
1117
873
667
514
561
676
734
832
855
788
465
295
129
-15
-107
-392
-684
-716
-722
-745
-771
-721
-561
-373
-335
-365
-445
-674
-957
-1284
-1732
-1899
-1715
-1138
-49
1400
2985
4227
4940
4939
4167
3035
1531
-79
-1600
-2818
-3805
-4225
-3859
-3099
-1863
-259
1346
2695
3355
3390
2890
1801
567
-939
-2354
-3706
-4556
-4770
-4569
-3874
-2562
-1306
-121
939
1654
1926
1621
1017
94
-1020
-2208
-3287
-4071
-4378
-4161
-3642
-2781
-1824
-1020
-248
332
727
767
412
-171
-817
-1534
-2127
-2666
-3014
-3264
-3269
-2897
-2304
-1768
-1171
-790
-508
-486
-680
-921
-1289
-1557
-1643
-1881
-1913
-1701
-1360
-961
-435
82
367
475
385
243
212
27
-296
-563
-597
-467
-321
-424
-392
-72
272
489
744
1083
1312
1373
1188
794
238
-267
-868
-1637
-2557
-3359
-3916
-4284
-4224
-3773
-3137
-2347
-1378
-514
370
896
1036
1067
897
409
-359
-1215
-1750
-2280
-2626
-2411
-1879
-1182
-295
695
1581
2121
2322
2399
2291
1913
1302
479
-114
-589
-940
-1032
-957
-721
-273
363
944
1453
1831
1913
1897
1770
1500
1193
945
780
629
499
452
595
830
1197
1457
1589
1902
1936
1685
1649
1599
1567
1573
1487
1404
1405
1385
1244
1193
1313
1402
1381
1277
991
742
699
438
42
-97
-90
-60
10
157
365
499
547
424
383
549
512
326
14
-158
123
649
