-4989
-4707
-4346
-4042
-3834
-3826
-3830
-3897
-4229
-4445
-4632
-4846
-4813
-4678
-4572
-4428
-4293
-4067
-3819
-3496
-3217
-3128
-3083
-3168
-3381
-3884
-4514
-5354
-6380
-7380
-8142
-8670
-8956
-8962
-8677
-7899
-6838
-5964
-5190
-4245
-3472
-3308
-3519
-3855
-4367
-4994
-5908
-6574
-6935
-6970
-6835
-6538
-5633
-4690
-3750
-2923
-2175
-1722
-1772
-1998
-2547
-3153
-3812
-4469
-4938
-5335
-5355
-4947
-4591
-3970
-3415
-3064
-2822
-2718
-2734
-2810
-3321
-4150
-4942
-5429
-5513
-5252
-4468
-3407
-2145
-1293
-1031
-1529
-2615
-4071
-6100
-8063
-9948
-11403
-11940
-11743
-10865
-9372
-7748
-6184
-4998
-4476
-4793
-5802
-7199
-8987
-10766
-12174
-13131
-13467
-12584
-10688
-8269
-5787
-3421
-1280
283
1062
857
225
-793
-2243
-3800
-5459
-6683
-7009
-6310
-4643
-2252
543
3191
5160
6453
6563
5635
4268
2392
98
-2344
-4544
-6017
-6518
-6158
-5092
-3652
-2024
-406
669
810
275
-779
-2331
-4264
-6568
-8726
-10231
-10866
-10765
-10050
-8724
-7130
-5632
-4316
-3531
-3342
-3621
-4523
-5844
-7445
-9027
-10460
-11648
-12484
-12462
-11736
-10722
-9462
-8087
-6876
-5982
-5397
-5292
-5700
-6527
-7610
-8952
-10346
-11436
-12009
-12346
-11896
-11177
-10085
-8880
-7631
-6463
-5527
-4764
-4205
-3872
-3916
-4102
-4118
-4020
-4125
-3909
-3459
-2984
-2401
-1945
-1555
-1213
-1055
-908
-867
-1091
-1402
-1606
-1815
-1870
-2018
-2359
-2486
-2264
-2018
-1914
-2049
-2422
-2776
-3039
-3229
-3420
-3586
-4006
-4598
-5208
-5862
-6471
-6797
-7055
-7368
-7513
-7335
-6701
-5941
-5269
-4692
-4239
-3822
-3605
-3733
-4319
-5062
-6014
-6949
-7793
-8618
-9146
-9260
-9005
-8358
-7539
-6551
-5649
-4900
-4269
-4068
-4117
-4527
-5012
-5346
-5648
-5833
-5989
-5753
-5231
-4623
-3839
-2926
-1823
-810
-91
342
678
1098
1321
1407
1384
1130
336
-705
-1718
-2727
-3756
-4606
-4665
-3776
-2061
-95
1860
3469
4518
5083
5005
3953
2426
546
-1330
-3011
-4254
-4549
-3935
-2576
-572
1637
3548
4936
5746
5977
5432
4181
2669
1098
-387
-1429
-1920
-1668
-692
986
3113
4998
6214
6809
6836
6605
6252
5966
5987
6070
6268
6638
6745
6662
6572
6193
5317
4247
3034
1759
729
81
-295
-278
174
1222
2413
3475
4262
4693
4673
4240
3287
2014
816
-416
-1482
-2225
-2538
-2327
-1753
-974
-212
492
1102
1495
1400
1082
482
-382
-1447
-2485
-3342
-4040
-4489
-4557
-4329
-3908
-3543
-3468
-3488
-3469
-3427
-3458
-3666
-3960
-4387
-4773
-4913
-4884
-4831
-4560
-4204
-3953
-3717
-3276
-3092
-3112
-3250
-3354
-3578
-3954
-4104
-4069
-4007
-3694
-3350
-2864
-2336
-1879
-1424
-1016
-943
-1027
-1149
-1382
-1756
-2144
-2428
-2742
-3167
-3580
-3712
-3464
-3086
-2672
-2350
-2094
-1762
-1472
-1515
-1947
-2415
-3115
-4224
-5507
-6668
-7734
-8896
-9876
-10372
-10454
-10263
-9717
-8638
-7483
-6632
-5739
-4971
-4680
-4866
-5509
-6274
-7128
-8258
-9198
-9756
-10164
-10204
-9896
-9140
-8339
-7427
-6570
-6011
-5563
-5333
-5573
-6145
-6688
-7103
-7673
-8153
-8355
-8455
-8461
-7884
-7096
-6386
-5811
-5141
-4410
-3767
-3516
-3345
-3067
-3053
-3032
-2795
-2685
-2445
-2157
-1837
-1521
-1118
-625
-424
-453
-444
-528
-700
-948
-1338
-1564
-1500
-1523
-1480
-1484
-1529
-1400
-1362
-1491
-1627
-1959
-2193
-2456
-2757
-2984
-3039
-3069
-3218
-3335
-3379
-3225
-2885
-2737
-2830
-2809
-2682
-2576
-2893
-3536
-4224
-4849
-4797
-4442
-3645
-2259
-872
265
843
718
122
-1051
-2583
-4203
-5802
-7257
-8336
-8681
-8279
-7338
-5903
-4437
-3255
-2374
-1731
-1645
-2132
-3177
-4618
-6058
-7453
-8616
-9312
-9504
-9090
-8303
-7275
-5900
-4648
-3650
-2828
-2504
-2840
-3470
-4522
-5767
-6932
-8026
-8629
-8802
-8474
-7945
-7265
-6248
-5170
-4352
-3855
-3423
-3467
-3761
-4238
-4933
-5734
-6593
-7151
-7437
-7541
-7220
-6813
-6354
-5749
-5223
-4809
-4624
-4822
-5093
-5438
-5962
-6248
-6292
-6457
-6697
-6697
-6452
-6316
-6002
-5658
-5485
-5562
-5637
-5712
-5856
-6226
-6654
-6990
-6972
-6973
-6867
-6643
-6374
-6012
-5629
-5493
-5426
-5234
-5113
-5056
-5390
-5928
-6413
-6994
-7714
-8746
-9635
-10306
-10804
-11152
-11227
-10875
-10236
-9387
-8393
-7456
-6570
-5993
-5703
-5882
-6374
-7048
-7858
-8531
-9207
-9610
-9604
-9511
-9079
-8329
-7119
-6037
-5161
-4495
-3883
-3436
-3533
-3904
-4407
-4946
-5475
-5976
-6268
-6245
-5848
-5224
-4661
-4173
-3578
-2970
-2285
-1800
-1618
-1472
-1475
-1594
-1612
-1648
-1633
-1548
-1396
-1141
-996
-648
-203
217
530
718
754
654
639
574
554
475
387
307
216
241
313
337
312
215
41
-248
-550
-737
-863
-992
-1055
-1070
-1032
-1140
-1094
-898
-773
-564
-471
-392
-310
-452
-882
-1524
-2010
-2050
-1586
-641
766
2414
3742
4409
4612
4354
3500
2206
796
-507
-1832
-2827
-3429
-3617
-3082
-1866
-324
1165
2227
2793
2867
2575
1717
522
-717
-2098
-3204
-3978
-4262
-4206
-3623
-2522
-1139
37
813
1351
1606
1522
990
30
-1162
-2535
-3534
-4062
-4323
-4338
-3929
-3127
-2244
-1473
-940
-452
-229
-235
-534
-884
-1531
-2535
-3427
-4117
-4522
-4617
-4226
-3764
-3248
-2654
-2257
-1901
-1712
-1899
-1994
-2265
-2439
-2773
-3138
-3391
-3485
-3458
-3424
-3226
-2803
-2383
-2118
-2013
-1903
-1967
-2307
-2712
-2877
-3134
-3212
-3264
-3274
-3265
-3098
-2752
-2473
-2212
-2080
-1856
-1664
-1704
-1707
-1868
-2348
-3223
-4061
-4828
-5730
-6623
-7420
-7853
-7913
-7794
-7325
-6531
-5413
-4310
-3503
-3076
-2898
-2788
-3064
-3784
-4597
-5342
-6074
-6720
-7029
-6943
-6554
-5931
-5271
-4283
-3144
-2266
-1770
-1531
-1583
-1941
-2478
-3056
-3430
-3774
-4210
-4396
-4269
-3791
-3188
-2455
-1767
-1171
-583
-181
62
236
169
-90
-244
-427
-521
-459
-341
-103
301
647
1128
1464
1671
1800
1827
2045
2159
2255
2050
1811
1679
1691
1767
1722
1680
1712
1622
1455
1350
1212
957
699
415
357
366
270
136
70
185
441
426
301
244
341
417
299
-195
-935
-1504
-1566
-1200
-570
514
1964
3476
4563
5075
4847
4111
2889
1346
-124
-1519
-2722
-3339
-3288
-2842
-1966
-1038
279
1595
2388
2689
2611
1920
924
-368
-1818
-3271
-4481
-5094
-5071
-4320
-3245
-2186
-1169
-160
579
846
744
316
-492
-1508
-2541
-3613
-4617
-5147
-5192
-4869
-4235
-3377
-2431
-1537
-853
-594
-693
-952
-1455
-2158
-3071
-3873
-4566
-5083
-5191
-5263
-5091
-4519
-4122
-3638
-3033
-2684
-2596
-2718
-3024
-3374
-3823
-4180
-4554
-4790
-4729
-4779
-4632
-4171
-3589
-3162
-3130
-3155
-3322
-3590
-3809
-3945
-4149
-4424
-4527
-4561
-4556
-4460
-4261
-4135
-3985
-3820
-3661
-3378
-3149
-3191
-3473
-3675
-4248
-5098
-6206
-7279
-8115
-9023
-9610
-9788
-9482
-8986
-8467
-7525
-6652
-5882
-5039
-4398
-4317
-4709
-5294
-5928
-6804
-7781
-8437
-8709
-8690
-8624
-8099
-7022
-5854
-5001
-4138
-3345
-2805
-2938
-3410
-3756
-4145
-4717
-5190
-5711
-5888
-5598
-5160
-4504
-3777
-3107
-2498
-1938
-1478
-1385
-1264
-963
-985
-1127
-1193
-1285
-1241
-1112
-884
-528
-321
-85
241
539
821
937
858
987
946
839
922
1068
1150
1168
900
603
675
679
657
621
446
146
-40
-168
-345
-561
-524
-427
-515
-408
-256
-253
-186
-111
-122
-167
-174
-357
-1143
-2397
-3371
-3651
-3583
-3030
-1971
-578
616
1371
1552
1105
439
-388
-1091
-1818
-2554
-3012
-3108
-2741
-1990
-1036
15
858
1557
1772
1521
1034
188
-913
-2074
-3103
-3834
-4201
-3935
-3312
-2435
-1284
-239
669
1457
2023
2103
1643
859
-53
-1144
-2068
-2775
-3097
-3098
-2785
-2013
-984
13
877
1434
1654
1563
1332
918
254
-620
-1440
-2014
-2235
-2263
-2043
-1614
-1248
-856
-345
166
436
533
409
109
-358
-1071
-1617
-2152
-2682
-2910
-2862
-2772
-2737
-2561
-2345
-2149
-2139
-2119
-2126
-2446
-2957
-3305
-3167
-3077
-3254
-3393
-3339
-3129
-2985
-3049
-3126
-2963
-2677
-2546
-2634
-2797
-2868
-3337
-3988
-4726
-5604
-6471
-7467
-8162
-8516
-8500
-8034
-7406
-6673
-5706
-4783
-4145
-3714
-3301
-3070
-3373
-4023
-4636
-5225
-5905
-6445
-6771
-6538
-5870
-4947
-3882
-2814
-2008
-1553
-1003
-603
-471
-615
-1059
-1665
-2220
-2620
-2885
-2883
-2608
-2092
-1423
-743
-11
740
1273
1500
1637
1702
1646
1451
1196
895
658
707
796
981
1221
1480
1676
1981
2368
2652
2801
2867
2771
2436
2171
1970
1944
2046
1961
1784
1670
1687
1474
1199
1149
1290
1147
827
624
404
215
73
109
320
534
524
477
418
394
414
542
652
534
342
525
1166
2198
3652
5249
6646
7620
7931
7581
6753
5262
3149
922
-1122
-2835
-4111
-4619
-4314
-3193
-1403
851
2882
4500
5643
5986
5656
4790
3310
1190
-952
-2659
-4046
-4911
-4944
-4340
-3260
-1954
-453
944
1753
2234
2175
1512
535
-720
-2198
-3694
-4966
-5812
-6020
-5666
-4862
-3848
-2921
-1976
-1089
-423
-119
-322
-996
-1638
-2283
-3226
-4213
-4798
-5219
-5220
-4970
-4776
-4559
-4256
-3844
-3491
-3247
-3184
-3305
-3533
-3742
-3826
-3672
-3613
-3476
-3264
-2901
-2281
-1806
-1525
-1409
-1296
-1386
-1594
-1955
-2004
-2038
-2293
-2392
-2352
-2136
-1817
-1421
-1057
-811
-616
-542
-554
-573
-739
-1054
-1507
-2168
-3012
-4024
-4923
-5705
-6367
-6793
-6984
-6641
-5967
-5140
-4027
-2966
-2184
-1698
-1555
-1585
-1902
-2513
-3423
-4511
-5463
-6132
-6406
-6436
-6087
-5378
-4587
-3795
-3032
-2234
-1676
-1574
-1670
-1912
-2467
-3107
-3787
-4476
-4881
-5009
-4740
-4469
-3855
-3006
-2367
-1786
-1345
-974
-501
-79
110
-24
-234
-454
-513
-490
-413
-293
193
773
1121
1378
1780
2135
2345
2455
2588
2758
2791
2661
2454
2428
2360
2364
2569
2544
2449
2315
2213
2146
1958
1711
1645
1490
1219
1319
1395
1392
1586
1834
1984
1899
1867
2103
1936
1702
1318
704
-132
-810
-912
-615
96
1180
2358
3435
3785
3551
2908
1898
728
-421
-1627
-2521
-3088
-3116
-2526
-1437
41
1486
2747
3732
3972
3598
2704
1608
305
-1192
-2712
-4058
-4579
-4358
-3749
-2870
-1583
-21
1196
2033
2511
2553
2232
1488
621
-425
-1530
-2244
-2706
-2793
-2626
-2008
-1008
81
882
1435
1891
2042
1861
1624
1015
86
-769
-1351
-1791
-1979
-2080
-1867
-1411
-821
-244
241
579
774
674
582
271
-166
-577
-835
-1033
-1327
-1428
-1366
-1167
-1072
-1010
-895
-869
-1053
-1347
-1680
-2038
-2133
-2227
-2470
-2642
-2675
-2580
-2459
-2269
-2149
-2100
-2118
-1973
-1995
-2066
-2214
-2477
-3000
-3661
-4586
-5594
-6689
-7513
-7961
-7867
-7631
-7396
-6849
-6069
-5195
-4254
-3465
-2979
-2867
-3016
-3399
-4066
-4616
-5553
-6557
-7075
-6998
-6273
-5550
-4737
-3769
-2796
-1935
-1171
-464
-242
-734
-1279
-1593
-1973
-2376
-2741
-2911
-2830
-2583
-2045
-1292
-597
193
924
1355
1641
1805
1928
1766
1531
1463
1356
1388
1324
1256
1479
1962
2315
2470
2698
2981
3163
3100
3089
3120
2999
2710
2429
2313
2326
2172
2249
2432
2289
1982
1879
1909
1694
1354
1120
872
742
613
746
871
738
613
563
785
963
985
930
760
390
-260
-810
-1133
-1066
-434
598
2060
3458
4540
5331
5530
4991
3901
2714
1407
115
-1183
-2045
-2490
-2331
-1649
-302
1385
2784
3618
4138
4234
3805
2888
1563
191
-1151
-2251
-2935
-2978
-2491
-1695
-688
393
1452
2222
2779
2881
2478
1972
1088
-42
-1029
-1870
-2557
-2973
-2823
-2154
-1311
-498
263
978
1403
1433
1244
963
456
-394
-1218
-1968
-2742
-3119
-3197
-2937
-2451
-1945
-1548
-1155
-876
-730
-854
-977
-1202
-1672
-2085
-2433
-2623
-2428
-2087
-1869
-1777
-1873
-1664
-1341
-1051
-929
-1046
-1222
-1448
-1711
-1974
-2170
-2101
-1865
-1558
-1503
-1468
-1245
-888
-629
-654
-669
-548
-494
-785
-1311
-1875
-2677
-3651
-4574
-5280
-5914
-6295
-6413
-6117
-5525
-4806
-3936
-2906
-2087
-1524
-1361
-1387
-1702
-2272
-2973
-3904
-4635
-5156
-5207
-4897
-4412
-3642
-2768
-1914
-1187
-494
-96
67
-27
-266
-585
-1184
-1842
-2346
-2675
-2665
-2448
-2071
-1499
-854
-24
845
1354
1587
1640
1754
1702
1561
1427
1221
1096
1215
1470
1631
1848
2169
2697
3012
3116
3178
3291
3382
3452
3515
3396
3193
3138
3062
2994
2998
3081
3048
2891
2820
2870
2824
2660
2420
2131
1974
1935
1864
1887
2062
2057
2105
2178
2314
2255
2262
2256
2032
1472
809
497
466
864
1866
3215
4645
5872
6658
6770
6242
5406
4292
3011
1589
186
-838
-1378
-1469
-908
243
1769
3131
4061
4629
4804
4485
3607
2492
1435
15
-1337
-2159
-2552
-2390
-1814
-878
179
1310
2307
2903
3039
2939
2434
1675
642
-592
-1724
-2305
-2478
-2433
-2086
-1367
-501
396
1143
1705
1910
1790
1509
1073
270
-692
-1527
-2077
-2546
-2662
-2196
-1637
-1389
-997
-452
-16
161
105
-27
-318
-655
-1019
-1488
-1745
-1919
-1666
-1466
-1241
-951
-628
-274
7
60
-161
-426
-659
-893
-1144
-1247
-1305
-1447
-1404
-1127
-885
-701
-586
-445
-222
-59
-53
-275
-576
-956
-1534
-2260
-3076
-4128
-5113
-5965
-6381
-6316
-6005
-5606
-5030
-4107
-3153
-2288
-1674
-1427
-1431
-1800
-2498
-3239
-3858
-4492
-5070
-5334
-5512
-5215
-4511
-3670
-2627
-1655
-1084
-650
-306
-185
-380
-861
-1345
-1850
-2172
-2400
-2577
-2568
-2338
-1824
-1031
-216
285
723
1164
1555
1762
1539
1321
1325
1446
1493
1376
1190
1490
1995
2336
2541
2834
3134
3207
3427
3484
3527
3434
3362
3242
3048
3046
3028
2947
2850
2741
2730
2806
2780
2578
2419
2139
1885
1800
1709
1623
1465
1409
1584
1738
1815
1725
1578
1768
1855
1674
1351
931
288
-161
-3
739
1935
3474
4935
6014
6323
5966
5249
4178
2834
1405
26
-1093
-1751
-1724
-1103
-266
788
2172
3500
4231
4457
4334
3716
2548
1294
31
-1189
-2294
-3031
-2902
-2230
-1158
-261
665
1587
2342
2893
2886
2497
1839
853
-385
-1433
-2232
-2631
-2592
-2271
-1780
-861
167
892
1435
1832
1853
1538
906
148
-499
-1108
-1736
-2140
-2383
-2362
-2175
-1605
-970
-545
-205
-16
16
-47
-320
-821
-1194
-1469
-1592
-1683
-1794
-1606
-1362
-1024
-559
-206
90
260
111
-249
-376
-470
-804
-1127
-1318
-1314
-1202
-1048
-782
-643
-569
-553
-402
-46
50
-95
-275
-562
-1032
-1848
-2686
-3648
-4488
-5201
-5611
-5855
-5852
-5417
-4900
-4162
-3146
-2249
-1518
-990
-700
-788
-1329
-2098
-2851
-3558
-4328
-4737
-4829
-4546
-3834
-3004
-2141
-1249
-433
286
509
421
281
-93
-643
-1090
-1540
-1903
-2099
-2051
-1665
-1073
-384
171
757
1271
1679
1966
1909
1583
1239
857
849
847
924
1411
2033
2469
2805
2723
2303
2036
1676
1078
288
-193
-190
222
812
1475
2334
3121
3664
3719
3518
3038
2306
1325
255
-498
-580
-297
251
1307
2601
3941
5127
5908
6225
6195
5807
5261
4462
3568
2905
2365
2022
1925
2552
3750
5031
6620
8243
9488
10164
9939
9147
8001
6432
4596
3007
1644
734
411
563
1101
2111
3511
4781
5551
5841
5612
4972
4105
2797
1300
-7
-1088
-1829
-2192
-1988
-1510
-851
-20
935
1863
2477
2667
2358
1770
1074
81
-1023
-2025
-2803
-3294
-3447
-3258
-2677
-2011
-1292
-430
297
733
640
188
-332
-867
-1555
-2249
-2876
-3149
-3046
-2766
-2278
-1623
-901
-212
148
605
960
915
773
513
219
4
-98
110
339
594
952
1354
1650
1907
2082
2028
1946
1767
1598
1364
1154
972
809
749
729
844
982
1086
1229
1273
1236
1110
824
843
870
639
113
-550
-1329
-2313
-3227
-3960
-4680
-5243
-5399
-4891
-4287
-3691
-3055
-2300
-1610
-1038
-836
-1100
-1563
-2145
-2870
-3796
-4548
-5071
-5358
-5362
-5057
-4355
-3396
-2417
-1512
-1006
-905
-843
-1031
-1426
-2066
-2569
-3000
-3541
-4090
-4367
-4091
-3488
-2824
-2084
-1499
-1084
-616
-225
-71
-83
-65
-352
-793
-1380
-2080
-2330
-2130
-1758
-1285
-699
-72
582
1142
1413
1442
1198
854
349
-324
-895
-1220
-1472
-1402
-1108
-599
77
606
834
953
843
377
-272
-804
-1502
-2306
-2996
-3308
-3398
-3199
-2731
-2090
-1375
-1158
-1210
-1246
-1580
-2418
-3880
-5021
-5648
-5622
-4982
-3613
-1927
-249
1084
1657
1599
735
-693
-2406
-4105
-5812
-7267
-8053
-8155
-7634
-6457
-4758
-2897
-1395
-89
513
162
-752
-1960
-3323
-4774
-6190
-7223
-7502
-7357
-6600
-5418
-3946
-2453
-1201
-279
371
535
87
-736
-1810
-2831
-3802
-4548
-4789
-4527
-4032
-3251
-2284
-1259
-273
367
860
1106
845
111
-590
-1136
-1685
-2282
-2614
-2754
-2618
-2313
-1719
-926
-238
232
462
468
297
48
-401
-866
-1155
-1503
-1721
-1741
-1564
-1117
-658
-360
-79
200
220
-50
-262
-460
-622
-865
-855
-965
-1045
-1049
-945
-651
-278
76
329
515
731
797
815
653
266
-117
-842
-1759
-2648
-3312
-3798
-4175
-4163
-3890
-3264
-2394
-1477
-359
539
1097
1406
1688
1627
1165
514
-73
-741
-1210
-1325
-1145
-654
97
1003
1896
2773
3479
4043
4315
4175
3682
3174
2619
2075
1591
1365
1315
1271
1509
2071
2658
3058
3547
3929
4165
4163
4050
3731
3469
3141
2763
2461
2241
2374
2504
2656
2943
3189
3382
3431
3455
3503
3413
3453
3321
3175
2933
2639
2577
2607
2594
2572
2562
2677
2562
2236
1912
1751
1904
1803
1469
1161
1142
1426
1461
1554
1650
1827
1824
1925
2045
2076
2047
1572
855
77
-202
214
1140
2361
3828
5275
6333
6762
6644
6047
4967
3701
2387
1060
60
-562
-724
-263
856
2180
3461
4632
5672
5921
5598
5004
4112
3035
1690
400
-605
-1122
-1062
-449
538
1693
2880
3907
4518
4809
4881
4541
3739
2710
1668
644
-129
-511
-642
-301
431
1260
1937
2635
3398
3781
3864
3583
3006
2269
1484
789
382
-1
-253
-256
-135
257
966
1550
1741
1803
2035
2059
1867
1598
1284
942
629
510
459
471
603
976
1597
2006
2286
2411
2276
2230
2111
1925
1504
1040
877
985
1152
1346
1647
1834
2140
2419
2535
2522
2542
2576
2517
2308
1887
1292
597
-287
-1152
-1927
-2510
-2742
-2600
-2180
-1498
-779
58
802
1505
2075
2244
2044
1604
1059
93
-730
-1368
-1631
-1501
-1117
-564
38
731
1625
2389
2882
3167
3027
2673
2259
1615
800
12
-503
-760
-830
-672
-7
771
1141
1368
1690
2031
2179
1984
1596
1195
899
566
283
274
309
324
431
618
781
999
1199
1352
1515
1511
1350
1227
1106
945
640
531
433
393
359
375
402
389
295
33
-181
-405
-639
-782
-1012
-1088
-993
-939
-882
-829
-675
-599
-633
-685
-706
-758
-1091
-1694
-2330
-2711
-2603
-1914
-674
761
2218
3342
4102
4193
3631
2703
1426
-77
-1533
-2728
-3504
-3916
-3819
-2987
-1673
-253
1080
2142
2702
2722
2130
1091
-51
-1385
-2827
-4197
-5071
-5170
-4728
-3871
-2824
-1547
-438
467
976
1141
904
356
-567
-1778
-2854
-3733
-4313
-4392
-4050
-3573
-2834
-1883
-909
-170
256
581
565
222
-379
-1148
-1925
-2634
-3269
-3584
-3519
-3324
-3037
-2444
-1730
-1287
-891
-685
-580
-799
-1200
-1578
-1959
-2116
-2249
-2184
-2112
-1981
-1615
-1187
-626
-335
-198
-170
-123
-254
-384
-451
-603
-963
-1283
-1260
-953
-634
-347
-91
229
348
500
482
500
640
523
147
-600
-1300
-2138
-3106
-3976
-4533
-4805
-4792
-4422
-3964
-3132
-2105
-1105
-430
-29
213
127
-252
-713
-1235
-1860
-2450
-2844
-3008
-2858
-2413
-1711
-738
229
1028
1558
1954
2152
1823
1197
657
348
-108
-685
-1159
-1456
-1350
-1015
-510
-128
318
935
1337
1416
1479
1417
1179
1012
640
283
176
200
211
377
580
921
1236
1371
1513
1674
1722
1622
1513
1387
1128
981
966
985
932
897
931
965
803
828
738
480
216
102
-66
-197
-233
-305
-157
-125
-118
-84
-111
-57
75
78
39
-26
-123
-487
-520
-73
820
