-5157
-4831
-4633
-4523
-4523
-4403
-4358
-4483
-4707
-4936
-5175
-5335
-5328
-5399
-5468
-5295
-5012
-4813
-4737
-4460
-4285
-4282
-4337
-4462
-4585
-4926
-5618
-6405
-7362
-8281
-8861
-9374
-9777
-9732
-9205
-8397
-7716
-7033
-6122
-5141
-4401
-4071
-4064
-4327
-4903
-5566
-6067
-6701
-7318
-7549
-7297
-6624
-5610
-4430
-3244
-2371
-1796
-1637
-1428
-1501
-1939
-2476
-3158
-3906
-4465
-4737
-4781
-4589
-4052
-3297
-2737
-2350
-1984
-1799
-1780
-2094
-2699
-3636
-4574
-5062
-5031
-4519
-3821
-3017
-1718
-558
-452
-1243
-2542
-4017
-5739
-7880
-9883
-11319
-12053
-11693
-10656
-9164
-7556
-6090
-5134
-4607
-4892
-5916
-7428
-9176
-10901
-12425
-13410
-13363
-12440
-10910
-8636
-6079
-3684
-1562
169
1020
941
120
-1042
-2381
-3920
-5407
-6191
-5894
-4374
-2190
526
3539
6162
7918
8616
8246
7040
5041
2208
-688
-3501
-6025
-7629
-8074
-7455
-5876
-3738
-1518
692
2290
2821
2377
1333
-425
-2820
-5511
-7978
-9916
-11084
-11325
-10648
-9393
-7733
-6027
-4525
-3509
-3102
-3183
-3742
-5011
-7080
-9219
-11092
-12462
-13213
-13291
-12996
-12090
-10834
-9372
-7919
-6668
-5860
-5673
-5866
-6616
-7840
-9311
-10459
-11466
-12285
-12728
-12635
-12204
-11368
-10141
-8888
-7728
-6829
-6126
-5583
-5193
-5004
-4824
-4591
-4426
-4299
-3985
-3576
-3019
-2312
-1530
-979
-657
-410
-213
-225
-546
-908
-1066
-1182
-1309
-1254
-1122
-1140
-1093
-1022
-816
-791
-1240
-1625
-1905
-2043
-2140
-2463
-2989
-3567
-4073
-4530
-5279
-5843
-6195
-6413
-6370
-6101
-5608
-4887
-4172
-3600
-2933
-2451
-2189
-2444
-3234
-4192
-5167
-6102
-7080
-7771
-8288
-8495
-8172
-7464
-6818
-6341
-5730
-4787
-4073
-4022
-4271
-4644
-4977
-5371
-5894
-6243
-6332
-6107
-5691
-4924
-4083
-3051
-2075
-1198
-293
300
684
976
1093
1283
1242
895
216
-723
-1768
-2851
-3889
-4587
-4586
-3469
-1557
493
2418
3902
5055
5692
5557
4682
3145
1371
-398
-2109
-3158
-3244
-2509
-1128
889
2839
4661
5907
6564
6777
6145
4867
3347
1913
608
-347
-806
-523
631
2330
4345
6383
7780
8449
8765
9043
9210
9221
9245
9405
9268
8941
8566
7992
7128
6080
4924
3624
2325
1236
439
38
15
518
1439
2541
3586
4514
5107
5302
5179
4626
3687
2510
1233
125
-1136
-1960
-2101
-1960
-1591
-1043
-380
106
415
755
773
397
-186
-1145
-2116
-2830
-3481
-4045
-4530
-4803
-4770
-4456
-4121
-3896
-3753
-3666
-3641
-3845
-4242
-4314
-4371
-4559
-4799
-4839
-4500
-4175
-3989
-3788
-3674
-3724
-3823
-3959
-3990
-3915
-3999
-4188
-4085
-3835
-3562
-3135
-2739
-2111
-1397
-636
-189
54
-25
-292
-579
-860
-1062
-1420
-1692
-2172
-2340
-2273
-2300
-2133
-1896
-1632
-1432
-1113
-896
-925
-1040
-1340
-1817
-2575
-3594
-4799
-6123
-7485
-8679
-9523
-9982
-10141
-9901
-9168
-8115
-7133
-6101
-5134
-4504
-4414
-4599
-5121
-5930
-6974
-7797
-8741
-9632
-10085
-10075
-9704
-9122
-8245
-7312
-6716
-6312
-5981
-5859
-5987
-6325
-6795
-7306
-7994
-8632
-8981
-8706
-8480
-8189
-7660
-6963
-6207
-5499
-4993
-4561
-4138
-3813
-3653
-3579
-3469
-3216
-2898
-2718
-2383
-1954
-1541
-1170
-773
-457
-370
-479
-528
-696
-913
-962
-1169
-1387
-1370
-1441
-1495
-1473
-1580
-1596
-1707
-1651
-1653
-1935
-2216
-2472
-2753
-3102
-3305
-3342
-3251
-3133
-3180
-3183
-3012
-2746
-2647
-2573
-2541
-2822
-3420
-4178
-4553
-4475
-4043
-3100
-1753
-377
630
927
660
77
-951
-2509
-4428
-6054
-7171
-8088
-8570
-8410
-7336
-5838
-4393
-3216
-2421
-1821
-1811
-2401
-3419
-4752
-6313
-8000
-9204
-9860
-9853
-9256
-8110
-6873
-5681
-4479
-3401
-2814
-2626
-2743
-3478
-4542
-5726
-6857
-7755
-8360
-8650
-8429
-7583
-6685
-5888
-4938
-3966
-3391
-3088
-3027
-3363
-4071
-4736
-5379
-6047
-6747
-7226
-7208
-6814
-6258
-5715
-5231
-4817
-4465
-4225
-4383
-4674
-5134
-5724
-6024
-6199
-6418
-6407
-6209
-5920
-5646
-5465
-5152
-4883
-4945
-5103
-5281
-5506
-5819
-6165
-6406
-6472
-6445
-6318
-6158
-5932
-5684
-5321
-5234
-5210
-5153
-4977
-4887
-5042
-5397
-5909
-6586
-7560
-8715
-9610
-10310
-10854
-11124
-11119
-10810
-10165
-9338
-8144
-7066
-6228
-5397
-5086
-5356
-5776
-6305
-7135
-7993
-8737
-9200
-9214
-8996
-8528
-7615
-6427
-5442
-4469
-3647
-3274
-3178
-3158
-3399
-3905
-4473
-4935
-5386
-5527
-5245
-4946
-4551
-3838
-2970
-2198
-1616
-1170
-929
-759
-544
-484
-552
-486
-491
-571
-469
-278
-94
285
638
991
1335
1473
1613
1785
1850
1838
1739
1683
1509
1403
1515
1492
1510
1455
1284
1244
1128
1110
874
445
122
44
-90
-203
-107
135
161
331
642
696
621
753
874
956
933
360
-474
-881
-881
-470
575
2020
3596
4932
5828
6030
5515
4574
3381
2131
810
-563
-1662
-2251
-2255
-1590
-397
846
2092
3012
3578
3838
3505
2773
1703
549
-820
-2219
-3228
-3567
-3306
-2504
-1403
-16
1265
2065
2548
2621
2375
1793
928
-170
-1324
-2378
-3197
-3711
-3584
-2935
-2199
-1379
-562
255
909
869
430
66
-454
-1109
-1686
-2402
-3095
-3590
-3644
-3366
-2967
-2702
-2282
-1708
-1255
-1162
-1344
-1371
-1598
-2105
-2463
-2794
-3125
-3409
-3264
-2750
-2439
-2231
-2084
-1881
-1730
-1633
-1665
-1777
-2015
-2311
-2570
-2781
-2775
-2798
-2628
-2328
-2040
-1916
-2014
-1970
-1693
-1459
-1534
-1672
-2004
-2481
-3039
-3853
-4799
-5772
-6754
-7476
-7828
-7921
-7851
-7415
-6541
-5627
-4660
-3747
-3144
-2947
-2916
-3200
-3819
-4587
-5452
-6218
-6842
-7268
-7420
-7072
-6228
-5258
-4495
-3544
-2745
-2036
-1898
-2163
-2447
-2791
-3457
-4126
-4593
-4868
-4968
-4780
-4408
-3810
-3081
-2417
-1929
-1465
-919
-682
-564
-663
-753
-826
-1020
-1215
-1244
-1098
-898
-508
-117
446
951
1003
1004
1168
1390
1378
1183
1113
1089
927
835
949
1001
838
747
673
627
425
80
-121
-205
-358
-604
-917
-995
-1080
-1000
-877
-769
-673
-694
-637
-564
-538
-689
-1199
-1730
-2166
-2530
-2513
-1773
-306
1218
2540
3531
4141
4022
3135
1901
489
-1062
-2479
-3745
-4470
-4644
-4182
-3255
-2007
-640
399
1190
1678
1415
589
-527
-1813
-3174
-4515
-5636
-6134
-6062
-5579
-4532
-3215
-1962
-1071
-565
-225
-237
-617
-1517
-2711
-3787
-4841
-5645
-6089
-6309
-6014
-5288
-4208
-3349
-2616
-2027
-1770
-1798
-1923
-2433
-3420
-4383
-5134
-5693
-6183
-6458
-6251
-5855
-5430
-5009
-4638
-4243
-3917
-3692
-3628
-3927
-4340
-4885
-5218
-5360
-5354
-5292
-5191
-5188
-4787
-4287
-4030
-3917
-3820
-3781
-3799
-4151
-4481
-4685
-4795
-5045
-5179
-4936
-4849
-4691
-4416
-4215
-3987
-3952
-3949
-3976
-4097
-4326
-4484
-4928
-5772
-6834
-7948
-8753
-9438
-9815
-9883
-9848
-9519
-8983
-8080
-6959
-5826
-4972
-4652
-4558
-4805
-5280
-6024
-7003
-7913
-8617
-9111
-9110
-8732
-7996
-7185
-6255
-5093
-4083
-3406
-3059
-2999
-3221
-3794
-4403
-4845
-5301
-5539
-5590
-5368
-5069
-4504
-3898
-3251
-2399
-1812
-1389
-1068
-824
-559
-677
-895
-1074
-1226
-1145
-942
-538
-173
150
472
814
1207
1480
1782
1842
1734
1639
1554
1611
1450
1284
1306
1462
1675
1736
1713
1585
1379
1159
1029
877
626
267
208
255
258
226
437
545
558
670
748
795
850
727
438
-183
-984
-1357
-1258
-771
129
1645
3238
4309
4876
4980
4580
3537
2120
864
-242
-1399
-2167
-2512
-2228
-1337
-243
1064
2351
3238
3515
3199
2738
1946
663
-772
-1917
-2975
-3704
-3714
-3228
-2379
-1051
212
1201
1908
2237
2225
1908
1301
429
-566
-1673
-2500
-2963
-3090
-2809
-2120
-1266
-575
138
934
1373
1311
1067
512
-115
-685
-1315
-2135
-2750
-2992
-2934
-2686
-2238
-1760
-1186
-769
-637
-508
-428
-624
-1181
-1730
-2081
-2388
-2746
-2830
-2816
-2614
-2119
-1724
-1444
-1301
-1165
-1106
-1172
-1386
-1620
-1749
-2066
-2413
-2443
-2415
-2432
-2275
-1948
-1749
-1783
-1754
-1573
-1374
-1427
-1515
-1815
-2372
-3246
-4096
-4915
-5768
-6794
-7451
-7544
-7416
-7158
-6516
-5677
-4836
-4028
-3383
-2847
-2418
-2387
-2813
-3599
-4371
-5072
-5688
-6174
-6311
-6154
-5784
-5136
-4212
-3211
-2333
-1715
-1197
-1026
-997
-1362
-1995
-2594
-3078
-3407
-3663
-3604
-3314
-2897
-2153
-1412
-792
-153
331
548
720
786
653
600
519
370
331
380
537
727
1085
1457
1680
1865
2053
2390
2623
2595
2417
2241
2140
1982
1794
1808
1795
1740
1698
1742
1813
1840
1614
1336
949
741
594
445
287
265
313
471
507
476
476
385
526
514
575
429
-103
-677
-1191
-1146
-406
839
2395
3841
4914
5632
5778
5158
3994
2509
907
-676
-2268
-3335
-3792
-3647
-2855
-1589
-14
1628
2962
3642
3690
3152
2211
968
-388
-1824
-3260
-4372
-4718
-4548
-3987
-3012
-1782
-515
560
1384
1621
1288
728
-254
-1571
-2680
-3588
-4444
-5043
-5082
-4679
-3926
-2917
-1828
-1052
-515
-373
-331
-595
-1125
-1884
-2892
-3763
-4362
-4818
-5174
-4964
-4510
-3976
-3601
-3214
-2743
-2514
-2531
-2627
-3001
-3436
-3720
-3783
-3902
-4004
-3870
-3605
-3190
-2934
-2683
-2434
-2185
-2048
-2041
-2262
-2776
-3235
-3413
-3419
-3423
-3320
-3125
-2892
-2599
-2356
-2311
-2181
-2081
-1955
-1939
-2051
-2343
-2815
-3518
-4431
-5552
-6443
-7140
-7756
-8189
-8387
-8246
-7757
-6890
-5784
-4632
-3830
-3466
-3136
-2896
-3103
-3756
-4688
-5646
-6541
-7162
-7341
-7007
-6512
-5959
-5164
-4183
-3322
-2600
-2065
-1854
-1831
-2080
-2621
-3223
-3851
-4311
-4773
-4831
-4511
-4029
-3518
-2769
-1923
-1354
-841
-411
-63
-86
-297
-183
-222
-408
-563
-462
-164
-32
239
534
908
1406
1758
1973
2098
2080
2093
2283
2262
2020
1827
1712
1583
1670
1772
1622
1527
1673
1634
1334
1178
950
813
605
425
528
721
889
786
755
799
944
1063
1114
1245
1250
834
82
-598
-1016
-911
-197
1061
2508
3833
4757
5060
4742
4109
3338
2068
609
-782
-1803
-2403
-2533
-2148
-1111
297
1681
2740
3514
3830
3573
2797
1807
516
-876
-2314
-3182
-3601
-3702
-3211
-2244
-1028
151
1289
2065
2424
2323
1923
1326
301
-850
-1846
-2725
-3337
-3334
-2756
-1917
-1129
-248
466
1077
1442
1486
1174
614
-115
-921
-1652
-2296
-2651
-2846
-2859
-2653
-2087
-1312
-898
-654
-435
-371
-367
-398
-784
-1281
-1757
-2093
-2265
-2324
-2147
-2001
-1936
-1483
-1181
-988
-915
-931
-908
-1109
-1306
-1565
-1931
-2121
-2041
-2064
-2035
-1774
-1501
-1386
-1276
-1119
-1128
-1243
-1430
-1566
-1735
-2059
-2818
-3712
-4789
-5747
-6407
-6922
-7236
-7035
-6528
-5721
-4665
-3847
-2962
-2277
-1849
-1729
-2001
-2381
-3039
-4059
-4958
-5505
-5864
-5867
-5367
-4706
-3874
-2898
-2178
-1466
-822
-442
-242
-389
-798
-1186
-1707
-2304
-2807
-2965
-2802
-2492
-2014
-1449
-873
65
739
1062
1422
1586
1774
1634
1369
1344
1350
1258
1277
1407
1639
1912
2200
2560
2947
3263
3410
3471
3498
3612
3410
3168
2853
2773
2948
2993
2864
2731
2710
2711
2619
2499
2418
2242
1996
1709
1394
1300
1381
1434
1543
1625
1660
1699
1874
2082
2062
1891
1626
1131
485
-45
-120
509
1846
3284
4647
5782
6403
6474
5688
4655
3390
1975
765
-529
-1494
-1802
-1459
-464
786
2044
3155
4042
4535
4556
4023
3184
1934
374
-1012
-1962
-2613
-2891
-2568
-1684
-526
662
1711
2445
2858
2897
2479
1758
917
-90
-1119
-2039
-2666
-2741
-2492
-1908
-1125
-308
465
1096
1456
1540
1403
1033
286
-540
-1230
-1924
-2652
-2854
-2669
-2364
-2043
-1684
-1149
-669
-605
-584
-534
-712
-1054
-1462
-1752
-1968
-2073
-2016
-1884
-1830
-1608
-1307
-964
-697
-766
-877
-955
-1086
-1176
-1230
-1575
-1915
-2064
-1984
-1776
-1616
-1344
-1240
-1125
-933
-820
-768
-917
-1069
-1166
-1618
-2326
-3239
-4392
-5372
-6188
-6713
-6843
-6834
-6618
-6017
-4965
-3961
-3217
-2572
-2001
-1641
-1631
-2013
-2756
-3450
-4259
-5086
-5630
-5895
-5565
-4992
-4143
-3136
-2221
-1513
-1023
-694
-461
-552
-838
-1217
-1837
-2621
-3077
-3174
-3043
-2692
-2304
-1864
-1276
-628
-111
440
960
1113
1222
1214
1047
901
826
876
901
957
1136
1285
1611
2016
2454
2830
3130
3171
3147
3070
2951
2885
2757
2688
2711
2742
2594
2572
2792
2710
2527
2323
2263
2065
1769
1646
1479
1362
1378
1411
1429
1375
1471
1547
1757
1850
1738
1678
1716
1397
665
24
-323
118
1138
2585
4221
5472
6146
6420
6034
5042
3871
2461
1071
-265
-1332
-1848
-1679
-979
89
1488
2741
3733
4322
4466
4114
3268
2235
986
-540
-1834
-2737
-3070
-2670
-1903
-1057
-25
1207
2231
2789
3033
2814
2283
1372
361
-633
-1840
-2666
-2832
-2498
-2012
-1436
-683
244
1134
1904
2090
1862
1356
671
-215
-1025
-1646
-2067
-2294
-2356
-2063
-1599
-1191
-945
-666
-307
-180
-152
-232
-562
-1050
-1468
-1829
-1875
-1899
-1831
-1484
-1155
-771
-456
-257
-133
-138
-156
-383
-575
-767
-991
-1245
-1399
-1487
-1228
-1032
-941
-675
-433
-257
-186
-106
-148
-264
-483
-938
-1498
-2348
-3453
-4347
-5068
-5772
-6191
-6079
-5791
-5343
-4607
-3732
-2711
-1991
-1579
-1219
-1191
-1382
-1942
-2707
-3556
-4413
-4976
-5292
-5209
-4699
-3974
-3193
-2283
-1350
-634
79
469
376
-48
-545
-981
-1488
-1858
-2096
-2061
-1754
-1440
-925
-238
442
949
1347
1909
2213
2354
2356
2191
1995
1867
1950
2039
2259
2515
2813
3136
3427
3625
3907
4095
4218
4296
4316
4251
4087
4062
3913
3819
3838
3756
3759
3834
3843
3690
3447
3172
3108
3025
2796
2679
2564
2368
2348
2409
2613
2618
2630
2764
2766
2604
2521
2480
2334
1836
1262
770
1155
2074
3163
4524
5827
6824
7319
7055
6360
5186
3773
2305
995
-46
-749
-973
-444
468
1735
3131
4218
4940
5304
5224
4636
3519
2251
900
-533
-1635
-2084
-1896
-1402
-609
648
1770
2665
3363
3666
3462
2994
2307
1466
359
-533
-1129
-1575
-1721
-1519
-917
-39
743
1409
2047
2493
2365
1862
1460
1026
319
-493
-1138
-1520
-1683
-1611
-1477
-1072
-487
-65
210
371
403
215
-113
-547
-907
-1298
-1584
-1677
-1610
-1349
-923
-617
-396
5
260
244
98
66
-180
-484
-792
-944
-1123
-1164
-1034
-909
-760
-440
-361
-358
-200
-34
11
-8
-275
-706
-1222
-1910
-2737
-3701
-4553
-5228
-5661
-5940
-5972
-5565
-4834
-4024
-3105
-2106
-1340
-915
-729
-854
-1349
-2204
-3136
-4132
-4795
-5038
-5008
-4662
-4136
-3246
-2250
-1406
-540
-27
235
240
69
-275
-696
-1194
-1744
-2128
-2230
-2130
-1841
-1245
-446
291
775
1289
1718
1945
1963
1678
1294
960
730
874
1060
1411
1877
2254
2444
2496
2249
1773
1199
590
241
-32
-140
-24
560
1399
2214
2869
3455
3739
3511
2836
1902
973
82
-531
-573
-304
284
1186
2343
3597
4840
5723
6213
6224
5759
5061
4240
3491
2847
2168
1834
1860
2303
3413
4755
6437
8124
9321
9954
9902
9121
7669
5963
4196
2572
1292
476
34
215
909
1904
3137
4405
5290
5625
5476
4872
3939
2724
1230
-241
-1493
-2276
-2550
-2440
-1824
-917
74
984
1635
2078
2229
2123
1582
782
-197
-1358
-2360
-3006
-3454
-3668
-3524
-2931
-2149
-1297
-419
350
640
465
48
-483
-1036
-1771
-2439
-2812
-3070
-3050
-2699
-2179
-1617
-963
-271
306
783
961
902
675
451
135
-109
-100
-13
119
427
703
1204
1719
1869
1991
2140
2235
2204
1776
1269
961
727
624
571
686
887
957
1056
1079
1139
1199
1192
1047
881
742
456
-26
-685
-1468
-2425
-3330
-4067
-4811
-5308
-5347
-5079
-4556
-3891
-3114
-2247
-1583
-1216
-1017
-1046
-1346
-1939
-2859
-3872
-4675
-5155
-5332
-5284
-4825
-4127
-3269
-2471
-1618
-1025
-821
-900
-1080
-1366
-1893
-2579
-3319
-3843
-3962
-3909
-3872
-3541
-2920
-2295
-1631
-936
-622
-335
-66
67
-24
-167
-619
-1472
-1932
-1954
-1892
-1598
-1013
-166
523
1026
1509
1792
1764
1482
1007
442
-247
-762
-1379
-1591
-1353
-947
-508
71
728
1096
1206
1025
581
-57
-813
-1590
-2479
-3134
-3329
-3072
-2729
-2307
-1803
-1434
-1218
-1066
-963
-1338
-2381
-3742
-5078
-5853
-5777
-4778
-3388
-1571
264
1449
1812
1547
918
-341
-2023
-3949
-5706
-7016
-7757
-7877
-7374
-6368
-4708
-2741
-973
42
546
326
-524
-1659
-3034
-4563
-6077
-7026
-7156
-6791
-6065
-4781
-3233
-1900
-695
136
710
716
191
-641
-1767
-2951
-3961
-4651
-4875
-4561
-3915
-3072
-2074
-930
8
700
1051
1065
782
355
-184
-889
-1753
-2468
-2746
-2622
-2287
-1764
-1323
-917
-446
-68
264
524
290
-75
-423
-648
-1008
-1447
-1592
-1554
-1429
-1106
-679
-402
-68
248
433
178
-121
-356
-515
-710
-822
-776
-720
-847
-755
-464
-208
154
589
830
906
870
683
498
203
-292
-1011
-1666
-2419
-3177
-3692
-4000
-4060
-3716
-3052
-2171
-1099
-127
674
1341
1728
1852
1661
1321
705
-102
-691
-914
-1036
-885
-288
408
1262
2112
2894
3528
4067
4324
4250
3846
3222
2656
2190
1805
1709
1594
1557
1815
2169
2627
3243
3847
4195
4367
4278
4164
3844
3432
3114
2877
2802
2647
2560
2717
2947
3236
3500
3730
3822
3903
3843
3671
3527
3593
3459
3065
2975
3021
3032
3044
2984
2893
2822
2701
2624
2459
2047
1702
1482
1459
1484
1511
1422
1372
1436
1589
1856
2020
2002
1918
1958
1883
1463
570
-267
-820
-871
-410
460
1683
2979
3919
4464
4515
4085
3441
2648
1833
939
279
-89
-95
325
1295
2478
3501
4235
4870
5148
5019
4379
3367
2360
1342
243
-556
-752
-367
459
1471
2489
3548
4508
5075
5269
5041
4580
3809
2893
2052
1320
780
439
643
1157
1903
2690
3279
3927
4482
4639
4508
4153
3558
2892
2116
1419
925
636
645
846
1254
1749
2207
2707
3237
3627
3347
3093
2815
2356
1930
1500
1010
563
329
290
518
937
1140
1229
1518
1711
1689
1320
1035
1016
959
808
683
728
858
938
1131
1258
1238
1273
1506
1613
1771
1848
1857
1528
991
468
-94
-866
-1665
-2458
-3116
-3393
-3208
-2583
-1853
-1242
-485
467
1281
1857
1948
1666
1251
641
-226
-1090
-1528
-1653
-1659
-1500
-844
28
899
1765
2620
3175
3372
3212
2766
2353
1950
1272
719
196
-161
-222
-119
384
896
1505
2110
2382
2494
2456
2358
2150
1730
1380
910
659
604
578
519
528
792
1081
1278
1489
1632
1635
1519
1242
1078
1088
896
658
381
175
113
158
208
169
120
91
-97
-510
-914
-1278
-1442
-1544
-1609
-1706
-1642
-1340
-1203
-1185
-1117
-1097
-1137
-1087
-1011
-1184
-1478
-1656
-1536
-874
378
1988
3566
4924
5723
6055
5611
4406
2778
878
-1228
-3294
-4918
-5831
-6004
-5378
-3949
-2025
36
1883
3415
4219
4127
3605
2581
1085
-854
-2774
-4651
-5793
-5998
-5638
-4750
-3423
-2006
-679
416
1214
1618
1403
686
-482
-1911
-3306
-4495
-5406
-5903
-5680
-5224
-4351
-3273
-2304
-1427
-715
-263
-168
-480
-956
-1519
-2410
-3446
-4192
-4575
-4657
-4483
-4111
-3767
-3405
-2903
-2613
-2411
-2352
-2364
-2464
-2647
-2774
-2823
-2878
-2705
-2312
-1764
-1307
-858
-510
-256
15
-23
-80
-265
-375
-665
-844
-806
-688
-575
-309
92
455
783
976
1304
1628
1692
1395
1026
795
407
-207
-1033
-1949
-2904
-3607
-3866
-4052
-3981
-3606
-2965
-2053
-1172
-222
618
1122
1278
1199
802
2
-814
-1412
-1944
-2596
-2925
-2652
-2098
-1323
-557
220
838
1360
1679
1783
1704
1252
579
-229
-1037
-1570
-1934
-2037
-1874
-1369
-715
-331
157
613
833
1047
1082
1023
705
282
87
28
-91
-233
-22
200
292
272
650
1051
1312
1544
1708
1698
1579
1513
1362
1105
1135
1328
1406
1322
1202
1182
1093
1061
1169
1088
674
215
141
129
65
91
201
382
465
533
622
679
666
695
795
644
159
-470
-1007
-1293
-1157
