-5131
-4837
-4468
-4406
-4245
-4209
-4244
-4406
-4639
-4957
-5055
-4985
-4977
-4950
-5003
-5044
-4741
-4455
-4321
-4140
-3921
-3612
-3578
-3673
-3834
-4161
-4899
-5797
-6657
-7447
-8114
-8690
-8985
-8940
-8615
-8026
-7301
-6607
-5723
-4780
-4091
-3880
-4023
-4322
-4744
-5527
-6378
-6964
-7200
-7146
-6974
-6525
-5639
-4531
-3467
-2653
-2099
-1702
-1484
-1679
-2135
-2828
-3525
-3967
-4261
-4469
-4551
-4415
-4114
-3464
-2836
-2284
-1780
-1597
-1610
-1919
-2554
-3470
-4351
-4731
-4779
-4540
-3871
-2980
-1779
-875
-684
-1211
-2472
-4016
-5884
-7935
-9784
-11264
-12112
-11901
-10737
-9169
-7613
-6177
-5149
-4588
-4801
-5878
-7541
-9192
-11008
-12471
-13365
-13269
-12224
-10667
-8487
-5859
-3301
-1134
510
1227
1107
375
-787
-2307
-3916
-5255
-6068
-5920
-4732
-2493
330
3253
5901
7682
8420
8012
6718
4873
2478
-431
-3411
-5928
-7399
-7800
-7446
-6034
-3675
-1274
723
2084
2672
2615
1652
-184
-2592
-5180
-7625
-9620
-10716
-10922
-10312
-8976
-7182
-5295
-4058
-3127
-2786
-3234
-4178
-5570
-7336
-9145
-10905
-12286
-12989
-13226
-13017
-12132
-10836
-9364
-7890
-6768
-6081
-5824
-6140
-6856
-7722
-8972
-10297
-11398
-12277
-12797
-12702
-12132
-11190
-10112
-9024
-7801
-6848
-6154
-5591
-5220
-4919
-4838
-4977
-4980
-4781
-4461
-4051
-3528
-3009
-2328
-1554
-1038
-834
-944
-1118
-1411
-1576
-1720
-1825
-1838
-1815
-1684
-1589
-1426
-1305
-1493
-1538
-1475
-1481
-1738
-2173
-2568
-2947
-3181
-3337
-3757
-4453
-5270
-5699
-5983
-6226
-6289
-5931
-5547
-4904
-4086
-3196
-2600
-2321
-2293
-2658
-3270
-4119
-5076
-6139
-7166
-7864
-8224
-8447
-8256
-7652
-6925
-6074
-5343
-5011
-4664
-4463
-4553
-4767
-5109
-5488
-5864
-6382
-6541
-6218
-5445
-4534
-3738
-3010
-2150
-1340
-673
-121
307
714
934
951
856
538
-32
-776
-1762
-2931
-4064
-4848
-4737
-3887
-2443
-436
1601
3181
4433
4987
4897
4063
2508
773
-1062
-2793
-3863
-4077
-3311
-1906
83
2368
4143
5402
6305
6484
5921
4954
3529
1887
401
-789
-1349
-1068
23
1787
3873
5799
7139
7788
8080
8293
8450
8569
8628
8717
8744
8267
7724
7258
6440
5251
3839
2404
1359
516
-48
-460
-531
49
1045
2339
3442
4245
4834
5052
4835
4002
2952
1874
866
-169
-1242
-1952
-2311
-2251
-1908
-1442
-818
-216
80
-16
-273
-732
-1358
-2040
-2887
-3930
-4802
-5056
-5130
-5211
-5119
-4957
-4707
-4526
-4372
-4371
-4406
-4623
-4846
-5004
-5340
-5461
-5356
-5227
-4880
-4598
-4530
-4407
-4356
-4341
-4359
-4351
-4449
-4674
-4963
-5143
-5052
-4905
-4728
-4195
-3562
-2884
-2339
-1796
-1273
-945
-901
-1023
-1236
-1558
-2049
-2458
-2736
-2953
-2967
-3026
-3008
-2677
-2336
-2133
-1968
-1636
-1271
-1012
-931
-1193
-1701
-2415
-3217
-4447
-5957
-7460
-8542
-9405
-9995
-10086
-9917
-9350
-8319
-7180
-6267
-5439
-4748
-4514
-4774
-5387
-6199
-7162
-8100
-9063
-9817
-10273
-10468
-10291
-9622
-8871
-7924
-6933
-6325
-6040
-5993
-6079
-6368
-6870
-7606
-8301
-8812
-9177
-9156
-8938
-8535
-7938
-7248
-6610
-5766
-5082
-4657
-4392
-4042
-3956
-4045
-4005
-3806
-3355
-3048
-2804
-2548
-2093
-1691
-1306
-1112
-1049
-1018
-1151
-1357
-1535
-1561
-1485
-1477
-1679
-1774
-1671
-1409
-1271
-1296
-1306
-1187
-1192
-1523
-1816
-2132
-2371
-2649
-2825
-2947
-2876
-2718
-2842
-2867
-2696
-2452
-2201
-2169
-2244
-2440
-2886
-3651
-4341
-4664
-4210
-3130
-1922
-738
124
573
547
-59
-1270
-2765
-4171
-5752
-7164
-8060
-8296
-8020
-7302
-5981
-4414
-3069
-2220
-1788
-1796
-2317
-3344
-4686
-6118
-7542
-8726
-9364
-9464
-9187
-8323
-7086
-5750
-4496
-3430
-2749
-2568
-2834
-3564
-4568
-5719
-6833
-7888
-8618
-8875
-8825
-8198
-7312
-6186
-5017
-4104
-3512
-3449
-3533
-3631
-4036
-4736
-5570
-6181
-6636
-6975
-6911
-6749
-6434
-5824
-5202
-4804
-4392
-4167
-4289
-4693
-5064
-5457
-5993
-6379
-6626
-6421
-6264
-6243
-6085
-5743
-5408
-5327
-5425
-5587
-5724
-5897
-6170
-6426
-6688
-6720
-6582
-6566
-6558
-6243
-6006
-5663
-5479
-5406
-5271
-5075
-4936
-4964
-5278
-5716
-6383
-7448
-8584
-9427
-10210
-10635
-10912
-10915
-10467
-9896
-9119
-8224
-7168
-6242
-5520
-5228
-5521
-6154
-6847
-7605
-8398
-9018
-9586
-9948
-9733
-9091
-8349
-7403
-6271
-5194
-4271
-3733
-3627
-3786
-4077
-4395
-4716
-5298
-5750
-6183
-6153
-5762
-5150
-4392
-3772
-3088
-2418
-1737
-1126
-892
-939
-1076
-1042
-1050
-1202
-1548
-1486
-1078
-582
-248
-21
216
609
1027
1271
1322
1290
1407
1437
1233
1095
1005
986
1068
1138
1072
955
900
975
856
440
76
-54
21
-18
-252
-478
-349
-108
-121
73
365
537
527
346
298
214
-167
-732
-1314
-1667
-1327
-330
973
2535
3877
4732
5047
4783
3950
2657
1263
-79
-1415
-2505
-2951
-2738
-2184
-1185
49
1486
2659
3221
3385
3160
2325
1145
-97
-1407
-2602
-3373
-3655
-3431
-2929
-2022
-811
330
1093
1621
1846
1677
1168
213
-1040
-2260
-3275
-3899
-4136
-4051
-3705
-2811
-1878
-960
-73
367
445
389
-37
-557
-1304
-2211
-2874
-3438
-3754
-3876
-3755
-3423
-3002
-2574
-2110
-1581
-1299
-1482
-1743
-2019
-2544
-3088
-3308
-3307
-3362
-3571
-3489
-3191
-2740
-2343
-2049
-1931
-1966
-2144
-2317
-2485
-2673
-2970
-3183
-3240
-3155
-3030
-2921
-2724
-2573
-2458
-2324
-2220
-2122
-1981
-1971
-2220
-2590
-3098
-3865
-4914
-6065
-7013
-7616
-7771
-7650
-7570
-7426
-6809
-5898
-4894
-4191
-3635
-3337
-3167
-3446
-4149
-4925
-5759
-6559
-7175
-7565
-7687
-7419
-6703
-5725
-4806
-4012
-3378
-2734
-2295
-2302
-2585
-2836
-3382
-4191
-4865
-5012
-4771
-4655
-4478
-3912
-3379
-2872
-2094
-1444
-1033
-879
-738
-865
-1153
-1288
-1447
-1574
-1425
-1193
-1104
-1006
-588
-194
17
231
426
751
854
864
1033
875
573
258
247
300
505
649
655
579
342
117
-54
-271
-522
-763
-863
-877
-980
-1149
-1216
-991
-756
-721
-655
-526
-491
-734
-1165
-1677
-2074
-2589
-3081
-3041
-2273
-837
550
1871
2965
3437
3293
2500
1447
183
-1269
-2544
-3985
-4985
-5063
-4639
-3685
-2499
-1175
37
846
1377
1399
838
-330
-1832
-3296
-4629
-5631
-6040
-6128
-5669
-4822
-3693
-2459
-1512
-838
-419
-365
-831
-1745
-2980
-4075
-4991
-5759
-6239
-6482
-6151
-5371
-4562
-3624
-2754
-2181
-1757
-1776
-1978
-2458
-3349
-4267
-4928
-5465
-5803
-6081
-6052
-5860
-5409
-4798
-4216
-3605
-3266
-3326
-3620
-3978
-4410
-4754
-4989
-5191
-5353
-5474
-5320
-4995
-4856
-4533
-3990
-3685
-3610
-3707
-3812
-4065
-4306
-4550
-4846
-5069
-5191
-5100
-4824
-4430
-4129
-4007
-4040
-4014
-3908
-3740
-3624
-3763
-4112
-4519
-5204
-6072
-7031
-8071
-8875
-9233
-9475
-9648
-9260
-8491
-7494
-6535
-5720
-5029
-4597
-4506
-4678
-5164
-5947
-6756
-7611
-8335
-8712
-8922
-8731
-8146
-7280
-6063
-5037
-4039
-3227
-2827
-2926
-3259
-3563
-3891
-4333
-4823
-5159
-5406
-5493
-4998
-4368
-3607
-2871
-2339
-1637
-960
-664
-713
-827
-945
-1114
-1368
-1422
-1382
-1233
-913
-481
-42
333
535
702
966
1154
1337
1392
1383
1322
1104
937
1130
1391
1437
1201
1181
1379
1482
1309
1051
848
851
767
463
222
146
237
169
139
330
511
538
587
726
770
661
389
-116
-750
-1290
-1502
-1016
-126
1095
2579
3687
4341
4459
3947
3116
1972
716
-593
-1586
-2191
-2554
-2368
-1713
-618
729
1896
2929
3484
3376
2881
1993
819
-538
-1876
-2904
-3515
-3525
-3218
-2459
-1378
-268
701
1490
1988
2180
1840
1035
167
-702
-1600
-2434
-3092
-3371
-3084
-2510
-1843
-1035
-87
680
1149
1257
1133
869
97
-854
-1730
-2428
-2803
-2772
-2742
-2767
-2442
-1934
-1351
-872
-513
-341
-326
-562
-977
-1505
-2002
-2191
-2428
-2743
-2930
-2770
-2417
-2100
-1775
-1393
-1151
-1196
-1433
-1688
-1709
-2068
-2376
-2405
-2467
-2511
-2451
-2276
-2150
-2040
-1894
-1648
-1532
-1622
-1636
-1429
-1547
-2081
-2877
-3758
-4529
-5323
-6189
-6888
-7362
-7408
-6881
-6276
-5563
-4811
-3884
-2920
-2414
-2325
-2464
-2795
-3393
-4235
-5145
-5860
-6338
-6472
-6161
-5785
-5141
-4359
-3391
-2541
-1853
-1453
-1283
-1296
-1526
-1914
-2269
-2783
-3285
-3605
-3709
-3488
-3012
-2356
-1654
-834
-49
505
906
1018
970
857
732
535
415
335
308
658
1092
1361
1522
1800
2255
2582
2785
2878
2833
2474
2402
2462
2190
2164
2289
2265
2192
2186
2197
2075
1927
1758
1653
1436
1328
1185
1081
1027
986
795
655
685
755
890
1016
992
1087
1084
911
531
-10
-371
-487
-31
1002
2426
3863
5110
5879
5865
5312
4342
3078
1614
-185
-1739
-2824
-3486
-3517
-2839
-1457
250
1913
3280
3920
3933
3484
2651
1490
43
-1405
-2725
-3748
-4258
-4222
-3551
-2523
-1403
-248
830
1527
1700
1497
1015
119
-1141
-2330
-3367
-4095
-4587
-4660
-4183
-3382
-2491
-1673
-960
-295
142
49
-242
-647
-1286
-2131
-2967
-3773
-4345
-4497
-4346
-4131
-3677
-3053
-2594
-2346
-2208
-2110
-2171
-2510
-3032
-3396
-3753
-4028
-4024
-3807
-3508
-3126
-2680
-2431
-2207
-1967
-1761
-1681
-1996
-2393
-2709
-3028
-3377
-3519
-3225
-2934
-2921
-2954
-2612
-2236
-2017
-1921
-1883
-1871
-1953
-1987
-2262
-2929
-3805
-4862
-6090
-6910
-7421
-7717
-7877
-7776
-7214
-6367
-5425
-4514
-3712
-2943
-2527
-2618
-3003
-3539
-4292
-5181
-6097
-6810
-7276
-7389
-7041
-6551
-5681
-4540
-3562
-2825
-2338
-2027
-2141
-2438
-2822
-3439
-4001
-4356
-4626
-4620
-4489
-4232
-3614
-2940
-2114
-1384
-819
-531
-159
138
341
222
-2
-151
-508
-730
-513
-87
276
741
1163
1504
1755
2047
2317
2408
2473
2309
2032
1815
1729
1831
1911
1983
2050
2139
2101
2107
2027
1938
1752
1549
1417
1291
1207
994
959
899
826
972
1291
1473
1511
1489
1399
1285
929
286
-458
-948
-934
-303
807
2185
3519
4560
5075
4845
4124
3004
1643
229
-1072
-1993
-2570
-2558
-1898
-995
41
1550
2947
3838
4090
3776
3044
2045
851
-515
-1962
-3156
-3581
-3452
-2959
-1988
-755
288
1175
1972
2238
2132
1769
1236
366
-701
-1675
-2600
-2991
-2945
-2671
-2097
-1186
-244
536
1120
1499
1604
1296
811
114
-559
-1333
-2110
-2663
-2713
-2536
-2270
-1875
-1304
-800
-288
140
33
-257
-463
-729
-1169
-1718
-2028
-2230
-2361
-2253
-1919
-1531
-1152
-854
-782
-855
-1022
-1067
-1301
-1620
-1885
-1954
-1940
-1990
-2019
-1967
-1784
-1470
-1282
-1338
-1354
-1141
-887
-890
-1101
-1437
-1941
-2541
-3317
-4226
-5094
-5814
-6419
-6849
-6953
-6561
-5778
-4822
-3793
-2918
-2253
-1940
-1919
-2132
-2668
-3459
-4206
-4786
-5358
-5775
-5907
-5652
-4928
-4135
-3347
-2388
-1392
-789
-504
-439
-580
-900
-1410
-2045
-2317
-2599
-2958
-2837
-2467
-1897
-1314
-767
-5
667
1146
1412
1610
1734
1746
1471
1254
1304
1247
1238
1410
1625
1947
2378
2832
3362
3608
3746
3722
3658
3618
3463
3415
3382
3284
3320
3230
3262
3289
3407
3336
3179
2960
2726
2658
2513
2329
2119
1899
1941
2090
2225
2339
2323
2419
2391
2418
2428
2349
1971
1317
904
644
574
1068
2139
3356
4762
6075
6719
6733
6021
5101
3952
2524
1097
-228
-1109
-1470
-1231
-403
816
2121
3386
4357
4814
4745
4329
3569
2444
1108
-336
-1506
-2209
-2399
-2024
-1325
-181
881
1795
2510
2791
2826
2583
2126
1353
228
-883
-1747
-2394
-2607
-2279
-1768
-1059
-185
775
1348
1659
1917
1910
1406
723
-60
-874
-1768
-2347
-2460
-2438
-2199
-1792
-1387
-899
-298
31
119
-92
-442
-803
-1279
-1629
-1802
-1833
-1875
-1995
-1938
-1594
-1148
-767
-449
-458
-438
-512
-789
-1160
-1363
-1662
-1849
-1809
-1824
-1741
-1485
-1248
-999
-749
-667
-615
-664
-546
-378
-607
-1086
-1796
-2741
-3534
-4229
-5037
-5805
-6212
-6189
-5880
-5400
-4622
-3728
-2977
-2187
-1534
-1345
-1376
-1854
-2556
-3309
-4154
-4746
-5337
-5552
-5446
-5084
-4271
-3371
-2400
-1556
-840
-290
-230
-449
-888
-1373
-1670
-2121
-2465
-2729
-2834
-2495
-2035
-1565
-934
-107
502
753
880
1114
1457
1493
1310
984
891
829
922
1278
1600
1907
2264
2648
2847
3013
3235
3355
3355
3337
3359
3328
3210
3029
2938
2990
3010
2982
2971
2951
2770
2638
2594
2378
2133
1875
1874
1965
1852
1781
1849
1972
2041
2106
2194
2248
2101
2027
1831
1296
750
250
-75
190
1253
2624
3997
5162
6090
6342
5885
4991
3865
2537
1078
-180
-994
-1481
-1616
-1067
59
1350
2546
3621
4417
4666
4297
3471
2374
1072
-330
-1478
-2275
-2756
-2656
-2020
-1118
-65
1051
1930
2595
2778
2608
2230
1397
402
-785
-1669
-2378
-2788
-2689
-2132
-1454
-582
247
856
1401
1651
1622
1404
841
59
-837
-1645
-2229
-2520
-2507
-2292
-1762
-1323
-943
-693
-417
-125
44
-184
-563
-1061
-1319
-1566
-1758
-1935
-1813
-1642
-1560
-1395
-916
-547
-441
-386
-293
-401
-625
-1050
-1404
-1672
-1749
-1657
-1383
-1177
-1025
-770
-542
-549
-419
-234
16
-40
-380
-851
-1287
-1993
-2957
-3782
-4588
-5384
-5958
-6307
-6088
-5469
-4671
-3784
-2968
-2075
-1443
-1176
-1104
-1300
-1920
-2781
-3433
-4039
-4679
-5102
-5120
-4701
-4166
-3352
-2210
-1209
-578
-109
166
93
-97
-553
-1037
-1367
-1793
-2218
-2347
-2241
-1894
-1457
-759
101
847
1648
2085
2242
2245
2122
2066
2058
1913
1714
1653
1796
2021
2274
2618
2976
3489
3839
4008
3844
3728
3723
3811
3871
3673
3581
3426
3322
3442
3464
3486
3472
3397
3355
3261
3096
3049
2975
2687
2484
2464
2566
2516
2478
2568
2624
2664
2649
2652
2682
2607
2173
1508
848
581
885
1550
2669
4080
5438
6440
6775
6568
5885
4919
3735
2344
1024
-158
-918
-1133
-805
158
1526
2957
4056
4846
5337
5164
4405
3340
2124
873
-331
-1357
-1958
-2021
-1426
-421
500
1387
2207
2827
3178
3218
2901
2350
1523
414
-632
-1427
-1820
-1898
-1538
-924
-298
566
1429
1932
2293
2390
2174
1797
1120
317
-635
-1361
-1792
-1905
-1679
-1314
-898
-502
-131
378
741
823
544
206
-90
-427
-804
-1145
-1259
-1250
-1246
-1126
-856
-424
-114
17
79
-37
-201
-483
-787
-783
-922
-1057
-1094
-928
-841
-723
-610
-409
-229
-40
202
162
124
198
24
-461
-1285
-2345
-3345
-4114
-4802
-5410
-5741
-5582
-4946
-4306
-3585
-2716
-1991
-1233
-806
-808
-909
-1277
-1972
-2899
-3713
-4147
-4596
-4832
-4554
-3987
-3279
-2436
-1707
-840
27
458
583
426
91
-503
-1106
-1444
-1713
-1952
-2084
-1849
-1163
-379
146
676
1171
1554
1842
1854
1538
1239
1020
896
806
860
1238
1670
1950
2194
2422
2388
1794
1058
528
177
-13
57
443
989
1623
2456
3408
3964
3781
3385
2868
2144
1321
495
-113
-332
-215
461
1471
2702
3996
5075
5963
6480
6495
6050
5397
4414
3429
2670
2202
1974
1988
2476
3462
4815
6500
8116
9142
9706
9731
8952
7704
6110
4312
2681
1420
603
199
242
872
2032
3364
4480
5238
5645
5492
4868
3915
2897
1730
355
-934
-1717
-2104
-2189
-1645
-789
168
1086
1860
2406
2537
2174
1715
1013
-162
-1348
-2335
-3108
-3513
-3535
-3282
-2744
-1927
-960
-204
381
750
631
337
-122
-832
-1574
-2381
-2874
-2940
-2849
-2539
-2092
-1487
-698
-78
536
847
1075
1005
695
405
137
-13
-26
73
305
761
1018
1276
1559
1948
2099
2089
2141
2074
1689
1343
996
779
635
682
687
851
1061
1197
1457
1487
1348
1430
1476
1333
988
522
169
-210
-940
-1779
-2734
-3560
-4197
-4617
-4626
-4571
-4250
-3475
-2625
-1817
-1167
-630
-420
-446
-909
-1751
-2612
-3531
-4405
-4867
-5044
-4991
-4605
-4002
-3183
-2376
-1629
-919
-463
-390
-571
-957
-1510
-2171
-2867
-3366
-3598
-3601
-3371
-3202
-2739
-2163
-1540
-772
-240
-97
82
258
254
-105
-649
-1254
-1668
-2062
-2181
-1719
-1141
-563
123
868
1405
1524
1446
1485
1218
650
31
-520
-997
-1053
-857
-607
-239
56
590
1064
1295
1116
739
301
-229
-962
-1806
-2430
-2723
-2742
-2591
-2278
-1647
-1186
-747
-598
-812
-1376
-2349
-3498
-4730
-5451
-5351
-4607
-3300
-1618
-105
1067
1789
1836
1118
-312
-1984
-3813
-5621
-6952
-7808
-7993
-7358
-6018
-4278
-2442
-820
104
461
425
-95
-1107
-2671
-4425
-5735
-6610
-7023
-6857
-6026
-4691
-3357
-2036
-1024
-95
522
518
22
-820
-1745
-2678
-3540
-4320
-4613
-4506
-3962
-3166
-2103
-1039
-146
570
1013
1106
967
518
-172
-932
-1624
-2112
-2407
-2462
-2281
-1908
-1443
-786
-132
289
482
548
357
-17
-381
-588
-903
-1394
-1633
-1551
-1274
-950
-589
-243
56
131
133
212
43
-216
-417
-721
-931
-889
-940
-923
-683
-340
-24
187
504
715
836
870
821
786
513
-49
-632
-1353
-2213
-2924
-3421
-3778
-3855
-3586
-2926
-2032
-1239
-287
653
1269
1726
1852
1769
1335
589
-177
-737
-972
-1097
-1113
-755
-70
824
1766
2682
3369
3859
4212
4213
3825
3187
2618
2109
1523
1255
1284
1355
1577
2057
2642
3095
3685
4203
4266
4195
3978
3688
3394
3184
2927
2702
2521
2365
2603
2856
2941
3104
3398
3557
3551
3583
3625
3476
3284
3100
2940
2714
2690
2733
2583
2691
2982
3096
2868
2703
2470
2324
2163
1999
1853
1652
1640
1717
1823
1939
1947
1960
1995
2170
2152
2084
2016
1469
719
25
-634
-979
-702
75
1336
2660
3709
4438
4534
4195
3553
2694
1794
943
181
-366
-457
-6
1055
2418
3697
4583
5025
4973
4616
4082
3195
2039
1134
315
-385
-638
-439
278
1204
2170
3233
4090
4694
4918
4863
4613
3837
2769
1728
945
516
344
358
837
1624
2383
3217
3949
4414
4676
4661
4159
3424
2791
2229
1561
1027
785
759
902
1265
1729
2348
2822
3106
3317
3371
3266
2952
2464
1757
1068
736
651
636
766
767
986
1205
1510
1768
1812
1733
1591
1381
1104
920
869
796
697
668
765
945
1186
1435
1573
1700
1828
1992
1957
1953
1929
1503
810
-115
-1137
-1933
-2412
-2791
-3091
-3087
-2704
-2015
-1225
-384
522
1276
1704
1713
1559
1183
578
-212
-962
-1455
-1655
-1761
-1609
-1083
-309
647
1607
2482
2942
3219
3243
2998
2566
2026
1434
780
284
-4
-42
304
658
1140
1813
2337
2684
2936
2808
2581
2473
2128
1743
1425
1083
820
696
803
951
1081
1282
1535
1701
1725
1748
1696
1541
1304
1143
879
749
665
678
834
713
441
320
484
539
326
48
-260
-593
-720
-754
-841
-969
-1053
-985
-817
-687
-654
-613
-685
-657
-656
-797
-1062
-1310
-1336
-770
401
1710
3148
4606
5642
5938
5317
4393
2929
1105
-940
-2879
-4468
-5614
-5852
-5103
-3723
-1884
135
2016
3554
4425
4685
4020
2771
1152
-716
-2532
-4003
-5039
-5582
-5336
-4411
-3048
-1616
-351
550
1165
1511
1407
730
-384
-1605
-2966
-4171
-5036
-5517
-5469
-4987
-4194
-3183
-2110
-1185
-468
-29
-45
-361
-1003
-1806
-2479
-3043
-3641
-4070
-4311
-4322
-4065
-3530
-2929
-2521
-2205
-2035
-2013
-2001
-2354
-2748
-2838
-2828
-2783
-2685
-2359
-1873
-1466
-1161
-870
-652
-354
-258
-343
-703
-947
-1006
-1023
-968
-1033
-943
-483
-212
186
664
893
1146
1457
1575
1457
1446
1304
925
270
-791
-1725
-2248
-2917
-3477
-3666
-3692
-3246
-2558
-1851
-970
41
868
1354
1467
1342
1117
490
-400
-1225
-2041
-2673
-2916
-2726
-2280
-1722
-939
-47
848
1563
1968
1987
1645
1025
378
-280
-808
-1237
-1617
-1924
-1819
-1587
-1162
-582
155
709
1043
1132
1139
840
566
255
-54
-243
-416
-404
-303
-113
123
350
594
954
1336
1601
1567
1406
1364
1353
1211
1040
989
1021
955
999
969
1148
1262
1326
1201
974
831
564
447
415
429
210
39
168
443
643
738
750
705
637
688
662
279
-390
-1009
-1496
-1359
