-5182
-4843
-4526
-4095
-3962
-4022
-4224
-4566
-4688
-4800
-4947
-5115
-5211
-5084
-4971
-4899
-4711
-4494
-4235
-4029
-3872
-3580
-3475
-3478
-3736
-4160
-4855
-5695
-6475
-7221
-7804
-8387
-8670
-8625
-8505
-7956
-7058
-6016
-5233
-4674
-4064
-3618
-3550
-4065
-4831
-5523
-6423
-7145
-7529
-7614
-7287
-6659
-5810
-4933
-3950
-3079
-2456
-2125
-1935
-2102
-2515
-3096
-3756
-4339
-4660
-5014
-5273
-5110
-4647
-4076
-3376
-2824
-2459
-2414
-2456
-2722
-3363
-4243
-5054
-5331
-5313
-4995
-4463
-3478
-2174
-1053
-935
-1620
-2901
-4542
-6168
-8165
-10118
-11595
-12102
-11758
-10664
-9168
-7406
-5966
-5091
-4584
-4945
-5824
-7104
-8908
-10855
-12357
-13083
-12961
-12071
-10379
-8030
-5487
-3099
-1006
446
1203
1204
475
-684
-2220
-3772
-5366
-6728
-6994
-5910
-3791
-1115
1805
4160
5947
7063
6959
5674
3834
1686
-914
-3513
-5501
-6721
-7322
-7011
-5721
-3866
-1644
216
1354
1630
1120
208
-1475
-3663
-5868
-7833
-9465
-10416
-10514
-9713
-8429
-6955
-5422
-4132
-3319
-3058
-3402
-4246
-5736
-7480
-9230
-10704
-11845
-12557
-12654
-12202
-11238
-10027
-8722
-7281
-6036
-5215
-5214
-5766
-6561
-7620
-8936
-10090
-11079
-11904
-12212
-11890
-11460
-10445
-9254
-8058
-6925
-6060
-5400
-4975
-4703
-4549
-4497
-4519
-4536
-4608
-4480
-4077
-3592
-3058
-2376
-1814
-1390
-1122
-1014
-1037
-1320
-1623
-1883
-2033
-2181
-2448
-2525
-2241
-1892
-1841
-1865
-1823
-1872
-2001
-2292
-2715
-2890
-2963
-3234
-3585
-3990
-4657
-5352
-5977
-6354
-6350
-6285
-6164
-5729
-5176
-4591
-4036
-3352
-2713
-2553
-2834
-3561
-4576
-5517
-6429
-7136
-7788
-8282
-8437
-8404
-7872
-7068
-6251
-5579
-4873
-4300
-4003
-4036
-4509
-4834
-5061
-5488
-5871
-6102
-5861
-5193
-4456
-3641
-2721
-1851
-1100
-340
243
776
1131
1213
1220
991
593
-78
-838
-1831
-3125
-4341
-5173
-5149
-4150
-2466
-348
1608
3207
4262
4803
4652
3794
2325
460
-1377
-3110
-4330
-4518
-3891
-2317
-123
1800
3595
5130
6072
6205
5526
4360
2977
1372
-100
-1196
-1725
-1471
-338
1509
3566
5490
6822
7369
7463
7436
7344
7240
7188
7075
6940
6881
6802
6479
5833
5126
4268
3283
2298
1277
370
-303
-560
-166
721
1785
2755
3641
4435
4777
4775
4408
3525
2329
1005
-22
-1093
-1894
-2095
-2041
-1501
-952
-486
48
522
695
626
246
-361
-1271
-2188
-2966
-3746
-4282
-4708
-4897
-4823
-4596
-4136
-3911
-3903
-3997
-3999
-4020
-4310
-4556
-4451
-4538
-4877
-4885
-4727
-4415
-4151
-3925
-3730
-3569
-3714
-3672
-3626
-3953
-4233
-4430
-4511
-4395
-4295
-4111
-3726
-3289
-2750
-2131
-1570
-1240
-1005
-932
-1097
-1262
-1694
-2135
-2428
-2888
-3301
-3371
-3172
-2748
-2484
-2230
-1920
-1529
-1213
-1156
-1177
-1303
-1544
-2294
-3409
-4547
-5820
-7187
-8289
-9215
-9656
-9741
-9745
-9218
-8232
-7129
-6056
-5063
-4636
-4398
-4510
-5055
-5953
-7100
-8193
-9272
-9947
-10392
-10444
-10051
-9403
-8451
-7511
-6674
-6168
-5869
-5568
-5572
-6085
-6556
-7332
-7985
-8555
-8787
-8657
-8581
-8172
-7463
-6709
-5983
-5409
-4866
-4213
-3765
-3647
-3509
-3312
-3208
-3225
-3143
-2864
-2600
-2292
-1857
-1567
-1420
-1148
-892
-974
-1094
-1149
-1239
-1368
-1459
-1488
-1657
-1803
-1783
-1695
-1699
-1436
-1513
-1513
-1586
-1728
-1968
-2333
-2705
-2822
-3081
-3216
-3070
-2896
-2820
-2924
-2856
-2570
-2389
-2287
-2231
-2429
-3149
-4002
-4513
-4539
-4158
-3308
-2107
-756
122
474
373
-208
-1403
-2937
-4481
-5946
-7360
-8434
-8851
-8335
-7209
-5897
-4500
-3182
-2230
-1685
-1403
-1606
-2575
-4154
-5875
-7366
-8430
-9012
-9208
-8854
-8037
-6961
-5794
-4588
-3541
-2934
-2825
-3235
-4067
-5125
-6202
-7228
-8088
-8753
-9063
-8770
-8079
-7144
-6118
-5139
-4180
-3557
-3301
-3322
-3584
-4130
-4987
-5841
-6387
-6800
-7166
-7115
-6637
-6229
-5883
-5424
-4865
-4410
-4397
-4542
-4729
-5077
-5646
-6288
-6649
-6739
-6811
-6747
-6633
-6315
-5986
-5793
-5588
-5465
-5548
-5779
-6000
-6143
-6346
-6586
-6781
-6715
-6706
-6586
-6340
-5977
-5611
-5420
-5264
-4946
-4814
-4858
-5032
-5364
-5845
-6506
-7331
-8217
-9106
-9856
-10409
-10742
-10692
-10324
-9676
-8721
-7669
-6821
-6319
-5844
-5501
-5448
-5987
-6579
-7306
-8321
-9096
-9552
-9766
-9620
-9044
-7854
-6839
-6122
-5198
-4193
-3492
-3215
-3360
-3635
-4056
-4669
-5092
-5387
-5563
-5496
-5208
-4805
-4367
-3730
-2901
-2092
-1499
-1085
-802
-619
-580
-750
-991
-1125
-1143
-1008
-791
-395
-139
208
737
1121
1313
1551
1821
1924
1691
1553
1582
1470
1466
1638
1664
1517
1411
1382
1409
1177
950
724
626
480
323
153
41
6
107
289
575
883
898
696
699
788
769
595
112
-513
-1054
-1247
-680
359
1648
2957
4077
4815
5102
4939
4055
2894
1610
100
-1170
-2080
-2538
-2368
-1757
-706
544
1835
2983
3686
3655
3337
2737
1513
188
-991
-2211
-3052
-3315
-3097
-2440
-1375
-269
585
1323
1777
1939
1694
1156
483
-625
-1784
-2677
-3285
-3514
-3544
-3293
-2546
-1741
-883
-72
488
666
463
127
-650
-1540
-2191
-2892
-3536
-3964
-3882
-3470
-2987
-2695
-2284
-1689
-1503
-1499
-1551
-1624
-1792
-2421
-3012
-3197
-3515
-3627
-3402
-3301
-3081
-2908
-2590
-2425
-2185
-2124
-2192
-2278
-2583
-3027
-3339
-3501
-3543
-3461
-3293
-3131
-2894
-2650
-2487
-2129
-1878
-1783
-1912
-2096
-2278
-2542
-3060
-3784
-4642
-5658
-6526
-7291
-7643
-7709
-7590
-7055
-6359
-5566
-4706
-3923
-3362
-3172
-3216
-3596
-4304
-5195
-5898
-6549
-7098
-7656
-7859
-7477
-6648
-5751
-4836
-3855
-3155
-2841
-2486
-2363
-2518
-2730
-3266
-4047
-4770
-5154
-5140
-4735
-4267
-3781
-3211
-2426
-1691
-1160
-916
-880
-946
-855
-796
-945
-1072
-1275
-1468
-1456
-1122
-781
-476
-60
338
734
967
1129
1283
1166
1046
1071
994
986
835
863
977
953
1036
1115
1037
911
702
506
231
-28
-259
-482
-678
-643
-436
-344
-312
-249
-51
-4
34
100
-236
-766
-1524
-2105
-2352
-2244
-1599
-536
842
2364
3443
3802
3457
2793
1865
571
-1010
-2615
-3808
-4350
-4482
-4124
-3225
-1908
-441
963
1809
2052
1728
1077
188
-1184
-2645
-3861
-4747
-5367
-5694
-5308
-4441
-3309
-2078
-1083
-416
-168
-285
-912
-1850
-2799
-3756
-4766
-5628
-6115
-6068
-5799
-5185
-4244
-3215
-2434
-1852
-1403
-1353
-1725
-2254
-3082
-4032
-4726
-5282
-5598
-5812
-5899
-5463
-4934
-4345
-3936
-3637
-3356
-3224
-3435
-3709
-3999
-4448
-5006
-5399
-5540
-5588
-5564
-5318
-4796
-4352
-4197
-3883
-3826
-3904
-4014
-4224
-4466
-4806
-4997
-5109
-5107
-5071
-4828
-4548
-4344
-4283
-4217
-3989
-3648
-3375
-3354
-3473
-3823
-4322
-5108
-5875
-6745
-7729
-8471
-8958
-9208
-9169
-8945
-8313
-7326
-6296
-5514
-4722
-4316
-4306
-4506
-5084
-5993
-6921
-7611
-8220
-8771
-9038
-8672
-8055
-7328
-6389
-5339
-4341
-3730
-3372
-3304
-3443
-3732
-4340
-4880
-5163
-5480
-5646
-5712
-5584
-4893
-3980
-3208
-2480
-1816
-1458
-1318
-1158
-1020
-1112
-1273
-1457
-1587
-1696
-1678
-1327
-1088
-829
-494
-180
228
552
715
823
918
902
826
841
708
639
721
804
593
624
899
857
678
590
365
45
-86
-235
-244
-293
-236
-28
12
34
112
239
356
315
169
40
-331
-1132
-2065
-2791
-3096
-2868
-2068
-893
391
1482
2161
2507
2304
1634
665
-291
-1418
-2321
-2947
-3221
-2982
-2168
-1014
223
1224
1848
2160
2059
1582
711
-591
-1806
-2747
-3565
-4141
-4154
-3676
-2917
-1755
-496
461
1072
1322
1317
1092
502
-251
-1220
-2276
-3088
-3563
-3620
-3210
-2465
-1314
-313
192
507
940
1311
1109
531
-98
-745
-1491
-2157
-2561
-2756
-2703
-2429
-2066
-1415
-668
-260
-211
-202
-257
-434
-806
-1274
-1778
-2171
-2363
-2515
-2771
-2733
-2590
-2440
-2081
-1808
-1801
-1690
-1676
-1925
-2250
-2487
-2727
-2954
-3173
-3175
-2957
-2690
-2558
-2486
-2327
-2262
-2257
-2083
-1957
-1891
-2162
-2666
-3315
-4057
-4942
-6007
-6675
-7240
-7500
-7603
-7369
-6851
-6087
-5172
-4367
-3473
-2833
-2643
-2866
-3344
-3893
-4695
-5517
-6239
-6741
-6832
-6631
-5955
-4985
-4016
-3117
-2289
-1739
-1268
-1137
-1213
-1374
-1593
-2033
-2514
-2793
-2966
-2931
-2610
-2104
-1580
-1030
-266
452
937
1189
1291
1421
1409
1223
995
853
818
912
1066
1313
1617
1973
2423
2752
2871
2996
3295
3422
3308
3166
3002
2824
2670
2516
2492
2507
2510
2439
2333
2150
2088
2194
2177
1926
1624
1457
1546
1525
1363
1315
1362
1343
1411
1423
1660
1789
1508
1251
1038
749
648
850
1542
2789
4295
5599
6637
7070
6818
5975
4830
3151
1288
-531
-2028
-3056
-3512
-3185
-2191
-690
1143
2988
4435
5320
5548
5103
4180
2745
1108
-543
-1911
-2992
-3576
-3619
-2966
-1839
-694
214
1196
2094
2434
2115
1382
456
-650
-2093
-3271
-4009
-4511
-4714
-4319
-3563
-2726
-1770
-924
-283
182
333
78
-321
-904
-1834
-2681
-3381
-3853
-4068
-4081
-3982
-3642
-3334
-2998
-2805
-2649
-2593
-2641
-2905
-3288
-3486
-3524
-3637
-3663
-3525
-3350
-3128
-2686
-2182
-1941
-1758
-1854
-2127
-2282
-2554
-2797
-2752
-2811
-3010
-2994
-2731
-2340
-1933
-1558
-1185
-835
-675
-762
-960
-1167
-1451
-1723
-2288
-3069
-4054
-5035
-5737
-6247
-6741
-6960
-6661
-5950
-5279
-4514
-3701
-3058
-2613
-2157
-1971
-2352
-3200
-4151
-5032
-5905
-6512
-6927
-6933
-6587
-5982
-5109
-4187
-3425
-2832
-2481
-2189
-2105
-2314
-2801
-3577
-4253
-4656
-4960
-5160
-5124
-4697
-3901
-3037
-2430
-1885
-1393
-943
-759
-694
-717
-777
-984
-1209
-1178
-1194
-1192
-1015
-753
-367
45
399
761
934
1110
1326
1431
1353
1140
1009
950
1065
1258
1338
1392
1410
1498
1463
1324
1139
946
926
796
624
552
462
321
312
539
695
671
820
880
881
980
964
560
-116
-1035
-1692
-1864
-1538
-599
535
1688
2672
3208
3241
2645
1667
390
-928
-2024
-2986
-3688
-3677
-3057
-1994
-726
655
1910
2880
3178
2863
2142
1047
-370
-1826
-3134
-4050
-4444
-4569
-4236
-3267
-1938
-749
179
839
1177
1170
858
186
-598
-1512
-2691
-3534
-3846
-3690
-3340
-2608
-1735
-1010
-264
461
949
1148
984
420
-131
-819
-1587
-2102
-2565
-2837
-2797
-2358
-1877
-1288
-693
-257
1
157
70
-335
-806
-1162
-1378
-1654
-1919
-1959
-2084
-1915
-1651
-1469
-1326
-1067
-1049
-1150
-1456
-1708
-1999
-2254
-2379
-2732
-2828
-2615
-2466
-2173
-1889
-1757
-1821
-1679
-1430
-1401
-1553
-1572
-1954
-2567
-3275
-4285
-5164
-5902
-6441
-6885
-7246
-7089
-6764
-6224
-5345
-4370
-3463
-2951
-2612
-2536
-2870
-3434
-4027
-4658
-5357
-5986
-6390
-6367
-5923
-5365
-4581
-3732
-2695
-1846
-1167
-566
-292
-433
-865
-1309
-1769
-2242
-2483
-2525
-2325
-1943
-1390
-833
-98
650
1180
1708
2274
2620
2559
2312
2197
2137
1984
1899
1949
2076
2347
2678
3004
3406
3782
3975
4089
4063
4187
4200
4057
3878
3879
3898
3898
3752
3532
3624
3838
3873
3599
3491
3407
3137
2931
2914
2970
2861
2608
2379
2437
2546
2650
2875
2915
2863
2803
2647
2380
1690
1062
701
594
977
2035
3637
5054
6007
6559
6514
6010
5056
3837
2557
1403
271
-545
-874
-605
221
1354
2637
3893
4770
5468
5796
5208
4188
3024
1735
440
-535
-1065
-1309
-970
-261
608
1460
2380
3262
3789
3861
3459
2725
1644
673
-180
-922
-1595
-1934
-1608
-842
-61
597
1357
2074
2621
2820
2590
1969
1265
668
114
-544
-1071
-1497
-1589
-1293
-971
-545
-93
263
492
547
410
196
-255
-859
-1269
-1571
-1783
-1854
-1902
-1709
-1227
-911
-711
-500
-359
-308
-413
-510
-656
-951
-1511
-1839
-1892
-1793
-1410
-1188
-1018
-837
-701
-485
-268
-175
-204
-316
-449
-747
-1442
-2366
-3406
-4170
-5045
-5536
-5609
-5684
-5511
-5034
-4209
-3254
-2429
-1854
-1454
-1251
-1390
-1761
-2360
-3167
-3978
-4620
-5260
-5651
-5532
-5107
-4399
-3560
-2513
-1582
-952
-482
-356
-509
-668
-984
-1486
-2221
-2782
-2829
-2678
-2456
-2124
-1480
-728
-12
506
879
1130
1389
1392
1296
1173
1030
894
880
966
1112
1281
1491
1790
2064
2345
2710
3012
3223
3272
3149
2873
2796
2680
2560
2686
2737
2725
2601
2625
2676
2684
2606
2399
2246
2059
2019
1918
1794
1500
1414
1533
1666
1805
1953
1873
1918
1928
1860
1580
1122
465
-153
-407
-194
693
2029
3423
4549
5348
5534
5173
4475
3525
2146
761
-321
-1239
-2068
-2108
-1239
69
1305
2539
3519
4095
4089
3705
2930
1846
662
-603
-1760
-2736
-3180
-3032
-2368
-1406
-360
729
1559
1909
2014
1851
1356
520
-472
-1353
-2323
-3057
-3332
-3161
-2788
-2274
-1471
-416
292
621
814
860
542
-156
-771
-1549
-2127
-2636
-2878
-2869
-2733
-2385
-2023
-1721
-1338
-818
-525
-685
-868
-1062
-1433
-2042
-2444
-2765
-2934
-2878
-2610
-2392
-2082
-1704
-1418
-1321
-1273
-1256
-1345
-1551
-1868
-2204
-2288
-2172
-2088
-2065
-1933
-1815
-1541
-1292
-1127
-1036
-1114
-1003
-950
-1043
-1377
-1919
-2508
-3312
-4305
-5254
-6025
-6464
-6371
-6299
-6013
-5402
-4654
-3728
-2831
-2289
-1927
-1713
-2041
-2850
-3892
-4668
-5211
-5582
-5984
-6190
-5925
-5199
-4266
-3126
-2081
-1187
-752
-577
-497
-670
-1135
-1726
-2238
-2526
-2764
-2839
-2615
-2115
-1383
-687
-21
702
1245
1693
1843
1821
1766
1625
1457
1197
1080
1290
1585
1655
1772
2164
2635
3077
3351
3427
3490
3696
3844
3746
3644
3619
3640
3498
3440
3555
3650
3786
3689
3478
3313
3117
3048
3129
3171
3038
2925
2744
2594
2561
2536
2580
2831
3023
2996
2973
2825
2495
2029
1544
955
555
923
1663
2780
4145
5469
6501
6726
6328
5650
4702
3492
2175
966
44
-575
-839
-465
488
1772
3042
4324
5184
5366
5102
4534
3665
2409
1182
49
-1067
-1777
-1699
-1298
-408
749
1757
2641
3256
3542
3426
2989
2326
1305
332
-551
-1277
-1693
-1723
-1386
-669
199
1074
1704
2074
2396
2523
2257
1773
1078
299
-549
-1266
-1570
-1518
-1314
-915
-625
-371
128
533
837
867
633
381
-77
-626
-988
-1223
-1275
-1248
-1276
-1032
-631
-227
26
214
268
104
223
139
-292
-610
-795
-931
-925
-714
-334
-106
68
111
95
212
545
656
552
438
148
-230
-783
-1765
-2943
-3802
-4220
-4697
-4931
-4867
-4510
-4005
-3296
-2390
-1595
-866
-486
-415
-632
-1134
-1880
-2651
-3302
-3908
-4363
-4655
-4402
-3867
-3088
-2046
-1109
-342
294
656
712
533
272
-149
-672
-1186
-1585
-1775
-1669
-1388
-971
-379
348
897
1419
1901
2190
2193
1898
1559
1284
1080
910
996
1455
2033
2462
2812
2948
2719
2185
1553
943
490
253
186
494
1016
1687
2632
3545
4161
4190
3949
3520
2745
1849
900
155
31
342
1063
2019
3286
4612
5753
6692
7049
7067
6720
6113
5186
4229
3522
2901
2437
2270
2668
3719
5186
6617
8187
9494
10112
9903
8980
7664
6145
4567
2970
1697
847
453
584
1207
2335
3690
4917
5657
5933
5779
5128
4184
3009
1715
374
-671
-1449
-1831
-1645
-1162
-357
584
1374
1956
2330
2474
2165
1572
726
-162
-1244
-2253
-3014
-3392
-3463
-3220
-2746
-2044
-1160
-475
27
359
476
356
67
-618
-1448
-2088
-2488
-2643
-2688
-2551
-2071
-1445
-776
-35
585
788
757
631
463
154
-214
-354
-396
-435
-405
-171
373
937
1322
1421
1427
1464
1487
1302
1094
877
699
346
15
83
235
388
427
601
904
1014
807
798
940
1022
978
564
90
-597
-1426
-2302
-3076
-3722
-4424
-4820
-4956
-4833
-4497
-3908
-3226
-2508
-1774
-1137
-857
-1054
-1613
-2474
-3437
-4216
-5037
-5486
-5763
-6002
-5615
-4852
-3916
-2954
-2311
-1824
-1503
-1434
-1553
-1836
-2198
-2825
-3516
-4073
-4343
-4243
-4037
-3603
-2963
-2481
-2078
-1478
-815
-560
-474
-328
-440
-755
-1360
-1984
-2376
-2663
-2574
-2211
-1704
-1134
-337
384
887
1088
1181
1032
576
32
-679
-1190
-1318
-1427
-1419
-1088
-600
-16
458
711
816
665
235
-308
-846
-1587
-2284
-2986
-3219
-3097
-2904
-2527
-2006
-1585
-1253
-1100
-1161
-1718
-2827
-4054
-5169
-5857
-5918
-5274
-3961
-2077
-392
738
1269
1059
337
-860
-2566
-4379
-6035
-7439
-8350
-8309
-7540
-6305
-4741
-2984
-1396
-182
315
203
-541
-1635
-2986
-4394
-5544
-6634
-7157
-6862
-6076
-4940
-3700
-2380
-1124
-343
79
75
-285
-1096
-2088
-3063
-3899
-4667
-4860
-4558
-4135
-3272
-2211
-1161
-203
627
1179
1265
925
358
-339
-1065
-1631
-2188
-2527
-2510
-2191
-1820
-1365
-800
-152
459
666
528
286
-114
-494
-836
-1143
-1416
-1703
-1758
-1454
-1199
-892
-569
-166
128
179
27
-20
-198
-622
-915
-1079
-1000
-779
-561
-268
-24
219
333
552
865
931
1015
1071
1016
734
235
-318
-977
-1640
-2400
-2989
-3247
-3113
-2732
-2091
-1502
-499
419
1086
1791
2106
2156
2053
1525
840
203
-370
-807
-922
-845
-502
158
1061
2051
2802
3573
4182
4404
4271
4023
3592
3167
2666
2108
1594
1463
1715
2020
2461
2973
3336
3726
4138
4347
4404
4310
3911
3582
3513
3381
3137
2759
2667
3001
3205
3344
3473
3748
4007
3887
3672
3726
3683
3644
3668
3493
3197
3049
3090
3180
3247
3311
3479
3508
3309
3079
2923
2704
2525
2367
2303
2342
2437
2535
2567
2594
2663
2742
2802
2803
2619
2388
1933
1371
798
302
216
727
1829
2937
4115
5148
5797
5755
5280
4495
3510
2431
1334
397
-23
153
801
1882
3018
4041
5090
5856
6061
5780
5116
4264
3391
2257
913
-10
-351
-65
522
1223
2221
3311
4182
4937
5208
5066
4706
4035
3173
2052
1066
393
93
235
648
1305
2121
2855
3641
4177
4367
4431
4172
3595
2946
2234
1454
1054
837
586
583
1051
1557
2054
2611
2969
3137
3287
3071
2807
2199
1721
1282
1031
919
722
802
1152
1461
1840
1973
2132
2283
2296
2049
1843
1695
1505
1223
1036
1082
1249
1393
1575
1853
2137
2192
2203
2305
2449
2590
2655
2458
1944
1186
269
-543
-1127
-1747
-2220
-2392
-2393
-2157
-1557
-923
2
1011
1566
1877
2007
1894
1515
891
40
-821
-1494
-1802
-2048
-1844
-1198
-407
505
1429
2226
2741
3021
3095
2713
2189
1675
1013
418
-105
-350
-330
-180
145
581
1061
1579
1990
2068
2157
2287
2062
1650
1242
1022
783
498
235
186
480
742
1021
1224
1245
1297
1423
1305
1118
1024
884
797
757
397
207
329
384
512
492
312
222
129
-54
-252
-233
-425
-743
-900
-1018
-990
-1031
-947
-747
-645
-693
-809
-623
-709
-1066
-1615
-2079
-2269
-1962
-1095
2
1401
2811
3832
4457
4292
3424
2047
346
-1296
-2855
-4164
-4947
-5273
-4831
-3631
-2077
-332
1239
2484
3181
3099
2559
1724
447
-1083
-2703
-3915
-4745
-5265
-4971
-4168
-2858
-1536
-630
81
724
1084
902
183
-898
-2120
-3249
-4264
-4952
-5150
-4998
-4354
-3473
-2536
-1610
-725
-102
197
159
-72
-638
-1463
-2257
-3018
-3678
-4078
-4009
-3696
-3432
-3035
-2671
-2042
-1649
-1416
-1368
-1551
-1886
-2293
-2491
-2584
-2543
-2573
-2417
-2066
-1744
-1303
-938
-783
-710
-620
-569
-532
-889
-1168
-1274
-1251
-1001
-943
-797
-551
-294
-42
165
398
672
985
1127
1057
760
428
-132
-944
-1874
-2794
-3384
-3683
-3927
-3859
-3515
-2888
-2200
-1465
-493
241
822
989
814
389
-221
-965
-1691
-2317
-2813
-2851
-2867
-2579
-1818
-799
185
1022
1711
2000
1871
1718
1346
810
255
-406
-993
-1476
-1708
-1673
-1294
-715
-105
414
779
1119
1261
1252
1206
1014
818
420
98
-122
-103
-82
39
259
431
720
1010
1356
1501
1526
1480
1380
1304
1214
1047
976
1070
1086
1164
1262
1238
1325
1262
1139
874
780
801
794
637
408
251
268
353
501
527
641
831
743
558
446
392
142
-231
-547
-560
-154
