-5003
-4750
-4318
-3922
-3801
-3900
-4096
-4130
-4098
-4299
-4693
-5035
-5040
-4703
-4505
-4388
-4182
-3892
-3622
-3352
-3199
-3068
-2953
-2994
-3247
-3709
-4444
-5175
-5915
-6752
-7455
-7937
-8235
-8156
-7679
-7064
-6431
-5778
-4958
-4154
-3401
-3265
-3658
-4018
-4577
-5263
-5962
-6522
-6888
-7095
-7005
-6361
-5344
-4353
-3384
-2469
-1889
-1740
-1866
-2081
-2326
-2952
-3683
-4305
-4828
-5135
-4979
-4815
-4529
-4046
-3445
-3173
-2839
-2558
-2567
-2965
-3522
-4174
-4869
-5409
-5566
-5123
-4241
-3177
-1964
-1036
-904
-1561
-2723
-4316
-6319
-8316
-10086
-11322
-11774
-11508
-10659
-9281
-7639
-6167
-4876
-4211
-4511
-5704
-7369
-9154
-10965
-12580
-13430
-13126
-12050
-10400
-8241
-5669
-3141
-1153
298
1111
1267
583
-703
-2163
-3639
-5219
-6681
-7247
-6558
-4895
-2446
388
3153
5336
6519
6454
5651
4135
2093
-15
-2269
-4245
-5605
-6090
-5827
-4764
-3130
-1523
-137
653
800
340
-888
-2613
-4591
-6586
-8368
-9589
-10338
-10131
-9237
-8021
-6525
-5051
-3788
-3203
-3107
-3624
-4458
-5753
-7459
-9122
-10546
-11557
-12128
-11922
-11265
-10299
-9085
-7699
-6394
-5376
-4922
-4975
-5384
-6254
-7357
-8636
-9962
-11049
-11584
-11611
-11341
-10635
-9454
-8124
-6853
-5819
-4927
-4291
-3837
-3588
-3601
-3787
-3851
-3832
-3928
-3831
-3577
-3110
-2543
-1921
-1546
-1256
-987
-913
-950
-1105
-1227
-1432
-1752
-1995
-2016
-1797
-1709
-1807
-1991
-2103
-2200
-2293
-2391
-2571
-2726
-2807
-2901
-3167
-3751
-4476
-5152
-5773
-6328
-6827
-6965
-6954
-6620
-6091
-5746
-5166
-4409
-3678
-3149
-3185
-3453
-3905
-4759
-5834
-6678
-7279
-7960
-8425
-8538
-8342
-7768
-6970
-6164
-5520
-4887
-4372
-3946
-3846
-4174
-4774
-5327
-5400
-5483
-5439
-5181
-4530
-3752
-3036
-2168
-1326
-451
295
861
1141
1389
1563
1664
1769
1390
563
-252
-1296
-2385
-3374
-4144
-4130
-3332
-1935
54
2076
3705
4841
5337
5337
4634
3308
1345
-782
-2581
-3786
-4027
-3225
-1781
126
2135
4027
5516
6375
6375
5768
4750
3255
1447
-67
-1044
-1498
-1296
-276
1436
3339
5113
6461
7135
7156
6850
6308
5934
5864
6071
6426
6662
6703
6680
6415
5970
5187
4061
3054
1968
848
38
-89
143
732
1577
2683
3614
4325
4770
4748
4130
3166
2246
1213
96
-919
-1543
-1756
-1720
-1285
-567
64
681
1403
1616
1570
1164
656
-158
-1098
-1941
-2875
-3641
-3864
-4057
-4053
-3822
-3531
-3240
-3196
-3283
-3264
-3262
-3524
-3900
-4193
-4402
-4626
-4640
-4552
-4404
-4067
-3715
-3330
-3200
-3118
-3134
-3317
-3424
-3550
-3867
-4131
-4106
-4034
-3796
-3512
-3190
-2577
-2024
-1648
-1341
-956
-819
-1061
-1264
-1600
-2107
-2484
-2776
-3048
-3281
-3403
-3476
-3359
-3134
-2759
-2269
-1852
-1627
-1577
-1580
-2052
-2923
-4008
-5177
-6430
-7750
-8855
-9663
-10045
-10217
-10186
-9682
-8797
-7716
-6719
-5884
-5259
-4993
-5094
-5712
-6474
-7455
-8384
-9195
-9878
-10279
-10190
-9726
-9253
-8378
-7416
-6618
-6037
-5810
-5775
-5942
-6361
-6900
-7425
-7757
-8136
-8337
-8251
-7969
-7518
-6842
-6170
-5657
-5146
-4702
-4331
-4008
-3728
-3442
-3256
-3165
-3128
-2957
-2572
-2320
-2114
-1715
-1308
-1024
-817
-748
-658
-752
-839
-1031
-1178
-1266
-1592
-1769
-1866
-1906
-1836
-1719
-1635
-1684
-1669
-1789
-1972
-2269
-2501
-2644
-2860
-3188
-3301
-3139
-3186
-3120
-2980
-2837
-2630
-2525
-2501
-2630
-2992
-3548
-4095
-4545
-4722
-4217
-3192
-1875
-663
255
567
351
-291
-1281
-2762
-4400
-5862
-7219
-8193
-8562
-8192
-7165
-5924
-4469
-3211
-2135
-1520
-1553
-2115
-3183
-4508
-5938
-7449
-8684
-9360
-9486
-9008
-7940
-6829
-5535
-4351
-3555
-2971
-2727
-2990
-3741
-4774
-6041
-7156
-8012
-8650
-8798
-8572
-7954
-6905
-5887
-5115
-4500
-3873
-3449
-3460
-3821
-4500
-5099
-5835
-6570
-7077
-7314
-7270
-7119
-6806
-6172
-5556
-5149
-4875
-4727
-4746
-5003
-5501
-5905
-6377
-6693
-6774
-6955
-7008
-6806
-6435
-6203
-6094
-5905
-5879
-5903
-5986
-6129
-6382
-6660
-7009
-7183
-7265
-7243
-7008
-6578
-6295
-6044
-5765
-5394
-5095
-4980
-4932
-5063
-5341
-5778
-6563
-7542
-8548
-9311
-9920
-10542
-10900
-11066
-10818
-10133
-9217
-8285
-7394
-6366
-5561
-5390
-5704
-6158
-6821
-7587
-8473
-9182
-9575
-9779
-9512
-8887
-7934
-6872
-5867
-4984
-4256
-3560
-3251
-3460
-3885
-4415
-4782
-5215
-5643
-5875
-5807
-5406
-4739
-4155
-3386
-2617
-2145
-1816
-1453
-1087
-947
-925
-983
-992
-1061
-1202
-1237
-1084
-730
-368
114
594
895
1270
1536
1404
1295
1368
1442
1235
1103
1113
998
982
1023
1076
1046
957
889
766
559
359
166
51
-115
-208
-175
134
226
193
338
529
697
737
766
772
669
63
-851
-1401
-1265
-665
284
1578
2963
4028
4889
5270
4905
3999
2806
1388
-65
-1285
-2241
-2769
-2626
-1899
-843
445
1658
2674
3356
3445
2912
2070
942
-262
-1534
-2753
-3548
-3900
-3647
-2876
-1738
-315
706
1329
1745
1869
1695
1089
104
-1062
-2224
-3182
-3879
-4100
-3731
-3180
-2686
-1755
-700
-146
225
424
242
-173
-725
-1512
-2328
-3117
-3761
-4163
-4121
-3821
-3424
-2851
-2132
-1648
-1472
-1352
-1507
-1781
-1997
-2514
-3035
-3352
-3525
-3645
-3595
-3453
-3171
-2795
-2344
-1949
-1766
-2020
-2248
-2297
-2539
-2958
-3283
-3284
-3134
-3126
-3136
-2958
-2723
-2485
-2314
-2313
-2233
-2011
-1908
-1953
-2140
-2457
-3053
-3909
-4935
-5990
-6832
-7377
-7620
-7993
-8036
-7435
-6555
-5727
-4776
-3904
-3360
-3084
-3035
-3359
-4107
-5015
-5791
-6361
-7013
-7395
-7418
-6955
-6201
-5352
-4449
-3712
-3045
-2568
-2529
-2492
-2646
-2988
-3340
-3785
-4411
-4988
-5061
-4741
-4297
-3827
-3203
-2470
-1794
-1279
-977
-929
-1026
-1164
-1060
-975
-1192
-1467
-1472
-1312
-1028
-552
-168
347
680
935
938
1031
1160
1164
1107
1012
928
896
858
897
865
755
765
778
740
627
470
197
-18
-186
-329
-421
-529
-534
-621
-655
-584
-372
-277
-267
-171
-151
-395
-848
-1577
-2205
-2498
-2322
-1458
-178
1222
2465
3453
3853
3625
2850
1695
412
-1019
-2410
-3504
-4298
-4431
-4030
-3117
-1717
-416
706
1586
2014
1757
945
-120
-1571
-3145
-4432
-5299
-5779
-5904
-5334
-4308
-3131
-1891
-995
-429
-145
-346
-863
-1672
-2751
-3887
-5027
-5800
-6135
-5946
-5471
-4777
-3896
-2888
-2147
-1656
-1374
-1268
-1415
-2006
-2969
-3905
-4790
-5482
-5736
-5657
-5491
-5371
-5019
-4459
-3645
-3049
-2916
-2745
-2899
-3551
-4203
-4502
-4747
-4997
-5226
-5463
-5230
-4914
-4518
-4019
-3744
-3634
-3567
-3558
-3713
-3954
-4114
-4265
-4630
-4938
-4960
-4873
-4765
-4560
-4327
-4098
-3952
-3734
-3560
-3460
-3445
-3690
-3995
-4511
-5076
-5930
-7116
-8117
-8859
-9396
-9639
-9626
-9176
-8329
-7461
-6596
-5751
-5061
-4658
-4768
-4994
-5512
-6094
-6751
-7712
-8607
-9038
-8937
-8525
-7840
-6933
-5857
-4927
-4190
-3642
-3310
-3204
-3398
-3721
-4276
-4746
-5242
-5678
-5810
-5625
-5135
-4511
-3873
-3278
-2617
-1956
-1572
-1329
-1146
-1110
-1257
-1360
-1396
-1475
-1517
-1410
-1128
-736
-371
-77
155
461
927
1242
1368
1299
1234
1239
1176
914
842
825
821
887
987
1175
1231
1104
946
774
505
225
85
62
119
50
-129
-235
-149
-2
212
366
362
409
263
-133
-967
-2001
-3075
-3681
-3545
-2806
-1748
-548
626
1461
1687
1359
771
99
-765
-1741
-2544
-2889
-2862
-2546
-1805
-784
333
1183
1720
1828
1536
872
4
-955
-2053
-3138
-3918
-4165
-3867
-3175
-2218
-1239
-110
789
1480
1814
1735
1401
887
73
-989
-1751
-2386
-2803
-2647
-2105
-1345
-682
-80
625
1337
1708
1614
1363
897
332
-485
-1278
-1821
-2069
-2201
-2134
-1860
-1329
-696
-137
338
703
677
442
160
-363
-1093
-1842
-2339
-2669
-2817
-2876
-2898
-2830
-2605
-2343
-2251
-2046
-1995
-2126
-2416
-2670
-2912
-3095
-3271
-3356
-3426
-3534
-3324
-2985
-2857
-2796
-2821
-3003
-2989
-2935
-2819
-2968
-3411
-3929
-4692
-5701
-6660
-7379
-7899
-8119
-8158
-8122
-7626
-6699
-5697
-4703
-3874
-3397
-3181
-3330
-3672
-4263
-4912
-5694
-6281
-6575
-6933
-6870
-6238
-5189
-4282
-3556
-2595
-1744
-1302
-1111
-996
-1119
-1526
-2084
-2563
-2856
-3094
-3154
-2719
-2100
-1467
-911
-102
832
1356
1499
1538
1576
1559
1470
1336
1186
963
994
1142
1289
1391
1619
1966
2417
2646
2655
2648
2650
2652
2695
2643
2476
2155
2000
1905
1920
2004
2040
2106
1993
1693
1484
1234
1049
1018
828
724
874
952
888
629
567
600
641
658
935
1024
815
448
245
517
1259
2452
3784
5143
6384
7308
7574
7216
6355
4852
2727
458
-1565
-3196
-4171
-4456
-3997
-2781
-1002
1201
3205
4943
6032
6152
5551
4464
2666
556
-1346
-3027
-4085
-4497
-4439
-3755
-2515
-1113
167
1253
1952
2148
1987
1231
114
-1343
-2876
-4198
-5089
-5628
-5665
-5278
-4600
-3558
-2585
-1697
-889
-471
-492
-718
-1146
-1968
-2854
-3645
-4370
-4828
-5045
-5155
-5097
-4696
-4413
-4117
-3606
-3322
-3316
-3561
-3715
-3892
-4161
-4265
-4335
-4215
-3983
-3736
-3299
-2772
-2315
-2146
-1911
-1704
-1791
-1964
-2215
-2661
-3078
-3113
-2927
-2569
-2246
-1955
-1575
-1309
-1010
-764
-598
-432
-515
-812
-1139
-1678
-2205
-2962
-3831
-4706
-5471
-6057
-6537
-6629
-6198
-5594
-4883
-4155
-3284
-2512
-1932
-1678
-1849
-2246
-2857
-3668
-4727
-5740
-6552
-6945
-6836
-6500
-5949
-4967
-4069
-3222
-2588
-2124
-2001
-2138
-2570
-3024
-3719
-4513
-5046
-5196
-5174
-5179
-4828
-4161
-3654
-3177
-2471
-1843
-1326
-949
-980
-810
-777
-1005
-1274
-1330
-1188
-923
-647
-379
-73
194
373
865
1347
1459
1468
1654
1791
1767
1691
1694
1712
1638
1541
1623
1861
1902
1711
1678
1643
1531
1562
1456
1191
1156
1322
1234
1246
1248
1261
1249
1441
1451
1432
1451
1386
1024
341
-321
-1090
-1510
-1295
-518
591
1786
2540
2960
3117
2520
1361
-48
-1278
-2204
-2789
-3135
-3125
-2555
-1462
-143
1268
2379
3033
3233
2913
2102
988
-438
-1919
-3231
-4218
-4681
-4592
-4014
-3220
-1962
-530
698
1546
1915
1944
1507
616
-217
-1043
-1859
-2560
-2979
-2955
-2422
-1629
-693
245
987
1612
1956
2054
1822
1464
748
-185
-774
-1303
-1657
-1784
-1648
-1631
-1285
-453
266
658
927
1031
946
614
357
82
-483
-1017
-1272
-1222
-1229
-1271
-1286
-1118
-774
-581
-590
-880
-1168
-1420
-1640
-1897
-2178
-2374
-2508
-2533
-2506
-2324
-2056
-1866
-1632
-1722
-1755
-1813
-1887
-2034
-2404
-2937
-3515
-4347
-5369
-6267
-6879
-7496
-7716
-7724
-7353
-6611
-5827
-4956
-4058
-3293
-2956
-3011
-3132
-3560
-3993
-4790
-5761
-6426
-6788
-6705
-6336
-5639
-4795
-3651
-2622
-1699
-922
-605
-506
-593
-858
-1269
-1783
-2138
-2518
-2754
-2451
-2067
-1490
-719
137
964
1514
1863
2170
2281
2149
2199
2205
2079
2049
2026
2121
2340
2644
2893
3129
3362
3572
3879
3925
3988
4089
4027
3810
3661
3584
3556
3578
3599
3627
3510
3399
3284
3202
2999
2769
2588
2367
2204
1980
1858
1973
2078
1962
1853
1962
2033
2054
2097
2007
1841
1460
817
180
-189
-105
385
1532
3038
4503
5646
6083
5911
5397
4607
3411
1919
642
-359
-1116
-1237
-970
-310
902
2370
3561
4473
5016
5064
4511
3514
2343
1060
-231
-1279
-1915
-1950
-1483
-614
332
1403
2342
2937
3386
3366
2985
2423
1573
484
-673
-1585
-2184
-2273
-1646
-984
-535
119
891
1665
1985
2111
2009
1513
796
49
-701
-1314
-1771
-2087
-2273
-2155
-1662
-1147
-705
-290
-123
-112
-95
-295
-541
-1009
-1743
-2289
-2519
-2578
-2566
-2470
-2007
-1492
-1233
-944
-844
-804
-948
-1128
-1301
-1530
-1766
-2010
-2141
-2147
-1894
-1679
-1772
-1494
-1168
-1031
-968
-892
-794
-905
-1234
-1613
-2207
-2803
-3878
-4826
-5318
-5875
-6191
-6259
-6021
-5554
-4936
-4131
-3234
-2422
-1819
-1412
-1417
-1766
-2622
-3583
-4343
-4847
-5233
-5449
-5218
-4728
-3837
-3029
-2323
-1486
-794
-390
-376
-519
-739
-1163
-1910
-2514
-2980
-3121
-2970
-2676
-2283
-1661
-868
-98
549
1121
1449
1446
1440
1271
1161
1152
955
841
960
1140
1382
1694
1883
2030
2295
2665
3005
3151
3220
3020
3012
2993
2799
2688
2623
2618
2648
2667
2729
2762
2615
2341
2202
2125
2030
1867
1610
1617
1695
1573
1624
1846
2031
2021
1964
1950
2138
2221
1837
1278
589
21
-59
409
1365
2584
4009
5144
5840
5975
5691
4940
3831
2655
1204
-208
-1176
-1634
-1466
-839
130
1332
2707
3676
4249
4501
4140
3219
1982
589
-569
-1697
-2481
-2874
-2684
-2027
-924
243
1292
2275
2693
2768
2527
1840
856
-224
-1370
-2256
-2768
-3046
-2943
-2481
-1912
-1001
51
1046
1668
1769
1478
1088
472
-351
-1297
-2042
-2368
-2530
-2704
-2605
-2088
-1609
-1090
-740
-276
-90
-236
-565
-944
-1391
-1788
-2037
-2245
-2463
-2376
-2014
-1631
-1318
-1036
-979
-823
-717
-728
-783
-1039
-1347
-1544
-1637
-1676
-1680
-1553
-1260
-1119
-931
-829
-708
-579
-484
-509
-572
-590
-891
-1374
-2283
-3387
-4215
-4831
-5394
-5970
-6084
-5846
-5450
-4873
-4116
-3103
-2212
-1606
-1449
-1525
-1781
-2261
-2990
-3948
-4628
-5069
-5352
-5267
-4853
-4322
-3679
-2632
-1757
-1127
-699
-402
-350
-557
-930
-1408
-1897
-2170
-2317
-2216
-2147
-1807
-1256
-589
75
601
1227
1708
1818
1772
1778
1739
1611
1324
1140
1364
1552
1717
2007
2341
2762
3097
3301
3445
3608
3766
3720
3669
3578
3467
3453
3481
3493
3254
3050
3197
3331
3276
3097
2899
2828
2739
2548
2447
2374
2354
2200
2038
2133
2355
2519
2631
2762
2733
2604
2436
1919
1297
757
388
510
1181
2499
4003
5436
6346
6573
6236
5341
4315
3103
1824
693
-269
-958
-1241
-860
277
1652
3032
4110
4691
4848
4740
4075
2879
1582
441
-719
-1554
-1992
-2080
-1598
-637
517
1552
2408
3129
3358
3123
2706
1916
982
-86
-1151
-1725
-1948
-1858
-1604
-1017
-72
752
1417
1966
2252
2086
1766
1372
787
-68
-952
-1574
-1864
-2003
-2003
-1613
-1110
-563
-86
233
498
529
405
86
-406
-902
-1355
-1471
-1725
-1815
-1608
-1305
-985
-720
-228
136
141
73
-242
-679
-860
-936
-1146
-1203
-1204
-1114
-1008
-853
-710
-552
-331
-89
112
288
118
-169
-422
-820
-1441
-2357
-3122
-3804
-4484
-5185
-5556
-5466
-5007
-4358
-3570
-2690
-1966
-1353
-938
-931
-1223
-1567
-2227
-3025
-3848
-4587
-4804
-4745
-4442
-3722
-2862
-1980
-1273
-526
13
404
543
191
-362
-755
-1024
-1402
-1846
-1946
-1868
-1416
-832
-201
500
1160
1562
2026
2176
2029
1820
1476
1034
781
897
1120
1504
1980
2565
2959
2979
2806
2502
1774
1001
413
157
321
592
1116
1826
2438
3123
3723
4019
3790
3210
2390
1487
732
276
36
235
907
1838
2996
4343
5466
6244
6691
6708
6157
5381
4692
3997
3228
2588
2273
2264
2734
3898
5371
7086
8651
9859
10422
10254
9360
8071
6401
4509
2823
1552
536
107
318
1229
2477
3778
4990
5816
5934
5733
5133
4045
2668
1340
20
-995
-1550
-1784
-1717
-1137
-253
716
1666
2411
2893
2888
2476
1755
835
-197
-1236
-2073
-2733
-3198
-3256
-2987
-2377
-1686
-804
-111
358
539
597
536
93
-665
-1464
-2271
-2771
-2872
-2726
-2364
-1937
-1423
-794
-54
337
712
905
1038
842
466
60
-261
-410
-387
-59
548
950
1320
1548
1764
1979
2043
1935
1691
1288
953
777
683
806
776
746
626
607
655
886
1229
1391
1276
1140
1032
831
542
223
-499
-1402
-2214
-2892
-3660
-4371
-4879
-4969
-4800
-4330
-3795
-3114
-2259
-1610
-1200
-823
-842
-1400
-2019
-2807
-3652
-4414
-4979
-5315
-5279
-4929
-4098
-3288
-2467
-1821
-1297
-884
-782
-976
-1592
-2182
-2746
-3418
-3823
-4137
-4106
-3824
-3414
-2891
-2344
-1721
-1123
-465
-106
-60
-162
-401
-651
-1113
-1657
-2092
-2273
-2269
-2099
-1670
-1088
-140
518
1039
1306
1433
1178
507
-59
-505
-867
-1284
-1618
-1668
-1263
-651
-153
325
736
875
810
590
65
-766
-1614
-2231
-2764
-3256
-3203
-2914
-2529
-1888
-1372
-1134
-1065
-1241
-1878
-2853
-4017
-5075
-5769
-5780
-5105
-3833
-2141
-488
771
1271
989
107
-1232
-2792
-4470
-6073
-7434
-8250
-8393
-7727
-6336
-4721
-2892
-1319
-344
109
-136
-989
-2240
-3613
-5070
-6399
-7109
-7223
-6822
-6193
-5042
-3531
-2199
-1069
-249
147
191
-299
-1101
-2083
-3038
-3937
-4559
-4801
-4659
-4089
-3359
-2249
-977
75
715
1000
1072
642
149
-389
-1004
-1807
-2376
-2715
-2832
-2640
-2117
-1553
-956
-407
-45
179
315
288
-143
-620
-1045
-1427
-1721
-1843
-1768
-1626
-1235
-657
-115
84
227
274
149
-98
-372
-613
-746
-905
-1119
-1201
-992
-568
-272
57
299
423
699
828
858
892
881
599
13
-805
-1520
-2159
-2965
-3542
-3794
-3588
-3182
-2597
-1782
-962
37
916
1490
1930
2108
1758
1077
509
-63
-634
-977
-1034
-813
-332
314
1235
2182
2984
3534
3932
4165
4054
3829
3327
2749
2302
1904
1534
1430
1600
1957
2338
2812
3349
3855
4278
4423
4437
4206
3905
3687
3398
3038
2843
2728
2661
2790
3077
3307
3450
3514
3622
3773
3747
3702
3520
3419
3295
3158
3128
3033
3035
3064
3171
3126
3012
2893
2830
2640
2508
2345
2137
2003
1904
1875
1836
1753
1852
2137
2179
2040
2046
2175
2339
2331
2006
1327
692
457
728
1502
2773
4154
5425
6518
7094
6789
5904
4877
3765
2643
1315
142
-249
-97
371
1190
2405
3817
4911
5683
6041
5810
5197
4302
3166
1921
759
-128
-644
-602
48
989
2023
3094
4099
4666
4926
4751
4198
3476
2673
1664
591
-224
-642
-465
62
660
1421
2253
2865
3355
3675
3716
3520
2958
2274
1569
879
409
23
-316
-142
281
632
1132
1603
2049
2221
2251
2208
1900
1563
1162
787
549
454
579
869
1084
1410
1794
2077
2255
2344
2393
2223
1933
1576
1347
1224
1223
1387
1496
1769
2020
2146
2148
2286
2514
2808
2995
2961
2729
2451
2046
1500
657
-144
-889
-1374
-1893
-2256
-2201
-1956
-1351
-439
529
1357
1849
2103
2336
2251
1822
987
304
-352
-862
-1147
-1265
-923
-410
117
714
1567
2303
2772
3045
2953
2674
2258
1657
843
113
-389
-520
-420
-183
87
472
984
1568
1858
1920
1978
1893
1780
1693
1309
888
516
271
211
274
499
850
1160
1354
1496
1568
1582
1475
1383
1181
985
972
1043
942
804
741
785
853
784
735
595
403
173
29
-54
-175
-395
-523
-680
-544
-471
-590
-591
-511
-319
-317
-338
-316
-680
-1412
-2188
-2432
-2329
-1910
-915
591
2302
3503
4005
3942
3481
2526
1191
-308
-1690
-2844
-3606
-3902
-3722
-2978
-1630
-332
966
1933
2454
2498
2050
1294
-81
-1540
-2877
-3983
-4617
-4724
-4283
-3289
-2232
-1059
-39
687
976
1112
858
209
-664
-1753
-2817
-3668
-4195
-4184
-3775
-3085
-2297
-1374
-444
198
437
659
662
371
-215
-1108
-1799
-2370
-2777
-3050
-3064
-2730
-2365
-2023
-1502
-865
-366
-191
-365
-760
-1125
-1533
-1847
-1985
-2119
-2281
-2237
-1853
-1348
-1022
-615
-298
-39
5
-160
-414
-654
-859
-862
-957
-892
-623
-406
-311
-198
86
173
280
371
403
481
456
432
100
-427
-1112
-2018
-2850
-3543
-3941
-4085
-4186
-4070
-3518
-2652
-1853
-1091
-337
181
396
563
386
-244
-1042
-1742
-2314
-2814
-3155
-2902
-2199
-1389
-453
430
1203
1770
2145
2356
2073
1472
874
157
-403
-867
-1098
-1021
-908
-618
-112
462
998
1263
1683
1778
1736
1795
1616
1260
772
429
277
287
404
561
766
987
1241
1553
1777
1771
1567
1401
1462
1534
1464
1379
1289
1204
1238
1284
1256
1119
1018
1138
1042
884
854
640
393
177
108
186
175
208
284
229
384
640
594
440
500
438
150
-80
-12
463
1282
