-5451
-5236
-4875
-4709
-4525
-4521
-4658
-4773
-4956
-5108
-5427
-5758
-5737
-5677
-5636
-5307
-5106
-4973
-4739
-4584
-4409
-4294
-4255
-4284
-4491
-5012
-5591
-6337
-7142
-8005
-8751
-9237
-9603
-9487
-9106
-8534
-7788
-7044
-6163
-5261
-4583
-4347
-4342
-4467
-4981
-5688
-6436
-7086
-7575
-7599
-7289
-6780
-5726
-4591
-3556
-2763
-2226
-1825
-1576
-1569
-2036
-2771
-3549
-4171
-4529
-4844
-4879
-4569
-4229
-3888
-3154
-2410
-2082
-1927
-1957
-2261
-2932
-3734
-4481
-4929
-5139
-4971
-4193
-3085
-1671
-832
-803
-1514
-2686
-4243
-6344
-8431
-10188
-11373
-11899
-11801
-10835
-9404
-7919
-6505
-5459
-5116
-5394
-6368
-7917
-9553
-11218
-12678
-13433
-13487
-12682
-11056
-8716
-5945
-3504
-1626
-88
825
886
16
-1262
-2530
-3965
-5550
-6359
-5986
-4541
-2289
520
3475
6015
7538
8121
8059
7029
4831
2085
-820
-3665
-5997
-7604
-8241
-7653
-6082
-3996
-1702
416
1810
2382
2153
1285
-409
-2809
-5457
-8038
-9925
-11133
-11472
-10908
-9618
-7973
-6221
-4714
-3811
-3313
-3338
-4049
-5489
-7349
-9259
-10830
-12189
-13205
-13590
-13484
-12741
-11504
-9927
-8249
-7052
-6282
-5913
-6209
-6875
-7733
-8976
-10381
-11514
-12440
-12952
-12856
-12565
-11859
-10819
-9604
-8320
-7173
-6394
-5779
-5354
-5081
-5051
-5004
-4783
-4532
-4182
-3664
-3014
-2449
-1817
-1186
-793
-763
-656
-612
-881
-1114
-1367
-1433
-1391
-1444
-1453
-1595
-1501
-1249
-1110
-1014
-1169
-1572
-1926
-2182
-2430
-2748
-3189
-3726
-4350
-5189
-5812
-6218
-6555
-6799
-6819
-6657
-6234
-5465
-4704
-3975
-3249
-2905
-2874
-3094
-3570
-4491
-5684
-6748
-7527
-8094
-8588
-8785
-8549
-7878
-7047
-6297
-5673
-5193
-4661
-4244
-4314
-4822
-5335
-5933
-6461
-6687
-6626
-6389
-6102
-5582
-4665
-3610
-2660
-1800
-915
-78
483
771
999
1052
781
506
-205
-1326
-2384
-3515
-4668
-5356
-5172
-4137
-2431
-353
1825
3437
4454
4985
4866
3954
2365
453
-1360
-2937
-3892
-4183
-3630
-2105
-13
2060
3796
5153
5956
6084
5556
4249
2769
1392
-19
-1125
-1591
-1323
-210
1495
3492
5297
6607
7353
7991
8238
8291
8413
8559
8670
8574
8113
7618
7188
6488
5567
4329
2954
1686
550
-316
-783
-746
-126
817
1690
2648
3629
4355
4746
4619
3879
2959
1733
392
-752
-1670
-2529
-2924
-2811
-2361
-1697
-1181
-723
-237
17
-96
-561
-1202
-1874
-2856
-3981
-4755
-5068
-5274
-5425
-5422
-5201
-4808
-4567
-4599
-4646
-4591
-4750
-4977
-5192
-5277
-5342
-5330
-5209
-5276
-5088
-4791
-4578
-4327
-4285
-4343
-4401
-4470
-4664
-4812
-4818
-4831
-4719
-4262
-3667
-3064
-2448
-1924
-1411
-935
-644
-534
-672
-1047
-1502
-1968
-2271
-2517
-2764
-2873
-2955
-3029
-2610
-2150
-1911
-1704
-1347
-998
-905
-937
-1265
-1896
-2743
-3895
-5133
-6585
-7859
-8852
-9707
-10263
-10381
-10254
-9619
-8696
-7391
-6356
-5615
-5141
-4966
-5067
-5557
-6449
-7370
-8332
-9199
-9970
-10483
-10654
-10507
-9821
-8851
-7961
-7097
-6383
-5931
-5823
-5964
-6469
-6985
-7567
-8073
-8679
-9104
-9219
-9115
-8689
-8091
-7321
-6443
-5555
-4847
-4555
-4111
-3677
-3397
-3245
-3186
-3013
-2786
-2767
-2497
-2085
-1692
-1318
-912
-531
-339
-310
-332
-499
-724
-912
-1051
-1154
-1353
-1309
-1242
-1162
-1165
-1044
-1010
-1145
-1388
-1702
-1993
-2227
-2514
-2769
-3040
-3087
-3089
-3116
-3032
-2939
-2679
-2387
-2417
-2436
-2342
-2401
-2977
-3742
-4281
-4461
-4023
-3133
-1809
-436
603
930
689
-17
-1106
-2448
-3884
-5334
-6714
-7844
-8404
-8094
-7261
-6050
-4618
-3299
-2265
-1707
-1607
-2046
-3152
-4694
-6220
-7637
-8839
-9517
-9679
-9117
-8304
-7093
-5675
-4438
-3385
-2536
-2267
-2638
-3352
-4372
-5564
-6711
-7681
-8328
-8432
-8182
-7729
-7009
-6027
-5111
-4104
-3381
-3115
-3144
-3345
-3852
-4782
-5632
-6317
-6919
-7359
-7235
-6709
-6239
-5848
-5335
-4962
-4807
-4851
-4753
-4566
-4907
-5409
-5837
-6243
-6494
-6558
-6420
-6152
-5753
-5405
-5288
-5286
-5282
-5347
-5545
-5732
-5953
-6226
-6739
-7055
-6905
-6704
-6492
-6232
-5968
-5853
-5684
-5374
-5186
-5174
-5176
-5272
-5639
-6315
-7053
-7999
-8941
-9787
-10583
-11069
-11217
-11222
-10852
-10197
-9387
-8485
-7610
-6634
-5884
-5474
-5653
-6306
-7019
-7775
-8737
-9508
-9805
-9998
-9746
-9109
-8294
-7087
-6042
-5202
-4487
-3974
-3618
-3510
-3858
-4361
-4871
-5461
-5972
-6221
-6245
-5873
-5448
-4906
-4095
-3259
-2461
-1934
-1548
-1330
-1160
-1110
-1275
-1417
-1438
-1451
-1368
-1173
-827
-443
-287
-71
326
634
648
799
1067
1122
1069
1051
864
626
299
214
147
220
299
306
7
-292
-452
-621
-782
-886
-788
-982
-1090
-986
-922
-814
-744
-553
-413
-371
-442
-473
-732
-1258
-1747
-2046
-2062
-1556
-516
801
2292
3663
4483
4700
4338
3511
2392
996
-532
-2010
-3092
-3735
-3802
-2988
-1762
-422
1123
2186
2705
2865
2579
1852
627
-752
-2224
-3454
-4198
-4306
-4028
-3444
-2493
-1517
-469
542
1234
1595
1412
917
66
-1049
-2143
-3203
-4090
-4424
-4224
-3781
-3196
-2484
-1724
-1112
-655
-361
-224
-441
-1032
-1892
-2884
-3678
-4187
-4710
-4964
-4584
-3936
-3327
-2862
-2573
-2260
-2038
-1866
-2006
-2304
-2781
-3328
-3549
-3689
-3912
-4071
-3900
-3480
-3133
-2650
-2252
-2141
-2210
-2304
-2399
-2708
-3018
-3319
-3592
-3700
-3781
-3625
-3338
-3047
-2826
-2708
-2423
-2184
-2158
-2227
-2241
-2404
-2761
-3373
-4227
-5154
-6260
-7228
-7817
-8238
-8402
-8183
-7665
-6978
-6105
-5272
-4480
-3704
-3222
-3061
-3448
-4131
-4884
-5844
-6700
-7302
-7574
-7487
-7080
-6591
-5773
-4726
-3668
-2914
-2458
-2283
-2259
-2415
-2932
-3498
-3871
-4427
-4931
-5004
-4896
-4469
-3876
-3164
-2457
-1893
-1160
-858
-893
-918
-941
-1122
-1239
-1296
-1414
-1387
-1280
-1056
-729
-352
117
648
1023
1167
1043
1006
1102
1033
930
813
739
802
861
825
736
802
733
541
320
-59
-275
-353
-587
-707
-838
-914
-1031
-869
-556
-434
-522
-714
-657
-411
-457
-833
-1377
-1999
-2552
-2782
-2468
-1632
-250
1307
2566
3500
3904
3753
3151
1938
460
-1030
-2445
-3571
-4336
-4595
-4241
-3288
-1986
-592
643
1538
1680
1461
894
-144
-1621
-3131
-4351
-5342
-6069
-6248
-5783
-4664
-3361
-2152
-1226
-305
194
123
-369
-1197
-2195
-3423
-4692
-5638
-6173
-6229
-5808
-4938
-3957
-3356
-2702
-2027
-1530
-1286
-1528
-2147
-2826
-3677
-4663
-5343
-5898
-6237
-6200
-5840
-5231
-4735
-4342
-3798
-3214
-3032
-3256
-3610
-4037
-4542
-4996
-5275
-5325
-5327
-5224
-4928
-4495
-4044
-3628
-3611
-3619
-3525
-3638
-3982
-4384
-4652
-4709
-4697
-4844
-4983
-5055
-4831
-4543
-4351
-4207
-3977
-3888
-3897
-3968
-4156
-4386
-4796
-5526
-6453
-7349
-8260
-9098
-9851
-10234
-9868
-9083
-8502
-7873
-6929
-5957
-5217
-4936
-4833
-4865
-5354
-6143
-6937
-7767
-8492
-8965
-8954
-8480
-8002
-7096
-6045
-4975
-4132
-3609
-3140
-2986
-3298
-3663
-4184
-4719
-5017
-5344
-5706
-5752
-5384
-4868
-4190
-3309
-2489
-1942
-1553
-1193
-957
-921
-1046
-1188
-1306
-1431
-1477
-1227
-821
-451
-130
145
654
988
1038
1266
1283
1285
1381
1259
1162
1017
951
1046
1248
1281
1154
1071
820
749
752
595
495
381
204
-62
-196
-166
-39
133
184
176
221
126
197
132
44
-177
-686
-1319
-1903
-2033
-1529
-387
1125
2446
3519
4258
4316
3964
3261
1986
536
-794
-1901
-2712
-3078
-2918
-2230
-1079
327
1612
2458
2875
2896
2622
1806
470
-921
-2212
-3337
-4111
-4269
-3762
-2758
-1759
-644
329
1021
1574
1746
1771
1259
182
-918
-1878
-2850
-3431
-3712
-3335
-2675
-1890
-1053
-279
335
777
1048
855
384
-400
-1236
-1942
-2565
-2918
-3168
-3388
-3315
-2958
-2469
-1865
-1387
-948
-807
-897
-1062
-1489
-1937
-2260
-2647
-3052
-3182
-3077
-2880
-2665
-2500
-2112
-1704
-1498
-1392
-1565
-1825
-2110
-2418
-2590
-2861
-2922
-2842
-2767
-2821
-2799
-2433
-2188
-2109
-1954
-1837
-1745
-2016
-2356
-2794
-3378
-4311
-5387
-6266
-7130
-7801
-8076
-8050
-7564
-6888
-6195
-5342
-4384
-3563
-3021
-2729
-2632
-3045
-3717
-4548
-5395
-6219
-6780
-6994
-6877
-6351
-5488
-4468
-3481
-2590
-1937
-1490
-1333
-1459
-1782
-2189
-2672
-3319
-3858
-3988
-3890
-3643
-3140
-2354
-1538
-841
-465
-51
317
531
530
481
490
433
441
263
285
330
400
716
1148
1464
1810
2159
2360
2495
2505
2264
2109
1876
1900
1872
1768
1564
1389
1470
1515
1310
1245
1344
1353
1146
847
643
521
445
310
388
483
371
429
455
494
535
563
693
497
12
-474
-855
-784
-319
590
2109
3663
4804
5493
5656
5192
4267
3052
1571
-75
-1639
-2835
-3428
-3356
-2574
-1330
89
1587
2754
3532
3758
3438
2565
1297
-86
-1659
-3123
-4082
-4520
-4469
-3802
-2712
-1612
-529
593
1185
1448
1369
1025
109
-1206
-2370
-3332
-4173
-4764
-4711
-4139
-3262
-2308
-1446
-683
-63
122
-83
-436
-947
-1710
-2491
-3187
-3697
-4106
-4362
-4340
-4146
-3658
-3124
-2739
-2357
-2150
-2174
-2263
-2728
-3130
-3294
-3413
-3712
-3948
-3856
-3590
-3270
-2740
-2262
-1988
-1950
-2118
-2250
-2317
-2370
-2620
-2965
-3140
-3276
-3130
-2964
-2654
-2384
-2363
-2077
-1848
-1718
-1625
-1784
-2002
-2170
-2577
-3014
-3714
-4817
-5880
-6807
-7500
-7896
-7917
-7577
-6802
-6142
-5339
-4332
-3528
-2972
-2726
-2778
-3239
-3888
-4657
-5552
-6177
-6687
-6972
-7003
-6728
-6210
-5306
-4221
-3354
-2665
-2141
-1892
-1934
-2127
-2633
-3220
-3672
-4151
-4486
-4576
-4450
-4089
-3495
-2812
-2105
-1375
-914
-627
-368
-255
-397
-430
-293
-369
-451
-522
-506
-329
-20
388
902
1242
1531
1722
1769
1845
1802
1735
1633
1490
1372
1346
1488
1437
1338
1435
1505
1339
1137
1009
791
528
445
400
279
169
136
348
384
499
560
582
766
714
453
334
103
-470
-1165
-1654
-1466
-697
572
1878
3215
4251
4604
4442
3826
2783
1530
147
-1345
-2510
-3258
-3274
-2888
-2116
-738
809
2116
2962
3238
3047
2491
1513
212
-1330
-2852
-4141
-4808
-4564
-3824
-2820
-1715
-447
574
1297
1883
1822
1335
672
-171
-1329
-2467
-3297
-3754
-3954
-3637
-2911
-2046
-1100
-289
589
1178
1061
840
464
-382
-1328
-2022
-2581
-3019
-3276
-3363
-3181
-2689
-2079
-1522
-814
-487
-510
-648
-952
-1330
-1759
-2088
-2312
-2353
-2415
-2403
-2267
-2062
-1777
-1571
-1228
-1098
-1363
-1673
-1881
-1853
-1978
-2340
-2609
-2644
-2518
-2192
-1986
-1825
-1697
-1662
-1533
-1377
-1241
-1183
-1314
-1589
-2144
-2897
-3827
-4744
-5681
-6584
-7203
-7366
-7118
-6775
-6113
-5150
-4212
-3281
-2461
-2018
-2021
-2217
-2601
-3310
-4135
-4891
-5520
-5911
-6078
-5699
-4920
-4176
-3331
-2354
-1519
-954
-550
-385
-483
-860
-1458
-1946
-2336
-2632
-2750
-2671
-2385
-1754
-1236
-733
80
816
1341
1688
1934
1924
1661
1436
1200
1108
1232
1365
1460
1891
2408
2592
2774
3111
3518
3647
3691
3665
3667
3599
3453
3437
3444
3341
3270
3139
2933
2976
3073
3038
3029
2818
2610
2261
1974
1884
1851
2031
2196
2142
2092
2167
2280
2206
2193
2263
2094
1719
1164
628
311
483
1082
2028
3373
4883
6172
6731
6661
6207
5122
3774
2392
1009
-250
-1058
-1476
-1209
-479
625
2050
3294
4329
4982
5044
4540
3554
2309
916
-423
-1521
-2230
-2440
-2167
-1427
-476
641
1877
2742
3100
3229
3063
2319
1316
250
-706
-1580
-2286
-2507
-2245
-1618
-879
-183
509
1237
1856
1997
1729
1150
398
-260
-973
-1654
-2201
-2496
-2571
-2537
-2199
-1682
-1025
-361
-123
-84
-115
-312
-680
-1065
-1346
-1583
-1900
-1957
-1848
-1709
-1463
-945
-531
-374
-301
-428
-697
-1062
-1231
-1409
-1651
-1727
-1786
-1797
-1777
-1642
-1289
-946
-857
-781
-741
-614
-578
-706
-996
-1492
-2301
-3306
-4090
-4745
-5465
-6099
-6468
-6691
-6400
-5645
-4905
-4134
-3141
-2287
-1808
-1596
-1790
-2183
-2851
-3680
-4391
-4968
-5315
-5528
-5704
-5395
-4606
-3573
-2488
-1657
-1054
-618
-442
-582
-949
-1391
-1791
-2216
-2780
-3275
-3339
-3008
-2447
-1924
-1342
-432
294
685
958
1201
1401
1537
1416
1147
1081
1053
944
1046
1398
1792
2014
2213
2632
3101
3358
3346
3420
3498
3430
3351
3186
2956
2885
2776
2829
2857
2920
3039
2924
2668
2430
2180
1912
1779
1473
1329
1379
1493
1592
1592
1691
1861
1958
1957
1910
2032
1796
1195
574
169
143
458
1343
2618
4155
5396
6023
6193
5714
5062
3945
2558
1287
64
-977
-1572
-1539
-1041
-84
1244
2631
3893
4559
4559
4163
3334
2200
839
-614
-1784
-2624
-3058
-3020
-2245
-1228
-36
1056
2025
2669
2816
2650
2079
1229
202
-928
-1944
-2595
-2802
-2813
-2439
-1699
-765
227
941
1461
1838
1766
1482
926
-17
-834
-1581
-2238
-2636
-2738
-2612
-2297
-1815
-1280
-594
-17
59
-148
-438
-783
-1060
-1557
-1911
-1992
-1979
-1927
-1819
-1511
-1134
-633
-348
-260
-174
-172
-395
-716
-936
-1113
-1353
-1580
-1783
-1731
-1530
-1183
-837
-828
-871
-753
-732
-593
-663
-883
-1273
-1795
-2561
-3544
-4448
-5170
-5961
-6430
-6540
-6323
-5644
-4912
-4182
-3373
-2638
-2137
-1716
-1442
-1740
-2374
-3132
-3946
-4739
-5426
-5769
-5717
-5218
-4330
-3440
-2577
-1810
-1108
-499
-167
-29
-293
-700
-1084
-1687
-2078
-2358
-2550
-2564
-2218
-1547
-753
-84
605
1265
1652
1870
2057
2104
2131
1918
1671
1494
1471
1684
1940
2022
2203
2661
3056
3277
3526
3663
3626
3625
3595
3519
3391
3281
3140
2885
2883
3015
3105
3082
2983
2770
2543
2254
2099
1967
1842
1731
1561
1600
1752
1901
1938
1836
1988
1982
1862
1882
1899
1655
1093
563
224
289
1141
2417
3860
5179
6092
6482
6320
5708
4710
3286
1880
573
-577
-1224
-1398
-1120
-87
1302
2669
3703
4477
4899
4695
4022
3046
1639
194
-1059
-1981
-2376
-2312
-1732
-838
241
1261
2120
2782
3179
3230
2840
2184
1229
92
-903
-1623
-2056
-2115
-1924
-1344
-618
134
1046
1892
2195
2153
1923
1410
696
-220
-985
-1557
-1950
-2005
-2044
-1779
-1383
-1061
-449
80
338
329
88
-70
-352
-845
-1220
-1545
-1724
-1715
-1538
-1182
-836
-373
-10
106
186
72
-48
-236
-423
-570
-900
-1116
-1094
-949
-808
-387
-54
133
171
25
87
114
-37
-65
-128
-652
-1476
-2386
-3413
-4347
-4956
-5380
-5520
-5496
-5247
-4623
-3714
-2840
-1965
-1308
-785
-480
-602
-1153
-1840
-2660
-3530
-4184
-4505
-4675
-4495
-3963
-3223
-2270
-1322
-365
435
922
922
469
18
-420
-836
-1441
-1796
-2013
-1993
-1565
-1085
-487
192
832
1391
1741
1939
1970
1703
1376
1158
1081
1044
1064
1180
1682
2109
2554
2619
2368
1850
1389
834
360
211
156
249
748
1490
2385
3218
3754
3753
3271
2617
1980
1138
379
-166
-460
-199
358
1234
2378
3667
4983
5942
6182
6056
5820
5360
4591
3784
3108
2494
1932
1835
2313
3399
4840
6472
8068
9254
9883
9823
9071
7812
6281
4463
2783
1437
399
35
312
913
1932
3203
4483
5356
5773
5525
4897
4087
2753
1350
-73
-1379
-2308
-2764
-2595
-1924
-1108
-93
1069
1905
2399
2508
2385
1952
1125
7
-1202
-2398
-3083
-3396
-3445
-3179
-2671
-1935
-1159
-270
486
786
717
484
68
-759
-1513
-2277
-2869
-3083
-2852
-2552
-2118
-1458
-825
-116
411
825
1020
882
600
353
229
93
16
20
155
439
759
1029
1292
1644
2047
2092
2028
1930
1592
1345
1063
904
793
636
601
770
1020
1220
1330
1260
1055
998
1046
1118
1020
641
25
-715
-1472
-2328
-3248
-3992
-4773
-5246
-5138
-4912
-4379
-3701
-3134
-2331
-1514
-986
-756
-926
-1573
-2217
-2898
-3814
-4616
-5159
-5522
-5401
-4882
-4290
-3657
-2590
-1621
-1102
-897
-719
-855
-1320
-1927
-2654
-3254
-3756
-4000
-3986
-3749
-3381
-3040
-2373
-1725
-1124
-497
-80
194
337
11
-534
-1169
-1688
-2045
-2150
-2150
-1988
-1495
-780
-57
486
966
1386
1520
1266
872
386
-358
-1028
-1470
-1635
-1521
-1212
-702
-101
375
644
801
737
439
12
-697
-1505
-2410
-3136
-3366
-3196
-2886
-2648
-2170
-1613
-1271
-1068
-1244
-1633
-2648
-3916
-5002
-5779
-5763
-4942
-3515
-1844
-209
1039
1476
1279
652
-488
-2110
-4025
-5955
-7466
-8249
-8279
-7545
-6301
-4670
-2923
-1324
-133
313
229
-597
-1853
-3243
-4761
-6104
-7019
-7463
-7311
-6492
-5240
-3903
-2543
-1340
-273
392
462
64
-740
-1816
-2868
-3982
-4949
-5226
-4989
-4366
-3668
-2595
-1411
-395
362
750
789
606
270
-308
-1022
-1738
-2489
-2892
-2897
-2743
-2412
-1747
-963
-351
58
275
345
156
-133
-366
-792
-1212
-1594
-1789
-1878
-1683
-1378
-925
-371
8
110
172
122
-73
-354
-736
-949
-1157
-1335
-1338
-1347
-1094
-730
-324
-96
-28
99
383
462
602
657
209
-376
-953
-1700
-2646
-3415
-3992
-4314
-4221
-3865
-3382
-2749
-1899
-745
206
878
1382
1473
1226
824
192
-401
-943
-1288
-1556
-1495
-1110
-345
628
1649
2568
3352
3861
4105
3902
3498
3049
2493
1929
1461
1220
1145
1215
1545
2027
2530
2888
3294
3761
4033
3865
3567
3155
2846
2604
2402
2186
2136
2270
2425
2644
2884
3155
3241
3313
3430
3330
3237
3093
2958
2847
2765
2659
2569
2500
2320
2302
2474
2498
2477
2209
2001
1727
1341
1215
1168
928
816
932
1097
1237
1292
1368
1503
1519
1555
1637
1629
1084
161
-661
-1143
-1330
-1108
-302
991
2248
3216
3910
4171
3806
3079
2227
1221
367
-266
-614
-541
-75
941
2283
3303
4147
4647
4713
4565
3939
2981
1821
769
-40
-788
-1017
-652
181
1122
2176
3231
4137
4757
5225
5262
4660
3705
2761
1889
1068
360
-34
180
730
1371
2106
3064
3764
4380
4656
4543
4144
3526
2713
1871
1205
724
547
634
751
971
1462
2074
2641
2955
3020
3118
3002
2693
2224
1629
1138
705
295
117
139
320
612
858
1203
1490
1558
1334
1177
1077
920
687
343
187
306
489
647
831
1063
1179
1193
1337
1579
1670
1493
1359
1149
666
-122
-766
-1456
-2105
-2578
-3043
-3362
-3382
-3031
-2268
-1316
-441
296
875
1317
1376
1140
698
298
-308
-1134
-1658
-1801
-1710
-1386
-852
-105
751
1459
2308
2950
3151
3166
2892
2371
1698
988
400
136
-81
-214
-96
262
728
1360
2037
2457
2682
2713
2516
2086
1631
1283
929
632
412
345
246
400
680
943
1163
1293
1400
1429
1540
1491
1164
815
581
334
376
414
369
252
68
-88
-251
-322
-419
-448
-648
-1024
-1296
-1440
-1305
-1220
-1278
-1255
-1190
-1140
-1229
-1299
-1277
-1118
-1071
-1189
-1416
-1518
-1387
-733
366
1844
3511
4990
5816
6023
5683
4620
2982
1091
-927
-2872
-4621
-5811
-6171
-5497
-4097
-2314
-283
1720
3212
4108
4292
3647
2441
897
-986
-2801
-4397
-5629
-6066
-5872
-5085
-3848
-2616
-1223
148
1019
1404
1193
726
-344
-1816
-3397
-4765
-5593
-6135
-6237
-5639
-4605
-3489
-2533
-1575
-741
-463
-410
-592
-1121
-1698
-2422
-3200
-3920
-4489
-4864
-4844
-4615
-4195
-3620
-3169
-2663
-2383
-2406
-2471
-2516
-2483
-2541
-2683
-2658
-2435
-2159
-1818
-1444
-929
-567
-368
-219
-46
-149
-332
-505
-694
-642
-763
-813
-614
-280
58
457
760
1017
1141
1086
1134
1173
901
563
144
-407
-1048
-1977
-2882
-3628
-4278
-4380
-4259
-4042
-3489
-2639
-1512
-461
294
766
1079
998
468
-286
-1193
-1902
-2419
-2855
-3035
-2930
-2623
-2007
-979
-10
714
1211
1441
1525
1369
975
185
-627
-1227
-1849
-2175
-2316
-2244
-1884
-1494
-934
-301
310
704
847
700
288
15
-19
-19
-327
-549
-533
-466
-326
37
514
840
918
890
1056
1293
1360
1342
1254
1194
1127
1150
1055
853
853
1007
1015
1028
997
999
797
553
359
106
-85
-39
-13
39
51
13
132
284
249
324
553
812
647
52
-480
-1099
-1508
-1420
