-5114
-4824
-4454
-4179
-4028
-4042
-4189
-4431
-4915
-5040
-4930
-4968
-5288
-5412
-5187
-4883
-4601
-4491
-4403
-4023
-3787
-3662
-3589
-3678
-3847
-4314
-5102
-5804
-6685
-7688
-8424
-8759
-8948
-8867
-8566
-8076
-7408
-6558
-5647
-4652
-3976
-3723
-3685
-4021
-4755
-5676
-6371
-6821
-7228
-7407
-7259
-6659
-5722
-4677
-3564
-2689
-2094
-1704
-1673
-1751
-2131
-2711
-3207
-3835
-4442
-4650
-4742
-4867
-4579
-3896
-3345
-2700
-2264
-2101
-2122
-2429
-2967
-3706
-4572
-5145
-5171
-4921
-4229
-3183
-1921
-1062
-947
-1494
-2548
-4120
-5995
-8194
-10089
-11444
-12003
-11793
-10982
-9497
-7828
-6358
-5279
-4733
-4857
-5688
-7341
-9192
-10832
-12341
-13302
-13419
-12589
-10943
-8642
-5958
-3525
-1487
100
807
835
247
-843
-2254
-3868
-5445
-6335
-6400
-5554
-3504
-604
2442
5033
6856
7777
7583
6432
4471
1984
-785
-3492
-5699
-7206
-7591
-7181
-5886
-3873
-1706
225
1608
2122
1780
673
-988
-3121
-5594
-7901
-9807
-11024
-11254
-10626
-9363
-7728
-6289
-5024
-4032
-3495
-3585
-4264
-5643
-7498
-9356
-11048
-12502
-13324
-13434
-12995
-12022
-10666
-9074
-7518
-6634
-6119
-5733
-5803
-6461
-7722
-8886
-10052
-11334
-12178
-12701
-12577
-12190
-11434
-10364
-9134
-7727
-6609
-5870
-5339
-4969
-4805
-4777
-4841
-4870
-4765
-4433
-3992
-3355
-2555
-1899
-1498
-1279
-1124
-997
-1020
-1198
-1580
-1818
-2019
-2134
-2065
-1924
-1841
-1766
-1780
-1808
-1803
-1877
-2059
-2348
-2534
-2611
-2745
-3207
-3749
-4326
-5051
-5712
-6165
-6639
-6864
-6843
-6485
-5907
-5321
-4771
-4023
-3378
-2956
-3009
-3334
-3922
-4604
-5488
-6482
-7315
-7991
-8583
-8684
-8398
-7914
-7171
-6296
-5571
-5017
-4512
-4187
-4233
-4643
-5105
-5546
-5810
-6077
-6087
-5841
-5401
-4866
-3971
-2955
-2021
-1122
-429
-18
455
833
1082
1215
1051
712
-96
-919
-1803
-2921
-3839
-4724
-4939
-4180
-2542
-443
1552
3246
4409
5018
4915
4062
2478
611
-1236
-2887
-3874
-4106
-3552
-1966
12
1995
3891
5301
6121
6292
5752
4590
3001
1403
-47
-1185
-1594
-1365
-376
1453
3496
5280
6547
7314
7829
7881
7767
7883
8069
8153
8151
7861
7360
6844
6127
5195
4205
3029
1882
876
66
-458
-540
-17
818
1724
2814
3898
4538
4686
4496
4022
3176
1993
604
-582
-1411
-2031
-2430
-2389
-2074
-1581
-1019
-213
490
638
438
-26
-631
-1406
-2514
-3502
-4319
-4745
-4965
-4936
-4905
-4786
-4765
-4677
-4445
-4311
-4368
-4520
-4741
-4987
-5094
-5195
-5222
-5194
-5160
-4956
-4706
-4326
-3945
-3820
-4053
-4090
-3997
-4211
-4574
-4656
-4536
-4384
-4101
-3761
-3233
-2776
-2415
-1933
-1375
-1023
-1034
-1150
-1264
-1480
-1795
-2129
-2527
-2836
-2980
-3001
-3035
-2912
-2590
-2306
-2057
-1820
-1503
-1318
-1432
-1546
-1947
-2628
-3764
-5077
-6363
-7504
-8518
-9375
-10041
-10242
-10029
-9523
-8509
-7426
-6482
-5709
-5106
-4716
-4801
-5254
-5950
-7033
-8244
-9342
-10165
-10529
-10378
-10004
-9537
-8869
-8023
-7038
-6277
-5926
-5741
-5830
-6199
-6620
-7054
-7736
-8455
-8885
-8893
-8678
-8156
-7669
-6987
-6148
-5258
-4638
-4324
-4033
-3569
-3354
-3416
-3395
-3124
-2929
-2845
-2395
-1911
-1587
-1319
-1010
-759
-576
-531
-465
-444
-650
-843
-881
-1160
-1415
-1558
-1554
-1454
-1213
-1192
-1253
-1156
-1202
-1428
-1641
-1957
-2212
-2563
-2801
-2994
-3097
-2983
-2625
-2418
-2307
-2227
-2181
-2098
-1944
-2140
-2837
-3644
-4041
-4115
-3844
-3056
-1915
-644
310
936
911
173
-973
-2376
-3818
-5375
-6856
-7917
-8277
-7940
-7117
-5869
-4346
-2937
-2002
-1547
-1537
-2052
-3044
-4347
-5813
-7256
-8448
-9193
-9446
-8920
-8001
-6918
-5492
-4124
-3041
-2382
-2327
-2827
-3473
-4187
-5355
-6655
-7781
-8497
-8691
-8358
-7611
-6880
-6126
-5005
-3988
-3457
-3251
-3235
-3484
-4115
-4930
-5650
-6208
-6622
-6925
-6991
-6883
-6677
-6166
-5485
-4892
-4590
-4774
-4852
-4901
-5092
-5505
-5942
-6322
-6760
-6793
-6621
-6428
-6333
-6067
-5702
-5465
-5490
-5727
-5761
-5920
-6540
-6961
-7117
-7021
-6939
-6849
-6625
-6265
-6129
-5934
-5700
-5399
-5178
-5174
-5198
-5261
-5506
-6280
-7041
-7756
-8804
-9711
-10493
-11101
-11356
-11160
-10740
-10202
-9393
-8428
-7366
-6440
-5846
-5674
-5739
-6212
-6989
-7757
-8508
-9294
-10075
-10156
-9753
-9175
-8400
-7394
-6128
-5055
-4254
-3715
-3390
-3346
-3651
-4218
-4863
-5420
-5805
-5969
-5917
-5588
-5035
-4405
-3843
-3164
-2378
-1729
-1338
-1052
-870
-975
-1078
-1291
-1373
-1409
-1428
-1202
-955
-604
-225
177
611
953
1026
1071
1206
1129
1211
1243
1188
1071
960
838
611
591
659
569
397
295
116
-231
-467
-494
-564
-714
-751
-587
-369
-264
-117
-111
-120
-57
176
212
-69
-633
-1338
-1900
-2056
-1527
-334
1053
2445
3560
4412
4806
4402
3551
2535
1233
-226
-1578
-2717
-3304
-3283
-2720
-1437
30
1360
2448
3090
3320
2942
2026
1012
-137
-1538
-2794
-3601
-3953
-3856
-3262
-2234
-1139
6
925
1531
1745
1684
1393
399
-943
-2167
-3338
-4041
-4267
-4293
-3815
-3077
-2217
-1371
-632
-159
31
5
-359
-957
-1615
-2386
-3212
-3880
-4275
-4298
-4034
-3708
-3227
-2712
-2237
-1859
-1587
-1640
-1954
-2314
-2743
-3161
-3268
-3425
-3610
-3744
-3594
-3260
-3022
-2662
-2372
-2205
-2059
-2130
-2390
-2581
-2790
-3009
-3374
-3438
-3327
-3117
-3064
-2984
-2824
-2541
-2350
-2272
-2183
-2170
-2168
-2360
-2799
-3466
-4165
-5039
-5972
-6727
-7356
-7934
-8109
-7800
-7103
-6392
-5777
-4866
-3993
-3367
-3133
-3152
-3338
-3956
-4953
-5954
-6855
-7479
-7683
-7785
-7344
-6502
-5479
-4521
-3696
-2803
-2350
-1984
-1777
-2196
-2932
-3565
-3956
-4263
-4522
-4498
-4361
-4056
-3550
-3071
-2490
-1894
-1112
-577
-426
-600
-725
-723
-786
-948
-1073
-1056
-952
-720
-423
34
526
871
1207
1344
1212
1214
1365
1438
1238
1068
1022
984
955
875
766
933
1189
1272
1186
815
488
194
0
-42
-228
-323
-304
-294
-269
-132
80
123
74
28
15
-109
-672
-1377
-1876
-2170
-1919
-1162
-7
1565
2967
3853
4283
4073
3222
2122
818
-591
-1979
-3142
-3887
-4201
-3930
-2957
-1586
-178
1059
1881
2092
1972
1367
131
-1231
-2624
-4015
-4976
-5402
-5519
-5180
-4368
-3213
-2073
-927
-220
204
83
-438
-1120
-2136
-3270
-4511
-5510
-5949
-6028
-5605
-4818
-3972
-3076
-2240
-1560
-1286
-1147
-1377
-1889
-2608
-3616
-4369
-5104
-5783
-5872
-5608
-5316
-4952
-4465
-3947
-3499
-3270
-3255
-3328
-3381
-3801
-4408
-4885
-5216
-5229
-5109
-4993
-4749
-4484
-4190
-3849
-3666
-3558
-3462
-3600
-3813
-3984
-4262
-4528
-4625
-4680
-4786
-4739
-4263
-3960
-3882
-3785
-3682
-3577
-3662
-3753
-3860
-4097
-4592
-5444
-6528
-7473
-8138
-8765
-9307
-9583
-9524
-9082
-8394
-7522
-6474
-5520
-4771
-4476
-4377
-4634
-5175
-5926
-6840
-7701
-8532
-9036
-8990
-8512
-7770
-6922
-6000
-5050
-4080
-3407
-3118
-3063
-3296
-3740
-4173
-4597
-5092
-5500
-5776
-5794
-5383
-4638
-3936
-3340
-2555
-1858
-1425
-1114
-893
-953
-1202
-1496
-1422
-1239
-1274
-1263
-1139
-793
-413
25
484
895
1302
1436
1423
1139
929
949
994
850
812
817
883
957
953
946
905
933
880
726
520
384
227
47
-32
-36
-62
-99
59
304
535
463
406
461
286
-133
-881
-1724
-2446
-2628
-2131
-1096
71
1341
2449
3112
3135
2754
2030
1025
-193
-1407
-2347
-2841
-2945
-2787
-2121
-1019
296
1446
2347
2742
2600
1950
1005
-115
-1442
-2728
-3784
-4370
-4287
-3582
-2683
-1598
-392
553
1182
1625
1756
1506
778
-213
-1212
-2208
-3111
-3723
-3598
-3238
-2683
-1875
-910
110
806
1138
1009
804
519
-96
-951
-1866
-2545
-2961
-3121
-3147
-2703
-2129
-1653
-1159
-616
-192
-46
-79
-357
-842
-1593
-2316
-2544
-2711
-2902
-2991
-2931
-2830
-2503
-2138
-1914
-1869
-1755
-1845
-2202
-2472
-2757
-2921
-3009
-2994
-2933
-2977
-3091
-2893
-2591
-2334
-2092
-2018
-2010
-2059
-2190
-2443
-2998
-3577
-4401
-5290
-6131
-6845
-7413
-7709
-7785
-7545
-6897
-6061
-5219
-4412
-3685
-3068
-2591
-2559
-2973
-3681
-4534
-5480
-6204
-6640
-6852
-6590
-6043
-5292
-4290
-3073
-1956
-1350
-968
-821
-931
-1226
-1740
-2240
-2632
-2893
-3257
-3437
-3215
-2756
-2160
-1435
-643
91
488
826
1055
1006
1000
934
685
379
421
430
544
726
1121
1502
1796
2222
2523
2784
2812
2656
2564
2470
2362
2158
1988
1836
1792
1849
1839
1911
1884
1761
1512
1297
1042
852
882
969
852
712
681
604
701
884
962
829
775
791
798
778
385
-154
-434
-43
802
1964
3308
4741
5834
6382
6248
5543
4516
2938
1085
-730
-2228
-3235
-3662
-3455
-2578
-1134
684
2295
3689
4634
4861
4295
3206
1939
449
-1180
-2641
-3821
-4482
-4527
-3908
-2819
-1642
-424
706
1458
1865
1732
964
-56
-1082
-2271
-3493
-4639
-5136
-4859
-4488
-4002
-3153
-2164
-1167
-467
-150
-106
-275
-803
-1608
-2555
-3275
-3899
-4527
-4776
-4698
-4387
-4050
-3658
-3148
-2586
-2315
-2383
-2617
-2959
-3185
-3343
-3676
-4002
-3995
-3571
-3299
-3018
-2730
-2352
-2078
-1980
-1960
-1955
-2040
-2293
-2650
-3053
-3088
-2995
-2999
-2967
-2652
-2230
-1849
-1753
-1814
-1653
-1433
-1322
-1491
-1714
-2081
-2790
-3648
-4593
-5560
-6345
-6890
-7227
-7474
-7176
-6544
-5825
-5035
-4120
-3296
-2769
-2487
-2422
-2619
-3236
-4129
-5228
-6148
-6776
-7158
-7107
-6615
-6006
-5238
-4283
-3262
-2576
-2124
-1839
-1888
-2250
-2868
-3498
-4100
-4597
-4939
-5120
-4885
-4355
-3702
-3035
-2410
-1795
-1280
-822
-538
-425
-342
-532
-751
-890
-841
-813
-668
-472
-317
10
563
1070
1325
1558
1777
1816
1711
1791
1887
1802
1631
1588
1683
1770
1718
1691
1655
1514
1469
1404
1353
1149
915
810
820
636
326
441
820
948
810
889
1042
1046
1008
949
572
-211
-967
-1491
-1418
-868
112
1448
2772
3778
4255
4165
3458
2297
1101
-195
-1464
-2494
-3256
-3387
-2806
-1772
-352
1223
2551
3389
3842
3658
2911
1692
371
-1094
-2533
-3589
-4271
-4357
-3824
-2895
-1793
-713
367
1277
1860
1881
1603
1011
206
-824
-2053
-2884
-3323
-3536
-3346
-2669
-1579
-469
408
978
1211
1271
1188
796
112
-714
-1507
-2158
-2601
-2873
-2721
-2405
-2062
-1481
-684
-97
17
-126
-136
-243
-763
-1183
-1544
-1744
-1927
-2035
-2004
-1904
-1564
-1342
-1103
-1028
-1074
-1140
-1319
-1496
-1782
-2053
-2282
-2452
-2611
-2619
-2494
-2332
-2112
-1842
-1665
-1686
-1735
-1585
-1361
-1542
-1912
-2444
-3271
-4198
-5010
-5947
-6707
-7198
-7418
-7213
-6651
-6001
-5278
-4367
-3624
-2993
-2420
-2282
-2467
-2982
-3633
-4574
-5418
-5809
-6123
-6312
-6249
-5544
-4387
-3409
-2460
-1471
-809
-552
-598
-712
-829
-1289
-1948
-2467
-2762
-2870
-2846
-2437
-1834
-1137
-356
449
1042
1468
1800
1942
1879
1796
1723
1529
1453
1511
1752
1912
1960
2054
2335
2747
3071
3370
3653
3664
3564
3442
3354
3319
3251
3197
3059
2836
2722
2842
2937
2776
2692
2696
2581
2291
2036
1942
1810
1713
1622
1574
1647
1681
1547
1709
1933
1999
1933
1691
1269
684
50
-240
-139
474
1573
2915
4322
5498
6161
6118
5626
4620
3148
1676
461
-601
-1553
-1769
-1379
-597
444
1718
3059
4151
4708
4762
4447
3587
2304
1051
-370
-1748
-2614
-2698
-2331
-1585
-588
607
1750
2467
2890
2959
2635
2060
1266
101
-980
-1770
-2466
-2811
-2478
-1795
-1116
-343
516
1173
1712
1977
1715
1065
405
-274
-962
-1646
-2285
-2693
-2727
-2503
-2055
-1514
-1024
-613
-186
32
-151
-430
-850
-1278
-1603
-2048
-2341
-2537
-2366
-2161
-1803
-1308
-877
-942
-1014
-900
-968
-1243
-1481
-1569
-1769
-2017
-2039
-1856
-1604
-1473
-1213
-933
-841
-794
-702
-651
-561
-614
-782
-1196
-1960
-2966
-3934
-4714
-5482
-6097
-6445
-6496
-6151
-5441
-4686
-3879
-2978
-2142
-1658
-1534
-1682
-2148
-2818
-3517
-4293
-4917
-5465
-5791
-5569
-4921
-4075
-3286
-2382
-1540
-856
-362
-195
-336
-617
-1027
-1764
-2434
-2856
-3145
-3096
-2632
-2133
-1452
-737
-79
464
956
1539
1702
1580
1249
931
599
511
526
547
735
1122
1692
2081
2136
2243
2544
2868
2835
2608
2524
2566
2575
2416
2356
2314
2271
2355
2503
2530
2554
2469
2277
2075
1882
1677
1569
1519
1422
1394
1338
1335
1392
1451
1591
1690
1684
1719
1738
1519
984
346
-215
-406
-52
897
2269
3859
5152
5857
6023
5592
4624
3384
2105
773
-632
-1607
-2075
-1978
-1376
-391
850
2141
3399
4164
4427
4146
3294
2116
778
-553
-1918
-2873
-3201
-3045
-2443
-1356
-158
934
1698
2273
2456
2250
1623
895
3
-1063
-2113
-2818
-3280
-3184
-2720
-1875
-1083
-208
579
1038
1365
1369
993
396
-375
-1251
-2024
-2582
-2974
-3158
-2996
-2537
-2008
-1315
-776
-520
-408
-368
-510
-802
-1485
-2001
-2186
-2206
-2232
-2289
-2148
-1760
-1402
-1147
-923
-819
-858
-750
-728
-989
-1382
-1694
-1748
-1779
-1833
-1812
-1649
-1390
-1184
-1021
-909
-643
-393
-372
-372
-509
-1011
-1625
-2619
-3611
-4463
-5191
-5881
-6252
-6354
-6043
-5595
-4925
-3996
-3121
-2436
-1849
-1505
-1538
-1798
-2319
-3027
-3931
-4670
-5204
-5585
-5622
-5203
-4363
-3389
-2532
-1637
-771
-292
-148
-149
-299
-752
-1129
-1434
-1852
-2104
-2253
-2285
-1973
-1395
-769
-47
741
1467
1974
2301
2282
2146
1968
1705
1553
1561
1625
1546
1638
1983
2446
2938
3269
3558
3818
4068
4168
4062
3955
3805
3639
3565
3498
3427
3406
3458
3386
3318
3313
3281
3250
3117
2827
2672
2661
2569
2368
2349
2405
2466
2437
2502
2595
2686
2781
2810
2611
2185
1396
687
394
801
1634
2742
4130
5487
6594
6947
6584
5874
4821
3406
2065
998
-8
-742
-956
-436
601
1745
2940
4021
4878
5296
5124
4482
3381
2110
834
-396
-1358
-1953
-2063
-1664
-725
425
1405
2343
3194
3588
3587
3099
2196
1160
157
-684
-1384
-1779
-1842
-1632
-1034
-69
723
1393
2010
2503
2575
2142
1611
850
154
-418
-973
-1502
-1881
-1824
-1494
-1040
-546
-22
371
651
615
312
30
-433
-853
-1190
-1365
-1487
-1407
-1148
-850
-664
-359
-18
206
370
241
59
-302
-577
-753
-800
-909
-1035
-885
-611
-462
-391
-307
-134
163
160
155
167
42
-290
-873
-1637
-2350
-3221
-4105
-4797
-5390
-5698
-5591
-5190
-4431
-3675
-2893
-2048
-1238
-866
-863
-979
-1261
-1949
-2907
-3838
-4398
-4623
-4857
-4686
-4142
-3201
-2259
-1352
-526
153
462
410
284
72
-464
-1085
-1417
-1605
-1773
-1889
-1722
-1209
-437
319
975
1473
1775
1759
1573
1459
1181
987
937
831
1062
1602
1996
2289
2530
2599
2499
2183
1728
1070
500
117
177
602
1142
1913
2579
3190
3814
3949
3797
3244
2431
1458
542
-9
-56
201
897
1899
3079
4231
5369
6217
6645
6613
6129
5469
4554
3508
2902
2475
2091
2091
2559
3636
5052
6709
8224
9370
10020
10009
9332
8027
6163
4386
2707
1350
515
191
475
1230
2242
3363
4563
5450
5866
5695
5071
4136
3018
1793
508
-725
-1754
-2254
-1997
-1495
-598
263
1129
1978
2562
2624
2320
1669
902
-14
-993
-2034
-2821
-3259
-3508
-3472
-2778
-1901
-1085
-383
212
630
635
364
-66
-611
-1430
-2188
-2795
-3205
-3163
-2740
-2191
-1482
-842
-193
363
737
890
705
554
404
191
-1
-61
-21
111
355
714
1096
1506
1753
1958
2087
1874
1568
1127
859
796
795
769
753
825
807
825
946
1127
1253
1241
1116
1172
1189
1074
714
82
-570
-1235
-1944
-2794
-3782
-4572
-4983
-5070
-4820
-4446
-3854
-3031
-2058
-1505
-1322
-1158
-1184
-1567
-2319
-3255
-4083
-4873
-5480
-5680
-5428
-4925
-4385
-3782
-2896
-1986
-1322
-907
-703
-986
-1533
-2187
-2812
-3369
-3866
-4258
-4358
-4118
-3640
-2962
-2314
-1584
-751
-237
6
156
101
-223
-522
-955
-1522
-2065
-2359
-2383
-2102
-1602
-911
-144
558
1216
1662
1616
1286
724
243
-327
-868
-1342
-1405
-1392
-1310
-922
-116
535
908
1081
1057
718
-28
-945
-1620
-2208
-2758
-3081
-3185
-2908
-2522
-2024
-1468
-1056
-861
-1055
-1630
-2563
-3852
-5177
-5980
-5812
-4954
-3722
-2094
-316
930
1512
1321
461
-963
-2709
-4435
-6034
-7288
-8147
-8301
-7822
-6536
-4663
-2825
-1349
-271
282
-48
-876
-1903
-3198
-4853
-6403
-7292
-7480
-7286
-6489
-5174
-3752
-2374
-1232
-236
162
100
-182
-771
-1933
-3159
-4055
-4570
-4993
-4973
-4489
-3447
-2278
-1254
-328
341
864
936
749
350
-286
-1090
-1768
-2294
-2738
-2784
-2313
-1835
-1387
-685
-164
-22
155
367
375
209
-357
-1105
-1380
-1667
-1793
-1713
-1570
-1336
-797
-212
6
-28
-15
94
30
-198
-549
-857
-1067
-1191
-1098
-739
-501
-284
-73
158
459
679
896
1104
1043
784
453
-75
-809
-1549
-2338
-2904
-3433
-3772
-3703
-3395
-2781
-1962
-1106
-178
630
1497
2125
2208
1931
1466
772
30
-657
-1163
-1258
-1051
-659
72
944
1904
2927
3635
4215
4469
4344
4052
3670
2985
2431
1910
1481
1293
1215
1615
2195
2854
3393
3791
4114
4313
4269
4136
4022
3905
3475
3084
2987
2790
2639
2793
3025
3303
3567
3701
3776
3835
3859
3801
3725
3620
3379
3128
3035
3012
2955
2923
2987
2993
2956
2935
2804
2693
2697
2473
1974
1676
1649
1638
1775
1901
1959
2000
1955
2051
2276
2385
2503
2436
1820
1016
262
-286
-406
13
1018
2278
3564
4558
5183
5086
4627
3909
3077
1896
926
367
6
-232
201
1250
2445
3604
4617
5268
5419
5289
4612
3545
2564
1456
478
-239
-526
-354
196
1170
2316
3366
4277
4788
4988
4969
4631
3884
2873
1873
997
374
61
58
368
936
1928
2966
3678
4093
4373
4308
3972
3462
2778
2073
1325
856
674
540
682
1051
1497
2116
2625
2940
3083
3002
2806
2547
2156
1572
1183
994
771
537
664
938
1165
1269
1448
1655
1634
1621
1550
1411
1247
1035
818
677
592
712
1067
1331
1462
1487
1749
1917
1928
2039
2139
2173
2071
1642
893
-47
-1017
-1776
-2343
-2807
-2891
-2746
-2320
-1773
-1206
-306
666
1319
1566
1608
1599
1329
637
-131
-928
-1473
-1794
-1925
-1578
-946
-177
683
1569
2424
3048
3248
3074
2685
2141
1575
1014
517
45
-186
-161
-81
179
767
1510
1890
2060
2330
2314
2036
1754
1347
996
701
492
317
124
169
289
560
845
994
1265
1426
1368
1208
1134
1054
1038
813
569
319
130
65
158
334
315
122
-126
-186
-399
-510
-677
-857
-1044
-1333
-1435
-1315
-1199
-1182
-1058
-920
-855
-836
-918
-1019
-1296
-1548
-1776
-1776
-1541
-724
708
2299
3737
4724
5163
4839
3920
2530
833
-1079
-2912
-4428
-5355
-5588
-5152
-3899
-2263
-496
1248
2758
3503
3582
3172
2090
597
-1033
-2652
-4156
-5297
-5858
-5623
-4739
-3507
-2271
-1010
106
904
1148
918
374
-539
-1818
-3248
-4553
-5337
-5589
-5489
-5117
-4312
-3185
-2177
-1378
-582
-182
-170
-579
-1066
-1523
-2331
-3218
-3914
-4195
-4228
-4182
-3870
-3429
-3059
-2723
-2310
-2022
-2013
-2092
-2248
-2354
-2488
-2722
-2860
-2747
-2497
-2247
-1809
-1206
-767
-630
-377
-299
-440
-729
-887
-963
-1055
-1158
-1142
-982
-567
-251
29
287
548
687
823
992
1136
1106
853
276
-369
-1146
-2101
-2843
-3521
-4063
-4398
-4109
-3613
-3071
-2355
-1431
-573
322
1023
1172
928
405
-303
-1099
-1802
-2461
-3084
-3398
-3094
-2443
-1743
-996
-24
820
1305
1741
2060
1748
961
227
-270
-883
-1514
-1782
-1851
-1716
-1371
-805
-181
360
820
1073
1151
1132
920
496
126
-18
-114
-219
-265
-231
-228
-224
219
719
988
1090
1242
1311
1265
1347
1274
1008
882
829
971
1064
947
955
963
949
1052
994
791
480
237
76
-152
-344
-284
-51
164
239
225
300
463
522
576
607
447
69
-519
-935
-903
-548
