-4943
-4536
-4078
-3785
-3770
-3854
-3966
-4220
-4294
-4386
-4643
-4797
-4952
-5144
-5057
-4789
-4347
-4103
-3891
-3700
-3519
-3461
-3408
-3461
-3532
-3785
-4397
-5177
-6269
-7236
-7836
-8262
-8466
-8337
-8014
-7606
-7099
-6020
-4904
-4168
-3580
-3274
-3346
-3839
-4562
-5266
-6024
-6776
-7088
-7257
-6956
-6321
-5452
-4337
-3248
-2389
-1851
-1444
-1349
-1516
-1874
-2501
-3217
-3767
-4251
-4615
-4689
-4427
-4038
-3500
-2978
-2459
-2080
-1791
-1601
-1899
-2540
-3429
-4433
-4849
-4740
-4351
-3643
-2682
-1431
-634
-705
-1293
-2194
-3590
-5534
-7671
-9596
-10995
-11542
-11056
-10127
-8713
-7068
-5618
-4655
-4289
-4379
-5274
-6849
-8743
-10575
-12092
-12876
-12780
-11811
-10057
-7762
-5153
-2733
-578
984
1646
1461
762
-285
-1674
-3199
-4731
-5653
-5742
-4836
-3036
-398
2469
5141
7169
8032
7725
6666
4852
2539
-44
-2687
-4992
-6362
-6911
-6449
-5109
-3115
-1053
670
1597
1940
1737
755
-931
-2910
-5251
-7526
-9271
-10276
-10407
-9799
-8612
-6909
-5316
-3980
-3052
-2663
-2885
-3675
-5076
-6810
-8708
-10490
-11674
-12269
-12591
-12197
-11098
-9855
-8443
-7043
-6030
-5275
-5013
-5226
-6053
-7068
-8157
-9471
-10772
-11736
-12070
-11812
-11419
-10464
-9254
-7681
-6433
-5811
-5048
-4339
-4066
-3791
-3866
-4179
-4112
-3864
-3353
-2929
-2587
-2119
-1600
-1090
-545
-251
-240
-359
-593
-619
-918
-1232
-1431
-1460
-1399
-1411
-1413
-1298
-1191
-1285
-1413
-1517
-1583
-1791
-2029
-2183
-2533
-3181
-3952
-4747
-5219
-5551
-5932
-6172
-6136
-5797
-5240
-4686
-4034
-3322
-2667
-2370
-2397
-2781
-3408
-4166
-5066
-5989
-6950
-7631
-7788
-8003
-7994
-7490
-6607
-5769
-5010
-4340
-3824
-3630
-3779
-4200
-4646
-4971
-5173
-5416
-5576
-5431
-4894
-4304
-3600
-2497
-1431
-632
16
535
1261
1660
1809
1807
1663
1345
540
-411
-1357
-2479
-3637
-4337
-4366
-3426
-1642
311
2140
3721
4844
5505
5440
4396
3019
1247
-813
-2427
-3302
-3511
-2755
-1322
461
2412
4169
5726
6739
6912
6150
4872
3345
1863
573
-532
-1144
-880
209
1983
4101
6003
7186
7670
7892
7944
7930
7897
7938
8048
8134
8052
7876
7476
6996
6258
5073
3853
2661
1579
665
-67
-246
233
1033
2092
3330
4358
4943
5209
5092
4579
3613
2538
1265
-211
-1279
-1875
-2272
-2217
-1778
-1196
-350
480
889
1114
1049
602
-35
-886
-1922
-2980
-3690
-4319
-4741
-4718
-4595
-4488
-4160
-3824
-3531
-3529
-3537
-3678
-3963
-4307
-4610
-4774
-4808
-4702
-4638
-4318
-3891
-3603
-3451
-3377
-3324
-3496
-3551
-3604
-3783
-4036
-4015
-3989
-3887
-3674
-3182
-2616
-2181
-1813
-1249
-752
-538
-555
-586
-895
-1287
-1619
-2129
-2555
-2819
-2982
-2947
-2721
-2411
-2138
-1800
-1449
-1136
-968
-1037
-1187
-1737
-2493
-3448
-4585
-6054
-7584
-8618
-9389
-9962
-10166
-9758
-9130
-8409
-7312
-6156
-5205
-4743
-4684
-4840
-5257
-6113
-7222
-8092
-9020
-9700
-10048
-10167
-9936
-9480
-8688
-7766
-6813
-6006
-5664
-5481
-5445
-5804
-6594
-7393
-8000
-8186
-8462
-8538
-8443
-8144
-7454
-6741
-6096
-5238
-4482
-3981
-3696
-3590
-3470
-3496
-3343
-3164
-3078
-2856
-2528
-2240
-1671
-1141
-812
-562
-315
-320
-467
-735
-960
-1074
-1376
-1386
-1188
-1206
-1419
-1438
-1292
-1386
-1610
-1655
-1553
-1668
-1988
-2231
-2436
-2691
-3017
-3141
-3066
-3132
-3148
-3071
-2888
-2446
-2233
-2089
-1949
-2201
-2807
-3645
-4277
-4425
-4111
-3150
-1950
-772
191
655
498
-159
-1253
-2585
-4148
-5868
-7188
-8096
-8611
-8430
-7553
-6137
-4655
-3375
-2180
-1337
-1209
-1791
-2839
-4366
-6142
-7697
-8973
-9755
-9807
-9285
-8195
-6934
-5664
-4333
-3216
-2582
-2426
-2571
-3252
-4377
-5721
-6850
-7863
-8459
-8650
-8518
-8027
-7114
-6102
-5094
-4174
-3602
-3199
-3227
-3488
-3930
-4910
-5856
-6515
-6882
-7122
-7205
-7036
-6558
-5915
-5586
-5209
-4715
-4479
-4376
-4605
-5111
-5607
-6068
-6410
-6579
-6812
-6846
-6622
-6254
-5888
-5610
-5307
-5159
-5270
-5575
-5978
-6238
-6399
-6691
-6854
-6738
-6712
-6702
-6401
-5941
-5624
-5597
-5354
-5105
-4920
-4904
-5027
-5303
-5841
-6509
-7403
-8443
-9430
-10209
-10678
-11027
-10990
-10589
-9979
-9087
-7995
-7023
-6123
-5470
-5213
-5386
-5780
-6482
-7362
-8177
-8959
-9626
-9944
-9614
-8830
-7838
-6730
-5725
-4842
-3971
-3441
-3211
-3205
-3378
-3695
-4439
-5138
-5401
-5401
-5296
-5101
-4572
-3878
-3243
-2630
-1940
-1290
-853
-604
-533
-561
-733
-845
-907
-872
-731
-449
-177
241
673
959
1243
1465
1631
1908
2036
2105
2251
2053
1814
1658
1556
1616
1684
1581
1452
1505
1411
1173
881
760
780
686
386
151
94
207
465
685
904
971
1050
1071
1101
1237
1078
612
-107
-751
-900
-457
613
2029
3560
4883
5616
5693
5401
4719
3510
2052
747
-316
-1476
-2041
-2127
-1527
-377
927
2323
3321
3990
4189
3897
3063
1907
608
-696
-2040
-2970
-3164
-2914
-2476
-1513
-191
986
1907
2426
2643
2533
1927
882
-116
-1106
-2042
-2784
-3231
-3218
-2777
-2253
-1541
-568
324
878
1088
1045
665
25
-853
-1763
-2611
-3231
-3473
-3508
-3430
-3181
-2730
-2068
-1475
-1063
-902
-920
-1079
-1411
-1850
-2265
-2580
-2844
-3029
-2979
-2823
-2539
-2061
-1617
-1362
-1349
-1407
-1685
-2021
-2233
-2416
-2728
-2958
-2950
-2761
-2617
-2495
-2240
-2032
-1968
-1967
-1921
-1763
-1546
-1591
-1788
-2149
-2748
-3683
-4858
-5899
-6707
-7367
-7856
-8119
-7820
-7226
-6391
-5519
-4637
-3810
-3343
-3079
-3038
-3477
-4156
-5003
-5799
-6569
-7147
-7490
-7439
-6992
-6359
-5581
-4792
-3749
-2782
-2235
-2007
-2060
-2503
-2856
-3310
-3838
-4427
-4687
-4642
-4605
-4417
-3867
-3045
-2368
-1693
-1122
-946
-624
-336
-391
-571
-723
-877
-1067
-996
-804
-556
-339
-59
433
875
1162
1298
1504
1557
1428
1396
1300
1083
942
911
875
902
995
1087
1010
849
684
413
142
-94
-223
-457
-639
-668
-734
-773
-559
-220
-193
-230
-263
-189
-212
-533
-1112
-1845
-2451
-2688
-2348
-1610
-498
880
2334
3446
3933
3779
3021
2033
655
-933
-2438
-3748
-4547
-4677
-4113
-2896
-1602
-507
558
1387
1785
1674
1000
-39
-1432
-2799
-4057
-5119
-5762
-5833
-5444
-4546
-3228
-1911
-945
-290
111
136
-367
-1115
-2006
-3381
-4711
-5631
-6056
-6116
-5578
-4919
-4191
-3192
-2361
-1627
-1187
-1283
-1562
-1955
-2684
-3617
-4605
-5352
-5703
-5984
-5998
-5628
-4975
-4212
-3768
-3538
-3284
-3148
-3158
-3423
-3895
-4325
-4737
-5073
-5395
-5503
-5292
-5074
-4696
-4252
-3966
-3638
-3331
-3399
-3638
-3948
-4257
-4466
-4651
-4846
-4897
-4735
-4430
-4114
-3824
-3796
-3805
-3661
-3473
-3320
-3348
-3526
-3797
-4309
-4931
-5804
-6987
-7921
-8747
-9325
-9477
-9200
-8497
-7716
-7002
-6325
-5316
-4573
-4220
-4093
-4234
-4743
-5517
-6330
-7270
-8184
-8777
-8811
-8207
-7316
-6393
-5495
-4687
-3940
-3127
-2675
-2576
-2621
-2890
-3544
-4080
-4576
-5068
-5296
-5087
-4620
-4121
-3431
-2535
-1754
-1343
-843
-561
-515
-625
-575
-546
-649
-782
-771
-605
-284
-70
104
413
899
1377
1536
1677
1781
1906
1824
1715
1603
1635
1743
1785
1775
1704
1582
1733
1608
1500
1460
1190
1095
864
746
621
630
718
600
710
798
782
813
1015
1156
1070
906
571
-7
-752
-1504
-1972
-1666
-725
438
1731
2938
3679
3880
3469
2646
1672
724
-443
-1576
-2284
-2439
-2093
-1290
33
1397
2342
2998
3421
3362
2813
1965
817
-446
-1649
-2660
-3210
-3280
-2804
-1964
-793
431
1480
2417
2888
2791
2405
1743
808
-224
-1201
-2053
-2584
-2709
-2261
-1608
-822
-9
940
1751
2258
2253
1862
1253
581
-61
-731
-1413
-1886
-1983
-2015
-1806
-1415
-845
-265
66
384
592
482
247
-53
-607
-1284
-1719
-2114
-2389
-2404
-2183
-1840
-1469
-1095
-798
-776
-917
-1119
-1322
-1664
-2034
-2191
-2366
-2495
-2692
-2633
-2215
-1767
-1617
-1567
-1487
-1442
-1371
-1502
-1714
-1917
-2108
-2569
-3558
-4600
-5523
-6283
-6812
-7089
-6960
-6637
-6250
-5526
-4666
-3892
-3145
-2438
-2079
-2181
-2696
-3368
-4093
-4872
-5511
-6093
-6268
-5968
-5458
-4683
-3775
-2596
-1522
-1013
-603
-379
-511
-667
-1007
-1552
-2137
-2486
-2686
-2635
-2407
-2011
-1406
-676
86
688
1109
1438
1731
1619
1374
1180
995
847
753
820
1021
1272
1584
1934
2361
2826
3072
3113
3032
3019
2955
3000
3006
2766
2474
2363
2326
2333
2416
2477
2514
2295
2027
1851
1657
1486
1332
1114
951
1026
1186
1286
1246
1192
1220
1225
1202
1306
1326
1089
598
180
13
161
1009
2357
3786
5251
6446
6949
6943
6281
4960
3200
1223
-407
-1813
-2903
-3308
-3227
-2380
-987
746
2518
4091
5035
5189
4785
3841
2327
676
-849
-2403
-3712
-4360
-4257
-3724
-2754
-1342
62
1106
1780
2180
2010
1358
488
-747
-1940
-3133
-4153
-4978
-5111
-4716
-4075
-3045
-1951
-884
-270
-43
-38
-231
-632
-1234
-1959
-2692
-3347
-3968
-4357
-4378
-4096
-3676
-3213
-3005
-2863
-2734
-2451
-2361
-2600
-2937
-3314
-3473
-3523
-3572
-3518
-3277
-2797
-2475
-2193
-1779
-1577
-1651
-1905
-2066
-2250
-2392
-2531
-2630
-2686
-2697
-2574
-2303
-2173
-1915
-1592
-1406
-1244
-1187
-1062
-1166
-1467
-1869
-2517
-3320
-4169
-5105
-6034
-6664
-7028
-7093
-6798
-6202
-5430
-4602
-3748
-2768
-2115
-1876
-1949
-2341
-3137
-4027
-4914
-5794
-6426
-6888
-6954
-6545
-5916
-5111
-4174
-3189
-2444
-1830
-1540
-1616
-2099
-2662
-3248
-3917
-4424
-4690
-4728
-4512
-4254
-3764
-3132
-2431
-1801
-1043
-577
-429
-254
-146
-273
-477
-497
-525
-614
-630
-577
-173
445
1078
1551
1687
1737
1849
1904
1848
1871
2047
2052
1949
1811
1792
1872
1837
1793
1840
1878
1891
1957
1783
1350
1171
999
807
772
900
932
939
1113
1378
1570
1542
1497
1443
1371
1054
523
-136
-783
-1050
-644
324
1554
2793
3656
4112
3950
3553
2681
1451
116
-1240
-2335
-2895
-2867
-2439
-1535
-147
1447
2948
3788
3893
3644
2911
1954
488
-1081
-2429
-3521
-4101
-4127
-3504
-2555
-1520
-384
885
1916
2474
2530
1975
1326
512
-596
-1687
-2566
-2802
-2794
-2674
-1952
-1019
-50
756
1356
1951
2086
1825
1289
565
-73
-826
-1442
-1964
-2166
-2114
-1902
-1487
-943
-269
241
523
479
446
212
-76
-487
-910
-1119
-1311
-1445
-1462
-1325
-1277
-1185
-975
-778
-672
-742
-865
-1098
-1437
-1736
-1812
-1810
-1989
-2156
-2133
-1778
-1576
-1404
-1193
-1044
-908
-925
-947
-1129
-1432
-1888
-2684
-3592
-4581
-5523
-6216
-6739
-6970
-6870
-6325
-5394
-4657
-4012
-3346
-2598
-1915
-1648
-2018
-2581
-3033
-3892
-4831
-5478
-5844
-6025
-5706
-5040
-4210
-3161
-2037
-1033
-282
35
106
-41
-143
-485
-1147
-1710
-2038
-2103
-2089
-1875
-1349
-650
2
706
1479
2136
2590
2591
2466
2339
2175
2150
2059
1930
2086
2382
2573
2643
2907
3268
3577
3859
3889
3906
4043
4106
3902
3652
3548
3447
3632
3517
3393
3476
3637
3523
3229
3039
2818
2610
2421
2321
2312
2248
2076
2013
2043
1985
2022
2308
2367
2248
2130
2101
1852
1381
741
202
289
1012
2019
3292
4604
5773
6490
6548
6036
5120
3932
2460
1102
-148
-1032
-1223
-894
-87
1032
2412
3665
4627
5165
5122
4658
3834
2684
1299
-65
-1137
-1764
-1916
-1726
-1090
-40
1066
2107
2891
3458
3561
3226
2495
1571
536
-435
-1155
-1746
-2206
-2092
-1413
-593
269
1192
1891
2255
2426
2168
1700
1010
241
-563
-1235
-1681
-1981
-2250
-2192
-1841
-1250
-651
-162
173
235
122
-159
-580
-985
-1528
-1897
-2062
-1955
-1837
-1752
-1584
-1174
-695
-411
-374
-460
-530
-626
-999
-1456
-1697
-1798
-1703
-1600
-1557
-1392
-1245
-1074
-837
-537
-339
-395
-432
-490
-718
-1156
-1793
-2604
-3451
-4313
-5026
-5755
-6365
-6529
-6255
-5584
-4899
-4164
-3223
-2256
-1428
-1005
-1148
-1745
-2538
-3293
-4011
-4639
-5220
-5557
-5552
-4969
-4267
-3489
-2443
-1494
-881
-367
-257
-429
-734
-1145
-1678
-2103
-2634
-3020
-3048
-2789
-2310
-1746
-880
-60
528
935
1209
1381
1452
1417
1293
1141
1050
1003
1079
1251
1519
1868
2299
2614
2816
3072
3311
3511
3661
3698
3546
3468
3367
3144
3075
3094
3042
3220
3225
3120
3096
2973
2830
2625
2447
2441
2361
2117
2004
2091
2266
2421
2445
2459
2401
2312
2371
2386
2102
1607
975
555
422
728
1719
3178
4598
5658
6287
6464
6088
5284
4260
3080
1787
401
-654
-1126
-997
-478
488
1864
3289
4472
5006
4908
4491
3743
2689
1322
83
-1114
-2011
-2436
-2391
-1854
-851
165
1101
1915
2623
3033
2932
2340
1463
402
-662
-1735
-2344
-2543
-2445
-2120
-1545
-656
286
1049
1652
1997
2046
1584
811
82
-474
-1073
-1753
-2220
-2200
-2054
-1959
-1555
-911
-262
91
175
119
-1
-223
-542
-1152
-1737
-1952
-2054
-1998
-1669
-1344
-956
-662
-370
-123
-104
-292
-444
-579
-932
-1334
-1503
-1570
-1410
-1191
-1181
-1062
-699
-608
-661
-538
-231
-215
-319
-517
-917
-1434
-2228
-3226
-4085
-4896
-5491
-5872
-6060
-5999
-5616
-4844
-3931
-3168
-2341
-1516
-1017
-971
-1315
-2123
-2973
-3800
-4522
-4906
-5110
-5203
-4898
-4209
-3416
-2589
-1772
-927
-169
130
200
-86
-511
-1000
-1481
-1837
-2029
-2205
-2097
-1777
-1280
-625
82
836
1407
1771
1924
2033
2103
2004
1835
1660
1609
1653
1699
1910
2407
2791
2984
3099
3307
3647
3886
4009
3938
3759
3587
3506
3547
3473
3267
3167
3090
3020
3088
3159
2999
2908
2790
2502
2380
2297
2281
2276
2125
2027
1908
2042
2213
2303
2387
2445
2435
2205
1848
1256
730
460
667
1434
2527
3889
5219
6246
6779
6416
5674
4743
3450
1969
653
-511
-1171
-1266
-831
165
1366
2694
3899
4797
5065
4823
4179
3217
1983
680
-549
-1620
-2308
-2387
-1826
-1017
214
1449
2231
2773
3267
3426
3032
2135
1109
106
-893
-1725
-2177
-2168
-1895
-1273
-522
415
1365
2040
2201
2088
1870
1370
718
-39
-732
-1359
-1683
-1863
-1959
-1643
-1154
-502
88
339
467
499
325
82
-390
-830
-1202
-1296
-1379
-1536
-1457
-1183
-922
-646
-188
158
226
237
182
-106
-596
-900
-1103
-1214
-1243
-1044
-734
-510
-377
-59
244
448
473
541
467
245
-97
-738
-1485
-2292
-3202
-3987
-4581
-5013
-5284
-5357
-5021
-4377
-3441
-2527
-1749
-998
-538
-314
-380
-863
-1625
-2634
-3490
-4086
-4324
-4232
-4031
-3484
-2860
-2070
-1131
-405
368
887
1013
733
400
6
-691
-1110
-1314
-1559
-1490
-1086
-562
44
658
1344
1918
2203
2483
2438
2297
2049
1690
1377
1293
1600
1969
2265
2667
3116
3133
2911
2528
1872
1369
1107
905
869
1019
1451
2212
3107
3815
4257
4412
4167
3540
2749
1826
883
181
198
625
1434
2424
3674
4887
5839
6598
6989
6996
6550
6040
5307
4246
3605
3113
2723
2625
2980
3991
5403
6921
8487
9775
10335
10191
9264
7973
6487
4810
3269
1904
973
641
850
1619
2675
3832
4935
5826
6130
5903
5355
4416
3117
1861
785
-280
-1293
-1668
-1472
-1040
-321
704
1666
2591
3109
3101
2645
2064
1241
139
-931
-1816
-2555
-3035
-3140
-2774
-2117
-1409
-506
180
624
1015
1204
1109
537
-219
-994
-1686
-2135
-2404
-2404
-2011
-1676
-1117
-270
372
730
993
1202
1335
1205
801
478
224
274
341
463
755
1199
1529
1738
2073
2129
2043
1995
1973
1751
1480
1222
881
752
571
520
847
1188
1273
1228
1184
1201
1151
990
932
899
752
241
-549
-1366
-2251
-3031
-3765
-4401
-4890
-5085
-4854
-4425
-3620
-2910
-2230
-1634
-1141
-818
-1062
-1680
-2366
-3262
-4240
-5016
-5519
-5638
-5534
-5169
-4419
-3475
-2584
-1959
-1443
-1172
-1065
-1066
-1447
-2227
-2930
-3374
-3736
-4036
-4113
-4026
-3595
-3073
-2515
-1788
-1065
-572
-330
-161
-94
-421
-848
-1490
-2043
-2311
-2524
-2503
-2212
-1602
-985
-378
261
865
1222
1346
1119
683
184
-329
-903
-1448
-1607
-1495
-1143
-633
-160
272
550
698
535
71
-473
-990
-1730
-2388
-2894
-3266
-3463
-3380
-2661
-1960
-1461
-1175
-1088
-1273
-1890
-2882
-4091
-5466
-6220
-6091
-5128
-3600
-1923
-344
885
1414
1296
441
-997
-2669
-4573
-6362
-7780
-8692
-8826
-8050
-6654
-4925
-3096
-1670
-583
52
-42
-745
-1891
-3252
-4702
-6148
-7282
-7770
-7527
-6739
-5443
-3989
-2694
-1439
-514
-255
-316
-659
-1339
-2188
-3287
-4256
-4881
-5105
-4964
-4643
-4081
-3044
-1944
-728
163
613
689
251
-261
-509
-1132
-1983
-2463
-2763
-2873
-2658
-2371
-1901
-1179
-586
-195
135
210
-66
-388
-955
-1311
-1594
-1763
-1717
-1649
-1599
-1499
-1114
-628
-276
-49
-112
-266
-359
-494
-726
-1001
-1366
-1602
-1482
-1083
-725
-569
-341
-32
202
395
607
877
1009
813
348
-187
-757
-1519
-2225
-2762
-3567
-4019
-3777
-3335
-2704
-1962
-1130
-191
643
1391
1820
1878
1704
1363
825
33
-542
-1025
-1385
-1455
-948
78
1094
1879
2742
3450
4063
4338
4273
4115
3722
3012
2189
1680
1450
1347
1368
1750
2121
2659
3290
3860
4218
4316
4307
4255
3953
3639
3302
3013
2747
2763
2740
2756
2888
3221
3493
3650
3807
4067
4079
3996
3728
3528
3443
3440
3278
3234
3199
3191
3159
3202
3065
2908
2850
2774
2622
2286
2065
2003
1815
1742
1691
1874
1969
2007
2066
2248
2414
2366
2215
2084
1833
1059
235
-375
-340
206
1206
2733
4237
5235
5674
5661
5035
4109
3064
1982
1156
392
-28
17
636
1571
2781
4046
5167
5881
6091
5760
5116
4282
3284
2007
798
5
-593
-468
280
1431
2539
3443
4460
5165
5402
5189
4729
4138
3375
2410
1465
773
321
292
695
1378
2276
3259
4066
4573
4705
4591
4291
3824
3052
2333
1734
1144
790
752
962
1348
1829
2395
2940
3364
3546
3511
3250
2804
2349
1884
1470
1076
765
630
768
1063
1306
1657
1989
2113
2095
2074
2046
1908
1757
1456
1144
848
729
946
1188
1555
1998
2222
2142
2239
2488
2649
2679
2692
2464
1840
1037
267
-438
-1214
-1894
-2418
-2610
-2420
-2053
-1421
-627
304
1029
1644
2147
2346
2081
1537
751
-31
-581
-889
-1058
-1173
-1173
-643
319
1261
2033
2649
3199
3461
3539
3212
2613
2057
1446
907
511
181
234
518
751
1185
1705
2112
2495
2737
2874
2671
2362
2099
1663
1279
1028
820
750
737
730
945
1306
1678
1780
1765
1781
1783
1657
1563
1464
1286
1126
971
810
662
679
782
766
724
607
531
375
94
-113
-360
-639
-756
-835
-856
-868
-633
-416
-336
-330
-387
-318
-420
-710
-1104
-1478
-1746
-1327
-245
1047
2439
3814
4839
5327
5023
4221
3040
1443
-497
-2387
-3727
-4568
-4736
-4289
-3176
-1512
255
1881
3021
3655
3846
3183
2071
762
-884
-2538
-3939
-5082
-5542
-5189
-4198
-2828
-1586
-517
330
998
1435
1323
635
-364
-1477
-2678
-3939
-4893
-5137
-4861
-4395
-3764
-2845
-1673
-745
-29
358
391
66
-667
-1429
-2007
-2673
-3221
-3755
-3962
-3766
-3429
-2986
-2336
-1654
-1215
-1279
-1369
-1347
-1467
-1797
-2003
-2179
-2361
-2438
-1956
-1376
-904
-528
-363
-123
-129
35
207
-141
-430
-496
-616
-757
-758
-536
-247
-66
211
494
741
865
1106
1271
1385
1315
939
376
-240
-926
-1698
-2490
-3207
-3645
-3863
-3875
-3537
-2969
-2123
-1160
-144
692
1190
1298
1067
681
15
-705
-1527
-2190
-2573
-2754
-2733
-2283
-1514
-603
252
1158
1764
2197
2328
2081
1646
939
183
-537
-994
-1367
-1665
-1577
-1185
-676
-11
489
1023
1405
1611
1685
1452
1164
875
650
351
115
31
55
94
501
842
1187
1350
1541
1737
1805
1670
1568
1500
1437
1302
1208
1249
1216
1185
1196
1303
1467
1455
1429
1159
953
760
599
455
358
338
139
190
424
725
872
794
793
834
782
623
203
-243
-549
-564
-305
