-5308
-4970
-4706
-4652
-4655
-4570
-4658
-4831
-5054
-5119
-5326
-5407
-5392
-5612
-5524
-5323
-5145
-4936
-4756
-4637
-4638
-4529
-4193
-4177
-4448
-4935
-5360
-6040
-7060
-8157
-8859
-9238
-9650
-9546
-9068
-8352
-7577
-6735
-5844
-5038
-4445
-4169
-4233
-4473
-4994
-5766
-6590
-7149
-7543
-7670
-7419
-6705
-5527
-4431
-3587
-2827
-2084
-1487
-1417
-1614
-2188
-2818
-3509
-4172
-4652
-4961
-5053
-4800
-4289
-3837
-3326
-2673
-2019
-1597
-1714
-2199
-2798
-3687
-4587
-5159
-5295
-5005
-4337
-3289
-1905
-1019
-838
-1308
-2551
-4166
-6080
-8128
-9877
-11267
-11883
-11699
-10776
-9322
-7705
-6324
-5357
-4858
-5123
-6030
-7435
-9115
-11145
-12822
-13681
-13545
-12563
-10859
-8551
-5984
-3392
-1329
277
1063
1025
157
-956
-2250
-3903
-5300
-6078
-5810
-4669
-2358
490
3249
5762
7749
8626
8278
6898
4582
1938
-751
-3482
-5862
-7519
-8134
-7598
-6098
-3923
-1660
434
1994
2571
2276
1240
-464
-2771
-5464
-7981
-9933
-10929
-11061
-10613
-9479
-7785
-5895
-4517
-3633
-3209
-3367
-4174
-5728
-7481
-9236
-10944
-12356
-13273
-13442
-13140
-12524
-11400
-9955
-8449
-7027
-6111
-5691
-5876
-6698
-7867
-9122
-10433
-11575
-12432
-12831
-12838
-12573
-11842
-10662
-9340
-7988
-6996
-6394
-5804
-5372
-5008
-4952
-4863
-4708
-4611
-4262
-3873
-3369
-2692
-2146
-1473
-1002
-1044
-1048
-1065
-1169
-1350
-1571
-1834
-1967
-1863
-1826
-1909
-1866
-1574
-1273
-1240
-1370
-1617
-1893
-2068
-2263
-2668
-3171
-3832
-4493
-5204
-5893
-6195
-6406
-6513
-6373
-6126
-5602
-4892
-4280
-3711
-3109
-2597
-2631
-2968
-3542
-4457
-5464
-6454
-7406
-8179
-8560
-8706
-8704
-8177
-7270
-6260
-5493
-4915
-4429
-4348
-4380
-4573
-5223
-5786
-6237
-6525
-6594
-6594
-6005
-5157
-4467
-3574
-2550
-1512
-726
-236
358
957
1150
1017
936
645
-152
-1171
-2175
-3184
-4146
-5026
-5194
-4293
-2517
-615
1270
2987
4327
5022
4957
4129
2606
650
-1286
-2818
-3755
-3869
-3191
-1740
257
2319
4109
5504
6246
6431
5766
4623
3322
1782
160
-1065
-1316
-805
245
1958
3971
5973
7259
7735
7985
8423
8652
8658
8687
8770
8752
8391
7944
7268
6422
5455
4330
3160
1884
659
-157
-439
-240
239
1178
2366
3494
4191
4628
5024
4990
4353
3333
2043
686
-515
-1404
-2142
-2566
-2500
-2069
-1370
-786
-302
85
257
224
-235
-836
-1621
-2724
-3724
-4477
-5023
-5257
-5364
-5352
-5086
-4867
-4566
-4383
-4561
-4460
-4472
-4611
-4928
-5233
-5211
-5160
-5049
-4958
-4853
-4713
-4574
-4385
-4125
-4130
-4196
-4260
-4556
-4907
-4903
-4759
-4417
-4165
-3684
-3220
-2708
-2083
-1493
-871
-513
-638
-854
-1068
-1332
-1808
-2326
-2627
-2853
-3126
-3038
-2752
-2529
-2364
-2081
-1574
-1210
-1143
-1268
-1351
-1526
-1997
-2666
-3762
-5183
-6400
-7632
-8868
-9648
-10162
-10411
-10166
-9512
-8508
-7406
-6463
-5656
-5078
-4741
-4814
-5532
-6660
-7649
-8642
-9530
-10251
-10685
-10792
-10444
-9884
-9171
-8117
-7224
-6659
-6334
-6314
-6242
-6518
-7013
-7680
-8449
-9050
-9307
-9255
-9150
-8780
-8129
-7412
-6552
-5924
-5250
-4639
-4322
-4120
-3897
-3851
-3772
-3675
-3599
-3324
-2903
-2535
-2134
-1707
-1441
-1146
-809
-625
-705
-835
-942
-1109
-1431
-1725
-1737
-1842
-1912
-1721
-1720
-1798
-1783
-1667
-1766
-2030
-2231
-2446
-2668
-2887
-3185
-3509
-3518
-3414
-3237
-3091
-2864
-2682
-2602
-2442
-2502
-2766
-3152
-3849
-4639
-4940
-4505
-3539
-2442
-1110
-40
353
203
-504
-1752
-3216
-4694
-6155
-7509
-8566
-9012
-8754
-7919
-6528
-4937
-3466
-2467
-2203
-2374
-2780
-3697
-5028
-6583
-8025
-9200
-9976
-10212
-9743
-8918
-7690
-6245
-4953
-3859
-2991
-2859
-3277
-3940
-5004
-6235
-7368
-8410
-9128
-9429
-9182
-8496
-7523
-6389
-5202
-4324
-3826
-3424
-3283
-3664
-4335
-5021
-5783
-6519
-7330
-7672
-7612
-7367
-6789
-6127
-5617
-5060
-4848
-4879
-4884
-5001
-5387
-5886
-6337
-6561
-6762
-6974
-6920
-6666
-6417
-6190
-5839
-5585
-5522
-5637
-5775
-6062
-6362
-6687
-6993
-7035
-7161
-7160
-6894
-6457
-6063
-5723
-5479
-5538
-5548
-5270
-5133
-5198
-5553
-6191
-6812
-7606
-8682
-9860
-10641
-10967
-11218
-11305
-11031
-10365
-9428
-8451
-7521
-6716
-6064
-5643
-5717
-6206
-7124
-8044
-8830
-9578
-10097
-10027
-9594
-9027
-8209
-7149
-6129
-5136
-4273
-3766
-3468
-3528
-3915
-4514
-4911
-5228
-5565
-5883
-6041
-5652
-5037
-4376
-3682
-3054
-2370
-1668
-1275
-1062
-936
-913
-870
-883
-1081
-1136
-1036
-899
-701
-341
82
401
739
1087
1256
1414
1601
1670
1532
1292
1097
1104
1128
1176
1131
1000
902
662
587
599
418
351
181
3
-279
-482
-255
-164
-117
-49
125
101
84
343
502
518
262
-358
-1072
-1541
-1469
-1103
-83
1280
2647
3954
4827
5037
4793
4041
2857
1519
144
-1136
-2322
-3035
-2927
-2223
-985
356
1701
2799
3470
3715
3404
2725
1638
205
-1410
-2704
-3458
-3714
-3606
-2867
-1785
-795
306
1408
2041
2308
2000
1324
419
-614
-1827
-2795
-3576
-3912
-3924
-3473
-2661
-1952
-1150
-256
375
631
576
223
-513
-1311
-2118
-2895
-3459
-3913
-4154
-3926
-3515
-2936
-2289
-1818
-1429
-1237
-1246
-1496
-1833
-2295
-2760
-3132
-3431
-3559
-3301
-3087
-2833
-2555
-2123
-1835
-1695
-1604
-1738
-1960
-2266
-2649
-2914
-3036
-3068
-2995
-2928
-3023
-3031
-2634
-2235
-1972
-1872
-1886
-1768
-1751
-1966
-2543
-3389
-4223
-4896
-5629
-6597
-7400
-7744
-7716
-7447
-6931
-6296
-5423
-4512
-3775
-3212
-2809
-2683
-3091
-3978
-4910
-5768
-6550
-7170
-7460
-7454
-7129
-6373
-5427
-4510
-3552
-2884
-2364
-2035
-2041
-2320
-2803
-3253
-3848
-4356
-4728
-4902
-4604
-4172
-3654
-2996
-2274
-1582
-925
-543
-528
-593
-826
-844
-807
-856
-1128
-1331
-1156
-892
-482
-50
338
640
853
1072
1088
1196
1305
1296
1185
1010
918
989
1005
1047
992
830
655
561
573
481
187
-195
-394
-510
-584
-536
-526
-640
-737
-433
-134
-196
-327
-369
-411
-585
-989
-1698
-2346
-2690
-2437
-1647
-413
961
2350
3529
4061
3853
2957
1594
263
-872
-2097
-3297
-4154
-4610
-4245
-3159
-1846
-486
693
1385
1665
1614
1102
87
-1209
-2633
-4171
-5361
-5938
-5942
-5521
-4767
-3670
-2286
-1082
-453
-242
-251
-509
-1242
-2502
-3725
-4610
-5484
-6150
-6264
-5794
-5054
-4168
-3392
-2663
-1792
-1429
-1455
-1728
-2478
-3204
-3877
-4730
-5447
-5982
-6232
-6172
-5774
-5150
-4513
-4071
-3657
-3377
-3398
-3632
-4016
-4407
-4680
-5060
-5516
-5613
-5542
-5448
-5228
-4873
-4548
-4154
-3929
-4043
-4244
-4431
-4614
-4648
-4780
-5013
-5214
-5319
-5285
-5185
-4943
-4766
-4586
-4441
-4219
-4053
-3943
-4139
-4133
-4309
-4806
-5483
-6357
-7423
-8386
-9161
-9581
-9843
-9937
-9465
-8707
-7841
-6996
-6108
-5431
-5102
-5005
-5068
-5545
-6270
-7143
-7924
-8549
-8907
-8973
-8880
-8439
-7519
-6383
-5349
-4664
-4195
-3767
-3546
-3606
-3999
-4549
-5063
-5377
-5674
-5838
-5959
-5699
-5118
-4332
-3558
-2722
-2040
-1557
-1173
-1037
-1040
-1248
-1510
-1659
-1724
-1751
-1631
-1327
-1026
-711
-401
120
544
676
798
921
1140
1220
1005
830
786
768
710
772
834
834
767
622
679
717
538
348
171
-60
-164
-226
-377
-314
-205
-101
-27
115
314
437
335
31
-413
-851
-1591
-2124
-2307
-1880
-643
754
2157
3254
3816
3867
3234
2316
1249
-10
-1298
-2320
-3030
-3310
-3036
-2161
-952
274
1293
2152
2726
2644
2109
1306
144
-1022
-2323
-3565
-4228
-4318
-3951
-3134
-2099
-1133
-20
966
1672
1796
1394
612
-364
-1521
-2546
-3329
-3889
-3996
-3524
-2836
-2120
-1305
-388
386
862
957
804
446
-354
-1186
-1964
-2631
-3021
-3321
-3253
-2993
-2558
-1849
-1392
-1066
-697
-535
-619
-980
-1414
-2058
-2557
-2892
-3072
-3273
-3268
-3000
-2615
-2232
-1928
-1617
-1649
-1765
-1798
-1956
-2260
-2634
-2864
-3002
-2997
-2922
-2826
-2691
-2598
-2452
-2305
-2154
-1862
-1768
-1858
-1972
-2153
-2405
-3063
-4096
-5179
-5981
-6603
-7279
-7699
-7695
-7429
-6890
-6136
-5268
-4326
-3430
-2653
-2348
-2464
-3128
-3912
-4646
-5403
-6013
-6527
-6825
-6717
-6130
-5380
-4339
-3301
-2427
-1754
-1348
-1236
-1363
-1515
-1881
-2443
-2996
-3416
-3595
-3679
-3325
-2696
-2126
-1614
-1023
-402
96
433
638
638
317
106
75
14
21
236
458
666
925
1349
1532
1863
2189
2482
2577
2381
2250
2220
2217
1936
1710
1718
1839
1956
1948
1925
1861
1632
1439
1281
1175
1003
748
741
782
724
552
425
523
673
667
769
777
779
784
635
374
62
-328
-457
-18
942
2424
3881
5064
5694
5656
5234
4298
2762
1187
-497
-1932
-2927
-3569
-3588
-2690
-1212
373
1843
3355
4367
4465
4021
3083
1730
175
-1354
-2759
-3869
-4472
-4293
-3563
-2489
-1332
-223
664
1502
1922
1725
949
-4
-953
-2139
-3359
-4281
-4813
-4861
-4299
-3526
-2682
-1708
-786
-234
92
75
-269
-848
-1632
-2288
-2957
-3801
-4256
-4386
-4316
-4037
-3502
-2909
-2432
-2186
-1990
-2048
-2247
-2602
-3021
-3318
-3538
-3632
-3554
-3356
-3207
-2933
-2678
-2367
-1906
-1727
-1694
-1683
-1916
-2332
-2686
-2949
-3184
-3254
-2998
-2649
-2505
-2348
-2165
-2147
-1878
-1561
-1480
-1619
-1733
-1924
-2381
-3065
-3882
-4818
-5790
-6779
-7344
-7557
-7447
-7173
-6799
-6091
-5230
-4329
-3649
-3029
-2504
-2354
-2785
-3466
-4356
-5444
-6298
-6748
-6910
-6949
-6671
-5982
-5090
-4158
-3218
-2502
-1979
-1641
-1576
-1952
-2604
-3224
-3618
-4027
-4261
-4362
-4351
-4063
-3548
-2813
-1991
-1300
-690
-277
-18
65
35
-126
-198
-234
-453
-629
-643
-385
-97
303
824
1279
1692
1719
1660
1812
1976
2026
1952
1760
1657
1563
1606
1623
1606
1649
1839
1967
1762
1443
1117
1053
1065
949
707
601
662
747
761
709
707
956
1152
1199
1157
971
604
-51
-858
-1228
-1175
-522
620
1929
3127
4183
4628
4499
3819
2777
1340
-82
-1337
-2507
-3255
-3408
-2910
-1761
-277
1212
2474
3225
3480
3224
2609
1690
396
-1027
-2560
-3729
-4303
-4353
-3885
-2950
-1751
-592
428
1282
1679
1655
1513
918
-133
-1468
-2449
-3068
-3570
-3801
-3486
-2707
-1980
-1010
-144
521
925
979
810
446
-203
-991
-1711
-2543
-3087
-3135
-2986
-2671
-2217
-1829
-1402
-985
-601
-401
-420
-752
-1370
-1819
-2103
-2280
-2455
-2517
-2418
-2329
-1946
-1532
-1453
-1335
-1277
-1281
-1361
-1581
-1863
-2129
-2492
-2646
-2561
-2413
-2377
-2274
-2119
-1902
-1736
-1595
-1556
-1668
-1496
-1453
-1847
-2502
-3310
-4367
-5326
-6011
-6553
-6932
-7203
-7194
-6929
-6346
-5427
-4445
-3593
-2981
-2517
-2229
-2369
-2838
-3609
-4518
-5286
-5975
-6215
-6208
-6117
-5673
-4683
-3526
-2536
-1829
-1161
-741
-689
-969
-1274
-1695
-2224
-2655
-3102
-3201
-2919
-2689
-2137
-1331
-653
104
789
1247
1415
1430
1427
1534
1452
1303
1094
982
1039
1197
1423
1823
2179
2561
2833
3104
3060
3058
3194
3351
3341
3129
2955
2838
2703
2703
2754
2792
2829
2872
2804
2608
2532
2354
2047
1745
1547
1543
1579
1665
1678
1670
1721
1689
1704
1706
1804
1739
1404
821
279
-119
-16
473
1623
3123
4453
5399
5876
5875
5400
4660
3435
1962
603
-585
-1347
-1760
-1647
-859
457
1863
3174
4183
4728
4627
4008
3041
1956
814
-511
-1728
-2474
-2730
-2446
-1684
-526
528
1534
2183
2614
2848
2580
1874
891
-170
-1260
-2156
-2813
-3064
-2705
-2156
-1437
-433
419
1093
1540
1689
1475
1032
274
-569
-1253
-1803
-2259
-2607
-2658
-2515
-2196
-1771
-1341
-880
-438
-294
-497
-743
-1039
-1552
-1941
-2252
-2518
-2476
-2286
-2128
-1898
-1447
-952
-803
-799
-780
-850
-1098
-1342
-1479
-1690
-1842
-1928
-1965
-1833
-1500
-1320
-1029
-718
-705
-653
-574
-567
-616
-785
-1224
-1966
-2770
-3808
-4775
-5596
-6187
-6482
-6417
-6058
-5406
-4641
-3917
-3103
-2450
-1805
-1547
-1740
-2088
-2629
-3490
-4515
-5088
-5504
-5611
-5490
-5103
-4491
-3781
-2775
-1911
-1194
-698
-522
-625
-917
-1308
-1848
-2509
-2939
-3165
-3061
-2649
-2295
-1784
-1074
-378
293
749
986
1071
1156
1237
1048
925
816
773
737
854
1092
1317
1723
2228
2722
2896
2955
3001
3187
3161
2973
2820
2686
2485
2405
2516
2508
2501
2544
2522
2506
2356
2119
1863
1728
1781
1626
1311
1294
1364
1485
1558
1535
1694
1800
1915
1954
1860
1467
934
299
-356
-673
-320
758
2293
3788
5043
5777
5929
5594
4685
3519
2062
598
-615
-1564
-2082
-2291
-1695
-459
916
2398
3631
4132
4161
3850
3144
2115
791
-548
-1694
-2557
-2899
-2907
-2398
-1447
-280
830
1772
2346
2622
2406
1916
1136
57
-1106
-2067
-2706
-3122
-2976
-2306
-1601
-821
-14
692
1197
1638
1631
1264
741
23
-685
-1334
-2012
-2535
-2574
-2407
-2027
-1492
-1104
-802
-467
-259
-272
-394
-655
-1106
-1546
-1832
-2021
-2244
-2263
-1960
-1594
-1214
-822
-579
-454
-426
-390
-517
-749
-1275
-1866
-1947
-1877
-1943
-1754
-1602
-1425
-1106
-824
-503
-334
-461
-497
-395
-584
-1060
-1726
-2341
-3112
-4040
-4851
-5622
-6079
-6344
-6173
-5542
-4588
-3844
-3082
-2311
-1728
-1360
-1340
-1714
-2377
-2985
-3631
-4419
-5039
-5355
-5271
-4837
-4279
-3437
-2541
-1645
-809
-213
-15
58
-168
-733
-1303
-1770
-2114
-2429
-2456
-2229
-1889
-1276
-514
202
773
1355
1907
2112
2000
1838
1680
1649
1639
1676
1752
1847
2020
2264
2493
2845
3247
3614
3798
3917
3906
3769
3742
3701
3593
3489
3563
3510
3443
3483
3498
3358
3241
3180
3035
2835
2828
2604
2422
2297
2313
2419
2518
2390
2199
2267
2544
2696
2693
2741
2741
2294
1524
852
639
875
1614
2886
4311
5508
6436
6929
6772
5856
4716
3509
2164
803
-395
-1115
-1030
-450
406
1493
2891
4084
4868
5158
5028
4362
3249
2018
708
-538
-1470
-2047
-2130
-1562
-770
226
1402
2259
2768
3080
3233
2869
2120
1249
171
-945
-1940
-2361
-2229
-1820
-1258
-547
406
1302
1823
1992
2097
2023
1555
785
67
-679
-1413
-1855
-1995
-1804
-1533
-1134
-650
-212
219
421
347
180
-59
-500
-963
-1180
-1402
-1568
-1504
-1208
-823
-631
-370
-48
135
19
31
-16
-332
-661
-878
-1079
-1313
-1344
-1189
-916
-651
-484
-468
-312
-11
165
299
281
113
-274
-700
-1350
-2282
-3276
-4152
-4854
-5391
-5690
-5608
-5099
-4517
-3681
-2778
-1927
-1240
-797
-698
-943
-1381
-2169
-2919
-3672
-4305
-4712
-4745
-4298
-3820
-3024
-2024
-1303
-620
71
418
468
491
146
-455
-1065
-1644
-1946
-1961
-1823
-1549
-987
-246
408
1060
1571
1865
2073
2009
1866
1559
1281
1151
1044
1162
1346
1778
2116
2282
2547
2547
2130
1514
854
475
193
84
389
915
1589
2429
3247
3744
3801
3557
2967
2139
1249
428
-64
-290
-40
645
1597
2800
4002
5112
5785
6236
6303
5985
5432
4708
3949
3163
2675
2330
2178
2515
3481
4960
6732
8320
9348
9907
9771
8924
7668
6123
4432
2757
1293
457
289
428
1093
2439
3868
4869
5484
5903
5682
5026
4161
2986
1652
265
-806
-1459
-1979
-2115
-1653
-819
157
1079
1892
2602
2803
2483
1819
941
-26
-1179
-2226
-3045
-3716
-3753
-3380
-2902
-2190
-1267
-435
243
784
824
540
20
-562
-1296
-2036
-2607
-3008
-2892
-2462
-2043
-1426
-779
-118
477
872
1168
1052
848
680
428
63
-294
-272
8
503
900
1246
1658
1973
2091
1987
1842
1818
1569
1080
931
947
860
680
686
794
738
847
1085
1287
1333
1428
1464
1242
786
559
285
-301
-1234
-2218
-3035
-3813
-4546
-5047
-5045
-4748
-4195
-3443
-2690
-2108
-1545
-1159
-916
-878
-1331
-2054
-2965
-4037
-4803
-5305
-5654
-5626
-5082
-4405
-3579
-2700
-2103
-1472
-962
-799
-915
-1415
-1860
-2483
-3339
-4097
-4500
-4440
-4035
-3523
-2918
-2231
-1515
-923
-480
-270
-62
35
-164
-536
-941
-1469
-2008
-2312
-2260
-1860
-1301
-655
89
827
1318
1583
1682
1559
1102
466
-157
-666
-1179
-1282
-1124
-897
-527
-29
370
797
1049
1072
770
199
-588
-1568
-2276
-2836
-3110
-3221
-3010
-2359
-1794
-1372
-1163
-1142
-1109
-1528
-2511
-3714
-4899
-5755
-5742
-4935
-3535
-1820
-116
1143
1717
1464
676
-577
-2169
-3941
-5621
-6982
-7940
-8284
-7646
-6237
-4476
-2693
-1225
-116
390
339
-212
-1297
-2770
-4411
-5843
-6787
-7207
-6990
-6218
-4970
-3464
-1969
-813
-21
427
464
97
-694
-1851
-2999
-3909
-4548
-4827
-4721
-4216
-3282
-2125
-1056
-50
831
1385
1339
1006
510
-187
-927
-1592
-2092
-2217
-2275
-2219
-1885
-1474
-936
-255
328
677
782
535
114
-233
-464
-811
-1229
-1529
-1554
-1131
-763
-392
-85
181
331
310
216
128
-43
-331
-565
-752
-1024
-1025
-856
-575
-140
228
480
545
680
988
1231
1213
1123
796
97
-627
-1298
-1973
-2877
-3676
-3855
-3595
-3137
-2624
-2042
-1139
-122
859
1439
1808
1912
1629
1262
742
-8
-729
-1156
-1110
-933
-589
215
1180
2056
2829
3700
4216
4362
4371
4054
3622
3090
2550
1966
1431
1325
1552
1915
2372
2838
3296
3840
4228
4463
4324
4076
3966
3698
3316
2956
2750
2652
2594
2775
2857
3002
3373
3803
3966
3957
3885
3769
3612
3453
3344
3311
3142
3058
2959
2940
2866
2913
2918
2713
2601
2532
2318
2065
1940
1876
1732
1603
1606
1624
1720
1880
2172
2242
2228
2146
2088
1991
1413
517
-414
-916
-1064
-721
127
1389
2787
3902
4420
4516
4111
3371
2477
1583
730
125
-255
-73
567
1470
2656
3707
4581
5074
5193
4911
4305
3350
2414
1399
284
-293
-469
-262
362
1417
2639
3559
4436
5040
5152
4950
4481
3946
3124
2081
1115
451
296
432
752
1506
2324
3178
3933
4487
4784
4728
4493
3991
3106
2182
1517
963
730
903
1146
1337
1830
2420
2936
3230
3418
3429
3157
2802
2269
1660
1259
918
661
481
518
827
1050
1304
1551
1704
1726
1675
1665
1562
1332
1002
773
690
711
700
823
1103
1378
1516
1554
1676
1834
1910
1825
1689
1609
1432
869
-14
-1089
-1854
-2472
-2761
-2714
-2685
-2581
-2026
-1256
-411
515
1241
1613
1662
1447
1060
394
-323
-1052
-1650
-1820
-1908
-1720
-1090
-125
836
1678
2484
3084
3256
3251
2920
2412
1945
1227
611
158
-185
-125
95
553
1260
1758
2180
2427
2614
2667
2643
2348
1906
1423
1030
727
430
199
263
648
913
958
1178
1393
1411
1471
1582
1570
1268
877
675
648
460
228
72
111
237
223
1
-202
-388
-481
-631
-863
-987
-918
-1061
-1274
-1235
-1251
-1278
-1101
-988
-879
-910
-1017
-987
-1273
-1527
-1625
-1561
-918
131
1540
3201
4570
5606
5860
5445
4470
2895
1077
-1028
-3081
-4567
-5520
-5639
-5037
-3726
-1938
24
2105
3350
4138
4344
3811
2716
1130
-733
-2546
-3989
-5106
-5645
-5522
-4801
-3562
-1979
-519
470
1041
1354
1347
665
-511
-1883
-3178
-4416
-5378
-5796
-5681
-5303
-4569
-3485
-2252
-1308
-724
-340
-229
-410
-904
-1567
-2520
-3334
-3810
-4199
-4402
-4363
-4059
-3708
-3345
-2816
-2251
-1940
-1931
-2151
-2422
-2456
-2380
-2543
-2544
-2427
-2175
-1896
-1449
-949
-340
-42
42
-49
-50
-92
-420
-713
-754
-609
-582
-752
-474
5
368
847
1166
1409
1586
1621
1657
1761
1502
932
327
-358
-1139
-2207
-3101
-3543
-3628
-3411
-3236
-2739
-1917
-789
132
769
1211
1546
1465
948
226
-600
-1337
-1990
-2352
-2452
-2459
-2300
-1767
-751
241
1062
1674
2037
2101
1847
1307
665
-49
-841
-1316
-1637
-1718
-1510
-1204
-889
-247
522
931
1196
1487
1434
1261
913
535
342
96
-176
-332
-198
34
229
570
897
1176
1329
1480
1544
1563
1502
1456
1480
1372
1183
1096
1278
1421
1404
1403
1561
1527
1114
913
863
611
431
490
537
479
533
700
698
603
661
807
895
1016
920
780
488
-73
-544
-884
-844
