-4798
-4257
-3972
-3918
-3749
-3679
-3745
-3944
-4149
-4257
-4286
-4427
-4532
-4526
-4458
-4338
-4246
-3906
-3563
-3497
-3388
-3181
-3093
-3059
-3368
-3751
-4390
-5229
-6066
-6818
-7563
-8236
-8593
-8622
-8130
-7467
-6731
-5906
-5100
-4344
-3630
-3237
-3245
-3640
-4449
-5397
-6148
-6751
-7155
-7326
-7082
-6416
-5506
-4530
-3499
-2653
-2201
-2029
-2011
-2167
-2568
-3008
-3656
-4272
-4670
-5012
-5305
-5078
-4470
-3913
-3499
-3046
-2422
-2095
-2181
-2638
-3363
-4266
-5011
-5226
-5171
-4786
-4197
-3188
-1868
-896
-749
-1354
-2490
-4035
-5858
-7903
-9743
-11044
-11587
-11227
-10243
-8938
-7321
-5712
-4602
-4244
-4608
-5715
-7271
-8988
-10530
-11923
-13028
-13015
-11839
-9993
-7818
-5289
-2783
-604
779
1394
1149
338
-699
-2100
-3616
-5221
-6374
-6493
-5582
-3697
-1211
1501
4176
6074
6976
6931
5920
4204
2027
-321
-2702
-4689
-6078
-6638
-6225
-4900
-3179
-1441
168
1198
1432
936
-188
-1852
-3958
-6086
-8134
-9596
-10193
-10021
-9237
-8025
-6485
-5118
-3912
-3115
-2994
-3370
-4117
-5446
-7049
-8786
-10308
-11439
-12230
-12356
-11719
-10530
-9236
-7901
-6531
-5329
-4704
-4778
-5324
-6219
-7555
-8957
-10101
-10990
-11650
-11915
-11670
-11026
-10044
-8847
-7513
-6354
-5519
-4814
-4041
-3677
-3766
-4159
-4363
-4155
-4052
-3799
-3390
-2920
-2453
-1910
-1371
-861
-538
-549
-628
-897
-1109
-1258
-1571
-1828
-1950
-1962
-2008
-1937
-1714
-1562
-1542
-1531
-1753
-2359
-2694
-2752
-2848
-2972
-3412
-3891
-4560
-5311
-5859
-6282
-6377
-6305
-6254
-5803
-5182
-4495
-3939
-3438
-2947
-2760
-2892
-3451
-4393
-5143
-5992
-6962
-7726
-8069
-8029
-7801
-7293
-6457
-5515
-4956
-4402
-3968
-3908
-4093
-4313
-4585
-4975
-5277
-5436
-5563
-5351
-4873
-4318
-3549
-2526
-1466
-634
95
628
1033
1390
1515
1700
1535
951
178
-691
-1657
-2747
-3842
-4484
-4301
-3248
-1589
289
2155
3522
4700
5378
5164
4222
2641
744
-1080
-2719
-3735
-3857
-3035
-1503
365
2315
4169
5700
6622
6740
6059
4815
3135
1499
-1
-1050
-1462
-1116
94
1929
3930
5827
7013
7488
7541
7495
7427
7383
7247
7204
7310
7270
7148
6961
6605
6030
5140
4088
2927
1860
1036
409
84
126
769
1886
3029
4064
4739
4994
4691
4100
3289
2418
1108
-120
-1038
-1622
-1962
-1853
-1351
-643
49
677
1036
1188
1174
848
250
-738
-1740
-2705
-3483
-3966
-4160
-4141
-4036
-3901
-3803
-3632
-3394
-3366
-3472
-3579
-3736
-3926
-4303
-4678
-4711
-4612
-4373
-4298
-4090
-3784
-3603
-3325
-2967
-2979
-3317
-3730
-4052
-4121
-4190
-4220
-4255
-4068
-3438
-2813
-2298
-1808
-1424
-1071
-906
-860
-911
-1050
-1297
-1748
-2347
-2850
-3194
-3311
-3217
-2941
-2725
-2361
-2093
-1854
-1584
-1349
-1142
-1231
-1704
-2648
-3745
-4980
-6299
-7578
-8695
-9523
-9945
-10175
-10012
-9355
-8379
-7193
-6162
-5362
-4783
-4618
-4729
-5366
-6267
-7203
-8066
-8808
-9465
-9939
-10058
-9685
-9080
-8294
-7318
-6500
-5932
-5739
-5664
-5799
-6102
-6715
-7378
-7783
-8007
-8188
-8343
-8191
-7752
-7095
-6386
-5634
-4889
-4289
-3992
-3655
-3517
-3465
-3295
-3231
-3112
-2923
-2527
-1930
-1529
-1217
-878
-693
-645
-439
-295
-304
-368
-540
-792
-1042
-1202
-1212
-1190
-1162
-997
-954
-1114
-1202
-1216
-1357
-1440
-1626
-1832
-2019
-2259
-2365
-2437
-2499
-2525
-2567
-2490
-2283
-2059
-1978
-1962
-1951
-2141
-2650
-3471
-4323
-4398
-3855
-2878
-1633
-495
454
1026
909
213
-893
-2408
-3942
-5452
-6745
-7548
-7899
-7651
-6654
-5398
-4020
-2697
-1643
-1041
-1074
-1710
-2720
-4150
-5713
-7001
-8223
-8843
-8977
-8707
-7837
-6421
-5014
-3739
-2886
-2349
-2158
-2359
-3116
-4189
-5463
-6738
-7677
-8224
-8307
-8037
-7326
-6353
-5470
-4661
-3903
-3334
-2992
-2991
-3341
-3968
-4630
-5397
-6178
-6750
-6873
-6836
-6556
-6028
-5529
-5161
-4757
-4437
-4292
-4396
-4630
-4919
-5406
-5863
-6166
-6410
-6504
-6503
-6334
-6174
-5818
-5397
-5232
-5304
-5501
-5714
-5884
-6020
-6264
-6407
-6497
-6578
-6549
-6325
-6013
-5676
-5408
-5344
-5116
-5042
-4969
-5103
-5214
-5477
-5872
-6477
-7367
-8236
-9277
-10165
-10812
-11204
-11337
-10885
-10006
-9203
-8117
-7127
-6364
-5674
-5277
-5402
-5922
-6770
-7539
-8256
-8933
-9263
-9360
-9220
-8932
-8069
-6834
-5731
-4838
-4216
-3679
-3482
-3569
-3871
-4233
-4613
-5005
-5587
-5900
-5796
-5623
-5223
-4530
-3753
-2974
-2336
-2070
-1697
-1182
-1025
-1020
-1128
-1229
-1213
-1322
-1355
-1174
-963
-579
-130
227
519
781
1059
1136
1211
1224
1097
968
911
741
707
767
774
752
642
557
492
407
237
24
-232
-212
-225
-373
-460
-402
-148
-7
120
302
372
206
117
98
-37
-476
-1068
-1391
-1553
-1252
-304
1063
2535
3742
4562
4785
4466
3626
2527
1051
-483
-1626
-2480
-3039
-3129
-2539
-1271
111
1362
2398
3013
3070
2715
1874
844
-384
-1615
-2670
-3592
-3887
-3752
-3130
-2016
-772
220
963
1395
1522
1344
831
-69
-1029
-2111
-2974
-3682
-4290
-4374
-3946
-3038
-2073
-1227
-599
-134
241
331
-151
-837
-1648
-2444
-3094
-3713
-4106
-4155
-3899
-3517
-3004
-2377
-1866
-1583
-1561
-1619
-1751
-1943
-2326
-2758
-3201
-3355
-3473
-3407
-3174
-2915
-2703
-2459
-2255
-2006
-1975
-2110
-2133
-2270
-2641
-3122
-3226
-3206
-3119
-3062
-2902
-2636
-2399
-2386
-2335
-2237
-2143
-1983
-1939
-2140
-2533
-3209
-4050
-4844
-5834
-6697
-7226
-7505
-7754
-7850
-7597
-6712
-5687
-4955
-4123
-3332
-2921
-3001
-3381
-4261
-5188
-6089
-6799
-7244
-7570
-7498
-7075
-6286
-5385
-4511
-3558
-2831
-2351
-2133
-2243
-2506
-2969
-3559
-4060
-4506
-4793
-4823
-4625
-4294
-3699
-3008
-2234
-1643
-1206
-720
-496
-401
-262
-404
-706
-946
-904
-726
-801
-612
-181
80
398
742
1138
1359
1581
1680
1446
1376
1335
1345
1340
1332
1220
1213
1353
1392
1207
896
719
808
679
343
178
40
-198
-444
-411
-280
-200
-179
-117
-70
63
108
-98
-316
-655
-1078
-1605
-1962
-1730
-1148
-111
1340
2899
4085
4486
4206
3487
2284
777
-692
-1869
-2873
-3678
-4043
-3565
-2567
-1332
-151
1001
1803
2049
1796
1156
290
-939
-2364
-3579
-4500
-5026
-5084
-4521
-3610
-2688
-1711
-709
-3
329
322
-160
-965
-2129
-3186
-4251
-5024
-5369
-5507
-5198
-4479
-3624
-2860
-2007
-1304
-1120
-1223
-1577
-2293
-3055
-3924
-4647
-5236
-5630
-5656
-5376
-4940
-4582
-4170
-3624
-3225
-3145
-3241
-3367
-3633
-4026
-4544
-4970
-5110
-5239
-5043
-4752
-4544
-4213
-3806
-3484
-3489
-3509
-3600
-3823
-4004
-4179
-4399
-4607
-4684
-4660
-4383
-4274
-4287
-4154
-4097
-3840
-3455
-3157
-3260
-3542
-3736
-3876
-4413
-5154
-5909
-6757
-7630
-8469
-8998
-9306
-9169
-8867
-8325
-7586
-6815
-5976
-5221
-4670
-4350
-4487
-5023
-6020
-7049
-7854
-8458
-8856
-8944
-8539
-7881
-7024
-6014
-5013
-4307
-3757
-3227
-3020
-3101
-3481
-4235
-4744
-5154
-5381
-5470
-5436
-5065
-4420
-3991
-3420
-2684
-2014
-1487
-1294
-1171
-967
-908
-1124
-1373
-1504
-1430
-1182
-840
-484
-290
13
325
619
869
1206
1284
1323
1422
1423
1345
1220
1266
1255
1392
1455
1546
1669
1512
1278
1203
1036
716
501
350
331
418
285
186
383
484
494
433
347
329
346
297
-14
-616
-1628
-2544
-2935
-2819
-2108
-1018
271
1661
2519
2582
2053
1301
452
-542
-1429
-2088
-2437
-2766
-2575
-1668
-512
549
1437
2113
2367
2179
1568
721
-299
-1543
-2628
-3504
-3804
-3376
-2680
-1932
-990
125
1015
1573
1792
1847
1513
823
-41
-1076
-1918
-2428
-2773
-2763
-2528
-1872
-965
26
850
1304
1466
1500
1219
790
152
-590
-1285
-1922
-2331
-2484
-2244
-1893
-1352
-760
-225
174
350
518
580
177
-540
-1236
-1734
-2206
-2523
-2520
-2446
-2363
-2237
-2015
-1817
-1729
-1901
-2011
-1954
-2051
-2276
-2647
-2856
-2973
-3159
-3261
-3207
-3010
-2944
-2912
-2691
-2615
-2621
-2547
-2466
-2447
-2623
-3024
-3535
-4470
-5587
-6395
-6897
-7385
-7733
-7788
-7535
-7067
-6437
-5443
-4597
-3975
-3412
-3257
-3303
-3547
-4078
-4604
-5431
-6233
-6720
-6708
-6508
-6080
-5305
-4070
-2952
-2261
-1671
-1147
-885
-994
-1402
-1855
-2213
-2679
-3008
-3129
-2980
-2769
-2349
-1585
-774
1
510
893
1077
1117
1228
1163
924
785
586
555
665
896
1173
1465
1722
1897
2174
2596
2708
2697
2658
2555
2467
2364
2138
2026
1946
2018
2131
2250
2233
2071
1771
1642
1696
1670
1576
1387
1160
961
840
897
840
749
886
1066
1165
1136
1016
1107
1033
759
429
333
763
1705
3022
4534
5885
6913
7242
6913
6047
4773
3055
1163
-760
-2534
-3666
-4003
-3499
-2260
-587
1128
2876
4504
5466
5465
4914
3886
2557
889
-1019
-2640
-3723
-4169
-4075
-3399
-2353
-1077
215
1198
1856
2186
1936
1237
275
-939
-2393
-3645
-4468
-5095
-5197
-4678
-3803
-2756
-1705
-773
-247
49
-84
-449
-900
-1626
-2482
-3399
-4167
-4565
-4729
-4571
-4386
-4092
-3536
-3120
-2989
-2996
-2960
-2971
-3019
-3403
-3841
-4105
-3975
-3775
-3517
-3124
-2764
-2546
-2262
-1742
-1446
-1300
-1500
-1904
-2188
-2340
-2565
-2769
-2862
-2833
-2380
-1989
-1778
-1598
-1328
-1014
-827
-779
-834
-1020
-1276
-1768
-2377
-3110
-4082
-4952
-5566
-6155
-6635
-6819
-6442
-5801
-5014
-4195
-3562
-2810
-2139
-1869
-1979
-2341
-2774
-3532
-4560
-5495
-6230
-6606
-6526
-6185
-5649
-4911
-3947
-3135
-2489
-2058
-1910
-2004
-2286
-2677
-3190
-3734
-4285
-4528
-4475
-4348
-4005
-3558
-2818
-2059
-1536
-1118
-739
-502
-286
-278
-338
-485
-683
-560
-569
-376
-154
71
449
839
1169
1522
1882
2233
2358
2266
2161
2173
2190
2126
2175
2350
2353
2365
2315
2394
2391
2267
2202
2066
1908
1927
1787
1599
1487
1346
1357
1471
1597
1710
1923
1845
1766
1858
1859
1351
570
-97
-598
-718
-439
451
1709
2703
3529
4051
4070
3489
2528
1215
-228
-1379
-2197
-2532
-2559
-2171
-1037
162
1574
2867
3532
3858
3587
2878
1852
372
-1220
-2707
-3613
-3936
-3781
-3114
-2192
-1095
157
1128
1869
2217
2114
1930
1402
345
-769
-1705
-2426
-2671
-2695
-2251
-1427
-578
282
1080
1572
1753
1820
1892
1447
450
-458
-1081
-1469
-1724
-1791
-1759
-1607
-1245
-632
-68
241
521
631
623
427
213
-125
-701
-1062
-1214
-1442
-1567
-1301
-990
-846
-855
-836
-879
-939
-1098
-1425
-1778
-2091
-2282
-2304
-2159
-2120
-2165
-2148
-2128
-1952
-1740
-1695
-1651
-1549
-1417
-1603
-2224
-2836
-3359
-4161
-5034
-5986
-6705
-7254
-7363
-7257
-7021
-6374
-5521
-4601
-3742
-3113
-2767
-2737
-2937
-3392
-4032
-4786
-5438
-6056
-6404
-6479
-6025
-5241
-4369
-3520
-2431
-1609
-1111
-687
-663
-806
-1093
-1431
-1979
-2391
-2670
-2738
-2691
-2393
-1814
-1098
-294
487
1227
1686
1804
1979
2116
2103
2091
1988
1869
1759
1788
1993
2105
2375
2715
3133
3455
3596
3679
3684
3697
3769
3664
3513
3370
3356
3215
3028
3017
3162
3193
3125
3039
3013
2923
2557
2228
2114
1837
1588
1687
1881
2075
2000
1799
1837
1901
1828
1783
1661
1405
872
230
-333
-262
354
1434
2914
4351
5506
6135
6196
5510
4439
3116
1771
491
-649
-1354
-1487
-1186
-450
674
2040
3389
4347
4754
4593
4278
3507
2279
932
-304
-1293
-2004
-2235
-1825
-992
-10
1156
2223
2877
3248
3183
2695
1989
1211
219
-688
-1587
-2250
-2342
-2060
-1555
-801
245
1150
1614
1920
2010
1737
1224
493
-57
-637
-1400
-2094
-2455
-2293
-2066
-1758
-1264
-730
-329
-174
-234
-336
-605
-1048
-1461
-1855
-2084
-2083
-2099
-2090
-1916
-1623
-1292
-886
-691
-630
-671
-806
-938
-1203
-1450
-1774
-2045
-2015
-1871
-1903
-1789
-1524
-1256
-1046
-890
-610
-370
-322
-422
-748
-1235
-1848
-2633
-3565
-4314
-5040
-5751
-6030
-6082
-5926
-5429
-4582
-3725
-2954
-2163
-1540
-1231
-1423
-1923
-2539
-3393
-4199
-4865
-5211
-5226
-5092
-4605
-3799
-2906
-2010
-1386
-960
-443
-129
-254
-728
-1372
-1888
-2415
-2823
-3002
-2804
-2365
-1886
-1312
-575
-49
383
888
1356
1586
1669
1515
1407
1290
1131
1093
1236
1481
1739
2058
2386
2784
3127
3468
3453
3405
3445
3433
3346
3393
3440
3333
3281
3264
3192
3154
3221
3313
3195
3153
3049
2703
2499
2407
2268
2144
2114
2270
2426
2420
2506
2617
2622
2644
2620
2481
2314
1810
1193
733
610
979
1911
3134
4628
5836
6510
6620
6240
5384
4275
2968
1626
308
-645
-1045
-809
-112
873
1952
3199
4347
4967
4950
4478
3602
2580
1426
133
-1090
-1956
-2213
-1936
-1267
-375
731
1813
2590
2998
2982
2721
2147
1163
234
-652
-1377
-1997
-2165
-2030
-1568
-787
59
919
1611
1994
2121
2018
1724
1116
446
-387
-1008
-1509
-1806
-1858
-1796
-1611
-1206
-596
-48
240
478
531
189
-194
-618
-929
-1291
-1458
-1648
-1693
-1507
-1300
-936
-492
-240
-73
-58
99
101
-351
-819
-1076
-1147
-1171
-1069
-973
-847
-627
-627
-474
-206
-50
25
-45
-177
-494
-738
-1208
-1949
-2761
-3672
-4622
-5244
-5642
-5808
-5584
-5047
-4340
-3443
-2556
-1844
-1211
-789
-911
-1246
-1849
-2647
-3474
-4081
-4437
-4773
-4909
-4489
-3827
-2954
-2147
-1498
-665
-79
141
133
-106
-354
-889
-1380
-1824
-2097
-2060
-1847
-1532
-1033
-334
426
1032
1481
2037
2397
2513
2497
2285
2244
2129
2032
2091
2285
2494
2657
2921
3364
3704
3938
4185
4295
4323
4389
4258
4096
3956
3811
3684
3715
3671
3699
3723
3662
3624
3616
3393
3171
3068
2950
2935
2827
2616
2528
2633
2759
2776
2819
2915
2900
2960
2937
2820
2425
1619
881
536
842
1687
2954
4263
5494
6546
7034
6673
5882
4866
3645
2250
1017
200
-478
-801
-473
448
1806
3161
4226
4935
5235
5056
4363
3159
1846
557
-591
-1492
-1920
-1850
-1368
-515
535
1615
2577
3076
3168
3086
2754
2099
1166
81
-915
-1685
-2099
-2132
-1725
-1096
-305
595
1479
2017
2330
2313
1993
1447
726
-18
-730
-1521
-1982
-1981
-1713
-1385
-885
-342
96
480
640
537
386
4
-326
-678
-1078
-1323
-1451
-1398
-1234
-1065
-698
-271
65
195
221
191
35
-239
-451
-692
-1111
-1292
-1112
-830
-740
-552
-306
-272
-34
45
11
72
103
19
-351
-951
-1594
-2457
-3375
-4173
-4771
-5322
-5503
-5358
-5051
-4453
-3628
-2693
-1922
-1318
-870
-602
-673
-1264
-2098
-2872
-3556
-4179
-4640
-4734
-4406
-3725
-3070
-2433
-1476
-674
-58
413
612
439
57
-540
-1202
-1534
-1734
-1782
-1640
-1339
-928
-374
367
1076
1572
2008
2108
2088
1741
1428
1311
1093
932
1187
1575
1989
2458
2867
2947
2762
2311
1869
1349
709
339
312
658
1172
1933
2817
3695
4326
4359
4081
3535
2630
1714
987
455
288
424
1157
2350
3736
4796
5711
6480
6919
6929
6402
5774
5102
4345
3588
2972
2531
2430
3081
4313
5669
7244
8869
9942
10311
10166
9462
8163
6425
4611
3135
1899
1013
781
952
1703
2721
3774
4842
5628
5979
5912
5295
4353
3215
1848
662
-346
-1055
-1376
-1339
-706
29
866
1876
2671
2945
2957
2728
2243
1318
157
-917
-2022
-2756
-3071
-3054
-2698
-2001
-1240
-580
226
739
997
1067
763
205
-543
-1364
-2118
-2387
-2493
-2645
-2421
-1919
-1255
-389
255
848
1309
1414
1207
897
586
420
314
160
86
181
556
1067
1419
1806
2246
2360
2262
2134
1922
1583
1403
1373
1210
824
659
729
991
1241
1465
1421
1240
1135
965
1061
1062
989
871
603
-5
-953
-2024
-2981
-3732
-4253
-4578
-4805
-4675
-4393
-3714
-2754
-1918
-1214
-810
-819
-1141
-1582
-2180
-2902
-3658
-4464
-5177
-5513
-5475
-5157
-4389
-3490
-2627
-1818
-1286
-1087
-1007
-1144
-1492
-2092
-2737
-3412
-4041
-4251
-4260
-3955
-3512
-2904
-2260
-1671
-1035
-467
-65
80
-26
-148
-524
-1063
-1436
-1811
-2218
-2378
-2103
-1570
-938
-307
447
995
1268
1247
852
512
89
-469
-1003
-1396
-1568
-1595
-1361
-730
-71
522
887
950
816
458
-140
-1042
-1889
-2485
-2883
-3169
-3287
-3145
-2704
-1980
-1504
-1142
-957
-1092
-1628
-2701
-3957
-5202
-5910
-5966
-5279
-3954
-2161
-439
800
1302
1082
488
-673
-2388
-4357
-5997
-7408
-8327
-8419
-7725
-6375
-4685
-2926
-1463
-462
-154
-276
-1067
-2289
-3667
-5097
-6289
-7328
-7897
-7531
-6503
-5281
-3965
-2563
-1220
-386
-3
-54
-502
-1357
-2382
-3386
-4205
-4823
-5132
-5021
-4442
-3522
-2462
-1334
-337
280
681
940
659
56
-762
-1424
-1974
-2609
-2993
-2982
-2619
-2207
-1572
-894
-438
-97
222
438
317
-223
-872
-1351
-1767
-1953
-1988
-1971
-1738
-1356
-959
-534
-254
-127
-3
-91
-170
-256
-475
-720
-1050
-1194
-1085
-846
-644
-474
-144
39
98
304
484
833
860
578
287
-178
-690
-1398
-2185
-2832
-3313
-3686
-3825
-3550
-2911
-2163
-1110
-243
439
1147
1635
1749
1589
1143
615
103
-520
-1057
-1294
-1014
-533
70
905
1813
2812
3430
3752
3842
3760
3597
3201
2693
2047
1579
1346
1259
1328
1740
2191
2717
3298
3757
3937
4134
4229
4027
3807
3456
3269
3068
2847
2801
2748
2727
2867
3050
3399
3684
3734
3663
3633
3667
3667
3569
3425
3255
3142
3093
3019
3069
3175
3179
3157
3049
2935
2801
2480
2312
2176
2133
1971
1987
2043
2058
1933
2054
2335
2367
2387
2446
2485
2392
2012
1390
671
239
171
659
1787
3145
4530
5585
6083
6112
5535
4639
3609
2377
1171
364
-4
-142
275
1283
2600
3850
4888
5662
5996
5868
5322
4329
3095
1757
705
-86
-370
-245
365
1286
2347
3504
4404
4852
5028
4855
4437
3652
2800
1851
829
194
0
252
762
1303
1952
2806
3602
4016
4079
4127
3952
3532
2905
2258
1516
830
375
375
677
801
1108
1597
2131
2573
2844
2879
2769
2591
1945
1447
1180
1039
1024
975
971
865
1173
1708
2064
2282
2381
2351
2196
1912
1583
1462
1292
1262
1345
1406
1516
1715
1905
1951
2066
2258
2601
2873
2940
2719
2321
1936
1361
553
-318
-1093
-1727
-2186
-2394
-2117
-1717
-1191
-572
173
1051
1700
2147
2336
2212
1713
1088
275
-309
-726
-1045
-1123
-984
-473
153
926
1967
2571
2944
3080
3052
2776
2277
1668
1059
462
-45
-194
-201
-89
283
681
1126
1586
1890
2199
2157
2017
1773
1356
1054
783
628
407
369
496
625
808
1054
1250
1451
1614
1600
1390
1213
1222
1177
831
657
804
807
694
713
747
572
488
393
213
-54
-234
-434
-502
-549
-693
-842
-916
-853
-721
-467
-331
-319
-276
-389
-594
-941
-1463
-1847
-1942
-1708
-1057
80
1635
3179
4232
4527
4178
3536
2617
1314
-423
-2186
-3426
-4275
-4748
-4394
-3349
-1825
-12
1575
2723
3270
3029
2464
1695
407
-1274
-2831
-4051
-4862
-5024
-4728
-3842
-2547
-1255
-207
644
1287
1340
897
93
-952
-2166
-3282
-4180
-4663
-4831
-4708
-4232
-3271
-2003
-986
-376
47
443
393
-99
-760
-1557
-2405
-3108
-3534
-3714
-3807
-3667
-3188
-2645
-2264
-1810
-1171
-844
-952
-1227
-1606
-2041
-2340
-2488
-2542
-2421
-2086
-1725
-1611
-1279
-732
-284
-253
-368
-429
-583
-755
-789
-797
-990
-1104
-1054
-828
-498
-234
-2
172
423
801
1036
1038
824
542
227
-357
-1028
-1745
-2581
-3264
-3880
-4407
-4470
-3919
-3100
-2274
-1651
-891
-43
682
886
857
526
46
-773
-1722
-2390
-2666
-2636
-2416
-2084
-1576
-623
261
999
1563
1823
1800
1540
1056
553
15
-480
-996
-1352
-1523
-1366
-922
-406
167
664
1086
1392
1529
1510
1359
1215
970
455
116
26
53
306
559
652
965
1390
1607
1768
1720
1656
1740
1653
1557
1372
1424
1373
1287
1411
1351
1163
1171
1332
1330
1205
1080
827
604
413
333
142
78
216
363
402
573
635
835
927
890
898
645
314
166
108
292
798
