-5336
-5004
-4550
-4181
-4025
-4257
-4647
-4810
-4933
-5087
-5166
-5422
-5425
-5242
-5135
-5086
-4946
-4872
-4591
-4236
-3775
-3766
-3965
-4044
-4295
-4756
-5385
-6006
-6864
-7748
-8613
-9132
-9342
-9388
-9275
-8846
-7863
-6787
-5921
-4998
-4225
-3936
-3931
-4362
-5007
-5556
-6278
-7110
-7471
-7371
-7125
-6526
-5615
-4595
-3494
-2714
-2069
-1590
-1476
-1794
-2316
-2922
-3602
-4201
-4626
-4988
-5150
-4864
-4389
-3895
-3255
-2610
-2261
-2046
-2072
-2467
-3152
-3979
-4670
-5010
-5104
-4938
-4197
-3107
-1828
-944
-846
-1335
-2586
-4298
-6187
-8101
-9784
-11133
-11889
-11863
-11004
-9356
-7661
-6415
-5469
-4943
-5052
-6103
-7722
-9329
-10934
-12549
-13520
-13431
-12528
-10780
-8481
-5988
-3503
-1319
227
786
529
-142
-954
-2184
-3668
-5179
-6137
-5980
-4747
-2530
309
3362
5810
7461
8229
7959
6628
4573
2108
-740
-3548
-5927
-7507
-8051
-7502
-5807
-3612
-1420
504
1864
2422
2065
861
-922
-3014
-5548
-8001
-9962
-11124
-11337
-10588
-9251
-7579
-5759
-4209
-3232
-2996
-3409
-4231
-5505
-7231
-9040
-10948
-12501
-13343
-13278
-12761
-11971
-10715
-9281
-7836
-6681
-5908
-5614
-5941
-6800
-8005
-9324
-10562
-11632
-12425
-12703
-12710
-12352
-11335
-10158
-9069
-7887
-7000
-6344
-5616
-5130
-4845
-4894
-4920
-4740
-4461
-3936
-3324
-2801
-2382
-1763
-1399
-1062
-917
-964
-900
-980
-1317
-1538
-1552
-1601
-1628
-1491
-1383
-1523
-1646
-1553
-1526
-1505
-1617
-1848
-2117
-2407
-2725
-3039
-3544
-4284
-5109
-5786
-6126
-6387
-6507
-6456
-6140
-5671
-5310
-4652
-3802
-3153
-2790
-2645
-2919
-3457
-4259
-5332
-6372
-7396
-8012
-8299
-8315
-8179
-7722
-7049
-6383
-5687
-5115
-4637
-4434
-4381
-4741
-5279
-5705
-6186
-6525
-6528
-6391
-5955
-5298
-4391
-3362
-2553
-1719
-861
-302
42
279
487
777
743
506
-151
-941
-1826
-3041
-4166
-4911
-4969
-4157
-2469
-424
1485
3167
4433
5051
4918
4029
2673
890
-1037
-2646
-3694
-3882
-3279
-2015
-187
1806
3593
5062
5993
6274
5650
4428
2933
1310
-270
-1306
-1638
-1337
-278
1385
3431
5495
6855
7592
7953
8230
8494
8632
8621
8592
8356
8056
7687
7010
6241
5271
4095
2861
1669
714
-76
-398
-254
38
716
1799
3032
3919
4545
4714
4518
3930
3142
2040
661
-673
-1718
-2414
-2640
-2627
-2235
-1630
-896
-122
353
382
115
-387
-978
-1652
-2582
-3604
-4368
-4865
-5008
-4937
-4849
-4908
-4838
-4526
-4348
-4175
-4177
-4562
-4998
-5309
-5249
-5105
-5104
-4986
-4835
-4812
-4779
-4636
-4526
-4451
-4355
-4195
-4307
-4542
-4792
-4811
-4727
-4510
-4114
-3678
-3062
-2419
-1922
-1389
-853
-565
-608
-651
-782
-1120
-1466
-1940
-2416
-2748
-2970
-2886
-2733
-2543
-2278
-1996
-1505
-1267
-1158
-1037
-991
-1239
-1996
-2802
-3554
-4662
-6189
-7617
-8660
-9382
-9923
-10299
-10166
-9374
-8355
-7396
-6489
-5627
-5151
-4902
-4840
-5283
-6201
-7378
-8321
-9312
-10013
-10375
-10308
-9861
-9330
-8655
-7876
-6904
-6134
-5842
-5904
-6059
-6421
-6885
-7516
-8117
-8404
-8648
-8881
-8655
-8164
-7503
-6647
-5882
-5480
-5076
-4572
-4156
-3891
-3739
-3599
-3343
-3170
-3092
-2937
-2551
-2087
-1620
-1333
-1037
-697
-514
-485
-733
-866
-1054
-1148
-1321
-1397
-1482
-1402
-1372
-1563
-1613
-1577
-1662
-1637
-1667
-1921
-2136
-2313
-2560
-2880
-3008
-2992
-2930
-2863
-2767
-2705
-2634
-2504
-2365
-2104
-2029
-2553
-3316
-3916
-4283
-4413
-3933
-2982
-1660
-448
513
1107
1041
138
-1032
-2463
-4090
-5753
-7214
-8002
-8357
-8061
-7109
-5782
-4372
-2984
-1946
-1624
-1683
-2184
-3128
-4396
-5744
-7244
-8706
-9540
-9740
-9278
-8119
-6695
-5467
-4429
-3553
-2933
-2707
-2908
-3590
-4557
-5618
-6775
-7836
-8580
-8800
-8492
-7802
-6827
-5811
-4748
-3811
-3386
-3352
-3424
-3686
-4216
-4717
-5554
-6399
-6815
-7081
-7101
-6954
-6470
-5789
-5424
-5164
-4815
-4590
-4752
-4997
-5272
-5562
-5841
-6314
-6654
-6729
-6574
-6379
-5983
-5558
-5400
-5301
-5354
-5381
-5563
-5837
-5974
-6194
-6542
-6907
-6903
-6634
-6297
-6030
-5791
-5546
-5335
-5271
-5033
-4905
-4922
-5121
-5462
-5937
-6573
-7589
-8720
-9713
-10415
-10838
-11153
-11309
-10911
-10179
-9169
-8097
-7223
-6487
-6072
-5832
-5819
-6028
-6512
-7431
-8316
-9195
-9743
-9874
-9459
-8812
-8205
-7179
-5875
-4912
-4323
-3752
-3348
-3303
-3587
-4184
-4819
-5573
-5970
-6012
-5819
-5531
-4979
-4414
-3814
-3120
-2416
-1783
-1422
-1130
-893
-907
-984
-1031
-1201
-1259
-1285
-1043
-592
-143
307
642
891
1238
1392
1358
1540
1664
1526
1304
1222
1226
1354
1348
1239
1285
1206
997
767
618
563
409
246
253
134
19
2
11
-34
-63
192
405
465
668
830
726
314
-113
-574
-1029
-1182
-787
245
1602
3066
4373
5255
5492
5177
4313
3078
1698
283
-1106
-2191
-2606
-2368
-1654
-772
199
1636
2869
3499
3598
3280
2470
1310
-90
-1391
-2424
-3238
-3541
-3348
-2576
-1496
-425
675
1582
2121
2300
2062
1372
366
-745
-1722
-2656
-3442
-3688
-3564
-3382
-2747
-1700
-726
109
545
567
400
66
-664
-1475
-2251
-3129
-3871
-4211
-4121
-3958
-3605
-3112
-2548
-2046
-1665
-1610
-1618
-1735
-1839
-2264
-2753
-3183
-3414
-3361
-3204
-3111
-2971
-2509
-2284
-2027
-1789
-1761
-1820
-2079
-2463
-2856
-3129
-3234
-3293
-3337
-3254
-2896
-2544
-2333
-2249
-2173
-2065
-1889
-1940
-2058
-2251
-2583
-3297
-4066
-4962
-5860
-6786
-7378
-7799
-8006
-7884
-7285
-6628
-5894
-5046
-4163
-3579
-3226
-3161
-3539
-4283
-5135
-5933
-6572
-7158
-7348
-7269
-6911
-6375
-5580
-4688
-3877
-3096
-2494
-2299
-2440
-2679
-3093
-3643
-4289
-4774
-4998
-5043
-4839
-4319
-3920
-3333
-2733
-2103
-1707
-1314
-1014
-867
-1019
-1331
-1489
-1542
-1605
-1573
-1382
-1101
-691
-234
23
341
761
851
909
910
953
805
791
868
660
651
690
555
437
252
185
241
226
75
-125
-407
-645
-989
-1229
-1303
-1398
-1256
-1016
-871
-924
-944
-929
-746
-711
-944
-1542
-2146
-2733
-3074
-2811
-2015
-888
616
2158
3310
3672
3426
2715
1545
23
-1479
-2800
-4168
-5087
-5203
-4620
-3630
-2360
-981
165
895
1211
1212
421
-704
-1977
-3402
-4804
-6002
-6664
-6526
-6028
-5048
-3716
-2424
-1454
-816
-500
-556
-986
-1783
-2682
-3774
-4760
-5724
-6424
-6562
-6056
-5249
-4271
-3421
-2662
-2000
-1697
-1617
-1842
-2454
-3354
-4334
-4989
-5569
-6093
-6268
-6309
-6141
-5755
-5185
-4719
-4242
-3777
-3626
-3618
-3875
-4374
-4847
-5250
-5465
-5531
-5554
-5421
-5147
-4644
-4239
-3935
-3801
-3886
-3785
-3736
-4039
-4391
-4732
-5038
-5225
-5104
-4914
-4887
-4607
-4270
-4193
-4265
-4141
-3926
-3816
-3681
-4001
-4301
-4677
-5310
-6168
-7353
-8323
-9039
-9539
-9740
-9546
-9115
-8514
-7705
-6646
-5675
-4869
-4387
-4341
-4737
-5343
-6157
-6874
-7568
-8238
-8448
-8314
-8136
-7727
-6842
-5826
-4944
-3947
-3039
-2512
-2599
-3147
-3619
-3943
-4389
-4831
-5096
-5292
-5253
-4868
-4360
-3697
-2927
-2393
-1886
-1431
-998
-696
-776
-852
-869
-1049
-1122
-1232
-1146
-793
-385
-104
230
644
884
1036
1275
1445
1471
1336
1303
1256
1213
1218
1352
1197
1125
1214
1173
1138
1024
846
683
498
310
178
-37
-57
102
328
441
500
552
646
739
598
407
325
116
-433
-1025
-1646
-1878
-1402
-348
1105
2510
3556
4032
4095
3735
3015
1980
617
-764
-1844
-2642
-2785
-2500
-1839
-745
623
1825
2695
3058
3013
2518
1392
284
-971
-2295
-3380
-3897
-3944
-3481
-2702
-1629
-498
577
1381
1820
1736
1536
988
125
-942
-2062
-2732
-3102
-3395
-3280
-2625
-1691
-841
89
745
1184
1181
858
408
-312
-1132
-1854
-2459
-2900
-3139
-3131
-2824
-2150
-1639
-1155
-641
-274
-90
-157
-488
-1113
-1760
-2254
-2525
-2634
-2601
-2562
-2473
-2139
-1719
-1395
-1278
-1479
-1592
-1564
-1593
-1788
-2134
-2431
-2674
-2824
-2710
-2411
-2326
-2289
-2204
-2047
-1941
-1853
-1632
-1560
-1507
-1794
-2488
-3290
-4163
-4935
-5754
-6465
-7114
-7333
-7182
-7006
-6644
-5862
-4819
-3837
-3189
-2608
-2220
-2279
-2695
-3316
-4257
-5173
-5900
-6342
-6309
-6199
-5762
-5071
-4074
-3116
-2228
-1434
-957
-821
-1010
-1152
-1479
-2116
-2714
-3106
-3330
-3413
-3177
-2671
-2091
-1313
-572
99
640
933
1040
1117
1026
954
824
820
718
622
782
1018
1368
1980
2493
2583
2634
2762
2850
2727
2677
2638
2445
2317
2370
2517
2495
2331
2213
2021
1841
1902
1770
1499
1246
1142
1046
923
777
708
682
682
709
883
1062
1120
1141
1023
894
732
586
233
-217
-205
416
1464
2876
4276
5355
5967
6026
5483
4373
3100
1598
-179
-1702
-2633
-2971
-2845
-2154
-795
710
2138
3271
3902
4103
3795
2894
1612
77
-1454
-2883
-3787
-4093
-3905
-3169
-2231
-1076
-21
1000
1748
1988
1766
1102
203
-764
-1875
-2944
-3742
-4251
-4443
-3955
-3078
-2276
-1424
-686
-41
325
257
-72
-523
-1216
-2117
-3071
-3849
-4198
-4251
-4079
-3765
-3458
-2936
-2415
-2161
-1974
-1906
-2209
-2680
-2957
-3081
-3315
-3405
-3382
-3280
-3122
-2974
-2686
-2209
-1822
-1613
-1710
-2080
-2234
-2459
-2584
-2631
-2812
-2898
-2912
-3078
-2865
-2363
-2009
-1976
-1982
-1999
-1750
-1660
-1750
-1823
-2173
-3093
-4195
-4923
-5632
-6444
-7142
-7721
-7798
-7616
-7247
-6486
-5582
-4617
-3647
-3060
-2800
-2762
-3127
-3804
-4629
-5320
-5983
-6667
-7196
-7211
-6625
-5822
-5032
-4164
-3337
-2604
-2197
-2089
-2300
-2571
-2841
-3295
-3884
-4268
-4556
-4770
-4663
-4231
-3609
-2979
-2331
-1446
-773
-502
-367
-358
-431
-605
-710
-851
-840
-727
-494
-278
-42
46
329
879
1302
1363
1334
1446
1597
1502
1324
1251
1174
1173
1177
1151
1066
1116
1213
1310
1235
985
771
445
155
-65
-6
-70
-41
48
5
20
175
364
378
398
311
130
-242
-881
-1392
-1680
-1700
-1159
12
1454
2804
3755
4162
3983
3268
2136
903
-405
-1872
-3143
-3749
-3659
-3046
-1849
-535
789
1900
2606
2883
2713
2101
1028
-102
-1574
-3044
-4025
-4553
-4498
-3948
-3091
-1864
-710
205
1052
1628
1732
1195
228
-843
-1843
-2796
-3439
-3753
-3809
-3756
-3026
-1936
-903
55
715
916
706
389
-29
-698
-1412
-2048
-2676
-3139
-3252
-3207
-2998
-2540
-1971
-1376
-1015
-834
-925
-1090
-1183
-1447
-1930
-2327
-2590
-2715
-2626
-2437
-2223
-2006
-1700
-1394
-1187
-1141
-1061
-1068
-1400
-1936
-2216
-2355
-2501
-2521
-2337
-2166
-1997
-1895
-1873
-1682
-1459
-1378
-1369
-1263
-1496
-2054
-2585
-3207
-4108
-5014
-5918
-6516
-6908
-7115
-7026
-6522
-5615
-4709
-4038
-3275
-2531
-2046
-1988
-2173
-2649
-3170
-4061
-5014
-5625
-6083
-5955
-5487
-4855
-3906
-2944
-2156
-1384
-831
-426
-347
-487
-922
-1508
-1940
-2289
-2567
-2629
-2513
-2062
-1689
-1320
-592
127
601
1061
1424
1545
1546
1492
1435
1265
1191
1274
1276
1446
1816
2245
2521
2769
3003
3174
3335
3418
3350
3260
3343
3292
3032
3009
3096
3094
3103
3100
3062
3014
2967
2814
2603
2458
2293
2030
1776
1690
1678
1788
1704
1883
2103
2044
1972
2038
2167
2024
1390
689
180
4
129
637
1725
3203
4587
5724
6426
6390
5908
4976
3663
2216
796
-351
-1076
-1333
-1133
-200
1036
2293
3562
4410
4834
4677
4125
3131
2075
913
-428
-1594
-2270
-2407
-2025
-1264
-275
780
1849
2669
3189
3268
2833
2190
1293
378
-663
-1520
-2059
-2169
-2074
-1571
-727
166
871
1248
1625
1706
1525
1267
695
-52
-942
-1489
-1888
-2090
-2229
-2108
-1617
-1157
-780
-362
-37
32
-140
-384
-769
-1074
-1331
-1783
-2079
-2201
-2165
-1984
-1511
-955
-627
-371
-169
-224
-433
-760
-1015
-1248
-1381
-1465
-1593
-1603
-1505
-1327
-1136
-941
-820
-761
-577
-574
-660
-642
-749
-1119
-1736
-2494
-3483
-4365
-5113
-5804
-6210
-6263
-6002
-5514
-4737
-3788
-2965
-2188
-1415
-1199
-1362
-1851
-2573
-3463
-4260
-4874
-5359
-5649
-5348
-4625
-3897
-3063
-2350
-1719
-968
-562
-441
-668
-1091
-1426
-1780
-2123
-2617
-2909
-2935
-2732
-2356
-1721
-1057
-270
657
1238
1468
1523
1378
1323
1207
1022
1151
1338
1356
1377
1739
2029
2407
2820
3207
3406
3361
3360
3431
3547
3571
3474
3410
3229
3004
2918
2863
2931
3126
3124
3105
3041
2905
2643
2315
1879
1747
1775
1833
1938
1842
1912
2077
2051
1968
2098
2211
2282
2079
1492
728
167
15
536
1480
3033
4599
5643
6324
6671
6346
5303
4205
2925
1360
-12
-1011
-1589
-1550
-890
318
1610
2841
3899
4430
4458
4060
3217
2016
693
-433
-1371
-2164
-2688
-2630
-1904
-913
140
1202
2143
2745
2837
2471
1955
1169
151
-830
-1691
-2187
-2545
-2460
-2066
-1495
-702
189
1039
1455
1660
1695
1359
807
-42
-856
-1700
-2241
-2500
-2657
-2537
-2178
-1711
-1122
-701
-513
-389
-287
-335
-689
-1188
-1613
-1930
-2032
-2145
-2130
-1977
-1704
-1326
-801
-360
-279
-422
-585
-818
-1126
-1288
-1433
-1559
-1737
-1792
-1634
-1571
-1250
-1115
-969
-908
-756
-571
-577
-699
-924
-1292
-1787
-2520
-3427
-4382
-5287
-5892
-6250
-6352
-6190
-5825
-5050
-4076
-3177
-2429
-1926
-1611
-1561
-1782
-2383
-3061
-3863
-4704
-5343
-5658
-5456
-5012
-4245
-3396
-2559
-1932
-1421
-707
-267
-274
-464
-904
-1350
-1948
-2359
-2551
-2615
-2586
-2283
-1474
-680
45
712
1243
1436
1551
1665
1794
1723
1445
1153
1136
1296
1495
1706
1907
2239
2622
2929
3132
3391
3620
3751
3608
3409
3465
3337
3142
3196
3210
3177
3022
2915
2934
2883
2746
2661
2558
2345
2086
2011
1862
1672
1777
1943
1993
2038
2100
2244
2324
2304
2382
2193
1685
1062
522
250
348
1144
2390
3778
5071
6090
6500
6398
5688
4538
3256
1843
543
-614
-1374
-1537
-1165
-175
1228
2675
3948
4687
4856
4497
3781
2739
1413
146
-1069
-2023
-2544
-2544
-2091
-1168
-72
1067
2085
2962
3410
3294
2793
1918
895
-241
-1191
-1893
-2365
-2496
-2192
-1471
-578
255
1038
1603
1848
1878
1763
1220
291
-735
-1389
-1826
-2177
-2328
-2283
-1999
-1546
-869
-282
33
247
310
182
-157
-540
-909
-1173
-1411
-1622
-1629
-1405
-1075
-708
-263
109
326
341
252
-3
-295
-527
-708
-962
-1264
-1210
-914
-611
-436
-296
-252
-159
50
228
117
94
31
-251
-838
-1703
-2499
-3503
-4454
-5191
-5608
-5804
-5669
-5287
-4645
-3814
-2933
-2020
-1284
-799
-601
-786
-1350
-2017
-2837
-3483
-4157
-4646
-4531
-4309
-3969
-3263
-2279
-1174
-293
183
332
486
509
117
-420
-973
-1540
-1823
-1840
-1724
-1349
-832
-165
402
1050
1642
2027
2179
1894
1607
1431
1246
1026
777
917
1382
1979
2575
2910
2969
2788
2373
1831
1123
466
94
228
625
1165
1963
2799
3517
3953
4148
4076
3479
2487
1621
841
123
-212
-50
652
1740
3106
4384
5493
6182
6700
6738
6387
5736
5011
4279
3488
2890
2384
2177
2578
3727
5309
6974
8467
9757
10504
10353
9467
8161
6727
5074
3310
1911
967
677
696
1445
2583
3825
5103
5951
6347
6193
5450
4432
3243
1814
505
-545
-1310
-1685
-1775
-1226
-199
978
1826
2546
3001
3140
2782
2012
1235
308
-801
-1828
-2605
-2995
-3256
-2881
-2125
-1158
-338
319
589
674
823
669
158
-516
-1307
-1887
-2275
-2475
-2554
-2291
-1637
-882
-155
448
983
1218
1273
1192
1089
964
695
408
186
300
533
743
1146
1512
1811
2112
2165
2208
2097
2043
1899
1431
1169
1086
1007
866
845
1065
1170
1136
1313
1436
1415
1254
1098
1020
822
582
212
-462
-1265
-2184
-3080
-3849
-4303
-4619
-4757
-4778
-4258
-3401
-2637
-2081
-1561
-1110
-890
-1030
-1481
-2180
-2827
-3570
-4373
-5125
-5439
-5298
-4692
-3908
-3150
-2377
-1859
-1445
-1092
-1101
-1198
-1547
-2142
-2667
-3154
-3781
-4161
-4222
-4078
-3588
-2985
-2261
-1535
-938
-527
-241
-130
-173
-293
-602
-1050
-1461
-1859
-2028
-2136
-1926
-1370
-616
158
889
1409
1633
1536
1172
843
200
-378
-865
-1202
-1413
-1403
-1212
-782
-410
266
859
834
633
433
120
-642
-1549
-2276
-2886
-3246
-3235
-2917
-2378
-1838
-1515
-1343
-1218
-1462
-1896
-2745
-3862
-4968
-5826
-5896
-5099
-3620
-1741
-85
1218
1704
1365
508
-573
-2229
-4238
-6085
-7589
-8328
-8301
-7776
-6522
-4774
-2833
-1227
-309
18
-101
-669
-1929
-3501
-4897
-6251
-7283
-7666
-7402
-6446
-4938
-3421
-2235
-1214
-415
138
168
-201
-818
-1723
-3025
-4196
-4837
-4969
-4711
-4210
-3435
-2296
-1259
-533
155
778
947
701
105
-637
-1262
-1959
-2527
-2932
-2919
-2556
-2145
-1708
-1060
-463
-13
163
53
-38
-289
-622
-976
-1252
-1622
-1768
-1686
-1491
-1176
-862
-555
-219
34
94
-54
-224
-501
-789
-928
-1077
-1079
-1060
-999
-746
-406
-150
81
248
420
587
680
736
508
200
-385
-975
-1746
-2433
-3133
-3774
-4272
-4221
-3733
-3178
-2393
-1414
-357
607
1317
1727
1816
1688
1356
906
148
-583
-938
-1063
-952
-520
186
1029
2002
2914
3646
4128
4392
4228
3855
3281
2785
2378
1967
1609
1396
1402
1650
2191
2822
3396
3808
4128
4300
4316
4185
3940
3438
3002
2904
2823
2701
2599
2642
2874
3101
3304
3493
3642
3851
3940
3708
3487
3309
3174
3069
2989
2961
2892
2816
2721
2800
2964
3024
2796
2617
2494
2198
1856
1698
1606
1417
1463
1717
1835
1848
2030
2227
2209
2114
1973
1912
1472
501
-315
-802
-800
-379
505
1732
3105
4127
4494
4488
4133
3593
2745
1792
1069
480
13
-97
354
1463
2825
4025
4638
5018
5131
4861
4221
3272
2304
1463
588
-229
-598
-379
363
1502
2594
3572
4545
5151
5331
5040
4556
3914
3094
2165
1322
750
616
732
1200
1849
2643
3478
4132
4573
4769
4610
4241
3795
3160
2494
1684
1104
904
943
1159
1389
1714
2310
2814
3084
3276
3261
3098
2678
2212
1790
1313
1017
820
796
720
867
1144
1377
1659
1851
2009
1970
1752
1582
1362
1124
1015
864
611
562
779
1038
1143
1192
1299
1472
1650
1755
1847
1776
1541
1290
838
19
-937
-1797
-2498
-3013
-3099
-2930
-2734
-2180
-1425
-484
317
909
1359
1805
1895
1457
636
-173
-928
-1500
-1830
-1799
-1271
-614
123
1001
1821
2637
3324
3490
3329
3117
2543
1878
1160
526
168
-119
-43
142
484
961
1451
1930
2315
2542
2660
2506
2279
1841
1301
1007
760
552
424
456
554
717
1028
1444
1728
1688
1558
1298
1133
935
742
516
385
459
406
174
13
91
82
4
-146
-367
-596
-949
-1295
-1445
-1529
-1590
-1699
-1578
-1323
-1165
-1129
-1180
-1134
-1072
-994
-946
-1122
-1443
-1713
-1564
-934
32
1420
2943
4373
5215
5517
5217
4208
2683
954
-1112
-3186
-4799
-5912
-6126
-5236
-3819
-2025
-44
1743
3140
3820
3858
3365
2086
525
-1196
-3013
-4515
-5510
-5901
-5651
-4767
-3513
-2123
-901
264
1054
1058
601
-112
-1054
-2217
-3517
-4744
-5490
-5792
-5604
-5214
-4419
-3401
-2380
-1391
-724
-426
-282
-527
-1184
-2074
-2999
-3799
-4392
-4774
-4805
-4590
-4250
-3756
-3253
-2798
-2386
-2179
-2285
-2517
-2572
-2743
-2789
-2838
-2878
-2684
-2343
-1990
-1529
-1036
-627
-348
-282
-226
-363
-532
-798
-929
-975
-909
-977
-813
-529
-287
-46
377
647
759
860
943
845
849
712
282
-431
-1366
-2173
-2852
-3506
-3820
-3990
-4080
-3835
-3237
-2393
-1403
-408
297
780
869
813
527
-111
-982
-1967
-2683
-2992
-3083
-3132
-2845
-2215
-1379
-457
297
942
1450
1604
1377
994
231
-687
-1348
-1751
-1962
-2063
-1951
-1672
-1256
-744
-181
185
482
622
625
520
402
196
-29
-289
-444
-532
-531
-230
182
401
662
1013
1092
1067
1145
1245
1263
958
775
793
754
683
863
895
930
1046
978
891
715
391
144
-39
-151
-328
-388
-406
-245
-123
69
247
436
351
302
392
393
243
-255
-866
-1480
-1626
-1546
