-5286
-4981
-4525
-4256
-4178
-4236
-4381
-4523
-4709
-4876
-5006
-5071
-5191
-5266
-5098
-4785
-4615
-4531
-4496
-4306
-3981
-3867
-3873
-3764
-3863
-4211
-4712
-5724
-6729
-7418
-8110
-8675
-8921
-8794
-8541
-7920
-7114
-6317
-5515
-4591
-3882
-3565
-3650
-4094
-4911
-5750
-6452
-6833
-7058
-7309
-7197
-6620
-5570
-4512
-3590
-2835
-2225
-1718
-1550
-1709
-2114
-2677
-3371
-4009
-4534
-4842
-4955
-4690
-4294
-3777
-3105
-2457
-2038
-1933
-2044
-2380
-3051
-3849
-4635
-5124
-5198
-4878
-3980
-3018
-2001
-1181
-823
-1395
-2582
-4175
-6058
-8049
-9953
-11373
-12092
-11816
-10840
-9371
-7660
-6240
-5414
-4941
-5007
-5949
-7538
-9152
-10845
-12577
-13499
-13604
-12724
-10885
-8351
-5653
-3094
-923
424
999
934
373
-739
-2200
-3767
-5253
-6158
-6154
-5188
-3038
-245
2643
5192
6998
7862
7633
6447
4477
2041
-664
-3474
-5684
-7222
-7888
-7319
-5679
-3586
-1483
299
1608
2060
1849
646
-1171
-3373
-5657
-7800
-9658
-10874
-11061
-10374
-9198
-7536
-5927
-4583
-3731
-3307
-3459
-4190
-5382
-7165
-9163
-10903
-12299
-13173
-13412
-12932
-12100
-10707
-9104
-7737
-6681
-5992
-5808
-6090
-6699
-7726
-9077
-10369
-11490
-12094
-12198
-12082
-11924
-11149
-10275
-9110
-7680
-6599
-5799
-5302
-5142
-5031
-4895
-4895
-4799
-4685
-4433
-3814
-3198
-2638
-2074
-1666
-1299
-1022
-960
-1104
-1307
-1592
-1832
-1960
-2052
-2007
-1948
-1813
-1695
-1564
-1618
-1791
-1914
-2042
-2237
-2371
-2491
-2619
-2929
-3458
-4145
-4903
-5622
-6176
-6355
-6350
-6362
-6150
-5730
-5078
-4321
-3529
-2948
-2662
-2546
-2766
-3407
-4355
-5487
-6490
-7318
-8011
-8406
-8475
-8301
-7772
-6915
-6031
-5439
-4921
-4430
-4169
-4166
-4442
-5026
-5504
-5866
-5986
-5997
-5906
-5415
-4752
-3824
-2990
-2161
-1290
-553
133
710
1062
1273
1340
1245
823
118
-847
-1867
-2758
-3707
-4375
-4486
-3699
-2048
-58
1825
3538
4792
5419
5338
4459
2949
1133
-777
-2460
-3593
-3782
-2972
-1518
300
2288
4277
5842
6617
6667
6026
4894
3632
2005
421
-716
-1154
-897
90
1820
3757
5628
7037
7820
8263
8381
8353
8298
8402
8363
8228
8079
7817
7587
6894
5903
4752
3557
2483
1373
515
18
-110
357
1133
2080
3113
4025
4745
5090
5016
4533
3662
2422
1234
30
-997
-1778
-2215
-2341
-2108
-1370
-609
15
584
913
793
326
-321
-1041
-2035
-3270
-4200
-4589
-4696
-4764
-4915
-4793
-4451
-4187
-3919
-3993
-4083
-4144
-4284
-4377
-4505
-4812
-4810
-4859
-4809
-4443
-4206
-4133
-3939
-3719
-3635
-3730
-3851
-4066
-4176
-4352
-4392
-4281
-3816
-3422
-3254
-2793
-2224
-1605
-1097
-694
-500
-553
-714
-1104
-1614
-1935
-2325
-2540
-2581
-2546
-2620
-2538
-2301
-2062
-1830
-1488
-1085
-983
-1045
-1123
-1614
-2406
-3486
-4813
-6258
-7469
-8457
-9269
-9782
-9883
-9749
-9263
-8222
-7035
-6091
-5223
-4639
-4515
-4615
-5005
-5740
-6804
-7969
-9022
-9644
-9997
-10172
-9759
-8949
-8166
-7436
-6736
-6150
-5853
-5720
-5622
-5892
-6465
-7156
-7844
-8330
-8728
-8717
-8333
-8019
-7598
-6635
-5745
-5121
-4652
-4191
-3876
-3659
-3351
-2982
-2919
-2840
-2779
-2636
-2355
-2092
-1835
-1465
-1084
-683
-484
-438
-486
-565
-642
-780
-897
-1098
-1358
-1303
-1217
-1133
-1137
-1119
-1034
-960
-1229
-1776
-2172
-2360
-2455
-2669
-2795
-2967
-3111
-3049
-2757
-2469
-2306
-2246
-2207
-2015
-1991
-2313
-2847
-3638
-4097
-4386
-4199
-3180
-1885
-561
445
1015
919
204
-961
-2307
-3747
-5336
-6799
-7790
-8097
-7830
-7121
-5992
-4550
-3157
-2040
-1412
-1437
-2013
-3013
-4302
-5897
-7380
-8425
-9082
-9262
-8856
-7984
-6809
-5485
-4330
-3456
-2864
-2638
-2813
-3498
-4454
-5668
-6862
-7753
-8243
-8337
-8195
-7658
-6916
-5944
-4867
-4092
-3482
-3243
-3441
-3697
-4188
-4820
-5499
-6143
-6719
-7074
-7174
-7015
-6723
-6129
-5420
-4798
-4490
-4340
-4419
-4699
-5010
-5439
-5794
-6149
-6481
-6531
-6407
-6274
-6098
-5752
-5380
-5249
-5312
-5388
-5552
-5838
-6333
-6689
-6800
-7042
-7057
-6784
-6425
-6208
-6164
-5868
-5651
-5435
-5140
-4862
-4925
-5087
-5410
-6023
-6875
-7745
-8618
-9497
-10371
-10801
-10984
-10947
-10462
-9817
-9022
-8112
-7190
-6371
-5687
-5269
-5381
-5933
-6700
-7545
-8575
-9221
-9496
-9719
-9548
-9007
-8113
-7061
-6065
-5156
-4344
-3624
-3339
-3448
-3675
-3947
-4313
-4928
-5455
-5665
-5809
-5539
-5021
-4343
-3506
-2710
-2063
-1641
-1305
-888
-599
-592
-770
-967
-1105
-1058
-740
-495
-352
-123
265
747
1062
1331
1509
1636
1815
1857
1727
1671
1621
1458
1396
1452
1535
1545
1443
1305
1049
722
658
689
507
229
-140
-61
102
71
246
239
283
397
468
546
661
702
512
78
-453
-949
-1045
-701
108
1556
3148
4491
5407
5547
5081
4249
3086
1694
217
-1167
-2156
-2633
-2476
-1876
-905
476
1797
2820
3499
3634
3283
2446
1232
-122
-1381
-2530
-3304
-3608
-3404
-2673
-1684
-565
420
1301
1859
1989
1841
1460
647
-404
-1501
-2530
-3385
-3604
-3516
-3234
-2527
-1720
-883
-205
347
566
409
78
-515
-1243
-2116
-2770
-3311
-3669
-3638
-3298
-3172
-2889
-2494
-2044
-1632
-1373
-1282
-1473
-1863
-2201
-2579
-2884
-3026
-3207
-3359
-3085
-2803
-2537
-2140
-2040
-1886
-1810
-1829
-1938
-2073
-2448
-2961
-3253
-3119
-2883
-2884
-2939
-2704
-2371
-2124
-1932
-1735
-1699
-1696
-1717
-1958
-2422
-3070
-3826
-4650
-5517
-6353
-7114
-7586
-7607
-7393
-6911
-6223
-5435
-4665
-3964
-3437
-3096
-2898
-3295
-4005
-4742
-5447
-6269
-7127
-7646
-7737
-7127
-6240
-5455
-4488
-3432
-2653
-2312
-2133
-1984
-2214
-2781
-3492
-3993
-4563
-5000
-5219
-5220
-4850
-4213
-3407
-2769
-2221
-1614
-1201
-942
-776
-852
-1053
-1068
-1165
-1367
-1332
-1160
-943
-736
-529
-197
282
642
890
898
835
942
1006
880
703
539
543
616
645
503
424
450
529
501
169
-69
-354
-615
-955
-1076
-1009
-928
-870
-879
-823
-786
-735
-625
-643
-621
-858
-1278
-1815
-2396
-2904
-2868
-2109
-924
620
2080
3190
3633
3358
2743
1731
294
-1259
-2637
-3732
-4610
-4910
-4610
-3694
-2406
-1094
124
958
1481
1358
782
-205
-1425
-2869
-4273
-5498
-6247
-6403
-5863
-4745
-3647
-2585
-1468
-761
-409
-477
-810
-1403
-2435
-3688
-4840
-5705
-6132
-6064
-5700
-5089
-4302
-3563
-2792
-2211
-1888
-1779
-1946
-2372
-3065
-3880
-4717
-5478
-5969
-6203
-6015
-5577
-5104
-4717
-4246
-3708
-3433
-3456
-3664
-3904
-4298
-4760
-5059
-5160
-5291
-5439
-5320
-4941
-4563
-4177
-3839
-3612
-3595
-3652
-3752
-4057
-4377
-4590
-4839
-5028
-5052
-4945
-4681
-4430
-4328
-4110
-4003
-3931
-3767
-3507
-3460
-3807
-4166
-4545
-5187
-6085
-7056
-7886
-8575
-9098
-9499
-9275
-8737
-7884
-7042
-6299
-5556
-4726
-4256
-4121
-4374
-4922
-5557
-6343
-7155
-7738
-8226
-8490
-8328
-7658
-6674
-5708
-4787
-4075
-3325
-2784
-2593
-2867
-3340
-3629
-4164
-4570
-4979
-5171
-4924
-4616
-4035
-3350
-2603
-2047
-1490
-1037
-689
-555
-540
-643
-761
-846
-896
-866
-776
-550
-53
432
791
1145
1312
1374
1601
1836
1915
1842
1604
1582
1554
1492
1554
1598
1584
1528
1540
1556
1493
1390
1303
972
703
614
554
669
660
550
614
685
846
1179
1168
999
881
777
586
4
-746
-1405
-1704
-1597
-775
738
2212
3447
4077
4049
3556
2745
1935
867
-507
-1696
-2271
-2312
-2021
-1404
-351
1012
2044
2785
3181
3123
2572
1702
569
-582
-1682
-2682
-3128
-3050
-2469
-1678
-819
61
996
1958
2406
2529
2220
1527
534
-518
-1544
-2194
-2417
-2340
-2102
-1715
-1115
-246
728
1362
1704
1872
1682
1085
342
-510
-1246
-1811
-2208
-2362
-2143
-1930
-1534
-1024
-512
-37
301
380
90
-294
-589
-1008
-1579
-1837
-2196
-2330
-2307
-2097
-1901
-1735
-1354
-1142
-1100
-1134
-1216
-1413
-1626
-1899
-2083
-2326
-2500
-2744
-2612
-2326
-2120
-2033
-1946
-1961
-1878
-1609
-1513
-1658
-1933
-2333
-2847
-3639
-4589
-5726
-6551
-6970
-7114
-7179
-6977
-6408
-5778
-5024
-4031
-3162
-2495
-2116
-2153
-2626
-3310
-4266
-5121
-5944
-6418
-6483
-6194
-5653
-5035
-4221
-3213
-2163
-1502
-927
-690
-821
-1138
-1555
-2154
-2686
-3086
-3160
-3187
-3056
-2614
-1940
-1178
-500
88
597
1039
1193
1123
913
707
604
584
645
681
761
838
965
1384
1786
2026
2239
2510
2700
2719
2609
2466
2208
1875
1904
1971
2097
2133
2042
1925
1874
1879
1623
1315
1044
826
844
847
565
358
414
625
686
701
816
897
929
887
750
466
94
-260
-469
-247
461
1625
3099
4602
5693
6300
6355
5619
4271
2561
837
-974
-2548
-3482
-3819
-3647
-2876
-1478
251
2077
3418
4151
4354
4104
3145
1865
398
-1165
-2639
-3818
-4515
-4592
-4015
-3021
-1745
-428
671
1285
1501
1309
968
108
-1277
-2485
-3465
-4230
-4856
-5040
-4559
-3656
-2757
-1934
-1202
-377
58
49
-315
-892
-1726
-2623
-3310
-4003
-4482
-4840
-4814
-4431
-4045
-3637
-3112
-2647
-2400
-2271
-2518
-2984
-3535
-3962
-4089
-3965
-3759
-3388
-3120
-2929
-2587
-2145
-2087
-2038
-1849
-1828
-2109
-2501
-2769
-2812
-2917
-2942
-2813
-2776
-2618
-2178
-1762
-1457
-1401
-1316
-1154
-1038
-1197
-1562
-2135
-2821
-3572
-4390
-5187
-6227
-6902
-7135
-7150
-6806
-6205
-5424
-4659
-3749
-2870
-2391
-2142
-2069
-2382
-3046
-3946
-4871
-5738
-6422
-6792
-6613
-6192
-5528
-4810
-4064
-3276
-2533
-1916
-1610
-1655
-1863
-2169
-2668
-3320
-3986
-4406
-4543
-4435
-4074
-3390
-2586
-1847
-1191
-635
-242
-14
50
-3
-70
-90
63
24
-153
-107
68
386
698
1089
1361
1653
2129
2266
2245
2240
2311
2341
2317
2197
2019
2003
2116
2303
2385
2259
2273
2253
2072
1772
1523
1483
1373
1216
1166
1199
1372
1465
1535
1589
1830
2103
2099
1859
1603
1260
583
-188
-577
-521
17
979
2326
3606
4314
4647
4528
3902
2969
1734
454
-777
-1794
-2301
-2380
-2019
-956
343
1602
2809
3755
4149
3970
3239
1985
699
-626
-1949
-3030
-3532
-3434
-2869
-2090
-1034
249
1315
2169
2577
2555
2136
1490
632
-426
-1546
-2243
-2619
-2719
-2531
-1885
-919
97
906
1503
1809
1881
1612
1206
585
-218
-956
-1450
-1834
-2187
-2310
-2029
-1568
-898
-275
57
107
189
352
267
-249
-830
-1254
-1520
-1635
-1527
-1279
-1198
-1218
-1030
-762
-612
-644
-582
-609
-958
-1432
-1767
-1692
-1692
-1862
-1818
-1713
-1512
-1395
-1363
-1202
-905
-584
-606
-798
-1105
-1523
-1992
-2781
-3601
-4353
-5152
-5785
-6341
-6785
-6839
-6308
-5560
-4886
-3912
-3022
-2312
-1907
-1842
-1976
-2308
-2909
-3641
-4492
-5321
-5875
-5971
-5633
-5000
-4116
-3147
-2138
-1348
-605
-136
41
-242
-701
-1058
-1413
-1849
-2137
-2366
-2310
-2164
-1640
-856
-157
384
906
1431
1916
2011
1799
1728
1722
1670
1740
1636
1611
1725
1903
2136
2452
2711
2966
3263
3526
3503
3484
3305
3381
3350
3102
2937
2921
2812
2813
2827
2860
2753
2701
2673
2467
2209
1916
1796
1739
1650
1610
1457
1459
1543
1630
1761
1798
1782
1677
1467
1169
538
-77
-400
-317
296
1177
2526
4007
5320
6013
5928
5300
4381
3180
1742
279
-826
-1543
-2070
-1841
-989
157
1615
2955
3872
4251
4290
3865
3055
1766
397
-854
-1983
-2743
-2844
-2388
-1558
-546
448
1289
2128
2703
2739
2383
1766
957
-54
-1135
-1876
-2556
-2955
-2850
-2178
-1390
-424
429
933
1251
1247
1119
908
484
-101
-952
-1838
-2509
-2912
-2995
-2898
-2496
-1832
-1320
-860
-617
-497
-596
-911
-1129
-1435
-1696
-2093
-2592
-2697
-2333
-2089
-1939
-1555
-1147
-949
-967
-1030
-1092
-1304
-1609
-1771
-1928
-1999
-2055
-2096
-2046
-1950
-1542
-1300
-1116
-1025
-911
-628
-646
-848
-1253
-1611
-2148
-2940
-3938
-4937
-5778
-6304
-6641
-6656
-6246
-5644
-4911
-3961
-2944
-2264
-1702
-1313
-1286
-1786
-2584
-3369
-4152
-4971
-5597
-5647
-5376
-4804
-4066
-3140
-2247
-1343
-740
-268
-120
-246
-459
-823
-1326
-1922
-2525
-2701
-2527
-2192
-1886
-1427
-749
-18
576
1160
1539
1649
1663
1664
1570
1458
1439
1387
1581
1714
1849
2128
2336
2739
3039
3300
3491
3559
3496
3424
3411
3422
3216
3193
3225
3341
3276
3087
3060
3012
3186
3229
3033
2794
2589
2329
2100
2063
2097
2117
2185
2300
2492
2511
2630
2772
2830
2749
2415
1835
1092
600
589
960
1848
3233
4651
5742
6484
6721
6342
5580
4509
3117
1667
392
-563
-1049
-900
-298
634
1891
3105
4167
4890
5141
4675
3812
2799
1587
209
-1050
-1908
-2278
-2060
-1467
-633
550
1644
2548
3084
3262
3055
2510
1720
711
-298
-1320
-2013
-2162
-2034
-1656
-909
4
825
1480
1793
1991
1955
1566
1146
566
-312
-1072
-1643
-2025
-2033
-1818
-1513
-1118
-604
-245
109
246
419
257
-210
-719
-1053
-1224
-1431
-1459
-1533
-1550
-1130
-640
-241
30
-53
-48
-62
-251
-513
-818
-871
-917
-1173
-1253
-1144
-925
-731
-501
-426
-402
-113
167
230
193
-26
-545
-1392
-2310
-3057
-3853
-4586
-5176
-5560
-5798
-5731
-5431
-4818
-3980
-2923
-1873
-1237
-962
-976
-1286
-1847
-2569
-3383
-4086
-4682
-5130
-5051
-4577
-3915
-3074
-2211
-1339
-643
-161
278
364
-9
-473
-954
-1402
-1750
-2053
-2168
-2143
-1744
-941
-271
329
791
1326
1905
2292
2379
2351
2271
2268
2206
2027
1988
2096
2469
2796
2932
3283
3714
4114
4207
4156
4083
4031
4053
3948
3810
3739
3737
3749
3817
3672
3436
3420
3324
3273
3175
2991
2873
2681
2635
2522
2375
2450
2588
2507
2557
2732
2753
2573
2524
2791
2790
2278
1646
1182
1088
1152
1699
2782
4139
5602
6597
6953
6720
5993
4987
3709
2294
946
-79
-649
-760
-413
414
1686
3118
4236
4879
5169
5066
4519
3529
2364
1085
-167
-1378
-1981
-1908
-1396
-545
457
1478
2443
3101
3495
3485
3043
2322
1423
328
-605
-1456
-1858
-1778
-1503
-951
-92
746
1369
1745
2000
2224
2144
1676
913
50
-667
-1219
-1591
-1820
-1821
-1422
-969
-550
46
518
784
653
496
225
-157
-574
-1029
-1209
-1296
-1410
-1308
-933
-533
-325
-159
57
215
283
87
-176
-474
-623
-682
-681
-785
-952
-915
-648
-333
-210
-169
-88
143
238
276
29
-263
-659
-1250
-2167
-3189
-4071
-5000
-5435
-5492
-5308
-5046
-4527
-3694
-2754
-1937
-1288
-885
-732
-778
-1278
-2125
-2830
-3472
-4228
-4600
-4624
-4400
-3943
-3244
-2476
-1548
-688
-13
313
369
207
-82
-402
-920
-1644
-2161
-2254
-2058
-1631
-1076
-365
405
959
1451
1972
2204
2096
1812
1575
1168
794
824
1016
1415
1939
2512
2803
2685
2466
2089
1570
991
577
237
175
444
1068
1845
2607
3462
4165
4236
3766
3203
2426
1616
861
253
86
284
911
1897
3283
4643
5704
6398
6870
7007
6589
5809
4928
4002
3255
2759
2426
2538
3060
4003
5339
7012
8641
9787
10211
10001
9301
7962
6334
4710
3181
1903
1073
669
964
1643
2458
3730
4881
5716
6070
5885
5299
4258
3062
1924
687
-497
-1404
-1849
-1791
-1247
-321
626
1364
2099
2655
2645
2356
1897
1105
223
-740
-1698
-2543
-3119
-3249
-3113
-2578
-1699
-850
-61
451
677
691
547
156
-347
-1131
-1873
-2382
-2585
-2360
-2060
-1550
-1024
-500
129
775
1080
1053
1050
1043
872
448
127
29
47
348
851
1107
1402
1768
2110
2146
2142
2193
2047
1778
1490
1248
963
899
1021
1079
1005
1086
1244
1423
1496
1524
1515
1476
1371
1246
1019
519
-154
-1033
-1932
-2913
-3535
-3886
-4251
-4592
-4563
-4170
-3589
-2819
-2001
-1175
-689
-548
-904
-1370
-1712
-2395
-3316
-4062
-4854
-5330
-5078
-4540
-3971
-3135
-2180
-1492
-1012
-680
-606
-760
-1039
-1626
-2386
-3033
-3526
-3828
-3933
-3574
-3204
-2839
-2268
-1544
-978
-321
59
247
314
174
-272
-904
-1314
-1767
-2211
-2287
-1853
-1398
-839
-145
550
1211
1437
1544
1515
1152
615
90
-615
-1232
-1478
-1287
-923
-538
-101
430
946
1100
942
607
152
-559
-1466
-2253
-2745
-3042
-3155
-2907
-2575
-2021
-1547
-1210
-1032
-1156
-1661
-2553
-3649
-4727
-5592
-5828
-5106
-3531
-1668
-223
963
1533
1260
467
-768
-2277
-4022
-5813
-7225
-8077
-8226
-7743
-6625
-4923
-3072
-1407
-239
208
-50
-615
-1710
-3184
-4774
-6077
-6927
-7273
-6963
-6156
-4901
-3577
-2257
-1117
-327
100
207
-96
-898
-2023
-3202
-4058
-4645
-4788
-4611
-4221
-3448
-2472
-1378
-412
125
634
850
603
199
-454
-1149
-1830
-2442
-2701
-2661
-2389
-1984
-1588
-1061
-520
-100
196
329
134
-271
-848
-1260
-1515
-1680
-1802
-1814
-1656
-1391
-858
-412
-179
-62
-72
-324
-370
-442
-667
-1002
-1238
-1236
-1170
-1186
-948
-701
-388
43
540
622
620
688
572
505
403
82
-648
-1571
-2454
-3277
-3800
-4178
-4229
-3665
-3026
-2218
-1217
-316
661
1430
1726
1822
1616
1177
528
-135
-717
-1191
-1459
-1308
-687
118
878
1724
2567
3279
3866
4183
4115
3657
3218
2724
2207
1854
1571
1413
1427
1658
2119
2683
3188
3786
4286
4421
4300
3976
3710
3434
3180
2767
2462
2454
2533
2819
3050
3016
3114
3485
3775
3915
3796
3725
3616
3561
3316
3059
2922
2892
3000
3006
3104
3217
3083
2779
2613
2489
2394
2119
1864
1789
1650
1646
1607
1693
1814
1863
1922
2100
2088
2092
2149
1996
1564
808
-39
-670
-830
-357
575
1867
3312
4360
4809
4781
4376
3843
2975
1998
1120
273
-158
-104
289
1257
2404
3551
4603
5183
5340
5120
4591
3742
2707
1602
557
-129
-592
-320
459
1432
2413
3339
4182
4868
4979
4846
4581
3914
2938
1847
1106
605
372
327
653
1288
2150
2922
3713
4335
4492
4307
3969
3535
2920
2219
1564
1187
896
613
713
1129
1592
2135
2694
3014
3095
3109
3083
2726
2069
1597
1201
875
710
791
935
986
1052
1388
1760
1920
1828
1847
1726
1409
1247
1301
1307
1227
1192
1085
938
1128
1427
1708
1779
1917
2127
2216
2092
1941
1520
1294
755
-57
-778
-1423
-2139
-2799
-3056
-2910
-2547
-1790
-883
-69
833
1447
1756
1810
1566
1241
724
-16
-857
-1442
-1572
-1507
-1308
-868
-106
761
1676
2454
2965
3234
3132
2837
2318
1724
1238
616
1
-275
-344
-209
294
875
1373
1848
2223
2418
2375
2210
2140
1907
1394
934
610
421
312
290
473
591
791
1063
1268
1498
1489
1321
1176
885
701
468
418
538
555
414
416
436
203
2
-102
-100
-332
-588
-710
-835
-893
-979
-1093
-1179
-1299
-1238
-1025
-1009
-1113
-1026
-852
-841
-1108
-1542
-1813
-1829
-1256
-156
1177
2535
3977
5096
5541
5290
4279
2789
945
-1021
-2826
-4215
-5247
-5611
-5060
-3783
-2015
34
1727
2966
3831
3980
3335
2273
844
-930
-2665
-4105
-5044
-5576
-5487
-4653
-3358
-1844
-645
453
1150
1472
1135
385
-588
-1677
-2872
-4247
-5153
-5374
-5163
-4697
-3911
-2910
-1837
-780
-238
-18
81
-345
-1002
-1580
-2280
-2948
-3552
-4047
-4367
-4327
-3816
-3198
-2629
-2165
-1829
-1722
-1798
-1913
-2149
-2290
-2506
-2565
-2546
-2470
-2347
-2053
-1657
-1263
-740
-450
-409
-375
-563
-747
-970
-1146
-1330
-1342
-1128
-879
-507
-280
-53
267
540
808
1037
1226
1288
1226
962
440
-250
-1097
-1879
-2590
-3248
-3744
-4113
-4045
-3544
-2843
-2003
-1248
-342
509
845
1012
1104
711
-120
-906
-1418
-2029
-2690
-2976
-2759
-2320
-1717
-945
-6
937
1521
1634
1605
1564
1168
497
-108
-794
-1409
-1741
-1925
-1807
-1419
-1001
-451
151
703
908
856
879
842
605
526
391
55
-259
-520
-561
-225
220
615
905
1130
1224
1371
1375
1343
1274
1252
1208
885
785
1028
1151
1121
1052
1037
1082
990
884
778
571
423
416
282
-1
-48
-11
148
347
345
399
536
688
695
677
630
254
-257
-718
-997
-811
