-5252
-5051
-4784
-4452
-4211
-4095
-4078
-4341
-4708
-4862
-5128
-5426
-5426
-5185
-5024
-4683
-4387
-4185
-4152
-3981
-3640
-3419
-3485
-3510
-3639
-4239
-4886
-5672
-6654
-7396
-8030
-8580
-8654
-8676
-8587
-7990
-7064
-6150
-5239
-4486
-3995
-3769
-3801
-4160
-4796
-5566
-6379
-6998
-7278
-7301
-6898
-6288
-5516
-4698
-3772
-3051
-2521
-2063
-1837
-2085
-2619
-3243
-3922
-4573
-5002
-5153
-5205
-5155
-4741
-4089
-3474
-3148
-2897
-2660
-2549
-2884
-3638
-4509
-5317
-5587
-5387
-5000
-4367
-3345
-2088
-1140
-1074
-1810
-2989
-4503
-6243
-8266
-10188
-11607
-12103
-11781
-10874
-9497
-7759
-6077
-5167
-4730
-4890
-5782
-7471
-9383
-11004
-12375
-13190
-13266
-12428
-10639
-8226
-5579
-3168
-1154
328
1016
973
332
-654
-2078
-3936
-5712
-6873
-6930
-5950
-4009
-1499
1338
4134
6059
6822
6724
5774
4115
1791
-752
-3162
-5314
-6668
-7156
-6699
-5539
-3768
-1797
-20
1062
1346
742
-512
-2083
-4100
-6420
-8526
-10021
-10941
-10936
-10212
-8724
-7145
-5733
-4447
-3569
-3348
-3754
-4758
-6122
-7878
-9741
-11214
-12194
-12853
-13000
-12346
-11090
-9599
-8045
-6774
-5914
-5654
-5700
-5946
-6743
-8069
-9429
-10520
-11515
-12352
-12756
-12301
-11540
-10263
-9134
-7977
-6929
-6033
-5319
-4784
-4499
-4447
-4542
-4711
-4704
-4579
-4317
-3994
-3587
-3067
-2389
-1807
-1304
-1053
-910
-831
-999
-1272
-1747
-2068
-2324
-2471
-2353
-2079
-1882
-1911
-1962
-2138
-2412
-2552
-2669
-2864
-3093
-3375
-3833
-4252
-4671
-5192
-5639
-5979
-6451
-6759
-6849
-6602
-6102
-5465
-4804
-4068
-3394
-2975
-2953
-3349
-3879
-4808
-5841
-6740
-7561
-8128
-8456
-8542
-8307
-7882
-7167
-6419
-5591
-4787
-4371
-4335
-4593
-4827
-5107
-5541
-5865
-5960
-5840
-5676
-5262
-4551
-3594
-2374
-1427
-831
-337
323
832
971
968
1127
1216
836
55
-965
-2015
-3198
-4133
-4909
-5285
-4337
-2565
-556
1396
3045
4189
4691
4576
3896
2455
475
-1583
-3294
-4368
-4511
-3793
-2304
-343
1437
3287
4895
5791
5842
5200
4032
2652
1203
-396
-1753
-2275
-1981
-926
707
2648
4556
6116
6941
7156
7056
6765
6613
6544
6708
6837
6741
6591
6335
5810
5108
4133
3102
2027
928
142
-406
-415
-87
402
1271
2187
3086
3801
4231
4233
3782
2765
1598
425
-721
-1548
-2093
-2423
-2409
-2070
-1399
-712
-116
364
624
550
182
-485
-1290
-2158
-3154
-3957
-4355
-4553
-4701
-4929
-4919
-4516
-4167
-4091
-4112
-4347
-4442
-4444
-4567
-4711
-4943
-5103
-5191
-5089
-4779
-4435
-4095
-3801
-3664
-3731
-3865
-4011
-4175
-4479
-4657
-4676
-4654
-4681
-4343
-3813
-3269
-2771
-2269
-1784
-1315
-1298
-1329
-1376
-1544
-1914
-2401
-2793
-3112
-3364
-3318
-3209
-3170
-2948
-2659
-2361
-2102
-1878
-1614
-1687
-1959
-2352
-2917
-3985
-5309
-6647
-7947
-9147
-9980
-10326
-10416
-10094
-9617
-8800
-7615
-6468
-5587
-5036
-4827
-4911
-5300
-6102
-7141
-8229
-9170
-9918
-10391
-10491
-10021
-9229
-8334
-7437
-6552
-6053
-5863
-5781
-5944
-6323
-6767
-7282
-7852
-8386
-8610
-8507
-8133
-7721
-7212
-6544
-5782
-5156
-4533
-3928
-3450
-3332
-3407
-3574
-3516
-3263
-3048
-2783
-2506
-2198
-1757
-1301
-766
-456
-468
-493
-536
-533
-539
-770
-963
-1113
-1371
-1368
-1463
-1454
-1283
-1209
-1375
-1457
-1439
-1596
-1869
-2064
-2212
-2398
-2566
-2618
-2745
-2606
-2465
-2516
-2428
-2115
-1993
-2014
-2156
-2512
-2936
-3556
-4125
-4379
-3906
-2937
-1702
-371
527
959
917
183
-887
-2318
-3998
-5548
-6830
-7652
-7921
-7805
-7020
-5763
-4137
-2703
-1696
-1233
-1410
-2049
-3280
-4664
-6012
-7307
-8356
-8879
-8895
-8537
-7742
-6572
-5082
-3678
-2763
-2293
-2383
-2738
-3430
-4401
-5404
-6531
-7379
-7994
-8277
-7941
-7225
-6105
-5156
-4345
-3586
-3038
-2850
-2946
-3320
-3771
-4470
-5331
-5852
-6249
-6581
-6620
-6159
-5664
-5330
-4985
-4574
-4208
-4017
-4233
-4678
-5117
-5459
-5858
-6213
-6515
-6571
-6498
-6345
-6044
-5683
-5459
-5303
-5265
-5495
-5702
-5626
-5792
-6187
-6621
-6868
-6744
-6503
-6391
-6088
-5567
-5402
-5263
-5149
-4902
-4663
-4744
-4969
-5265
-5789
-6435
-7333
-8266
-9283
-10035
-10509
-10717
-10612
-10134
-9645
-8844
-7797
-7068
-6221
-5586
-5395
-5548
-6138
-6826
-7583
-8320
-8916
-9303
-9507
-9291
-8736
-7815
-6762
-5717
-4817
-4293
-3727
-3469
-3351
-3556
-4184
-4929
-5505
-5825
-5920
-5775
-5428
-4904
-4297
-3689
-3068
-2375
-1882
-1380
-1079
-941
-948
-1154
-1345
-1380
-1273
-1103
-918
-672
-295
60
415
741
1114
1189
1150
1092
997
1014
1092
1054
802
719
832
888
783
857
835
481
213
189
74
-233
-470
-526
-529
-509
-505
-289
-266
-329
-211
-17
117
270
292
-45
-591
-1159
-1690
-1909
-1413
-334
1041
2421
3684
4728
4847
4315
3343
2228
914
-504
-1732
-2710
-3245
-3187
-2573
-1365
-8
1352
2326
2825
2848
2462
1676
492
-705
-2011
-3176
-3729
-4124
-3940
-2992
-1952
-829
172
858
1306
1280
1068
565
-254
-1291
-2470
-3421
-4059
-4201
-4123
-3753
-3162
-2370
-1464
-599
-173
-150
-361
-661
-1349
-2212
-3019
-3647
-4205
-4451
-4432
-4351
-4006
-3601
-3094
-2610
-2184
-1904
-1905
-2040
-2331
-2886
-3281
-3596
-3868
-3981
-4029
-3748
-3460
-3116
-2671
-2425
-2449
-2588
-2592
-2608
-2876
-3038
-3086
-3294
-3552
-3472
-3221
-3070
-2951
-2808
-2694
-2659
-2431
-2326
-2166
-2073
-2141
-2581
-3275
-4194
-5166
-6019
-6763
-7447
-7871
-7993
-7662
-7206
-6741
-5909
-4982
-4211
-3458
-2993
-3105
-3584
-4254
-5065
-5846
-6743
-7408
-7622
-7435
-6941
-6317
-5617
-4650
-3963
-3360
-2928
-2612
-2368
-2480
-2896
-3501
-4113
-4614
-5014
-5214
-5087
-4675
-4214
-3547
-2818
-1996
-1377
-1021
-923
-831
-839
-1055
-1536
-1647
-1504
-1400
-1445
-1313
-862
-352
32
461
604
602
637
710
697
754
883
813
671
514
562
665
682
451
270
204
191
98
-156
-474
-631
-732
-860
-911
-812
-754
-782
-743
-758
-771
-589
-478
-547
-896
-1415
-2051
-2620
-2967
-2711
-1848
-543
998
2374
3342
3570
3366
2640
1459
42
-1418
-2816
-4034
-4620
-4719
-4286
-3384
-2047
-613
469
1146
1426
1301
515
-631
-1831
-3188
-4504
-5643
-6180
-6006
-5328
-4241
-3092
-2046
-1243
-670
-227
-188
-862
-1777
-2750
-3842
-4717
-5489
-5859
-6053
-5540
-4618
-3852
-3103
-2510
-1950
-1577
-1424
-1814
-2450
-3070
-3957
-4831
-5497
-5924
-5990
-5799
-5396
-4766
-4385
-4058
-3653
-3387
-3174
-3280
-3654
-4120
-4608
-4923
-5120
-5229
-5295
-5222
-4922
-4747
-4396
-3818
-3509
-3582
-3828
-3914
-4128
-4347
-4493
-4660
-4896
-5132
-5071
-4830
-4418
-4211
-4265
-4194
-3975
-3760
-3815
-3776
-3745
-4040
-4627
-5451
-6360
-7382
-8306
-8695
-9069
-9302
-9181
-8698
-7922
-7167
-6375
-5609
-4802
-4409
-4303
-4497
-4910
-5789
-6853
-7659
-8172
-8397
-8479
-8229
-7532
-6752
-5863
-4885
-4197
-3555
-3078
-2958
-3041
-3398
-3987
-4473
-4999
-5382
-5553
-5319
-4806
-4104
-3473
-2829
-2106
-1504
-1014
-730
-655
-654
-721
-871
-987
-1065
-1191
-1020
-710
-288
-18
403
733
981
1251
1543
1637
1625
1722
1618
1402
1365
1392
1428
1546
1488
1371
1359
1320
1294
1229
1102
949
806
607
285
164
374
588
480
381
600
989
1150
925
686
534
189
-365
-1175
-1920
-2350
-2250
-1321
-190
984
2054
2729
2979
2731
2070
1123
-11
-1134
-1898
-2406
-2630
-2269
-1548
-448
837
1903
2484
2590
2378
1925
1176
8
-1317
-2525
-3371
-3664
-3400
-2775
-1838
-747
293
1117
1719
2060
2227
1996
1264
302
-956
-1977
-2513
-2686
-2749
-2446
-1771
-831
20
860
1468
1739
1662
1383
904
215
-538
-1162
-1705
-2158
-2316
-2216
-1827
-1423
-945
-312
154
336
358
118
-297
-714
-1179
-1708
-2012
-2326
-2561
-2663
-2575
-2193
-2091
-2155
-1974
-1817
-1584
-1774
-2158
-2532
-2690
-2897
-2946
-2965
-3001
-3020
-3026
-2863
-2710
-2683
-2572
-2407
-2382
-2367
-2394
-2525
-3065
-3786
-4726
-5518
-6199
-6990
-7576
-7844
-7875
-7781
-7196
-6371
-5639
-4765
-4023
-3442
-3014
-2947
-3444
-4206
-5021
-5697
-6328
-6619
-6815
-6789
-6357
-5403
-4210
-3110
-2369
-1893
-1455
-1245
-1325
-1583
-2011
-2581
-3134
-3524
-3603
-3352
-2940
-2429
-1847
-1308
-717
-176
253
666
903
918
745
589
405
269
271
190
281
551
965
1450
1730
1785
1920
1989
2031
2037
2097
2180
2052
1788
1568
1391
1434
1509
1386
1273
1147
1086
1013
983
851
668
328
140
41
60
116
140
104
-7
98
287
291
394
450
330
-14
-236
-321
-31
976
2255
3630
4878
5903
6455
6366
5477
3984
2227
178
-1752
-3130
-3960
-4435
-4142
-2986
-1382
512
2295
3549
4305
4475
4062
3171
1788
90
-1673
-3461
-4530
-4921
-4730
-4001
-2862
-1581
-366
656
1384
1524
1227
546
-732
-2032
-3145
-4180
-5081
-5677
-5656
-5240
-4574
-3725
-2642
-1456
-754
-388
-377
-814
-1524
-2302
-3240
-4089
-4564
-5014
-5357
-5234
-4959
-4618
-4242
-3783
-3448
-3323
-3204
-3284
-3630
-4056
-4364
-4491
-4357
-4093
-3997
-3629
-3238
-2993
-2695
-2446
-2182
-2147
-2243
-2431
-2692
-2923
-3174
-3343
-3321
-3273
-2979
-2474
-1953
-1559
-1463
-1476
-1447
-1424
-1417
-1499
-1739
-2237
-2930
-3622
-4427
-5191
-5908
-6533
-6905
-7129
-6935
-6220
-5363
-4515
-3647
-2954
-2488
-2279
-2248
-2604
-3267
-3954
-4878
-5791
-6356
-6523
-6493
-6333
-5844
-5024
-4321
-3426
-2685
-2255
-2081
-2246
-2453
-2975
-3650
-4131
-4607
-4915
-4983
-4834
-4410
-3611
-2771
-2014
-1394
-1043
-658
-373
-170
-65
-255
-455
-769
-939
-746
-431
-14
264
538
938
1349
1684
1864
2057
2174
2081
1930
1931
1893
1798
1811
1786
1710
1883
2067
2107
2082
1981
1872
1768
1621
1430
1354
1321
1150
1134
1094
1294
1546
1609
1590
1621
1854
1897
1719
1296
674
-92
-532
-611
-384
467
1647
2767
3597
4024
3988
3380
2431
1393
189
-1121
-2153
-2776
-2846
-2311
-1286
194
1570
2624
3308
3657
3521
2877
1664
18
-1681
-3018
-3960
-4287
-4196
-3560
-2406
-1141
36
992
1543
2006
2102
1820
974
-40
-941
-1929
-2758
-3354
-3355
-2669
-1682
-810
-4
749
1350
1587
1681
1525
1084
303
-437
-1063
-1699
-2211
-2253
-2178
-1938
-1427
-995
-539
-96
289
487
485
257
-192
-625
-1038
-1409
-1722
-1785
-1685
-1372
-1084
-992
-985
-933
-875
-990
-1202
-1367
-1704
-2064
-2306
-2425
-2335
-2291
-2132
-1919
-1801
-1755
-1760
-1621
-1544
-1582
-1648
-1941
-2159
-2533
-3304
-4270
-5293
-6204
-6808
-7215
-7401
-7292
-6866
-6415
-5698
-4567
-3798
-3140
-2701
-2558
-2752
-3443
-4209
-4841
-5491
-6122
-6424
-6443
-6161
-5620
-4772
-3805
-2744
-1754
-1153
-766
-734
-904
-1218
-1595
-2141
-2556
-2901
-2775
-2528
-2221
-1689
-1057
-437
278
830
1232
1589
1871
1991
1920
1724
1372
1238
1242
1452
1685
1952
2249
2694
3214
3386
3492
3646
3789
3789
3582
3443
3270
3226
3232
3205
3059
3028
3152
3217
3195
2969
2742
2497
2346
2319
2136
1811
1756
1911
2169
2216
2015
1909
1927
1985
1921
1838
1750
1362
794
237
-218
-218
541
1763
3078
4348
5318
5777
5800
5343
4425
3260
1918
638
-503
-1327
-1652
-1469
-717
541
2078
3520
4367
4632
4550
3920
2988
2047
817
-605
-1748
-2309
-2419
-1952
-1033
1
1066
2024
2875
3173
3037
2721
2030
966
-209
-1249
-2059
-2497
-2515
-2195
-1583
-750
104
831
1431
1751
1685
1470
1057
452
-310
-1173
-1875
-2439
-2627
-2491
-2188
-1943
-1383
-768
-420
-343
-415
-448
-595
-1031
-1487
-1922
-2188
-2357
-2365
-2391
-2335
-2207
-1854
-1351
-959
-923
-1116
-1317
-1402
-1498
-1732
-2077
-2420
-2452
-2230
-1937
-1803
-1775
-1549
-1200
-1039
-820
-692
-719
-870
-1255
-1560
-2096
-3061
-4012
-4883
-5732
-6444
-6756
-6575
-6234
-5698
-5073
-4057
-3033
-2433
-2047
-1808
-1759
-2132
-2851
-3627
-4406
-5113
-5578
-5825
-5612
-5160
-4425
-3418
-2639
-1901
-1186
-753
-706
-830
-1189
-1817
-2337
-2809
-3082
-3202
-3026
-2806
-2470
-1745
-929
-226
401
736
900
951
936
904
780
631
652
675
567
666
1054
1523
1939
2228
2554
2802
2806
2884
2975
2860
2709
2477
2435
2551
2589
2738
2806
2805
2684
2561
2581
2691
2576
2343
2133
2100
1798
1584
1525
1470
1587
1718
1945
2071
2066
2070
2015
1945
1781
1261
517
10
-88
307
1181
2473
3961
5198
5889
5920
5356
4704
3672
2255
815
-361
-1244
-1697
-1617
-854
303
1523
2847
3795
4296
4341
4026
3199
1982
573
-684
-1637
-2495
-2877
-2609
-1878
-861
324
1322
2256
2796
2732
2423
1904
959
-141
-1215
-2035
-2541
-2665
-2413
-1945
-1394
-596
235
892
1336
1701
1585
1069
494
-195
-932
-1860
-2512
-2686
-2488
-2050
-1622
-1313
-989
-603
-359
-294
-303
-506
-709
-1045
-1480
-1765
-1945
-2131
-2122
-1855
-1424
-978
-744
-609
-499
-464
-351
-368
-688
-1089
-1384
-1543
-1561
-1510
-1524
-1430
-967
-583
-538
-442
-278
-371
-481
-414
-524
-884
-1520
-2307
-3141
-4130
-5018
-5673
-6101
-6197
-6118
-5639
-4795
-3771
-2859
-2117
-1561
-1259
-1197
-1424
-2144
-2904
-3607
-4351
-4944
-5229
-5109
-4789
-4178
-3386
-2473
-1594
-753
-24
161
-60
-450
-805
-1176
-1716
-2213
-2578
-2603
-2371
-1918
-1246
-691
-58
403
883
1403
1746
1951
1907
1706
1579
1587
1561
1579
1607
1828
2141
2426
2787
3042
3262
3530
3795
3729
3558
3363
3232
3182
3045
2925
2763
2789
2828
2913
2997
2865
2726
2799
2745
2533
2292
2126
1907
1822
1905
1878
1889
1902
2027
2087
2080
2059
2022
1875
1578
1060
476
117
261
1032
2330
3787
5099
6089
6484
6223
5322
4228
2832
1503
258
-764
-1343
-1376
-867
-141
1006
2433
3740
4462
4687
4462
3735
2642
1456
109
-1176
-2024
-2280
-2178
-1598
-867
17
1301
2346
2861
3019
2855
2533
1755
905
-163
-1095
-1673
-2158
-2326
-1997
-1281
-421
401
1222
1839
2079
1932
1678
1120
347
-432
-1122
-1615
-1943
-2220
-2134
-1645
-1017
-543
-102
248
444
390
138
-81
-480
-844
-1169
-1518
-1697
-1644
-1390
-1143
-940
-403
69
145
180
202
13
-250
-585
-686
-689
-753
-853
-903
-802
-387
-153
-71
-17
-113
-69
201
263
106
-31
-530
-1345
-2194
-3117
-3925
-4542
-5049
-5208
-5049
-4751
-4140
-3367
-2427
-1472
-944
-654
-528
-550
-974
-1684
-2488
-3198
-3827
-4274
-4210
-4015
-3586
-2650
-1613
-722
-73
522
848
703
364
18
-455
-928
-1292
-1472
-1587
-1665
-1313
-591
183
709
1246
1787
2085
2206
1939
1689
1533
1240
1043
1105
1302
1561
1992
2457
2669
2672
2481
2143
1648
1159
619
293
169
425
1058
1728
2409
3259
3978
4228
3905
3303
2556
1601
577
23
145
495
1237
2179
3289
4572
5624
6441
6791
6860
6565
5813
5038
4348
3586
2847
2304
2323
2957
4046
5476
7147
8540
9536
10168
10008
9242
7944
6383
4620
2889
1568
676
373
774
1644
2813
4095
5172
5833
6159
5916
5207
4169
2925
1677
437
-745
-1639
-1929
-1524
-764
-61
910
1904
2421
2813
2798
2519
1863
929
6
-913
-1919
-2709
-2908
-2854
-2588
-2123
-1496
-611
259
909
1201
1177
783
208
-568
-1551
-2105
-2296
-2471
-2478
-2123
-1506
-747
-182
342
860
1113
1106
1012
856
603
204
-39
-1
133
313
545
989
1323
1635
1945
2144
2227
2110
2016
1797
1504
1250
879
749
841
1007
1059
1129
1359
1451
1372
1247
1012
1033
1023
1003
724
223
-343
-1034
-1831
-2881
-3899
-4489
-4580
-4669
-4545
-4145
-3455
-2605
-1861
-1369
-1033
-761
-737
-1154
-1788
-2716
-3711
-4338
-4777
-5163
-5163
-4750
-4038
-3125
-2366
-1738
-1190
-925
-890
-1120
-1445
-1885
-2582
-3272
-3741
-3959
-3905
-3811
-3428
-2830
-2122
-1426
-806
-219
129
269
132
-144
-444
-837
-1220
-1729
-2099
-2229
-1942
-1356
-573
150
702
1259
1553
1511
1314
1070
603
-94
-854
-1324
-1446
-1386
-1008
-528
134
792
1080
1125
954
455
-55
-766
-1398
-2001
-2565
-2862
-2999
-2875
-2451
-1789
-1255
-995
-915
-1063
-1628
-2463
-3799
-5051
-5696
-5665
-4871
-3440
-1759
-263
863
1450
1364
521
-909
-2478
-4211
-5911
-7240
-8075
-8285
-7771
-6489
-4678
-2893
-1445
-579
-179
-244
-801
-1944
-3459
-4864
-6067
-7025
-7465
-7088
-6058
-4756
-3409
-2103
-1123
-427
19
199
-173
-1123
-2338
-3313
-4183
-4904
-5103
-4609
-3791
-2873
-1964
-1029
-107
394
557
782
640
82
-683
-1382
-1838
-2272
-2606
-2742
-2489
-2028
-1552
-980
-369
89
270
283
202
-156
-760
-1175
-1487
-1737
-1888
-1741
-1490
-1263
-866
-467
-190
-67
-40
-67
-127
-316
-636
-936
-1013
-974
-968
-910
-709
-436
-218
161
355
534
613
827
858
718
397
-61
-792
-1748
-2626
-3229
-3600
-3842
-3815
-3465
-2960
-2195
-986
120
839
1359
1650
1766
1447
981
552
-45
-758
-1274
-1419
-1244
-724
39
987
1981
2639
3268
3814
4035
3955
3542
3077
2632
2060
1563
1218
1019
1184
1620
2086
2554
3175
3472
3662
3848
3849
3729
3558
3309
3037
2695
2352
2330
2611
2842
3043
3262
3532
3654
3665
3678
3701
3662
3375
3081
2932
2846
2840
2803
2853
2923
2880
2943
2883
2731
2629
2442
2238
2025
1982
1821
1621
1465
1542
1595
1691
1950
2074
2105
2090
2020
1935
1778
1481
861
201
-234
-184
566
1830
3142
4439
5456
5840
5616
4976
4302
3445
2246
1073
212
-374
-287
348
1313
2488
3699
4699
5396
5679
5394
4732
3922
2851
1575
682
84
-491
-472
125
1168
2329
3222
4153
4781
4926
4709
4231
3627
2730
1755
949
241
-4
28
266
959
1922
2846
3474
3977
4108
3987
3593
3256
2798
1855
937
538
304
45
243
757
1308
1731
2166
2499
2730
2737
2636
2341
1827
1286
1008
825
817
832
897
1104
1400
1620
1783
1966
2058
2080
2029
1852
1476
1238
1155
1296
1328
1314
1493
1625
1761
2063
2340
2562
2588
2627
2605
2387
2078
1624
1079
348
-455
-1195
-1936
-2313
-2404
-2348
-2020
-1420
-651
56
852
1510
1934
2108
1771
1286
815
97
-457
-1032
-1596
-1630
-1353
-827
-2
838
1721
2377
2768
2925
2941
2605
2082
1492
837
293
-195
-506
-493
-233
266
860
1427
1681
1864
2001
1994
1872
1690
1474
1067
662
551
647
689
561
555
688
994
1353
1632
1620
1454
1345
1284
1091
916
699
437
356
361
348
388
422
437
516
506
427
145
-199
-405
-511
-708
-991
-1223
-1171
-984
-811
-605
-633
-639
-650
-541
-492
-964
-1598
-2049
-2305
-2161
-1485
-206
1216
2736
3855
4333
4177
3337
2031
467
-1111
-2599
-3847
-4722
-4928
-4423
-3317
-1909
-336
1181
2257
2908
3092
2341
1052
-156
-1498
-3004
-4324
-5122
-5380
-4946
-3908
-2779
-1680
-492
366
989
1153
669
15
-997
-2236
-3413
-4230
-4690
-4870
-4686
-4174
-3364
-2235
-1190
-357
143
207
138
-306
-1005
-1722
-2521
-3150
-3709
-3995
-3900
-3671
-3239
-2624
-2160
-1841
-1535
-1268
-1251
-1502
-1933
-2475
-2625
-2730
-2890
-2967
-2690
-2153
-1685
-1257
-1003
-769
-638
-579
-657
-749
-1004
-1176
-1289
-1455
-1414
-1350
-1073
-691
-378
-23
180
188
408
702
716
472
-32
-365
-760
-1430
-2330
-3190
-3746
-4191
-4463
-4504
-4132
-3536
-2799
-1896
-999
-105
475
515
373
72
-495
-1254
-1985
-2579
-2973
-3148
-2907
-2424
-1691
-1010
-341
504
1185
1657
1901
1711
1096
329
-308
-765
-1175
-1434
-1699
-1606
-1232
-733
-197
306
639
1054
1256
1108
965
761
489
128
-132
-277
-347
-263
-47
365
641
772
930
1145
1379
1348
1268
1238
1111
1001
900
815
767
823
917
995
952
753
628
601
462
271
136
-132
-329
-345
-405
-489
-496
-386
-410
-134
-12
162
147
106
9
-379
-682
-1006
-971
-483
