-5162
-4860
-4712
-4544
-4122
-3998
-4061
-4213
-4311
-4610
-4954
-5181
-5131
-4881
-4717
-4530
-4211
-3901
-3776
-3694
-3417
-3218
-3158
-3241
-3445
-3638
-4139
-5024
-6059
-6864
-7573
-8034
-8214
-8157
-7806
-7235
-6458
-5569
-4838
-4162
-3611
-3295
-3409
-3685
-4463
-5273
-6044
-6733
-7117
-7316
-7096
-6438
-5645
-4654
-3648
-2746
-2204
-1942
-1851
-2021
-2241
-2855
-3717
-4305
-4704
-5112
-5258
-5020
-4519
-3895
-3263
-2649
-2257
-2105
-2377
-2937
-3548
-4216
-4927
-5286
-5242
-4949
-4225
-3283
-2114
-1226
-1252
-1930
-2808
-4229
-6073
-8182
-10126
-11612
-12368
-12037
-10976
-9449
-7771
-6160
-4839
-4338
-4690
-5717
-7252
-9093
-10968
-12197
-12689
-12724
-11999
-10353
-7939
-5267
-2887
-814
734
1488
1306
615
-540
-2062
-3687
-5233
-6340
-6704
-5928
-4182
-1737
1161
4038
5943
6783
6752
5900
4247
1942
-395
-2654
-4664
-6019
-6631
-6453
-5333
-3507
-1544
208
1305
1627
1188
25
-1730
-3819
-5947
-7940
-9512
-10353
-10203
-9369
-8067
-6676
-5338
-4093
-3308
-3169
-3614
-4504
-5704
-7219
-8954
-10534
-11737
-12368
-12474
-11981
-10799
-9234
-7720
-6329
-5433
-4985
-4975
-5516
-6268
-7428
-8618
-9739
-10825
-11506
-11766
-11500
-10939
-9830
-8610
-7373
-6221
-5346
-4609
-4101
-4095
-4050
-4166
-4198
-4224
-4239
-3933
-3562
-3000
-2432
-1960
-1558
-1183
-864
-797
-943
-1269
-1564
-1701
-1700
-1789
-2006
-1903
-1864
-1844
-1792
-1620
-1786
-2118
-2058
-2078
-2420
-2873
-3157
-3285
-3690
-4208
-4843
-5614
-6224
-6544
-6657
-6523
-6347
-5828
-5043
-4559
-4138
-3547
-3062
-2906
-3105
-3647
-4658
-5616
-6344
-7232
-8064
-8592
-8651
-8214
-7705
-6960
-6056
-5316
-4645
-4125
-3931
-4143
-4437
-4927
-5370
-5687
-6012
-5888
-5543
-5216
-4557
-3713
-2780
-1712
-889
-163
491
779
1014
1305
1437
1306
957
217
-803
-2022
-3310
-4454
-5261
-5251
-4149
-2245
-158
1668
3193
4508
5033
4907
3991
2286
345
-1489
-3121
-4215
-4275
-3424
-1810
155
2230
4156
5584
6264
6146
5606
4480
2828
1224
-314
-1454
-2023
-1645
-251
1546
3503
5371
6652
7252
7254
7057
6722
6408
6369
6402
6539
6755
6755
6493
6007
5327
4529
3509
2493
1475
469
-262
-451
-78
527
1531
2719
3725
4346
4709
4863
4485
3533
2338
1071
-38
-1094
-1782
-2043
-2007
-1562
-994
-279
467
1024
1279
1184
647
-96
-904
-1893
-2828
-3542
-4010
-4365
-4594
-4534
-4218
-3967
-3855
-3521
-3289
-3582
-3734
-3961
-4172
-4254
-4436
-4533
-4572
-4483
-4156
-3903
-3607
-3335
-3204
-3152
-3174
-3328
-3550
-3813
-4073
-4260
-4313
-4072
-3752
-3295
-2632
-2161
-1846
-1578
-1304
-939
-805
-1024
-1270
-1733
-2196
-2564
-2891
-3180
-3342
-3194
-3049
-2797
-2376
-2045
-1600
-1455
-1428
-1269
-1565
-1969
-2673
-3583
-4729
-5851
-7234
-8469
-9305
-9887
-9962
-9644
-9176
-8418
-7326
-6125
-5191
-4591
-4404
-4611
-5278
-6111
-7040
-8035
-9135
-9795
-9926
-9926
-9799
-9302
-8281
-7243
-6490
-5863
-5393
-5235
-5616
-6130
-6615
-6908
-7308
-7838
-8005
-7984
-7698
-7264
-6855
-6171
-5337
-4699
-4173
-3648
-3239
-2930
-2876
-2832
-2637
-2444
-2271
-2036
-1886
-1658
-1203
-751
-436
-53
211
281
116
-182
-358
-517
-625
-698
-843
-945
-923
-878
-833
-719
-680
-861
-957
-987
-1026
-1174
-1724
-2172
-2212
-2286
-2354
-2374
-2300
-2037
-1832
-1581
-1468
-1324
-1355
-1719
-2463
-3114
-3545
-3573
-3097
-2374
-1209
-99
830
1408
1159
433
-693
-2094
-3627
-5139
-6448
-7309
-7607
-7523
-6816
-5388
-3831
-2433
-1286
-883
-1116
-1665
-2386
-3470
-4900
-6363
-7524
-8223
-8425
-8089
-7406
-6243
-4900
-3717
-2790
-2147
-1982
-2327
-3021
-4033
-5106
-6133
-7038
-7834
-8158
-8020
-7494
-6545
-5491
-4499
-3710
-3135
-2753
-2799
-3041
-3663
-4404
-5076
-5778
-6108
-6214
-6369
-6336
-6008
-5571
-4818
-4256
-4173
-4172
-4254
-4348
-4651
-5240
-5634
-6025
-6267
-6276
-6338
-6275
-6045
-5758
-5390
-5167
-5245
-5357
-5432
-5763
-6014
-6251
-6509
-6541
-6534
-6629
-6442
-6087
-5659
-5384
-5132
-4853
-4738
-4748
-4610
-4706
-4949
-5312
-5941
-6654
-7744
-8776
-9656
-10318
-10509
-10336
-10095
-9599
-8703
-7700
-6757
-5954
-5504
-5317
-5280
-5687
-6427
-7318
-8232
-8923
-9375
-9674
-9521
-8866
-7901
-6826
-5816
-4739
-3865
-3427
-3245
-3242
-3574
-4017
-4651
-5199
-5644
-5701
-5415
-5073
-4679
-4194
-3506
-2752
-2041
-1436
-1123
-1087
-992
-856
-930
-1178
-1432
-1339
-1184
-1157
-989
-459
70
322
518
866
1174
1136
1123
1189
1068
968
932
1037
956
871
829
888
883
696
559
550
479
264
56
-167
-373
-400
-199
-206
-220
-105
-11
137
419
481
424
379
171
-289
-1020
-1614
-1581
-1051
-151
1027
2331
3574
4368
4508
4147
3328
2165
921
-336
-1621
-2601
-3147
-3172
-2583
-1470
81
1485
2417
2985
3296
2988
2112
963
-495
-1732
-2640
-3432
-3857
-3750
-3136
-2038
-801
461
1293
1599
1746
1583
1044
107
-1106
-2238
-3029
-3701
-4141
-4028
-3678
-3003
-2101
-1200
-439
107
321
43
-344
-829
-1361
-2021
-2898
-3562
-3856
-3889
-3916
-3556
-2914
-2432
-2004
-1683
-1300
-1359
-1635
-1757
-2113
-2705
-3301
-3556
-3588
-3515
-3354
-3131
-2823
-2443
-2135
-1880
-1926
-2013
-2129
-2351
-2799
-3125
-3293
-3325
-3222
-3119
-3027
-2694
-2234
-2087
-2070
-1915
-1696
-1551
-1672
-1913
-2125
-2557
-3490
-4478
-5359
-6176
-6825
-7186
-7293
-7228
-6822
-6282
-5491
-4410
-3528
-2858
-2580
-2663
-2925
-3549
-4449
-5358
-6225
-6856
-7229
-7130
-6668
-5998
-5144
-4281
-3296
-2513
-1964
-1643
-1820
-2093
-2392
-2914
-3466
-3917
-4169
-4298
-4383
-3920
-3106
-2339
-1734
-1226
-614
-123
-72
150
111
-100
-278
-580
-600
-514
-327
-50
229
388
566
1042
1250
1449
1639
1743
1888
1983
1715
1505
1584
1728
1810
1728
1616
1574
1672
1586
1382
1322
1096
1104
1090
796
512
331
406
559
500
629
634
517
458
569
670
474
51
-640
-1356
-1733
-1542
-965
110
1711
3230
4104
4453
4350
3569
2458
1035
-385
-1566
-2667
-3474
-3763
-3368
-2275
-874
423
1712
2735
3092
2722
1833
685
-584
-1842
-3094
-4033
-4635
-4839
-4431
-3479
-2404
-1300
-427
250
399
187
-190
-812
-1576
-2628
-3858
-4790
-5315
-5473
-5249
-4603
-3761
-2810
-1942
-1256
-876
-741
-990
-1550
-2292
-3131
-3921
-4547
-4902
-5037
-4961
-4661
-4295
-3937
-3461
-3035
-2732
-2664
-2750
-3046
-3504
-3994
-4386
-4634
-4751
-4861
-4741
-4538
-4253
-3945
-3736
-3641
-3394
-3336
-3497
-3542
-3766
-4187
-4435
-4622
-4859
-4857
-4653
-4222
-3876
-3543
-3320
-3396
-3340
-3226
-3117
-3112
-3446
-3910
-4773
-5725
-6642
-7492
-8178
-8708
-8941
-8731
-8308
-7840
-7117
-6108
-5248
-4612
-4091
-3913
-4198
-4709
-5495
-6557
-7444
-8094
-8411
-8467
-8213
-7539
-6562
-5654
-4734
-3950
-3373
-2988
-2924
-3138
-3482
-3851
-4264
-4848
-5211
-5090
-4827
-4607
-4279
-3525
-2811
-2234
-1618
-1049
-578
-328
-434
-662
-915
-967
-1011
-1009
-975
-776
-544
-147
251
537
761
1009
1197
1449
1560
1409
1136
1108
1155
1161
1212
1386
1471
1416
1406
1281
1265
1144
679
509
449
349
236
144
232
244
415
582
591
648
730
710
526
171
-156
-824
-1789
-2648
-2982
-2888
-2213
-1245
-127
1183
2037
2384
2088
1373
386
-635
-1590
-2351
-2694
-2733
-2336
-1712
-888
370
1404
1950
2193
2126
1566
583
-617
-1622
-2674
-3424
-3810
-3837
-3374
-2370
-1324
-357
508
1224
1599
1608
1212
482
-241
-1135
-2039
-2763
-3202
-3307
-2920
-1971
-933
-63
631
1146
1462
1449
1164
726
81
-523
-1190
-1795
-2161
-2386
-2413
-2111
-1698
-1016
-407
65
411
358
139
-169
-635
-1025
-1584
-2281
-2681
-2848
-3050
-3076
-2779
-2273
-1973
-1853
-1751
-1785
-1874
-2061
-2521
-2861
-3042
-3227
-3362
-3377
-3155
-2891
-2785
-2765
-2770
-2714
-2647
-2425
-2274
-2158
-2509
-3036
-3581
-4249
-5269
-6324
-7113
-7700
-7948
-7921
-7549
-7005
-6277
-5436
-4705
-3904
-3286
-3058
-3211
-3538
-4104
-4834
-5798
-6550
-7002
-7016
-6770
-6247
-5455
-4568
-3629
-2579
-1679
-1102
-877
-935
-1190
-1670
-2087
-2676
-3121
-3082
-2853
-2659
-2204
-1407
-598
172
532
809
1174
1359
1460
1404
1299
1170
1025
962
1047
1162
1153
1286
1654
2117
2387
2513
2661
2784
2676
2608
2611
2541
2354
2138
2223
2172
2130
2129
2226
2382
2287
2077
1757
1468
1214
1078
1043
1004
838
860
1019
1227
1287
1306
1243
1079
1141
1200
910
627
393
392
814
1764
3174
4554
5836
6695
6953
6590
5700
4409
2638
659
-1203
-2841
-4037
-4361
-3934
-2768
-1122
726
2676
4256
5327
5684
5282
4380
2855
1007
-766
-2457
-3694
-4345
-4373
-3628
-2446
-1204
-51
1094
1930
2149
1862
1326
378
-868
-2262
-3576
-4618
-5252
-5381
-5027
-4181
-3062
-2010
-1298
-698
-91
-9
-354
-877
-1436
-2233
-3133
-3912
-4399
-4715
-4827
-4675
-4127
-3805
-3607
-3217
-2960
-3050
-3204
-3309
-3678
-3961
-4030
-4068
-3983
-3733
-3243
-2929
-2594
-2384
-2248
-2170
-1991
-1918
-2058
-2412
-2829
-2923
-2968
-2979
-2676
-2350
-2080
-1861
-1605
-1226
-1008
-941
-761
-466
-550
-865
-1285
-1924
-2687
-3571
-4482
-5300
-5881
-6247
-6330
-6095
-5487
-4645
-3729
-2950
-2305
-1672
-1349
-1532
-2112
-2899
-3670
-4565
-5267
-5872
-6230
-6333
-6113
-5372
-4552
-3702
-2856
-2189
-1780
-1706
-1854
-1995
-2367
-2941
-3590
-4141
-4518
-4779
-4776
-4412
-3803
-2961
-2177
-1605
-1122
-739
-385
-349
-519
-534
-510
-650
-952
-1016
-939
-712
-427
124
563
837
1177
1553
1758
1986
2182
2141
2099
2076
1887
1854
2058
2024
1891
1978
2141
2082
2023
2129
2002
1750
1648
1719
1456
1117
1017
1175
1440
1575
1713
1689
1840
2028
1944
1897
1488
735
61
-561
-920
-592
-20
1142
2327
3271
3818
3673
3097
2340
1312
0
-1233
-2246
-2868
-2777
-2149
-1136
116
1611
2898
3557
3577
3269
2714
1740
261
-1235
-2468
-3581
-4198
-4233
-3670
-2627
-1542
-263
833
1639
2019
1921
1728
1088
-24
-1051
-1985
-2748
-3091
-3039
-2776
-2132
-1067
-27
964
1633
2042
2065
1699
1250
551
-144
-870
-1575
-2043
-2161
-1801
-1498
-1134
-657
-109
324
539
622
523
210
-197
-606
-781
-966
-1155
-1435
-1564
-1523
-1384
-1298
-1091
-967
-919
-943
-1170
-1518
-1818
-1908
-2201
-2401
-2420
-2372
-2126
-1918
-1704
-1628
-1563
-1575
-1599
-1630
-1742
-1808
-1801
-2364
-3275
-4175
-5082
-6063
-6926
-7328
-7312
-7376
-7329
-6566
-5622
-4681
-3686
-2876
-2482
-2519
-2776
-3280
-3994
-4919
-5943
-6628
-6892
-6749
-6328
-5739
-4793
-3701
-2637
-1657
-892
-440
-391
-706
-1090
-1356
-1916
-2355
-2735
-2841
-2612
-2275
-1704
-919
-134
647
1188
1572
2096
2318
2287
1996
1846
1912
1733
1472
1647
1994
2206
2418
2839
3263
3506
3718
3839
3969
4008
3883
3651
3548
3474
3243
3191
3262
3190
2996
3102
3167
3051
2906
2707
2306
2095
2004
2014
2098
2056
2074
2139
2073
1948
2030
2127
2124
2223
2063
1528
772
130
-44
35
414
1322
2702
4256
5411
6067
6003
5428
4448
3205
1884
569
-635
-1634
-1944
-1572
-669
661
2029
3156
3991
4561
4651
4204
3391
2268
955
-346
-1383
-2181
-2567
-1999
-975
-29
751
1669
2585
3160
3090
2782
2164
1264
297
-786
-1726
-2303
-2433
-2074
-1445
-721
-7
663
1308
1603
1777
1682
1306
733
-71
-855
-1660
-2345
-2655
-2561
-2335
-2030
-1533
-953
-373
-166
-105
-225
-525
-1102
-1750
-2122
-2402
-2639
-2658
-2338
-2211
-2089
-1788
-1254
-1015
-1154
-1207
-1048
-1313
-1829
-2256
-2422
-2234
-2124
-2054
-1945
-1733
-1485
-1306
-1106
-1114
-938
-649
-574
-599
-859
-1391
-2210
-2958
-3623
-4547
-5379
-6023
-6344
-6334
-6149
-5787
-5159
-4148
-3091
-2166
-1672
-1545
-1701
-1961
-2583
-3510
-4319
-5081
-5632
-5741
-5489
-5206
-4497
-3547
-2582
-1634
-1095
-763
-582
-623
-1018
-1456
-1944
-2482
-2841
-3195
-3261
-3019
-2377
-1671
-1021
-357
240
724
1056
1065
975
961
796
750
785
742
809
910
1035
1323
1800
2213
2501
2830
3185
3250
2979
2906
2886
2845
2763
2784
3147
3197
2991
2993
2806
2685
2656
2785
2676
2478
2305
2361
2315
2163
2114
2150
2156
2118
2161
2174
2122
2175
2288
2249
1883
1410
810
283
79
448
1288
2571
3860
5050
5968
6243
5725
4788
3652
2550
1391
18
-1204
-1780
-1662
-1021
89
1506
2820
3781
4277
4439
4267
3498
2372
1055
-163
-1296
-2308
-2746
-2530
-1746
-776
308
1351
2109
2612
2777
2508
2032
1177
26
-1021
-1947
-2596
-2926
-2893
-2337
-1488
-649
87
756
1340
1625
1516
1175
594
-115
-895
-1681
-2288
-2608
-2641
-2474
-2107
-1534
-881
-481
-289
-275
-227
-175
-414
-890
-1253
-1557
-1863
-2263
-2281
-1979
-1600
-1353
-1046
-686
-435
-436
-563
-697
-882
-1157
-1225
-1532
-1701
-1739
-1611
-1444
-1288
-1043
-850
-786
-500
-376
-493
-522
-668
-973
-1398
-2037
-2894
-3777
-4628
-5389
-5716
-5901
-5943
-5577
-4928
-4049
-3091
-2251
-1745
-1487
-1462
-1759
-2364
-3086
-3870
-4729
-5467
-5745
-5669
-5344
-4699
-3656
-2609
-1720
-1040
-691
-409
-225
-440
-936
-1668
-2169
-2357
-2506
-2559
-2445
-2181
-1621
-908
-163
541
992
1572
1882
1800
1710
1607
1515
1449
1361
1345
1276
1470
1905
2277
2608
3002
3278
3419
3635
3629
3579
3607
3565
3478
3347
3188
3156
3274
3195
3090
3185
3368
3452
3208
2849
2632
2676
2566
2311
2260
2268
2180
2172
2321
2483
2550
2644
2554
2356
1989
1660
1279
737
501
694
1420
2463
3729
5047
5925
6311
6290
5653
4667
3309
1823
491
-553
-1231
-1424
-1098
-69
1351
2689
3748
4648
5073
4759
4008
3004
1755
612
-451
-1521
-2139
-1957
-1377
-636
298
1383
2302
3085
3335
3066
2544
1778
896
-75
-1100
-1800
-1979
-1957
-1780
-1270
-476
423
1158
1846
2269
2358
2016
1316
576
-137
-585
-1170
-1550
-1664
-1438
-1235
-943
-463
33
460
775
715
484
258
-67
-612
-1242
-1605
-1707
-1481
-1183
-1039
-913
-603
-142
22
77
122
-176
-555
-741
-891
-979
-1175
-1443
-1394
-1181
-866
-433
-215
-62
43
228
419
331
85
-300
-731
-1259
-2073
-3062
-3888
-4525
-5057
-5411
-5361
-4876
-4187
-3357
-2594
-1787
-1111
-683
-623
-901
-1279
-1871
-2759
-3573
-4140
-4556
-4767
-4709
-4261
-3473
-2427
-1185
-259
204
327
269
5
-123
-344
-801
-1377
-1724
-1704
-1640
-1424
-923
-198
607
1130
1631
1980
2287
2251
1822
1373
1060
959
981
1192
1589
2130
2554
2757
2702
2526
2175
1654
1106
595
302
300
715
1383
2090
2827
3668
4213
4243
4048
3653
2979
2160
1294
411
90
475
1320
2391
3647
4873
5955
6484
6805
7006
6732
5995
4964
4187
3597
3000
2658
2850
3405
4211
5531
7106
8594
9725
10333
10148
9391
8155
6502
4851
3231
1825
938
578
863
1556
2608
3815
4963
5914
6169
5965
5500
4667
3557
2315
1087
-48
-1008
-1442
-1389
-948
-183
896
1915
2648
2991
2951
2572
2139
1324
342
-779
-1836
-2760
-3136
-3105
-2736
-2155
-1215
-360
267
767
1027
1037
791
310
-410
-1061
-1752
-2296
-2678
-2508
-1967
-1349
-721
201
883
1074
1157
1331
1414
1180
839
637
455
407
213
232
550
944
1384
1659
1842
2100
2252
2213
1987
1634
1341
1131
914
707
509
540
683
869
1022
1180
1299
1427
1407
1343
1257
1270
1270
811
-32
-990
-1812
-2615
-3285
-3834
-4350
-4662
-4673
-4117
-3265
-2553
-1855
-1353
-1026
-784
-1000
-1541
-2134
-2840
-3751
-4606
-5135
-5370
-5196
-4787
-4146
-3393
-2621
-1895
-1413
-919
-739
-1029
-1483
-2035
-2558
-3034
-3537
-3920
-4055
-3748
-3220
-2580
-2028
-1317
-728
-386
-231
-15
183
49
-473
-1021
-1546
-1928
-2176
-2235
-2088
-1549
-847
-56
549
909
1229
1249
1203
913
375
-161
-771
-1300
-1528
-1411
-1028
-553
-9
558
1067
1070
971
646
150
-618
-1524
-2270
-2716
-2929
-2860
-2574
-2218
-1735
-1216
-1069
-1071
-1163
-1575
-2425
-3724
-4849
-5466
-5680
-5045
-3689
-2010
-465
706
1175
1005
388
-824
-2412
-4179
-5941
-7505
-8525
-8555
-7663
-6275
-4558
-2727
-1136
-79
328
128
-569
-1688
-3143
-4601
-5887
-6761
-7016
-6816
-6195
-4979
-3595
-2236
-1086
-416
-35
-84
-568
-1326
-2180
-3148
-4101
-4749
-5079
-5080
-4376
-3404
-2230
-1075
-335
230
577
715
603
165
-475
-1192
-1816
-2287
-2553
-2643
-2413
-2007
-1351
-748
-307
27
426
405
18
-251
-539
-1032
-1470
-1725
-1863
-1911
-1799
-1373
-811
-408
-209
-107
-72
-133
-346
-681
-959
-1043
-1197
-1348
-1200
-1136
-1073
-755
-345
83
360
565
743
950
933
774
564
173
-419
-1092
-1915
-2640
-3038
-3404
-3501
-3140
-2547
-1849
-1036
18
948
1562
1710
1884
1892
1347
573
-176
-884
-1228
-1291
-1116
-716
-33
948
1869
2620
3323
3870
4178
4047
3663
3320
2901
2378
1901
1631
1424
1388
1690
2237
2894
3376
3768
4165
4333
4388
4188
3928
3634
3299
3052
2929
2791
2685
2786
2985
3147
3391
3666
3781
3692
3661
3615
3384
3213
3154
3082
2900
2881
3031
3054
3167
3150
3084
3004
2900
2828
2666
2521
2357
2269
2271
2173
2065
2099
2061
2089
2159
2201
2399
2494
2423
2212
1804
1107
406
6
168
783
1915
3394
4596
5612
6223
6151
5526
4489
3244
2153
1199
386
-153
-111
536
1441
2517
3707
4789
5607
5863
5542
4877
4038
2920
1706
676
-120
-596
-503
63
998
2246
3206
3896
4590
4995
4941
4312
3444
2615
1787
1014
386
42
-34
171
719
1617
2511
3215
3834
4156
4016
3783
3418
2757
2035
1383
959
523
218
262
571
977
1425
2057
2540
2759
2807
2670
2313
1923
1516
1084
811
567
550
807
985
1205
1574
1980
1993
1949
1990
1935
1721
1468
1284
1105
903
958
1096
1357
1582
1742
1897
2085
2356
2568
2673
2664
2660
2447
1759
1124
395
-272
-907
-1503
-1828
-2073
-2132
-1808
-1219
-462
358
1280
2008
2218
2254
2022
1324
740
185
-487
-1189
-1837
-1805
-1379
-711
57
780
1621
2316
2775
3087
3105
2715
2187
1523
901
303
-323
-494
-420
-203
146
590
1076
1623
1976
2172
2345
2231
1980
1607
1095
540
243
246
331
315
393
596
1009
1372
1433
1458
1443
1368
1291
1180
1111
1124
920
704
731
718
631
596
507
305
386
385
161
-150
-314
-388
-487
-751
-890
-812
-699
-591
-485
-524
-458
-406
-515
-572
-877
-1494
-2057
-2267
-2105
-1440
-231
1247
2759
3661
4106
3979
3220
2186
875
-606
-2075
-3423
-4392
-4713
-4355
-3293
-1929
-481
895
1873
2631
2888
2415
1366
68
-1350
-2675
-3909
-4939
-5266
-4714
-3872
-2815
-1646
-451
453
856
910
609
2
-842
-1865
-3001
-4075
-4609
-4637
-4369
-3768
-2998
-2180
-1374
-574
90
398
409
98
-478
-1353
-2221
-2826
-3329
-3640
-3642
-3347
-2786
-2259
-1710
-1373
-1172
-971
-835
-941
-1402
-2056
-2496
-2483
-2298
-2129
-2087
-2051
-1708
-1197
-871
-615
-441
-374
-536
-987
-1171
-1270
-1424
-1544
-1463
-1322
-972
-560
-352
-179
44
289
613
813
834
744
505
209
-260
-962
-1867
-2660
-3311
-3862
-4120
-4090
-3822
-3317
-2450
-1542
-776
-169
381
707
640
225
-374
-967
-1736
-2551
-3169
-3391
-3194
-2656
-1821
-815
100
836
1414
1750
1675
1575
1210
642
27
-689
-1223
-1601
-1699
-1392
-868
-399
-98
349
757
1116
1346
1378
1141
886
611
462
162
-79
-43
37
172
317
555
860
1152
1319
1444
1470
1448
1492
1329
1242
984
785
820
1014
1035
936
945
1049
1113
916
744
700
696
603
445
277
241
233
255
305
316
385
432
560
605
562
465
259
-226
-491
-240
408
