-5082
-4700
-4283
-3820
-3609
-3746
-3794
-3947
-4385
-4755
-4879
-4752
-4701
-4771
-4654
-4375
-3913
-3722
-3641
-3472
-3448
-3256
-3195
-3234
-3201
-3486
-4045
-4882
-5953
-7103
-8008
-8451
-8702
-8627
-8219
-7496
-6786
-6008
-5136
-4287
-3648
-3253
-3354
-3895
-4694
-5560
-6312
-6857
-7306
-7391
-7123
-6445
-5647
-4638
-3701
-2898
-2416
-2099
-1888
-2092
-2550
-3172
-3759
-4320
-4833
-5208
-5312
-5206
-4900
-4252
-3545
-3047
-2832
-2692
-2761
-2995
-3697
-4721
-5631
-5928
-5787
-5295
-4490
-3358
-1980
-1013
-871
-1582
-2717
-4213
-6121
-8028
-9764
-11112
-11831
-11627
-10704
-9191
-7665
-6109
-4901
-4370
-4656
-5701
-7333
-9116
-10831
-12249
-13101
-13129
-12307
-10641
-8269
-5575
-3061
-1098
464
1239
1145
490
-394
-1781
-3725
-5533
-6730
-7281
-6585
-4702
-2121
576
3341
5521
6557
6570
5741
4211
2285
62
-2320
-4348
-5753
-6242
-5848
-4892
-3370
-1801
-517
410
800
436
-689
-2418
-4463
-6562
-8259
-9394
-10034
-10180
-9506
-8296
-6714
-5229
-4017
-3474
-3217
-3496
-4428
-5698
-7287
-9079
-10610
-11693
-12236
-12167
-11392
-10239
-9050
-7672
-6359
-5426
-4903
-4789
-5202
-6156
-7249
-8561
-9896
-10877
-11677
-11985
-11690
-11189
-9972
-8504
-7132
-6048
-5208
-4516
-3974
-3719
-3579
-3635
-3836
-3794
-3920
-3757
-3283
-2833
-2334
-1777
-1261
-942
-795
-702
-771
-1015
-1212
-1355
-1414
-1630
-1873
-1913
-1973
-2047
-2091
-2065
-2105
-2301
-2480
-2756
-2915
-3132
-3394
-3682
-4095
-4603
-5117
-5878
-6631
-6953
-7180
-7163
-6988
-6441
-5763
-5164
-4423
-3662
-3365
-3303
-3396
-3851
-4715
-5759
-6682
-7568
-8115
-8400
-8560
-8197
-7321
-6516
-6021
-5427
-4780
-4222
-3826
-3850
-4212
-4719
-5098
-5386
-5553
-5489
-5176
-4633
-3953
-3040
-2312
-1574
-731
149
769
1216
1407
1659
1783
1702
1222
517
-142
-987
-2303
-3472
-4092
-4192
-3450
-1938
-24
1932
3618
4678
5263
5111
4258
2878
978
-930
-2565
-3680
-4107
-3656
-2218
-322
1822
3718
5291
6346
6467
5800
4575
2854
1220
-218
-1499
-2172
-1806
-613
1180
3284
5173
6331
6859
7040
6825
6349
5996
5796
5957
6335
6694
6774
6617
6351
5959
5173
4208
3205
2096
952
12
-293
-89
676
1497
2559
3498
4071
4415
4445
4003
3236
2191
1052
-152
-1210
-1843
-2057
-2010
-1672
-1070
-151
826
1450
1585
1524
1176
748
-60
-1152
-2311
-3229
-3759
-4061
-4163
-4050
-3740
-3529
-3328
-3128
-3085
-3294
-3510
-3541
-3441
-3725
-4208
-4718
-4994
-4897
-4516
-4301
-4012
-3816
-3449
-3263
-3229
-3319
-3533
-3785
-3948
-4076
-4161
-4065
-3893
-3528
-3059
-2653
-2095
-1697
-1356
-1085
-898
-895
-1192
-1679
-2154
-2679
-3032
-3091
-3166
-3360
-3300
-3088
-2782
-2580
-2334
-2037
-1873
-1931
-2083
-2444
-3110
-4201
-5473
-6753
-8112
-9418
-10365
-10717
-10789
-10558
-9969
-9149
-8195
-6972
-5913
-5259
-4884
-4946
-5381
-6319
-7453
-8451
-9153
-9587
-10016
-10200
-9818
-9045
-8239
-7609
-6606
-5789
-5452
-5737
-6198
-6524
-6885
-7383
-7919
-8357
-8529
-8628
-8278
-7713
-7136
-6456
-5850
-5297
-4711
-4059
-3710
-3706
-3591
-3398
-3102
-2891
-2803
-2575
-2182
-1932
-1610
-1186
-775
-549
-522
-659
-734
-917
-1159
-1254
-1495
-1662
-1812
-1904
-1955
-1896
-1874
-1790
-1798
-1899
-1992
-2212
-2498
-2893
-2921
-2930
-3230
-3320
-3333
-3213
-3166
-3291
-3232
-3178
-2998
-2846
-2692
-2860
-3387
-4209
-4860
-4929
-4488
-3518
-2098
-753
199
721
669
-82
-1242
-2765
-4329
-5842
-7230
-8298
-8746
-8483
-7577
-6344
-4932
-3421
-2174
-1595
-1675
-2194
-3265
-4574
-6100
-7712
-8964
-9517
-9424
-9039
-8293
-7055
-5574
-4269
-3433
-3077
-2906
-2985
-3549
-4579
-5828
-7098
-7959
-8540
-8734
-8455
-7854
-7036
-5985
-5059
-4166
-3463
-3259
-3422
-3753
-4422
-5296
-5947
-6437
-6842
-7060
-7131
-6882
-6611
-6180
-5680
-5095
-4636
-4495
-4727
-5227
-5642
-5893
-6351
-6841
-6849
-6786
-6632
-6215
-5860
-5499
-5514
-5564
-5532
-5491
-5659
-5917
-6186
-6564
-6777
-6970
-7004
-6880
-6617
-6287
-5973
-5694
-5424
-5305
-5334
-5388
-5284
-5322
-5487
-5927
-6750
-7627
-8442
-9456
-10330
-10757
-10978
-11034
-10750
-10040
-9094
-8040
-7144
-6415
-5783
-5558
-5696
-6023
-6554
-7268
-8173
-8828
-9204
-9354
-9265
-8769
-7905
-6847
-5769
-4823
-4169
-3662
-3365
-3453
-3851
-4271
-4665
-4993
-5484
-5816
-5708
-5318
-4893
-4254
-3549
-2847
-2287
-1767
-1185
-978
-1029
-979
-964
-986
-1041
-1046
-1055
-831
-424
-15
384
655
698
798
1159
1516
1587
1487
1293
1124
1162
1080
965
1048
1130
988
874
856
791
542
249
-5
-183
-427
-589
-587
-424
-253
-173
-8
-29
8
163
246
409
480
180
-302
-858
-1398
-1629
-1298
-320
1194
2700
3990
4887
5197
4861
3970
2862
1445
-14
-1289
-2409
-3000
-2775
-2068
-962
305
1580
2627
3300
3479
3026
2229
1189
-75
-1440
-2741
-3669
-3985
-3751
-2907
-1791
-535
616
1479
1889
1866
1564
994
41
-872
-1847
-2855
-3589
-3813
-3589
-3075
-2495
-1702
-873
-135
328
370
152
-263
-854
-1435
-2241
-3084
-3632
-3864
-3993
-3794
-3368
-2860
-2381
-1945
-1534
-1313
-1362
-1526
-1738
-2064
-2644
-3013
-3259
-3372
-3275
-3141
-2741
-2363
-2003
-1810
-1758
-1796
-1710
-1764
-2133
-2464
-2652
-2821
-3131
-3344
-3264
-2832
-2428
-2250
-2129
-2192
-2085
-1784
-1653
-1699
-2003
-2423
-3016
-3942
-4933
-5898
-6734
-7334
-7482
-7513
-7409
-7129
-6452
-5442
-4640
-3841
-3098
-2741
-2908
-3524
-4122
-4773
-5682
-6603
-7094
-7280
-7204
-6875
-6040
-5096
-4316
-3474
-2824
-2376
-2028
-1963
-2195
-2769
-3260
-3668
-4184
-4722
-4839
-4557
-3991
-3484
-2908
-2288
-1681
-1262
-988
-687
-650
-652
-623
-704
-795
-861
-745
-747
-688
-340
23
202
664
1016
1246
1539
1621
1654
1562
1405
1245
1204
1023
908
853
748
796
616
640
729
664
419
136
16
-202
-580
-677
-688
-741
-760
-667
-313
5
58
-137
-259
-381
-580
-1195
-1979
-2464
-2279
-1363
-128
1288
2586
3708
4251
3978
3087
1964
626
-774
-2144
-3293
-4084
-4515
-4093
-3000
-1652
-268
808
1671
2050
1859
1148
-106
-1476
-2753
-4062
-5246
-5780
-5611
-5075
-4100
-2916
-1847
-1023
-438
-84
-122
-483
-1199
-2243
-3476
-4605
-5402
-5769
-5545
-5205
-4612
-3814
-3046
-2262
-1584
-1235
-1279
-1690
-2295
-3030
-3706
-4513
-5345
-5810
-6091
-5903
-5510
-5222
-4616
-3986
-3612
-3452
-3430
-3430
-3661
-4185
-4612
-4911
-5157
-5321
-5380
-5261
-4926
-4577
-4117
-3718
-3572
-3611
-3726
-3715
-3752
-3971
-4417
-4783
-4838
-4872
-4929
-4763
-4685
-4394
-4127
-4001
-3907
-3920
-3735
-3680
-4010
-4535
-4943
-5504
-6348
-7266
-8189
-9071
-9500
-9632
-9597
-9224
-8677
-7849
-6802
-5670
-4836
-4418
-4426
-4753
-5310
-6216
-7206
-7980
-8524
-8839
-8870
-8599
-7979
-7006
-6042
-5059
-4166
-3614
-3251
-3155
-3431
-3811
-4172
-4637
-5212
-5573
-5663
-5587
-5340
-4670
-3835
-3195
-2596
-2068
-1407
-874
-789
-1040
-1193
-1246
-1268
-1242
-1196
-1105
-755
-395
85
450
696
1093
1294
1191
1215
1409
1494
1293
1032
925
1023
1166
1110
1116
1213
1172
1076
997
955
778
526
303
14
-210
-256
-264
-206
-109
101
267
343
260
232
307
172
-178
-1011
-2152
-3243
-3725
-3524
-2784
-1803
-623
642
1484
1669
1356
749
41
-624
-1386
-1979
-2437
-2475
-2207
-1701
-771
234
1302
2081
2185
1862
1264
288
-797
-2031
-2963
-3587
-3764
-3501
-2982
-2152
-1144
23
952
1469
1816
1977
1740
1078
153
-755
-1488
-2239
-2725
-2652
-2043
-1313
-580
131
845
1500
2058
2189
1812
1105
396
-360
-1021
-1601
-1872
-1913
-1747
-1498
-984
-492
14
409
664
692
670
368
-192
-796
-1422
-1855
-2317
-2620
-2655
-2648
-2561
-2309
-2058
-2061
-2096
-1998
-1881
-2118
-2470
-2822
-3115
-3107
-3214
-3469
-3479
-3423
-3161
-2973
-2823
-2668
-2594
-2520
-2533
-2555
-2696
-3067
-3661
-4507
-5342
-6239
-6956
-7510
-7914
-8165
-7817
-7146
-6481
-5576
-4579
-3675
-3219
-3003
-2989
-3216
-3721
-4543
-5435
-6051
-6417
-6595
-6396
-5777
-4904
-3906
-2817
-1765
-966
-673
-736
-880
-970
-1340
-1866
-2349
-2679
-2930
-2684
-2333
-1969
-1387
-635
-103
374
992
1480
1673
1605
1560
1471
1306
1066
955
800
808
956
1276
1620
1994
2307
2566
2745
2851
2991
2970
2800
2623
2495
2456
2317
2086
2053
1917
1870
1826
1694
1595
1358
1131
976
825
744
641
403
429
471
515
498
532
697
767
856
1050
1071
948
828
862
1414
2479
3904
5368
6735
7748
8206
7892
6945
5349
3051
829
-1177
-2850
-3883
-4333
-3888
-2766
-1204
800
2880
4701
6008
6415
5872
4498
2831
854
-1070
-2712
-4034
-4762
-4847
-4170
-2888
-1371
1
1152
2108
2522
2377
1664
510
-787
-2088
-3458
-4526
-5141
-5393
-5195
-4519
-3464
-2384
-1402
-546
-185
-84
-295
-698
-1421
-2503
-3434
-4050
-4615
-5021
-5089
-5006
-4785
-4423
-3923
-3397
-3157
-3202
-3333
-3439
-3635
-3781
-3842
-3879
-3764
-3554
-3277
-2889
-2449
-1941
-1622
-1383
-1381
-1533
-1715
-2127
-2318
-2368
-2398
-2469
-2400
-2015
-1664
-1326
-1029
-753
-560
-563
-662
-685
-559
-595
-1145
-2062
-3121
-4214
-5146
-5886
-6263
-6476
-6633
-6406
-5671
-4717
-3827
-3209
-2626
-1947
-1509
-1576
-2081
-2773
-3710
-4518
-5329
-6139
-6562
-6557
-6345
-5751
-4914
-3849
-2981
-2312
-1864
-1695
-1871
-2253
-2640
-3228
-3865
-4381
-4831
-5027
-4858
-4299
-3755
-3346
-2694
-2033
-1480
-1068
-701
-479
-443
-612
-699
-771
-881
-930
-742
-231
117
347
681
927
1204
1459
1634
1730
1837
1886
1833
1780
1703
1810
1787
1820
1950
2051
2046
2009
1667
1368
1110
967
950
861
840
878
837
745
857
1034
1215
1384
1355
1346
1377
1262
732
-11
-644
-1060
-1427
-1529
-836
400
1520
2540
3118
2995
2362
1410
206
-1106
-2181
-3058
-3524
-3382
-2767
-1852
-475
1042
2290
3165
3495
3259
2377
1117
-285
-1729
-3130
-4193
-4780
-4844
-4394
-3274
-1824
-503
660
1666
2153
2068
1698
1011
229
-727
-1877
-2868
-3401
-3526
-3139
-2238
-1208
-174
643
1313
1763
1859
1777
1355
556
-26
-849
-1582
-2045
-2232
-2118
-1795
-1315
-797
-181
310
499
609
471
280
-41
-549
-878
-1014
-1197
-1482
-1589
-1511
-1405
-1340
-1166
-846
-809
-1106
-1360
-1590
-2066
-2361
-2478
-2503
-2566
-2665
-2498
-2282
-2268
-2222
-2087
-2001
-1970
-1923
-1852
-1962
-2418
-2910
-3657
-4712
-5680
-6622
-7558
-8023
-8035
-7905
-7513
-6814
-5900
-4934
-4168
-3398
-2865
-2629
-2795
-3382
-4116
-4988
-5779
-6318
-6583
-6614
-6281
-5472
-4415
-3348
-2476
-1769
-1032
-656
-449
-439
-587
-1063
-1636
-2153
-2449
-2568
-2536
-2124
-1556
-989
-179
616
1374
1916
2318
2572
2579
2489
2241
2111
2104
2143
2181
2184
2356
2705
3135
3485
3597
3697
3942
3969
3964
3808
3601
3493
3436
3348
3350
3245
3242
3329
3219
3135
3077
2933
2630
2370
2164
1930
1826
1720
1645
1637
1611
1729
1827
2026
2064
2040
2036
1782
1320
861
436
50
-21
424
1637
3101
4465
5827
6526
6445
5788
4928
3799
2332
913
-268
-1015
-1273
-958
-178
994
2349
3602
4508
4817
4829
4413
3718
2622
1222
-130
-1189
-1903
-2141
-1698
-719
231
1234
2190
2900
3424
3644
3308
2406
1447
396
-648
-1494
-2027
-2069
-1831
-1403
-688
191
1098
1757
1962
2118
1895
1473
893
5
-899
-1540
-1932
-2279
-2449
-2229
-1772
-1325
-914
-527
-392
-512
-460
-651
-994
-1479
-1798
-2039
-2274
-2495
-2485
-2308
-1943
-1376
-1009
-885
-734
-632
-732
-883
-1200
-1546
-1824
-2057
-2179
-1988
-1780
-1644
-1421
-1176
-946
-772
-584
-564
-675
-676
-755
-1139
-1924
-2845
-3669
-4458
-5321
-6113
-6417
-6328
-5918
-5216
-4387
-3684
-2932
-2130
-1591
-1374
-1617
-2092
-2645
-3239
-3941
-4784
-5360
-5459
-5125
-4841
-4144
-3123
-2286
-1402
-748
-432
-402
-431
-652
-1243
-1882
-2413
-2741
-2922
-3079
-2928
-2424
-1639
-822
-169
559
1039
1275
1359
1476
1470
1357
1142
851
794
899
1073
1297
1609
1908
2145
2495
2785
3058
3142
3174
3088
2971
2804
2754
2633
2689
2772
2678
2526
2575
2567
2434
2255
2020
1818
1720
1739
1754
1589
1487
1470
1394
1411
1602
1821
1897
1816
1872
1839
1533
1197
729
135
-130
216
1234
2656
4109
5448
6271
6397
6021
5183
4102
2751
1420
156
-972
-1691
-1651
-1013
-14
1236
2518
3628
4174
4254
3956
3325
2123
655
-624
-1698
-2627
-2967
-2757
-2095
-1050
148
1257
2114
2525
2550
2261
1689
878
-134
-1136
-2020
-2731
-3056
-2955
-2351
-1401
-668
65
750
1243
1437
1401
1200
670
-178
-871
-1483
-1974
-2277
-2599
-2608
-2145
-1573
-1088
-775
-293
67
105
-281
-778
-1186
-1519
-1703
-1886
-2082
-2076
-1992
-1573
-1027
-697
-455
-403
-485
-592
-698
-897
-1145
-1215
-1397
-1654
-1768
-1604
-1362
-1009
-706
-586
-491
-558
-574
-563
-472
-480
-924
-1710
-2635
-3520
-4406
-5191
-5707
-6090
-6324
-6213
-5752
-5069
-4133
-3175
-2229
-1583
-1368
-1313
-1589
-2227
-2978
-3696
-4617
-5168
-5505
-5405
-4825
-4068
-3209
-2418
-1483
-716
-383
-195
27
-73
-417
-1062
-1873
-2287
-2518
-2440
-2231
-1905
-1292
-519
142
714
1178
1496
1797
1944
1931
1858
1831
1866
1783
1715
1727
1912
2241
2594
3039
3354
3498
3860
4078
3987
3905
3893
3605
3438
3409
3412
3393
3320
3337
3449
3395
3282
3142
2857
2655
2497
2369
2297
2223
2123
2042
2043
2230
2379
2337
2360
2368
2489
2531
2480
2031
1355
703
417
720
1578
2852
4271
5544
6392
6665
6417
5716
4717
3407
2035
863
-253
-1069
-1256
-787
228
1472
2754
3989
4817
5085
4853
4162
3127
1980
544
-720
-1405
-1858
-1835
-1485
-662
407
1300
2212
2962
3402
3424
2963
2168
1315
380
-701
-1511
-1851
-1829
-1473
-789
-36
824
1485
1907
2265
2281
1973
1651
992
242
-470
-1208
-1615
-1790
-1816
-1373
-817
-376
109
532
656
708
585
209
-213
-511
-843
-1040
-1285
-1383
-1213
-814
-390
-138
-21
151
385
455
289
41
-283
-660
-743
-816
-873
-798
-540
-189
102
157
377
488
572
693
576
306
-122
-762
-1420
-2214
-3024
-3801
-4537
-5136
-5334
-5226
-5007
-4448
-3504
-2554
-1672
-969
-578
-363
-512
-1011
-1843
-2587
-3214
-3977
-4381
-4296
-3800
-3300
-2698
-1811
-935
-72
586
944
987
705
445
43
-550
-1141
-1503
-1587
-1334
-924
-517
89
853
1353
1837
2349
2507
2467
2210
1871
1480
1352
1417
1548
1855
2340
2881
3097
3117
2885
2445
1897
1352
816
409
417
852
1349
1940
2777
3556
4043
4174
4022
3594
2768
1850
929
284
-31
266
1030
2036
3186
4381
5523
6352
6858
6879
6570
5876
4993
4143
3409
2838
2491
2299
2654
3773
5336
7143
8621
9900
10610
10549
9800
8464
6783
4985
3302
2000
1130
791
1057
1694
2810
4084
5072
5949
6392
6060
5315
4433
3157
1700
216
-902
-1503
-1747
-1551
-923
-218
733
1887
2684
2896
3042
2851
2377
1666
484
-558
-1651
-2649
-3008
-2990
-2905
-2260
-1299
-416
296
659
962
999
656
230
-374
-1001
-1682
-2318
-2650
-2630
-2311
-1814
-1273
-645
59
604
956
929
911
921
799
590
352
177
133
358
773
1276
1585
1830
2117
2240
2237
2209
2118
1922
1591
1244
1147
1123
1043
1004
985
1009
1225
1354
1375
1350
1314
1404
1265
1006
675
274
-255
-1015
-1745
-2493
-3405
-4192
-4793
-5081
-4900
-4409
-3659
-2820
-1997
-1385
-1157
-1039
-878
-1297
-1961
-2619
-3514
-4377
-4956
-5090
-4941
-4442
-3858
-3161
-2278
-1475
-1095
-876
-731
-956
-1417
-2045
-2703
-3353
-3810
-4004
-3957
-3769
-3346
-2810
-2157
-1469
-812
-318
-17
109
98
-34
-269
-733
-1343
-1877
-2207
-2157
-1776
-1278
-634
282
1064
1570
1696
1680
1454
978
302
-319
-760
-1199
-1588
-1450
-926
-427
179
601
823
1046
1106
666
-26
-854
-1681
-2455
-3006
-3022
-2980
-2908
-2493
-1986
-1638
-1362
-1130
-1063
-1317
-2322
-3864
-5274
-5731
-5589
-4930
-3496
-1776
-237
972
1752
1703
702
-699
-2332
-4096
-5655
-7004
-7801
-7900
-7532
-6268
-4446
-2702
-1220
-274
-3
-149
-733
-1812
-3229
-4655
-6005
-7027
-7330
-7065
-6106
-4813
-3637
-2283
-1148
-240
430
459
-188
-1067
-2081
-3031
-3900
-4567
-4897
-4709
-4048
-3090
-2068
-1332
-455
454
893
905
671
260
-358
-1059
-1787
-2305
-2532
-2512
-2257
-1875
-1357
-926
-303
293
712
708
471
147
-343
-824
-986
-1131
-1366
-1349
-1219
-1059
-470
138
310
349
344
286
83
-46
-295
-626
-956
-1064
-882
-683
-521
-258
27
310
594
757
923
1056
998
899
791
136
-745
-1515
-2259
-2923
-3405
-3705
-3700
-3352
-2676
-1863
-1099
-332
513
1181
1759
2107
1951
1384
616
159
-298
-761
-894
-633
-176
563
1583
2586
3266
3848
4355
4515
4456
4063
3496
2968
2418
1949
1677
1659
1737
1945
2433
3010
3533
3992
4283
4460
4323
4115
3868
3679
3566
3346
2997
2943
3068
3282
3340
3419
3696
4035
4172
4189
4092
3902
3817
3613
3483
3466
3456
3362
3188
3097
3135
3175
3244
3284
3149
2830
2544
2392
2319
2144
1853
1695
1774
1859
2031
2292
2367
2414
2513
2555
2502
2132
1782
1513
941
622
859
1737
2914
4436
5739
6665
7153
7031
6334
5367
4210
2974
1753
599
-18
85
708
1607
2663
3888
5158
6017
6322
6116
5440
4486
3326
2090
915
62
-423
-531
-44
888
1912
3148
4043
4655
5012
4913
4669
3958
3041
1932
1027
254
-211
-241
132
693
1485
2467
3245
3859
4167
4077
3732
3130
2435
1624
888
319
97
76
220
393
669
1214
1647
2016
2265
2291
2182
1966
1738
1342
964
841
693
632
887
1270
1576
1827
2303
2506
2380
2100
1868
1841
1788
1694
1581
1577
1623
1752
2021
2130
2236
2438
2538
2683
2806
2995
3076
2957
2657
2118
1448
703
-60
-836
-1510
-1984
-2241
-2257
-1938
-1181
-370
421
1162
1857
2269
2320
2163
1712
1119
442
-169
-810
-1191
-1180
-819
-273
238
1010
1852
2575
2946
3142
3153
2831
2327
1663
1137
678
-22
-462
-494
-153
158
653
1219
1617
1778
1998
2119
2029
1769
1510
1228
883
621
446
352
335
538
914
1213
1331
1291
1382
1432
1467
1365
1240
1034
760
501
481
681
729
700
648
568
447
344
230
91
-112
-377
-711
-795
-762
-730
-747
-772
-785
-688
-623
-560
-345
-197
-474
-989
-1666
-2440
-2863
-2692
-1880
-633
648
2112
3310
3903
3966
3317
2308
1163
-174
-1667
-2983
-3960
-4135
-4020
-3367
-2039
-559
759
1716
2226
2384
1986
1001
-353
-1707
-2998
-4133
-4930
-5191
-4730
-3828
-2683
-1505
-413
553
1196
1257
904
381
-540
-1822
-2846
-3617
-4110
-4377
-4170
-3487
-2518
-1590
-745
47
559
678
496
212
-403
-1072
-1872
-2613
-3085
-3417
-3503
-3138
-2706
-2220
-1605
-1034
-851
-752
-877
-1088
-1283
-1484
-1774
-1987
-2254
-2320
-1980
-1579
-1166
-863
-546
-376
-414
-359
-340
-537
-705
-809
-886
-964
-1052
-1032
-856
-559
-328
-142
55
171
227
214
269
193
-6
-281
-716
-1473
-2405
-3265
-4010
-4540
-4793
-4862
-4509
-3827
-3032
-2047
-1183
-448
191
531
464
58
-392
-1119
-1820
-2447
-2769
-2794
-2697
-2177
-1507
-763
50
880
1704
2090
2165
1937
1298
649
74
-514
-1002
-1306
-1536
-1358
-830
-297
305
905
1336
1612
1688
1654
1347
999
661
476
353
255
159
133
253
548
907
1188
1503
1745
1699
1555
1364
1328
1324
1176
1102
1020
931
881
877
871
1050
989
780
699
477
338
226
40
-188
-437
-588
-480
-362
-237
-176
-72
87
152
250
217
117
-81
-299
-285
-9
728
