-5003
-4599
-4236
-4014
-3826
-3613
-3655
-3852
-4111
-4392
-4522
-4631
-4550
-4579
-4475
-4248
-4060
-3848
-3588
-3418
-3160
-2913
-2834
-2945
-3132
-3525
-4133
-4933
-5865
-6711
-7266
-7929
-8532
-8528
-8083
-7519
-6731
-5853
-5023
-4302
-3570
-3222
-3065
-3401
-4211
-5088
-5936
-6643
-7114
-7353
-7142
-6453
-5404
-4534
-3753
-2781
-2080
-1755
-1542
-1735
-2145
-2743
-3339
-3964
-4492
-4863
-5057
-4925
-4615
-4080
-3422
-2823
-2437
-2230
-2148
-2472
-3123
-3901
-4694
-5035
-5103
-4829
-4141
-3019
-1811
-871
-560
-1128
-2491
-4053
-5911
-7859
-9605
-10944
-11716
-11389
-10329
-8890
-7372
-5906
-4690
-4247
-4506
-5467
-6908
-8710
-10453
-11936
-12754
-12828
-12025
-10242
-7754
-5025
-2602
-541
875
1460
1393
838
-186
-1532
-3357
-5049
-6204
-6536
-5890
-4065
-1487
1445
4144
6021
6928
7009
6170
4524
2510
256
-2107
-4112
-5550
-6228
-6161
-5134
-3329
-1430
58
906
1238
972
45
-1498
-3527
-5595
-7521
-9052
-10089
-10086
-9285
-7988
-6532
-5234
-4146
-3436
-3183
-3403
-4328
-5655
-7201
-8999
-10446
-11442
-11997
-11921
-11383
-10479
-9251
-7804
-6336
-5224
-4889
-4903
-5238
-5859
-7014
-8472
-9640
-10480
-11098
-11330
-11063
-10581
-9674
-8568
-7418
-6142
-4975
-4278
-3986
-3873
-3630
-3572
-3749
-3776
-3810
-3535
-3131
-2870
-2443
-1880
-1285
-731
-624
-799
-870
-853
-1025
-1330
-1651
-1856
-1838
-1902
-1978
-1990
-1866
-1741
-1780
-2050
-2185
-2105
-2187
-2553
-2987
-3403
-3760
-4279
-4781
-5360
-5953
-6296
-6492
-6647
-6602
-6051
-5349
-4752
-4132
-3568
-3116
-2929
-3092
-3478
-4163
-5122
-6064
-6996
-7778
-8128
-8233
-8057
-7689
-6946
-5999
-5129
-4407
-4103
-3938
-3850
-4134
-4565
-5068
-5302
-5234
-5385
-5186
-4672
-4014
-3233
-2238
-1212
-460
278
874
1136
1482
1688
1711
1633
1419
837
-82
-1179
-2351
-3445
-4403
-4730
-3844
-1966
-38
1700
3292
4541
5424
5440
4691
3136
1066
-945
-2659
-3679
-3899
-3298
-1802
-5
1933
3857
5472
6412
6519
5833
4678
3308
1628
87
-978
-1546
-1427
-443
1368
3504
5347
6645
7397
7509
7130
6736
6500
6212
6322
6679
7006
7001
6649
6216
5587
4857
3928
2773
1699
837
53
-455
-380
360
1411
2470
3425
4233
4649
4775
4486
3642
2493
1182
-24
-1156
-2078
-2518
-2455
-1779
-997
-320
206
593
1034
1218
1041
507
-403
-1420
-2275
-3084
-3732
-4170
-4275
-4281
-4110
-3844
-3640
-3480
-3342
-3433
-3672
-3811
-4031
-4278
-4442
-4469
-4530
-4488
-4371
-4194
-3940
-3662
-3240
-3001
-3170
-3492
-3711
-3774
-3795
-3817
-3871
-3942
-3942
-3606
-3129
-2723
-2245
-1647
-1203
-991
-831
-867
-1176
-1597
-2076
-2502
-2801
-3045
-3295
-3213
-2949
-2717
-2516
-2419
-2175
-1762
-1459
-1354
-1459
-1875
-2678
-3810
-4926
-6101
-7427
-8476
-9327
-9962
-10146
-9808
-9191
-8374
-7388
-6394
-5424
-4722
-4382
-4615
-5306
-5955
-6915
-7791
-8668
-9535
-10052
-9961
-9450
-8915
-8200
-7101
-6068
-5586
-5287
-5129
-5331
-5706
-6149
-6711
-7443
-7946
-8154
-8043
-7797
-7226
-6523
-5977
-5261
-4593
-4037
-3607
-3313
-2979
-2855
-2946
-2916
-2774
-2558
-2231
-1735
-1490
-1217
-890
-523
-259
-24
13
-84
-266
-725
-962
-995
-1077
-1204
-1182
-1123
-1007
-966
-1105
-1241
-1273
-1314
-1467
-1593
-1760
-2048
-2282
-2532
-2655
-2761
-2740
-2568
-2411
-2291
-2170
-2088
-2033
-2091
-2213
-2595
-3390
-4128
-4374
-3982
-3052
-1752
-483
490
971
889
203
-799
-2139
-3906
-5402
-6554
-7675
-8295
-8140
-7270
-5858
-4367
-3057
-1851
-1202
-1311
-1851
-2824
-4109
-5514
-6839
-7960
-8698
-8913
-8609
-7920
-6754
-5375
-4108
-3164
-2504
-2312
-2551
-3245
-4168
-5022
-6051
-7225
-8085
-8387
-8065
-7471
-6659
-5718
-4765
-4014
-3260
-3055
-3176
-3348
-3733
-4369
-5068
-5772
-6447
-6889
-6845
-6498
-6097
-5422
-4990
-4602
-4493
-4387
-4214
-4431
-4949
-5382
-5720
-6064
-6421
-6536
-6363
-5975
-5681
-5402
-5284
-5269
-5150
-5130
-5411
-5649
-5837
-6264
-6657
-6870
-6696
-6318
-5963
-5655
-5477
-5259
-5097
-4963
-4904
-4804
-4647
-4742
-4943
-5189
-5958
-7004
-8058
-8804
-9525
-10204
-10545
-10529
-10071
-9481
-8643
-7702
-6856
-6020
-5267
-4875
-4928
-5353
-6206
-7130
-7904
-8530
-9146
-9481
-9227
-8587
-7724
-6642
-5647
-4761
-3839
-3231
-3063
-3244
-3566
-3963
-4507
-5028
-5458
-5696
-5770
-5538
-5026
-4170
-3359
-2754
-2159
-1641
-1179
-902
-844
-844
-994
-1132
-1102
-1007
-1091
-940
-603
-406
-4
410
821
1141
1354
1487
1392
1266
1206
1263
1232
1125
1067
949
1021
1200
1125
936
797
613
293
-9
-103
-123
-276
-377
-476
-406
-78
50
82
209
212
146
258
373
239
-265
-918
-1433
-1646
-1384
-445
983
2469
3759
4588
4903
4632
3689
2572
1236
-94
-1338
-2504
-2978
-2955
-2529
-1504
-32
1463
2588
3235
3428
3135
2271
1163
76
-1030
-2285
-3380
-3865
-3695
-2962
-2123
-929
273
1107
1639
1933
1707
955
134
-786
-1927
-2899
-3731
-4019
-3812
-3435
-2848
-2027
-1270
-676
-134
115
102
-20
-527
-1418
-2247
-2936
-3511
-3869
-3937
-3809
-3572
-3026
-2429
-2071
-1682
-1453
-1402
-1506
-1815
-2319
-2677
-3084
-3461
-3537
-3446
-3167
-2875
-2605
-2405
-2079
-2004
-2024
-2143
-2271
-2234
-2469
-2778
-2898
-2909
-3112
-3144
-2901
-2533
-2295
-2132
-2132
-2152
-1994
-1910
-1782
-1903
-2447
-3117
-3843
-4740
-5730
-6521
-7131
-7426
-7577
-7592
-7213
-6439
-5625
-4617
-3778
-3323
-3082
-2961
-3224
-3738
-4603
-5503
-6242
-6815
-7246
-7336
-7024
-6356
-5507
-4511
-3542
-2878
-2266
-1955
-1954
-2280
-2593
-3014
-3571
-4258
-4642
-4682
-4611
-4338
-3753
-2845
-2107
-1511
-1016
-663
-463
-367
-330
-356
-693
-850
-868
-762
-732
-623
-298
202
714
1055
1252
1420
1568
1612
1578
1571
1538
1499
1453
1434
1484
1505
1413
1359
1307
1150
880
834
714
542
442
324
164
34
66
-7
-95
39
239
273
176
189
307
143
-464
-1273
-1849
-2027
-1830
-1171
54
1533
2803
3825
4392
4236
3490
2272
886
-436
-1749
-3054
-3968
-4170
-3631
-2614
-1382
-114
1098
2016
2437
2338
1696
652
-645
-2050
-3435
-4591
-5273
-5422
-5052
-4182
-3038
-1874
-995
-133
498
394
-99
-884
-1807
-2978
-4048
-4831
-5265
-5329
-4963
-4370
-3833
-3160
-2221
-1435
-1124
-1054
-1245
-1732
-2518
-3318
-4199
-5047
-5545
-5583
-5430
-5006
-4563
-4078
-3565
-3284
-3209
-3147
-3264
-3555
-3965
-4278
-4629
-4918
-5189
-5274
-5257
-4995
-4417
-4079
-4026
-3935
-3712
-3738
-3879
-4075
-4295
-4635
-4831
-4927
-4913
-4805
-4658
-4483
-4201
-4135
-4067
-3810
-3458
-3436
-3584
-3855
-4035
-4400
-5090
-5891
-6877
-7852
-8656
-9223
-9594
-9556
-9158
-8512
-7561
-6519
-5641
-4874
-4392
-4283
-4573
-5282
-6113
-6959
-7794
-8489
-8717
-8671
-8512
-8032
-7283
-6375
-5298
-4414
-3926
-3587
-3428
-3441
-3651
-3977
-4481
-4969
-5412
-5590
-5548
-5197
-4560
-3922
-3262
-2603
-2050
-1534
-1200
-973
-1100
-1143
-1022
-1093
-1347
-1440
-1183
-904
-654
-468
-367
140
674
885
875
873
1063
1077
1095
1103
885
865
905
820
875
1008
976
1022
835
534
596
524
268
34
-94
-112
-157
-79
45
10
104
286
491
539
543
297
-259
-1048
-2077
-2828
-3261
-3287
-2645
-1510
-201
988
1821
2051
1797
1314
577
-288
-1212
-2064
-2488
-2397
-2039
-1342
-512
342
1271
1949
2226
2043
1393
627
-466
-1661
-2607
-3356
-3671
-3663
-3231
-2182
-1092
-14
1008
1733
1926
1771
1400
910
317
-510
-1377
-2236
-2734
-2903
-2705
-2029
-947
29
830
1510
1808
1659
1454
1054
403
-224
-831
-1424
-1865
-2156
-1973
-1671
-1303
-785
-217
371
718
710
516
126
-418
-1025
-1681
-2175
-2542
-2745
-2773
-2743
-2582
-2289
-2098
-2013
-2038
-1907
-1938
-2174
-2587
-2913
-3104
-3128
-3117
-3196
-3138
-3089
-2951
-2793
-2611
-2468
-2516
-2476
-2336
-2365
-2710
-3114
-3644
-4504
-5493
-6677
-7420
-7620
-7870
-8072
-7871
-7205
-6299
-5476
-4543
-3779
-3322
-2902
-2952
-3301
-3946
-4829
-5673
-6405
-6837
-6871
-6666
-6145
-5425
-4541
-3486
-2480
-1732
-1268
-1037
-983
-1126
-1556
-2084
-2606
-2857
-2939
-3104
-2954
-2457
-1711
-925
-238
288
686
993
1160
1204
1107
1035
1000
721
575
644
689
910
1199
1497
1739
1939
2204
2472
2505
2565
2566
2402
2264
2139
1996
1939
1870
1880
1981
1951
1656
1507
1610
1661
1403
1158
916
762
680
585
494
559
741
839
992
1162
1109
951
810
639
338
178
337
813
1906
3236
4622
5871
6834
7448
7206
6024
4653
2993
777
-1464
-3181
-4399
-4902
-4583
-3306
-1419
842
2901
4454
5402
5776
5578
4583
3043
1196
-648
-2406
-3770
-4700
-4919
-4229
-2917
-1516
-277
963
1844
2174
2092
1476
478
-780
-2261
-3564
-4634
-5340
-5643
-5345
-4596
-3636
-2541
-1561
-767
-350
-156
-256
-820
-1523
-2283
-3039
-3726
-4392
-4632
-4756
-4871
-4671
-4190
-3706
-3432
-3303
-3169
-3129
-3415
-3613
-3855
-4043
-4047
-3964
-3679
-3220
-2889
-2601
-2094
-1815
-1765
-1930
-2063
-2229
-2304
-2400
-2593
-2687
-2562
-2364
-2084
-1794
-1461
-1194
-892
-536
-526
-635
-593
-667
-826
-1133
-1695
-2530
-3616
-4717
-5604
-6088
-6213
-6303
-6108
-5421
-4695
-3852
-2978
-2199
-1725
-1364
-1288
-1665
-2457
-3464
-4324
-5039
-5845
-6375
-6445
-6270
-5740
-4915
-3935
-3015
-2326
-1673
-1368
-1481
-1885
-2460
-2994
-3678
-4239
-4457
-4346
-4282
-4071
-3476
-2842
-2100
-1344
-890
-622
-343
-152
-60
-136
-355
-403
-428
-420
-412
-165
187
611
817
1040
1192
1578
2022
2241
2212
2260
2176
2054
2048
1966
1975
2110
2069
2166
2313
2333
2192
1895
1667
1532
1511
1475
1288
1209
1346
1568
1566
1733
1913
1936
1995
2190
2169
1722
1183
522
-257
-898
-1088
-796
-203
782
2002
2984
3363
3353
2892
2059
1021
-253
-1384
-2494
-3148
-3095
-2618
-1591
-179
1271
2511
3419
3774
3463
2770
1644
226
-1347
-2832
-4002
-4571
-4489
-3867
-2813
-1650
-480
516
1431
2032
2147
1827
1111
233
-754
-1655
-2490
-2953
-2938
-2511
-1903
-1156
-173
777
1459
1725
1904
1832
1523
911
103
-695
-1277
-1709
-1982
-1863
-1572
-986
-425
-31
365
534
649
886
699
330
-49
-538
-945
-1153
-1331
-1273
-1233
-1269
-1032
-779
-619
-690
-825
-1120
-1430
-1679
-2071
-2356
-2543
-2666
-2661
-2581
-2275
-2061
-1960
-2002
-1915
-1826
-1874
-1756
-1660
-1948
-2568
-3389
-4248
-5153
-6101
-6672
-7078
-7328
-7443
-7109
-6506
-5595
-4626
-3615
-2893
-2655
-2530
-2709
-3168
-3904
-4829
-5586
-6141
-6429
-6570
-6222
-5523
-4633
-3650
-2569
-1608
-898
-557
-453
-524
-933
-1297
-1658
-2053
-2296
-2439
-2306
-2066
-1641
-961
-97
670
1308
1835
2267
2477
2498
2416
2194
2056
2028
2069
1988
1934
2167
2586
3144
3378
3577
3851
3994
4000
3955
3889
3795
3821
3880
3795
3667
3433
3189
3173
3358
3351
3325
3141
2852
2598
2395
2276
2203
2147
1980
1840
1921
2010
2054
2189
2162
2010
2046
1944
1630
1121
391
-218
-251
410
1571
2871
4104
5288
6071
6242
5683
4769
3566
2220
868
-255
-1053
-1522
-1209
-363
769
2101
3394
4376
5011
4987
4571
3832
2740
1499
163
-1066
-1935
-2052
-1617
-951
44
1206
2081
2801
3420
3473
3150
2579
1803
761
-375
-1397
-2022
-2138
-1925
-1453
-805
122
1092
1656
1948
2151
2029
1525
861
162
-617
-1344
-1794
-1991
-2105
-2032
-1775
-1368
-928
-525
-239
-237
-139
-168
-601
-1078
-1659
-2073
-2247
-2307
-2207
-1905
-1475
-1082
-865
-631
-692
-779
-764
-960
-1302
-1637
-1815
-1817
-1881
-1990
-1888
-1694
-1346
-1094
-871
-725
-662
-474
-455
-540
-802
-1176
-1709
-2430
-3311
-4275
-5015
-5539
-5974
-6180
-5857
-5164
-4389
-3553
-2662
-1850
-1406
-1262
-1224
-1486
-2149
-2991
-3763
-4423
-5003
-5198
-4996
-4563
-3968
-3123
-2157
-1358
-794
-320
-228
-416
-751
-1175
-1648
-2087
-2544
-2790
-2810
-2542
-2013
-1461
-799
-97
632
1112
1442
1751
1814
1632
1526
1353
1146
1135
1132
1222
1493
1746
2059
2558
3018
3201
3208
3245
3260
3247
3228
3096
2815
2755
2809
2832
2910
2983
2925
2858
2847
2869
2710
2346
2201
2179
2193
2052
1981
2143
2053
2073
2163
2187
2268
2312
2303
2297
2094
1770
1114
580
395
489
1340
2753
4252
5554
6272
6371
6047
5280
4136
2805
1447
354
-582
-1245
-1378
-754
436
1644
2855
3982
4728
4836
4391
3644
2598
1206
-134
-1123
-1952
-2439
-2339
-1762
-759
313
1265
2055
2711
3076
2821
2097
1155
68
-937
-1686
-2341
-2690
-2578
-2070
-1431
-740
101
984
1595
1685
1593
1187
732
98
-675
-1391
-1869
-2229
-2322
-2259
-2030
-1497
-800
-291
-12
252
304
174
-236
-806
-1130
-1360
-1578
-1659
-1797
-1616
-1203
-789
-506
-309
-255
-188
-163
-306
-563
-838
-1055
-1368
-1464
-1379
-1213
-1083
-766
-592
-460
-356
-213
-37
76
28
-227
-656
-1184
-1877
-2798
-3636
-4433
-5171
-5617
-5793
-5653
-5265
-4630
-3741
-2793
-1890
-1213
-915
-987
-1435
-2007
-2664
-3384
-4094
-4724
-4990
-4930
-4746
-4141
-3294
-2223
-1190
-555
-69
345
422
330
-34
-669
-1422
-1874
-2055
-2071
-1910
-1622
-1135
-491
317
1024
1528
1998
2201
2366
2448
2330
2208
2128
2058
2082
2126
2269
2496
2835
3218
3570
3810
4050
4309
4492
4489
4341
4076
3855
3674
3786
3842
3712
3680
3831
3772
3647
3502
3336
3292
3148
2905
2776
2593
2510
2680
2820
2807
2719
2709
2842
2929
3064
2992
2629
2182
1669
1113
700
929
1767
2973
4354
5474
6540
7015
6894
6282
5079
3799
2449
1120
45
-704
-884
-352
524
1649
2945
4181
5012
5274
5218
4652
3571
2382
1189
-170
-1139
-1568
-1567
-1299
-618
633
1940
2971
3438
3678
3746
3323
2460
1413
338
-616
-1236
-1602
-1633
-1398
-787
73
917
1763
2360
2614
2513
2248
1892
1208
439
-235
-681
-1089
-1386
-1411
-1211
-763
-109
293
598
844
872
711
429
122
-256
-546
-771
-901
-914
-740
-606
-450
-238
32
415
649
610
353
-18
-253
-453
-731
-821
-645
-652
-647
-463
-282
62
303
483
472
453
424
455
302
-277
-1185
-2025
-2898
-3740
-4419
-4830
-5107
-5134
-4911
-4188
-3196
-2266
-1449
-770
-320
-211
-378
-860
-1649
-2536
-3298
-3977
-4316
-4555
-4341
-3649
-2847
-1881
-821
-78
225
648
926
760
367
-207
-771
-1243
-1638
-1742
-1665
-1313
-905
-375
345
1213
1797
2098
2301
2353
2204
1825
1451
1238
1282
1512
1896
2393
2668
2822
2944
2783
2455
1974
1451
842
367
329
787
1509
2336
3102
3806
4198
4143
3903
3465
2618
1539
593
130
-43
165
919
2140
3333
4636
5665
6368
6858
6865
6492
5758
4937
4182
3439
2775
2479
2359
2714
3793
5329
6886
8260
9396
10036
9947
9258
7962
6461
4796
3055
1695
798
374
626
1317
2360
3611
4750
5404
5769
5737
5212
4274
2996
1791
746
-344
-1245
-1665
-1521
-1012
-342
591
1558
2161
2579
2645
2372
1825
1123
284
-669
-1708
-2577
-3159
-3278
-2859
-2374
-1613
-700
62
678
950
1010
904
447
-220
-1028
-1578
-2113
-2418
-2291
-1914
-1500
-1060
-490
283
860
1243
1403
1506
1428
1153
776
398
261
309
470
778
1029
1458
1937
2224
2369
2347
2227
2061
1770
1473
1082
973
925
812
826
892
1096
1230
1300
1361
1306
1296
1329
1419
1322
1080
559
-95
-829
-1739
-2581
-3509
-4174
-4361
-4527
-4510
-4323
-3800
-2896
-1972
-1090
-729
-644
-815
-1230
-1994
-2762
-3442
-4293
-4905
-5205
-5034
-4705
-4122
-3235
-2352
-1599
-936
-549
-462
-572
-955
-1586
-2225
-2736
-3124
-3534
-3657
-3391
-3064
-2474
-1839
-1196
-666
-282
123
184
190
161
-136
-794
-1545
-2002
-2142
-2174
-1930
-1369
-797
10
867
1363
1507
1545
1535
1206
632
-32
-560
-969
-1228
-1190
-882
-512
220
800
1209
1328
1083
875
412
-342
-1188
-1817
-2253
-2452
-2392
-2375
-1931
-1407
-1082
-908
-777
-796
-1241
-2342
-3587
-4714
-5573
-5575
-4814
-3445
-1854
-204
1059
1651
1384
581
-528
-2130
-3930
-5565
-6977
-8020
-8194
-7428
-6239
-4487
-2631
-1268
-159
483
398
-150
-1136
-2557
-4076
-5415
-6369
-6790
-6803
-6118
-4795
-3290
-1897
-722
114
564
615
181
-585
-1565
-2534
-3331
-4106
-4686
-4610
-3861
-2834
-1818
-780
93
743
962
1032
933
663
80
-744
-1397
-1897
-2214
-2426
-2412
-2003
-1241
-622
-106
353
685
820
671
228
-214
-706
-1095
-1237
-1238
-1268
-1196
-1001
-663
-253
106
445
570
414
314
109
-234
-565
-825
-880
-764
-481
-291
-72
139
445
776
1127
1205
1230
1283
1182
749
221
-393
-1095
-1823
-2491
-3088
-3454
-3465
-3091
-2450
-1700
-909
-7
887
1433
1827
2015
2141
1725
1083
326
-421
-900
-1031
-879
-565
-3
930
1960
2979
3780
4291
4428
4162
3966
3630
2869
2261
1967
1656
1524
1636
1798
2109
2723
3407
3917
4139
4209
4143
4016
3791
3638
3439
2940
2507
2424
2498
2690
2870
3074
3357
3445
3482
3648
3705
3612
3516
3424
3207
2980
2954
2995
2951
2884
2970
3011
3112
3202
3041
2824
2478
2215
2069
2082
2132
2003
1808
1794
1920
2136
2336
2314
2357
2397
2335
2234
1794
1142
437
87
205
866
1999
3504
5068
6111
6368
6079
5609
4965
4016
2580
1204
276
-282
-351
-51
859
2110
3426
4577
5337
5667
5669
5298
4431
3336
2002
709
-280
-840
-703
-91
780
1916
2977
3684
4364
4690
4718
4480
3809
2869
1951
1009
186
-347
-390
-45
496
1247
1968
2915
3611
3736
3730
3493
3125
2629
1816
969
494
288
160
50
138
654
1299
1780
1947
2060
2246
2287
2048
1624
1099
765
455
288
417
650
845
1211
1609
1875
2142
2203
2060
1839
1693
1425
1249
1105
1028
1107
1077
1136
1362
1744
2128
2396
2581
2629
2633
2589
2490
2254
1817
1281
747
-209
-1235
-2003
-2477
-2602
-2428
-2068
-1477
-882
-105
722
1308
1816
2124
1953
1480
728
50
-656
-1262
-1599
-1759
-1681
-1276
-453
368
1329
2178
2680
2878
2974
2695
2059
1241
546
-15
-412
-583
-557
-334
-14
435
1026
1455
1735
1985
2071
2025
1832
1587
1200
779
519
346
242
184
358
596
833
1141
1412
1476
1374
1288
1219
1099
1029
974
737
585
612
424
381
413
378
305
290
219
-67
-366
-516
-611
-650
-918
-987
-1046
-1006
-889
-777
-682
-631
-592
-690
-793
-1095
-1732
-2413
-2791
-2643
-1968
-681
693
2110
3284
4037
3907
3345
2502
1236
-346
-1991
-3359
-4360
-4799
-4530
-3520
-2002
-501
900
2008
2537
2705
2368
1505
304
-1150
-2639
-3825
-4580
-4895
-4660
-3937
-2754
-1626
-630
425
1159
1178
723
109
-715
-1664
-2673
-3614
-4232
-4415
-4220
-3809
-3096
-2102
-1181
-423
67
343
349
-58
-604
-1243
-2023
-2631
-3068
-3327
-3220
-2988
-2655
-2285
-1785
-1230
-994
-938
-836
-918
-1267
-1632
-1942
-2261
-2503
-2567
-2333
-2024
-1853
-1499
-1006
-597
-314
-378
-346
-455
-715
-1050
-1275
-1415
-1466
-1238
-881
-580
-366
-174
43
198
414
771
786
591
270
29
-251
-1027
-2125
-3106
-3807
-4162
-4327
-4292
-3970
-3327
-2513
-1722
-1018
-452
148
496
560
418
-292
-1170
-1932
-2449
-2802
-3121
-3033
-2412
-1522
-657
22
566
1363
1948
2032
1645
1202
814
245
-542
-1080
-1303
-1371
-1188
-881
-631
-88
640
1286
1552
1657
1700
1453
988
717
648
451
270
86
172
374
445
663
1061
1369
1435
1538
1692
1568
1480
1432
1299
1120
1002
961
880
1022
1223
1263
1267
1036
1006
868
622
552
429
266
205
189
124
73
121
388
543
511
540
640
701
665
335
-7
23
218
533
