-4852
-4578
-4261
-3806
-3639
-3698
-3680
-3927
-4133
-4402
-4584
-4618
-4581
-4458
-4468
-4331
-4091
-3866
-3510
-3290
-3100
-2909
-2788
-2870
-3068
-3385
-3856
-4736
-5708
-6703
-7479
-8060
-8470
-8608
-8097
-7192
-6302
-5559
-4858
-4076
-3560
-3230
-3124
-3377
-4073
-4995
-5864
-6484
-6832
-7090
-6936
-6381
-5588
-4715
-3782
-2853
-2099
-1781
-1826
-2086
-2516
-3071
-3643
-4338
-4921
-5228
-5360
-5217
-4697
-4195
-3682
-3084
-2621
-2485
-2487
-2781
-3378
-4177
-4989
-5403
-5525
-5284
-4473
-3304
-1995
-1090
-1064
-1592
-2907
-4502
-6149
-8128
-10083
-11521
-12014
-11620
-10531
-9053
-7523
-6066
-4989
-4542
-4784
-5478
-6870
-8751
-10696
-12328
-13193
-13131
-12290
-10522
-8011
-5316
-2941
-913
667
1447
1302
643
-378
-1896
-3576
-5143
-6540
-7032
-6569
-4988
-2511
338
3084
5289
6372
6450
5605
4076
2218
71
-2180
-4125
-5586
-6268
-5970
-4905
-3488
-1822
-468
528
943
614
-523
-2237
-4070
-6089
-8031
-9359
-10123
-10127
-9320
-8082
-6762
-5302
-4109
-3411
-3389
-3645
-4299
-5572
-7234
-8800
-10251
-11489
-11956
-11968
-11681
-10719
-9290
-7594
-6189
-5313
-4906
-4861
-5205
-6121
-7269
-8344
-9380
-10354
-11073
-11441
-11087
-10474
-9490
-8332
-7094
-5803
-4940
-4295
-3657
-3350
-3254
-3528
-3852
-3949
-4058
-3981
-3830
-3178
-2363
-1910
-1405
-959
-704
-673
-837
-1077
-1151
-1205
-1516
-2018
-2252
-2230
-1933
-1645
-1637
-1670
-1959
-2417
-2471
-2327
-2472
-2895
-3278
-3622
-4012
-4499
-5022
-5588
-6011
-6361
-6554
-6478
-6390
-6039
-5424
-4613
-3819
-3239
-2926
-2838
-3003
-3441
-4224
-5062
-6037
-7108
-7837
-8169
-8274
-7889
-7275
-6584
-5867
-4929
-4196
-3882
-3749
-3712
-3949
-4303
-4778
-4981
-5207
-5241
-4875
-4242
-3554
-2716
-1748
-898
-139
625
1156
1593
1788
1887
2103
2064
1656
891
-18
-970
-2006
-3088
-4014
-4153
-3353
-1708
313
2296
4008
4945
5357
5306
4604
3158
1288
-700
-2562
-3686
-3775
-3136
-1774
113
2197
4229
5706
6476
6612
6065
4920
3448
1752
129
-887
-1320
-1183
-195
1467
3441
5257
6597
7250
7171
6745
6312
5942
5824
5922
6174
6522
6793
6734
6344
5980
5481
4495
3193
2105
1133
362
-106
-40
535
1419
2580
3504
4195
4732
4854
4529
3728
2602
1308
88
-1026
-1766
-2036
-2021
-1638
-907
-217
523
1178
1505
1688
1392
603
-338
-1322
-2258
-2927
-3525
-4097
-4302
-4146
-3843
-3850
-3756
-3536
-3488
-3522
-3484
-3587
-3850
-4037
-4083
-4148
-4148
-4214
-4161
-3908
-3626
-3426
-3267
-3055
-3013
-3067
-3237
-3506
-3610
-3759
-3841
-3974
-3980
-3480
-3017
-2623
-2144
-1570
-1088
-814
-756
-696
-822
-1358
-1961
-2463
-2774
-3070
-3270
-3280
-3179
-2964
-2621
-2220
-1999
-1860
-1508
-1394
-1526
-1888
-2520
-3443
-4760
-6231
-7662
-8779
-9603
-10201
-10284
-9858
-9455
-8692
-7683
-6329
-5478
-4993
-4745
-4784
-5133
-5990
-7038
-8175
-9235
-9776
-10023
-10106
-9819
-9162
-8336
-7464
-6726
-5981
-5507
-5664
-5910
-5871
-6225
-6808
-7484
-7923
-8125
-8132
-7958
-7464
-6934
-6176
-5328
-4723
-4306
-3884
-3441
-3017
-3044
-3035
-2819
-2678
-2540
-2283
-1925
-1624
-1284
-946
-676
-339
-2
187
74
-184
-447
-772
-1107
-1186
-1150
-1109
-1129
-1258
-1179
-866
-765
-879
-1048
-1247
-1570
-1929
-2220
-2257
-2457
-2548
-2492
-2420
-2281
-2199
-2172
-1960
-1830
-1755
-1761
-1952
-2572
-3351
-4061
-4357
-4011
-3016
-1717
-434
638
1281
1206
455
-708
-2049
-3650
-5203
-6760
-7783
-7954
-7557
-6560
-5292
-3866
-2544
-1515
-898
-885
-1365
-2174
-3393
-5057
-6562
-7780
-8478
-8473
-8146
-7477
-6254
-4932
-3826
-2989
-2204
-2034
-2266
-2831
-3838
-5153
-6284
-6974
-7603
-7949
-7886
-7234
-6468
-5638
-4753
-3986
-3189
-2637
-2534
-3021
-3662
-4215
-4701
-5263
-5875
-6370
-6712
-6497
-6112
-5570
-4866
-4425
-4033
-3910
-4067
-4345
-4767
-5268
-5751
-6092
-6276
-6433
-6439
-6220
-5862
-5573
-5317
-5203
-5149
-5130
-5223
-5473
-5738
-6131
-6595
-6794
-6665
-6491
-6338
-5881
-5600
-5489
-5152
-4954
-4851
-4660
-4579
-4593
-4797
-5348
-6031
-6759
-7747
-8752
-9651
-10271
-10672
-10517
-9875
-9337
-8586
-7678
-6758
-5812
-5193
-4948
-5060
-5553
-6278
-7142
-8067
-8831
-9178
-9413
-9321
-8904
-7944
-6890
-5926
-4946
-4206
-3582
-3206
-3107
-3346
-3894
-4580
-5243
-5629
-5709
-5544
-5264
-4853
-4079
-3306
-2510
-1983
-1549
-1256
-1173
-905
-721
-941
-1141
-1255
-1300
-1236
-1105
-720
-314
-56
220
752
1190
1219
1167
1233
1262
1264
1205
1032
988
949
808
599
533
619
850
859
586
361
104
24
-56
-102
-221
-326
-257
-258
-215
-38
156
329
462
481
419
197
-158
-603
-1202
-1541
-1553
-822
795
2474
3730
4604
4813
4387
3632
2724
1374
-159
-1607
-2548
-3082
-3150
-2689
-1645
-143
1499
2629
3170
3282
3053
2463
1413
133
-1134
-2357
-3340
-3755
-3517
-2972
-2087
-1053
-5
819
1237
1454
1400
1057
261
-868
-2009
-3038
-3656
-4058
-4096
-3699
-3177
-2315
-1324
-638
-47
411
421
-6
-642
-1318
-2125
-2867
-3578
-3911
-3901
-3653
-3397
-2939
-2264
-1663
-1558
-1687
-1732
-1811
-1986
-2465
-2823
-3175
-3390
-3461
-3580
-3484
-3171
-2851
-2590
-2401
-2241
-2163
-2248
-2506
-2612
-2784
-3187
-3254
-3331
-3384
-3181
-2845
-2493
-2303
-2152
-2051
-1816
-1688
-1709
-1755
-2063
-2496
-2957
-3613
-4430
-5433
-6431
-6974
-7388
-7603
-7330
-6797
-6157
-5346
-4409
-3504
-2852
-2629
-2653
-3088
-3781
-4487
-5326
-6075
-6750
-7177
-6984
-6629
-6092
-5336
-4532
-3693
-2867
-2226
-1903
-1827
-2023
-2464
-2909
-3483
-3987
-4162
-4174
-3922
-3512
-3120
-2667
-2068
-1181
-333
-38
-140
-130
-38
-129
-312
-466
-670
-690
-654
-359
-45
270
726
992
1241
1550
1728
1839
1645
1427
1480
1550
1424
1225
1307
1473
1429
1261
1000
727
694
724
670
490
415
429
515
180
-178
-58
296
404
309
104
78
247
243
36
-343
-826
-1434
-1888
-1797
-1151
-106
1291
2618
3689
4198
3960
3376
2392
1052
-423
-1782
-2981
-3883
-4005
-3644
-2815
-1578
-279
976
2048
2491
2372
1825
823
-578
-1902
-3209
-4357
-4965
-5117
-4671
-3899
-2885
-1806
-867
-92
346
331
-197
-961
-1945
-3061
-4148
-5033
-5513
-5455
-5064
-4384
-3529
-2884
-2043
-1236
-1049
-1111
-1188
-1546
-2350
-3355
-4290
-4926
-5341
-5350
-5161
-4929
-4541
-4080
-3613
-3152
-2919
-2805
-2975
-3239
-3578
-4035
-4540
-4839
-4946
-4900
-4725
-4501
-4222
-3952
-3767
-3488
-3337
-3351
-3497
-3786
-4120
-4390
-4536
-4753
-4918
-4820
-4567
-4299
-4060
-3994
-3964
-3867
-3664
-3605
-3431
-3286
-3558
-4165
-5066
-6025
-6906
-7670
-8359
-9074
-9411
-9281
-8836
-8062
-7212
-6399
-5554
-4735
-4277
-4299
-4418
-4870
-5504
-6432
-7442
-8285
-8866
-8900
-8399
-7698
-6826
-5957
-5174
-4315
-3556
-3069
-2875
-3020
-3374
-3737
-4374
-5009
-5365
-5313
-5151
-4910
-4352
-3591
-2745
-2023
-1510
-1064
-772
-457
-406
-615
-852
-938
-1028
-951
-832
-749
-511
-269
191
645
1013
1393
1533
1537
1599
1612
1580
1438
1235
1039
953
1013
1264
1570
1760
1710
1558
1380
1200
1132
1124
975
595
404
383
437
505
557
872
1052
1052
968
789
761
476
-347
-1483
-2510
-3131
-3258
-2791
-1663
-269
1082
1890
2141
1973
1405
647
-14
-710
-1618
-2255
-2235
-1732
-1041
-183
708
1523
2137
2401
2241
1673
800
-122
-1076
-2195
-2979
-3419
-3347
-2833
-1803
-728
318
1091
1799
2202
2278
2002
1473
797
-182
-1244
-2169
-2504
-2470
-1937
-1131
-242
709
1436
1923
2259
2132
1909
1497
857
54
-671
-1218
-1540
-1644
-1602
-1290
-846
-362
264
777
1126
1067
817
367
-263
-846
-1387
-1807
-2311
-2540
-2635
-2544
-2396
-2332
-2111
-1901
-1818
-1804
-1724
-1962
-2358
-2524
-2786
-3009
-3098
-3149
-3281
-3224
-3198
-3098
-2836
-2590
-2353
-2237
-2123
-2280
-2609
-3044
-3609
-4397
-5370
-6295
-6944
-7514
-8040
-8189
-7685
-7042
-6403
-5578
-4732
-3987
-3365
-3108
-3104
-3471
-4115
-4881
-5730
-6427
-6934
-7070
-6815
-6011
-5149
-4300
-3400
-2488
-1808
-1260
-892
-840
-1058
-1318
-1592
-2146
-2591
-2754
-2854
-2507
-1905
-1244
-592
50
592
1122
1526
1744
1861
1773
1547
1181
984
1012
1065
1050
1237
1590
1976
2216
2153
2365
2662
2957
3088
2877
2614
2439
2293
2245
2293
2392
2398
2238
2036
1892
1797
1718
1645
1446
1140
1008
882
778
658
628
644
810
925
798
746
819
988
1035
819
472
318
446
902
1959
3441
5047
6425
7270
7518
7168
6207
4610
2598
481
-1662
-3357
-4449
-4950
-4691
-3505
-1616
725
3030
4969
5945
6074
5697
4773
3342
1459
-533
-2421
-4012
-4852
-4876
-4293
-3100
-1751
-413
858
1599
1756
1713
1297
309
-1020
-2341
-3491
-4724
-5738
-6221
-5905
-5047
-4011
-2935
-2044
-1380
-741
-358
-605
-1049
-1658
-2225
-2953
-3984
-4691
-4942
-5044
-5070
-4931
-4586
-3994
-3631
-3565
-3676
-3708
-3792
-3973
-4094
-4154
-4318
-4247
-4017
-3651
-3139
-2598
-2315
-2120
-2112
-2054
-2147
-2452
-2697
-2764
-2744
-2802
-2810
-2764
-2502
-2047
-1444
-1010
-831
-721
-709
-648
-506
-427
-677
-1233
-1879
-2677
-3584
-4370
-5172
-5735
-6008
-6058
-5812
-5374
-4750
-3777
-2864
-2116
-1593
-1179
-1177
-1644
-2351
-3243
-4257
-5210
-5805
-6177
-6301
-6035
-5533
-4735
-3755
-2880
-2224
-1888
-1694
-1638
-1823
-2262
-2782
-3497
-4183
-4646
-4644
-4410
-4051
-3572
-2993
-2379
-1739
-1046
-451
-196
-224
-335
-495
-710
-759
-773
-608
-469
-453
-198
173
659
1181
1593
1736
1828
1996
2126
2118
1996
2003
2014
2056
2219
2274
2290
2421
2342
2392
2471
2469
2286
1958
1732
1695
1643
1692
1677
1626
1678
1681
1902
2015
2032
2070
2123
1896
1334
708
-8
-665
-994
-724
-135
657
1669
2521
3199
3402
2783
1992
978
-334
-1658
-2704
-3179
-3016
-2457
-1540
-182
1271
2648
3692
3925
3459
2731
1780
388
-1152
-2606
-3715
-4372
-4569
-4122
-3099
-1745
-332
759
1515
1973
2218
2021
1287
365
-669
-1699
-2550
-3141
-2937
-2382
-1747
-818
184
1055
1576
1970
2204
2109
1715
1120
428
-324
-936
-1282
-1496
-1585
-1387
-924
-378
265
760
1032
1034
1020
816
549
235
-193
-559
-792
-1032
-1013
-926
-799
-666
-487
-411
-487
-654
-872
-1153
-1518
-1874
-2269
-2441
-2350
-2186
-1932
-1634
-1501
-1451
-1280
-1240
-1243
-1254
-1194
-1533
-1895
-2603
-3431
-4191
-4900
-5653
-6504
-7250
-7736
-7674
-7169
-6479
-5710
-4968
-4138
-3329
-2809
-2642
-2762
-3140
-3715
-4591
-5460
-6127
-6484
-6571
-6306
-5711
-4783
-3590
-2606
-1886
-1145
-720
-338
-123
-401
-991
-1740
-2216
-2404
-2507
-2356
-1926
-1300
-590
164
986
1605
2010
2370
2536
2571
2506
2377
2187
2136
2121
2167
2437
2716
2828
3091
3398
3712
3871
3863
3949
4033
3967
3787
3702
3582
3545
3597
3514
3367
3261
3353
3430
3289
3069
2746
2747
2832
2705
2426
2182
2075
2065
2150
2155
2215
2337
2230
2132
2211
2177
1821
1151
456
-89
-90
405
1490
2836
4222
5403
6029
6102
5609
4627
3561
2236
985
-23
-952
-1357
-1177
-397
649
2006
3414
4509
5119
5234
4949
4266
3175
1677
219
-806
-1487
-1800
-1469
-584
441
1471
2345
3070
3350
3318
3125
2621
1868
784
-287
-1031
-1763
-2041
-1802
-1155
-355
310
1085
1587
2006
2309
2126
1553
770
30
-473
-1051
-1596
-1887
-2111
-1967
-1588
-1328
-869
-335
-9
-6
-209
-473
-856
-1295
-1820
-2224
-2490
-2452
-2212
-2098
-1841
-1508
-1200
-989
-870
-918
-1011
-1220
-1649
-1895
-2119
-2071
-2155
-2230
-1983
-1678
-1332
-1114
-1014
-864
-678
-657
-630
-649
-767
-1263
-1917
-2593
-3521
-4263
-4924
-5535
-5886
-5892
-5691
-5364
-4601
-3623
-2733
-2070
-1549
-1331
-1425
-1767
-2498
-3356
-4166
-4808
-5247
-5451
-5459
-5175
-4344
-3421
-2463
-1648
-839
-278
-109
-344
-754
-1286
-1936
-2287
-2493
-2651
-2755
-2569
-2128
-1579
-921
-242
290
799
1152
1262
1254
1216
1125
1064
1033
832
850
986
1195
1493
1855
2320
2652
2764
2787
2961
3109
3108
2980
2683
2554
2668
2795
2773
2636
2703
2931
2888
2750
2641
2422
2238
2112
2040
2072
1889
1803
1904
1902
1987
2038
2092
2240
2282
2343
2228
2075
1646
970
461
244
450
1333
2561
4079
5306
5925
6096
5733
4925
3864
2676
1386
-244
-1340
-1788
-1655
-1028
-102
1192
2589
3685
4288
4537
4243
3550
2689
1423
13
-1181
-2136
-2575
-2486
-1924
-1014
-67
942
1646
2147
2482
2417
1840
939
-101
-1139
-1935
-2523
-2654
-2509
-2119
-1579
-881
-16
769
1203
1467
1519
1212
632
-90
-913
-1368
-1885
-2422
-2458
-2399
-2107
-1605
-1052
-552
-192
52
6
-194
-510
-906
-1383
-1787
-2111
-2346
-2291
-1997
-1653
-1280
-916
-572
-340
-271
-279
-519
-975
-1214
-1425
-1534
-1477
-1428
-1491
-1390
-1099
-765
-533
-375
-184
-96
-144
-87
-189
-733
-1353
-2012
-2948
-3814
-4610
-5370
-5784
-5813
-5723
-5354
-4619
-3559
-2623
-1963
-1501
-1211
-1258
-1633
-2067
-2643
-3527
-4578
-5223
-5332
-5230
-5045
-4477
-3591
-2574
-1524
-821
-390
-127
-106
-339
-617
-1019
-1501
-2016
-2178
-2212
-2125
-1736
-1184
-561
131
832
1409
1798
2003
2173
2341
2121
1958
1879
1850
1982
2193
2293
2427
2711
3097
3342
3606
3729
3862
4126
3996
3730
3681
3695
3587
3646
3650
3631
3630
3593
3488
3396
3491
3498
3284
2938
2913
2961
2897
2798
2717
2681
2717
2807
2862
2705
2629
2623
2642
2536
2171
1595
969
760
826
1285
2409
3946
5372
6324
6610
6437
5807
4795
3496
2178
872
-227
-695
-769
-489
409
1480
2699
3778
4591
4986
4871
4181
3345
2363
1045
-283
-1295
-1782
-1795
-1347
-450
623
1662
2427
2996
3358
3318
2764
2217
1366
293
-687
-1453
-1888
-1952
-1590
-991
-229
519
1192
1666
2064
2331
2166
1736
1191
433
-337
-1008
-1383
-1561
-1538
-1403
-980
-425
157
509
616
641
786
510
39
-489
-1056
-1368
-1382
-1427
-1430
-1243
-879
-435
14
217
144
158
72
-171
-546
-829
-914
-1021
-1030
-981
-771
-513
-347
-299
-173
109
229
316
322
251
-164
-624
-1219
-2005
-2723
-3616
-4448
-4988
-5353
-5417
-4909
-4076
-3405
-2756
-1910
-1126
-689
-634
-853
-1270
-1919
-2732
-3629
-4356
-4697
-4676
-4375
-3927
-3219
-2339
-1424
-595
53
476
628
367
-29
-427
-957
-1372
-1710
-1818
-1810
-1502
-1054
-381
260
942
1576
1994
2144
1980
1664
1375
1167
976
865
988
1337
1745
2103
2439
2498
2255
1775
1165
679
203
-77
-46
183
622
1392
2352
3170
3652
3816
3719
3175
2578
1900
1101
232
-304
-67
782
1932
3159
4365
5416
6063
6474
6577
6345
5673
4761
3846
3156
2624
2209
2160
2696
3606
4836
6458
8238
9564
10106
9852
9025
7833
6231
4496
2880
1531
627
263
307
946
2192
3549
4596
5455
5824
5847
5321
4339
3155
1962
791
-489
-1458
-1837
-1748
-1178
-468
418
1441
2046
2351
2427
2253
1826
891
-186
-1143
-2088
-2720
-3245
-3480
-3126
-2526
-1849
-1050
-135
583
869
716
330
-51
-557
-1169
-1794
-2485
-2824
-2786
-2519
-1889
-1126
-343
209
513
860
1122
1087
942
647
270
-39
-63
-49
164
562
986
1436
1655
1816
2020
2096
2056
1782
1397
918
766
756
551
579
644
560
725
960
995
1070
1186
1221
1430
1430
1205
849
280
-258
-932
-1817
-2743
-3557
-4094
-4696
-4795
-4502
-3965
-3465
-2728
-1979
-1396
-891
-612
-765
-1330
-2142
-2891
-3690
-4639
-5051
-5246
-5137
-4681
-4129
-3175
-2292
-1599
-1090
-754
-654
-741
-1152
-1866
-2483
-3002
-3430
-3868
-3907
-3639
-3294
-2969
-2367
-1639
-895
-279
49
308
575
548
108
-574
-1064
-1528
-1849
-1979
-1844
-1344
-681
27
696
1197
1529
1660
1515
1141
569
-52
-687
-1069
-1176
-984
-559
-119
271
784
1173
1428
1322
823
263
-257
-782
-1488
-2285
-2713
-2682
-2373
-1967
-1529
-1075
-762
-754
-893
-1417
-2374
-3594
-4640
-5336
-5640
-4937
-3468
-1890
-316
943
1547
1381
622
-413
-2082
-3904
-5741
-7136
-7779
-7977
-7590
-6322
-4669
-3029
-1463
-291
310
298
-244
-1096
-2382
-3930
-5405
-6574
-6996
-6786
-6049
-4877
-3488
-1946
-790
-27
501
557
155
-649
-1529
-2446
-3438
-4229
-4486
-4292
-3880
-3201
-2343
-1263
-134
727
1091
1090
1002
668
-21
-807
-1431
-1952
-2281
-2298
-2137
-1621
-927
-330
179
406
562
538
359
99
-145
-560
-919
-1314
-1577
-1408
-1267
-976
-483
-177
54
179
280
254
162
-19
-262
-515
-712
-869
-773
-663
-447
18
456
649
911
1051
1168
1291
1281
1166
971
432
-313
-978
-1868
-2526
-2946
-3210
-3191
-2880
-2424
-1649
-635
364
1268
1871
2348
2441
2256
1852
1215
383
-329
-746
-855
-707
-316
345
1230
2314
3200
3762
4286
4662
4590
4285
3882
3408
2806
2243
1775
1609
1776
2121
2566
2993
3446
3985
4405
4606
4605
4403
4150
4031
3763
3426
3207
3056
3049
3106
3156
3369
3865
4147
4294
4331
4276
4165
3905
3735
3665
3635
3574
3445
3493
3556
3475
3458
3416
3256
3129
3088
2968
2833
2690
2580
2514
2429
2398
2294
2349
2560
2691
2658
2681
2745
2752
2605
2143
1564
1061
847
1108
1992
3074
4307
5702
6748
7143
6922
6208
5221
4162
2983
1643
615
16
-7
434
1225
2521
3977
5123
5919
6405
6428
5896
4896
3727
2458
1254
347
-270
-166
330
1187
2176
3111
3956
4578
4986
5019
4554
3769
2906
1949
981
235
-112
-164
197
591
1326
2271
3072
3730
4114
4246
3922
3342
2731
2111
1400
663
262
19
190
745
1185
1558
1958
2439
2585
2464
2323
2075
1709
1271
1112
982
770
887
1168
1338
1400
1712
1952
2286
2497
2493
2304
2215
2054
1693
1306
1189
1297
1268
1458
1838
2245
2492
2681
2893
3141
3293
3286
3111
2739
2376
1771
1050
168
-550
-1136
-1703
-2016
-1811
-1560
-1043
-247
589
1492
2096
2428
2512
2282
1843
1287
683
-51
-806
-1458
-1754
-1434
-757
84
956
1668
2260
2834
3250
3183
3060
2617
1937
1273
688
199
-163
-137
160
426
706
1152
1685
2175
2289
2220
2223
2025
1646
1265
1004
683
398
366
518
706
939
1113
1252
1568
1889
2009
1917
1710
1678
1517
1198
1076
935
975
1060
977
901
925
978
1014
795
526
347
197
-23
-108
-109
-341
-659
-509
-263
-155
-1
44
-93
-90
-190
-262
-940
-1834
-2400
-2284
-1654
-608
797
2274
3380
4203
4444
3795
2721
1378
130
-1210
-2522
-3518
-3891
-3461
-2725
-1678
-218
1242
2303
2792
2824
2520
1746
617
-813
-2159
-3407
-4195
-4412
-3999
-3274
-2329
-1325
-114
742
1105
1245
1028
481
-350
-1336
-2274
-3020
-3740
-4040
-3750
-3256
-2582
-1716
-573
152
581
864
901
493
-41
-640
-1415
-2111
-2674
-2878
-2815
-2537
-2204
-1697
-1100
-524
-283
-233
-323
-582
-883
-1170
-1614
-2021
-2197
-2057
-1775
-1427
-1153
-843
-370
-87
-65
-7
1
-202
-472
-539
-601
-864
-972
-874
-745
-437
-77
322
621
666
698
950
1236
1398
1240
806
138
-720
-1715
-2482
-3025
-3536
-3864
-3927
-3629
-3077
-2341
-1466
-668
33
638
1009
1116
755
110
-603
-1299
-1898
-2343
-2598
-2431
-1918
-1221
-371
517
1575
2252
2515
2655
2359
1970
1400
828
420
-251
-709
-796
-659
-218
331
1015
1452
1724
2077
2361
2421
2235
1906
1607
1142
792
620
594
717
894
1205
1509
1635
1790
2093
2442
2503
2313
2055
1995
1916
1677
1531
1456
1537
1561
1403
1474
1661
1675
1622
1416
1161
1007
731
715
725
720
684
651
552
632
783
807
878
971
899
700
533
361
252
500
1305
