-5270
-4982
-4557
-4005
-3707
-3751
-3908
-4116
-4467
-4764
-4790
-4833
-4780
-4637
-4500
-4250
-4089
-3829
-3646
-3424
-3183
-3125
-3077
-3230
-3400
-3797
-4392
-5230
-6134
-7054
-7916
-8459
-8583
-8368
-7983
-7508
-6824
-5851
-4993
-4265
-3648
-3281
-3167
-3473
-4108
-4935
-5896
-6755
-7255
-7259
-7103
-6628
-5827
-4840
-3861
-2976
-2329
-1915
-1758
-2079
-2674
-3500
-4110
-4688
-5288
-5652
-5543
-5139
-4756
-4248
-3630
-3061
-2742
-2530
-2425
-2715
-3432
-4330
-5127
-5509
-5631
-5504
-4974
-3853
-2371
-1193
-999
-1700
-2856
-4462
-6286
-8249
-10164
-11406
-11992
-11849
-10976
-9405
-7507
-5906
-5178
-4670
-4739
-5593
-7135
-8888
-10655
-12089
-12927
-12812
-11924
-10278
-8058
-5563
-3088
-928
679
1458
1423
670
-506
-1969
-3668
-5324
-6520
-6963
-6338
-4613
-2247
439
3049
5122
6292
6444
5704
4240
2196
-27
-2313
-4422
-5741
-6288
-5902
-4886
-3499
-1747
-303
446
626
279
-769
-2461
-4494
-6394
-8064
-9565
-10280
-10183
-9471
-8129
-6731
-5520
-4329
-3500
-3196
-3532
-4416
-5816
-7279
-8827
-10307
-11368
-11943
-11957
-11404
-10289
-8903
-7399
-6232
-5466
-4972
-4950
-5352
-6222
-7443
-8628
-9657
-10702
-11449
-11609
-11260
-10496
-9344
-8137
-6844
-5596
-4891
-4445
-3876
-3598
-3494
-3867
-4189
-4098
-4054
-3833
-3521
-3035
-2452
-1834
-1230
-853
-716
-748
-855
-993
-1287
-1530
-1544
-1699
-1933
-2002
-1923
-1938
-1882
-1907
-2093
-2282
-2363
-2347
-2484
-2801
-3108
-3373
-3738
-4221
-4804
-5468
-6168
-6664
-6898
-6816
-6608
-6202
-5470
-4791
-3973
-3399
-3186
-3033
-3094
-3621
-4525
-5501
-6311
-7076
-7904
-8478
-8498
-7997
-7343
-6718
-5982
-5242
-4642
-4146
-3780
-3691
-4035
-4537
-4991
-5165
-5153
-5234
-5072
-4608
-3910
-3124
-2203
-1192
-262
430
932
1203
1570
1892
2146
2114
1658
878
4
-1083
-2266
-3431
-4256
-4154
-3213
-1815
185
2211
3857
5024
5528
5404
4751
3300
1314
-746
-2470
-3624
-4138
-3608
-1952
192
2117
3829
5303
6194
6347
5985
4971
3377
1608
102
-1027
-1586
-1316
-398
1290
3435
5311
6592
7205
7168
6869
6451
6079
6111
6308
6462
6683
6833
6788
6545
6064
5244
4240
3203
2153
1221
413
108
309
780
1635
2637
3615
4412
4840
4808
4341
3664
2657
1391
32
-1133
-1683
-1745
-1575
-1288
-733
20
756
1424
1671
1542
1127
568
-194
-1226
-2212
-3198
-3803
-4015
-4179
-4193
-3915
-3752
-3455
-3100
-3004
-2898
-3105
-3558
-3895
-4168
-4350
-4480
-4600
-4522
-4334
-4059
-3694
-3461
-3164
-3046
-3164
-3145
-3367
-3717
-4004
-4204
-4260
-4086
-3793
-3638
-3354
-2697
-2022
-1488
-1172
-935
-891
-1125
-1404
-1784
-2329
-2733
-3114
-3341
-3291
-3245
-3157
-2855
-2665
-2503
-2193
-1928
-1778
-1833
-1967
-2471
-3157
-4007
-5264
-6563
-7868
-9029
-9965
-10600
-10596
-10332
-9831
-8991
-7922
-6717
-5773
-5127
-4725
-4833
-5494
-6436
-7388
-8213
-8943
-9632
-10099
-10106
-9678
-9055
-8363
-7548
-6864
-6523
-6222
-5956
-6043
-6310
-6760
-7347
-7857
-8268
-8542
-8413
-8119
-7660
-7041
-6299
-5543
-4879
-4444
-4226
-3890
-3523
-3313
-3276
-3144
-2917
-2743
-2458
-2069
-1677
-1153
-927
-746
-444
-286
-280
-205
-375
-615
-862
-1225
-1395
-1367
-1312
-1193
-1250
-1204
-1176
-1335
-1411
-1440
-1580
-1767
-1993
-2238
-2540
-2838
-2941
-2837
-2842
-2824
-2630
-2343
-1966
-1784
-1818
-1935
-2346
-2950
-3529
-4116
-4369
-3835
-2765
-1568
-441
403
952
942
184
-1058
-2530
-4002
-5479
-6729
-7649
-8117
-7808
-6849
-5416
-3979
-2600
-1580
-1158
-1253
-1840
-2857
-4100
-5458
-7075
-8290
-8816
-8968
-8586
-7746
-6508
-5198
-4001
-3139
-2598
-2336
-2585
-3196
-4292
-5516
-6681
-7692
-8306
-8444
-8134
-7818
-6968
-5751
-4774
-3980
-3319
-3033
-3194
-3560
-4060
-4711
-5636
-6538
-7011
-7267
-7213
-6972
-6349
-5755
-5391
-5042
-4620
-4461
-4599
-4879
-5257
-5693
-6123
-6477
-6633
-6717
-6687
-6619
-6294
-5802
-5384
-5342
-5436
-5466
-5681
-6035
-6304
-6368
-6623
-6979
-7117
-6921
-6592
-6168
-5712
-5314
-5295
-5291
-5145
-4875
-4681
-4906
-5407
-5786
-6385
-7274
-8330
-9486
-10387
-10930
-11076
-11037
-10699
-10025
-9354
-8468
-7472
-6488
-5766
-5382
-5599
-6120
-6659
-7400
-8400
-9279
-9684
-9839
-9646
-9078
-8103
-6920
-5878
-5023
-4422
-4013
-3781
-3677
-3945
-4432
-4940
-5593
-6008
-6277
-6166
-5855
-5446
-4944
-4230
-3337
-2633
-2096
-1655
-1380
-1245
-1338
-1335
-1378
-1398
-1436
-1461
-1458
-1386
-1005
-622
-216
322
685
881
990
1083
960
755
663
484
509
570
567
478
501
461
361
306
206
-55
-238
-340
-504
-752
-1012
-1216
-1250
-992
-711
-457
-400
-387
-374
-366
-229
-262
-683
-1343
-1862
-2045
-1519
-596
580
2041
3421
4280
4431
3907
3031
1975
677
-666
-1881
-2897
-3566
-3496
-2854
-1765
-422
978
2010
2570
2758
2573
1968
777
-900
-2338
-3330
-3979
-4324
-4113
-3382
-2323
-1311
-314
683
1264
1490
1225
599
-341
-1452
-2670
-3665
-4273
-4571
-4320
-3817
-3213
-2498
-1726
-967
-478
-325
-368
-569
-1151
-2037
-3032
-3728
-4174
-4497
-4427
-4112
-3792
-3371
-2714
-2170
-1826
-1753
-1842
-2089
-2479
-2775
-3035
-3356
-3726
-4097
-4124
-3923
-3508
-3048
-2682
-2443
-2334
-2496
-2494
-2510
-2792
-3085
-3357
-3488
-3497
-3577
-3702
-3416
-2949
-2684
-2488
-2311
-2095
-1975
-2106
-2206
-2282
-2579
-3229
-4062
-5005
-5891
-6655
-7397
-7877
-7946
-7794
-7414
-6712
-5738
-4820
-3939
-3360
-3041
-3084
-3344
-3927
-4772
-5685
-6422
-6958
-7312
-7401
-7091
-6212
-5319
-4436
-3678
-2939
-2366
-1911
-1973
-2328
-2796
-3436
-3944
-4288
-4699
-4737
-4383
-3961
-3442
-2872
-2084
-1412
-746
-245
-162
-275
-268
-256
-391
-634
-713
-664
-608
-423
-63
404
679
946
1238
1514
1655
1698
1662
1722
1756
1486
1307
1359
1425
1399
1404
1537
1555
1341
1192
1138
764
583
607
385
277
158
86
158
212
244
312
384
499
414
355
355
-5
-919
-1827
-2209
-1991
-1257
74
1585
3045
3949
4307
4109
3503
2548
1145
-459
-2083
-3240
-3878
-4011
-3539
-2661
-1384
83
1257
1903
2258
2045
1283
295
-919
-2188
-3545
-4634
-5106
-4970
-4399
-3505
-2502
-1484
-508
202
493
373
-108
-886
-1932
-3183
-4284
-5060
-5221
-5138
-4959
-4332
-3572
-2486
-1575
-1179
-1055
-1159
-1314
-1707
-2334
-3143
-3949
-4715
-5218
-5254
-5155
-4942
-4553
-4069
-3455
-2926
-2720
-2883
-3117
-3422
-3723
-4087
-4409
-4587
-4812
-4925
-4681
-4387
-4076
-3709
-3390
-3258
-3188
-3187
-3284
-3521
-3883
-4133
-4476
-4625
-4508
-4470
-4424
-4274
-4132
-3892
-3543
-3209
-3134
-3144
-3168
-3419
-3944
-4496
-5190
-5943
-6754
-7642
-8494
-9194
-9411
-9189
-8832
-8167
-7277
-6293
-5389
-4689
-4256
-4064
-4176
-4761
-5632
-6540
-7340
-8041
-8607
-8626
-8197
-7563
-6805
-5843
-4770
-4022
-3348
-2855
-2761
-3188
-3553
-3962
-4468
-4932
-5278
-5288
-5114
-4982
-4478
-3827
-3167
-2358
-1605
-1189
-922
-759
-910
-968
-1055
-1190
-1424
-1554
-1419
-1163
-805
-463
-191
106
586
864
887
909
918
1224
1307
1076
958
1038
990
897
1009
1180
1358
1229
1065
859
505
364
467
200
-128
-405
-527
-401
-253
14
194
311
450
491
389
161
-273
-1109
-2251
-3139
-3737
-3835
-3154
-2031
-727
384
1080
1427
1207
741
32
-885
-1753
-2400
-2796
-2887
-2489
-1799
-877
123
1063
1697
1950
1676
1068
232
-804
-1981
-3008
-3813
-4135
-3897
-3161
-2032
-907
109
935
1641
2147
2080
1509
893
73
-735
-1537
-2356
-2752
-2709
-2179
-1399
-634
51
848
1639
2075
2038
1653
1177
435
-413
-1145
-1721
-2137
-2093
-1838
-1594
-1295
-776
-107
385
687
836
719
353
-201
-897
-1425
-1964
-2379
-2568
-2654
-2651
-2594
-2400
-2299
-2152
-2238
-2141
-1990
-2284
-2598
-2880
-3210
-3585
-3839
-3839
-3694
-3423
-3133
-3044
-2974
-2844
-2679
-2743
-2755
-2673
-2828
-3216
-3855
-4598
-5572
-6406
-6971
-7716
-8315
-8410
-7956
-7294
-6514
-5738
-4829
-3883
-3273
-3135
-3156
-3525
-4052
-4500
-5232
-5983
-6518
-6669
-6418
-5910
-5116
-4052
-3016
-2251
-1403
-749
-549
-672
-993
-1313
-1760
-2333
-2760
-2847
-2712
-2495
-2053
-1479
-763
-24
705
1214
1405
1476
1547
1481
1220
880
699
764
849
946
1182
1595
1972
2432
2718
2707
2657
2733
2921
2830
2539
2319
2281
2287
2090
1977
1849
1930
1930
1788
1713
1723
1538
1334
1354
1271
1000
835
558
476
627
701
759
893
993
1050
1059
987
767
619
648
985
1562
2610
4012
5492
6771
7641
7997
7675
6669
5067
3089
883
-1255
-3035
-4332
-4703
-4036
-2679
-917
1162
3296
4963
5907
6218
5883
4810
3127
1271
-686
-2424
-3829
-4630
-4655
-3807
-2507
-1174
210
1451
2225
2516
2134
1376
304
-849
-2182
-3663
-4809
-5447
-5571
-5215
-4570
-3625
-2496
-1512
-757
-156
156
-276
-809
-1537
-2215
-3165
-4105
-4503
-4728
-4870
-4797
-4455
-4042
-3755
-3602
-3352
-3213
-3304
-3592
-3866
-3860
-3789
-3795
-3738
-3478
-3093
-2718
-2334
-1986
-1583
-1419
-1402
-1501
-1721
-1992
-2190
-2373
-2598
-2473
-2303
-1940
-1355
-919
-747
-609
-352
-213
-201
-146
-237
-560
-1233
-2018
-2660
-3350
-4208
-5079
-5725
-6097
-6099
-5932
-5507
-4709
-3742
-2806
-2035
-1375
-1027
-1289
-1778
-2318
-3131
-3984
-4832
-5715
-6277
-6363
-5934
-5283
-4558
-3766
-2795
-2043
-1671
-1589
-1751
-2036
-2594
-3173
-3705
-4264
-4607
-4721
-4484
-4025
-3428
-2978
-2439
-1824
-1227
-715
-296
-90
-141
-224
-504
-848
-965
-945
-757
-447
-178
184
658
1222
1576
1833
1946
1929
2072
2134
2092
2054
2040
1983
2045
2128
2196
2211
2286
2194
1792
1698
1876
1891
1646
1203
1076
1185
1221
1211
1160
1257
1565
1561
1576
1684
1719
1543
1065
117
-850
-1539
-1704
-1216
-446
491
1572
2630
3117
2854
2252
1423
396
-897
-2110
-2897
-3404
-3341
-2573
-1460
-169
1212
2389
3174
3536
3241
2406
1199
-286
-1855
-3310
-4438
-5092
-5174
-4409
-3082
-1779
-556
686
1544
1847
1902
1724
1020
164
-752
-1869
-2685
-3116
-3123
-2721
-2103
-1136
-19
913
1462
1766
1947
1801
1332
718
20
-712
-1363
-1785
-1973
-1997
-1688
-1239
-757
-162
390
745
883
666
509
220
-206
-446
-791
-1120
-1224
-1160
-1168
-1186
-1206
-1094
-957
-925
-1032
-1225
-1456
-1746
-1963
-2221
-2431
-2552
-2589
-2448
-2202
-1923
-1864
-1962
-1850
-1810
-1854
-1772
-1829
-2102
-2727
-3761
-4789
-5588
-6431
-7079
-7488
-7722
-7687
-7275
-6609
-5854
-4979
-4059
-3276
-2944
-2919
-2993
-3543
-4173
-4774
-5699
-6408
-6638
-6475
-6219
-5597
-4680
-3619
-2668
-1652
-733
-364
-303
-444
-878
-1282
-1439
-1772
-2368
-2668
-2572
-2130
-1539
-742
143
934
1486
1936
2181
2369
2557
2556
2357
2107
2130
1996
2001
2321
2575
2910
3114
3309
3650
3994
4148
4393
4547
4414
4143
3721
3678
3695
3578
3532
3590
3576
3409
3270
3115
3019
2849
2515
2282
2276
2221
2098
2052
2002
2021
2064
2075
2125
2178
2165
2090
1943
1562
985
336
-86
12
617
1610
2879
4337
5547
6228
6264
5664
4600
3453
2199
965
-246
-1080
-1309
-1001
-120
1025
2299
3581
4603
5207
5200
4576
3560
2451
1240
60
-1022
-1611
-1612
-1160
-533
182
1273
2345
3132
3519
3503
3207
2592
1648
571
-461
-1370
-1932
-1926
-1644
-1224
-532
472
1416
1913
2091
2181
2087
1600
791
129
-533
-1297
-1809
-2047
-2160
-2006
-1658
-1234
-608
-198
48
118
94
-135
-750
-1359
-1639
-1885
-2299
-2481
-2231
-1936
-1778
-1472
-1207
-1203
-1041
-963
-1062
-1325
-1597
-1729
-1786
-1967
-2070
-2152
-2056
-1851
-1356
-997
-939
-928
-792
-626
-476
-403
-694
-1145
-1789
-2584
-3561
-4685
-5543
-5876
-6106
-6148
-5921
-5377
-4500
-3627
-2826
-2121
-1509
-1154
-1254
-1831
-2484
-3131
-3785
-4454
-5027
-5378
-5306
-4751
-3858
-2976
-2137
-1281
-580
-185
-50
-131
-363
-966
-1675
-2334
-2789
-3088
-3157
-2914
-2304
-1737
-1119
-396
243
770
1064
1185
1171
1161
959
707
713
763
811
874
1086
1505
1808
2139
2437
2564
2635
2880
3036
3015
2900
2629
2374
2365
2362
2471
2620
2747
2718
2543
2564
2553
2222
1957
1931
1985
1914
1610
1357
1331
1459
1569
1651
1748
1860
2046
2079
1997
1776
1361
663
37
36
446
1297
2755
4273
5468
6284
6429
5967
4988
3717
2339
1002
-170
-937
-1334
-1351
-725
128
1203
2528
3635
4302
4399
4179
3472
2280
958
-338
-1598
-2707
-3280
-2908
-2040
-1232
-186
940
1837
2443
2590
2151
1561
848
-1
-954
-1925
-2566
-2866
-2752
-2325
-1594
-763
33
850
1394
1673
1548
1097
564
-212
-1063
-1749
-2250
-2410
-2524
-2430
-1971
-1540
-965
-470
-203
-32
46
52
-252
-814
-1324
-1751
-1892
-1915
-1791
-1638
-1362
-1144
-887
-618
-443
-376
-557
-816
-1001
-1203
-1445
-1611
-1611
-1697
-1676
-1418
-937
-732
-605
-445
-395
-319
-329
-182
-282
-803
-1366
-2028
-2933
-3822
-4796
-5509
-5964
-6096
-5716
-5260
-4559
-3656
-2712
-1929
-1544
-1291
-1163
-1356
-1935
-2727
-3598
-4467
-5115
-5329
-5130
-4665
-4019
-3119
-2107
-1196
-447
44
305
293
-3
-339
-795
-1375
-1844
-2043
-1986
-1705
-1244
-776
-320
209
1066
1749
2072
2278
2406
2417
2378
2162
1974
1977
2011
2180
2565
2942
3164
3443
3917
4180
4188
4172
4162
4083
3889
3686
3694
3753
3712
3628
3710
3584
3532
3771
3821
3607
3371
3215
3067
2928
2690
2324
2273
2376
2466
2565
2720
2949
3016
2990
2907
2826
2614
2305
1814
979
562
815
1683
2969
4444
5749
6694
7041
6737
5922
4902
3581
2222
1016
66
-528
-606
-198
591
1782
3178
4475
5247
5366
5058
4506
3619
2239
881
-289
-1263
-1752
-1735
-1148
-259
762
1839
2723
3308
3626
3542
3076
2391
1689
620
-581
-1337
-1804
-1813
-1397
-673
201
1050
1766
2242
2487
2495
2224
1790
1221
627
-21
-571
-1036
-1220
-1028
-841
-574
106
773
1153
1111
944
812
578
250
-248
-628
-898
-916
-711
-533
-506
-415
-80
357
737
852
669
380
157
-127
-329
-545
-675
-578
-495
-354
-157
101
453
445
476
686
860
835
537
170
-276
-1110
-1868
-2755
-3643
-4280
-4789
-5149
-5010
-4617
-3970
-3219
-2449
-1473
-725
-238
-59
-307
-857
-1492
-2307
-3027
-3659
-4088
-4164
-3996
-3410
-2727
-1945
-943
-132
518
924
1062
768
200
-327
-814
-1233
-1520
-1718
-1566
-1182
-643
-150
461
1038
1551
2079
2455
2393
2123
1873
1508
1346
1338
1601
2018
2215
2545
2904
3031
2877
2453
1957
1366
849
529
489
793
1114
1753
2630
3375
3854
4115
3958
3564
2784
1899
1104
562
232
449
1183
2139
3331
4558
5758
6640
7151
7182
6658
5849
4997
4193
3450
2862
2393
2429
2853
3870
5380
7171
8746
9830
10416
10245
9278
7965
6318
4634
3200
1882
1050
733
1020
1709
2763
3950
5015
5983
6329
6069
5426
4342
3132
1949
699
-452
-1301
-1794
-1669
-1000
-178
760
1713
2495
2844
2864
2690
2156
1347
307
-785
-1840
-2781
-3342
-3337
-3066
-2311
-1281
-501
20
548
1032
1077
798
403
-270
-1000
-1737
-2294
-2444
-2377
-2055
-1542
-1061
-347
463
1017
1251
1301
1186
920
699
516
246
270
461
551
792
1087
1498
1883
2150
2312
2345
2328
2031
1669
1316
1174
1053
916
884
809
867
1181
1360
1347
1276
1303
1343
1256
1176
1173
959
621
82
-763
-1869
-2852
-3634
-4262
-4717
-4719
-4333
-3928
-3489
-2873
-1997
-1216
-789
-606
-697
-1116
-1905
-2767
-3505
-4211
-4807
-5148
-5251
-4875
-4097
-3312
-2426
-1538
-928
-656
-590
-758
-1158
-1717
-2528
-3257
-3828
-4150
-4003
-3561
-3082
-2592
-2128
-1552
-989
-411
50
218
193
-47
-304
-739
-1286
-1825
-2125
-2029
-1642
-1125
-612
-36
586
1003
1459
1750
1566
1013
442
-27
-601
-1222
-1420
-1174
-736
-308
182
763
1209
1205
851
436
-1
-726
-1467
-2004
-2333
-2804
-3033
-2835
-2266
-1754
-1428
-1063
-802
-899
-1516
-2522
-3745
-4965
-5706
-5777
-4976
-3504
-1787
-189
985
1445
1152
589
-555
-2194
-4037
-5748
-7065
-7840
-8224
-7744
-6170
-4346
-2687
-1324
-304
259
103
-583
-1736
-3250
-4791
-6202
-7113
-7400
-6994
-6055
-4862
-3530
-2120
-1007
-216
136
82
-368
-1151
-2082
-3087
-4005
-4581
-4784
-4568
-4053
-3107
-2027
-1077
-128
682
1131
1000
603
195
-340
-1063
-1735
-2220
-2509
-2805
-2752
-2070
-1219
-552
-144
224
378
511
341
-89
-543
-944
-1271
-1535
-1615
-1549
-1489
-1096
-550
-199
66
210
350
370
221
-72
-285
-560
-839
-999
-1021
-764
-518
-276
39
300
516
605
688
1043
1147
937
601
137
-436
-1280
-2222
-3019
-3541
-3900
-3935
-3599
-3042
-2241
-1283
-168
734
1360
1765
1796
1639
1283
684
-44
-629
-1033
-1135
-1011
-783
-74
1148
2193
2855
3457
3849
4031
3905
3533
3229
2865
2216
1607
1351
1410
1502
1604
2012
2512
3149
3605
3873
4106
4197
4079
3790
3439
3058
2946
2736
2485
2406
2508
2814
3043
3204
3449
3777
3909
3833
3527
3297
3212
3226
3026
2928
2942
2724
2721
2928
3005
2827
2702
2704
2552
2354
2194
2053
2024
1920
1729
1653
1725
1832
1967
2079
2096
2044
2074
2230
2219
1797
1149
505
309
378
1145
2615
4152
5387
6280
6788
6642
5930
4811
3560
2416
1331
288
-322
-421
-57
957
2462
3760
4895
5650
5898
5595
4962
4270
3262
1897
530
-476
-788
-678
-194
719
1706
2762
3708
4370
4850
4943
4360
3614
2744
1601
606
-95
-510
-494
-216
517
1329
1930
2769
3462
3834
3849
3487
3040
2218
1336
633
228
-136
-293
-168
204
669
1146
1741
2104
2290
2319
2159
1947
1534
1075
644
347
136
97
281
790
1239
1531
1834
2006
2227
2261
2075
1796
1697
1512
1235
1187
1240
1196
1442
1806
1975
2119
2376
2592
2872
2915
2791
2601
2446
1980
1454
803
-95
-1041
-1729
-2163
-2318
-2185
-1825
-1162
-411
434
1186
1759
2239
2301
1954
1427
878
109
-610
-1156
-1517
-1642
-1409
-662
287
1088
1967
2551
2782
2952
2990
2696
2157
1548
1094
434
-131
-431
-537
-251
135
509
892
1340
1765
2029
2037
1817
1551
1286
1019
726
462
218
195
357
619
871
1145
1333
1546
1542
1411
1336
1258
1159
1034
850
672
718
815
783
698
593
413
412
489
559
373
-79
-456
-599
-848
-914
-780
-768
-759
-689
-589
-504
-524
-468
-408
-445
-832
-1583
-2436
-2946
-2731
-1871
-618
614
1921
3116
4002
4005
3249
2222
958
-387
-1810
-3081
-3889
-4011
-3805
-3084
-1756
-296
1077
2111
2502
2495
2085
1335
202
-1265
-2869
-3999
-4685
-4874
-4479
-3685
-2609
-1460
-418
463
1143
1167
795
173
-682
-1603
-2614
-3531
-4011
-4011
-3673
-3095
-2243
-1376
-624
6
334
476
453
283
-299
-1061
-1758
-2346
-2896
-3240
-3195
-2876
-2456
-1832
-1330
-914
-507
-377
-558
-671
-923
-1244
-1563
-1791
-1944
-2046
-1890
-1711
-1444
-890
-473
-255
-81
74
157
-88
-488
-787
-1033
-1150
-1032
-988
-878
-510
-391
-214
211
439
470
485
628
753
614
125
-615
-1360
-2106
-2999
-3745
-4209
-4417
-4529
-4271
-3702
-2716
-1703
-803
34
506
628
568
275
-427
-1184
-1874
-2397
-2826
-3003
-2748
-2251
-1529
-641
162
1013
1751
2128
2038
1711
1365
939
522
-45
-754
-1131
-1227
-1208
-872
-444
174
748
1237
1552
1655
1754
1736
1430
1045
843
743
485
182
178
440
746
1061
1240
1417
1643
1792
1761
1565
1427
1386
1314
1153
1038
1112
1111
1092
1170
1353
1267
1068
1010
1013
930
774
428
276
140
38
-45
-7
29
240
363
241
173
195
336
405
224
-128
-88
393
1193
