-5228
-4850
-4462
-4212
-4138
-4202
-4336
-4390
-4544
-4667
-4774
-5051
-5292
-5311
-5159
-4861
-4486
-4290
-4186
-4085
-3893
-3737
-3706
-3676
-3770
-4153
-4587
-5295
-6255
-7342
-8231
-8641
-8728
-8744
-8547
-7868
-7049
-6271
-5417
-4546
-4033
-3695
-3604
-3962
-4620
-5469
-6314
-6765
-6974
-7028
-6852
-6371
-5453
-4422
-3487
-2662
-2027
-1743
-1764
-1917
-2407
-3221
-3944
-4444
-4808
-5181
-5435
-5274
-4856
-4219
-3613
-3106
-2662
-2321
-2324
-2711
-3462
-4529
-5272
-5484
-5309
-4918
-4436
-3527
-2251
-1242
-971
-1497
-2567
-4168
-5992
-7903
-9776
-11169
-11858
-11715
-11012
-9562
-7909
-6368
-5205
-4676
-4831
-5800
-7249
-9206
-11094
-12459
-13325
-13243
-12393
-10731
-8374
-5775
-3271
-1045
387
1188
1308
676
-671
-2200
-3767
-5111
-6234
-6687
-5946
-4054
-1493
1253
3896
5840
6728
6737
5835
4269
2083
-464
-2841
-4795
-6133
-6771
-6521
-5423
-3730
-1796
-108
1051
1418
906
-135
-1970
-4141
-6513
-8796
-10206
-10866
-10876
-10136
-8461
-6728
-5135
-3893
-3195
-2928
-3236
-4137
-5722
-7313
-9049
-10694
-11806
-12476
-12640
-12117
-10956
-9488
-8015
-6712
-5810
-5380
-5340
-5741
-6435
-7442
-8729
-9935
-10872
-11545
-12129
-11997
-11344
-10292
-9149
-7907
-6661
-5533
-4786
-4326
-4113
-4225
-4482
-4472
-4410
-4320
-4077
-3594
-2881
-2223
-1839
-1421
-1196
-897
-633
-640
-750
-970
-1167
-1330
-1748
-2202
-2158
-1839
-1644
-1722
-1812
-1973
-2140
-2304
-2376
-2677
-2910
-2981
-3184
-3603
-4318
-5278
-6133
-6546
-6581
-6653
-6785
-6718
-6373
-5660
-4664
-3899
-3364
-3094
-3048
-3412
-4101
-4937
-5798
-6651
-7397
-8002
-8448
-8546
-8306
-7768
-6944
-6218
-5439
-4780
-4383
-4225
-4461
-4777
-5038
-5488
-5809
-5940
-5865
-5759
-5393
-4683
-3782
-2925
-1964
-1061
-437
75
529
864
1173
1227
936
492
-301
-1160
-2003
-2894
-3973
-4762
-4838
-3948
-2265
-359
1516
3073
4135
4695
4766
3925
2417
561
-1388
-3096
-4162
-4458
-3910
-2343
-271
1836
3679
4961
5725
5807
5220
4095
2489
863
-485
-1553
-2059
-1842
-684
1228
3198
4921
6114
6767
6948
6885
6815
6492
6447
6566
6934
7150
6912
6661
6260
5594
4743
3566
2149
1026
169
-216
-122
146
717
1709
2547
3500
4064
4203
4099
3632
2776
1647
372
-856
-1790
-2428
-2650
-2497
-1981
-1262
-634
35
516
697
655
270
-341
-1119
-1981
-2802
-3670
-4467
-4747
-4812
-4766
-4585
-4304
-4022
-3751
-3612
-3894
-4065
-4306
-4412
-4640
-4900
-5048
-5027
-4995
-4781
-4490
-4196
-3809
-3706
-3654
-3640
-3793
-3838
-4089
-4512
-4636
-4432
-4092
-3791
-3550
-3209
-2564
-2040
-1583
-1372
-1283
-1214
-1217
-1385
-1879
-2305
-2568
-2852
-3078
-3252
-3277
-3076
-2852
-2537
-2241
-1931
-1656
-1519
-1568
-1669
-2033
-2965
-4108
-5339
-6508
-7569
-8799
-9860
-10446
-10444
-9953
-9396
-8477
-7434
-6333
-5463
-5052
-4917
-5059
-5484
-6231
-7300
-8517
-9566
-10102
-10224
-10037
-9671
-9179
-8365
-7565
-6902
-6218
-5737
-5645
-5868
-6253
-6596
-7084
-7656
-8308
-8558
-8337
-8138
-7812
-7469
-6751
-5954
-5284
-4826
-4330
-3869
-3679
-3427
-3255
-3279
-3213
-2965
-2438
-1949
-1738
-1407
-1204
-954
-796
-608
-463
-426
-632
-884
-960
-1062
-1272
-1389
-1376
-1286
-1150
-1138
-1103
-1129
-1265
-1174
-1330
-1730
-2138
-2456
-2632
-2815
-2959
-2930
-2950
-2902
-2668
-2598
-2421
-2194
-2187
-2259
-2464
-2991
-3727
-4213
-4273
-3835
-2829
-1567
-377
491
993
1038
312
-926
-2411
-3931
-5399
-6695
-7547
-7894
-7807
-7023
-5684
-4107
-2673
-1675
-1197
-1265
-1835
-3042
-4614
-5981
-7375
-8504
-9093
-9149
-8603
-7644
-6530
-5187
-3863
-3017
-2542
-2519
-2701
-3235
-4287
-5496
-6644
-7657
-8291
-8248
-7821
-7279
-6489
-5438
-4658
-4072
-3503
-3078
-3107
-3482
-4052
-4819
-5492
-6063
-6569
-6814
-6937
-6768
-6384
-5861
-5277
-4607
-4301
-4340
-4525
-4930
-5207
-5427
-5839
-6135
-6346
-6343
-6180
-5979
-5832
-5698
-5537
-5351
-5227
-5294
-5567
-5815
-5929
-6304
-6853
-7055
-6758
-6445
-6360
-6277
-5930
-5626
-5354
-5156
-4935
-4642
-4644
-4909
-5285
-5691
-6254
-7251
-8414
-9261
-9934
-10522
-10845
-10761
-10368
-9794
-8849
-7984
-7104
-6202
-5529
-5272
-5474
-5996
-6655
-7525
-8226
-8885
-9351
-9531
-9375
-8931
-8057
-6938
-5741
-4698
-4070
-3667
-3484
-3529
-3744
-4278
-4823
-5360
-5607
-5692
-5851
-5514
-4907
-4326
-3617
-3010
-2253
-1685
-1270
-1050
-1046
-1065
-1134
-1283
-1564
-1541
-1349
-944
-607
-389
16
444
766
939
1199
1315
1317
1302
1338
1312
1098
1050
1088
1007
908
989
996
891
703
745
583
303
3
-351
-591
-542
-393
-321
-341
-132
65
163
229
242
378
450
340
-130
-997
-1639
-1897
-1318
143
1571
2806
3933
4826
5194
4880
4049
2768
1337
-85
-1358
-2414
-3009
-2912
-2195
-1182
147
1420
2401
3171
3396
3024
2114
916
-301
-1742
-2978
-3794
-3853
-3369
-2674
-1605
-608
489
1363
1681
1754
1445
907
193
-874
-1969
-2898
-3526
-3955
-4008
-3579
-2896
-1986
-983
-277
84
325
290
-35
-635
-1311
-2076
-2884
-3530
-3990
-4073
-3932
-3619
-3161
-2562
-2069
-1773
-1636
-1574
-1739
-2091
-2361
-2807
-3291
-3646
-3895
-3872
-3590
-3393
-2977
-2591
-2221
-1928
-1929
-2103
-2433
-2670
-2803
-3093
-3291
-3236
-3164
-3103
-2984
-2741
-2401
-2184
-2080
-2056
-1972
-1977
-2152
-2411
-2799
-3462
-4311
-5107
-5909
-6726
-7488
-7876
-7954
-7787
-7361
-6726
-6017
-5010
-4031
-3492
-3236
-3262
-3456
-4098
-4926
-5751
-6421
-7095
-7605
-7531
-6862
-6166
-5426
-4546
-3464
-2667
-2302
-2075
-2144
-2403
-2917
-3567
-4121
-4503
-4751
-4981
-4816
-4368
-3792
-3109
-2373
-1775
-1218
-849
-665
-721
-821
-811
-722
-879
-1116
-1284
-1353
-1064
-656
-208
365
718
919
1102
1293
1249
1135
1032
1051
1096
1132
1178
1099
1077
880
706
631
637
567
458
298
-44
-343
-384
-553
-691
-542
-449
-494
-538
-340
-30
65
-200
-537
-631
-961
-1631
-2233
-2521
-2391
-1639
-475
1077
2469
3490
3942
3664
2922
1791
359
-1001
-2250
-3396
-4331
-4607
-4189
-2926
-1627
-428
732
1518
1930
1736
1006
-146
-1401
-2734
-4303
-5320
-5810
-5698
-5110
-4193
-3109
-2123
-1037
-207
80
62
-596
-1545
-2589
-3711
-4816
-5488
-5823
-5749
-5367
-4774
-3853
-2931
-2202
-1610
-1346
-1384
-1742
-2329
-2937
-3733
-4434
-5190
-5787
-6016
-5992
-5712
-5100
-4359
-3757
-3339
-3108
-3009
-3103
-3346
-3689
-4221
-4704
-5053
-5139
-5203
-5194
-4969
-4654
-4338
-3929
-3545
-3604
-3798
-3785
-3868
-4245
-4536
-4648
-4719
-4778
-4841
-4695
-4264
-4049
-3945
-3960
-3905
-3762
-3732
-3895
-4098
-4298
-4782
-5621
-6497
-7361
-8236
-8915
-9437
-9605
-9446
-9026
-8354
-7418
-6649
-5833
-5124
-4664
-4523
-4930
-5519
-6035
-6593
-7352
-8138
-8493
-8500
-8309
-7980
-7204
-6077
-4949
-3947
-3260
-3004
-3195
-3474
-3671
-4007
-4500
-5100
-5494
-5603
-5409
-5084
-4569
-3860
-3165
-2473
-1993
-1511
-1030
-737
-656
-791
-921
-1122
-1404
-1502
-1345
-988
-597
-138
125
328
631
974
1187
1312
1317
1395
1278
1139
1101
1059
1045
1093
1280
1352
1246
1124
933
906
783
576
349
275
234
111
131
204
294
277
361
493
580
649
609
421
50
-712
-1599
-2446
-2863
-2685
-1872
-601
807
1839
2477
2603
2306
1814
881
-288
-1245
-1973
-2495
-2651
-2398
-1678
-531
605
1511
2092
2368
2239
1616
722
-368
-1531
-2568
-3433
-3922
-3905
-3198
-2156
-985
97
1073
1786
2005
1841
1440
887
82
-803
-1710
-2394
-2729
-2735
-2430
-1802
-838
62
890
1437
1780
1832
1492
897
226
-420
-1086
-1808
-2205
-2269
-2112
-1744
-1341
-755
-172
353
568
522
393
19
-493
-1270
-1868
-2276
-2636
-2685
-2730
-2677
-2508
-2181
-1869
-1663
-1687
-1963
-2020
-2070
-2264
-2459
-2865
-3084
-3028
-3089
-3041
-2873
-2832
-2640
-2513
-2461
-2372
-2160
-2225
-2305
-2390
-2684
-3357
-4250
-5250
-5949
-6544
-7166
-7657
-7881
-7665
-7117
-6247
-5204
-4390
-3796
-3264
-2932
-3069
-3351
-3738
-4465
-5399
-6162
-6615
-6715
-6467
-5889
-4961
-4000
-3086
-2212
-1497
-1021
-842
-898
-1133
-1527
-1985
-2470
-2789
-2886
-2783
-2596
-2162
-1609
-886
-66
506
900
1180
1374
1527
1452
1199
1003
643
578
779
1117
1337
1577
1734
1890
2278
2717
2823
2832
2814
2780
2766
2563
2339
2277
2259
2179
2021
1879
1978
2167
2248
2078
1714
1350
1139
1028
1004
927
847
722
753
787
738
731
806
867
959
921
692
511
280
347
892
1740
2953
4394
5760
6643
7046
6956
6211
4776
2928
1164
-568
-2388
-3531
-3943
-3733
-2750
-1085
967
2873
4342
5034
5253
4899
3846
2381
701
-1066
-2755
-3998
-4599
-4316
-3561
-2596
-1199
19
1081
1850
2235
2241
1551
454
-873
-2332
-3546
-4560
-5158
-5031
-4573
-3852
-2878
-1936
-1137
-423
-23
18
-141
-546
-1377
-2418
-3324
-4140
-4685
-4918
-4824
-4578
-4168
-3905
-3540
-2999
-2757
-2800
-2977
-3262
-3603
-3886
-4051
-3954
-3919
-3691
-3261
-2675
-2331
-1964
-1687
-1695
-1613
-1699
-1949
-2245
-2497
-2720
-2830
-2811
-2704
-2488
-2161
-1663
-1326
-1092
-889
-907
-933
-981
-1009
-1215
-1841
-2445
-3196
-4114
-4950
-5719
-6221
-6589
-6762
-6534
-5895
-5342
-4676
-3658
-2799
-2194
-1789
-1673
-2177
-3060
-3801
-4573
-5458
-6244
-6575
-6554
-6178
-5586
-4822
-4091
-3345
-2480
-1924
-1761
-1929
-2182
-2632
-3098
-3537
-4038
-4575
-4893
-4701
-4336
-3785
-3081
-2372
-1705
-1094
-634
-422
-359
-330
-470
-560
-640
-725
-852
-653
-247
261
693
1039
1343
1625
1774
1857
1863
1871
1947
1832
1747
1762
1703
1751
1887
1959
1867
1850
1693
1527
1479
1315
1054
1005
1001
920
874
799
846
935
1050
1096
1145
1166
1247
1308
1183
840
138
-726
-1283
-1366
-1013
-250
944
2166
3122
3507
3266
2753
1849
734
-486
-1764
-2726
-3235
-3104
-2529
-1638
-411
1036
2275
2989
3255
3017
2292
1067
-277
-1636
-3016
-4048
-4701
-4785
-4095
-2977
-1620
-304
798
1450
1697
1753
1517
741
-301
-1174
-2089
-2862
-3280
-3159
-2536
-1861
-1048
-101
724
1417
1689
1620
1356
881
404
-274
-977
-1565
-1963
-2145
-2133
-1850
-1467
-1013
-354
157
398
444
368
135
-150
-493
-855
-1268
-1626
-1793
-1732
-1652
-1395
-1057
-977
-923
-924
-1015
-1256
-1462
-1665
-1958
-2054
-2308
-2378
-2358
-2280
-2029
-1866
-1755
-1572
-1482
-1376
-1309
-1336
-1529
-1918
-2434
-3114
-4029
-5106
-6116
-6720
-6975
-7267
-7352
-6954
-6252
-5430
-4484
-3460
-2883
-2619
-2429
-2467
-2875
-3689
-4534
-5279
-5802
-6220
-6234
-5922
-5270
-4453
-3691
-2631
-1556
-739
-439
-564
-530
-650
-1070
-1566
-2049
-2444
-2525
-2350
-2013
-1503
-617
254
952
1422
1748
2163
2316
2394
2414
2370
2174
2004
2065
2098
2133
2541
2845
3103
3387
3726
4077
4309
4442
4444
4326
4132
3995
3957
3944
3738
3449
3476
3448
3344
3258
3224
3253
3181
2733
2347
2255
2247
2101
2087
2281
2270
2166
2244
2433
2412
2357
2366
2334
1912
1306
739
306
354
1001
2193
3562
5007
6126
6702
6675
6087
5052
3926
2717
1458
255
-725
-1154
-911
54
1347
2563
3689
4677
5209
5238
4669
3603
2454
1158
-71
-1243
-1903
-1809
-1347
-564
411
1428
2406
3219
3611
3633
3336
2725
1747
576
-557
-1367
-1816
-1923
-1778
-1270
-396
478
1229
1952
2323
2370
2307
1886
1041
251
-592
-1329
-1981
-2312
-2282
-2029
-1518
-1084
-822
-276
200
460
379
-182
-765
-1153
-1654
-2016
-2125
-2144
-2054
-1858
-1421
-929
-756
-694
-637
-619
-797
-1057
-1299
-1511
-1712
-1837
-1741
-1564
-1624
-1695
-1563
-1261
-1005
-872
-713
-663
-543
-407
-619
-1122
-1926
-2914
-3903
-4812
-5507
-6074
-6433
-6313
-5923
-5376
-4586
-3723
-3016
-2229
-1654
-1338
-1449
-1960
-2610
-3309
-4170
-4979
-5333
-5494
-5354
-4670
-3872
-3015
-2151
-1431
-858
-565
-461
-543
-873
-1350
-1924
-2329
-2629
-2899
-2881
-2735
-2427
-1821
-1078
-451
123
669
929
1008
1023
982
856
846
834
699
578
750
1097
1535
2043
2408
2588
2577
2660
2819
3004
2899
2589
2424
2406
2475
2565
2578
2612
2710
2716
2602
2415
2210
2048
1912
1826
1675
1520
1338
1276
1263
1161
1288
1615
1823
1884
1975
1862
1680
1438
939
351
-260
-353
243
1295
2532
3912
5083
5758
5925
5490
4692
3636
2234
746
-431
-1334
-1996
-2005
-1350
-178
1196
2570
3568
4146
4265
3827
2961
1759
572
-755
-2095
-2917
-3150
-2859
-2221
-1202
-124
939
1896
2386
2435
2083
1553
873
23
-1200
-2253
-2846
-2970
-2774
-2307
-1623
-881
-199
432
1048
1394
1159
628
58
-629
-1356
-1987
-2605
-3000
-3093
-2944
-2491
-1859
-1395
-1018
-730
-498
-402
-517
-792
-1322
-1856
-2099
-2304
-2412
-2332
-2158
-1843
-1396
-1036
-717
-579
-624
-747
-905
-1138
-1378
-1413
-1666
-1827
-1777
-1650
-1603
-1259
-1027
-1023
-864
-780
-712
-653
-653
-793
-1148
-1802
-2667
-3587
-4456
-5121
-5748
-6157
-6267
-6072
-5681
-5135
-4316
-3291
-2397
-1839
-1452
-1286
-1688
-2388
-3078
-3890
-4563
-4983
-5288
-5489
-5194
-4423
-3563
-2686
-1729
-1079
-484
-127
-136
-409
-813
-1123
-1476
-1921
-2329
-2312
-2010
-1701
-1257
-612
112
779
1231
1666
2121
2362
2332
2092
1776
1628
1722
1752
1698
1975
2343
2683
3124
3537
3754
3902
4047
4170
4192
4069
3929
3755
3665
3651
3718
3722
3582
3568
3644
3677
3554
3292
3061
2984
2947
2880
2724
2607
2472
2494
2587
2661
2710
2794
2903
2978
2879
2729
2491
1904
1332
973
1081
1965
3269
4648
5827
6632
6924
6734
5992
5051
3893
2557
1171
117
-532
-556
4
1001
2088
3279
4452
5141
5359
5156
4323
3328
2033
614
-582
-1439
-1883
-1734
-1297
-473
695
1897
2793
3392
3796
3587
3125
2341
1171
241
-541
-1178
-1541
-1486
-1247
-867
2
1031
1862
2474
2689
2612
2244
1684
1042
237
-659
-1201
-1397
-1506
-1548
-1153
-642
-239
260
605
751
843
678
219
-263
-589
-1037
-1215
-1203
-1265
-1098
-883
-463
-85
194
391
416
345
211
150
7
-194
-419
-718
-885
-919
-781
-491
-194
-30
22
175
336
490
432
293
-20
-661
-1326
-2085
-2991
-3843
-4604
-5066
-5349
-5200
-4777
-4195
-3420
-2621
-1732
-1131
-696
-646
-982
-1484
-1913
-2552
-3384
-4037
-4523
-4592
-4268
-3702
-2956
-2277
-1354
-345
115
425
418
74
-301
-703
-1147
-1523
-1756
-1799
-1740
-1497
-1170
-555
180
859
1401
1690
1839
1567
1303
1138
927
806
828
907
1201
1642
2099
2482
2662
2460
1902
1300
718
184
-102
1
187
478
1267
2203
2891
3398
3625
3533
2927
2123
1203
170
-512
-679
-279
481
1419
2659
4035
5119
5800
6112
6262
5976
5321
4533
3617
2937
2418
1963
1844
2156
3152
4777
6426
7903
9070
9799
9701
8746
7241
5682
4114
2615
1307
376
-26
110
873
1974
3348
4597
5315
5636
5343
4762
3841
2579
1051
-312
-1464
-2223
-2514
-2198
-1485
-633
186
1069
1797
2235
2199
1943
1366
479
-463
-1530
-2570
-3374
-3747
-3828
-3662
-3003
-2063
-1092
-351
241
522
476
147
-336
-1012
-1799
-2451
-2942
-3083
-2960
-2669
-2322
-1827
-1177
-527
17
489
585
425
352
142
-190
-512
-646
-541
-395
-159
135
638
1287
1739
1736
1583
1468
1183
1043
975
703
486
285
162
249
331
409
556
535
604
679
798
752
736
704
460
-10
-662
-1463
-2378
-3128
-3886
-4613
-5146
-5297
-4964
-4427
-3861
-3256
-2631
-2008
-1663
-1414
-1390
-2003
-2677
-3319
-4061
-4613
-5204
-5708
-5607
-4942
-4250
-3428
-2535
-1869
-1402
-994
-848
-1077
-1517
-2084
-2662
-3383
-3866
-4031
-4024
-3913
-3604
-2955
-2180
-1610
-1180
-549
-61
128
126
-64
-421
-987
-1654
-2094
-2154
-1988
-1790
-1519
-653
246
924
1420
1681
1631
1355
974
410
-283
-884
-1308
-1490
-1268
-906
-293
276
683
1016
1220
1024
686
127
-777
-1527
-2332
-2909
-3205
-3112
-2769
-2358
-1772
-1193
-928
-938
-1079
-1410
-2507
-3743
-4994
-5828
-5796
-4860
-3439
-1810
-39
1198
1641
1415
809
-201
-1878
-3751
-5538
-6968
-7798
-7891
-7318
-6127
-4536
-2754
-1126
-14
392
225
-482
-1532
-2950
-4342
-5529
-6636
-7143
-6897
-5924
-4572
-3144
-1749
-616
216
660
487
-14
-886
-1957
-2919
-3832
-4512
-4753
-4466
-3898
-3125
-1928
-748
60
652
1191
1379
1179
482
-331
-1065
-1750
-2217
-2448
-2355
-2008
-1536
-1066
-630
-171
357
676
755
476
74
-340
-631
-908
-1181
-1265
-1265
-1103
-770
-399
-9
302
478
571
582
388
-115
-487
-734
-787
-772
-782
-740
-545
-313
-30
197
309
546
796
990
950
861
614
173
-400
-1230
-2173
-2888
-3282
-3603
-3722
-3406
-2774
-2106
-1303
-232
771
1522
1970
2066
1686
1132
539
-242
-800
-1129
-1156
-976
-506
330
1194
2042
2911
3560
4053
4085
3892
3634
3216
2716
2148
1757
1506
1403
1381
1544
1957
2465
2994
3576
3944
4047
4223
4187
3949
3598
3140
2783
2473
2384
2286
2440
2814
3235
3524
3615
3758
3821
3819
3650
3441
3266
3000
2839
2911
2976
3029
3066
2915
2761
2557
2415
2442
2393
2130
1787
1741
1683
1696
1663
1720
1823
1822
1760
1888
2124
2118
1873
1798
1789
1550
952
281
-68
9
581
1722
3043
4490
5758
6274
6037
5403
4522
3475
2274
1051
156
-403
-524
55
1096
2366
3651
4598
5369
5652
5363
4798
3935
2736
1375
311
-279
-630
-572
-62
834
1836
3034
4011
4641
4930
4732
4343
3634
2709
1761
878
80
-438
-342
112
746
1542
2362
3081
3669
3889
3816
3553
2983
2306
1574
904
257
-227
-288
79
484
896
1408
1799
2243
2594
2641
2361
1988
1607
1230
1010
733
403
401
509
663
960
1260
1568
1841
2063
1920
1637
1478
1310
1119
1009
1003
954
992
994
1183
1453
1626
1798
1974
2200
2242
2135
2161
1897
1362
638
-20
-668
-1534
-2111
-2452
-2722
-2738
-2524
-1996
-1247
-182
666
1307
1798
1864
1513
1129
650
-67
-903
-1503
-1785
-1825
-1623
-861
130
837
1471
2272
2839
2998
2949
2775
2306
1700
936
39
-522
-765
-545
-231
-79
269
820
1340
1828
2130
2188
2025
1657
1267
694
354
211
130
242
305
496
653
860
1093
1245
1338
1375
1339
1294
1123
869
724
506
166
177
257
371
478
450
415
412
311
116
-100
-384
-601
-860
-1113
-1113
-1006
-962
-1019
-854
-637
-493
-543
-627
-723
-995
-1509
-1882
-2218
-2068
-1342
-179
1402
2890
3955
4336
4053
3549
2566
1040
-546
-2054
-3422
-4320
-4554
-4239
-3312
-1812
-203
1267
2396
2981
3005
2665
1676
134
-1480
-3001
-4267
-4922
-5027
-4668
-3805
-2670
-1475
-367
613
1147
1174
775
157
-557
-1653
-2791
-3796
-4550
-4673
-4308
-3822
-2996
-1856
-803
-111
421
521
301
-10
-715
-1450
-2255
-2968
-3447
-3728
-3678
-3321
-2842
-2408
-1876
-1330
-987
-987
-1137
-1297
-1597
-1967
-2106
-2202
-2218
-2198
-1994
-1733
-1412
-946
-615
-372
-169
-56
-7
-70
-338
-730
-941
-1012
-833
-793
-751
-561
-289
-6
386
697
843
1010
1041
794
497
225
-477
-1417
-2307
-2986
-3551
-4056
-4280
-4242
-3838
-3223
-2559
-1654
-677
62
702
944
832
450
-154
-882
-1681
-2461
-2687
-2615
-2582
-2186
-1568
-677
281
1077
1624
1996
2121
1964
1529
924
274
-237
-803
-1119
-1269
-1038
-659
-246
224
820
1235
1517
1661
1583
1372
1181
979
641
339
170
225
452
524
789
1103
1404
1641
1652
1640
1641
1637
1523
1489
1414
1143
1027
1097
1312
1411
1282
1189
1377
1429
1154
719
358
216
228
153
-40
-157
-59
71
200
440
446
364
343
489
741
640
356
53
-287
-337
241
