-5048
-4756
-4381
-3935
-3529
-3515
-3646
-3773
-3993
-4181
-4569
-4900
-4816
-4475
-4498
-4260
-3906
-3681
-3336
-3140
-2929
-2806
-2831
-3041
-3251
-3446
-4100
-4943
-5888
-6849
-7571
-8050
-8214
-8260
-8174
-7651
-6903
-5987
-4895
-3926
-3260
-3121
-3270
-3724
-4376
-5074
-5860
-6514
-6844
-6932
-6860
-6514
-5635
-4516
-3473
-2593
-2130
-1939
-1836
-2199
-2662
-3158
-3806
-4519
-5051
-5273
-5320
-5008
-4457
-4009
-3717
-3305
-2771
-2373
-2348
-2829
-3585
-4371
-4951
-5319
-5498
-5292
-4471
-3243
-2006
-1163
-985
-1453
-2728
-4431
-6176
-7947
-9825
-11408
-11954
-11570
-10505
-9091
-7569
-6053
-4958
-4573
-4851
-5683
-6963
-8696
-10594
-12251
-13130
-13181
-12327
-10541
-7995
-5199
-2825
-906
589
1364
1328
541
-569
-1799
-3489
-5230
-6573
-7011
-6413
-4809
-2247
727
3505
5612
6640
6765
5939
4252
2179
-100
-2206
-4136
-5436
-5961
-5713
-4753
-3274
-1618
-108
803
935
508
-578
-2329
-4534
-6634
-8248
-9581
-10330
-10223
-9381
-7953
-6403
-5061
-4026
-3339
-3084
-3330
-4161
-5401
-6969
-8689
-10235
-11432
-12023
-11916
-11233
-10063
-8643
-7261
-6213
-5418
-4841
-4627
-4895
-5774
-7048
-8365
-9614
-10801
-11505
-11610
-11194
-10636
-9555
-8285
-6988
-5639
-4520
-3997
-3616
-3476
-3433
-3573
-3784
-3846
-4039
-3897
-3584
-2920
-2319
-1681
-1116
-812
-695
-822
-750
-684
-867
-1199
-1404
-1731
-1781
-1838
-1871
-1815
-1828
-1802
-1989
-2282
-2592
-2677
-2571
-2650
-2994
-3421
-4007
-4556
-5150
-5897
-6430
-6517
-6710
-6833
-6686
-6304
-5586
-4848
-4123
-3594
-3257
-3093
-3355
-3991
-4936
-5878
-6599
-7304
-7973
-8449
-8485
-8115
-7499
-6829
-6013
-5330
-4752
-4254
-3941
-3990
-4254
-4656
-4992
-5401
-5766
-5878
-5600
-4946
-4129
-3270
-2353
-1394
-594
-3
477
1003
1359
1574
1583
1434
1025
274
-595
-1589
-2630
-3662
-4599
-4798
-3990
-2228
-201
1684
3358
4618
5236
4910
3916
2506
545
-1470
-3182
-4484
-4817
-4092
-2504
-525
1484
3194
4534
5470
5742
5368
4242
2663
1081
-570
-1772
-2283
-2035
-842
886
2792
4634
5900
6552
6791
6545
6027
5671
5502
5646
5902
6122
6216
6192
6035
5622
4977
3993
2852
1550
220
-539
-700
-466
198
1037
2075
3166
3983
4378
4202
3659
2816
1752
512
-630
-1515
-2269
-2565
-2399
-1821
-1141
-467
254
856
1262
1357
1044
261
-711
-1703
-2626
-3370
-4123
-4586
-4660
-4550
-4267
-4156
-3838
-3582
-3512
-3550
-3715
-3938
-4344
-4657
-4993
-5023
-4820
-4729
-4546
-4257
-4010
-3707
-3444
-3344
-3513
-3584
-3717
-3752
-3956
-4489
-4699
-4414
-3881
-3614
-3421
-2924
-2182
-1644
-1418
-1131
-986
-1031
-1446
-1860
-2165
-2645
-3020
-3056
-3148
-3274
-3047
-2839
-2629
-2500
-2417
-2098
-1664
-1616
-1778
-2195
-3066
-4034
-5262
-6767
-8068
-9072
-9754
-10090
-10370
-10135
-9400
-8608
-7710
-6604
-5599
-4989
-4592
-4764
-5510
-6377
-7312
-8142
-8877
-9486
-9762
-9854
-9805
-9140
-8119
-7301
-6439
-5696
-5439
-5411
-5532
-5944
-6311
-6762
-7351
-7952
-8296
-8239
-7954
-7513
-6870
-6158
-5422
-4913
-4158
-3549
-3277
-3287
-3098
-2724
-2453
-2459
-2394
-2253
-1936
-1585
-1163
-694
-462
-318
-319
-210
-149
-323
-545
-903
-1014
-1073
-1018
-1024
-941
-890
-921
-961
-1117
-1103
-1122
-1351
-1654
-1856
-2082
-2222
-2256
-2276
-2314
-2371
-2374
-2298
-2204
-2061
-1891
-1797
-1894
-2153
-2739
-3516
-4071
-4261
-3797
-2650
-1319
-57
905
1381
1389
646
-583
-1931
-3547
-5201
-6654
-7575
-7965
-7518
-6553
-5343
-3853
-2563
-1527
-902
-926
-1495
-2676
-4088
-5344
-6820
-7899
-8640
-8748
-8154
-7235
-5992
-4768
-3746
-2830
-2021
-1769
-2206
-2892
-3728
-4837
-6081
-7318
-8133
-8256
-7751
-7026
-6193
-5207
-4171
-3216
-2779
-2581
-2649
-3060
-3589
-4175
-4859
-5590
-6255
-6692
-6789
-6496
-6000
-5364
-4897
-4533
-4251
-4053
-4051
-4376
-4883
-5258
-5677
-5901
-5973
-6122
-6175
-5944
-5502
-5025
-4943
-5038
-4976
-4934
-5068
-5246
-5533
-5874
-6071
-6150
-6132
-6126
-5956
-5800
-5652
-5420
-5262
-5085
-4960
-4742
-4650
-4708
-5026
-5607
-6352
-7165
-8059
-8939
-9700
-10266
-10709
-10850
-10458
-9731
-9049
-8043
-6849
-6034
-5467
-5146
-5259
-5846
-6498
-7211
-7946
-8708
-9247
-9454
-9192
-8379
-7385
-6515
-5788
-4992
-4014
-3372
-3273
-3391
-3748
-4257
-4636
-4998
-5369
-5487
-5480
-5283
-4932
-4410
-3799
-2981
-2150
-1630
-1354
-1203
-922
-916
-1061
-1255
-1249
-1071
-1011
-932
-817
-577
-13
302
519
784
1092
1427
1309
1161
1179
962
880
953
1058
1039
802
736
725
747
694
583
359
-10
-203
-338
-419
-511
-660
-611
-434
-287
-93
89
151
119
138
64
-231
-830
-1390
-1912
-2090
-1561
-298
1201
2804
4012
4576
4776
4420
3498
2237
956
-399
-1645
-2457
-3004
-3117
-2567
-1384
-15
1179
2197
2884
3028
2708
1853
697
-581
-1869
-3047
-3874
-4253
-3942
-3184
-2227
-1126
-95
617
1152
1583
1404
744
-219
-1258
-2311
-3398
-4266
-4544
-4386
-3731
-3025
-2217
-1420
-732
-236
-151
-284
-571
-1318
-2104
-2678
-3276
-3854
-4247
-4232
-3900
-3527
-3239
-2921
-2353
-1851
-1700
-1816
-1958
-2116
-2498
-2945
-3311
-3556
-3773
-3858
-3646
-3225
-3027
-2752
-2326
-2248
-2247
-2414
-2536
-2691
-2920
-2979
-3075
-3208
-3277
-3292
-3229
-2854
-2494
-2414
-2420
-2347
-2264
-2186
-2186
-2198
-2469
-3124
-3986
-4862
-5732
-6618
-7188
-7523
-7777
-7832
-7522
-6896
-5997
-5010
-4051
-3278
-2923
-3085
-3428
-4015
-4761
-5712
-6750
-7403
-7596
-7461
-7138
-6527
-5642
-4409
-3421
-2823
-2355
-2060
-2169
-2517
-2933
-3484
-4025
-4398
-4620
-4650
-4588
-4242
-3552
-2835
-2126
-1579
-1235
-722
-330
-189
-263
-592
-840
-951
-996
-912
-529
-374
-253
25
432
783
1145
1345
1308
1436
1612
1486
1314
1224
1194
1136
1213
1323
1269
1160
1105
1037
921
792
677
586
335
89
-20
-124
-113
-204
-294
-371
-226
-125
-184
-153
-99
-203
-527
-1134
-1836
-2106
-1809
-928
181
1703
3057
4021
4415
4240
3552
2356
954
-440
-1691
-2876
-3868
-4238
-3639
-2718
-1417
-120
1006
1921
2225
1885
1116
90
-1015
-2387
-3724
-4717
-5335
-5467
-4984
-3845
-2488
-1313
-441
141
442
420
-56
-946
-2183
-3376
-4343
-5065
-5372
-5312
-5045
-4488
-3712
-2868
-1969
-1280
-885
-983
-1316
-1693
-2381
-3387
-4419
-5170
-5603
-5726
-5580
-5190
-4682
-4033
-3429
-3153
-2986
-3049
-3081
-3417
-3810
-4231
-4609
-4938
-4967
-4988
-4945
-4626
-4318
-3822
-3495
-3222
-3100
-3173
-3444
-3821
-3884
-4067
-4387
-4542
-4495
-4499
-4349
-3951
-3664
-3634
-3631
-3562
-3540
-3402
-3378
-3517
-3754
-4447
-5258
-5824
-6695
-7583
-8427
-8990
-9063
-8966
-8564
-8007
-7256
-6375
-5437
-4643
-4259
-4223
-4574
-5077
-5768
-6524
-7366
-8062
-8499
-8510
-8115
-7555
-6719
-5556
-4445
-3685
-3156
-2871
-2768
-2910
-3369
-3772
-4281
-4823
-5148
-5299
-5420
-5142
-4532
-3613
-2720
-2051
-1589
-1238
-834
-647
-680
-822
-1022
-1052
-940
-987
-1037
-831
-470
-23
369
902
1268
1568
1795
1897
1756
1575
1530
1488
1462
1376
1370
1415
1523
1500
1376
1467
1544
1270
1107
1061
954
655
387
310
237
273
317
507
591
621
666
723
777
730
221
-722
-1791
-2445
-2871
-3016
-2408
-1339
-96
1089
1964
2300
2105
1425
598
-321
-1205
-1806
-2152
-2242
-1888
-1197
-78
1097
1930
2404
2559
2398
1747
806
-411
-1372
-2336
-3058
-3314
-3259
-2734
-1747
-595
644
1566
2288
2507
2330
2040
1460
568
-305
-1280
-1925
-2038
-2152
-1830
-1071
-264
483
1276
1849
2166
2203
1943
1392
683
-14
-727
-1516
-2085
-2062
-1777
-1459
-1013
-449
148
531
793
955
769
484
-57
-833
-1542
-2191
-2501
-2721
-2886
-2966
-2839
-2507
-2142
-1989
-2058
-2015
-2110
-2386
-2686
-2933
-3014
-3029
-3143
-3270
-3231
-3141
-3090
-2959
-2913
-2943
-2929
-2757
-2645
-2635
-2920
-3398
-4037
-4805
-5652
-6574
-7277
-7771
-8077
-8065
-7868
-7335
-6670
-5754
-4943
-4236
-3698
-3459
-3519
-3786
-4255
-5056
-5813
-6430
-6865
-6995
-6628
-5966
-5198
-4220
-3237
-2423
-1755
-1198
-986
-1038
-1282
-1557
-1745
-2159
-2797
-3133
-2989
-2734
-2372
-1778
-1166
-239
520
853
1003
1012
1149
1289
1163
1076
896
843
837
847
984
1308
1665
1845
2153
2461
2569
2618
2690
2649
2556
2429
2310
2216
1998
1899
1791
1791
1857
1856
1853
1751
1421
1081
1015
911
687
515
467
544
665
622
615
691
689
768
906
835
823
670
565
711
1176
2245
3910
5590
6757
7567
8002
7702
6525
4818
2801
689
-1413
-3279
-4443
-4772
-4378
-3204
-1324
882
2990
4682
5765
5987
5452
4443
2924
964
-1006
-2766
-4065
-4612
-4487
-3712
-2491
-1255
-76
1039
2001
2434
2190
1437
455
-878
-2358
-3855
-5193
-5795
-5688
-5304
-4748
-3770
-2526
-1530
-823
-440
-341
-705
-1231
-1848
-2535
-3359
-4097
-4523
-4880
-4989
-4918
-4819
-4517
-4058
-3577
-3349
-3346
-3407
-3556
-3880
-4194
-4392
-4267
-3946
-3589
-3183
-2541
-2160
-1902
-1639
-1541
-1477
-1570
-1881
-2203
-2460
-2588
-2796
-2676
-2373
-2203
-1899
-1454
-987
-713
-605
-580
-586
-528
-564
-898
-1542
-2344
-3080
-4120
-4978
-5783
-6386
-6593
-6568
-6293
-5707
-4870
-4097
-3392
-2615
-1887
-1534
-1569
-2132
-2834
-3580
-4471
-5483
-6188
-6545
-6620
-6347
-5791
-4888
-4107
-3276
-2508
-1999
-1787
-1841
-2272
-3008
-3627
-4033
-4531
-5046
-5365
-5269
-4864
-4293
-3623
-2893
-2213
-1580
-1054
-663
-520
-606
-768
-853
-885
-950
-986
-763
-375
-95
64
418
843
1179
1514
1774
1852
1932
1936
1847
1800
1895
1876
1767
1834
2008
2055
2027
1943
1866
1647
1337
1232
1356
1324
1188
1087
1051
1128
1331
1381
1383
1460
1549
1659
1722
1400
977
383
-303
-1030
-1485
-1116
-186
816
1921
2896
3194
2953
2444
1572
406
-875
-2133
-3034
-3506
-3300
-2574
-1443
-136
1262
2507
3243
3435
3167
2426
1097
-507
-2051
-3321
-4361
-4956
-4942
-4237
-2964
-1644
-548
485
1284
1728
1908
1779
1122
130
-1035
-2007
-2629
-2886
-2861
-2627
-1977
-1052
31
891
1543
1915
1899
1911
1448
721
-105
-847
-1389
-1811
-2053
-2070
-1706
-1192
-599
-40
395
695
959
1053
752
208
-226
-575
-958
-1262
-1393
-1428
-1306
-954
-846
-772
-774
-1041
-1370
-1571
-1664
-1792
-1817
-2079
-2236
-2205
-2288
-2237
-2239
-2336
-2255
-2047
-1826
-1658
-1668
-1915
-2103
-2465
-2968
-3596
-4410
-5449
-6395
-7289
-7677
-7779
-7635
-7230
-6633
-5873
-4945
-4032
-3250
-2768
-2793
-3154
-3471
-3986
-4850
-5676
-6344
-6719
-6778
-6530
-5721
-4634
-3575
-2565
-1759
-1055
-548
-413
-596
-777
-1133
-1715
-2170
-2505
-2560
-2279
-2033
-1519
-819
-49
625
1121
1626
2122
2265
2380
2235
2031
2072
2170
2032
1932
2109
2434
2730
3018
3191
3505
3853
4054
4092
4052
3945
3796
3624
3555
3492
3309
3134
3145
3196
3125
2900
2788
2754
2523
2297
2214
2013
1856
1757
1691
1770
1898
1878
1785
1625
1619
1758
1941
1886
1483
829
153
-240
-123
480
1521
2884
4347
5462
6000
6036
5508
4520
3370
2139
844
-595
-1555
-1757
-1278
-376
864
2191
3531
4405
4852
4941
4570
3708
2447
1235
-33
-1183
-1695
-1780
-1419
-734
283
1239
2233
3091
3520
3505
3064
2389
1492
589
-460
-1462
-2150
-2141
-1973
-1472
-625
282
1160
1881
2211
2138
1813
1374
773
155
-539
-1272
-1870
-2155
-2339
-2206
-1852
-1354
-823
-513
-156
-1
-93
-296
-722
-1254
-1656
-2036
-2337
-2409
-2253
-2083
-1824
-1432
-1092
-920
-820
-835
-880
-1010
-1200
-1455
-1766
-2010
-2103
-1855
-1770
-1552
-1258
-986
-863
-845
-743
-632
-656
-599
-833
-1333
-1853
-2719
-3542
-4206
-4966
-5726
-6010
-5904
-5589
-5197
-4617
-3713
-2827
-2269
-1671
-1110
-1142
-1551
-2403
-3373
-4049
-4795
-5214
-5176
-5071
-4684
-3982
-3157
-2210
-1250
-587
-186
54
-41
-359
-848
-1552
-2123
-2507
-2573
-2664
-2563
-2104
-1433
-713
-58
442
1073
1510
1732
1678
1649
1633
1308
1002
890
1071
1496
1840
2024
2221
2537
2974
3219
3440
3552
3528
3340
3135
3116
3104
3001
2881
2949
2896
2751
2715
2810
2975
2836
2730
2564
2348
2156
1936
1842
1884
2003
2072
2099
2185
2277
2266
2327
2306
2217
2009
1511
901
483
316
641
1610
3041
4553
5878
6610
6669
6217
5296
4078
2764
1486
325
-548
-1058
-1008
-454
412
1480
2783
3954
4597
4650
4349
3563
2401
1021
-204
-1351
-2223
-2503
-2213
-1534
-597
431
1338
1956
2440
2779
2809
2350
1541
370
-915
-1896
-2414
-2641
-2724
-2112
-1263
-486
353
949
1471
1769
1733
1430
882
37
-889
-1565
-2124
-2336
-2440
-2409
-2222
-1786
-1173
-552
-140
38
3
-357
-547
-860
-1360
-1681
-1898
-2056
-1969
-1569
-1112
-845
-655
-438
-334
-259
-280
-456
-755
-1035
-1228
-1315
-1430
-1529
-1383
-1065
-959
-897
-646
-509
-586
-526
-288
-257
-391
-592
-1216
-2151
-3191
-4042
-4740
-5401
-5882
-6066
-5937
-5515
-4755
-3871
-3065
-2413
-1821
-1483
-1524
-1838
-2359
-2906
-3467
-4229
-4852
-5246
-5261
-4775
-4118
-3265
-2282
-1461
-934
-449
-27
26
-322
-655
-1061
-1556
-1889
-2118
-2332
-2258
-1886
-1263
-472
102
694
1341
1765
2169
2237
2111
1971
1824
1649
1652
1780
1920
2164
2481
3010
3267
3367
3587
3830
4101
4224
4270
4198
3987
3803
3781
3876
3854
3745
3609
3525
3481
3339
3267
3232
3030
2964
2817
2650
2448
2299
2421
2599
2590
2461
2487
2600
2661
2658
2637
2444
1995
1432
870
493
711
1501
2860
4503
5807
6552
6829
6532
5761
4588
3297
2079
813
-204
-873
-985
-418
657
2004
3226
4171
4702
4921
4739
4035
3139
2074
830
-456
-1624
-2199
-2064
-1541
-620
572
1777
2496
3079
3394
3454
3121
2411
1426
227
-818
-1631
-2050
-1900
-1554
-1064
-267
538
1407
2181
2566
2618
2228
1523
796
138
-570
-1167
-1407
-1505
-1507
-1280
-852
-270
217
577
902
799
514
358
62
-389
-919
-1326
-1384
-1398
-1108
-727
-539
-308
-178
-41
217
336
89
-209
-330
-552
-805
-915
-838
-734
-630
-327
-152
-59
198
358
509
531
422
199
-186
-731
-1325
-2219
-3008
-3721
-4478
-4929
-5105
-5126
-4919
-4376
-3527
-2546
-1606
-950
-682
-535
-618
-1005
-1799
-2657
-3287
-3894
-4445
-4511
-4229
-3569
-2918
-1985
-1067
-284
309
524
553
361
61
-412
-979
-1410
-1748
-1922
-1695
-1420
-1001
-261
398
927
1389
1683
1959
2093
1882
1405
1004
870
1008
1150
1412
1620
1962
2340
2554
2581
2065
1296
644
212
47
89
201
815
1599
2336
3044
3531
3726
3684
3103
2264
1224
196
-397
-600
-325
497
1520
2665
3918
5169
5993
6430
6493
6206
5457
4452
3615
2983
2350
2109
2289
2752
3671
5056
6709
8363
9542
10003
9769
8971
7754
6113
4289
2669
1376
404
81
274
1071
2224
3318
4397
5224
5634
5454
4877
3965
2691
1304
-153
-1220
-1823
-2294
-2396
-1730
-612
535
1414
2030
2385
2431
2283
1751
807
-447
-1480
-2253
-3037
-3647
-3650
-3063
-2300
-1665
-1002
-231
319
591
476
307
-60
-786
-1553
-2086
-2573
-2886
-2850
-2622
-2179
-1456
-578
37
427
756
946
1054
1031
702
179
-147
-187
-26
297
630
879
1199
1567
1964
2102
2086
1989
1823
1646
1346
992
863
887
917
830
890
1069
1187
1174
1232
1284
1188
1191
1131
967
761
318
-325
-1226
-2147
-3039
-3845
-4478
-4835
-4716
-4585
-4190
-3358
-2577
-1957
-1371
-905
-656
-835
-1393
-2042
-2735
-3530
-4281
-4761
-4995
-4916
-4554
-3995
-3189
-2304
-1394
-739
-370
-323
-556
-1135
-1743
-2420
-2966
-3360
-3626
-3830
-3734
-3367
-2714
-1871
-1182
-591
-99
128
197
225
64
-129
-369
-686
-1185
-1670
-1771
-1420
-856
-208
520
1176
1753
2067
2149
1972
1548
942
299
-282
-812
-845
-753
-505
-44
530
1089
1309
1395
1299
1098
530
-315
-997
-1773
-2411
-2868
-2906
-2479
-1933
-1397
-1160
-978
-846
-876
-1253
-2000
-3180
-4470
-5235
-5202
-4290
-2859
-1170
360
1477
1979
1877
1124
-228
-2002
-3704
-5327
-6787
-7527
-7533
-7164
-5921
-4072
-2228
-757
74
546
556
-98
-1371
-2937
-4520
-5761
-6473
-6544
-6223
-5471
-4515
-3239
-1682
-502
305
735
700
207
-474
-1452
-2707
-3789
-4429
-4509
-4315
-3704
-2684
-1446
-626
99
863
1427
1561
1151
584
-135
-914
-1582
-2060
-2270
-2188
-2045
-1653
-897
-287
20
308
710
844
680
261
-291
-738
-945
-990
-1084
-1154
-1142
-839
-468
-132
68
318
423
309
207
-29
-262
-617
-953
-1024
-983
-811
-407
16
218
426
692
895
867
895
1003
911
664
157
-657
-1560
-2407
-3113
-3585
-3762
-3820
-3624
-2931
-2007
-1127
-311
556
1315
1744
1864
1631
1247
734
27
-610
-1001
-1229
-1028
-534
108
1107
1986
2745
3378
3931
4245
4318
3860
3321
2791
2195
1769
1507
1311
1402
1690
2156
2632
3244
3778
4233
4262
4037
3810
3685
3575
3374
3066
2757
2581
2571
2638
2893
3074
3366
3712
3846
3875
3764
3424
3230
3265
3183
2954
2830
2698
2802
2816
2835
2867
2758
2461
2490
2474
2318
2070
1744
1582
1550
1459
1428
1624
1788
1787
1762
1700
1850
1972
2063
2042
1608
943
360
92
417
1176
2361
3888
5358
6342
6605
6235
5530
4754
3727
2323
1007
107
-375
-455
-144
784
2149
3682
4806
5589
5783
5634
5008
3966
2896
1746
701
-211
-897
-841
-215
836
1873
2825
3688
4308
4623
4651
4320
3556
2625
1542
528
-339
-770
-634
-332
167
973
1899
2820
3345
3490
3394
3305
2948
2164
1260
554
48
-306
-424
-366
2
470
990
1528
1901
2245
2290
2097
1624
1169
751
479
304
-22
-91
235
640
1075
1425
1667
1825
1919
1975
1893
1790
1556
1292
1256
1253
1091
1224
1499
1768
1882
1964
2147
2334
2485
2570
2614
2533
2260
1793
1314
683
-247
-1028
-1765
-2457
-2597
-2324
-1842
-1142
-413
341
1122
1641
1887
1999
1950
1443
813
233
-466
-1106
-1561
-1599
-1331
-776
-112
827
1681
2205
2631
2873
2896
2572
2055
1374
754
147
-326
-536
-629
-470
-118
404
1000
1421
1651
1830
1833
1790
1765
1553
1157
761
426
358
381
539
729
822
989
1363
1655
1497
1448
1422
1393
1093
799
727
770
844
832
706
627
503
514
738
696
507
257
-1
-166
-290
-428
-558
-794
-821
-700
-641
-462
-180
-225
-490
-664
-767
-1034
-1464
-1994
-2412
-2485
-1962
-888
687
2286
3411
3971
4144
3687
2567
1107
-215
-1560
-2803
-3443
-3758
-3593
-2911
-1624
-209
1010
1900
2489
2576
2179
1227
-117
-1655
-2860
-3709
-4383
-4529
-4126
-3251
-2276
-1156
19
805
1267
1480
1193
595
-366
-1473
-2501
-3444
-4019
-4083
-3759
-3112
-2606
-1884
-767
172
652
847
807
477
-271
-1163
-1966
-2508
-2851
-3076
-3030
-2679
-2320
-1674
-1032
-627
-388
-201
-219
-477
-864
-1259
-1662
-2050
-2178
-2220
-2095
-1635
-1123
-591
-204
-22
103
130
53
-150
-491
-771
-794
-717
-689
-757
-656
-423
-40
354
582
572
681
885
808
593
231
-106
-564
-1298
-2056
-2960
-3693
-4132
-4263
-4253
-4059
-3549
-2766
-1761
-832
-100
549
842
686
172
-556
-1180
-1770
-2370
-2758
-2802
-2723
-2200
-1452
-598
375
1269
1713
2014
2272
2171
1721
1139
547
-3
-589
-1028
-1207
-864
-418
77
572
987
1471
1755
1808
1735
1574
1252
938
690
410
281
336
347
446
607
826
1304
1707
1820
1861
1930
1871
1645
1477
1410
1229
1021
999
1026
1094
1136
1167
1143
957
814
631
432
215
177
134
0
-30
-55
-23
110
221
309
377
331
291
333
288
-21
-418
-282
187
848
