-5113
-4665
-4080
-3818
-3827
-3747
-3764
-3913
-4224
-4577
-4717
-4749
-4841
-4761
-4554
-4444
-4257
-3960
-3633
-3511
-3403
-3225
-3222
-3506
-3759
-4031
-4612
-5354
-6355
-7295
-7900
-8397
-8753
-8785
-8382
-7659
-6833
-6043
-5382
-4544
-3616
-3178
-3359
-3819
-4516
-5338
-6217
-6840
-7093
-7073
-6873
-6393
-5400
-4264
-3320
-2608
-2121
-1617
-1518
-1940
-2468
-2915
-3522
-4148
-4817
-5405
-5452
-5085
-4581
-4044
-3635
-3102
-2570
-2424
-2469
-2742
-3533
-4458
-5087
-5375
-5252
-4861
-4293
-3389
-2223
-1264
-1063
-1633
-2677
-4211
-6098
-7876
-9819
-11496
-12115
-11958
-10851
-9210
-7570
-6160
-5147
-4604
-4781
-5649
-7232
-9064
-10780
-12176
-13074
-13137
-12343
-10787
-8524
-5802
-3195
-1053
482
1330
1296
527
-585
-2110
-3649
-5055
-6304
-6861
-6301
-4477
-1955
892
3600
5720
6808
6874
6105
4487
2442
79
-2179
-4064
-5541
-6306
-6011
-4740
-3091
-1469
-88
762
1005
515
-672
-2222
-4030
-6162
-8217
-9704
-10583
-10690
-9853
-8448
-6952
-5295
-3817
-3071
-2882
-3211
-4090
-5354
-6935
-8689
-10261
-11469
-12024
-12011
-11510
-10404
-9015
-7661
-6443
-5292
-4643
-4649
-5175
-6101
-7303
-8524
-9882
-10887
-11348
-11783
-11678
-10901
-9708
-8439
-7168
-6059
-5103
-4475
-3966
-3742
-3679
-3581
-3744
-3817
-3869
-3678
-3209
-2946
-2558
-1913
-1351
-1043
-879
-669
-478
-636
-983
-1429
-1698
-1893
-2139
-2175
-2170
-2107
-2019
-2120
-2227
-2311
-2401
-2582
-2923
-3278
-3366
-3538
-4204
-5049
-5614
-6106
-6665
-7092
-7227
-7117
-6902
-6488
-5903
-5243
-4587
-3925
-3359
-3136
-3386
-3996
-4878
-5748
-6746
-7705
-8383
-8666
-8838
-8688
-7877
-6874
-6028
-5391
-4758
-4184
-3810
-3909
-4264
-4680
-5231
-5664
-5828
-5760
-5656
-5243
-4521
-3732
-2995
-2006
-1008
-161
452
917
1055
1229
1315
1152
638
-11
-880
-1978
-2926
-3991
-4806
-4809
-3909
-2147
-261
1595
3152
4437
5129
4914
4059
2568
655
-1281
-2967
-3921
-4214
-3843
-2527
-568
1504
3341
4816
5833
6056
5367
3962
2486
993
-492
-1712
-2286
-1939
-804
958
3087
4942
6132
6744
6836
6529
6229
5860
5807
6146
6522
6766
6743
6536
6275
5813
4986
3859
2616
1426
430
-469
-782
-398
235
1078
2230
3379
4201
4463
4323
3940
3084
1865
519
-781
-1727
-2304
-2488
-2341
-1958
-1300
-468
467
1263
1620
1524
956
205
-665
-1537
-2551
-3549
-4269
-4672
-4952
-4679
-4278
-3979
-3754
-3604
-3353
-3259
-3373
-3568
-3910
-4292
-4527
-4824
-4884
-4777
-4508
-4229
-3883
-3707
-3479
-3336
-3398
-3537
-3744
-3909
-4175
-4241
-4147
-4112
-3969
-3607
-3009
-2347
-1934
-1459
-1055
-807
-752
-1017
-1360
-1701
-2203
-2648
-2818
-3112
-3299
-3268
-3182
-2920
-2673
-2462
-2315
-2235
-2112
-2025
-2153
-2544
-3280
-4365
-5852
-7311
-8443
-9491
-10383
-11075
-11242
-10785
-9958
-8993
-7908
-6900
-5963
-5119
-4746
-4914
-5512
-6249
-7120
-8151
-9255
-9887
-10077
-9752
-9466
-8960
-8092
-7146
-6429
-5937
-5529
-5331
-5514
-5972
-6360
-6974
-7635
-8202
-8488
-8367
-8120
-7746
-7129
-6325
-5525
-4949
-4423
-3758
-3244
-2997
-3013
-3033
-2713
-2461
-2321
-2011
-1661
-1447
-1181
-758
-308
-112
36
246
127
-166
-424
-513
-779
-1137
-1174
-914
-821
-850
-899
-1044
-1093
-1270
-1325
-1412
-1804
-2169
-2490
-2662
-2800
-2641
-2592
-2654
-2533
-2259
-2047
-1906
-2005
-2001
-1903
-2144
-2760
-3413
-3968
-4009
-3563
-2579
-1210
127
1033
1590
1433
639
-492
-2053
-3527
-4885
-6242
-7469
-8081
-7803
-6761
-5410
-3895
-2579
-1652
-1077
-971
-1431
-2400
-3929
-5620
-7108
-8254
-8814
-8873
-8382
-7367
-6076
-4781
-3701
-2723
-2085
-1968
-2222
-2900
-3902
-4979
-6199
-7296
-8040
-8450
-8257
-7515
-6513
-5524
-4534
-3744
-3315
-3020
-2842
-2970
-3655
-4583
-5434
-6181
-6785
-7077
-7026
-6855
-6637
-6101
-5368
-4732
-4596
-4515
-4432
-4537
-4926
-5543
-6089
-6498
-6887
-6843
-6535
-6224
-5950
-5618
-5330
-5055
-4954
-5217
-5420
-5505
-5755
-5976
-6266
-6534
-6443
-6409
-6464
-6339
-5914
-5438
-5176
-5150
-5071
-4871
-4924
-5117
-5416
-5894
-6701
-7686
-8693
-9674
-10257
-10788
-10996
-10799
-10500
-10015
-9185
-8186
-7223
-6436
-5839
-5584
-5772
-6316
-6910
-7712
-8699
-9371
-9738
-9773
-9605
-8933
-7896
-6945
-6086
-5123
-4240
-3676
-3561
-3691
-3948
-4345
-5009
-5528
-5962
-6109
-5928
-5656
-5216
-4599
-3921
-3122
-2394
-1783
-1428
-1241
-1164
-1256
-1364
-1585
-1631
-1539
-1340
-1206
-1108
-666
-150
132
361
506
726
932
1050
1103
1056
822
647
565
524
423
311
171
130
81
-69
-138
-174
-394
-759
-970
-939
-1009
-1134
-1101
-968
-685
-444
-353
-391
-325
-206
-149
-453
-870
-1490
-2192
-2239
-1434
-371
852
2283
3591
4417
4645
4374
3457
2248
899
-596
-2007
-3022
-3588
-3610
-3078
-1860
-346
1002
2069
2694
2821
2370
1567
455
-826
-2253
-3578
-4497
-4872
-4737
-4018
-2774
-1508
-378
411
990
1248
1068
512
-412
-1518
-2687
-3760
-4507
-4842
-4846
-4383
-3468
-2526
-1795
-1063
-424
-42
-197
-735
-1506
-2236
-2868
-3590
-4320
-4775
-4779
-4571
-4180
-3519
-2935
-2603
-2119
-1810
-1756
-1880
-2205
-2614
-3029
-3648
-4104
-4213
-4076
-3728
-3454
-2948
-2456
-2132
-2084
-2222
-2201
-2388
-2706
-2955
-3095
-3192
-3248
-3478
-3418
-3047
-2622
-2391
-2369
-2280
-2196
-2229
-2311
-2349
-2455
-2728
-3345
-4357
-5407
-6324
-7218
-7812
-8132
-8288
-8192
-7771
-6964
-6024
-5191
-4315
-3491
-3121
-3238
-3596
-4129
-4866
-5762
-6654
-7207
-7458
-7471
-7232
-6588
-5560
-4455
-3628
-2952
-2408
-2089
-2031
-2354
-2874
-3401
-3893
-4379
-4683
-4861
-4697
-4155
-3644
-2964
-2106
-1530
-1057
-487
-242
-235
-367
-591
-663
-677
-611
-607
-733
-762
-343
90
595
1129
1377
1523
1717
1860
1838
1690
1623
1557
1360
1176
1184
1253
1302
1258
1106
1109
1144
967
569
187
235
239
62
-38
-39
-14
27
12
62
133
146
186
97
-185
-455
-1029
-1646
-2003
-1745
-794
470
1867
3218
4185
4579
4340
3719
2667
1195
-453
-1886
-3026
-3842
-4043
-3479
-2493
-1234
260
1542
2273
2576
2337
1607
485
-919
-2413
-3667
-4768
-5459
-5507
-4960
-3973
-2593
-1332
-442
221
477
494
156
-663
-1738
-2829
-4073
-4982
-5401
-5348
-4975
-4323
-3586
-2698
-1805
-1185
-870
-1090
-1537
-1835
-2377
-3147
-4128
-4868
-5360
-5525
-5487
-5260
-4637
-4184
-3826
-3288
-2963
-2870
-2960
-3298
-3564
-3961
-4514
-5018
-5151
-4795
-4460
-4367
-4228
-3915
-3581
-3456
-3422
-3411
-3553
-3845
-4154
-4469
-4604
-4727
-4745
-4606
-4388
-4187
-4025
-3805
-3933
-3962
-3809
-3743
-3552
-3501
-3925
-4706
-5627
-6496
-7463
-8357
-9195
-9693
-9936
-9731
-9398
-8673
-7635
-6667
-5940
-5140
-4608
-4662
-4976
-5469
-6127
-6925
-7683
-8389
-8707
-8833
-8710
-8155
-7149
-6029
-4898
-4071
-3551
-3284
-3364
-3498
-3803
-4475
-5071
-5533
-5935
-6156
-6022
-5578
-4908
-4278
-3591
-2828
-2192
-1682
-1416
-1172
-1132
-1273
-1525
-1725
-1860
-1859
-1641
-1450
-1205
-934
-524
-7
414
683
741
674
691
743
693
577
526
557
469
343
414
564
598
594
418
170
-42
-191
-344
-472
-618
-824
-803
-808
-843
-764
-594
-386
-349
-446
-438
-511
-991
-1733
-2605
-3479
-4165
-4191
-3567
-2320
-969
155
1041
1384
1165
659
-160
-1165
-2075
-2895
-3377
-3382
-3051
-2302
-1177
23
960
1562
1666
1291
612
-223
-1265
-2453
-3520
-4084
-4416
-4338
-3765
-2677
-1335
-157
795
1430
1788
1763
1350
636
-334
-1350
-2206
-2874
-3239
-3315
-3008
-2307
-1407
-297
582
1228
1509
1317
870
455
-118
-839
-1600
-2268
-2685
-2969
-2827
-2293
-1656
-1044
-542
-153
101
104
-64
-373
-1093
-1804
-2214
-2480
-2756
-2984
-3194
-3287
-3294
-3102
-2680
-2308
-2305
-2479
-2750
-2892
-3090
-3523
-3773
-3731
-3641
-3693
-3809
-3651
-3343
-3171
-3154
-3202
-3211
-3009
-3061
-3289
-3555
-3815
-4308
-5313
-6220
-6949
-7553
-8193
-8610
-8596
-8190
-7523
-6740
-5894
-4895
-4189
-3735
-3560
-3537
-3731
-4342
-5170
-5993
-6662
-7023
-7029
-6726
-6005
-5208
-4295
-3424
-2698
-1826
-1186
-846
-774
-1085
-1507
-2198
-2756
-2989
-2962
-2889
-2774
-2212
-1471
-736
-50
663
1260
1536
1784
1788
1469
1247
1149
1014
766
713
990
1134
1334
1527
1941
2387
2654
2808
2880
2898
2922
2631
2378
2265
2111
2199
2228
2059
1915
1926
1999
1980
1829
1608
1521
1334
950
647
540
500
497
463
483
557
685
841
1076
1160
1122
1092
802
715
1002
1719
2914
4318
5859
7214
8173
8524
8127
7071
5449
3561
1408
-825
-2552
-3679
-4068
-3692
-2664
-929
1238
3294
5021
6236
6436
6029
5063
3510
1566
-355
-2101
-3630
-4564
-4649
-4012
-2858
-1373
154
1409
2197
2619
2412
1831
831
-423
-1641
-3020
-4353
-5180
-5428
-5264
-4556
-3501
-2412
-1325
-364
231
359
67
-450
-1188
-1991
-2947
-3775
-4298
-4640
-4871
-4931
-4506
-4046
-3681
-3224
-2930
-3097
-3135
-3079
-3277
-3408
-3474
-3543
-3367
-3036
-2658
-2263
-2046
-1732
-1462
-1321
-1347
-1402
-1495
-1640
-1837
-2166
-2293
-2151
-1919
-1616
-1417
-1104
-776
-518
-479
-422
-348
-368
-487
-802
-1347
-1997
-2932
-4113
-5171
-6017
-6642
-6911
-6930
-6596
-5954
-5143
-4143
-3071
-2206
-1809
-1714
-1658
-2120
-3030
-3922
-4711
-5443
-5968
-6505
-6725
-6415
-5867
-4976
-4081
-3358
-2511
-2058
-1784
-1666
-2082
-2801
-3485
-4171
-4715
-4963
-5083
-4982
-4671
-4232
-3537
-2660
-1848
-1154
-847
-574
-316
-331
-593
-754
-914
-1030
-1002
-985
-766
-417
-101
309
934
1447
1644
1767
1843
1869
1877
1717
1727
1676
1479
1508
1565
1658
1664
1578
1482
1303
1175
1110
842
547
544
426
140
116
348
583
801
873
938
942
970
936
771
388
-376
-1087
-1525
-1779
-1633
-818
283
1409
2246
2652
2569
2050
1077
-213
-1428
-2627
-3663
-4169
-4157
-3573
-2429
-995
519
1739
2761
3061
2644
1901
890
-465
-2219
-3774
-4994
-5464
-5455
-4984
-3859
-2452
-1069
239
1217
1641
1760
1564
804
-202
-1274
-2282
-3049
-3548
-3497
-2987
-2348
-1457
-454
461
1265
1588
1614
1431
971
343
-533
-1337
-2010
-2698
-2945
-2760
-2399
-1963
-1362
-771
-284
86
372
400
137
-217
-663
-997
-1220
-1498
-1701
-1973
-1939
-1818
-1756
-1463
-1266
-1259
-1321
-1552
-1978
-2372
-2644
-2848
-2887
-2896
-2974
-2946
-2732
-2500
-2423
-2472
-2344
-2072
-2001
-2330
-2482
-2622
-3258
-4170
-4974
-5674
-6486
-7440
-7998
-8373
-8329
-7829
-6980
-6119
-5091
-4044
-3336
-2868
-2639
-3046
-3706
-4427
-5068
-5717
-6306
-6630
-6546
-6166
-5482
-4541
-3599
-2654
-1808
-997
-381
-71
-224
-738
-1342
-1739
-2070
-2516
-2573
-2356
-2010
-1505
-852
-119
507
1152
1744
2241
2504
2526
2520
2329
2114
1899
1766
1803
2017
2327
2650
2935
3340
3683
3782
3897
3878
3988
4027
3841
3690
3582
3398
3465
3272
2992
3084
3147
3072
2953
2816
2686
2496
2261
1978
1741
1782
1840
1727
1698
1792
1949
1986
2030
1969
1871
1630
1197
739
334
-93
-218
320
1577
3149
4480
5582
6318
6336
5823
4834
3701
2275
876
-371
-1259
-1527
-1299
-476
845
2239
3614
4648
5092
5083
4653
3756
2466
1096
-142
-1191
-1801
-2093
-1778
-839
324
1446
2427
3334
3950
3969
3426
2687
1893
741
-403
-1407
-1947
-1926
-1680
-1274
-517
460
1279
1891
2235
2354
2189
1677
1046
253
-624
-1435
-1874
-2096
-2132
-2084
-1780
-1202
-687
-239
-65
-83
-92
-271
-664
-1089
-1375
-1768
-2157
-2206
-2119
-1857
-1427
-899
-504
-493
-568
-666
-805
-988
-1127
-1351
-1681
-1815
-1880
-1764
-1661
-1582
-1301
-1081
-961
-679
-539
-340
-293
-541
-855
-1390
-1887
-2541
-3545
-4548
-5260
-5619
-6007
-6287
-6092
-5539
-4686
-3797
-2952
-2138
-1557
-1192
-1262
-1576
-2290
-3277
-4183
-4797
-5217
-5349
-5055
-4557
-3815
-2894
-2031
-1189
-616
-223
-53
-102
-433
-963
-1549
-2106
-2614
-2889
-2997
-2730
-2194
-1580
-797
-89
583
953
1143
1287
1297
1248
1134
1016
823
607
592
879
1207
1504
1700
2079
2516
2665
2917
3019
2836
2681
2573
2625
2595
2366
2276
2253
2313
2320
2310
2299
2226
2218
2094
1830
1550
1491
1447
1201
1082
1048
1104
1387
1752
1800
1692
1675
1622
1681
1522
1079
491
-209
-415
-26
977
2436
3860
5143
6077
6389
6008
5040
3822
2440
1144
-210
-1390
-1887
-1782
-1253
-153
1280
2510
3400
4049
4325
3976
3185
1983
533
-801
-1942
-2795
-3171
-2994
-2448
-1456
-158
966
1792
2372
2486
2129
1618
856
-349
-1558
-2521
-3086
-3352
-3306
-2992
-2298
-1315
-334
478
1014
1294
1106
832
407
-367
-1334
-2041
-2647
-2998
-3170
-3062
-2597
-1981
-1440
-1054
-784
-474
-437
-584
-793
-1285
-1738
-2131
-2320
-2267
-2018
-1765
-1595
-1390
-1109
-924
-687
-512
-593
-919
-1247
-1361
-1496
-1692
-1802
-1792
-1638
-1384
-1114
-911
-865
-733
-703
-602
-499
-731
-936
-1269
-2064
-2812
-3549
-4300
-5156
-5943
-6491
-6649
-6421
-5945
-5228
-4291
-3313
-2437
-1891
-1562
-1476
-1800
-2347
-3126
-3911
-4521
-5138
-5495
-5418
-4905
-4113
-3394
-2533
-1672
-1050
-447
3
34
-143
-651
-1248
-1674
-2017
-2356
-2401
-2147
-1794
-1322
-614
35
657
1222
1695
2014
2279
2400
2193
1888
1771
1837
1943
2068
2375
2584
2777
3156
3424
3789
4146
4328
4251
4209
4364
4278
4130
3899
3735
3774
3832
3831
3662
3547
3604
3568
3381
3198
2959
2806
2728
2701
2582
2347
2412
2689
2768
2760
2717
2872
2883
2752
2583
2284
1811
1281
844
953
1875
3098
4619
5962
6890
7393
7107
6344
5149
3725
2428
1323
257
-581
-822
-369
707
1841
3089
4351
5182
5564
5318
4558
3571
2476
1134
-204
-1298
-1776
-1866
-1410
-368
840
1843
2600
3229
3592
3566
3338
2887
1985
645
-419
-1020
-1439
-1641
-1444
-803
180
1020
1803
2356
2611
2752
2360
1755
1119
260
-513
-967
-1278
-1498
-1433
-1078
-686
-181
364
701
860
962
920
676
339
-86
-485
-720
-859
-950
-830
-597
-334
197
556
666
564
604
586
321
-87
-449
-642
-637
-576
-456
-242
-92
-36
149
343
487
440
421
372
158
-131
-618
-1488
-2390
-3086
-3939
-4671
-5159
-5290
-5348
-5077
-4286
-3276
-2262
-1542
-789
-302
-330
-707
-1297
-1818
-2462
-3321
-4038
-4306
-4158
-3970
-3580
-2810
-1716
-581
222
721
911
874
822
506
-69
-644
-1052
-1554
-1900
-1860
-1619
-991
-313
441
1221
1621
1888
2038
2238
2097
1708
1377
1066
1015
1069
1382
1936
2395
2642
2675
2460
2073
1500
705
263
169
280
682
1131
1705
2462
3147
3554
3656
3457
2989
2214
1250
508
-38
-265
34
765
1826
2889
4043
5142
5988
6375
6420
6070
5395
4547
3586
2921
2447
2082
2016
2582
3761
5310
6743
8100
9279
10068
10036
9137
7719
6121
4537
2886
1442
582
234
428
1148
2123
3310
4462
5440
5804
5664
5052
4059
2855
1479
195
-990
-1900
-2320
-2259
-1713
-797
247
1084
1843
2358
2602
2472
1920
950
-48
-1134
-2262
-3160
-3818
-3767
-3277
-2721
-1997
-1090
-238
245
520
688
526
53
-572
-1299
-2097
-2875
-3235
-3239
-2961
-2381
-1595
-851
-311
276
670
823
727
528
237
25
-83
-11
-19
-33
207
624
1043
1483
1751
1930
1950
1903
1719
1389
1087
1009
829
578
660
865
968
1103
1283
1374
1301
1212
1117
1071
969
838
444
-103
-760
-1709
-2517
-3210
-3934
-4818
-5239
-5261
-4966
-4450
-3944
-3243
-2285
-1532
-1213
-1128
-1189
-1528
-2260
-3183
-4017
-4617
-5181
-5391
-5222
-4757
-4077
-3402
-2610
-1809
-1229
-887
-841
-1036
-1466
-2078
-2755
-3300
-3544
-3960
-4178
-3816
-3246
-2730
-2111
-1379
-758
-276
-23
153
134
-86
-433
-818
-1227
-1641
-1955
-1944
-1796
-1412
-746
-44
752
1402
1674
1779
1530
1004
264
-542
-1044
-1403
-1524
-1380
-1145
-763
-212
316
736
800
707
528
14
-719
-1582
-2270
-2792
-3226
-3265
-2923
-2288
-1865
-1536
-1191
-1017
-1067
-1530
-2549
-3763
-5002
-5868
-5740
-4834
-3501
-1717
139
1467
1861
1717
1031
-190
-1886
-3789
-5548
-7145
-8115
-8163
-7528
-6176
-4530
-2752
-1274
-169
287
32
-870
-2036
-3271
-4808
-6171
-7142
-7644
-7333
-6466
-5239
-3661
-2273
-979
26
574
690
166
-736
-1709
-2627
-3607
-4466
-4844
-4794
-4215
-3248
-2006
-942
-65
699
1206
1227
987
582
-89
-898
-1589
-2124
-2462
-2549
-2524
-2034
-1303
-796
-220
253
443
548
535
334
-46
-572
-983
-1350
-1614
-1467
-1300
-1017
-681
-381
-3
162
231
394
326
-48
-492
-755
-980
-1047
-1024
-857
-618
-551
-268
159
603
781
846
1034
993
831
510
35
-697
-1634
-2395
-2979
-3548
-3974
-4128
-3707
-2982
-2276
-1273
-300
483
1295
1803
1911
1745
1413
732
-150
-947
-1149
-1174
-1032
-636
-46
798
1775
2852
3614
4122
4269
3934
3524
3142
2724
2027
1432
1147
1229
1432
1665
2059
2450
2983
3654
4143
4270
4118
3932
3599
3308
3219
3062
2867
2815
2725
2761
2979
3240
3434
3638
3869
3892
3831
3584
3269
3041
3005
2964
2938
2980
2919
2835
2723
2542
2478
2446
2478
2335
2107
1864
1718
1624
1444
1436
1556
1610
1571
1510
1607
1984
2159
2085
1883
1755
1463
842
171
-147
270
1252
2457
3878
5300
6406
6869
6519
5725
4787
3657
2423
1188
93
-522
-553
-123
913
2209
3479
4752
5655
6084
5904
5215
4215
2911
1492
244
-601
-991
-922
-286
565
1517
2660
3749
4470
4724
4650
4230
3480
2653
1698
587
-228
-674
-819
-457
173
1081
2018
2793
3228
3499
3503
3210
2868
2073
1277
545
-68
-409
-485
-347
110
578
1000
1355
1722
2075
2126
1926
1849
1623
1178
802
577
378
295
488
768
1056
1378
1831
2095
2264
2261
2175
1898
1591
1391
1206
1055
1086
1169
1295
1626
1950
2019
2104
2204
2420
2516
2548
2571
2202
1607
831
-16
-967
-1769
-2231
-2548
-2813
-2654
-2252
-1638
-851
109
889
1483
1823
1965
1903
1449
720
-20
-824
-1501
-1983
-2114
-1896
-1177
-344
699
1671
2396
2860
3057
2854
2479
2011
1435
760
19
-440
-585
-653
-714
-469
124
824
1341
1825
1977
1885
1678
1570
1289
1057
813
504
244
79
91
454
768
820
965
1209
1373
1606
1712
1461
1179
1011
938
736
495
550
670
669
549
432
247
194
42
-200
-357
-658
-895
-928
-1015
-1073
-1145
-1280
-1259
-1087
-1013
-926
-866
-806
-1008
-1506
-1902
-2407
-2625
-2549
-2037
-881
678
2316
3554
4134
3990
3318
2388
1118
-333
-1907
-3194
-3950
-4361
-4215
-3418
-2051
-604
711
1815
2404
2461
1989
1207
112
-1457
-3042
-4299
-5064
-5112
-4791
-4006
-2823
-1577
-316
525
944
1208
1151
593
-362
-1494
-2557
-3552
-4355
-4651
-4263
-3624
-2757
-1803
-900
-133
478
723
429
102
-324
-963
-1772
-2579
-3157
-3480
-3519
-3188
-2690
-1999
-1371
-994
-772
-640
-602
-754
-1108
-1423
-1613
-1898
-2171
-2053
-1935
-1643
-1277
-736
-172
14
33
-34
-108
-261
-430
-615
-774
-984
-959
-832
-731
-536
-220
-5
241
391
559
800
927
888
601
102
-539
-1261
-2154
-3014
-3702
-4395
-4785
-4626
-4096
-3438
-2687
-1894
-983
-95
454
779
808
389
-217
-858
-1509
-2022
-2442
-2617
-2507
-2075
-1174
-175
838
1629
2206
2546
2516
2321
1866
1272
697
98
-521
-1060
-1211
-938
-536
37
620
1174
1791
2039
1936
1919
1922
1669
1391
1144
1057
942
789
736
821
945
1225
1612
1793
1937
1980
1849
1804
1803
1738
1567
1467
1352
1349
1325
1370
1323
1373
1406
1420
1300
1129
652
292
70
-86
-169
-171
-99
1
115
218
328
301
271
240
220
196
-73
-148
60
454
1138
