-5279
-4929
-4559
-4255
-4197
-4292
-4335
-4399
-4727
-4965
-5043
-5129
-5221
-5110
-4982
-5095
-5128
-4824
-4615
-4378
-4162
-3928
-3762
-3815
-4081
-4455
-4925
-5609
-6515
-7421
-8055
-8662
-9235
-9397
-9083
-8338
-7458
-6641
-5794
-4998
-4214
-3911
-4201
-4544
-5122
-5743
-6237
-6900
-7311
-7371
-7108
-6451
-5624
-4675
-3671
-2866
-2239
-1681
-1530
-1868
-2214
-2704
-3285
-3954
-4560
-4864
-4941
-4676
-4189
-3658
-3051
-2370
-1933
-1844
-2037
-2471
-3143
-3853
-4703
-5092
-5069
-4827
-4118
-3030
-1848
-1011
-806
-1447
-2785
-4328
-5986
-7774
-9791
-11456
-12146
-11822
-10851
-9322
-7467
-5875
-4859
-4410
-4707
-5684
-7197
-8951
-10562
-12042
-13041
-13158
-12298
-10676
-8382
-5849
-3300
-1199
273
1084
922
162
-728
-2050
-3645
-5292
-6219
-6094
-5018
-2891
-46
2929
5421
7031
7927
7873
6694
4689
2123
-780
-3721
-6209
-7763
-8180
-7513
-6027
-4002
-1653
445
1734
2191
2006
1208
-361
-2809
-5409
-7860
-9770
-10889
-11077
-10359
-8948
-7328
-5917
-4649
-3546
-3009
-3291
-4164
-5513
-7200
-8986
-10902
-12360
-13047
-13212
-12920
-12174
-11022
-9577
-8154
-6889
-5941
-5615
-6080
-6907
-7953
-9067
-10280
-11429
-12237
-12611
-12552
-12139
-11248
-10098
-8772
-7675
-7008
-6354
-5663
-5267
-4977
-5025
-5077
-5048
-4814
-4393
-4038
-3590
-2909
-2180
-1552
-1165
-1043
-978
-1019
-1276
-1615
-1917
-2141
-2152
-2246
-2244
-2188
-2004
-1780
-1695
-1756
-1772
-1951
-2274
-2555
-2675
-2942
-3251
-3559
-4234
-4935
-5533
-5951
-6345
-6514
-6502
-6383
-5812
-5145
-4466
-3859
-3178
-2735
-2598
-2869
-3469
-4262
-5291
-6392
-7277
-7878
-8184
-8506
-8553
-8132
-7154
-6180
-5659
-5306
-4920
-4590
-4478
-4812
-5288
-5886
-6285
-6403
-6455
-6181
-5634
-4992
-4087
-3164
-2297
-1586
-825
-174
295
747
842
861
709
346
-315
-1308
-2348
-3518
-4702
-5330
-5265
-4479
-2780
-702
1313
2999
4265
4897
4820
3927
2404
572
-1397
-2945
-4033
-4272
-3714
-2263
-69
2177
3998
5312
6172
6375
5761
4529
3046
1654
208
-984
-1493
-1209
-20
1804
3863
5579
6947
7845
8342
8434
8316
8462
8479
8383
8322
8129
7593
6945
6313
5366
4181
2902
1747
629
-253
-631
-555
-158
638
1818
2983
4018
4844
5016
4820
4258
3250
2043
739
-498
-1517
-2123
-2281
-2242
-2008
-1506
-897
-420
-149
-51
-38
-403
-1172
-2059
-3082
-3990
-4783
-5203
-5296
-5328
-5240
-5152
-4932
-4527
-4245
-4255
-4322
-4526
-4820
-5077
-5236
-5345
-5454
-5499
-5381
-5275
-4980
-4743
-4509
-4260
-4259
-4450
-4734
-4995
-5146
-5159
-4994
-4784
-4670
-4416
-3929
-3371
-2624
-1925
-1466
-1207
-1150
-1214
-1415
-1665
-1975
-2335
-2747
-3195
-3375
-3259
-3117
-2806
-2410
-2139
-2031
-1811
-1575
-1437
-1466
-1620
-1897
-2555
-3592
-4863
-6165
-7447
-8557
-9426
-9938
-10158
-10002
-9522
-8724
-7645
-6579
-5769
-5187
-4924
-4919
-5392
-6252
-7274
-8369
-9492
-10362
-10657
-10533
-10232
-9693
-8943
-8169
-7431
-6690
-6206
-5981
-6092
-6376
-6847
-7499
-8275
-8728
-8779
-8802
-8664
-8258
-7657
-6869
-6189
-5535
-4960
-4629
-4195
-3799
-3632
-3652
-3731
-3614
-3278
-2692
-2315
-1834
-1435
-1128
-955
-710
-562
-637
-742
-821
-1019
-1137
-1225
-1280
-1372
-1410
-1385
-1438
-1361
-1123
-1098
-1210
-1375
-1459
-1699
-1983
-2135
-2397
-2678
-2794
-2758
-2603
-2445
-2366
-2240
-2096
-2078
-2013
-1965
-2179
-2689
-3313
-3913
-4165
-3795
-3002
-1866
-539
546
979
881
359
-666
-2138
-3805
-5442
-6824
-7674
-8117
-7858
-7011
-5846
-4411
-3060
-1990
-1380
-1359
-1786
-2800
-4104
-5799
-7424
-8439
-9166
-9350
-8935
-8075
-6934
-5777
-4654
-3599
-2823
-2583
-2894
-3665
-4702
-5714
-6721
-7746
-8438
-8680
-8506
-7902
-7073
-6036
-4950
-4056
-3435
-3172
-3216
-3416
-3980
-4745
-5481
-6072
-6551
-6816
-6867
-6751
-6357
-5818
-5261
-4786
-4642
-4499
-4509
-4648
-4947
-5258
-5584
-6039
-6468
-6807
-6630
-6206
-5908
-5732
-5416
-5101
-5040
-5146
-5409
-5762
-6151
-6632
-6827
-6936
-6854
-6647
-6478
-6258
-6024
-5815
-5688
-5591
-5325
-5238
-5241
-5135
-5238
-5730
-6474
-7440
-8460
-9364
-10298
-10906
-11013
-10865
-10539
-10108
-9314
-8222
-7185
-6437
-5906
-5639
-5663
-6114
-6842
-7749
-8630
-9490
-9957
-10016
-9875
-9346
-8477
-7287
-6107
-5147
-4451
-3967
-3685
-3786
-4119
-4485
-5021
-5550
-6007
-6293
-6329
-5988
-5416
-4773
-4043
-3192
-2562
-1966
-1474
-1248
-1252
-1238
-1346
-1498
-1556
-1596
-1385
-1005
-890
-800
-494
-135
50
346
605
632
771
850
861
722
465
417
423
473
474
415
421
427
120
-88
-237
-456
-567
-757
-883
-1095
-1258
-1104
-961
-764
-643
-454
-416
-551
-497
-450
-549
-959
-1692
-2116
-1984
-1582
-914
312
1826
3158
4100
4290
3879
3062
2015
787
-555
-1733
-2757
-3464
-3576
-2979
-1750
-433
660
1790
2560
2813
2510
1822
893
-334
-1732
-3123
-3978
-4218
-4207
-3638
-2628
-1420
-331
455
1045
1078
849
412
-383
-1361
-2425
-3291
-4089
-4612
-4618
-4132
-3361
-2503
-1656
-940
-329
-7
-109
-371
-1049
-1978
-2805
-3395
-3851
-4049
-4101
-4137
-3856
-3343
-2780
-2327
-1854
-1700
-1690
-1944
-2307
-2730
-3113
-3332
-3536
-3684
-3806
-3683
-3385
-3000
-2587
-2315
-2107
-2091
-2294
-2541
-2763
-2981
-3085
-3228
-3209
-3068
-3055
-2990
-2754
-2587
-2310
-2101
-2005
-1897
-1782
-1816
-2040
-2483
-3018
-3753
-4642
-5616
-6561
-7246
-7665
-7698
-7348
-6848
-6203
-5450
-4526
-3772
-3225
-2832
-2887
-3259
-3861
-4672
-5458
-6289
-6987
-7362
-7291
-6846
-6215
-5239
-4090
-3145
-2554
-2164
-2084
-2161
-2344
-2722
-3148
-3468
-3936
-4487
-4722
-4531
-3993
-3247
-2587
-1877
-1273
-895
-559
-377
-419
-528
-388
-231
-417
-759
-712
-518
-430
-265
152
532
1037
1540
1719
1767
1808
1827
1676
1576
1383
1286
1356
1325
1266
1218
1229
1392
1338
1110
944
784
491
252
164
53
-8
-197
-290
-297
-172
51
190
268
236
184
-48
-445
-1246
-1807
-1967
-1907
-1224
58
1588
2905
3772
4220
4184
3456
2424
1209
-221
-1699
-3007
-3919
-4018
-3451
-2650
-1567
-179
1314
2183
2211
1933
1462
608
-684
-2089
-3407
-4557
-5204
-5220
-4664
-3818
-2892
-1816
-735
79
375
278
-127
-785
-1792
-3015
-4043
-4973
-5450
-5382
-5084
-4595
-4015
-3106
-2252
-1570
-1052
-942
-1353
-1974
-2755
-3486
-4234
-4981
-5330
-5384
-5487
-5196
-4697
-4248
-3665
-3205
-2994
-3204
-3370
-3483
-3808
-4242
-4730
-5080
-5147
-5038
-4858
-4605
-4354
-4105
-3766
-3384
-3354
-3367
-3441
-3626
-4098
-4617
-4773
-4848
-4969
-4779
-4611
-4386
-4093
-3977
-3840
-3803
-3658
-3535
-3522
-3610
-3907
-4369
-5059
-6009
-6960
-7874
-8673
-9174
-9271
-9162
-8879
-8314
-7503
-6591
-5637
-4798
-4447
-4548
-4659
-4958
-5774
-6654
-7518
-8320
-8777
-8687
-8492
-8019
-7200
-6259
-5333
-4504
-3665
-3271
-3234
-3316
-3671
-4299
-4884
-5330
-5490
-5704
-5828
-5313
-4797
-4292
-3516
-2813
-2061
-1387
-1037
-956
-969
-1014
-1076
-1112
-1248
-1416
-1443
-1370
-1008
-479
-47
295
447
516
735
991
1104
1046
812
652
770
935
899
875
947
977
968
863
824
858
593
200
-23
-114
-253
-418
-239
35
63
-81
-201
-87
61
125
219
94
-345
-1001
-1784
-2377
-2544
-2050
-1085
331
1780
2853
3637
3689
3150
2331
1297
113
-1088
-2220
-3177
-3430
-3119
-2285
-1247
-184
1062
1976
2386
2422
1948
1005
-143
-1323
-2527
-3645
-4336
-4347
-3851
-2962
-1829
-721
42
583
1057
1413
1246
451
-500
-1467
-2304
-3161
-3948
-4014
-3423
-2793
-2137
-1347
-481
81
446
660
430
-197
-806
-1439
-2159
-2797
-3301
-3544
-3538
-3175
-2646
-2150
-1737
-1427
-1253
-1194
-1072
-1075
-1465
-2085
-2656
-2919
-3148
-3176
-2972
-2736
-2509
-2411
-2201
-2024
-1948
-1900
-2035
-2152
-2288
-2543
-2778
-3028
-3093
-3094
-3083
-2962
-2704
-2441
-2169
-2058
-1983
-1972
-2135
-2096
-2266
-2857
-3619
-4243
-5053
-5780
-6423
-7068
-7532
-7737
-7565
-6804
-6018
-5309
-4465
-3546
-2794
-2509
-2663
-3169
-3849
-4505
-5494
-6279
-6676
-6983
-6753
-6207
-5438
-4522
-3727
-2732
-1985
-1520
-1199
-1365
-1659
-1836
-2227
-2987
-3516
-3592
-3422
-3081
-2749
-2244
-1549
-908
-249
352
669
819
798
720
637
573
514
389
405
614
948
1226
1472
1822
2274
2629
2645
2624
2684
2758
2683
2558
2464
2537
2623
2683
2553
2361
2311
2275
2307
2177
1927
1606
1267
1167
1141
1107
1212
1241
1228
1161
1246
1288
1303
1409
1494
1476
1227
810
339
63
92
634
1719
2984
4326
5536
6210
6263
5780
4909
3462
1808
233
-1080
-2131
-2851
-2861
-2005
-787
782
2523
3885
4689
4932
4601
3683
2317
922
-656
-2130
-3158
-3697
-3528
-2836
-1783
-711
205
1182
1867
2297
2102
1449
557
-498
-1683
-2841
-3690
-4136
-4248
-3888
-3070
-2156
-1207
-416
245
533
445
-5
-434
-1092
-1871
-2520
-3166
-3710
-3848
-3748
-3506
-3094
-2612
-2162
-1810
-1660
-1708
-1944
-2194
-2598
-2917
-3076
-3353
-3570
-3503
-3220
-2850
-2425
-2054
-1863
-1878
-1873
-1835
-1940
-2142
-2387
-2673
-2723
-2862
-2837
-2749
-2575
-2195
-1907
-1873
-1804
-1577
-1401
-1445
-1496
-1673
-1990
-2570
-3282
-4191
-5285
-6288
-6758
-7000
-7109
-7016
-6692
-6069
-5297
-4337
-3439
-2870
-2523
-2481
-2753
-3287
-4161
-5212
-6007
-6561
-6979
-7112
-6818
-6116
-5102
-3974
-3145
-2510
-2112
-1934
-1986
-2211
-2618
-3194
-3833
-4427
-4673
-4746
-4603
-4233
-3838
-3216
-2592
-1791
-1048
-578
-339
-145
98
-141
-534
-639
-538
-516
-662
-569
-175
214
507
871
1171
1341
1625
1875
2040
1858
1568
1457
1397
1199
1170
1299
1279
1210
1268
1214
1194
1170
1097
1018
873
705
283
74
129
243
346
365
437
625
619
594
619
577
130
-759
-1488
-1673
-1544
-1195
-387
891
2340
3500
4046
4029
3311
2107
722
-484
-1662
-2583
-3097
-3188
-2923
-2180
-887
594
1825
2612
2974
2712
2046
1066
-286
-1666
-2872
-4011
-4580
-4559
-3943
-2992
-1952
-936
187
970
1312
1249
989
398
-546
-1656
-2677
-3458
-4015
-4214
-3910
-3220
-2431
-1478
-496
206
513
431
252
-120
-742
-1433
-2191
-2981
-3486
-3617
-3471
-3148
-2776
-2333
-1726
-1248
-956
-894
-1097
-1351
-1703
-2161
-2570
-2777
-2857
-2892
-2857
-2745
-2401
-1932
-1752
-1590
-1437
-1558
-1782
-1942
-2118
-2235
-2258
-2509
-2825
-2894
-2708
-2526
-2329
-2186
-1997
-1829
-1740
-1638
-1634
-1711
-2124
-2687
-3349
-4146
-5014
-5934
-6647
-7278
-7478
-7362
-6997
-6383
-5572
-4529
-3641
-2936
-2413
-2214
-2320
-2805
-3392
-4365
-5357
-6040
-6343
-6296
-5965
-5243
-4386
-3568
-2730
-1822
-1106
-551
-361
-656
-1184
-1610
-2066
-2535
-2901
-2931
-2776
-2442
-1949
-1162
-294
373
1109
1628
1874
1806
1712
1637
1471
1371
1250
1164
1237
1542
1985
2379
2854
3115
3246
3466
3595
3716
3701
3684
3649
3557
3439
3293
3324
3408
3402
3254
3040
3051
3255
3271
2965
2764
2644
2593
2417
2323
2277
2361
2304
2152
2154
2397
2656
2761
2774
2567
2337
1889
1248
829
798
1291
2218
3483
5013
6247
6865
6744
6149
5299
4178
2754
1293
104
-798
-1176
-963
-116
1150
2512
3799
4688
5143
4998
4515
3781
2787
1556
179
-893
-1605
-1839
-1510
-846
215
1364
2207
2925
3214
3281
2984
2300
1501
570
-372
-1299
-1953
-2104
-1886
-1336
-525
325
1070
1739
2105
2238
2243
1891
1299
465
-408
-1117
-1775
-1970
-1931
-1629
-1250
-988
-466
10
298
379
231
-32
-560
-1202
-1625
-1708
-1821
-1851
-1807
-1579
-1199
-953
-776
-746
-626
-491
-462
-539
-895
-1036
-1157
-1332
-1504
-1582
-1547
-1280
-963
-801
-755
-650
-483
-389
-293
-418
-599
-942
-1706
-2574
-3543
-4477
-5304
-5753
-5874
-5987
-5681
-5099
-4554
-3817
-2952
-2197
-1611
-1257
-1289
-1820
-2349
-3145
-4060
-4901
-5331
-5426
-5361
-4927
-4101
-3175
-2221
-1438
-930
-594
-337
-333
-624
-1073
-1661
-2276
-2660
-2833
-2976
-2852
-2478
-1740
-922
-270
234
594
781
1018
1235
1157
925
721
599
552
746
889
1054
1433
1879
2400
2659
2907
3131
3135
3173
3016
2848
2858
2785
2773
2845
2910
2842
2792
2664
2601
2721
2775
2687
2571
2244
1988
1868
1842
1791
1664
1708
1818
1984
2235
2262
2107
1998
1944
1651
1192
617
-42
-253
199
1139
2496
3742
4906
5680
5862
5596
4828
3595
2214
876
-349
-1409
-1865
-1566
-933
-160
1026
2521
3669
4202
4263
3791
2947
1975
857
-338
-1412
-2397
-2813
-2663
-2190
-1489
-547
617
1499
2142
2437
2244
1644
737
-291
-1240
-2154
-2824
-3114
-2956
-2405
-1693
-1012
-323
492
1040
1285
1332
909
216
-497
-1245
-1828
-2290
-2501
-2682
-2547
-2332
-1956
-1491
-913
-442
-241
-367
-761
-1148
-1554
-2017
-2220
-2408
-2535
-2345
-2092
-1859
-1620
-1307
-916
-710
-856
-911
-958
-1128
-1250
-1633
-1983
-1984
-1897
-1973
-1990
-1778
-1347
-1092
-966
-770
-655
-713
-723
-977
-1390
-2026
-2713
-3472
-4371
-5226
-5968
-6494
-6599
-6257
-5702
-5033
-4231
-3402
-2748
-2197
-1783
-1674
-1858
-2401
-3227
-4135
-4826
-5322
-5638
-5693
-5366
-4644
-3925
-3092
-2125
-1204
-627
-489
-369
-546
-897
-1426
-1884
-2202
-2408
-2631
-2658
-2304
-1598
-959
-283
484
1025
1445
1731
1911
1911
1753
1625
1391
1317
1333
1524
1811
2151
2579
2856
3151
3491
3792
3896
3838
3749
3670
3518
3333
3320
3414
3416
3307
3377
3672
3711
3675
3454
3057
2745
2568
2446
2549
2564
2546
2514
2641
2609
2631
2667
2665
2842
2911
2772
2483
2193
1614
983
594
770
1548
2727
4168
5398
6292
6790
6629
5917
4806
3581
2307
1071
26
-679
-866
-391
514
1556
2842
3989
4752
5090
4888
4384
3451
2297
1154
-194
-1398
-1940
-1915
-1459
-490
626
1565
2494
3169
3474
3365
2964
2376
1483
417
-609
-1407
-1805
-1896
-1485
-765
106
824
1394
2110
2561
2658
2279
1646
986
230
-482
-1066
-1463
-1571
-1578
-1371
-760
-206
171
536
759
900
938
474
-154
-530
-789
-993
-1195
-1291
-957
-583
-386
-142
245
522
548
461
329
10
-315
-524
-649
-694
-752
-851
-674
-328
-208
-174
-44
178
424
593
618
411
24
-470
-1048
-1783
-2607
-3596
-4456
-4802
-5057
-5161
-4843
-4175
-3292
-2382
-1567
-1034
-585
-313
-520
-1022
-1786
-2574
-3345
-3982
-4457
-4497
-4291
-3851
-3088
-2221
-1266
-352
166
420
458
346
115
-213
-783
-1221
-1571
-1731
-1620
-1308
-931
-556
38
864
1501
1810
1964
2022
1882
1465
1123
986
1004
1195
1586
2037
2487
2813
2897
2674
2196
1633
960
324
70
158
632
1191
1752
2502
3236
3834
4092
3698
3206
2530
1758
1045
299
-88
114
778
1739
2963
4332
5433
6106
6544
6641
6317
5606
4773
4107
3556
2883
2490
2524
2992
3976
5289
6906
8405
9438
10062
9996
9302
8049
6377
4677
2994
1718
926
423
424
1118
2267
3567
4786
5612
5954
5780
5249
4243
2977
1700
377
-835
-1622
-1961
-1943
-1486
-571
398
1224
1959
2441
2640
2408
1775
1006
49
-1092
-2097
-2953
-3405
-3362
-3066
-2542
-1649
-669
17
369
648
728
393
-68
-646
-1311
-1920
-2383
-2613
-2650
-2438
-2027
-1421
-573
27
346
690
980
1005
859
411
-18
-162
-216
-30
147
358
630
1037
1380
1639
1833
1879
1677
1457
1446
1147
768
605
556
568
585
744
976
1078
1016
1085
1037
973
1003
845
778
698
117
-608
-1263
-2088
-2973
-3807
-4517
-4742
-4802
-4772
-4358
-3708
-3039
-2355
-1606
-1161
-1097
-1244
-1648
-2296
-3136
-3987
-4793
-5340
-5592
-5533
-5063
-4513
-3788
-2831
-1909
-1217
-864
-921
-1194
-1546
-1873
-2497
-3300
-3802
-3945
-3978
-3881
-3519
-3044
-2585
-2068
-1276
-517
-78
105
34
-106
-394
-1052
-1584
-1871
-2111
-2156
-2024
-1691
-996
-265
441
1157
1582
1543
1183
813
370
-212
-782
-1239
-1512
-1563
-1184
-540
161
714
977
1088
923
471
-25
-676
-1440
-2229
-2901
-3248
-3315
-3074
-2616
-2000
-1540
-1326
-1102
-1126
-1624
-2621
-3757
-4860
-5525
-5464
-4816
-3685
-2082
-366
1089
1820
1623
784
-531
-2183
-4031
-5719
-6923
-7744
-7938
-7376
-6251
-4590
-2719
-1226
-278
313
395
-216
-1324
-2713
-4286
-5597
-6450
-7041
-6909
-6177
-5043
-3629
-2280
-1055
-183
216
376
182
-557
-1725
-2859
-3713
-4229
-4626
-4696
-4222
-3474
-2285
-974
-82
542
991
1144
940
379
-315
-995
-1589
-2067
-2544
-2588
-2419
-2109
-1306
-677
-307
112
474
560
441
194
-173
-675
-1127
-1495
-1656
-1559
-1329
-1161
-892
-430
-62
145
256
359
209
-176
-595
-821
-893
-1010
-1054
-907
-618
-409
-174
10
366
800
1051
1093
973
846
655
104
-639
-1246
-1917
-2504
-3079
-3549
-3674
-3515
-3003
-2179
-1154
-164
820
1597
1971
2089
1894
1411
871
242
-523
-949
-998
-778
-362
342
1163
1942
2699
3311
3718
4112
4253
4012
3596
2980
2361
1806
1511
1277
1209
1587
2240
2915
3366
3757
4055
4208
4229
4090
4061
3728
3338
2946
2773
2859
2754
2748
2843
3119
3516
3830
3916
3982
3965
3784
3570
3527
3579
3379
3140
3101
3158
3081
3140
3334
3307
3235
3121
2859
2540
2218
2076
2073
2004
2039
2062
1920
1907
2038
2188
2331
2291
2301
2308
2216
1663
839
73
-418
-621
-325
518
1608
2930
4213
4950
4818
4371
3805
3043
2042
1032
387
44
108
632
1483
2513
3610
4547
5158
5354
5180
4541
3566
2433
1385
540
-110
-406
-155
423
1381
2521
3576
4410
4958
5212
5136
4666
4080
3260
2135
1257
676
456
577
1018
1706
2498
3251
3929
4405
4546
4473
4139
3593
2972
2434
1859
1353
1092
1027
1037
1201
1807
2425
2814
3155
3370
3448
3322
2962
2465
1982
1566
1092
764
718
731
861
1125
1560
1953
2068
1981
1968
2011
1820
1430
1144
1049
811
704
764
1046
1325
1399
1457
1646
1759
1832
1871
1924
1932
1656
1301
753
-12
-921
-1604
-2144
-2621
-2989
-3015
-2502
-1886
-1083
-285
479
1155
1622
1772
1608
1111
434
-233
-816
-1339
-1609
-1545
-1268
-700
-67
765
1608
2336
2959
3403
3401
3020
2550
1871
1205
659
222
4
-36
140
417
873
1464
2034
2526
2653
2605
2368
2064
1753
1577
1317
990
738
650
641
741
1098
1305
1343
1371
1414
1492
1459
1281
1243
1132
913
706
487
486
647
536
541
569
566
527
237
-148
-460
-611
-690
-846
-1168
-1256
-1213
-1080
-1025
-1020
-980
-937
-766
-600
-652
-944
-1282
-1522
-1393
-887
-20
1490
3047
4249
5082
5526
5184
4153
2715
904
-1042
-2963
-4488
-5510
-5786
-5125
-3825
-2038
149
2011
3230
3820
3900
3493
2563
1145
-632
-2426
-3978
-5020
-5448
-5176
-4251
-3014
-1711
-460
745
1550
1724
1267
465
-376
-1568
-2967
-4109
-4971
-5493
-5421
-4846
-4102
-3174
-2015
-1035
-345
36
214
-51
-818
-1447
-2174
-3022
-3838
-4353
-4577
-4404
-4026
-3424
-2926
-2535
-2072
-1936
-1945
-1991
-2030
-2256
-2603
-2799
-2679
-2539
-2336
-1967
-1402
-993
-737
-529
-430
-416
-517
-544
-714
-878
-819
-895
-897
-751
-525
-157
359
786
921
948
1165
1318
1328
1229
911
576
66
-772
-1604
-2214
-2958
-3708
-4036
-3723
-3185
-2673
-1882
-1040
-243
544
988
1242
1253
905
379
-346
-1221
-1963
-2437
-2746
-2629
-2192
-1615
-873
110
806
1377
1933
2192
1926
1515
907
18
-727
-1255
-1517
-1603
-1540
-1318
-909
-294
243
863
1258
1247
1144
970
754
467
200
-8
-2
-152
-250
-140
240
629
943
1295
1348
1345
1557
1679
1600
1399
1335
1283
1170
1229
1293
1290
1398
1493
1446
1437
1282
1054
908
795
515
375
189
107
190
259
435
559
711
689
735
929
1088
863
472
-26
-678
-1032
-809
