-4817
-4525
-4325
-4153
-4204
-4203
-4150
-4392
-4658
-4915
-5165
-5367
-5507
-5451
-5425
-5160
-4996
-4769
-4532
-4434
-4111
-3931
-3866
-3827
-4046
-4456
-5134
-5840
-6563
-7443
-8324
-8858
-9055
-9288
-9227
-8660
-7854
-6792
-5769
-4831
-4348
-4089
-4079
-4589
-5136
-5809
-6543
-7183
-7630
-7609
-7246
-6750
-5936
-4919
-3983
-3042
-2291
-1861
-1775
-1890
-2235
-2965
-3680
-4125
-4471
-4717
-4836
-4601
-4209
-3649
-3081
-2468
-1967
-1661
-1698
-2093
-2582
-3319
-4440
-5074
-5180
-4854
-4188
-3163
-1833
-780
-585
-1278
-2595
-4213
-6009
-7981
-9938
-11480
-12065
-11646
-10539
-8966
-7480
-6255
-5246
-4783
-5021
-5905
-7374
-9219
-11105
-12592
-13369
-13339
-12547
-10850
-8505
-5883
-3241
-1202
228
878
751
-136
-1204
-2331
-3960
-5441
-6197
-5972
-4877
-2744
97
3038
5581
7386
8101
7794
6395
4398
1846
-969
-3693
-6153
-7805
-8269
-7635
-6225
-4121
-1739
288
1682
2426
2416
1313
-460
-2806
-5414
-7945
-9889
-10945
-11158
-10419
-8940
-7403
-5923
-4558
-3511
-3087
-3325
-4166
-5549
-7340
-9286
-10988
-12309
-13225
-13542
-13332
-12568
-11116
-9571
-8167
-6940
-6035
-5814
-6086
-6914
-7955
-9147
-10561
-11704
-12332
-12575
-12447
-12055
-11151
-10239
-9164
-8079
-7273
-6449
-5808
-5394
-5160
-5204
-5185
-4962
-4806
-4500
-4043
-3481
-2931
-2474
-2018
-1506
-1289
-1155
-1270
-1504
-1726
-2002
-2247
-2457
-2385
-2137
-1922
-1836
-1670
-1526
-1581
-1556
-1612
-1731
-2048
-2452
-2609
-2971
-3599
-4184
-4858
-5541
-6078
-6427
-6495
-6451
-6096
-5519
-5104
-4379
-3485
-2840
-2444
-2499
-2937
-3590
-4563
-5575
-6502
-7320
-8061
-8538
-8666
-8564
-7982
-7225
-6556
-5811
-5119
-4630
-4360
-4439
-4652
-4903
-5443
-6081
-6601
-6909
-6654
-5987
-5199
-4276
-3296
-2394
-1596
-743
-46
477
676
742
874
672
281
-353
-1281
-2206
-3459
-4638
-5261
-5161
-4257
-2609
-575
1384
3047
4193
4764
4666
3729
2209
333
-1711
-3359
-4379
-4452
-3610
-2173
-45
2214
4033
5400
6087
6192
5731
4560
3033
1343
-105
-1196
-1766
-1355
-206
1609
3761
5546
6805
7621
8143
8374
8485
8445
8422
8399
8265
7885
7338
6744
5989
5142
4025
2877
1696
554
-294
-712
-643
-175
808
1891
3048
4089
4692
4855
4705
4256
3296
2192
899
-191
-1045
-1962
-2379
-2414
-2157
-1617
-1086
-425
69
148
-139
-569
-1071
-1794
-2742
-3683
-4424
-4950
-5447
-5673
-5484
-5233
-4938
-4767
-4641
-4620
-4650
-4618
-4641
-4811
-5075
-5226
-5181
-5127
-4879
-4697
-4603
-4560
-4444
-4186
-4087
-4348
-4696
-4926
-4954
-4990
-4889
-4493
-4078
-3735
-3203
-2636
-2210
-1653
-1201
-963
-997
-1128
-1473
-1898
-2181
-2432
-2806
-3142
-3131
-3058
-2981
-2802
-2562
-2248
-1997
-1690
-1306
-1275
-1357
-1496
-1830
-2440
-3518
-4765
-6148
-7428
-8475
-9426
-10086
-10164
-9822
-9466
-8797
-7637
-6562
-5595
-4953
-4653
-4810
-5517
-6461
-7448
-8627
-9680
-10407
-10610
-10591
-10334
-9809
-9000
-8079
-7332
-6735
-6389
-6242
-6412
-6795
-7322
-7959
-8550
-9070
-9342
-9265
-9111
-8770
-8095
-7317
-6555
-5901
-5328
-4849
-4509
-4219
-3998
-3937
-3878
-3702
-3525
-3288
-2983
-2646
-2357
-1953
-1583
-1295
-1005
-957
-1279
-1534
-1616
-1568
-1488
-1598
-1794
-1820
-1770
-1881
-1759
-1564
-1588
-1679
-1885
-2083
-2177
-2468
-2905
-3134
-3251
-3205
-3251
-3266
-3167
-3008
-2875
-2723
-2633
-2566
-2543
-2800
-3413
-4195
-4747
-4850
-4440
-3587
-2381
-1099
-18
447
221
-590
-1793
-3055
-4470
-5963
-7336
-8360
-8816
-8667
-7924
-6729
-5262
-3768
-2656
-1938
-1819
-2238
-3179
-4510
-6160
-7707
-8897
-9623
-9776
-9356
-8469
-7321
-6018
-4913
-4062
-3489
-3275
-3336
-3860
-4831
-6224
-7410
-8218
-8511
-8721
-8726
-8221
-7444
-6645
-5658
-4730
-3956
-3548
-3679
-3993
-4390
-5051
-5649
-6318
-6910
-7156
-7110
-6815
-6362
-5863
-5416
-5127
-4866
-4843
-4877
-5143
-5562
-5970
-6324
-6591
-6717
-6682
-6655
-6595
-6532
-6161
-5745
-5608
-5717
-5852
-5892
-6109
-6386
-6839
-7292
-7390
-7342
-7092
-6714
-6358
-6085
-5985
-5759
-5395
-5186
-5091
-4977
-5056
-5414
-5869
-6606
-7581
-8407
-9094
-9867
-10518
-10985
-10975
-10425
-9895
-9285
-8344
-7446
-6522
-5828
-5482
-5452
-5714
-6351
-7482
-8456
-9130
-9599
-9819
-9553
-8856
-7943
-7137
-6352
-5370
-4542
-4052
-3736
-3518
-3622
-4026
-4685
-5016
-5394
-5763
-5809
-5441
-4881
-4193
-3485
-2831
-2204
-1565
-978
-677
-697
-826
-865
-975
-1169
-1058
-819
-589
-476
-359
-27
443
875
1160
1401
1460
1546
1577
1439
1434
1437
1245
1111
1082
1031
983
1017
993
808
644
466
339
343
158
-22
-92
-287
-298
-123
-2
103
358
423
506
637
551
104
-448
-873
-1216
-1266
-871
-126
1141
2611
3803
4713
4972
4647
3852
2649
1330
-106
-1495
-2414
-2897
-2950
-2476
-1494
-3
1377
2480
3230
3476
3150
2273
1208
36
-1331
-2624
-3472
-3756
-3732
-3174
-2258
-1110
-129
783
1282
1402
1364
987
246
-802
-1920
-3064
-3969
-4263
-4071
-3514
-2764
-1906
-1091
-440
3
207
49
-237
-710
-1509
-2329
-3040
-3619
-3887
-3895
-3744
-3524
-3177
-2711
-2196
-1866
-1513
-1436
-1648
-2204
-2677
-2958
-3300
-3564
-3798
-3765
-3580
-3214
-2811
-2564
-2359
-2121
-2158
-2446
-2414
-2518
-2762
-3171
-3490
-3580
-3567
-3377
-3137
-2819
-2566
-2453
-2448
-2301
-2153
-2175
-2247
-2398
-2685
-3312
-4185
-5066
-6089
-7056
-7690
-8215
-8280
-7892
-7473
-6877
-6040
-5154
-4209
-3642
-3302
-3313
-3694
-4366
-5160
-6039
-6954
-7740
-8101
-7989
-7385
-6692
-5816
-4936
-4172
-3430
-2804
-2491
-2447
-2689
-3170
-3842
-4390
-4776
-5012
-5064
-4972
-4624
-4119
-3545
-2704
-1967
-1447
-1143
-1116
-1047
-1040
-1104
-1299
-1547
-1643
-1607
-1406
-1317
-1072
-642
-243
151
409
713
864
845
969
927
878
779
709
726
581
645
727
585
505
496
246
157
110
-138
-395
-558
-566
-645
-693
-661
-752
-726
-721
-769
-592
-522
-463
-513
-1013
-1837
-2471
-2691
-2608
-1924
-810
764
2258
3271
3797
3499
2700
1546
261
-1130
-2631
-3866
-4661
-5019
-4692
-3574
-2123
-806
259
1230
1838
1650
960
-100
-1459
-2730
-4079
-5284
-6054
-6136
-5581
-4583
-3496
-2533
-1768
-981
-449
-453
-991
-1869
-2880
-3804
-4804
-5711
-6382
-6340
-5785
-5041
-4207
-3373
-2626
-2082
-1921
-1792
-1947
-2491
-3182
-4087
-4893
-5600
-6115
-6173
-5872
-5533
-5198
-4649
-4152
-3804
-3766
-3733
-3701
-3887
-4429
-4848
-5294
-5629
-5757
-5829
-5673
-5401
-5108
-4824
-4451
-4065
-3838
-3925
-4141
-4244
-4590
-4957
-5272
-5426
-5436
-5379
-5282
-5072
-4814
-4619
-4397
-4166
-4060
-4043
-3822
-3877
-4311
-4972
-5753
-6637
-7616
-8520
-9079
-9540
-9827
-9815
-9282
-8428
-7771
-6892
-5936
-5258
-4951
-4975
-5090
-5432
-5955
-6881
-7846
-8568
-9049
-9165
-8864
-8184
-7426
-6486
-5530
-4661
-3916
-3601
-3583
-3684
-3925
-4408
-4951
-5418
-5649
-5873
-5871
-5446
-4880
-4189
-3345
-2576
-2021
-1531
-1144
-1054
-1060
-1146
-1310
-1472
-1647
-1637
-1303
-1174
-959
-650
-274
123
399
657
794
981
1068
1119
919
726
739
716
837
766
569
553
563
668
788
622
448
244
-2
-115
-216
-217
-221
-267
-228
-151
55
174
289
316
318
75
-345
-1016
-1720
-2284
-2331
-1910
-989
407
2030
3235
3864
3847
3324
2516
1475
205
-1152
-2313
-3247
-3530
-3406
-2669
-1406
-20
1299
2313
2699
2737
2437
1534
269
-909
-2257
-3447
-4216
-4456
-4160
-3251
-2097
-1109
-40
676
986
1191
999
438
-413
-1490
-2486
-3196
-3803
-4020
-3718
-3179
-2338
-1492
-689
-96
290
565
616
168
-574
-1459
-2103
-2653
-3168
-3428
-3520
-3182
-2771
-2362
-1929
-1513
-1237
-1074
-1174
-1410
-1775
-2254
-2616
-2969
-3192
-3243
-3239
-3077
-3001
-2672
-2236
-1984
-1731
-1632
-1766
-1858
-2311
-2992
-3213
-3278
-3206
-3137
-3086
-2749
-2532
-2594
-2521
-2425
-2230
-1939
-1926
-2238
-2465
-2791
-3486
-4309
-5270
-6209
-7016
-7469
-7750
-7759
-7589
-7102
-6251
-5267
-4356
-3578
-3107
-2827
-2688
-3046
-3763
-4629
-5462
-6375
-7087
-7288
-6968
-6387
-5651
-4822
-3804
-2862
-2062
-1480
-1289
-1541
-1818
-2174
-2678
-3282
-3718
-3932
-4114
-3965
-3403
-2607
-1969
-1352
-507
12
388
511
457
360
112
-125
-293
-392
-49
442
673
724
950
1315
1644
1846
2024
2103
2003
1887
1992
2006
1956
1890
1769
1702
1695
1785
1830
1671
1453
1324
1220
969
868
799
575
499
463
420
545
495
546
717
759
745
685
566
309
-14
-552
-1021
-1000
-448
575
1909
3248
4337
5088
5212
4675
3697
2355
898
-640
-1993
-2895
-3463
-3687
-3030
-1639
-44
1494
2658
3410
3687
3339
2519
1310
-172
-1637
-3078
-4146
-4658
-4336
-3553
-2748
-1673
-615
414
1053
1267
1013
516
-317
-1478
-2668
-3829
-4563
-4940
-4816
-4447
-3842
-2937
-1940
-1137
-513
-90
-184
-586
-1159
-1798
-2396
-3097
-3774
-4310
-4479
-4323
-3959
-3487
-3110
-2770
-2484
-2263
-2404
-2719
-2926
-3141
-3567
-3960
-4205
-4190
-4197
-3976
-3532
-3124
-2755
-2439
-2351
-2425
-2486
-2482
-2750
-3035
-3198
-3412
-3517
-3490
-3394
-3094
-2739
-2389
-2142
-2035
-2038
-2033
-2025
-2009
-2180
-2648
-3200
-3931
-4844
-5787
-6712
-7350
-7656
-7721
-7490
-7194
-6600
-5809
-4792
-3727
-2950
-2640
-2804
-3132
-3610
-4400
-5386
-6306
-6968
-7297
-7413
-7175
-6312
-5310
-4534
-3724
-2998
-2206
-1850
-1867
-2112
-2553
-3111
-3594
-4105
-4708
-4884
-4661
-4293
-3712
-2971
-2318
-1604
-1053
-785
-614
-387
-322
-257
-351
-559
-532
-651
-821
-695
-203
180
556
1038
1519
1769
1791
1676
1590
1461
1470
1376
1397
1364
1359
1325
1344
1476
1565
1485
1377
1325
1149
1067
771
551
518
562
604
534
568
713
881
841
793
875
1027
962
464
-241
-837
-1252
-1219
-651
440
1743
2880
3889
4425
4352
3821
2766
1351
-11
-1464
-2494
-3131
-3299
-2835
-1654
-361
819
2073
3186
3510
3200
2343
1358
269
-1053
-2306
-3415
-4160
-4245
-3798
-2833
-1647
-446
701
1550
1926
1722
1239
718
-134
-1256
-2376
-3351
-3685
-3604
-3237
-2711
-1923
-932
34
640
886
895
684
220
-337
-1021
-1780
-2541
-2952
-3039
-2857
-2614
-2454
-2035
-1498
-1106
-951
-795
-902
-1250
-1615
-2020
-2238
-2388
-2636
-2723
-2695
-2439
-1927
-1561
-1520
-1507
-1409
-1446
-1652
-1996
-2341
-2510
-2503
-2551
-2655
-2501
-2290
-2062
-1869
-1710
-1579
-1426
-1429
-1453
-1411
-1616
-1856
-2335
-2960
-3827
-4773
-5669
-6502
-7046
-7236
-7129
-6636
-5910
-4974
-4134
-3386
-2705
-2209
-2162
-2428
-2840
-3467
-4372
-5157
-5737
-6120
-6167
-5966
-5531
-4748
-3627
-2583
-1798
-1309
-935
-668
-633
-971
-1576
-2072
-2610
-2982
-3114
-3042
-2739
-2185
-1644
-1037
-203
465
942
1256
1433
1443
1310
1130
896
809
798
991
1177
1390
1679
2021
2506
2868
2998
3161
3238
3239
3290
3301
3226
3257
3258
3058
2861
2804
2780
2847
2854
2824
2670
2359
2058
2027
2185
2201
2046
2057
2050
2028
1832
1796
1995
2123
2115
2085
2066
1714
1040
346
41
43
581
1664
3050
4383
5422
6115
6179
5685
4714
3479
2051
592
-581
-1333
-1650
-1500
-694
628
2039
3333
4206
4711
4666
3998
3191
2310
970
-486
-1607
-2343
-2615
-2476
-1567
-360
647
1629
2235
2651
2807
2474
1846
977
-129
-1298
-2049
-2482
-2818
-2763
-2323
-1557
-655
214
1085
1622
1728
1548
1055
454
-141
-966
-1926
-2480
-2571
-2581
-2473
-2104
-1587
-1115
-743
-574
-530
-636
-712
-1007
-1446
-1815
-2235
-2504
-2498
-2354
-2087
-1835
-1680
-1248
-843
-673
-638
-695
-802
-1184
-1629
-1906
-2053
-2030
-1933
-1822
-1799
-1559
-1189
-1052
-894
-875
-813
-730
-817
-1183
-1811
-2582
-3175
-3913
-4903
-5739
-6231
-6353
-6470
-6448
-5983
-5130
-4286
-3437
-2686
-1989
-1548
-1594
-2235
-3106
-3777
-4409
-5295
-6088
-6093
-5923
-5566
-4837
-3930
-2902
-2021
-1432
-1093
-949
-957
-1148
-1735
-2455
-2903
-3240
-3398
-3290
-2867
-2395
-1902
-1428
-711
46
520
769
908
980
1030
782
524
329
304
517
622
848
1201
1532
1942
2291
2605
2870
2967
2980
3006
2801
2759
2626
2421
2351
2405
2442
2419
2535
2509
2421
2463
2266
2031
1735
1456
1366
1128
939
1143
1447
1557
1611
1583
1593
1451
1373
1415
1244
718
8
-548
-679
-231
636
1882
3369
4613
5401
5468
5156
4392
3193
1851
544
-689
-1716
-2437
-2439
-1677
-614
653
2013
3243
3810
3821
3571
2922
1941
688
-694
-1923
-2758
-3145
-3018
-2413
-1408
-326
631
1350
1883
2245
2321
1692
734
-216
-1341
-2425
-3047
-3132
-2964
-2567
-1875
-981
-156
396
856
1182
1207
670
-80
-690
-1198
-1724
-2283
-2698
-2905
-2643
-2197
-1919
-1503
-1029
-635
-504
-413
-434
-704
-1204
-1783
-2128
-2276
-2319
-2408
-2206
-1809
-1412
-1188
-900
-745
-658
-743
-1164
-1318
-1534
-1796
-2062
-2228
-2063
-1872
-1675
-1406
-1161
-1012
-926
-793
-680
-673
-692
-851
-1125
-1686
-2609
-3523
-4301
-5057
-5727
-6210
-6260
-6055
-5519
-4962
-4158
-3124
-2326
-1752
-1512
-1559
-1813
-2199
-2797
-3637
-4576
-5313
-5739
-5662
-5245
-4582
-3720
-2815
-1866
-1025
-449
-170
-233
-514
-915
-1512
-2012
-2287
-2393
-2511
-2594
-2183
-1497
-956
-379
147
912
1439
1652
1743
1768
1882
1904
1694
1484
1481
1655
1904
2082
2367
2659
3056
3359
3562
3549
3558
3541
3609
3652
3484
3405
3350
3348
3392
3313
3264
3141
3168
3308
3072
2746
2455
2321
2271
2165
2217
2235
2066
2108
2249
2305
2362
2440
2546
2522
2406
1999
1224
643
373
656
1452
2712
4153
5358
6130
6458
6304
5653
4547
3203
1790
561
-395
-955
-1047
-668
100
1219
2633
3860
4667
4913
4674
4001
3148
2160
909
-339
-1314
-1866
-1930
-1572
-764
492
1536
2262
2769
3196
3318
2991
2201
1328
238
-864
-1639
-2135
-2199
-1816
-1102
-225
578
1275
1872
2185
2278
2105
1702
1011
129
-850
-1608
-1983
-1955
-1617
-1214
-798
-443
-268
70
446
461
431
255
-189
-737
-1209
-1452
-1485
-1474
-1342
-997
-634
-264
34
92
121
140
16
-274
-557
-757
-1052
-1290
-1221
-1103
-873
-552
-443
-231
-91
37
106
-1
68
72
-191
-621
-1344
-2238
-3087
-3815
-4439
-5004
-5251
-5176
-4862
-4407
-3625
-2499
-1652
-1010
-653
-603
-786
-1200
-1989
-2820
-3626
-4285
-4660
-4827
-4830
-4363
-3366
-2279
-1474
-830
-48
535
633
436
216
-253
-903
-1527
-1869
-1915
-1781
-1576
-1039
-305
420
1000
1307
1592
1764
1597
1434
1223
849
629
552
837
1207
1678
2284
2638
2579
2101
1741
1281
693
324
138
22
194
832
1657
2385
3000
3406
3666
3677
3169
2276
1384
668
66
-325
-53
706
1755
2962
4247
5229
5910
6288
6310
5946
5248
4490
3756
3097
2486
2146
2058
2415
3389
4867
6563
8067
9151
9709
9580
8974
7786
6081
4336
2811
1532
589
243
459
1148
2237
3343
4329
5157
5615
5532
4823
3846
2710
1468
267
-856
-1740
-2233
-2189
-1528
-658
234
1097
1723
2134
2228
2032
1639
964
79
-993
-2192
-3045
-3331
-3384
-3064
-2424
-1863
-1187
-473
173
652
717
341
-119
-685
-1323
-1926
-2479
-2650
-2520
-2283
-1940
-1402
-656
127
509
626
885
1127
925
462
122
-4
-88
-303
-128
314
769
1156
1515
1642
1779
1907
1693
1530
1411
1250
1004
691
428
388
538
777
1053
1139
986
920
1105
1267
1245
1074
880
720
313
-333
-1155
-2113
-2902
-3596
-4270
-4670
-4795
-4565
-4106
-3589
-2875
-2123
-1403
-973
-935
-1022
-1421
-1955
-2700
-3539
-4467
-5227
-5615
-5503
-4932
-4165
-3411
-2672
-2046
-1419
-931
-752
-862
-1258
-1772
-2377
-2912
-3331
-3723
-3989
-3909
-3431
-2828
-2354
-1643
-951
-536
-151
115
176
151
-199
-778
-1412
-2016
-2233
-2236
-1962
-1449
-826
-105
486
1093
1551
1671
1379
902
387
-243
-780
-1122
-1289
-1312
-1123
-536
44
506
951
1117
914
352
-318
-952
-1544
-1925
-2431
-2764
-2769
-2417
-1995
-1624
-1242
-1066
-963
-1022
-1307
-2220
-3598
-4784
-5485
-5538
-5036
-3678
-1838
-174
1046
1593
1366
632
-584
-2317
-4237
-6065
-7374
-8217
-8346
-7689
-6370
-4671
-2879
-1318
-287
121
74
-350
-1413
-2879
-4458
-5717
-6637
-7290
-7331
-6411
-4922
-3377
-2195
-1215
-399
171
248
-194
-932
-1915
-2954
-3827
-4642
-4985
-4789
-4204
-3439
-2532
-1550
-520
346
692
791
678
216
-532
-1295
-1838
-2414
-2789
-2871
-2631
-2125
-1615
-1089
-487
-99
90
260
190
-205
-654
-1042
-1387
-1721
-1942
-1977
-1661
-1424
-1002
-478
-242
-153
23
82
-169
-605
-957
-1187
-1287
-1347
-1331
-1196
-967
-699
-506
-290
-32
213
456
502
541
467
137
-263
-867
-1699
-2487
-3169
-3606
-3855
-3928
-3777
-3354
-2490
-1375
-388
490
1162
1546
1890
1863
1291
504
-142
-776
-1182
-1249
-1160
-838
-163
747
1715
2541
3322
3709
3930
4046
3884
3337
2735
2306
1823
1466
1239
1332
1570
1962
2557
3160
3449
3740
3891
3877
3911
3831
3561
3126
2729
2442
2464
2469
2514
2695
2923
3174
3340
3504
3570
3436
3537
3470
3145
2935
2915
2946
2767
2657
2741
2882
2885
2714
2650
2602
2465
2218
1963
1778
1485
1328
1287
1282
1374
1458
1547
1755
1879
1826
1760
1808
1768
1215
456
-279
-995
-1367
-1115
-126
1031
2373
3491
4159
4288
3892
3193
2307
1391
543
-134
-404
-326
101
967
2193
3274
4091
4684
4850
4656
4170
3372
2370
1275
122
-567
-884
-701
-68
798
2069
3202
4021
4590
4774
4591
4280
3640
2704
1915
1211
723
323
236
766
1520
2229
2933
3598
4069
4289
4185
3863
3548
2984
2175
1459
934
639
557
688
1176
1724
2269
2806
3278
3416
3309
3158
2839
2219
1618
1142
729
597
403
252
366
786
1199
1190
1307
1555
1598
1329
1110
1008
772
510
432
538
605
784
1029
1237
1272
1246
1302
1688
1835
1889
1937
1641
1087
439
-265
-985
-1773
-2517
-3113
-3369
-3171
-2780
-2157
-1449
-682
283
1090
1418
1528
1426
929
118
-647
-1306
-1826
-2085
-2041
-1646
-959
-114
743
1620
2305
2834
3065
2985
2759
2329
1857
1160
490
3
-172
-89
125
431
896
1419
1867
2242
2401
2332
2193
2008
1605
1177
835
678
536
308
226
317
592
882
1235
1430
1504
1492
1298
1176
935
700
483
433
476
455
340
152
67
88
39
-133
-202
-396
-618
-838
-932
-1067
-1173
-1167
-1312
-1382
-1181
-1070
-1105
-1085
-1005
-1037
-1192
-1451
-1632
-1698
-1438
-742
158
1330
2721
4010
4954
5296
4958
3972
2539
636
-1483
-3532
-5121
-6105
-6202
-5518
-4273
-2344
-320
1528
2940
3853
4110
3514
2374
977
-763
-2572
-4092
-5163
-5689
-5606
-4852
-3507
-1944
-620
340
965
1102
878
363
-593
-1952
-3365
-4667
-5530
-5891
-5861
-5484
-4586
-3402
-2383
-1516
-724
-255
-257
-528
-1039
-1665
-2484
-3416
-4168
-4396
-4484
-4429
-4078
-3597
-3217
-2906
-2538
-2367
-2457
-2565
-2568
-2635
-2916
-3036
-2957
-2790
-2661
-2252
-1682
-1316
-948
-699
-475
-346
-393
-645
-966
-1165
-1164
-1126
-1096
-849
-532
-287
92
495
705
951
1205
1177
1237
1165
829
301
-296
-866
-1648
-2463
-3059
-3575
-3930
-3947
-3521
-2704
-2042
-1280
-401
549
1276
1633
1474
956
203
-688
-1605
-2408
-2836
-3146
-3175
-2724
-1954
-1031
-259
463
1069
1479
1726
1658
1168
492
-292
-1019
-1559
-1805
-1987
-1983
-1592
-1183
-659
-66
447
733
753
691
512
304
76
44
-138
-466
-526
-450
-406
-90
328
583
689
800
885
1099
1304
1266
1175
1111
1020
980
783
847
969
1063
958
842
1007
1144
1133
950
770
500
12
-197
-129
-80
-6
360
674
716
744
779
816
796
504
36
-614
-1250
-1618
-1582
