-5271
-4940
-4366
-3875
-3596
-3533
-3777
-4158
-4310
-4564
-4801
-4791
-4713
-4733
-4680
-4349
-4081
-3945
-3808
-3589
-3394
-3270
-3183
-3185
-3315
-3884
-4640
-5481
-6407
-7223
-7825
-8411
-8844
-8782
-8347
-7814
-7180
-6255
-5184
-4299
-3739
-3412
-3504
-3888
-4471
-5274
-6221
-6987
-7401
-7406
-6987
-6384
-5589
-4551
-3592
-2865
-2261
-1718
-1434
-1691
-2206
-2965
-3672
-4274
-4786
-5114
-5186
-4989
-4643
-4094
-3478
-2945
-2499
-2346
-2387
-2776
-3388
-4159
-5071
-5565
-5533
-5258
-4708
-3647
-2369
-1314
-939
-1407
-2659
-4260
-5999
-8072
-9990
-11292
-11912
-11673
-10845
-9437
-7780
-6434
-5428
-4842
-4861
-5576
-7080
-9074
-11004
-12557
-13358
-13255
-12218
-10672
-8352
-5725
-3220
-1042
422
1129
1234
700
-500
-1953
-3570
-5219
-6543
-6984
-6190
-4388
-1843
1055
3697
5704
6824
6844
5954
4230
2187
-104
-2447
-4534
-5937
-6628
-6321
-5355
-3728
-1849
-223
796
1119
634
-415
-1942
-4014
-6276
-8164
-9649
-10633
-10648
-9745
-8478
-7116
-5615
-4434
-3508
-3214
-3448
-4193
-5586
-7235
-8848
-10414
-11654
-12414
-12526
-11943
-11014
-9673
-8120
-6780
-5880
-5224
-4974
-5353
-6235
-7263
-8598
-10033
-11057
-11648
-11860
-11660
-11113
-10039
-8922
-7667
-6113
-5097
-4552
-4107
-3816
-3779
-4033
-4209
-4098
-3940
-3623
-3391
-3034
-2421
-1804
-1295
-938
-618
-487
-532
-871
-1304
-1494
-1588
-1771
-1968
-1934
-1888
-1766
-1523
-1489
-1781
-2021
-2176
-2471
-2775
-2942
-3134
-3508
-4063
-4669
-5191
-5683
-6247
-6853
-7113
-7062
-6811
-6343
-5706
-4914
-4324
-3828
-3422
-3129
-3173
-3862
-4734
-5539
-6420
-7179
-7847
-8309
-8574
-8436
-7779
-6833
-5912
-5012
-4506
-4224
-3954
-3885
-3997
-4354
-4790
-5352
-5640
-5610
-5326
-4847
-4236
-3316
-2237
-1301
-600
98
746
1247
1439
1677
1946
1944
1614
702
-327
-1264
-2294
-3364
-4143
-4274
-3507
-1890
80
2139
3766
4847
5472
5329
4502
3044
1203
-839
-2538
-3569
-3832
-3021
-1620
119
2005
3810
5296
6294
6493
5808
4600
3156
1602
51
-1162
-1448
-914
99
1614
3405
5435
6826
7373
7395
7117
6800
6603
6624
6711
6894
7066
7123
7053
6640
5939
5100
4050
2910
1769
631
-122
-430
-269
421
1428
2585
3663
4418
4777
4753
4374
3521
2391
1115
-221
-1343
-2106
-2421
-2299
-1954
-1261
-441
136
680
1119
1298
1099
507
-377
-1393
-2535
-3418
-3862
-4233
-4284
-4101
-4005
-3939
-3727
-3475
-3434
-3415
-3297
-3398
-3864
-4008
-4287
-4397
-4411
-4415
-4366
-4283
-3982
-3583
-3472
-3495
-3513
-3385
-3297
-3721
-4052
-4207
-4160
-3929
-3412
-2980
-2733
-2414
-1769
-1070
-699
-481
-621
-980
-1278
-1478
-1828
-2266
-2726
-3026
-3116
-3178
-3047
-2741
-2470
-2211
-1949
-1766
-1604
-1441
-1481
-1984
-2791
-3834
-5139
-6432
-7784
-8921
-9689
-10128
-10267
-10217
-9518
-8622
-7709
-6727
-5724
-4897
-4494
-4497
-5104
-6142
-7303
-8246
-9056
-9681
-10013
-10024
-9758
-9099
-8241
-7322
-6441
-5783
-5555
-5482
-5614
-5933
-6466
-7010
-7465
-7965
-8268
-8386
-8163
-7721
-7210
-6533
-5660
-4850
-4295
-3858
-3488
-3184
-2967
-3069
-2968
-2712
-2448
-2273
-2042
-1535
-1209
-830
-400
-251
-315
-359
-454
-358
-413
-734
-980
-1168
-1234
-1214
-1205
-1309
-1277
-1220
-1260
-1404
-1484
-1515
-1531
-1900
-2458
-2678
-2876
-2986
-2874
-2836
-2720
-2593
-2406
-2179
-2046
-1973
-2012
-2190
-2878
-3647
-4210
-4366
-3865
-3004
-1807
-441
596
938
821
326
-692
-2091
-3769
-5271
-6557
-7675
-8221
-7893
-6874
-5550
-4220
-2950
-1766
-1112
-1150
-1737
-2683
-3826
-5267
-6867
-8178
-8827
-8864
-8559
-7847
-6729
-5495
-4233
-3264
-2550
-2182
-2409
-3030
-4039
-5177
-6211
-7186
-8006
-8363
-8274
-7667
-6755
-5735
-4833
-4039
-3334
-2850
-2696
-3083
-3647
-4397
-5283
-5928
-6541
-6879
-6921
-6750
-6212
-5532
-5072
-4673
-4587
-4590
-4559
-4613
-4858
-5321
-5797
-6152
-6362
-6422
-6427
-6297
-6048
-5718
-5340
-5108
-5151
-5214
-5380
-5733
-6089
-6172
-6381
-6808
-6896
-6699
-6289
-5834
-5501
-5385
-5105
-5085
-5129
-5129
-4971
-5006
-5391
-5897
-6645
-7545
-8565
-9405
-10020
-10453
-10765
-10816
-10487
-9791
-8860
-8008
-7005
-6055
-5436
-5216
-5362
-5900
-6470
-7239
-8273
-9066
-9481
-9545
-9424
-8829
-7798
-6894
-5911
-4915
-4050
-3576
-3360
-3347
-3643
-4197
-4930
-5522
-5930
-5927
-5907
-5689
-5099
-4367
-3684
-2909
-2254
-1776
-1383
-1035
-886
-884
-1113
-1206
-1285
-1344
-1256
-1109
-701
-253
-66
236
592
844
1095
1240
1292
1208
1297
1241
1047
1024
1109
1050
1002
888
704
601
454
480
397
266
9
-358
-538
-618
-624
-714
-618
-211
166
327
251
272
482
564
181
-439
-934
-1352
-1534
-1076
-108
1302
2833
4046
4910
5078
4658
3802
2661
1304
-78
-1330
-2213
-2732
-2757
-2245
-1246
-14
1218
2320
2993
3178
3024
2252
1085
-161
-1419
-2634
-3761
-4235
-4039
-3181
-2040
-844
114
961
1577
1890
1625
1044
338
-673
-1814
-2918
-3643
-3963
-4102
-3839
-3068
-2115
-1210
-537
-31
124
19
-174
-594
-1380
-2224
-3157
-3830
-3991
-4013
-3893
-3589
-3230
-2691
-2207
-1877
-1795
-1781
-1676
-1794
-2199
-2704
-3220
-3444
-3455
-3471
-3537
-3375
-2922
-2293
-1846
-1696
-1721
-1947
-2166
-2226
-2510
-2870
-3091
-3395
-3344
-3186
-2983
-2715
-2603
-2398
-2121
-2004
-1968
-1944
-1965
-2132
-2417
-3215
-4304
-5150
-5874
-6583
-7379
-7806
-8010
-7851
-7256
-6496
-5661
-4883
-4116
-3555
-3137
-2850
-3168
-3923
-4859
-5769
-6429
-7047
-7429
-7504
-7038
-6288
-5484
-4509
-3422
-2679
-2186
-1958
-1906
-2232
-2748
-3354
-3836
-4286
-4646
-4727
-4616
-4201
-3453
-2766
-2099
-1270
-618
-360
-353
-232
-79
-94
-229
-569
-661
-668
-579
-518
-190
414
913
1207
1403
1675
1893
1805
1807
1864
1806
1678
1548
1487
1445
1367
1244
1249
1333
1093
974
888
803
705
578
463
359
139
-54
-135
-20
171
203
261
288
166
48
27
-306
-827
-1533
-1928
-1692
-956
390
1706
2990
4133
4633
4392
3608
2655
1485
-5
-1513
-2711
-3475
-3624
-3391
-2506
-1378
-260
1037
2025
2357
2147
1549
689
-688
-2262
-3647
-4654
-5163
-5221
-4818
-3923
-2870
-1598
-478
219
489
369
47
-537
-1571
-2703
-3724
-4567
-5221
-5487
-5266
-4583
-3592
-2608
-1798
-1288
-1105
-1159
-1302
-1703
-2426
-3189
-3967
-4717
-5362
-5627
-5588
-5286
-4726
-4055
-3519
-3158
-3000
-3026
-3091
-3313
-3709
-4167
-4541
-4773
-4878
-4826
-4690
-4418
-4106
-3771
-3447
-3322
-3289
-3406
-3565
-3728
-3992
-4347
-4633
-4766
-4837
-4753
-4674
-4512
-4211
-4014
-3889
-3782
-3759
-3701
-3566
-3621
-4135
-4823
-5503
-6341
-7206
-8189
-8916
-9404
-9588
-9416
-9098
-8656
-7931
-6888
-5966
-5130
-4705
-4590
-4793
-5252
-6033
-6896
-7661
-8366
-8718
-8888
-8795
-8199
-7294
-6368
-5293
-4379
-3631
-3110
-2886
-2990
-3430
-3868
-4336
-4987
-5427
-5543
-5389
-5190
-4616
-3837
-3221
-2534
-1805
-1288
-997
-900
-828
-897
-1011
-1212
-1444
-1411
-1189
-879
-620
-415
18
547
892
984
983
1204
1375
1207
1119
899
709
838
848
813
844
829
850
834
811
717
646
474
307
125
-44
-311
-455
-300
69
272
149
193
359
293
225
215
-118
-924
-1958
-2945
-3317
-3273
-2599
-1464
-168
944
1761
2154
1975
1411
599
-368
-1444
-2189
-2685
-2922
-2576
-1852
-789
346
1236
1813
2070
1924
1270
445
-611
-1574
-2682
-3531
-3977
-4021
-3402
-2482
-1200
63
1020
1670
2002
1983
1457
712
-35
-814
-1602
-2456
-3026
-2928
-2401
-1703
-980
-95
676
1184
1493
1636
1491
954
166
-552
-1291
-1982
-2366
-2533
-2430
-2183
-1857
-1317
-590
-8
340
482
280
-147
-766
-1307
-1787
-2215
-2702
-2951
-2819
-2580
-2347
-2227
-2105
-1865
-1879
-2066
-2171
-2314
-2545
-2946
-3325
-3356
-3371
-3321
-3193
-3148
-3039
-3112
-3131
-2921
-2706
-2612
-2684
-2691
-2978
-3335
-3813
-4709
-5751
-6684
-7446
-7900
-8175
-8142
-7969
-7517
-6747
-5832
-4864
-4048
-3415
-3011
-2934
-3271
-4074
-4915
-5636
-6116
-6461
-6571
-6491
-6124
-5342
-4440
-3425
-2308
-1580
-1141
-961
-951
-1187
-1595
-2052
-2558
-2872
-3051
-2922
-2725
-2242
-1582
-947
-298
563
1192
1508
1521
1377
1259
1221
1072
840
740
757
916
1092
1467
1895
2202
2485
2699
3020
3169
3004
2764
2740
2816
2751
2548
2499
2410
2453
2388
2386
2406
2323
2191
2000
1724
1519
1422
1261
1274
1264
1252
1108
1013
1178
1145
1130
1239
1332
1374
1277
1081
880
1047
1551
2463
3842
5502
6884
7814
8230
7991
7116
5720
3736
1576
-474
-2176
-3421
-3837
-3354
-2385
-776
1244
3272
4959
5918
6032
5604
4744
3325
1383
-445
-1851
-3098
-3909
-4092
-3659
-2608
-1246
259
1434
2103
2435
2403
2034
1254
-104
-1667
-2853
-3798
-4555
-4835
-4614
-4021
-3196
-2099
-1022
-397
37
284
100
-432
-1181
-2046
-2900
-3520
-3993
-4270
-4483
-4533
-4213
-3675
-3047
-2810
-2839
-2796
-2777
-2760
-3005
-3195
-3267
-3274
-3144
-2854
-2659
-2258
-1873
-1775
-1516
-1283
-1195
-1261
-1506
-1756
-1888
-2056
-2250
-2321
-2111
-1716
-1422
-1119
-843
-679
-458
-374
-326
-341
-541
-825
-1253
-1712
-2481
-3486
-4511
-5222
-5816
-6264
-6391
-6097
-5450
-4843
-4089
-3140
-2160
-1490
-1187
-1377
-2019
-2743
-3529
-4497
-5529
-6357
-6782
-6591
-6014
-5428
-4600
-3776
-3128
-2308
-1657
-1416
-1602
-1946
-2355
-2975
-3645
-4199
-4565
-4757
-4777
-4431
-3812
-3089
-2374
-1625
-982
-557
-256
-137
-137
-256
-391
-567
-520
-548
-574
-386
-101
266
641
1016
1351
1552
1778
1956
1944
2091
2204
1993
1814
1915
1977
1920
1982
2041
2104
2006
1768
1728
1632
1444
1303
1117
866
725
786
912
843
852
1105
1294
1494
1556
1608
1512
1028
317
-428
-1000
-1129
-781
-246
608
1579
2625
3382
3442
2583
1544
485
-744
-2039
-3190
-3803
-3605
-2878
-1789
-384
1220
2491
3043
3160
2856
2228
1289
-33
-1560
-3164
-4424
-4938
-4791
-4216
-3205
-1938
-598
656
1592
2044
2117
1783
1114
358
-760
-1958
-2760
-3359
-3356
-2800
-2186
-1288
-341
494
1134
1674
1971
1857
1356
618
-134
-824
-1470
-1972
-2298
-2301
-1940
-1365
-810
-269
-32
138
425
634
472
141
-354
-821
-1313
-1455
-1373
-1382
-1423
-1253
-1055
-917
-911
-932
-1037
-1346
-1760
-2000
-2074
-2121
-2238
-2350
-2375
-2310
-2260
-2090
-1881
-1758
-1703
-1506
-1563
-1697
-1871
-2320
-2807
-3478
-4393
-5345
-6269
-6907
-7427
-7821
-7805
-7236
-6481
-5612
-4585
-3877
-3098
-2534
-2382
-2595
-3071
-3725
-4598
-5446
-6051
-6460
-6513
-5994
-5181
-4307
-3347
-2308
-1412
-737
-360
-252
-207
-433
-907
-1424
-1824
-2071
-2177
-2166
-1963
-1473
-680
186
930
1655
2164
2253
2186
2109
2074
1976
1887
1819
1918
2095
2302
2607
2861
3144
3411
3554
3776
3955
3974
3840
3655
3609
3634
3502
3357
3218
3114
3187
3248
3111
3044
2869
2693
2517
2358
2228
2137
1990
1898
1904
1865
1872
1976
2017
1975
2052
2125
2025
1913
1494
813
129
-228
-144
535
1661
3157
4665
5721
6408
6439
5942
5004
3738
2393
976
-323
-998
-1228
-1116
-407
934
2375
3568
4621
5124
5147
4816
4017
2788
1470
197
-868
-1633
-1848
-1482
-668
303
1299
2190
3042
3629
3725
3404
2822
1936
842
-196
-1060
-1601
-1861
-1810
-1373
-620
264
1116
1731
2045
2232
2023
1683
1115
230
-620
-1225
-1740
-2171
-2450
-2213
-1753
-1329
-803
-266
129
236
74
-238
-723
-1222
-1485
-1686
-1903
-2113
-1946
-1670
-1321
-1032
-874
-748
-657
-483
-465
-589
-961
-1281
-1440
-1604
-1698
-1715
-1758
-1505
-990
-769
-694
-724
-602
-304
-268
-427
-677
-973
-1573
-2514
-3502
-4328
-4971
-5554
-6073
-6077
-5644
-5069
-4387
-3694
-2787
-1847
-1206
-904
-1000
-1516
-2253
-3136
-3847
-4402
-4864
-5015
-5016
-4738
-3946
-2912
-1957
-1147
-598
-108
158
-4
-406
-913
-1434
-1977
-2427
-2769
-2810
-2518
-2136
-1572
-997
-300
481
992
1290
1541
1604
1561
1414
1176
967
945
1076
1200
1425
1813
2224
2590
2934
3131
3191
3138
3173
3261
3152
3146
3140
2998
3072
3112
3117
3016
2801
2747
2825
2773
2565
2305
2207
2052
1811
1796
1851
1810
1869
2109
2275
2365
2346
2125
2160
2246
2134
1707
1052
613
395
581
1481
2748
4263
5741
6462
6620
6403
5570
4357
3100
1516
137
-779
-1214
-1274
-698
345
1663
3030
4062
4520
4650
4488
3909
2894
1496
-13
-1291
-2233
-2617
-2264
-1624
-874
168
1300
2196
2723
2892
2735
2327
1367
280
-616
-1506
-2159
-2671
-2732
-2250
-1561
-623
215
902
1345
1559
1622
1248
577
-75
-795
-1672
-2291
-2578
-2615
-2304
-1861
-1373
-964
-698
-246
109
122
-275
-670
-1209
-1613
-1755
-1817
-1862
-1766
-1646
-1524
-1387
-1012
-475
-280
-200
-393
-539
-694
-1022
-1351
-1467
-1493
-1378
-1223
-1056
-751
-760
-743
-733
-603
-381
-309
-472
-653
-1026
-1655
-2460
-3218
-3957
-4810
-5706
-6234
-6275
-6233
-5684
-4916
-4077
-3118
-2323
-1837
-1604
-1574
-1716
-2228
-2838
-3607
-4439
-5071
-5222
-5112
-4882
-4373
-3610
-2762
-1767
-911
-303
-84
-172
-298
-630
-981
-1505
-2034
-2405
-2576
-2506
-2070
-1400
-578
39
762
1249
1680
2221
2302
2079
1969
1870
1729
1570
1617
1726
1794
2078
2468
2960
3232
3553
3939
3980
3837
3729
3671
3622
3522
3407
3422
3297
3279
3311
3342
3314
3274
3230
3093
2869
2688
2483
2331
2364
2186
2054
2138
2266
2306
2220
2171
2363
2540
2607
2380
1993
1391
697
317
430
1280
2658
3913
5309
6232
6674
6487
5771
4693
3191
1865
579
-592
-1212
-1261
-787
196
1466
2753
3968
4700
4986
4705
4013
3063
1800
513
-649
-1576
-2142
-2288
-1863
-915
216
1350
2394
3089
3385
3290
2836
2041
1217
235
-780
-1478
-1989
-2117
-1724
-1091
-353
507
1333
1961
2213
2227
1891
1546
1039
291
-437
-1140
-1573
-1816
-1838
-1662
-1332
-768
-267
205
449
383
296
46
-238
-557
-1029
-1329
-1405
-1278
-1126
-1096
-885
-442
-14
164
266
301
197
-169
-503
-524
-766
-1056
-989
-811
-836
-802
-523
-227
-30
81
262
420
346
159
-379
-983
-1688
-2366
-2951
-3886
-4780
-5330
-5615
-5563
-5255
-4540
-3646
-2706
-1835
-1077
-554
-440
-521
-1052
-1825
-2739
-3570
-4151
-4526
-4687
-4466
-3793
-2868
-2041
-1163
-259
483
866
886
711
248
-343
-760
-1093
-1522
-1721
-1615
-1461
-865
-103
591
1112
1687
2164
2262
2190
2054
1863
1475
1198
1085
1149
1584
2111
2548
2900
3024
2869
2320
1742
1237
726
342
376
777
1339
2037
2806
3488
3916
4041
3982
3576
2819
1902
1130
592
309
411
945
1839
2945
4145
5468
6470
6861
6814
6440
5692
4760
3802
3091
2631
2415
2364
2718
3676
5277
6963
8482
9645
10308
10182
9346
8099
6569
4777
3132
1748
910
594
665
1221
2285
3660
4877
5613
5884
5819
5397
4483
3244
2002
716
-395
-1281
-1798
-1852
-1367
-440
494
1344
2136
2854
3225
2944
2286
1389
385
-615
-1570
-2269
-2806
-2950
-2931
-2561
-1684
-752
-50
486
826
775
552
328
-143
-908
-1659
-2196
-2355
-2283
-1971
-1407
-812
-123
241
678
1298
1487
1210
772
640
683
564
438
308
516
708
921
1385
1736
1956
2246
2511
2458
2258
1894
1715
1366
937
782
761
684
822
1070
1318
1469
1529
1416
1186
1219
1480
1484
1125
453
-194
-919
-1836
-2803
-3677
-4505
-4884
-4881
-4703
-4127
-3434
-2771
-2111
-1429
-893
-600
-799
-1313
-1869
-2666
-3713
-4542
-5167
-5222
-5162
-5032
-4399
-3484
-2577
-1842
-1099
-578
-455
-643
-1135
-1719
-2342
-2975
-3602
-3908
-3997
-3922
-3584
-2944
-2291
-1581
-838
-326
-26
200
151
-99
-475
-994
-1588
-2135
-2415
-2437
-2183
-1663
-965
-164
626
1206
1455
1564
1393
768
155
-417
-821
-1342
-1573
-1597
-1232
-697
-31
497
778
967
960
602
-91
-908
-1693
-2378
-2885
-3134
-3162
-3007
-2650
-2251
-1868
-1423
-1164
-1286
-1857
-2779
-3972
-5212
-6031
-5991
-5197
-3793
-2064
-390
842
1441
1368
500
-807
-2324
-4067
-5746
-7194
-8243
-8458
-7840
-6515
-4709
-2858
-1276
-219
223
19
-630
-1718
-3136
-4662
-6001
-6939
-7374
-7362
-6724
-5574
-4171
-2813
-1451
-431
139
178
-236
-981
-1951
-2888
-3855
-4542
-4963
-4911
-4321
-3404
-2522
-1493
-561
164
684
917
760
283
-400
-1077
-1704
-2198
-2521
-2688
-2629
-2269
-1641
-1020
-568
-38
255
415
333
76
-370
-834
-1113
-1507
-1745
-1604
-1361
-1028
-726
-398
-172
120
183
125
92
-151
-510
-976
-1244
-1168
-908
-852
-691
-181
86
190
320
479
756
992
985
798
428
-39
-698
-1472
-2299
-3005
-3443
-3794
-3798
-3661
-3065
-2186
-1340
-366
600
1339
1699
1723
1692
1345
710
-3
-578
-816
-1026
-943
-496
164
953
1980
2983
3659
4037
4195
4058
3828
3401
2981
2621
2119
1666
1411
1396
1724
2241
2764
3325
3714
4097
4261
4311
4203
4029
3697
3264
3127
3057
2920
2857
2956
3096
3159
3404
3782
3974
4009
3939
3868
3771
3495
3360
3246
3102
2988
3002
3110
2969
2821
2809
2877
2811
2679
2485
2358
2114
1949
1931
1920
1888
1921
2050
2227
2156
2182
2207
2240
2348
2381
1995
1495
897
444
437
1206
2471
3950
5247
6058
6566
6517
5979
5046
3819
2688
1607
753
231
161
405
1271
2516
3726
4716
5554
6107
6052
5544
4620
3403
2157
1066
139
-306
-236
230
1006
2019
3246
4261
4974
5320
5252
4680
4038
3273
2236
1196
427
68
45
430
1155
2000
2740
3488
4073
4422
4494
4123
3495
2635
1863
1307
712
313
124
260
683
1193
1589
1902
2156
2402
2642
2477
2186
1881
1553
1248
1061
894
898
1044
1375
1568
1715
2072
2310
2269
2190
2143
2009
1781
1564
1479
1482
1459
1499
1682
1949
2008
2185
2441
2541
2773
2786
2784
2733
2462
2014
1293
480
-238
-1114
-1785
-2142
-2215
-2177
-1828
-1210
-474
285
980
1502
2155
2480
2220
1506
814
314
-212
-810
-1232
-1308
-917
-450
167
986
1878
2579
3002
3283
3175
2887
2544
1950
1038
285
-116
-290
-138
76
339
793
1294
1695
2131
2336
2320
2281
2105
1641
1255
967
626
498
553
508
626
1015
1265
1336
1392
1421
1514
1467
1368
1423
1285
969
645
545
582
507
498
472
576
677
389
65
-159
-271
-379
-399
-525
-874
-1057
-1036
-998
-1028
-914
-831
-835
-744
-585
-605
-996
-1555
-2173
-2571
-2422
-1589
-422
979
2515
3649
4291
4263
3577
2489
1236
-167
-1653
-3086
-4163
-4575
-4430
-3356
-1853
-327
1076
2214
2806
2842
2287
1346
160
-1220
-2751
-3942
-4695
-4946
-4807
-4108
-2860
-1677
-503
526
1041
1151
818
261
-458
-1429
-2521
-3656
-4491
-4601
-4301
-3734
-3109
-2199
-1119
-307
136
303
340
116
-396
-1177
-2103
-2737
-3245
-3702
-3717
-3406
-2845
-2157
-1603
-1312
-1119
-913
-845
-1113
-1381
-1731
-1963
-2225
-2143
-2082
-2082
-1762
-1302
-870
-545
-271
-214
-138
-153
-209
-521
-737
-887
-984
-947
-844
-859
-696
-286
117
339
393
434
668
773
608
367
-58
-610
-1340
-2297
-3217
-3817
-4192
-4478
-4705
-4552
-3809
-2889
-1921
-962
-22
590
707
454
18
-544
-1161
-1819
-2456
-2750
-2967
-2970
-2438
-1685
-771
99
822
1439
1813
1909
1912
1654
1058
394
-253
-802
-1058
-1159
-1172
-925
-394
197
663
1069
1469
1566
1416
1332
1216
1009
697
399
336
521
556
516
696
1056
1366
1616
1684
1666
1624
1585
1591
1434
1225
1199
1248
1273
1194
1191
1215
1129
1081
1082
961
682
444
264
285
92
-87
-84
127
336
448
278
257
393
575
529
509
446
167
-136
-195
149
791
