-4742
-4340
-3986
-3749
-3620
-3560
-3528
-3726
-4031
-4304
-4489
-4501
-4523
-4465
-4277
-4024
-3770
-3602
-3503
-3159
-2839
-2812
-2867
-3032
-3265
-3640
-4145
-5001
-6052
-6977
-7823
-8372
-8466
-8294
-8063
-7377
-6357
-5484
-4627
-3728
-3170
-2956
-3060
-3333
-4068
-5040
-5883
-6512
-6897
-7137
-6876
-6293
-5334
-4251
-3321
-2477
-1908
-1673
-1490
-1539
-2000
-2702
-3589
-4284
-4728
-4994
-5057
-4903
-4506
-4137
-3597
-2936
-2339
-2000
-2120
-2627
-3321
-4096
-4848
-5247
-5228
-4831
-3985
-2972
-1978
-1026
-657
-1068
-2298
-3827
-5451
-7521
-9563
-11102
-11721
-11435
-10451
-8940
-7322
-5670
-4564
-4183
-4399
-5220
-6721
-8692
-10619
-11968
-12621
-12680
-11889
-10250
-7881
-5280
-2774
-621
1027
1746
1650
1015
-196
-1791
-3471
-5180
-6453
-6731
-6050
-4371
-2003
686
3458
5589
6806
7075
6329
4625
2404
99
-2182
-4218
-5668
-6219
-5998
-5004
-3486
-1802
-231
685
1000
575
-524
-2098
-3934
-5877
-7799
-9343
-10160
-10186
-9439
-8002
-6347
-4831
-3786
-3227
-3179
-3537
-4166
-5406
-7011
-8592
-9977
-11084
-11763
-11933
-11387
-10226
-8834
-7401
-6224
-5403
-4869
-4797
-5118
-5957
-7087
-8339
-9531
-10505
-11295
-11588
-11129
-10667
-9854
-8444
-7022
-5662
-4524
-3969
-3792
-3633
-3474
-3625
-3933
-4015
-3927
-3593
-3093
-2696
-2257
-1829
-1317
-829
-528
-367
-604
-881
-1078
-1304
-1393
-1507
-1748
-1886
-1925
-1809
-1793
-1902
-2026
-2275
-2476
-2531
-2638
-2767
-2847
-3172
-3793
-4564
-5154
-5649
-6178
-6742
-6922
-6778
-6444
-5814
-5288
-4700
-4040
-3420
-3080
-3042
-3280
-3744
-4521
-5400
-6431
-7320
-7996
-8467
-8481
-8164
-7523
-6703
-5798
-5023
-4482
-4082
-3871
-3859
-4054
-4381
-4766
-5238
-5576
-5473
-5220
-4984
-4324
-3210
-2253
-1520
-723
251
1003
1329
1620
1867
1952
1710
1312
530
-487
-1481
-2547
-3612
-4542
-4795
-3910
-2131
-153
1838
3618
4822
5428
5280
4332
2740
742
-1296
-3005
-4045
-4215
-3577
-2159
-138
2036
3791
5110
6003
6252
5584
4158
2502
979
-348
-1475
-2050
-1604
-299
1551
3498
5141
6249
6890
7124
6849
6344
5953
5814
5983
6238
6528
6769
6821
6502
5867
5020
4025
2849
1660
759
-4
-408
-220
546
1531
2477
3349
4129
4717
4759
4329
3608
2565
1234
-106
-1268
-1965
-2236
-2227
-1819
-1038
-131
648
1170
1490
1555
1285
673
-158
-1087
-2038
-2948
-3645
-4155
-4341
-4256
-4064
-3830
-3359
-3000
-3007
-3013
-3180
-3333
-3432
-3909
-4240
-4435
-4647
-4585
-4378
-4007
-3581
-3232
-3009
-2965
-3123
-3254
-3236
-3294
-3619
-3852
-3850
-3741
-3398
-3037
-2695
-2258
-1633
-1180
-890
-704
-590
-687
-1025
-1336
-1763
-2227
-2570
-2912
-3061
-2938
-2668
-2401
-2391
-2168
-1809
-1593
-1435
-1404
-1271
-1727
-2563
-3685
-4898
-6074
-7341
-8574
-9589
-10112
-10245
-9926
-9076
-8156
-7139
-6032
-5136
-4558
-4390
-4548
-5029
-5847
-6837
-7828
-8777
-9438
-9790
-9785
-9340
-8716
-7819
-6982
-6301
-5683
-5295
-5128
-5296
-5714
-6124
-6796
-7427
-7855
-7925
-7795
-7552
-7050
-6431
-5729
-4974
-4346
-3847
-3328
-2967
-2638
-2469
-2532
-2482
-2360
-2228
-1926
-1545
-1219
-899
-551
-233
-36
86
-4
-12
-16
-101
-263
-468
-481
-515
-656
-698
-610
-566
-464
-601
-803
-879
-1086
-1304
-1678
-1972
-2134
-2339
-2656
-2844
-2763
-2498
-2148
-1990
-1835
-1686
-1764
-1818
-2011
-2599
-3327
-3771
-3873
-3347
-2398
-1108
35
957
1425
1313
681
-503
-1999
-3625
-5120
-6328
-7290
-7667
-7286
-6554
-5322
-3883
-2395
-1165
-802
-974
-1499
-2388
-3688
-5216
-6762
-7945
-8574
-8625
-8147
-7252
-6109
-4840
-3640
-2704
-2159
-1980
-2277
-2736
-3644
-4845
-5951
-7053
-7766
-7926
-7631
-6978
-6155
-5242
-4432
-3711
-3055
-2770
-2868
-3063
-3707
-4502
-5214
-5727
-6130
-6572
-6598
-6279
-5914
-5472
-5018
-4666
-4353
-4101
-4300
-4532
-4663
-5140
-5740
-6050
-6205
-6308
-6094
-5810
-5628
-5513
-5424
-5299
-5126
-5076
-5194
-5722
-6101
-6163
-6185
-6583
-6852
-6702
-6272
-5880
-5586
-5334
-5212
-5224
-5101
-4897
-4951
-5157
-5270
-5725
-6614
-7585
-8433
-9150
-9944
-10654
-10852
-10626
-10282
-9772
-8864
-7799
-6833
-6017
-5337
-5053
-5135
-5728
-6552
-7498
-8241
-8881
-9401
-9517
-9345
-8750
-7902
-6919
-5941
-5004
-4356
-3694
-3244
-3314
-3582
-4086
-4650
-5144
-5584
-5639
-5683
-5530
-5144
-4359
-3584
-2839
-2214
-1703
-1285
-1101
-1022
-843
-802
-1016
-1095
-1064
-956
-865
-627
-301
206
750
879
1009
1268
1509
1434
1434
1479
1200
840
928
1106
1141
1177
1003
945
911
744
609
619
613
434
52
-193
-296
-268
-312
-363
-168
72
239
352
471
514
546
240
-199
-811
-1324
-1319
-1002
-165
1157
2677
4044
4878
5051
4700
3905
2751
1171
-252
-1427
-2289
-2827
-2992
-2218
-1163
29
1455
2642
3271
3312
2901
2156
1160
15
-1228
-2445
-3343
-3578
-3507
-3010
-2174
-1052
-96
846
1592
1987
1749
1134
223
-974
-2001
-2949
-3682
-4202
-4202
-3609
-2898
-2184
-1475
-626
-146
102
-3
-371
-885
-1631
-2353
-3218
-3927
-4266
-4243
-4100
-3808
-3201
-2407
-1889
-1619
-1717
-1822
-1856
-1942
-2338
-2847
-3197
-3453
-3657
-3647
-3313
-2906
-2727
-2391
-2106
-2091
-2138
-2232
-2458
-2683
-3050
-3259
-3385
-3411
-3252
-3312
-3274
-3018
-2719
-2485
-2350
-2248
-2138
-2129
-2244
-2433
-2748
-3215
-3999
-5014
-6125
-7017
-7640
-8070
-8225
-8098
-7413
-6648
-5921
-5004
-4070
-3336
-3050
-3153
-3375
-3944
-4951
-5965
-6713
-7240
-7627
-7606
-7120
-6511
-5745
-4719
-3711
-2925
-2316
-2017
-2302
-2830
-3174
-3564
-4046
-4548
-4804
-4869
-4769
-4359
-3722
-3058
-2436
-1699
-1105
-780
-582
-588
-756
-881
-858
-781
-871
-937
-848
-622
-284
-10
203
545
953
1325
1522
1503
1482
1567
1549
1400
1267
1228
1227
1275
1205
1112
1115
1080
916
636
357
146
100
35
-102
-261
-282
-185
-206
-61
8
72
46
-81
-113
-330
-670
-1139
-1671
-1990
-1923
-1307
-25
1521
2877
3864
4219
3973
3368
2241
846
-603
-1780
-2881
-3714
-4255
-3993
-3015
-1690
-142
1147
1836
1972
1861
1304
254
-1154
-2618
-4108
-5105
-5588
-5524
-4917
-4082
-2968
-1642
-510
163
440
422
145
-728
-1876
-2939
-3933
-4684
-5018
-5064
-4878
-4327
-3618
-2831
-2189
-1620
-1109
-936
-1201
-1712
-2421
-3259
-3938
-4490
-4990
-5384
-5410
-5075
-4646
-4111
-3452
-3008
-2841
-2987
-3112
-3408
-3649
-3904
-4330
-4655
-4846
-4861
-4601
-4271
-3870
-3671
-3451
-3330
-3221
-3138
-3314
-3556
-3755
-3958
-4222
-4513
-4600
-4582
-4410
-4114
-3697
-3377
-3266
-3394
-3461
-3418
-3357
-3336
-3575
-4203
-5008
-5849
-6697
-7582
-8306
-8822
-9184
-9145
-8666
-7968
-7132
-6193
-5261
-4516
-4063
-3914
-4158
-4780
-5561
-6463
-7173
-7776
-8236
-8315
-8079
-7483
-6656
-5560
-4564
-3789
-3126
-2736
-2690
-2860
-3357
-3856
-4292
-4525
-4744
-4959
-4860
-4473
-4036
-3397
-2614
-1804
-1125
-616
-372
-300
-242
-379
-621
-852
-759
-628
-626
-368
93
479
926
1290
1492
1615
1723
1861
1912
1961
1930
1655
1582
1671
1595
1609
1753
1785
1887
1808
1571
1443
1335
1148
1093
981
870
642
468
514
716
827
674
674
1004
1027
839
681
350
-291
-1325
-2226
-2875
-3077
-2462
-1235
-22
1069
2019
2483
2235
1535
726
-105
-941
-1543
-2055
-2149
-1646
-960
-136
818
1752
2376
2527
2265
1722
882
-94
-1284
-2325
-2934
-3224
-3103
-2515
-1539
-408
645
1514
2171
2461
2211
1829
1364
637
-322
-1195
-1765
-2192
-2214
-1778
-1071
-142
727
1399
1849
2129
2092
1993
1727
943
63
-738
-1496
-1931
-1858
-1697
-1548
-1147
-514
-26
156
407
685
629
352
-143
-792
-1533
-2175
-2526
-2673
-2558
-2422
-2435
-2335
-2024
-1873
-1774
-1776
-1979
-2205
-2414
-2771
-2978
-3164
-3468
-3511
-3368
-3279
-3294
-3166
-2876
-2703
-2700
-2809
-2859
-2756
-2893
-3340
-3913
-4579
-5671
-6785
-7614
-8116
-8342
-8151
-7791
-7501
-6831
-5833
-4787
-3965
-3510
-3317
-3353
-3751
-4396
-5209
-5956
-6563
-6816
-6828
-6676
-6204
-5261
-4327
-3502
-2723
-1973
-1320
-956
-871
-1145
-1668
-2160
-2627
-3075
-3246
-3195
-2804
-2225
-1691
-1131
-482
407
1076
1331
1275
1186
1005
777
675
615
506
540
759
1016
1296
1506
1688
2101
2337
2530
2722
2668
2523
2284
1991
1819
1752
1846
1855
1798
1658
1596
1731
1619
1487
1280
944
694
531
481
519
492
331
193
226
404
326
297
480
690
782
508
227
216
389
934
2107
3594
5122
6442
7363
7628
7361
6464
4820
2765
524
-1624
-3304
-4524
-5029
-4651
-3240
-1305
783
2763
4506
5556
5737
5312
4480
2959
1016
-876
-2612
-4073
-4977
-4935
-4337
-3258
-1841
-433
791
1703
2086
1887
1306
466
-835
-2424
-3933
-5130
-5744
-5878
-5628
-4838
-3997
-2954
-1834
-1006
-487
-369
-448
-964
-1739
-2649
-3744
-4496
-4995
-5282
-5422
-5359
-5059
-4613
-4261
-3851
-3569
-3406
-3568
-3831
-3978
-4220
-4387
-4317
-4134
-3742
-3289
-3014
-2576
-2290
-2098
-1949
-1863
-1783
-1944
-2175
-2415
-2725
-2733
-2687
-2419
-2196
-1900
-1595
-1326
-1188
-1047
-748
-582
-707
-853
-1154
-1641
-2321
-3112
-3721
-4660
-5726
-6574
-7078
-6900
-6452
-5861
-5055
-4209
-3432
-2398
-1609
-1355
-1601
-2184
-2846
-3672
-4599
-5404
-6098
-6426
-6295
-5906
-5451
-4781
-3970
-3094
-2421
-2155
-1938
-1891
-2281
-3015
-3674
-4224
-4712
-5054
-5049
-4846
-4544
-4012
-3426
-2758
-1993
-1391
-954
-620
-374
-375
-624
-841
-821
-776
-913
-970
-654
-92
463
889
1210
1475
1713
1892
2085
2226
2245
2241
2141
2032
2017
2149
2087
2017
2066
2066
2042
2135
2026
1681
1575
1338
1188
1186
1107
1277
1301
1304
1539
1713
1771
1552
1569
1726
1611
1192
390
-467
-987
-1062
-850
-251
693
1739
2652
3297
3336
2793
1749
419
-868
-1921
-2807
-3327
-3134
-2458
-1359
-155
1252
2755
3637
3723
3440
2790
1700
249
-1274
-2736
-4098
-4745
-4530
-3970
-3074
-1834
-425
780
1679
2211
2165
1791
1136
256
-761
-1787
-2414
-2772
-2868
-2421
-1715
-953
-199
574
1324
2003
2298
2091
1541
848
217
-466
-1172
-1630
-1956
-1969
-1417
-910
-361
168
555
882
1056
931
761
610
204
-349
-674
-936
-1109
-1244
-1249
-1004
-739
-641
-662
-811
-924
-1045
-1344
-1676
-1911
-2185
-2462
-2637
-2578
-2420
-2230
-1970
-1791
-1948
-1931
-1609
-1523
-1664
-1960
-2340
-2951
-3820
-4554
-5269
-6037
-6723
-7311
-7739
-7881
-7452
-6586
-5715
-4819
-3996
-3349
-2831
-2768
-2913
-3338
-4049
-4901
-5694
-6332
-6651
-6629
-6181
-5467
-4484
-3577
-2638
-1693
-989
-622
-483
-559
-731
-1074
-1507
-2131
-2526
-2600
-2592
-2154
-1586
-852
-68
693
1331
1924
2339
2351
2353
2512
2466
2189
1971
1739
1592
1867
2214
2695
3019
3179
3405
3631
3684
3736
3766
3749
3686
3681
3668
3543
3249
2983
2942
3019
2916
2735
2762
2717
2579
2328
2082
1956
1716
1552
1581
1576
1627
1729
2061
2145
2125
2195
2072
1872
1458
854
226
-134
-254
77
1219
2809
4414
5531
6070
6235
5864
4841
3499
2201
956
-253
-1099
-1467
-1254
-448
987
2441
3567
4513
5138
5110
4594
3682
2571
1276
20
-963
-1715
-2027
-1657
-699
395
1464
2437
3131
3528
3505
3190
2717
1983
782
-411
-1168
-1645
-1919
-1706
-1105
-328
400
1058
1652
1999
2053
1886
1469
932
295
-447
-1265
-1932
-2301
-2197
-1815
-1289
-902
-553
-291
41
99
21
-247
-658
-999
-1281
-1669
-2003
-2292
-2320
-2028
-1550
-1142
-880
-737
-709
-617
-629
-922
-1142
-1278
-1468
-1728
-1809
-1685
-1581
-1306
-1013
-805
-662
-378
-233
-339
-377
-419
-617
-1172
-1830
-2565
-3432
-4251
-4860
-5445
-5828
-5892
-5592
-5030
-4510
-3859
-2932
-1961
-1310
-1026
-1062
-1512
-2080
-2720
-3500
-4209
-4841
-5227
-5087
-4595
-3803
-2792
-1874
-1090
-393
30
122
36
-236
-645
-1257
-1833
-2215
-2383
-2543
-2410
-1788
-1082
-390
215
810
1287
1546
1647
1677
1610
1520
1527
1545
1441
1233
1289
1505
1962
2318
2682
3169
3323
3222
3265
3402
3505
3731
3585
3323
3140
3182
3313
3141
3042
3255
3426
3192
2945
2798
2651
2427
2290
2148
2156
2341
2402
2326
2380
2472
2497
2512
2512
2586
2625
2445
2009
1312
725
588
992
1880
3014
4394
5629
6520
6825
6603
5840
4489
3005
1583
447
-340
-914
-1003
-459
615
2006
3329
4330
4854
4966
4629
3978
2898
1523
267
-947
-1767
-2078
-2022
-1529
-614
494
1464
2271
2863
3040
2792
2302
1471
494
-395
-1239
-2112
-2644
-2504
-1932
-1253
-531
355
1073
1600
1886
1858
1507
992
426
-351
-1226
-1866
-2107
-2108
-2087
-1881
-1256
-634
-227
113
178
113
-14
-223
-556
-1075
-1273
-1332
-1469
-1250
-1028
-860
-571
-188
-72
-88
-66
34
-64
-294
-619
-905
-1114
-1224
-1216
-1134
-860
-633
-301
-24
16
138
73
-36
116
-84
-633
-1189
-1946
-2790
-3797
-4876
-5609
-5972
-5995
-5785
-5131
-4295
-3613
-3008
-2212
-1494
-1095
-1107
-1415
-1917
-2542
-3428
-4363
-5007
-5319
-5243
-4775
-4222
-3434
-2487
-1619
-791
-279
53
273
-102
-506
-1054
-1498
-1741
-1853
-1877
-2006
-1724
-1275
-783
45
848
1499
1965
2105
2167
2190
2186
2123
2006
1927
1965
1952
2101
2567
2977
3163
3369
3644
3868
4088
4226
4235
4241
4132
3857
3763
3698
3644
3645
3783
3773
3534
3396
3461
3533
3381
3140
3075
3000
2671
2510
2655
2816
2801
2890
2941
2905
2876
2991
3033
2831
2344
1639
955
823
1253
1973
3187
4595
5776
6599
6978
6837
6117
5001
3754
2287
979
-81
-688
-684
-296
531
1873
3205
4312
5181
5574
5315
4645
3679
2359
1111
-119
-1177
-1772
-1838
-1310
-370
624
1562
2474
3091
3525
3460
3000
2285
1551
797
-310
-1251
-1595
-1610
-1284
-574
356
1075
1721
2321
2654
2733
2465
1774
1085
367
-273
-960
-1420
-1464
-1351
-1054
-828
-393
181
643
904
970
701
324
51
-269
-545
-793
-820
-887
-861
-687
-375
-66
145
345
461
320
195
-62
-342
-547
-731
-787
-703
-635
-645
-550
-314
-81
174
313
549
564
394
396
313
-180
-1004
-1904
-2763
-3818
-4656
-5121
-5237
-5196
-5069
-4564
-3332
-2200
-1509
-1019
-596
-522
-801
-1307
-1880
-2501
-3257
-4059
-4492
-4495
-4241
-3634
-2820
-1867
-871
-24
490
794
797
522
133
-323
-737
-1128
-1464
-1645
-1520
-1191
-623
34
777
1524
2031
2398
2490
2436
2231
1958
1720
1694
1655
1678
2041
2485
2909
3135
3163
2868
2363
1763
1334
1058
814
606
588
1301
2268
3100
3791
4317
4502
4218
3793
3037
2126
1177
468
247
584
1250
2289
3433
4769
5900
6684
7236
7324
6851
6088
5228
4420
3763
3158
2830
2837
3211
4237
5710
7327
8997
10173
10735
10629
9806
8413
6918
5281
3609
2317
1322
845
1015
1752
2874
4126
5247
6025
6404
6405
5813
4752
3487
2081
855
-100
-801
-1234
-1265
-903
11
924
1724
2560
3031
3049
2765
2093
1264
555
-259
-1269
-2058
-2430
-2635
-2396
-1735
-1026
-479
146
765
1185
1207
896
308
-244
-875
-1519
-1936
-2221
-2317
-1987
-1431
-656
107
712
1167
1464
1459
1198
1015
1091
1044
800
545
426
545
963
1453
1780
2185
2655
2713
2635
2565
2429
2156
1647
1353
1249
1059
938
1047
1248
1519
1629
1573
1558
1708
1735
1663
1494
1234
839
373
-215
-1026
-1748
-2605
-3523
-4115
-4573
-4700
-4538
-4150
-3522
-2708
-1811
-1116
-612
-474
-687
-1218
-1924
-2900
-3748
-4198
-4749
-5218
-5317
-4739
-3918
-3208
-2463
-1555
-895
-604
-584
-882
-1298
-1879
-2345
-2959
-3581
-3835
-3836
-3767
-3478
-3019
-2322
-1531
-901
-293
119
284
199
-139
-629
-856
-1294
-1866
-2290
-2202
-1845
-1345
-675
135
867
1393
1606
1581
1358
982
338
-475
-1051
-1311
-1341
-1231
-1037
-771
-138
437
755
920
889
471
-54
-693
-1544
-2343
-2883
-3098
-3098
-2836
-2497
-2015
-1699
-1298
-1018
-1031
-1387
-2482
-3844
-4830
-5549
-5743
-4965
-3464
-1792
-225
1124
1706
1589
899
-337
-1985
-3961
-5782
-7315
-8264
-8434
-7672
-6412
-4721
-2869
-1210
-68
351
216
-507
-1692
-3309
-4782
-5950
-6728
-7019
-6971
-6416
-5228
-3802
-2387
-1184
-423
3
-35
-406
-1006
-1829
-2872
-3924
-4555
-4729
-4517
-3918
-3139
-2146
-977
72
782
1034
1064
798
385
-360
-1175
-1919
-2229
-2352
-2448
-2316
-1715
-1117
-551
-30
343
558
584
540
245
-256
-680
-1089
-1310
-1537
-1464
-1173
-702
-171
107
215
445
618
508
190
-135
-197
-412
-781
-946
-877
-664
-485
-45
288
350
406
707
980
933
948
925
540
55
-452
-1258
-2117
-2984
-3466
-3599
-3568
-3228
-2692
-1924
-926
112
916
1580
1989
2014
1845
1534
963
323
-289
-770
-1034
-998
-509
247
1212
2081
3057
3821
4385
4604
4502
4264
3771
3218
2582
1995
1672
1666
1851
1964
2443
3075
3549
3941
4288
4504
4550
4417
4199
3865
3594
3414
3169
2923
2888
3072
3252
3367
3510
3829
4071
4151
4042
3875
3773
3681
3485
3287
3186
3249
3276
3267
3226
3213
3289
3091
3047
2979
2876
2486
2251
2251
2197
2094
2082
2131
2186
2276
2466
2484
2501
2546
2553
2512
2159
1468
732
410
660
1522
2817
4151
5529
6625
7224
7008
6220
5153
3938
2691
1451
465
-211
-390
23
1244
2663
4077
5202
5951
6309
6067
5362
4579
3512
2333
1028
-20
-437
-206
399
1241
2143
3118
3986
4599
4920
4942
4629
3936
3138
2064
902
-29
-444
-272
315
1006
1720
2516
3147
3546
3823
3912
3770
3404
2871
2341
1518
842
450
213
304
539
1122
1717
2069
2319
2522
2533
2344
2076
1703
1391
1058
705
591
770
1136
1454
1858
2082
2326
2530
2590
2578
2350
2225
1946
1623
1413
1390
1427
1651
1914
2151
2449
2753
2817
2804
2863
2960
2971
2897
2662
2137
1434
702
-121
-893
-1568
-2103
-2289
-2229
-1706
-957
-360
425
1320
1983
2374
2482
2351
1860
1217
388
-347
-921
-1329
-1365
-1079
-593
82
887
1695
2453
3028
3188
3067
2835
2468
1874
1220
508
-178
-427
-381
-143
208
554
967
1589
2059
2169
2275
2219
2001
1625
1136
703
497
560
598
707
858
1011
1212
1345
1561
1618
1733
1857
1636
1364
1166
1052
971
864
885
879
768
671
630
606
536
422
151
-200
-271
-106
-151
-447
-699
-762
-670
-501
-394
-349
-369
-352
-233
-383
-880
-1537
-2161
-2562
-2529
-1948
-946
492
2067
3322
4123
4282
3709
2708
1314
42
-1467
-2871
-3592
-3915
-3711
-3072
-1950
-557
740
1821
2663
2723
2027
1075
37
-1313
-2670
-4033
-4811
-4921
-4518
-3709
-2705
-1553
-479
376
993
1173
870
411
-498
-1701
-2762
-3478
-3832
-4015
-3810
-3287
-2402
-1432
-588
123
677
827
612
28
-510
-1073
-1682
-2312
-2891
-3189
-3088
-2718
-2376
-1999
-1503
-1007
-758
-645
-699
-814
-922
-1224
-1593
-1805
-1870
-1962
-1889
-1764
-1417
-1002
-468
3
70
-121
-268
-473
-638
-777
-820
-1063
-1175
-976
-708
-550
-287
96
351
588
624
597
574
665
544
24
-580
-1300
-1966
-2830
-3587
-4085
-4579
-4676
-4269
-3567
-2760
-1773
-781
2
623
1029
932
232
-613
-1384
-1920
-2246
-2587
-2708
-2563
-2128
-1561
-652
431
1303
1794
2068
2234
1938
1508
982
386
-153
-681
-1122
-1184
-977
-621
-121
530
1104
1560
1917
2063
1992
1710
1308
1087
829
558
356
284
542
898
1118
1321
1384
1382
1533
1587
1679
1866
1851
1551
1419
1301
1193
1012
1124
1195
1147
1303
1394
1291
1186
1153
888
740
674
406
194
199
278
139
70
348
512
719
798
652
618
598
564
336
140
514
1186
