-4631
-4353
-4133
-3903
-3908
-3952
-3986
-4262
-4433
-4539
-4676
-4727
-4874
-4918
-4760
-4560
-4228
-3995
-3967
-3794
-3526
-3362
-3303
-3342
-3570
-4029
-4648
-5497
-6407
-7290
-8004
-8456
-8641
-8561
-8371
-7736
-6936
-6168
-5331
-4489
-3850
-3415
-3390
-3747
-4422
-5309
-6091
-6614
-6957
-6943
-6588
-5884
-4985
-3986
-3088
-2273
-1678
-1498
-1539
-1654
-1985
-2392
-3062
-3782
-4237
-4526
-4551
-4331
-3837
-3320
-2811
-2268
-1835
-1629
-1734
-2211
-2814
-3739
-4564
-5013
-5082
-4660
-3955
-2984
-1831
-919
-666
-1042
-2247
-3877
-5842
-7742
-9608
-11145
-11974
-11727
-10658
-9170
-7569
-6137
-5003
-4450
-4846
-5867
-7255
-9020
-10951
-12392
-13058
-13029
-12173
-10505
-8244
-5649
-3248
-1111
528
1310
1259
698
-514
-1987
-3724
-5357
-6292
-6218
-5177
-3064
-401
2384
5052
6995
7938
7665
6463
4627
2238
-433
-3135
-5333
-6695
-7285
-6858
-5366
-3460
-1446
319
1404
1841
1690
570
-1287
-3552
-5871
-7944
-9546
-10477
-10672
-9968
-8797
-7305
-5647
-4310
-3409
-3210
-3338
-4210
-5663
-7326
-9128
-10671
-11998
-12998
-13283
-12651
-11647
-10471
-9008
-7483
-6391
-5648
-5375
-5709
-6372
-7443
-8991
-10403
-11662
-12303
-12503
-12182
-11640
-10763
-9636
-8390
-7141
-6174
-5562
-5136
-4828
-4646
-4665
-4747
-4690
-4533
-4131
-3591
-2927
-2406
-1948
-1596
-1270
-936
-752
-810
-1132
-1474
-1562
-1625
-1882
-2191
-2041
-1790
-1526
-1482
-1497
-1566
-1704
-1935
-2086
-2195
-2123
-2453
-3138
-3758
-4395
-5001
-5581
-6197
-6594
-6659
-6587
-6220
-5800
-5215
-4596
-3819
-3157
-2964
-2864
-2926
-3669
-4654
-5631
-6512
-7413
-8194
-8681
-8632
-8419
-8129
-7384
-6369
-5447
-4797
-4259
-4019
-4028
-4440
-5060
-5555
-5954
-6186
-6204
-6030
-5494
-4614
-3663
-2864
-2049
-1240
-359
296
699
1053
1154
1183
1059
804
183
-701
-1870
-2994
-3948
-4719
-4819
-3947
-2383
-465
1681
3478
4656
5223
5032
4162
2651
700
-1261
-2973
-4082
-4253
-3369
-1784
243
2239
3918
5299
6174
6294
5761
4624
3111
1465
-118
-1197
-1721
-1465
-304
1474
3623
5465
6783
7701
8045
8059
7862
7751
7834
7905
7979
7883
7411
6851
6197
5476
4458
3269
2041
1034
132
-402
-400
2
709
1787
3028
4015
4758
5068
4908
4492
3575
2318
868
-474
-1352
-2078
-2411
-2390
-1934
-1208
-655
-178
400
710
568
203
-294
-970
-1907
-2965
-3809
-4369
-4726
-4779
-4721
-4594
-4440
-4193
-4228
-4257
-4189
-4223
-4329
-4577
-4913
-5094
-5159
-5170
-4975
-4762
-4537
-4270
-3916
-3723
-3706
-3841
-4210
-4250
-4264
-4412
-4472
-4464
-4146
-3466
-3183
-2846
-2216
-1670
-1165
-976
-946
-932
-1021
-1347
-1751
-2176
-2530
-2905
-3042
-3005
-2938
-2713
-2394
-2255
-2181
-1716
-1211
-1019
-1248
-1591
-1902
-2610
-3667
-4987
-6430
-7637
-8741
-9556
-9993
-9974
-9754
-9241
-8382
-7473
-6249
-5085
-4378
-4253
-4584
-5102
-5885
-6969
-7996
-8904
-9742
-10084
-10090
-9814
-9156
-8430
-7608
-6779
-6235
-5873
-5704
-5807
-6083
-6538
-7252
-7956
-8337
-8471
-8357
-8195
-7907
-7347
-6674
-5947
-5360
-4897
-4448
-4004
-3718
-3461
-3327
-3206
-3059
-2994
-2802
-2552
-2242
-1733
-1254
-881
-548
-433
-428
-389
-555
-768
-881
-1014
-1126
-1306
-1255
-1151
-1222
-1339
-1202
-977
-980
-1219
-1527
-1727
-1762
-1869
-2143
-2425
-2613
-2641
-2651
-2443
-2213
-2189
-2193
-1951
-1905
-2101
-2301
-2748
-3475
-3996
-4004
-3639
-2769
-1483
-101
754
1228
1150
406
-778
-2239
-3781
-5438
-6782
-7772
-8278
-8142
-7137
-5648
-4126
-2749
-1818
-1375
-1379
-1905
-2855
-4095
-5598
-6983
-8169
-8971
-9191
-8805
-7869
-6738
-5204
-3954
-3078
-2574
-2373
-2651
-3415
-4335
-5361
-6443
-7516
-8308
-8573
-8400
-7842
-6922
-5938
-5050
-4103
-3362
-3152
-3415
-3752
-4151
-4658
-5372
-6125
-6729
-7026
-6955
-6806
-6557
-5754
-4918
-4602
-4546
-4440
-4449
-4673
-5097
-5578
-5957
-6103
-6328
-6470
-6142
-5927
-5924
-5707
-5549
-5253
-5141
-5213
-5449
-5624
-5777
-5986
-6300
-6537
-6636
-6494
-6314
-6065
-5613
-5169
-4999
-4897
-4818
-4700
-4630
-4860
-5272
-5882
-6627
-7475
-8283
-9115
-9878
-10530
-10863
-10773
-10333
-9449
-8515
-7771
-7050
-6220
-5522
-5302
-5349
-5554
-6194
-7283
-8339
-8992
-9377
-9588
-9465
-8730
-7820
-7034
-5989
-4904
-4131
-3518
-3057
-2972
-3320
-3937
-4533
-5121
-5535
-5582
-5511
-5255
-4755
-4255
-3554
-2735
-1976
-1443
-1017
-763
-683
-776
-768
-759
-849
-972
-879
-570
-257
95
395
779
1251
1623
1859
2041
2102
2012
1806
1618
1600
1545
1437
1340
1368
1354
1329
1358
1280
1174
1097
848
403
330
248
169
121
187
262
311
467
662
714
826
926
901
719
207
-426
-798
-955
-600
361
1818
3341
4610
5294
5364
5110
4365
3159
1963
678
-730
-1881
-2429
-2291
-1701
-647
712
1988
3043
3577
3803
3595
2778
1623
348
-971
-2191
-2988
-3325
-3188
-2404
-1382
-415
632
1599
2254
2419
2160
1600
640
-551
-1726
-2672
-3296
-3611
-3638
-3381
-2680
-1582
-623
-45
471
694
638
288
-316
-1150
-1951
-2593
-3268
-3607
-3578
-3341
-3119
-2820
-2255
-1810
-1383
-1203
-1154
-1291
-1582
-2034
-2485
-2883
-2991
-3042
-3048
-2972
-2751
-2476
-2204
-1922
-1637
-1514
-1742
-2049
-2412
-2716
-2851
-2919
-2914
-2887
-2876
-2682
-2468
-2257
-2105
-1978
-1805
-1672
-1526
-1548
-1835
-2312
-3037
-3929
-4828
-5713
-6535
-7236
-7738
-7966
-7812
-7247
-6441
-5485
-4439
-3633
-3212
-2911
-2831
-3185
-3776
-4558
-5489
-6422
-7089
-7161
-6966
-6741
-6185
-5181
-4038
-3070
-2541
-2113
-1789
-1844
-2157
-2618
-3120
-3622
-4131
-4717
-4815
-4439
-3938
-3401
-2885
-2272
-1590
-1007
-615
-534
-553
-614
-748
-894
-959
-979
-950
-729
-551
-424
-146
286
765
1023
1271
1568
1699
1700
1701
1533
1385
1239
1152
1234
1405
1502
1456
1362
1095
920
703
507
184
13
-57
-47
-93
-253
-215
-136
-104
91
165
190
184
-10
-94
-247
-1027
-1948
-2272
-1990
-1093
202
1595
3105
4181
4543
4312
3389
2293
1061
-568
-2194
-3427
-4040
-4239
-3915
-2854
-1516
-50
1205
2031
2326
2142
1372
306
-961
-2357
-3614
-4636
-5297
-5419
-4854
-3958
-2814
-1706
-823
-8
299
123
-214
-1037
-2181
-3168
-4099
-4921
-5591
-5621
-5184
-4498
-3642
-2745
-2028
-1551
-1195
-1222
-1398
-1892
-2709
-3582
-4548
-5252
-5557
-5724
-5576
-5208
-4733
-4213
-3606
-3129
-2941
-3094
-3217
-3482
-4028
-4459
-4936
-5166
-5109
-5138
-5024
-4777
-4397
-3936
-3669
-3502
-3504
-3603
-3613
-3762
-4143
-4317
-4414
-4769
-4860
-4733
-4475
-4124
-3978
-3817
-3696
-3616
-3536
-3331
-3204
-3383
-3824
-4382
-5155
-6030
-7200
-8126
-8753
-9163
-9254
-9193
-8718
-7997
-7266
-6416
-5631
-5034
-4491
-4247
-4424
-4942
-5777
-6551
-7243
-7900
-8357
-8350
-8151
-7647
-6705
-5634
-4703
-3904
-3332
-2990
-2899
-3048
-3333
-3792
-4275
-4618
-4998
-5261
-5230
-4784
-4162
-3539
-2830
-1981
-1401
-998
-754
-620
-715
-892
-997
-940
-923
-1064
-933
-681
-339
206
632
968
1150
1366
1626
1739
1733
1646
1589
1525
1477
1471
1402
1361
1444
1598
1593
1547
1524
1431
1246
1209
1031
725
610
465
430
406
532
732
774
731
827
953
889
696
359
-282
-997
-1555
-1816
-1519
-646
692
2132
3249
3948
4089
3701
2809
1656
525
-590
-1620
-2389
-2763
-2404
-1410
-122
1118
2109
2771
3200
3086
2600
1542
328
-879
-2245
-3176
-3645
-3707
-3195
-2201
-992
-92
686
1610
2148
2203
1722
1145
324
-671
-1540
-2321
-2764
-2779
-2477
-1882
-1071
-309
462
1103
1440
1501
1272
854
137
-671
-1452
-1984
-2334
-2745
-2858
-2609
-2002
-1361
-898
-420
-139
33
-18
-391
-868
-1330
-1876
-2250
-2331
-2535
-2646
-2620
-2225
-1895
-1616
-1360
-1196
-1237
-1444
-1746
-2091
-2385
-2569
-2696
-2760
-2904
-2709
-2388
-2114
-1912
-1749
-1848
-1867
-1773
-1781
-1744
-1879
-2334
-3111
-4030
-4851
-5802
-6633
-7403
-7842
-7727
-7388
-6790
-6244
-5252
-4086
-3240
-2708
-2505
-2627
-3118
-3876
-4847
-5610
-6119
-6674
-6785
-6309
-5768
-4987
-4140
-3438
-2574
-1804
-1275
-993
-1055
-1285
-1772
-2422
-2869
-3261
-3629
-3649
-3386
-2851
-2315
-1648
-851
-55
509
747
872
874
822
637
448
475
553
529
558
762
1057
1398
1778
2024
2013
2020
2231
2390
2506
2565
2397
2095
2063
2124
2224
2074
1854
1864
1766
1612
1427
1302
1139
1089
935
706
672
675
584
555
695
710
668
701
740
762
834
723
210
-145
-179
93
765
1892
3250
4569
5745
6409
6210
5412
4229
2779
1036
-812
-2523
-3531
-4039
-3827
-2741
-1315
341
2035
3561
4492
4655
4203
3232
1840
258
-1324
-2809
-3942
-4415
-4422
-3818
-2601
-1198
-11
942
1668
1881
1655
886
-103
-957
-1896
-2915
-3825
-4464
-4615
-4385
-3806
-2784
-1799
-943
-359
95
168
-31
-599
-1379
-2175
-2922
-3526
-4000
-4265
-4199
-4025
-3837
-3324
-2705
-2472
-2274
-2151
-2133
-2376
-2937
-3211
-3369
-3576
-3449
-3280
-3075
-2811
-2395
-1986
-1741
-1680
-1595
-1639
-1716
-1688
-2016
-2476
-2749
-2787
-2685
-2404
-2079
-1651
-1619
-1596
-1454
-1199
-1145
-1161
-1027
-1174
-1628
-2356
-3205
-4130
-5187
-6193
-6811
-7052
-6913
-6698
-6427
-5793
-4758
-3717
-2821
-2107
-1731
-1764
-2307
-3006
-3689
-4470
-5367
-6111
-6439
-6587
-6269
-5551
-4547
-3582
-2593
-1937
-1426
-1212
-1277
-1452
-2069
-2704
-3236
-3673
-3978
-4189
-4055
-3643
-3057
-2512
-1688
-832
-223
235
509
618
534
237
33
-16
23
87
221
552
975
1379
1705
1865
1998
2317
2440
2436
2536
2395
2290
2253
2289
2414
2342
2287
2318
2348
2329
2212
2271
2277
2240
2078
1816
1709
1530
1354
1512
1601
1522
1585
1656
1844
1883
1841
1917
1866
1434
824
-115
-730
-722
-76
953
2252
3570
4538
4937
4737
4166
3143
1896
586
-742
-1777
-2286
-2329
-1798
-748
528
1885
2947
3676
3931
3935
3304
2270
839
-679
-2076
-3166
-3659
-3633
-2944
-1978
-837
352
1395
2189
2528
2440
2070
1480
560
-551
-1629
-2439
-2964
-2909
-2384
-1552
-729
256
1128
1701
1904
1908
1825
1425
724
-84
-796
-1670
-2110
-2133
-1982
-1690
-1269
-747
-240
120
356
458
651
479
-173
-712
-1106
-1330
-1514
-1534
-1539
-1382
-1140
-814
-641
-627
-655
-673
-795
-1064
-1324
-1552
-1690
-1808
-1839
-1833
-1800
-1726
-1433
-1259
-1249
-1129
-1095
-1011
-1113
-1411
-1660
-2143
-2770
-3632
-4714
-5669
-6406
-6954
-7077
-6926
-6547
-5821
-4972
-4094
-2991
-2210
-1809
-1644
-2004
-2605
-3381
-4197
-4833
-5453
-5874
-5954
-5570
-4798
-3894
-3097
-2265
-1262
-647
-397
-42
0
-351
-876
-1405
-1889
-2320
-2459
-2305
-1825
-1216
-623
12
650
1186
1684
2066
2396
2420
2111
2083
2022
1796
1701
1749
1940
2342
2732
3040
3329
3564
3838
4155
4250
4151
3975
3778
3668
3627
3515
3394
3377
3327
3388
3394
3216
3207
3262
2975
2494
2286
2246
2267
2091
2151
2197
2111
2070
2207
2393
2411
2320
2409
2360
1874
1187
731
496
453
1025
2330
3684
4920
5951
6445
6523
6029
5047
3847
2461
1056
-140
-1027
-1317
-892
-58
1036
2275
3626
4685
5060
4926
4562
3788
2624
1282
-40
-1137
-1882
-2184
-1826
-1105
-97
1107
2211
3079
3456
3467
3098
2491
1600
541
-597
-1555
-2340
-2578
-2178
-1625
-897
-89
787
1528
1984
2091
1888
1450
782
-57
-787
-1509
-2053
-2253
-2248
-2041
-1663
-1234
-724
-373
-81
61
-32
-347
-748
-1238
-1597
-1636
-1834
-1905
-1785
-1676
-1501
-1051
-582
-316
-153
-210
-452
-608
-791
-1021
-1253
-1625
-1819
-1557
-1376
-1230
-1015
-821
-688
-743
-547
-365
-536
-720
-1008
-1389
-1933
-2709
-3509
-4499
-5342
-5742
-5956
-6144
-5847
-5175
-4333
-3515
-2767
-1869
-1091
-910
-1036
-1435
-2183
-3099
-4026
-4891
-5311
-5474
-5257
-4762
-4097
-3336
-2379
-1430
-775
-364
-197
-362
-830
-1384
-1871
-2265
-2470
-2743
-2847
-2604
-2164
-1628
-959
-272
340
895
1268
1483
1430
1180
1126
1085
1002
945
974
924
1192
1624
2000
2355
2536
2718
2858
2984
3167
3267
3147
2976
2913
2921
2900
2875
2725
2670
2686
2572
2527
2526
2425
2324
2293
2056
1821
1696
1704
1649
1607
1657
1839
2086
2254
2106
2124
2061
1799
1388
644
42
-82
383
1393
2666
4115
5383
6222
6389
5927
4888
3780
2562
1246
6
-921
-1499
-1576
-1019
-10
1365
2822
3871
4398
4611
4408
3625
2391
1045
-250
-1341
-2206
-2673
-2651
-2074
-964
240
1218
2066
2654
2959
2708
2158
1229
246
-724
-1587
-2352
-2748
-2567
-2196
-1592
-660
239
977
1468
1733
1676
1393
924
137
-766
-1559
-2057
-2226
-2231
-2019
-1762
-1383
-842
-276
293
490
310
89
-211
-505
-1028
-1447
-1598
-1578
-1420
-1310
-1145
-808
-247
-124
-117
148
161
-20
-509
-1000
-1188
-1304
-1362
-1328
-1074
-766
-594
-548
-431
-263
8
118
72
-19
-215
-557
-1094
-1888
-2872
-3788
-4527
-5074
-5473
-5778
-5600
-5077
-4218
-3298
-2508
-1742
-1155
-747
-662
-1066
-1632
-2319
-3285
-4001
-4570
-4912
-4806
-4310
-3570
-2701
-1797
-983
-420
94
354
289
37
-223
-638
-1221
-1688
-1885
-1971
-1847
-1444
-866
-204
531
1173
1663
2106
2340
2306
2118
2039
2115
2065
1992
1915
1984
2249
2536
2788
3212
3562
3616
3608
3939
4173
4090
3939
3861
3973
3819
3664
3621
3688
3698
3657
3633
3537
3345
3078
2939
2835
2594
2508
2503
2428
2408
2342
2455
2601
2645
2708
2618
2654
2740
2609
2103
1504
979
836
1176
1827
2889
4322
5771
6669
6925
6765
6121
4935
3589
2163
796
-296
-964
-1059
-505
325
1590
2881
4017
4820
5210
5076
4417
3483
2324
856
-493
-1307
-1726
-1763
-1351
-531
596
1799
2710
3215
3609
3644
3217
2474
1416
484
-390
-1266
-1724
-1740
-1468
-796
-15
833
1600
2302
2633
2662
2307
1724
1125
227
-674
-1155
-1430
-1643
-1660
-1416
-959
-331
317
632
741
786
629
355
-69
-505
-769
-1014
-1289
-1328
-1085
-824
-439
-65
51
177
373
372
262
-28
-394
-571
-694
-837
-974
-879
-795
-559
-187
69
27
86
363
474
463
237
14
-447
-1277
-2173
-3204
-4148
-4827
-5255
-5376
-5372
-5007
-4361
-3476
-2612
-1793
-973
-436
-365
-722
-1268
-1931
-2765
-3711
-4377
-4804
-4852
-4313
-3517
-2577
-1904
-1146
-217
407
764
782
586
297
-128
-683
-1347
-1775
-1914
-1704
-1257
-606
-151
401
1025
1580
1945
2178
2019
1682
1311
1028
907
917
1116
1539
1886
2269
2557
2639
2555
2141
1495
1077
703
397
203
270
909
1772
2550
3139
3558
3935
3948
3513
2714
1604
737
199
7
174
947
1938
3061
4316
5540
6314
6752
6854
6522
5767
4900
4017
3289
2641
2309
2290
2774
3752
5241
6965
8469
9799
10389
10083
9316
8165
6493
4575
2926
1735
870
452
656
1386
2505
3724
4810
5638
5992
5786
5131
4185
2993
1630
380
-734
-1514
-2021
-1932
-1267
-341
535
1515
2238
2542
2759
2693
2146
1185
93
-1039
-2118
-2899
-3270
-3390
-3077
-2447
-1619
-814
-92
425
714
831
591
94
-645
-1357
-2001
-2582
-2748
-2628
-2313
-1769
-1219
-531
134
588
984
966
903
936
751
459
210
109
194
296
568
982
1360
1646
1978
2076
2049
2008
1812
1645
1468
1086
793
665
611
761
1062
1067
1075
1312
1459
1474
1327
1335
1330
1137
715
102
-468
-1179
-2010
-2989
-3877
-4582
-4974
-4915
-4677
-4224
-3586
-2817
-1961
-1279
-739
-732
-963
-1447
-2228
-3048
-3897
-4831
-5353
-5532
-5311
-4915
-4414
-3559
-2564
-1637
-1146
-811
-734
-992
-1412
-2114
-2760
-3279
-3652
-4001
-4069
-3796
-3548
-3245
-2636
-1912
-1298
-784
-341
-24
176
-38
-450
-977
-1496
-1984
-2303
-2185
-1984
-1570
-836
-48
609
1175
1599
1477
1085
722
290
-332
-880
-1207
-1345
-1225
-948
-702
-310
261
811
1123
966
492
-227
-1000
-1677
-2278
-2861
-3248
-3191
-2890
-2479
-1841
-1283
-1045
-1080
-1173
-1640
-2481
-3741
-5025
-5639
-5497
-4818
-3485
-1721
-105
1127
1669
1496
603
-759
-2347
-4199
-6034
-7470
-8226
-8209
-7588
-6342
-4431
-2719
-1406
-335
289
308
-477
-1627
-3096
-4731
-6045
-7022
-7523
-7287
-6211
-4778
-3455
-2283
-1198
-218
239
150
-120
-798
-1821
-2861
-3745
-4423
-4825
-4915
-4466
-3500
-2173
-1018
-90
592
962
1120
917
208
-544
-1313
-1932
-2268
-2455
-2657
-2548
-2140
-1498
-816
-231
233
397
433
325
-56
-454
-714
-1025
-1374
-1663
-1623
-1428
-1146
-772
-346
100
302
270
20
-232
-302
-420
-555
-744
-897
-991
-935
-724
-541
-238
32
98
239
555
867
1048
978
643
184
-673
-1599
-2287
-2798
-3198
-3587
-3674
-3351
-2706
-1871
-957
-8
881
1598
1967
1915
1757
1369
882
180
-574
-906
-1073
-995
-527
248
1284
2348
3209
3892
4335
4566
4404
3980
3472
2843
2373
1967
1653
1491
1710
1961
2307
2862
3473
4062
4348
4480
4583
4510
4227
3749
3325
3036
2893
2666
2643
2763
3097
3399
3502
3761
4020
4015
4059
3855
3666
3561
3326
3254
3153
3080
3145
3125
3012
2917
3077
3067
2892
2611
2250
2119
2122
2058
1750
1432
1468
1756
1825
1799
2023
2239
2144
2105
2211
2145
1486
615
26
-401
-308
253
1158
2378
3650
4729
5365
5297
4747
3952
3190
2218
1032
205
-178
-101
360
1119
2340
3614
4481
5111
5380
5233
4590
3637
2556
1440
483
-288
-695
-387
263
1149
2236
3416
4304
4813
5063
5093
4600
3813
2850
1731
831
349
219
405
899
1486
2210
3017
3635
4246
4520
4369
4130
3705
2901
2117
1456
981
766
711
905
1217
1574
2008
2429
2949
3240
3341
3064
2563
2128
1749
1257
1062
1009
971
1001
1041
1158
1507
1946
2126
2046
2002
2012
1842
1619
1374
1234
1245
1237
1251
1287
1533
1846
1912
1912
2173
2397
2465
2516
2415
2131
1479
935
369
-473
-1298
-1973
-2422
-2474
-2297
-1981
-1521
-800
65
858
1624
2163
2163
1772
1341
788
97
-639
-1259
-1476
-1348
-997
-438
342
1182
2045
2784
3182
3335
3237
3032
2723
2100
1400
720
196
20
57
252
524
1027
1562
2105
2467
2681
2796
2635
2237
1966
1638
1227
853
645
609
758
1099
1265
1286
1540
1744
1703
1607
1489
1441
1400
1238
1016
769
648
534
727
823
767
822
696
380
364
226
-260
-652
-755
-736
-894
-1030
-1015
-829
-632
-627
-746
-624
-439
-423
-633
-889
-1311
-1828
-1984
-1476
-400
1096
2542
3853
4948
5418
5101
4098
2701
926
-863
-2601
-4033
-4847
-5082
-4573
-3374
-1798
23
1836
3148
3877
3951
3461
2430
858
-920
-2683
-4153
-4988
-5266
-4897
-4063
-3041
-1716
-441
733
1400
1523
1378
778
-348
-1894
-3021
-4024
-4847
-5185
-5039
-4438
-3507
-2660
-1762
-723
-63
353
389
54
-579
-1326
-2056
-2835
-3273
-3553
-3823
-3884
-3649
-3030
-2452
-2123
-1757
-1563
-1588
-1565
-1635
-1886
-2286
-2444
-2407
-2322
-2144
-1793
-1276
-877
-464
-88
-103
-248
-253
-266
-424
-624
-711
-822
-794
-640
-342
11
309
623
773
979
1137
1320
1380
1241
944
625
43
-936
-1699
-2329
-3175
-3828
-4068
-3799
-3281
-2698
-1945
-920
25
632
893
1122
1061
735
160
-583
-1276
-1961
-2523
-2595
-2661
-2484
-1744
-784
160
922
1440
1868
1976
1827
1362
729
109
-470
-1016
-1419
-1480
-1294
-1003
-652
-286
187
650
1093
1474
1528
1459
1128
730
471
221
-45
-72
59
189
391
558
619
1007
1448
1510
1441
1408
1431
1275
1217
1079
994
1029
1198
1185
1176
1269
1277
1199
1082
979
687
531
497
396
340
326
229
70
158
438
666
611
625
899
871
627
196
-355
-867
-1071
-627
