-5508
-4842
-4358
-4149
-3977
-3803
-3848
-4022
-4302
-4471
-4465
-4612
-4768
-4687
-4462
-4310
-4185
-4076
-3949
-3547
-3283
-3185
-3120
-3251
-3322
-3679
-4478
-5517
-6417
-7162
-7983
-8514
-8717
-8484
-8078
-7652
-6903
-6043
-5084
-4264
-3686
-3451
-3483
-3827
-4468
-5248
-6105
-6770
-7116
-7152
-7061
-6487
-5513
-4391
-3378
-2584
-2095
-1819
-1590
-1634
-2076
-2789
-3606
-4295
-4744
-4990
-5060
-4973
-4555
-4118
-3434
-2743
-2497
-2450
-2532
-2783
-3224
-3964
-4718
-5258
-5509
-5123
-4335
-3293
-2145
-1196
-872
-1331
-2325
-3851
-5726
-7816
-9749
-11113
-11784
-11477
-10725
-9481
-7711
-6016
-4915
-4456
-4585
-5498
-7031
-8852
-10667
-12139
-12904
-12849
-12105
-10330
-7864
-5144
-2762
-756
706
1287
1309
583
-563
-1971
-3419
-4950
-6421
-6739
-5881
-4168
-1576
1263
3922
6061
7210
7175
6172
4544
2465
65
-2336
-4482
-5981
-6573
-6166
-5201
-3678
-1749
-222
753
1078
845
-66
-1660
-3760
-5934
-8005
-9609
-10382
-10526
-9575
-8227
-6739
-5218
-4008
-3325
-3010
-3227
-4061
-5380
-7051
-8869
-10377
-11359
-12016
-12073
-11499
-10485
-9167
-7769
-6554
-5608
-4981
-4755
-5254
-6082
-6996
-8308
-9841
-11128
-11842
-12012
-11578
-10928
-9947
-8704
-7379
-6189
-5272
-4618
-4024
-3781
-3787
-3950
-4105
-4084
-4082
-3964
-3454
-2890
-2198
-1640
-1214
-831
-675
-531
-524
-794
-1087
-1281
-1359
-1645
-1980
-2049
-1904
-1910
-1966
-2008
-1988
-2120
-2530
-2793
-3028
-3268
-3310
-3510
-4018
-4708
-5285
-5742
-6118
-6451
-6760
-7020
-7030
-6599
-5823
-4997
-4121
-3417
-3106
-3059
-3333
-3839
-4564
-5554
-6467
-7182
-7789
-8363
-8682
-8374
-7708
-6866
-5890
-5137
-4682
-4335
-4152
-4050
-4187
-4507
-4890
-5491
-5891
-5863
-5592
-5105
-4413
-3522
-2508
-1561
-678
104
674
841
986
1237
1504
1526
1160
416
-480
-1566
-2485
-3305
-4090
-4342
-3338
-1616
311
2034
3529
4544
5348
5363
4366
2828
1000
-834
-2499
-3560
-3850
-3336
-2098
-38
2028
3933
5401
6174
6311
5580
4355
2925
1311
-221
-1331
-1867
-1528
-304
1555
3487
5237
6434
7121
7260
7037
6685
6401
6363
6632
6744
6852
6924
6817
6511
5916
5074
4018
2796
1783
877
228
-163
-51
536
1397
2513
3543
4429
4804
4743
4192
3237
2198
932
-270
-1378
-2235
-2468
-2306
-1828
-1041
-73
665
1145
1414
1285
931
435
-370
-1442
-2497
-3305
-3954
-4392
-4511
-4353
-4190
-3957
-3665
-3370
-3161
-3205
-3562
-4080
-4325
-4546
-4687
-4701
-4590
-4497
-4380
-4187
-3931
-3782
-3470
-3282
-3355
-3582
-3820
-3941
-4178
-4378
-4228
-4042
-3843
-3411
-2736
-2115
-1618
-1141
-764
-661
-652
-769
-1114
-1519
-1949
-2474
-2846
-3018
-2992
-2900
-2825
-2712
-2426
-2242
-2089
-1725
-1498
-1420
-1636
-2103
-2719
-3717
-5149
-6634
-7893
-8961
-9877
-10401
-10512
-10062
-9331
-8565
-7653
-6697
-5800
-5124
-4750
-4912
-5435
-6374
-7456
-8278
-9102
-9789
-9950
-9985
-9804
-9228
-8288
-7550
-6893
-6388
-5970
-5696
-5869
-6360
-6790
-7286
-7888
-8316
-8462
-8569
-8430
-8096
-7576
-6906
-5992
-5187
-4626
-4229
-3938
-3681
-3489
-3466
-3376
-3197
-2895
-2770
-2608
-2287
-1807
-1278
-945
-693
-608
-660
-685
-763
-1051
-1325
-1489
-1668
-1771
-1914
-2054
-2042
-1883
-1750
-1691
-1793
-1990
-2290
-2688
-2976
-3121
-3183
-3469
-3773
-3903
-3732
-3468
-3363
-3265
-3074
-2809
-2531
-2569
-2943
-3554
-4336
-4970
-5110
-4498
-3304
-1983
-860
96
495
336
-297
-1387
-2852
-4484
-6049
-7425
-8383
-8731
-8560
-7804
-6398
-4799
-3472
-2498
-1941
-1760
-2277
-3435
-4895
-6486
-7934
-9106
-9677
-9717
-9310
-8244
-6899
-5577
-4465
-3502
-2905
-2673
-2949
-3533
-4440
-5718
-6966
-7979
-8682
-8837
-8687
-8136
-7221
-6108
-5241
-4408
-3737
-3477
-3557
-3879
-4459
-5140
-5704
-6362
-7068
-7408
-7369
-7206
-6893
-6426
-5702
-5111
-4755
-4631
-4777
-5111
-5476
-5954
-6282
-6681
-7166
-7181
-6955
-6688
-6271
-5991
-5796
-5574
-5609
-5773
-5944
-6069
-5984
-6174
-6612
-6897
-7010
-6936
-6757
-6443
-6070
-5704
-5437
-5331
-5300
-5142
-5190
-5239
-5490
-6057
-6765
-7615
-8550
-9612
-10505
-11084
-11394
-11287
-10858
-10302
-9360
-8288
-7204
-6309
-5774
-5415
-5502
-5935
-6574
-7372
-8371
-9156
-9601
-9597
-9248
-8677
-7942
-6907
-5829
-4888
-3949
-3286
-3070
-3211
-3673
-4074
-4586
-5364
-5706
-5811
-5881
-5619
-4927
-4246
-3549
-2813
-2016
-1327
-1003
-863
-747
-675
-691
-814
-936
-868
-686
-616
-402
-53
419
807
1107
1236
1393
1491
1463
1453
1321
1312
1278
1096
974
951
892
774
694
737
787
641
342
182
154
-61
-242
-276
-273
-319
-297
-130
3
109
314
445
427
445
63
-486
-1010
-1454
-1525
-960
63
1340
2782
4195
4897
5051
4736
3917
2860
1544
-22
-1518
-2504
-2923
-2946
-2407
-1361
31
1390
2530
3099
3161
2924
2290
1229
-135
-1441
-2624
-3563
-3775
-3680
-3102
-2014
-724
414
1271
1917
2041
1843
1318
454
-708
-1938
-2979
-3783
-4130
-3981
-3578
-3006
-2151
-1285
-424
176
379
302
-126
-802
-1622
-2396
-3025
-3555
-3901
-3974
-3869
-3625
-3352
-2890
-2147
-1624
-1469
-1481
-1599
-2076
-2594
-3151
-3443
-3442
-3391
-3408
-3388
-3132
-2705
-2292
-2177
-2055
-1972
-2065
-2277
-2516
-2717
-2969
-3125
-3223
-3119
-3117
-3148
-3026
-2611
-2285
-2240
-2180
-2007
-1889
-1833
-2157
-2701
-3212
-4162
-5206
-6104
-6788
-7408
-7865
-8100
-7886
-7352
-6506
-5569
-4680
-4085
-3640
-3349
-3274
-3424
-3853
-4810
-5845
-6727
-7327
-7629
-7559
-7084
-6300
-5368
-4518
-3795
-2994
-2436
-2189
-2212
-2537
-2957
-3594
-4341
-4764
-4881
-4980
-4861
-4437
-3989
-3563
-3025
-2199
-1424
-922
-727
-704
-746
-973
-1241
-1449
-1528
-1580
-1409
-1165
-992
-739
-274
68
362
728
982
1100
1035
853
669
385
194
185
219
224
146
142
127
-103
-270
-417
-461
-503
-781
-991
-1144
-1224
-1189
-1109
-1101
-1205
-1154
-998
-971
-878
-965
-1213
-1667
-2461
-3141
-3226
-2891
-2115
-948
514
1970
2934
3406
3358
2663
1480
-56
-1492
-2832
-4125
-4841
-4931
-4429
-3594
-2464
-1046
121
902
1266
1165
603
-480
-1915
-3362
-4664
-5697
-6461
-6558
-5910
-4821
-3704
-2733
-1725
-814
-440
-535
-965
-1669
-2630
-3879
-4997
-5897
-6419
-6366
-5977
-5290
-4438
-3529
-2752
-2205
-1870
-1852
-2147
-2615
-3214
-4017
-4982
-5608
-6122
-6353
-6323
-5942
-5401
-4789
-4189
-3746
-3521
-3494
-3641
-3992
-4534
-5047
-5382
-5639
-5711
-5617
-5450
-5256
-4897
-4435
-4087
-3808
-3646
-3667
-3922
-4308
-4594
-4735
-4990
-5234
-5257
-5146
-4880
-4632
-4370
-4272
-4172
-4088
-4039
-3934
-3852
-3845
-4170
-4890
-5757
-6634
-7542
-8531
-9315
-9730
-9714
-9359
-9004
-8591
-7809
-6826
-5923
-5301
-4772
-4538
-4840
-5460
-6172
-6891
-7577
-8341
-8847
-8849
-8398
-7779
-7096
-6050
-4970
-4132
-3708
-3318
-3194
-3399
-3708
-4044
-4465
-4981
-5413
-5715
-5526
-5074
-4503
-3788
-3080
-2323
-1634
-1149
-899
-706
-685
-836
-968
-957
-1151
-1326
-1235
-995
-648
-354
36
485
855
1015
1243
1585
1626
1431
1333
1159
1155
1274
1343
1325
1371
1409
1450
1324
1142
1080
959
726
557
524
308
131
34
-57
52
258
486
572
615
625
774
689
143
-616
-1522
-2255
-2558
-2242
-1702
-790
391
1395
2124
2611
2637
1891
853
-119
-976
-1677
-1959
-2114
-2051
-1339
-305
854
1896
2579
2790
2488
1862
974
-57
-1205
-2333
-3219
-3642
-3372
-2738
-1838
-690
310
1268
1960
2417
2578
2209
1508
596
-370
-1428
-2175
-2507
-2385
-1890
-1282
-571
242
1138
1869
2159
2089
1769
1340
708
-77
-587
-1169
-1806
-2077
-1883
-1500
-1175
-524
195
617
816
800
677
225
-254
-766
-1345
-1888
-2421
-2731
-2704
-2518
-2265
-2051
-1912
-1825
-1740
-1812
-2011
-2160
-2323
-2576
-2847
-3084
-3176
-3271
-3290
-3263
-3077
-2743
-2673
-2786
-2591
-2453
-2450
-2298
-2541
-3180
-3946
-4727
-5622
-6301
-6887
-7536
-7987
-8280
-7976
-7308
-6628
-5754
-4710
-3797
-3095
-2755
-2787
-3263
-4081
-4767
-5460
-6126
-6658
-6827
-6546
-5925
-5177
-4216
-3292
-2457
-1689
-1105
-860
-1025
-1419
-1678
-1944
-2429
-2901
-3099
-2950
-2713
-2367
-1752
-1037
-288
339
877
1238
1187
1225
1105
890
736
485
464
650
795
940
1211
1524
1821
1936
2098
2424
2686
2807
2631
2457
2227
1912
1747
1720
1646
1579
1552
1693
1698
1502
1292
1107
867
588
241
-101
-90
168
197
77
156
372
386
304
354
557
642
435
189
-59
156
596
1576
3061
4639
5935
6846
7351
7123
6259
4850
2876
520
-1677
-3263
-4471
-5010
-4544
-3322
-1452
654
2622
4211
5165
5471
5042
3986
2655
1026
-922
-2829
-4412
-5307
-5381
-4759
-3390
-1840
-623
399
1249
1661
1633
1277
344
-1030
-2424
-3819
-4940
-5579
-5834
-5461
-4705
-3879
-3094
-2170
-1407
-959
-729
-814
-1229
-1966
-2754
-3589
-4374
-5029
-5447
-5648
-5420
-5067
-4598
-4218
-3857
-3725
-3676
-3678
-3741
-3930
-4181
-4399
-4547
-4199
-3718
-3362
-3033
-2500
-2200
-2137
-1933
-1998
-2064
-2186
-2530
-2811
-3123
-3105
-2962
-2823
-2421
-2007
-1710
-1572
-1198
-936
-813
-863
-1059
-1287
-1624
-2006
-2752
-3799
-4734
-5490
-6236
-6805
-7235
-7343
-7047
-6596
-5939
-4840
-3868
-3078
-2334
-1824
-1908
-2528
-3282
-4114
-4966
-5753
-6423
-6968
-7233
-6874
-6081
-5147
-4310
-3598
-2789
-2101
-1850
-2097
-2380
-2823
-3498
-4267
-4840
-5222
-5318
-4901
-4486
-3967
-3387
-2759
-2130
-1550
-1189
-881
-653
-598
-696
-873
-945
-1040
-956
-657
-543
-289
220
770
1069
1261
1471
1554
1737
1894
1899
1796
1701
1667
1619
1690
1692
1497
1498
1675
1717
1436
1205
950
775
927
961
721
608
791
960
972
1048
1098
1221
1313
1388
1393
1415
1026
20
-910
-1478
-1495
-1066
-343
640
1892
2950
3589
3455
2712
1775
518
-706
-1835
-2900
-3392
-3202
-2710
-1781
-388
1065
2359
3231
3507
3208
2413
1251
-67
-1694
-3333
-4355
-4758
-4675
-4152
-3166
-1860
-587
628
1574
2042
2247
1928
1246
350
-834
-2029
-2743
-3065
-3124
-2772
-2094
-1112
-184
753
1432
1796
1907
1788
1364
701
-325
-1185
-1746
-1971
-1996
-2078
-1878
-1326
-659
-133
303
679
799
780
591
180
-312
-697
-1075
-1297
-1450
-1554
-1418
-1053
-644
-609
-684
-696
-820
-1176
-1413
-1616
-1943
-2231
-2516
-2561
-2330
-2079
-1880
-1814
-1720
-1622
-1397
-1250
-1378
-1603
-1866
-2291
-2845
-3587
-4336
-5244
-6102
-6792
-7234
-7367
-7283
-6906
-6391
-5607
-4649
-3680
-2915
-2467
-2310
-2496
-2911
-3496
-4275
-5000
-5729
-6021
-5944
-5354
-4599
-3798
-2867
-1912
-1080
-410
108
233
45
-383
-893
-1333
-1621
-1895
-2134
-2043
-1648
-1019
-291
387
1084
1733
2051
2262
2575
2742
2796
2693
2589
2496
2397
2292
2373
2676
3020
3318
3657
4044
4326
4290
4218
4119
4240
4296
4069
3843
3796
3859
3654
3569
3621
3610
3502
3236
2992
2852
2699
2440
2217
2085
1929
1975
2020
2031
2097
1992
2115
2340
2435
2387
2095
1789
1501
969
418
225
718
1866
3397
4944
6265
6735
6613
5977
4895
3822
2647
1284
119
-763
-1249
-949
-122
1136
2578
3831
4565
5091
5126
4621
3885
2635
1285
-1
-1120
-1800
-1899
-1474
-742
140
1161
2105
2960
3465
3618
3346
2500
1635
610
-368
-1305
-1997
-2152
-1925
-1424
-556
473
1156
1669
2160
2257
1986
1393
797
209
-642
-1484
-2024
-2228
-2127
-1999
-1747
-1337
-958
-583
-405
-432
-435
-491
-932
-1426
-1817
-2002
-2046
-2207
-2101
-1871
-1699
-1597
-1298
-802
-713
-766
-735
-833
-1175
-1458
-1663
-1879
-1946
-1820
-1751
-1678
-1480
-1337
-1063
-796
-711
-738
-819
-939
-1247
-1749
-2233
-2899
-3836
-4915
-5756
-6272
-6592
-6638
-6307
-5741
-4869
-3949
-3142
-2443
-1797
-1499
-1657
-2070
-2572
-3397
-4299
-5011
-5635
-5855
-5502
-4976
-4282
-3434
-2663
-1835
-994
-516
-399
-616
-997
-1364
-1922
-2552
-3011
-3218
-3205
-2881
-2257
-1587
-987
-378
115
647
1131
1383
1376
1266
1077
798
544
482
733
956
1158
1486
2016
2460
2707
2799
2937
3052
3019
2917
2914
2885
2756
2801
2863
2732
2614
2666
2676
2593
2518
2429
2296
2166
1961
1821
1704
1423
1454
1560
1677
1768
1853
2071
2175
2054
1950
2020
1882
1411
789
255
66
261
1177
2532
4125
5313
6011
6237
5960
5093
3836
2418
1116
-182
-1080
-1733
-1685
-1105
-108
1128
2453
3677
4356
4397
4054
3358
2194
782
-619
-1801
-2650
-2904
-2578
-2001
-1140
-37
925
1712
2207
2288
2154
1806
955
76
-931
-1941
-2610
-2979
-2901
-2579
-1955
-1145
-241
640
1265
1507
1389
978
417
-283
-1093
-1867
-2267
-2478
-2634
-2730
-2465
-1836
-1146
-595
-331
-176
-342
-546
-723
-1055
-1416
-1712
-1927
-2053
-1981
-1753
-1419
-976
-658
-343
-116
-95
-100
-120
-491
-850
-1059
-1290
-1486
-1660
-1676
-1460
-951
-564
-418
-497
-516
-282
-238
-377
-679
-1075
-1505
-2401
-3327
-4140
-5027
-5841
-6290
-6380
-6136
-5719
-5034
-4052
-3220
-2589
-2015
-1614
-1405
-1621
-2070
-3026
-3986
-4765
-5209
-5314
-5333
-5058
-4345
-3420
-2546
-1619
-842
-349
-51
4
-300
-618
-954
-1451
-2101
-2593
-2726
-2572
-2049
-1558
-840
25
557
1146
1652
1992
2086
1986
1856
1714
1665
1678
1787
1982
2171
2296
2415
2791
3265
3676
3909
3956
4097
4178
4004
3638
3410
3318
3246
3254
3204
3274
3296
3266
3188
3116
2874
2532
2266
2186
2150
2114
1897
1769
1817
1826
1865
1820
1876
2071
2132
2102
2008
1784
1345
711
233
330
1021
2386
4045
5289
6018
6306
6199
5627
4562
3160
1723
366
-752
-1396
-1578
-1151
-123
1291
2745
3880
4669
4892
4552
3905
2972
1713
375
-839
-1867
-2514
-2629
-2083
-1070
153
1220
2249
2845
3124
3103
2895
2254
1266
200
-924
-1741
-2222
-2292
-1892
-1167
-463
296
1049
1709
2168
2190
1967
1485
749
124
-497
-1040
-1579
-1932
-1912
-1638
-1220
-739
-214
276
546
687
683
359
-147
-643
-1019
-1298
-1491
-1419
-1168
-827
-549
-319
-86
284
312
184
88
-149
-417
-750
-930
-1115
-1194
-1179
-983
-755
-366
-97
107
438
558
444
231
84
-29
-464
-1253
-2110
-2887
-3879
-4787
-5254
-5366
-5162
-4844
-4311
-3551
-2644
-1671
-810
-378
-396
-661
-1137
-1706
-2353
-3183
-3764
-4188
-4297
-4083
-3543
-2665
-1819
-829
-78
442
821
918
798
430
-104
-703
-1228
-1507
-1750
-1760
-1507
-996
-276
465
1189
1767
2144
2351
2396
2049
1652
1466
1265
1270
1373
1738
2282
2630
2766
2915
2769
2306
1738
1117
576
223
324
639
1146
1903
2747
3428
3788
3842
3734
3299
2533
1592
629
-181
-379
51
875
1843
3022
4419
5615
6434
6747
6615
6286
5549
4585
3652
3081
2631
2260
2209
2642
3695
5304
7061
8564
9698
10168
9984
9266
8100
6553
4946
3284
1997
1125
716
790
1330
2360
3574
4827
5565
5832
5764
5171
4135
2922
1709
329
-881
-1730
-2120
-1924
-1325
-389
583
1377
1992
2518
2778
2587
2039
1134
127
-772
-1717
-2319
-2657
-2954
-2831
-2285
-1504
-633
17
415
640
685
502
120
-559
-1274
-1948
-2431
-2759
-2790
-2324
-1571
-949
-352
357
836
1036
1088
1141
1132
881
694
516
344
214
262
587
1009
1447
1621
1825
2077
2143
2122
2150
1988
1584
1209
1028
766
609
746
1070
1232
1202
1309
1369
1248
1177
1252
1201
1244
946
414
-222
-1147
-2215
-3121
-3859
-4385
-4728
-4880
-4778
-4492
-3840
-2960
-2138
-1372
-848
-781
-1099
-1446
-1842
-2482
-3469
-4475
-5074
-5232
-5081
-4468
-3797
-3105
-2486
-1703
-944
-607
-568
-714
-1101
-1494
-2206
-3152
-3785
-4071
-4132
-3993
-3596
-3018
-2248
-1503
-966
-619
-193
150
198
1
-355
-860
-1454
-1896
-2067
-1969
-1661
-1291
-669
82
773
1255
1472
1504
1361
1091
448
-211
-746
-1222
-1479
-1346
-927
-364
190
710
1029
1071
953
575
-3
-878
-1721
-2413
-2998
-3358
-3258
-2949
-2416
-1925
-1610
-1200
-1086
-1075
-1570
-2549
-3835
-5016
-5526
-5454
-4707
-3277
-1612
-66
1038
1570
1406
759
-594
-2327
-4210
-6042
-7450
-8318
-8338
-7582
-6215
-4557
-2851
-1370
-256
354
253
-455
-1726
-3216
-4641
-6003
-7028
-7465
-7186
-6317
-5204
-3729
-2283
-1102
-235
375
612
289
-591
-1757
-2849
-3782
-4521
-4955
-4777
-4115
-3245
-2226
-1149
-134
629
1012
1089
779
312
-425
-1202
-1783
-2380
-2714
-2771
-2579
-2030
-1475
-739
-177
126
332
500
324
-179
-595
-827
-1181
-1403
-1424
-1297
-1162
-1044
-722
-243
119
310
320
249
126
-128
-371
-670
-940
-1005
-865
-741
-574
-287
-17
291
544
781
961
1037
1125
940
556
106
-529
-1446
-2456
-3114
-3544
-3661
-3574
-3315
-2724
-1843
-994
-157
706
1346
1782
2049
1793
1272
667
-16
-581
-931
-1046
-989
-551
205
1147
2159
2905
3619
4190
4364
4299
3966
3525
3104
2511
1942
1515
1456
1557
1684
2067
2639
3116
3611
4018
4297
4329
4136
3897
3577
3292
3151
2968
2737
2724
2724
2976
3219
3472
3636
3750
3868
3913
3782
3624
3436
3268
3216
3109
3090
3047
2933
2957
3072
3020
2821
2548
2367
2328
2228
2076
1757
1632
1664
1632
1762
1860
1948
2106
2314
2491
2402
2266
2171
1863
1308
657
177
334
1099
2358
3909
5393
6311
6581
6489
5983
4989
3816
2529
1381
448
-150
-213
221
1134
2421
3684
4769
5458
5878
5865
5311
4369
3198
2017
749
-284
-658
-415
189
1086
2174
3265
4187
4704
4846
4890
4647
3994
3010
1926
908
170
-200
45
328
872
1792
2711
3392
3846
3970
3908
3783
3371
2750
2032
1430
764
351
147
186
588
1068
1515
1981
2387
2549
2575
2500
2416
2055
1539
1007
723
818
1040
1312
1410
1548
1808
2007
2302
2462
2422
2275
1974
1778
1735
1644
1478
1348
1308
1585
1806
2023
2257
2311
2560
2733
2774
2823
2642
2349
1914
1243
541
-539
-1386
-1870
-2211
-2470
-2315
-1884
-1393
-808
70
953
1697
2194
2286
2068
1704
1081
270
-495
-1140
-1531
-1599
-1305
-618
79
862
1782
2441
3042
3103
2797
2496
2153
1722
1032
246
-302
-555
-555
-167
255
799
1243
1683
1989
2080
2177
2107
1928
1643
1386
1140
706
485
454
462
442
768
1115
1328
1430
1468
1516
1384
1309
1216
1120
968
663
582
601
555
362
316
593
797
664
374
122
-140
-466
-692
-772
-855
-973
-976
-926
-679
-462
-663
-859
-936
-964
-839
-825
-1341
-1820
-2209
-2377
-1761
-398
1133
2447
3445
4022
4107
3573
2560
1257
-224
-1772
-3231
-4244
-4564
-4135
-3170
-1859
-330
1055
2110
2655
2637
2210
1495
219
-1363
-2887
-4178
-5050
-5274
-4857
-3859
-2666
-1491
-339
667
1111
1182
1035
396
-604
-1734
-2856
-3757
-4407
-4591
-4305
-3591
-2814
-1987
-1130
-376
209
446
399
231
-467
-1345
-2259
-3008
-3407
-3488
-3345
-3009
-2669
-2368
-1940
-1459
-1138
-927
-756
-1030
-1487
-1872
-2275
-2499
-2494
-2379
-2088
-1775
-1540
-1218
-731
-503
-402
-323
-309
-408
-825
-1188
-1384
-1465
-1396
-1140
-891
-651
-306
-162
-68
271
542
715
649
431
157
-355
-1071
-1859
-2605
-3404
-4062
-4436
-4739
-4836
-4574
-3894
-3114
-2151
-1310
-536
103
458
406
31
-534
-1308
-2063
-2700
-3016
-3086
-2860
-2276
-1776
-1147
-217
698
1489
1981
2072
1770
1239
757
254
-385
-830
-1271
-1511
-1536
-1123
-551
-57
583
1087
1418
1481
1415
1329
1137
842
582
400
139
47
102
307
620
845
1146
1333
1337
1498
1652
1613
1525
1338
1084
913
909
880
846
905
962
1230
1406
1311
955
503
364
304
57
-60
-50
13
-17
46
268
304
281
331
348
385
363
279
138
-119
-238
-43
515
