-5661
-5203
-4762
-4513
-4493
-4473
-4749
-5116
-5171
-5129
-5280
-5466
-5584
-5474
-5288
-5245
-5206
-5033
-4848
-4672
-4341
-4137
-4012
-4070
-4313
-4646
-5155
-6012
-7048
-8003
-8582
-9145
-9495
-9555
-9158
-8524
-7848
-6896
-5979
-5315
-4715
-4396
-4311
-4652
-5308
-5981
-6653
-7166
-7592
-7711
-7560
-7037
-5940
-4716
-3633
-2882
-2467
-2084
-1831
-1912
-2274
-2891
-3586
-4251
-4814
-5016
-4922
-4735
-4430
-3833
-2984
-2483
-2055
-1897
-1986
-2300
-2947
-3755
-4649
-5113
-5306
-5015
-4257
-3305
-2330
-1485
-1132
-1588
-3005
-4811
-6659
-8508
-10156
-11379
-12052
-12045
-11220
-9798
-7980
-6279
-5193
-4671
-4933
-6013
-7645
-9296
-10941
-12469
-13293
-13400
-12695
-11201
-8890
-6112
-3533
-1457
45
609
475
-127
-1215
-2556
-4014
-5246
-6305
-6345
-5157
-2802
170
3104
5544
7170
7724
7439
6333
4384
1653
-1378
-4297
-6869
-8374
-8580
-7924
-6391
-4238
-1825
228
1592
2224
2043
983
-886
-3179
-5735
-8042
-9942
-11275
-11675
-11155
-9716
-7901
-6320
-4965
-3962
-3479
-3719
-4606
-5968
-7634
-9283
-10872
-12343
-13311
-13633
-13417
-12565
-11208
-9732
-8309
-7286
-6653
-6117
-6056
-6729
-8018
-9492
-10788
-11789
-12379
-12817
-12944
-12654
-11817
-10674
-9490
-8344
-7341
-6688
-6244
-5830
-5582
-5622
-5607
-5547
-5100
-4524
-4183
-3555
-2861
-2293
-1854
-1670
-1459
-1212
-1166
-1471
-1822
-2121
-2205
-2176
-2384
-2248
-1961
-1675
-1507
-1474
-1490
-1602
-1649
-1769
-2046
-2293
-2577
-3016
-3616
-4254
-4821
-5438
-5914
-6201
-6516
-6465
-6157
-5601
-4728
-3902
-3224
-2679
-2255
-2324
-2798
-3560
-4386
-5469
-6513
-7319
-8082
-8446
-8540
-8224
-7808
-7197
-6464
-5664
-4980
-4732
-4561
-4604
-4924
-5257
-5686
-6089
-6343
-6369
-6039
-5561
-4983
-4272
-3200
-2229
-1395
-748
-163
453
892
1019
1113
1150
886
77
-1044
-2133
-3042
-3945
-4890
-5193
-4100
-2252
-242
1638
3118
4321
5025
4879
4171
2848
1036
-849
-2484
-3560
-3844
-3112
-1719
125
2155
4052
5644
6409
6535
5920
4803
3498
2010
528
-699
-1367
-1031
229
1924
3773
5485
6848
7874
8403
8699
8781
8698
8663
8704
8582
8172
7544
7048
6450
5374
4064
2831
1719
762
37
-410
-301
280
1209
2291
3294
4178
4651
4846
4901
4490
3613
2428
1191
13
-994
-1881
-2380
-2371
-1898
-1292
-827
-194
258
269
170
-253
-891
-1673
-2532
-3437
-4355
-4871
-5084
-5225
-5064
-4922
-4876
-4784
-4620
-4587
-4456
-4363
-4541
-4982
-5294
-5295
-5352
-5233
-5032
-4964
-4828
-4523
-4305
-4118
-4214
-4555
-4743
-4848
-4792
-4878
-4905
-4710
-4299
-3769
-3183
-2631
-2181
-1724
-1184
-907
-880
-928
-1106
-1485
-1837
-2128
-2384
-2670
-2886
-2873
-2756
-2616
-2252
-1884
-1628
-1399
-1239
-1097
-867
-1074
-1655
-2315
-3272
-4478
-5762
-7167
-8526
-9601
-10134
-10279
-10016
-9364
-8466
-7352
-6144
-5232
-4794
-4762
-4964
-5420
-6416
-7370
-8294
-9189
-10095
-10611
-10485
-9996
-9430
-8845
-8142
-7284
-6498
-6035
-5975
-6113
-6407
-6893
-7578
-8097
-8506
-8840
-9101
-9137
-8687
-8115
-7455
-6633
-5820
-5107
-4683
-4392
-4219
-4121
-3970
-3813
-3896
-3605
-3188
-2910
-2569
-2215
-1790
-1408
-1219
-1107
-1064
-1240
-1497
-1403
-1465
-1559
-1699
-1944
-2063
-1999
-1837
-1902
-1864
-1698
-1708
-1923
-2194
-2573
-2779
-2897
-3208
-3493
-3533
-3448
-3433
-3320
-3068
-2827
-2787
-2745
-2586
-2523
-2852
-3427
-4151
-4876
-5131
-4756
-3805
-2339
-872
-8
470
346
-292
-1335
-2906
-4627
-6166
-7475
-8588
-8896
-8575
-7904
-6534
-5168
-3833
-2774
-2214
-2213
-2477
-3383
-4807
-6409
-7960
-9091
-9850
-10057
-9654
-8710
-7465
-6122
-4926
-4021
-3451
-3216
-3533
-4177
-5157
-6381
-7381
-8149
-8905
-9194
-8992
-8240
-7376
-6427
-5409
-4587
-4216
-3911
-3723
-3821
-4093
-4797
-5803
-6505
-7117
-7501
-7383
-7061
-6614
-6023
-5716
-5152
-4800
-4600
-4667
-4893
-5204
-5675
-6247
-6457
-6640
-6886
-6894
-6755
-6515
-5966
-5659
-5579
-5535
-5457
-5662
-6044
-6406
-6669
-6838
-6919
-6936
-6918
-6748
-6510
-6051
-5635
-5430
-5353
-5254
-5087
-4951
-4952
-5315
-5963
-6669
-7495
-8439
-9449
-10251
-10803
-11016
-10922
-10699
-10058
-9242
-8319
-7257
-6266
-5722
-5604
-5669
-6090
-6883
-7752
-8582
-9195
-9738
-9885
-9565
-8823
-7749
-6866
-6115
-5109
-4195
-3789
-3579
-3703
-4117
-4483
-4694
-5087
-5652
-5910
-5813
-5561
-5135
-4382
-3603
-2849
-2164
-1617
-1203
-1114
-1029
-986
-1084
-999
-1149
-1047
-879
-873
-653
-350
-35
378
645
735
952
1147
1278
1395
1327
1244
1077
1100
1110
1141
1156
1210
1145
973
827
770
678
386
189
172
-37
-135
-134
-139
-33
100
172
360
613
710
606
448
353
39
-652
-1230
-1309
-843
47
1196
2718
4139
4884
5066
4736
3886
2664
1219
-114
-1173
-2151
-2634
-2607
-2062
-1137
87
1386
2638
3429
3534
3145
2364
1391
122
-1110
-2551
-3530
-3813
-3667
-3062
-2050
-725
403
1273
1928
2284
2018
1137
133
-904
-1938
-2777
-3489
-3884
-4000
-3753
-2972
-2036
-1213
-509
61
414
465
124
-426
-1213
-2109
-2834
-3464
-3905
-3936
-3815
-3602
-3005
-2399
-2036
-1683
-1400
-1508
-1926
-2408
-2803
-3028
-3271
-3511
-3645
-3640
-3386
-3123
-2730
-2422
-2200
-2110
-2128
-2237
-2459
-2760
-3174
-3246
-3250
-3388
-3479
-3359
-3183
-2749
-2366
-2363
-2221
-2009
-1930
-1768
-1744
-2177
-2671
-3165
-4010
-5137
-6246
-7101
-7558
-8000
-8105
-7787
-7307
-6644
-5941
-5007
-4242
-3674
-3289
-3266
-3529
-4130
-4906
-5882
-6931
-7568
-7815
-7621
-7319
-6804
-5932
-4948
-3780
-2875
-2399
-2247
-2341
-2697
-3132
-3601
-4088
-4586
-4971
-5032
-4727
-4266
-3900
-3321
-2497
-1776
-1170
-757
-659
-745
-670
-809
-1031
-1115
-1089
-1294
-1339
-1047
-651
-257
226
471
717
913
1136
1409
1430
1294
1060
883
954
1010
983
846
751
780
776
674
559
440
225
48
-154
-306
-418
-484
-417
-462
-500
-489
-460
-332
-336
-306
-276
-309
-710
-1634
-2344
-2571
-2251
-1524
-336
1004
2279
3398
3772
3488
2704
1689
487
-893
-2356
-3749
-4265
-4395
-4158
-3215
-1836
-393
803
1432
1525
1416
1071
184
-1265
-2800
-4028
-5094
-5755
-5834
-5320
-4315
-3334
-2435
-1515
-722
-328
-368
-761
-1421
-2402
-3554
-4524
-5254
-5749
-5884
-5564
-5134
-4470
-3528
-2619
-2021
-1769
-1723
-1944
-2565
-3287
-3924
-4471
-5137
-5785
-6074
-5837
-5413
-4880
-4407
-3950
-3734
-3656
-3515
-3579
-3884
-4191
-4601
-5058
-5563
-5761
-5740
-5633
-5307
-4792
-4319
-3985
-3963
-4021
-3927
-4039
-4336
-4421
-4620
-5006
-5276
-5241
-4947
-4900
-4918
-4783
-4433
-3935
-3732
-3729
-3668
-3732
-3862
-4102
-4602
-5552
-6605
-7453
-8149
-8787
-9242
-9609
-9730
-9263
-8452
-7514
-6553
-5680
-4951
-4509
-4486
-4755
-5177
-5881
-6634
-7416
-8197
-8846
-8982
-8657
-8112
-7153
-5975
-4995
-4403
-3939
-3466
-3132
-3160
-3549
-4106
-4560
-4933
-5280
-5462
-5362
-5102
-4678
-4100
-3376
-2571
-1994
-1617
-1227
-1043
-973
-1013
-1224
-1289
-1437
-1402
-1193
-852
-518
-367
29
366
698
798
914
968
889
892
707
700
872
901
881
956
1080
1066
1011
942
854
698
587
427
292
131
-83
-425
-510
-307
45
118
69
210
429
624
511
317
-83
-712
-1360
-1952
-2105
-1595
-854
417
1996
3282
3916
4077
3622
2700
1626
337
-967
-1944
-2860
-3285
-2926
-1992
-744
381
1348
2382
2992
2872
2291
1448
395
-866
-2155
-3257
-3979
-4232
-3976
-3079
-1907
-707
452
1128
1551
1658
1254
648
-203
-1236
-2248
-3037
-3532
-3547
-3225
-2651
-1979
-1162
-335
388
947
1085
927
545
-111
-1074
-1982
-2398
-2840
-3160
-3016
-2648
-2082
-1632
-1198
-772
-546
-652
-789
-808
-1089
-1785
-2392
-2720
-2902
-2768
-2572
-2392
-2109
-1818
-1414
-1192
-1167
-1127
-1239
-1581
-1879
-2191
-2512
-2540
-2458
-2508
-2425
-2243
-2102
-1988
-1955
-1601
-1425
-1336
-1310
-1460
-1711
-2062
-2734
-3598
-4484
-5290
-6016
-6623
-7081
-7234
-6846
-6066
-5242
-4498
-3608
-2897
-2242
-2049
-2125
-2446
-2957
-3708
-4708
-5450
-5817
-5946
-5952
-5491
-4650
-3855
-2972
-2101
-1319
-748
-558
-697
-1059
-1553
-1982
-2469
-2910
-3110
-3174
-2954
-2227
-1513
-902
-270
380
919
1133
1220
1353
1467
1325
1185
1058
896
877
1014
1229
1584
1967
2340
2694
2902
2976
2949
2968
3014
3008
2981
2824
2651
2509
2398
2362
2439
2683
2808
2660
2366
2197
2065
1778
1763
1685
1482
1351
1292
1273
1436
1532
1647
1821
1867
1812
1726
1524
1056
542
158
104
444
1430
2869
4403
5628
6258
6347
5801
4819
3500
2024
345
-1198
-2301
-2782
-2619
-1881
-676
767
2265
3600
4304
4419
4089
3410
2330
852
-633
-2057
-2965
-3367
-3404
-2790
-1764
-830
230
1354
1966
2183
2022
1418
570
-498
-1771
-2737
-3473
-3865
-3962
-3715
-3115
-2222
-1261
-422
266
708
716
253
-357
-1079
-1812
-2497
-3169
-3673
-3803
-3596
-3279
-3005
-2556
-2139
-1823
-1676
-1674
-1764
-2224
-2582
-2786
-3114
-3376
-3478
-3452
-3208
-2756
-2470
-2220
-1991
-1770
-1623
-1777
-2135
-2439
-2781
-3030
-3083
-3092
-3013
-2776
-2515
-2217
-2059
-1853
-1724
-1628
-1611
-1808
-1835
-1806
-2139
-2767
-3572
-4454
-5377
-6236
-6787
-7263
-7486
-7291
-6617
-5782
-4996
-4133
-3416
-2694
-2292
-2423
-2866
-3532
-4233
-5161
-6090
-6844
-7398
-7252
-6674
-6027
-5208
-4385
-3628
-2850
-2167
-1787
-1782
-2223
-2713
-3257
-3826
-4240
-4502
-4710
-4650
-4291
-3752
-3259
-2595
-1905
-1225
-593
-207
-83
-378
-725
-846
-935
-901
-932
-814
-622
-535
-235
243
782
1213
1352
1490
1710
1726
1683
1590
1427
1333
1251
1115
1043
1188
1324
1392
1427
1284
986
798
845
788
558
330
97
24
143
261
376
396
417
549
516
481
201
-265
-943
-1474
-1873
-1795
-1067
-14
1306
2607
3581
4007
3913
3336
2373
1142
-83
-1533
-2707
-3346
-3415
-3030
-2145
-864
510
1665
2509
2872
2668
2065
1266
-59
-1550
-2889
-3929
-4552
-4553
-4070
-3141
-1939
-944
54
943
1401
1312
831
243
-491
-1603
-2826
-3706
-4101
-4066
-3759
-3193
-2298
-1362
-587
-51
364
666
567
-39
-929
-1627
-2294
-2862
-3212
-3454
-3427
-3205
-2781
-2156
-1593
-986
-699
-748
-960
-1144
-1570
-1985
-2364
-2699
-2822
-2845
-2667
-2470
-2135
-1803
-1726
-1563
-1315
-1342
-1638
-1879
-2118
-2254
-2511
-2662
-2774
-2807
-2583
-2232
-1914
-1626
-1574
-1604
-1584
-1414
-1292
-1397
-1718
-2405
-3302
-4129
-5005
-5832
-6417
-6711
-6992
-7067
-6596
-5952
-5165
-4137
-3114
-2507
-2158
-2122
-2200
-2618
-3326
-4108
-5020
-5734
-5958
-6049
-5832
-5178
-4313
-3420
-2490
-1637
-935
-491
-287
-443
-948
-1436
-1857
-2250
-2488
-2607
-2446
-2115
-1671
-1090
-401
253
857
1378
1805
1807
1866
1906
1804
1454
1119
1043
1270
1586
1784
1995
2438
2968
3278
3414
3576
3846
3833
3617
3614
3755
3646
3500
3385
3270
3324
3423
3424
3411
3228
3126
2979
2835
2642
2457
2360
2271
2124
2224
2390
2497
2543
2568
2510
2346
2452
2363
1938
1451
967
590
541
988
2106
3629
5122
6224
6644
6524
6091
5067
3794
2501
1213
133
-619
-926
-820
-213
947
2337
3645
4583
5112
5184
4632
3700
2600
1254
-251
-1438
-2119
-2156
-1696
-997
-52
1012
1977
2708
3104
3270
3011
2286
1288
260
-656
-1441
-1965
-2265
-2150
-1653
-907
-80
815
1501
1803
2005
1936
1531
816
80
-717
-1653
-2177
-2269
-2330
-2264
-1786
-1117
-475
-242
-43
93
-41
-257
-596
-1130
-1577
-1916
-2069
-2074
-1996
-1694
-1506
-1178
-879
-843
-719
-571
-577
-805
-1122
-1354
-1542
-1714
-1761
-1718
-1621
-1412
-1163
-993
-1045
-834
-600
-508
-554
-714
-843
-1192
-1978
-2950
-3892
-4794
-5561
-6012
-6291
-6415
-6097
-5386
-4530
-3637
-2868
-2140
-1776
-1627
-1729
-2121
-2755
-3564
-4383
-5127
-5527
-5704
-5673
-5311
-4581
-3712
-2755
-1777
-1102
-666
-502
-523
-841
-1370
-1973
-2518
-3000
-3323
-3193
-2931
-2385
-1814
-1137
-545
105
695
943
1064
1191
1197
889
584
422
483
557
774
989
1262
1591
1948
2215
2504
2691
2867
2888
2869
2655
2566
2338
2254
2354
2434
2543
2552
2501
2435
2466
2403
2211
2009
1736
1509
1304
1303
1413
1408
1444
1495
1542
1484
1514
1614
1869
1706
1254
720
206
-353
-644
-228
758
2040
3470
4806
5566
5876
5622
4746
3434
2115
736
-614
-1637
-2278
-2231
-1614
-516
889
2301
3313
3808
3962
3795
3138
2048
854
-559
-1979
-2934
-3336
-3084
-2322
-1466
-387
680
1554
2145
2266
2121
1689
869
-243
-1393
-2358
-2964
-3132
-3128
-2780
-2076
-1250
-444
216
701
943
904
701
267
-386
-1159
-1845
-2404
-2787
-2822
-2806
-2582
-2036
-1454
-1006
-841
-666
-411
-369
-791
-1302
-1705
-2230
-2648
-2714
-2556
-2394
-2238
-1931
-1531
-1207
-999
-917
-986
-1179
-1418
-1670
-1843
-1909
-1864
-1855
-1822
-1673
-1438
-1291
-1089
-1046
-950
-779
-732
-767
-986
-1399
-1951
-2710
-3612
-4487
-5245
-6091
-6484
-6390
-6200
-5827
-5022
-3977
-3046
-2312
-1784
-1417
-1463
-1894
-2549
-3270
-4149
-4865
-5503
-5853
-5863
-5434
-4517
-3571
-2529
-1717
-1205
-481
-157
-298
-599
-1002
-1425
-1775
-2179
-2451
-2594
-2530
-2113
-1562
-855
-121
718
1297
1672
1954
2057
2110
2082
2018
1939
1708
1708
1840
2016
2395
2848
3056
3333
3683
3900
3915
3953
4032
4025
4009
3954
3792
3709
3741
3664
3569
3560
3623
3517
3407
3232
3147
3011
2999
2869
2719
2785
2751
2673
2711
2802
2822
2896
2992
2961
2923
2732
2229
1666
1215
976
1122
1838
3114
4436
5592
6607
6919
6730
6048
5014
3848
2498
1251
113
-501
-559
-322
513
1696
3085
4208
4976
5301
5106
4439
3497
2400
1075
-217
-1247
-1788
-1679
-1252
-409
794
1864
2543
3144
3519
3483
3121
2389
1505
492
-514
-1375
-1839
-1939
-1616
-1105
-291
669
1551
2155
2487
2441
2040
1526
943
242
-440
-1169
-1597
-1621
-1400
-1073
-778
-442
-39
449
653
572
463
362
44
-480
-976
-1221
-1328
-1332
-1169
-863
-636
-354
-81
167
166
214
179
-157
-533
-821
-920
-816
-845
-994
-926
-589
-414
-199
-110
-56
156
264
312
366
86
-529
-1217
-2035
-3100
-4025
-4845
-5460
-5579
-5268
-4632
-3929
-3268
-2440
-1707
-1242
-769
-454
-568
-1089
-1788
-2581
-3350
-4141
-4650
-4700
-4493
-3815
-3006
-2209
-1345
-501
58
380
440
342
23
-477
-792
-1125
-1524
-1764
-1794
-1526
-1133
-571
255
1036
1533
1755
1795
1787
1657
1415
977
685
639
970
1418
1804
2131
2284
2418
2244
1755
1279
826
342
-18
-141
145
758
1595
2547
3382
3838
3820
3679
3188
2185
1279
738
315
-26
26
625
1656
2805
4081
5290
6118
6535
6479
6015
5371
4546
3715
3059
2394
1943
1928
2476
3432
4762
6471
8045
9228
9833
9667
9091
7882
6127
4252
2519
1259
480
109
378
1129
2142
3325
4507
5341
5692
5524
4970
3884
2517
1329
194
-1020
-1951
-2243
-2086
-1550
-713
296
1285
1972
2363
2329
2037
1520
628
-341
-1428
-2420
-3183
-3633
-3733
-3336
-2690
-2001
-1234
-606
104
500
541
331
-130
-809
-1646
-2333
-2745
-3102
-3003
-2741
-2287
-1509
-738
-42
487
669
680
703
538
372
128
-118
-344
-413
-170
89
525
1049
1516
1664
1685
1685
1638
1377
1314
1240
865
497
379
391
449
473
619
787
825
736
673
814
1003
968
668
325
-112
-810
-1503
-2506
-3385
-4260
-5063
-5405
-5536
-5323
-4772
-3906
-3135
-2459
-1637
-1092
-948
-1240
-1822
-2530
-3354
-4186
-4926
-5454
-5899
-5836
-5416
-4745
-3835
-2675
-1707
-1384
-1195
-1119
-1230
-1662
-2250
-2788
-3409
-4060
-4446
-4308
-4078
-3880
-3198
-2373
-1903
-1494
-956
-344
-63
-11
-145
-489
-1102
-1809
-2325
-2446
-2434
-2297
-1729
-1060
-375
272
810
1210
1310
1084
772
314
-314
-926
-1244
-1276
-1247
-1168
-728
-280
277
725
891
845
524
-56
-921
-1724
-2438
-2946
-3203
-3228
-3016
-2498
-1911
-1514
-1102
-856
-945
-1305
-2294
-3686
-4788
-5553
-5736
-5010
-3535
-1821
-277
795
1403
1351
615
-658
-2310
-4207
-6057
-7429
-8081
-8147
-7561
-6249
-4523
-2743
-1138
-36
488
309
-383
-1440
-2850
-4538
-6117
-7186
-7429
-7053
-6284
-5130
-3766
-2342
-1104
-278
269
328
-108
-828
-1671
-2647
-3749
-4477
-4795
-4559
-3953
-3061
-2110
-1170
-404
267
725
844
724
424
-175
-954
-1757
-2360
-2660
-2639
-2358
-1874
-1395
-933
-266
267
446
324
80
-161
-238
-632
-1121
-1420
-1565
-1404
-971
-753
-580
-393
-148
105
337
298
54
-420
-712
-818
-796
-771
-803
-717
-549
-328
58
288
495
670
917
1042
1082
797
380
75
-528
-1277
-2108
-2745
-3291
-3570
-3679
-3407
-2849
-2085
-1082
10
982
1842
2085
2116
2040
1677
956
263
-402
-997
-1220
-1019
-512
197
974
1734
2585
3516
4086
4220
4123
3949
3625
3115
2399
1859
1637
1510
1598
1823
2343
2852
3126
3565
4076
4292
4233
4076
3855
3730
3452
3057
2718
2506
2616
2725
2972
3135
3360
3607
3823
3847
3788
3655
3487
3210
3015
2916
2827
2777
2871
2821
2928
3041
3034
2836
2618
2534
2331
2153
2003
1734
1600
1674
1798
1893
1917
2121
2197
2207
2263
2216
2233
2006
1454
577
-134
-520
-827
-715
119
1427
2561
3494
4211
4467
4064
3346
2466
1605
918
388
33
-28
468
1383
2446
3538
4583
5186
5029
4609
4031
3203
2308
1264
280
-293
-533
-467
289
1430
2649
3651
4534
4996
5082
4856
4416
3778
2987
2128
1325
681
379
591
1174
1820
2536
3274
4084
4573
4702
4626
4288
3753
2957
2332
1841
1437
1024
1031
1308
1544
2039
2549
2887
3361
3760
3529
3305
2988
2611
2156
1565
1215
882
785
947
1056
1124
1277
1628
1735
1776
1778
1597
1371
1384
1331
1041
692
691
920
1038
1131
1354
1540
1629
1721
1868
1950
1981
1774
1351
1002
422
-326
-1189
-1942
-2470
-2876
-3126
-3109
-2786
-2093
-1212
-271
627
1158
1737
2066
1893
1435
819
49
-730
-1373
-1816
-1830
-1475
-939
-131
798
1777
2549
3123
3392
3372
3097
2547
1920
1299
825
340
3
-31
242
707
1186
1673
2205
2637
2819
2746
2596
2236
1812
1482
1201
922
800
781
709
849
1123
1223
1430
1649
1781
1685
1627
1521
1331
1114
848
625
587
674
779
750
621
504
405
345
198
-77
-201
-597
-892
-963
-992
-985
-869
-722
-704
-804
-834
-728
-632
-469
-618
-926
-1243
-1264
-1113
-618
338
1736
3321
4540
5419
5813
5453
4406
2711
702
-1316
-3187
-4846
-5923
-5986
-5190
-3683
-1830
157
1994
3350
4316
4515
3935
2675
1122
-625
-2356
-3863
-5023
-5570
-5232
-4490
-3252
-1757
-349
643
1322
1576
1287
487
-546
-1693
-2998
-4200
-5223
-5699
-5633
-5252
-4416
-3432
-2427
-1356
-412
-3
-44
-270
-726
-1349
-2096
-2886
-3485
-3886
-4143
-4164
-3983
-3546
-3084
-2668
-2320
-2134
-1985
-2014
-2242
-2401
-2542
-2692
-2744
-2570
-2392
-1909
-1375
-1007
-592
-206
-74
-183
-287
-525
-884
-1209
-1187
-817
-669
-602
-389
-44
342
663
983
1187
1360
1575
1683
1636
1177
519
-140
-724
-1597
-2491
-3155
-3577
-3888
-3806
-3206
-2478
-1721
-753
128
923
1379
1388
1188
895
342
-432
-1200
-2091
-2775
-2897
-2782
-2439
-1841
-988
98
1081
1726
1980
2058
1858
1386
678
-50
-605
-1182
-1685
-1714
-1475
-1090
-697
-355
31
600
943
1278
1442
1048
672
482
153
-150
-190
-88
31
244
365
488
644
796
1259
1571
1666
1551
1358
1187
1008
1060
1260
1236
1232
1344
1337
1371
1333
1302
1202
1047
867
734
713
559
310
252
316
601
712
702
885
1146
1198
1182
1059
722
307
-439
-1084
-1427
-1340
