-5383
-5129
-4756
-4442
-4286
-4185
-4362
-4583
-4688
-4766
-4976
-4947
-5037
-5228
-5222
-5002
-4605
-4533
-4378
-4040
-3812
-3707
-3727
-3861
-4040
-4340
-4861
-5559
-6560
-7475
-8162
-8790
-9094
-9029
-8581
-7774
-7051
-6412
-5500
-4622
-3953
-3660
-3750
-4110
-4836
-5606
-6374
-7020
-7492
-7558
-7216
-6538
-5659
-4571
-3813
-3116
-2453
-2069
-1969
-2140
-2319
-2886
-3525
-4119
-4658
-4998
-4979
-4732
-4435
-3830
-3259
-2856
-2481
-2231
-2363
-2775
-3512
-4339
-4948
-5306
-5361
-5021
-4098
-3036
-1841
-1077
-1110
-1732
-2723
-4158
-5790
-7733
-9901
-11497
-12240
-11981
-10748
-9095
-7586
-6206
-5032
-4547
-5060
-6135
-7445
-9086
-10930
-12359
-13152
-13323
-12615
-10771
-8267
-5516
-3015
-1044
286
1014
1022
395
-764
-2214
-3863
-5405
-6388
-6511
-5573
-3611
-942
1920
4515
6429
7433
7258
6262
4557
2318
-213
-2985
-5208
-6566
-7127
-6557
-5002
-3236
-1463
60
1322
1698
1202
29
-1679
-3732
-5988
-8062
-9743
-10469
-10605
-10057
-8717
-6939
-5241
-3942
-3199
-2985
-3292
-4249
-5798
-7535
-9222
-10862
-12137
-12690
-12731
-12253
-11348
-9986
-8381
-7002
-5883
-5232
-5186
-5646
-6553
-7685
-8924
-10268
-11294
-11968
-12174
-11883
-11464
-10454
-9023
-7780
-6818
-5968
-5123
-4438
-4378
-4506
-4560
-4546
-4362
-4376
-4198
-3625
-3027
-2417
-1777
-1210
-975
-754
-646
-700
-857
-1010
-1163
-1295
-1486
-1770
-1755
-1545
-1501
-1534
-1528
-1489
-1587
-1946
-2336
-2606
-2722
-2852
-3220
-3768
-4366
-4932
-5539
-5984
-6291
-6462
-6481
-6137
-5547
-5099
-4633
-4064
-3436
-2836
-2670
-3007
-3560
-4312
-5437
-6508
-7294
-7892
-8435
-8468
-8046
-7516
-6734
-5942
-5165
-4647
-4228
-4069
-4252
-4627
-5077
-5256
-5510
-5793
-5798
-5631
-5090
-4312
-3585
-2814
-1995
-1087
-393
48
463
934
1261
1343
1187
761
164
-666
-1641
-2819
-3988
-4762
-4841
-3767
-1973
98
1999
3541
4551
5201
5253
4477
2960
943
-945
-2534
-3626
-4007
-3320
-1692
305
2302
4213
5571
6335
6483
6057
4899
3289
1546
-8
-1093
-1644
-1342
52
1799
3722
5507
6797
7551
7818
7731
7647
7466
7421
7519
7560
7547
7344
6876
6281
5661
4943
3860
2709
1595
639
215
321
627
1201
2157
3142
3945
4588
4792
4699
4423
3485
2209
947
-81
-925
-1563
-1800
-1848
-1509
-844
-100
565
970
1283
1171
629
23
-761
-1666
-2615
-3423
-4022
-4336
-4299
-4233
-4122
-3818
-3534
-3357
-3378
-3701
-4032
-4265
-4426
-4531
-4678
-4701
-4698
-4599
-4430
-4229
-3916
-3738
-3610
-3320
-3149
-3365
-3558
-3696
-3954
-4192
-4202
-3872
-3518
-3191
-2863
-2378
-1785
-1376
-915
-548
-511
-710
-1152
-1523
-1796
-2092
-2426
-2807
-2934
-2826
-2722
-2571
-2479
-2204
-1754
-1388
-1239
-1249
-1377
-1960
-2662
-3485
-4709
-6127
-7461
-8554
-9341
-9970
-10327
-10185
-9509
-8606
-7398
-6320
-5439
-4932
-4733
-4836
-5266
-5948
-6802
-8007
-9059
-9830
-10336
-10207
-9804
-9167
-8247
-7423
-6833
-6377
-5926
-5655
-5647
-6128
-6778
-7253
-7947
-8473
-8592
-8474
-8262
-7765
-7236
-6645
-5956
-5406
-4962
-4287
-3874
-3662
-3452
-3297
-3239
-3195
-3124
-2830
-2424
-1955
-1637
-1384
-990
-742
-638
-598
-562
-639
-819
-1205
-1539
-1518
-1389
-1511
-1517
-1503
-1553
-1474
-1523
-1495
-1668
-1934
-2162
-2426
-2555
-2770
-2840
-3021
-3163
-3231
-3052
-2782
-2594
-2485
-2370
-2195
-2236
-2469
-2991
-3900
-4588
-4674
-4191
-3318
-2060
-710
241
719
557
-211
-1391
-2851
-4306
-5871
-7199
-8041
-8500
-8358
-7519
-6050
-4468
-3138
-2190
-1808
-1913
-2506
-3618
-4918
-6351
-7834
-9024
-9659
-9815
-9455
-8457
-7011
-5384
-4016
-3181
-2802
-2849
-3201
-3974
-4864
-5884
-6921
-7903
-8549
-8862
-8664
-7966
-7012
-6088
-5064
-4182
-3518
-3222
-3213
-3599
-4229
-4911
-5704
-6475
-6963
-7158
-7080
-6815
-6518
-6024
-5531
-5220
-4913
-4755
-4582
-4778
-5269
-5798
-6271
-6597
-6859
-6941
-6869
-6489
-6200
-5823
-5519
-5293
-5338
-5484
-5673
-5902
-6150
-6470
-6881
-6945
-6901
-6858
-6530
-6265
-5972
-5649
-5579
-5354
-5178
-5051
-4868
-4905
-5164
-5750
-6627
-7642
-8493
-9395
-10187
-10720
-10980
-10998
-10609
-9831
-8918
-8131
-7367
-6543
-5988
-5726
-5727
-6061
-6650
-7547
-8441
-9001
-9292
-9404
-9286
-8835
-7978
-6865
-5797
-4789
-4019
-3528
-3317
-3388
-3573
-3899
-4556
-5328
-5720
-5796
-5552
-5159
-4707
-4156
-3344
-2575
-1998
-1572
-1286
-955
-658
-585
-790
-947
-1086
-1080
-1017
-881
-506
-32
441
785
1074
1329
1504
1484
1491
1640
1716
1598
1483
1367
1351
1307
1260
1218
1238
1044
733
786
756
435
102
43
-52
-287
-338
-209
-71
-3
158
481
658
565
514
677
494
-113
-904
-1327
-1327
-965
3
1439
2912
4224
4922
5062
4783
4079
3065
1765
324
-1062
-2068
-2533
-2446
-1835
-721
709
2090
3040
3519
3592
3239
2532
1459
151
-1360
-2534
-3220
-3596
-3252
-2404
-1295
-215
711
1453
2062
2249
2023
1557
654
-493
-1572
-2506
-3236
-3643
-3567
-3061
-2284
-1431
-473
187
497
643
545
179
-506
-1371
-2276
-3052
-3525
-3692
-3684
-3584
-3365
-2969
-2548
-1935
-1335
-1118
-1202
-1339
-1561
-2012
-2492
-2790
-3054
-3244
-3209
-2979
-2619
-2293
-2041
-1874
-1798
-1716
-1678
-1732
-1875
-2214
-2537
-2886
-3117
-3024
-2857
-2571
-2233
-2081
-2014
-1970
-1935
-1840
-1794
-1905
-2110
-2568
-3060
-3803
-4797
-5658
-6459
-7278
-7615
-7543
-7238
-7072
-6514
-5684
-4739
-3705
-3119
-2806
-2754
-2897
-3551
-4388
-5169
-5979
-6797
-7210
-7271
-6924
-6217
-5360
-4285
-3383
-2547
-2085
-2048
-2114
-2315
-2609
-3142
-3674
-4048
-4427
-4672
-4481
-4052
-3490
-2781
-2026
-1467
-1092
-764
-524
-501
-685
-711
-781
-925
-973
-850
-798
-664
-386
-2
503
963
1258
1411
1386
1314
1306
1330
1369
1608
1587
1238
1076
1025
1118
1273
1271
1303
1185
880
574
303
168
32
-80
-161
-338
-328
-90
70
191
194
224
178
84
-279
-786
-1425
-1939
-2145
-1909
-1054
109
1548
2854
3960
4449
4232
3498
2314
902
-682
-2132
-3312
-3959
-4143
-3760
-2778
-1577
-254
854
1731
2252
2013
1266
144
-1219
-2766
-4098
-5039
-5642
-5434
-4806
-4010
-2778
-1643
-787
-214
-179
-151
-374
-1056
-2140
-3226
-4212
-5189
-5746
-5726
-5257
-4519
-3607
-2731
-2036
-1542
-1223
-1088
-1229
-1667
-2498
-3389
-4179
-5193
-5957
-6050
-5648
-5244
-4913
-4376
-3792
-3520
-3346
-3108
-3198
-3670
-4005
-4385
-4797
-5116
-5263
-5290
-5087
-4694
-4279
-3898
-3538
-3360
-3379
-3317
-3501
-3893
-4223
-4381
-4377
-4607
-4851
-5000
-4820
-4331
-3989
-3760
-3698
-3600
-3470
-3465
-3558
-3748
-4003
-4538
-5205
-5998
-7014
-8064
-8915
-9489
-9565
-9324
-8958
-8396
-7646
-6796
-5965
-5209
-4578
-4287
-4446
-4972
-5824
-6755
-7698
-8469
-8887
-8758
-8479
-7832
-6818
-5932
-5250
-4503
-3855
-3452
-3254
-3383
-3719
-4313
-4818
-5217
-5712
-5862
-5617
-5157
-4730
-4121
-3500
-2812
-2128
-1546
-1215
-1038
-1154
-1301
-1388
-1478
-1502
-1380
-1286
-1222
-1123
-1007
-572
-32
394
658
877
838
924
902
830
735
582
589
741
818
837
920
917
862
661
429
243
-21
-210
-320
-413
-386
-481
-599
-590
-450
-200
-102
-121
-25
17
-63
-441
-1088
-1879
-2781
-3191
-2804
-1933
-752
539
1634
2315
2519
2255
1558
742
-339
-1532
-2416
-3076
-3357
-2964
-2059
-924
333
1458
2099
2285
2121
1490
640
-422
-1600
-2804
-3743
-4113
-3854
-3276
-2529
-1499
-366
800
1530
1736
1807
1553
936
134
-859
-1903
-2655
-3170
-3210
-2809
-2135
-1206
-325
345
1007
1434
1363
1110
589
-164
-863
-1580
-2207
-2663
-2929
-2775
-2475
-2001
-1360
-828
-260
233
339
74
-311
-724
-1256
-1739
-2212
-2592
-2796
-2963
-2813
-2521
-2203
-1960
-1749
-1616
-1723
-1960
-2097
-2264
-2501
-2800
-3015
-3149
-3143
-2910
-2570
-2413
-2390
-2306
-2345
-2352
-2321
-2281
-2211
-2386
-2756
-3346
-4085
-5008
-5934
-6627
-7045
-7581
-7792
-7408
-6673
-5939
-5138
-4260
-3434
-2766
-2479
-2530
-2936
-3673
-4473
-5256
-5916
-6123
-6135
-5987
-5485
-4710
-3830
-2914
-1885
-1141
-717
-513
-594
-838
-1163
-1789
-2376
-2648
-2804
-2808
-2531
-1959
-1204
-588
-89
599
1208
1376
1523
1519
1413
1305
1104
874
797
944
1172
1506
1732
2067
2169
2321
2640
2997
3077
3063
2972
2647
2512
2508
2523
2510
2313
2309
2489
2497
2267
2261
2259
2092
1655
1394
1238
1054
932
866
947
1155
1184
1038
1122
1401
1411
1395
1420
1278
754
311
405
917
1606
2808
4193
5564
6695
7187
7096
6448
5253
3541
1600
-255
-1787
-2792
-3241
-3122
-2143
-458
1232
2913
4325
5244
5449
5031
4065
2643
998
-938
-2655
-3843
-4204
-4018
-3366
-2212
-963
464
1432
2029
2380
2155
1513
632
-720
-2118
-3337
-4267
-4819
-4775
-4386
-3642
-2805
-1727
-694
-123
216
245
63
-455
-1287
-2234
-3095
-3870
-4380
-4636
-4557
-4293
-3929
-3352
-2827
-2576
-2334
-2197
-2276
-2616
-2928
-3220
-3521
-3664
-3768
-3551
-3215
-2744
-2247
-1909
-1657
-1515
-1449
-1507
-1709
-1833
-1959
-2260
-2518
-2666
-2508
-2222
-1976
-1891
-1612
-1311
-1229
-1073
-822
-699
-888
-1297
-1814
-2418
-3263
-4085
-5053
-5882
-6536
-7160
-7306
-6901
-6226
-5479
-4698
-3745
-2696
-2127
-1844
-1892
-2337
-3152
-4035
-4868
-5711
-6371
-6473
-6321
-6035
-5648
-5039
-4419
-3518
-2608
-2043
-1660
-1754
-2252
-2897
-3555
-4206
-4784
-4968
-4882
-4699
-4375
-3776
-3085
-2373
-1750
-1047
-521
-248
-161
-340
-551
-737
-723
-743
-739
-506
-65
384
729
1140
1345
1562
1847
2032
2074
2171
2226
1978
1844
1801
1910
1965
1875
1784
1912
2180
2060
1899
1754
1530
1260
1098
939
654
591
756
914
840
1083
1307
1424
1424
1352
1396
1149
623
-5
-745
-1323
-1358
-951
-69
1246
2393
3300
3817
3777
3085
2078
887
-368
-1560
-2521
-3289
-3420
-2733
-1594
-177
1076
2273
3100
3277
2861
2153
1248
6
-1612
-3166
-4314
-4801
-4815
-4067
-2843
-1655
-543
371
1188
1648
1713
1369
754
-232
-1441
-2389
-3183
-3710
-3835
-3244
-2446
-1497
-640
9
795
1206
1203
1013
585
-129
-1031
-1854
-2303
-2668
-2904
-2951
-2546
-2029
-1468
-967
-532
-5
74
-287
-519
-903
-1254
-1723
-2101
-2204
-2309
-2327
-2158
-1929
-1733
-1542
-1570
-1479
-1525
-1682
-1990
-2171
-2205
-2343
-2586
-2625
-2603
-2570
-2377
-2258
-2084
-1980
-1900
-1788
-1626
-1631
-1938
-2272
-2801
-3516
-4381
-5303
-6212
-7045
-7500
-7600
-7403
-6938
-6398
-5742
-4978
-4044
-3295
-2862
-2800
-2976
-3236
-3896
-4658
-5449
-6105
-6568
-6665
-6428
-5803
-4743
-3620
-2654
-1909
-1325
-989
-848
-852
-1077
-1582
-2017
-2385
-2622
-2667
-2532
-2318
-1914
-1331
-576
183
790
1364
1622
1610
1713
1799
1745
1606
1381
1289
1423
1699
2021
2246
2617
3003
3263
3398
3560
3658
3822
3793
3483
3205
3102
3186
3171
3039
3048
3170
3100
2902
2863
2726
2515
2489
2346
2112
1853
1796
1840
1826
1715
1726
1704
1808
2099
2142
2023
1894
1476
900
322
-85
-190
351
1441
2838
4297
5472
6190
6202
5620
4826
3740
2342
938
-314
-1057
-1135
-702
-41
977
2339
3449
4230
4661
4788
4402
3542
2293
896
-406
-1521
-2082
-2319
-1969
-1044
153
1145
2294
2931
3252
3191
2764
2370
1574
359
-930
-1792
-2321
-2468
-2224
-1540
-576
156
918
1490
1979
2283
1949
1387
707
-29
-781
-1462
-2053
-2274
-2300
-2040
-1615
-1169
-750
-219
129
157
60
-195
-619
-1036
-1359
-1755
-1877
-1876
-1825
-1702
-1476
-1229
-792
-526
-532
-465
-521
-787
-1115
-1251
-1400
-1631
-1721
-1743
-1598
-1518
-1393
-1252
-1129
-832
-618
-416
-464
-647
-790
-1165
-1802
-2692
-3629
-4551
-5248
-5738
-6084
-6168
-5714
-5094
-4470
-3857
-3022
-2136
-1557
-1256
-1243
-1649
-2348
-3233
-4132
-4668
-4949
-5221
-5025
-4663
-4153
-3345
-2245
-1247
-630
-361
-336
-454
-713
-1041
-1614
-2072
-2442
-2696
-2632
-2367
-2008
-1510
-678
201
792
1179
1371
1378
1315
1251
1276
1452
1426
1168
1137
1313
1593
1830
2192
2529
2798
3110
3298
3374
3195
3187
3135
2838
2763
2765
2713
2622
2723
2811
2804
2652
2463
2405
2357
2098
1854
1773
1782
1727
1723
1692
1693
1819
1950
1987
2059
2004
1831
1876
1706
1313
526
18
-33
361
1286
2536
3976
5184
5958
6114
5827
4989
3658
2205
892
-213
-1042
-1428
-1500
-1038
90
1576
2923
3864
4400
4468
4081
3267
2136
889
-447
-1745
-2531
-2898
-2681
-1925
-837
213
1254
2164
2704
2818
2651
2012
1105
100
-923
-1827
-2294
-2553
-2539
-2231
-1419
-514
429
1208
1659
1735
1601
1277
676
12
-707
-1330
-1894
-2331
-2462
-2362
-1817
-1311
-853
-387
-34
52
118
37
-357
-807
-1215
-1589
-1759
-1753
-1682
-1638
-1354
-856
-512
-358
-246
-235
-233
-376
-697
-950
-1145
-1338
-1312
-1298
-1220
-934
-792
-635
-439
-286
-95
3
-140
-278
-458
-655
-1156
-2020
-2867
-3749
-4620
-5254
-5714
-5658
-5542
-5338
-4768
-3860
-2835
-2047
-1528
-1183
-1253
-1616
-2060
-2557
-3285
-4052
-4642
-5052
-4970
-4563
-3773
-3016
-2251
-1290
-549
-46
238
385
218
-366
-877
-1319
-1825
-2059
-2164
-1996
-1668
-1136
-535
235
1063
1590
2003
2331
2494
2501
2442
2420
2275
2153
2058
2135
2479
2809
3063
3283
3678
3893
4075
4208
4327
4456
4310
4214
4115
3988
3902
3905
3988
3967
3949
3888
3865
3707
3488
3399
3422
3175
2846
2722
2675
2714
2707
2759
2907
3090
3161
3108
3081
3046
2802
2512
2039
1438
1173
1407
2227
3390
4862
6176
7114
7471
7225
6306
5085
4049
2900
1743
574
-264
-532
56
1107
2303
3489
4478
5273
5547
5322
4757
3697
2379
1073
-90
-1079
-1576
-1407
-897
-4
1018
2025
2898
3441
3710
3720
3382
2810
1791
605
-318
-1000
-1535
-1547
-1142
-402
258
1012
1854
2419
2605
2556
2448
1951
1224
499
-270
-917
-1369
-1453
-1374
-1184
-708
-37
536
877
1137
1060
810
543
36
-550
-987
-1059
-988
-947
-758
-630
-465
-219
191
498
694
643
349
161
-24
-321
-587
-775
-753
-619
-492
-312
-107
-74
-56
-95
60
355
461
402
109
-561
-1281
-1892
-2530
-3424
-4337
-4850
-5037
-5083
-4852
-4401
-3575
-2730
-1849
-1026
-523
-416
-596
-948
-1592
-2266
-3051
-3688
-4068
-4212
-4035
-3317
-2439
-1709
-1007
-165
392
736
756
538
306
-92
-593
-1124
-1299
-1455
-1547
-1239
-589
73
683
1318
1650
1854
2118
2171
2054
1767
1480
1450
1378
1471
1746
2057
2382
2680
2916
2843
2382
1721
1253
871
536
469
627
1138
1898
2770
3582
4040
4036
3869
3433
2658
1691
747
207
-79
140
997
2054
3129
4377
5486
6155
6521
6642
6451
5770
4883
4032
3406
2874
2499
2352
2697
3725
5225
6801
8376
9559
10093
9986
9339
8140
6491
4681
2922
1531
803
682
989
1656
2629
3836
4925
5619
5921
5857
5264
4169
2812
1384
52
-906
-1451
-1737
-1696
-1303
-327
805
1662
2370
2804
2930
2672
2053
1124
74
-1177
-2148
-2884
-3166
-3220
-2932
-2281
-1527
-620
88
649
930
961
634
101
-576
-1422
-2209
-2714
-2950
-2849
-2472
-1882
-1159
-495
37
473
857
1064
999
726
430
233
-11
-168
-225
-122
438
887
1164
1591
2004
2143
2007
1990
1865
1512
1258
1177
971
857
687
632
971
1077
994
1046
1046
1091
1036
1049
1073
1034
782
306
-224
-933
-1985
-2883
-3620
-4339
-4789
-4973
-4845
-4510
-3852
-3061
-2190
-1433
-988
-686
-832
-1413
-2041
-2862
-3771
-4696
-5199
-5387
-5324
-4861
-4197
-3369
-2408
-1515
-1017
-761
-690
-870
-1123
-1786
-2719
-3293
-3660
-3840
-4089
-4012
-3512
-2768
-2037
-1390
-837
-286
72
174
167
-39
-403
-1007
-1521
-1883
-2173
-2198
-1840
-1332
-557
193
590
1109
1371
1478
1479
996
370
-392
-976
-1320
-1485
-1422
-1037
-431
137
579
830
890
844
506
-4
-718
-1549
-2294
-2851
-3161
-3196
-2863
-2532
-2118
-1536
-1263
-1162
-1216
-1659
-2489
-3650
-4801
-5578
-5514
-4806
-3625
-1912
-145
1240
1700
1335
634
-473
-2121
-4045
-5881
-7295
-8241
-8167
-7330
-6039
-4381
-2655
-1216
-275
66
-87
-673
-1775
-3141
-4453
-5956
-7053
-7405
-6996
-5991
-4743
-3357
-2071
-938
-159
414
482
-35
-912
-1885
-2983
-4010
-4778
-4917
-4657
-4103
-3144
-2057
-974
75
753
1100
1043
865
482
-420
-1266
-1923
-2470
-2682
-2610
-2342
-1964
-1395
-842
-427
45
360
541
459
142
-404
-921
-1291
-1657
-1782
-1585
-1388
-1261
-851
-253
145
385
416
305
53
-342
-644
-913
-1064
-1123
-1114
-1070
-856
-478
-164
131
335
695
928
1040
956
697
314
-180
-721
-1477
-2302
-3071
-3648
-3821
-3590
-3316
-2859
-2191
-1436
-454
683
1489
1785
1738
1623
1249
648
-82
-737
-1086
-1188
-882
-313
416
1223
2103
2793
3430
3954
4180
4236
3864
3383
2926
2279
1762
1389
1151
1226
1626
2213
2779
3266
3675
3918
4257
4364
4005
3758
3466
3090
2850
2608
2673
2587
2547
2761
3162
3430
3659
3772
3711
3669
3811
3738
3444
3236
3117
2913
2891
2903
2680
2711
2752
2698
2643
2523
2338
2179
2115
2040
1926
1731
1585
1441
1503
1658
1860
1899
2126
2197
2109
2057
1943
1662
1010
288
-182
-29
485
1349
2601
3921
5003
5659
5754
5326
4302
3076
1970
1057
212
-337
-243
246
1191
2337
3496
4617
5216
5473
5126
4469
3542
2498
1343
345
-248
-627
-670
-47
1034
2231
3327
4146
4507
4605
4637
4278
3660
2922
1941
966
158
-231
-256
177
926
1728
2623
3387
3947
4356
4228
3791
3081
2458
1905
1166
698
355
316
333
572
1128
1742
2279
2496
2702
2775
2555
2241
1872
1381
1011
803
851
859
950
990
1245
1589
1790
1749
1723
1753
1798
1715
1630
1484
1312
1141
1012
908
1103
1453
1622
1847
2080
2040
2082
2344
2435
2311
2079
1792
1259
401
-479
-1202
-1798
-2511
-2972
-2785
-2298
-1767
-960
-59
779
1410
1851
1908
1805
1579
972
186
-581
-1231
-1619
-1652
-1350
-834
-145
759
1625
2348
2863
2903
2741
2473
2033
1513
1050
584
60
-349
-386
-207
133
682
1198
1737
1993
2041
2185
2105
1862
1580
1226
882
595
346
221
288
381
626
795
880
1024
1316
1605
1580
1445
1159
904
750
613
505
412
404
464
435
346
163
99
19
-221
-374
-513
-724
-860
-1049
-1079
-1098
-1093
-1113
-1046
-895
-846
-930
-947
-903
-1114
-1566
-1934
-2034
-1742
-1077
199
1831
3231
4308
4763
4558
3905
2624
966
-803
-2302
-3603
-4524
-4739
-4255
-3162
-1749
-88
1614
2800
3395
3422
2775
1767
296
-1437
-3091
-4300
-5082
-5255
-4873
-3920
-2743
-1372
-89
876
1343
1406
1063
353
-650
-1745
-2818
-3943
-4721
-5009
-4705
-3938
-3006
-1979
-1042
-378
48
354
271
-46
-731
-1526
-2343
-3027
-3461
-3718
-3720
-3559
-3229
-2737
-2080
-1594
-1236
-978
-1020
-1220
-1459
-1676
-2040
-2260
-2236
-2205
-2085
-1603
-1099
-886
-779
-521
-131
61
53
-30
-217
-544
-753
-657
-607
-611
-334
68
371
636
810
967
1007
1091
1201
1115
942
503
-42
-861
-1731
-2455
-3098
-3611
-4068
-4077
-3613
-2929
-2037
-1240
-585
44
676
897
714
455
126
-571
-1347
-2006
-2515
-2600
-2485
-2113
-1397
-587
387
1153
1737
2111
2161
1936
1466
953
371
-278
-793
-1231
-1351
-1108
-688
-167
362
863
1190
1231
1339
1356
1187
938
636
422
275
94
221
295
398
497
708
1050
1475
1702
1703
1672
1658
1591
1493
1334
1204
1052
1092
1283
1303
1164
1060
1113
1160
1071
881
563
372
211
58
22
64
155
155
256
490
581
489
496
648
732
643
522
88
-330
-229
221
