-5292
-4960
-4598
-4294
-3930
-3761
-3825
-4129
-4538
-4875
-5157
-5219
-5195
-5071
-4764
-4476
-4202
-4016
-3809
-3707
-3478
-3307
-3361
-3284
-3400
-3921
-4511
-5090
-5768
-6660
-7672
-8341
-8590
-8541
-8200
-7529
-6580
-5700
-4844
-4059
-3516
-3329
-3403
-3746
-4437
-5310
-6123
-6700
-7159
-7330
-7147
-6543
-5676
-4763
-3794
-2767
-2124
-1852
-1903
-2131
-2462
-2948
-3597
-4286
-4849
-5050
-5023
-4988
-4817
-4307
-3653
-3102
-2796
-2547
-2469
-2703
-3442
-4252
-5094
-5449
-5532
-5153
-4404
-3345
-2302
-1325
-804
-1354
-2616
-4274
-6085
-7985
-9791
-11083
-11904
-11706
-10633
-8962
-7409
-5797
-4701
-4201
-4383
-5278
-6733
-8506
-10478
-12114
-12912
-12774
-11730
-9978
-7648
-5098
-2724
-742
731
1369
1315
745
-294
-1771
-3409
-4968
-6271
-6665
-5922
-4096
-1641
1103
3678
5577
6642
6752
5831
4181
2147
-149
-2503
-4595
-6008
-6477
-6043
-5055
-3568
-1918
-446
685
1064
662
-254
-1692
-3708
-5841
-7626
-9062
-9875
-10079
-9555
-8338
-6835
-5376
-4032
-3118
-2976
-3513
-4399
-5604
-7238
-8955
-10460
-11546
-12041
-12098
-11851
-10908
-9500
-7973
-6659
-5607
-5026
-4892
-5219
-6103
-7298
-8531
-9880
-10991
-11670
-11959
-11507
-10731
-9635
-8508
-7414
-6197
-5145
-4538
-4146
-3911
-3758
-3940
-4063
-4097
-4132
-3853
-3575
-3068
-2611
-2159
-1680
-1277
-1008
-925
-980
-1091
-1190
-1589
-1951
-2215
-2415
-2582
-2550
-2293
-2041
-1950
-2049
-2135
-2316
-2472
-2732
-2751
-2790
-3249
-3786
-4420
-5072
-5673
-6125
-6679
-6970
-6751
-6364
-5911
-5504
-4998
-4225
-3465
-3072
-2949
-3188
-3761
-4663
-5627
-6396
-7156
-7908
-8569
-9043
-8814
-8062
-7017
-6004
-5353
-4785
-4289
-3967
-3903
-4182
-4604
-4888
-5194
-5554
-5707
-5539
-5025
-4337
-3517
-2575
-1665
-801
-31
706
1054
1285
1486
1429
1221
813
245
-705
-1684
-2650
-3718
-4549
-4646
-3826
-2039
-148
1620
3140
4343
4995
4856
3783
2263
554
-1185
-2923
-4069
-4212
-3417
-1883
46
1926
3756
5152
5963
6128
5570
4516
3016
1316
-311
-1428
-1802
-1502
-440
1335
3292
4993
6237
6879
7062
6769
6297
5753
5684
6042
6182
6309
6399
6281
5946
5488
4703
3538
2319
1280
398
-271
-657
-393
326
1158
2179
3225
4307
4911
4723
4139
3292
2172
1004
-222
-1326
-2125
-2472
-2216
-1684
-1068
-592
6
678
1175
1230
969
416
-484
-1466
-2443
-3453
-4241
-4592
-4567
-4453
-4327
-4153
-3779
-3457
-3512
-3628
-3783
-4008
-4134
-4397
-4561
-4656
-4854
-4918
-4659
-4220
-3862
-3713
-3414
-3197
-3364
-3505
-3552
-3691
-4007
-4411
-4424
-4244
-3919
-3573
-3088
-2597
-2061
-1568
-1124
-954
-1047
-1236
-1682
-2088
-2520
-2955
-3087
-3139
-3179
-3229
-3123
-3031
-2850
-2571
-2155
-1760
-1568
-1656
-1681
-1998
-2579
-3340
-4566
-6119
-7569
-8809
-9743
-10324
-10343
-9912
-9211
-8265
-7121
-6011
-5216
-4560
-4279
-4515
-5203
-6012
-6975
-7970
-8780
-9533
-9858
-9859
-9547
-8851
-8219
-7417
-6719
-6101
-5556
-5307
-5400
-5815
-6378
-7028
-7568
-7985
-8251
-8247
-8030
-7520
-6795
-6063
-5524
-4961
-4299
-3810
-3508
-3346
-3160
-2987
-2897
-2859
-2674
-2494
-2184
-1848
-1383
-1036
-716
-419
-349
-393
-468
-685
-900
-1107
-1175
-1236
-1276
-1297
-1356
-1383
-1279
-1144
-1048
-1062
-1312
-1599
-1849
-2113
-2349
-2410
-2636
-2968
-2908
-2665
-2468
-2229
-2197
-2196
-2155
-1992
-2043
-2324
-3049
-3665
-4061
-4280
-3980
-3055
-1878
-758
142
523
503
-30
-1202
-2638
-4222
-5802
-7079
-7862
-8076
-7797
-6883
-5665
-4200
-2767
-1683
-1148
-1175
-1654
-2544
-3801
-5246
-6683
-7960
-8705
-8870
-8531
-7630
-6593
-5477
-4347
-3321
-2569
-2474
-2828
-3341
-4131
-5339
-6637
-7571
-8317
-8431
-8212
-7670
-6812
-5743
-4826
-4139
-3560
-3128
-2991
-3422
-4078
-4688
-5389
-5982
-6466
-6764
-6847
-6697
-6303
-5865
-5417
-5036
-4717
-4445
-4371
-4694
-5187
-5615
-6118
-6456
-6705
-6866
-6774
-6591
-6222
-5961
-5644
-5371
-5385
-5499
-5580
-5737
-5995
-6253
-6625
-6756
-6689
-6522
-6287
-6079
-5925
-5612
-5389
-5248
-5002
-4928
-4967
-4879
-4933
-5312
-5981
-6867
-7991
-9131
-9948
-10499
-10651
-10600
-10274
-9479
-8593
-7788
-6952
-6063
-5413
-4988
-5104
-5556
-6228
-7102
-8107
-9054
-9701
-9936
-9806
-9174
-8174
-6988
-5938
-4846
-4010
-3572
-3446
-3515
-3740
-4103
-4543
-5117
-5383
-5532
-5632
-5595
-5117
-4387
-3588
-2740
-1943
-1334
-952
-687
-596
-674
-745
-974
-1272
-1229
-1026
-740
-656
-443
-17
486
830
1037
1298
1419
1471
1583
1651
1490
1375
1388
1454
1318
1147
1220
1379
1151
953
1007
792
537
371
192
213
179
10
65
207
283
415
577
661
755
773
752
585
116
-533
-1030
-1179
-805
146
1373
2848
4239
5008
4982
4658
4139
2953
1554
67
-1314
-2292
-2699
-2691
-2167
-1124
175
1589
2830
3386
3479
3150
2560
1503
163
-1097
-2110
-2799
-3211
-3152
-2627
-1815
-771
273
1174
1781
2022
1898
1237
296
-858
-1952
-2824
-3448
-3822
-3975
-3631
-2822
-1920
-1084
-352
182
458
307
-76
-688
-1312
-2000
-2790
-3382
-3650
-3708
-3627
-3258
-2651
-2080
-1750
-1676
-1567
-1545
-1638
-1983
-2473
-2901
-3211
-3427
-3424
-3311
-3364
-3339
-2831
-2490
-2295
-2009
-1808
-1807
-2120
-2356
-2690
-3011
-3296
-3419
-3439
-3319
-3108
-2794
-2415
-2245
-2117
-1963
-1897
-1872
-1848
-1908
-2154
-2729
-3740
-4780
-5593
-6242
-6796
-7272
-7484
-7380
-6999
-6494
-5743
-4758
-3790
-2997
-2686
-2966
-3497
-4152
-5042
-5811
-6418
-7167
-7539
-7440
-7087
-6528
-5717
-4719
-3765
-3003
-2407
-2176
-2153
-2413
-2794
-3267
-3811
-4390
-4771
-4609
-4371
-4152
-3772
-3013
-2235
-1733
-1251
-887
-742
-679
-648
-751
-849
-990
-1087
-950
-912
-859
-736
-360
111
460
761
1176
1414
1519
1573
1428
1239
1200
1129
1007
1143
1194
1248
1369
1180
1080
906
677
480
223
-39
-90
-189
-334
-352
-355
-249
-209
-116
-83
-83
47
17
-193
-673
-1375
-2067
-2420
-2226
-1490
-237
1228
2380
3248
3710
3740
3016
1844
476
-1043
-2470
-3749
-4534
-4752
-4355
-3275
-1897
-467
665
1373
1770
1713
1201
190
-1201
-2603
-4061
-5159
-5695
-5698
-5189
-4467
-3411
-2135
-1230
-579
-158
-252
-792
-1527
-2507
-3651
-4870
-5708
-5865
-5790
-5607
-5005
-4103
-3248
-2532
-1895
-1550
-1409
-1729
-2303
-2892
-3671
-4529
-5181
-5576
-5663
-5690
-5404
-4808
-4205
-3648
-3365
-3291
-3004
-3035
-3440
-4114
-4687
-5068
-5428
-5601
-5561
-5642
-5371
-4674
-4188
-3829
-3706
-3747
-3768
-3987
-4235
-4410
-4601
-4902
-5130
-4968
-4785
-4727
-4518
-4287
-4212
-4067
-3848
-3716
-3551
-3554
-3755
-4053
-4483
-5071
-5972
-7006
-7917
-8651
-9062
-9306
-9296
-9021
-8378
-7428
-6532
-5682
-4899
-4331
-4209
-4434
-5074
-5823
-6721
-7647
-8471
-8790
-8833
-8517
-7869
-7097
-6061
-4987
-4144
-3662
-3182
-3038
-3151
-3542
-4154
-4735
-5121
-5228
-5329
-5300
-4890
-4458
-3929
-3312
-2501
-1714
-1328
-1256
-1053
-998
-1151
-1474
-1669
-1508
-1368
-1357
-1209
-826
-404
-229
103
659
1023
1021
994
1018
946
861
919
1058
917
829
829
892
1308
1541
1253
938
803
715
616
445
208
94
57
190
202
67
207
380
417
481
447
391
94
-400
-919
-1740
-2685
-3306
-3304
-2655
-1548
-182
945
1792
2074
1840
1376
541
-409
-1361
-2131
-2730
-2865
-2548
-1800
-809
331
1343
2019
2268
1918
1327
586
-475
-1564
-2475
-3197
-3767
-3682
-3118
-2412
-1346
-244
706
1590
1972
1946
1596
1057
272
-831
-1697
-2391
-2817
-2789
-2352
-1686
-866
-141
628
1259
1681
1779
1625
1197
472
-322
-1004
-1547
-1979
-2207
-2206
-1811
-1203
-660
-155
308
515
494
311
52
-315
-862
-1468
-1910
-2269
-2567
-2498
-2508
-2409
-2093
-1806
-1639
-1622
-1733
-1782
-2132
-2581
-2621
-2869
-3142
-3296
-3359
-3144
-2926
-2867
-2890
-2751
-2644
-2630
-2454
-2186
-2337
-2653
-2951
-3357
-3995
-4897
-5802
-6599
-7314
-7792
-7857
-7527
-7016
-6322
-5437
-4456
-3555
-3001
-2931
-3093
-3522
-4049
-4854
-5763
-6370
-6782
-6888
-6755
-6330
-5505
-4461
-3396
-2394
-1582
-1056
-648
-701
-1196
-1697
-2055
-2489
-2919
-3023
-2905
-2567
-2103
-1472
-803
-167
515
1022
1171
1252
1411
1446
1331
1262
1046
870
824
807
919
1317
1872
2214
2365
2651
2819
2931
2854
2626
2558
2422
2255
2066
1962
1957
1940
2013
2174
2236
2039
1844
1713
1474
1293
1187
984
853
755
681
684
728
972
1017
984
974
768
737
726
427
155
246
767
1668
2829
4373
5768
6685
7012
6768
5864
4439
2660
635
-1325
-3007
-4116
-4696
-4405
-3221
-1333
875
2754
4188
5271
5681
5352
4254
2768
1153
-723
-2631
-4016
-4549
-4392
-3805
-2806
-1706
-564
482
1416
1893
1784
1168
229
-1054
-2521
-3790
-4805
-5258
-5588
-5616
-5004
-3898
-2880
-1919
-1137
-494
-308
-513
-1001
-1598
-2492
-3446
-4116
-4574
-5071
-5218
-5119
-4796
-4308
-3859
-3513
-3500
-3504
-3468
-3501
-3625
-3807
-3935
-3961
-3905
-4009
-3829
-3384
-3050
-2835
-2509
-2228
-2221
-2342
-2470
-2699
-2915
-2968
-3158
-3171
-3139
-2986
-2585
-2189
-1835
-1519
-1231
-1026
-920
-924
-1133
-1409
-1807
-2380
-3163
-4054
-4914
-5623
-6176
-6734
-6904
-6630
-6223
-5434
-4459
-3484
-2554
-1908
-1727
-1984
-2369
-3063
-3993
-4913
-5701
-6357
-6790
-6991
-6725
-6225
-5365
-4433
-3516
-2872
-2438
-1888
-1832
-2223
-2688
-3197
-3872
-4351
-4655
-4968
-5078
-4933
-4482
-3747
-2878
-2155
-1646
-1159
-861
-731
-811
-980
-1046
-1031
-1225
-1366
-1272
-1086
-836
-357
17
292
596
849
1016
1071
1092
1289
1482
1451
1505
1531
1466
1407
1493
1593
1643
1620
1555
1327
1168
999
736
651
772
745
548
601
710
842
1062
1200
1244
1191
1344
1222
732
-120
-1019
-1696
-1827
-1592
-877
295
1541
2579
2958
2891
2152
1170
110
-1187
-2449
-3446
-3838
-3603
-3009
-2091
-704
883
2135
2779
2967
2850
2160
1042
-184
-1599
-3111
-4285
-4967
-4999
-4457
-3559
-2346
-1026
162
1009
1458
1568
1256
575
-306
-1360
-2308
-3106
-3577
-3639
-3391
-2651
-1824
-804
259
1006
1517
1616
1382
837
293
-392
-1140
-1706
-2242
-2492
-2517
-2248
-1679
-955
-420
-142
198
271
330
347
7
-535
-809
-1040
-1305
-1524
-1497
-1391
-1487
-1391
-1162
-1100
-1020
-1027
-1324
-1727
-2001
-2203
-2501
-2809
-2853
-2683
-2526
-2294
-2268
-2187
-1884
-1608
-1489
-1566
-1652
-1856
-2252
-2659
-3291
-4074
-5061
-6090
-6867
-7308
-7300
-7172
-7036
-6640
-5831
-4661
-3793
-3126
-2675
-2679
-2902
-3242
-3705
-4565
-5626
-6409
-6862
-6891
-6405
-5618
-4507
-3441
-2565
-1633
-904
-476
-170
-263
-726
-1365
-1831
-2249
-2612
-2743
-2572
-2264
-1829
-1155
-154
614
1225
1777
2110
2269
2342
2296
2127
1876
1643
1679
1828
2031
2390
2677
2948
3213
3475
3653
3875
3827
3784
3721
3655
3505
3371
3399
3513
3729
3669
3416
3279
3245
3222
2992
2688
2567
2569
2412
2117
1966
1934
1917
2014
2045
2036
2133
2164
2122
2087
2078
1872
1264
544
50
12
386
1272
2755
4258
5361
5969
6070
5573
4586
3516
2349
934
-307
-1180
-1457
-1179
-390
846
2236
3561
4544
5031
4936
4469
3771
2725
1393
236
-906
-1617
-1763
-1540
-969
-35
1074
2095
2879
3146
3270
3058
2288
1302
445
-497
-1298
-1917
-2114
-1921
-1420
-729
76
882
1547
1989
2084
2037
1642
883
154
-466
-1094
-1602
-1955
-2070
-1934
-1473
-1001
-520
-174
-3
68
-96
-315
-735
-1218
-1671
-2051
-2231
-2313
-2290
-1987
-1670
-1410
-990
-721
-606
-717
-969
-1084
-1390
-1827
-2013
-1950
-1928
-1990
-1779
-1360
-1099
-1045
-1049
-882
-593
-449
-396
-362
-568
-1030
-1756
-2661
-3488
-4164
-4822
-5369
-5841
-5934
-5644
-5026
-4325
-3550
-2603
-1827
-1424
-1188
-1212
-1610
-2191
-3081
-4005
-4790
-5312
-5605
-5453
-4766
-3895
-3073
-2217
-1334
-618
-240
-157
-414
-681
-935
-1383
-1998
-2431
-2670
-2769
-2774
-2372
-1616
-888
-102
419
811
1182
1347
1343
1351
1160
978
895
923
1066
1181
1417
1563
1725
2083
2612
2987
3067
3080
3040
3076
3120
3039
2918
2958
2982
2837
2669
2736
3012
3004
2799
2632
2586
2347
2161
1986
1760
1772
1822
1776
1728
1907
2074
2197
2264
2258
2267
2157
1889
1294
572
11
-92
278
1188
2538
3974
5081
5940
6164
5844
4922
3695
2491
1093
-76
-1000
-1615
-1614
-1199
-173
1232
2704
3856
4460
4544
4211
3517
2295
930
-325
-1496
-2426
-2960
-2900
-2270
-1198
-109
872
1738
2184
2344
2292
1798
918
-94
-1135
-2127
-2783
-3215
-3300
-2793
-2055
-1071
-174
678
1211
1382
1151
765
272
-225
-880
-1660
-2279
-2791
-2906
-2768
-2361
-1666
-1120
-695
-514
-457
-502
-535
-858
-1367
-1742
-1969
-2353
-2459
-2322
-2054
-1603
-1168
-957
-835
-637
-562
-683
-817
-966
-1140
-1578
-1966
-2101
-1942
-1591
-1269
-1014
-815
-734
-702
-667
-654
-808
-901
-1000
-1227
-1777
-2594
-3521
-4277
-5059
-5825
-6205
-6334
-6053
-5577
-5177
-4361
-3308
-2432
-1928
-1654
-1559
-1791
-2364
-3092
-3992
-4827
-5255
-5474
-5571
-5375
-4825
-3941
-2871
-1896
-1183
-739
-403
-318
-537
-897
-1394
-1867
-2316
-2497
-2470
-2283
-1916
-1575
-980
-213
535
1041
1417
1728
1888
1882
1709
1501
1311
1349
1528
1459
1573
2010
2387
2661
2965
3147
3318
3446
3552
3525
3587
3570
3539
3411
3321
3310
3331
3198
3283
3299
3215
3183
3068
3072
3063
2822
2624
2571
2487
2453
2410
2255
2331
2431
2475
2475
2563
2638
2451
1937
1190
595
307
491
1350
2589
3988
5180
6180
6762
6691
5914
4703
3334
2080
777
-380
-1048
-1125
-745
157
1478
2881
4037
4781
5203
5148
4611
3651
2368
949
-355
-1356
-1887
-1934
-1532
-686
276
1293
2235
2900
3136
3234
2943
2286
1364
373
-575
-1413
-1855
-2024
-1796
-1042
-121
598
1308
1837
2176
2279
2129
1678
1122
436
-370
-1047
-1397
-1476
-1618
-1503
-970
-266
337
693
780
694
490
360
25
-243
-555
-947
-1183
-1207
-1116
-924
-449
13
225
318
270
333
297
31
-400
-711
-933
-1271
-1310
-1054
-735
-532
-378
-311
-99
151
352
457
441
262
-79
-548
-1105
-1940
-2886
-3841
-4548
-5109
-5454
-5303
-4758
-4026
-3333
-2459
-1634
-1007
-680
-533
-714
-1123
-1885
-2656
-3463
-4096
-4366
-4363
-4228
-3748
-2806
-1975
-1346
-562
279
641
724
712
328
-243
-908
-1329
-1688
-1852
-1733
-1271
-713
-175
468
1126
1890
2218
2300
2313
2211
1822
1486
1312
1052
1175
1445
1897
2354
2609
2612
2351
1876
1515
1121
695
346
226
535
1105
1927
2751
3432
3922
4190
4005
3487
2711
1863
1165
561
346
553
1271
2133
3223
4489
5744
6540
6787
6862
6527
5824
4949
3973
3327
2849
2521
2617
3054
3943
5354
6981
8457
9634
10219
10099
9405
8220
6726
4970
3330
2133
1270
892
1051
1746
2857
3927
4981
5903
6113
5951
5501
4722
3633
2318
848
-352
-1143
-1458
-1337
-759
30
820
1544
2253
2745
2934
2804
2164
1313
317
-614
-1478
-2287
-2712
-2878
-2784
-2344
-1617
-582
243
574
709
812
738
389
-272
-1079
-1759
-2186
-2274
-2328
-2141
-1780
-1163
-425
248
824
990
1038
1063
998
848
567
377
262
211
273
390
633
1159
1661
1917
2091
2084
1888
1785
1646
1363
1097
874
645
525
598
658
822
1075
1204
1176
1152
1136
1158
1126
1190
1104
509
-92
-813
-1780
-2772
-3720
-4227
-4636
-4787
-4755
-4385
-3600
-2520
-1752
-1210
-878
-870
-1017
-1345
-1950
-2941
-4041
-4655
-5066
-5473
-5543
-4912
-4259
-3481
-2728
-1931
-1186
-782
-819
-1139
-1751
-2316
-2904
-3459
-3983
-4320
-4182
-3849
-3477
-3026
-2349
-1703
-1162
-606
-226
-106
-162
-300
-547
-1059
-1747
-2034
-2173
-2208
-2033
-1560
-937
-263
455
951
1288
1298
911
391
-97
-578
-1013
-1333
-1428
-1390
-1155
-688
-129
281
823
1014
668
337
-61
-671
-1617
-2409
-2885
-3189
-3139
-2815
-2537
-2081
-1562
-1318
-1198
-1232
-1735
-2874
-4242
-5378
-5968
-6013
-5374
-3913
-2214
-656
552
1270
1183
320
-1214
-2805
-4485
-6113
-7324
-8296
-8644
-7965
-6468
-4584
-2766
-1346
-459
-86
-29
-590
-1702
-2998
-4366
-5702
-6815
-7271
-7173
-6433
-5267
-3947
-2577
-1373
-487
-112
-150
-325
-970
-1875
-2989
-4109
-4895
-5116
-4962
-4395
-3448
-2363
-1281
-584
91
739
908
682
226
-387
-1184
-1856
-2445
-2898
-2917
-2625
-2089
-1469
-945
-554
-137
250
295
151
-105
-570
-1119
-1457
-1541
-1813
-1823
-1602
-1261
-817
-397
-221
-112
-51
-114
-297
-526
-620
-780
-1139
-1291
-1105
-1037
-924
-503
0
170
245
638
926
997
909
803
576
28
-665
-1532
-2282
-2906
-3295
-3623
-3525
-3066
-2546
-1780
-922
-86
723
1440
1847
2077
1938
1555
934
152
-508
-960
-1195
-1172
-730
-10
768
1787
2722
3592
4162
4352
4276
3942
3458
2878
2354
2041
1862
1580
1460
1814
2326
2915
3486
3924
4295
4415
4308
4112
3965
3673
3280
3021
2839
2807
2819
2982
3034
3142
3354
3501
3632
3576
3561
3572
3596
3493
3348
3250
3125
2981
3155
3277
3193
3026
2909
2968
2965
2790
2649
2531
2347
2107
1863
1880
1942
1969
1976
2088
2214
2282
2368
2433
2311
2067
1654
1170
630
276
448
1139
2244
3615
4850
5898
6396
6285
5678
4716
3609
2433
1269
348
-291
-350
124
1026
2190
3517
4702
5491
5819
5694
5261
4421
3444
2266
1054
23
-618
-684
-179
764
1883
3099
4022
4535
4884
4872
4430
3610
2668
1764
838
166
-272
-262
59
497
1194
2127
3026
3738
3984
3711
3363
2936
2470
1938
1344
655
260
307
429
608
944
1324
1744
2192
2535
2673
2505
2147
1728
1204
953
846
606
328
443
929
1262
1495
1808
2240
2459
2229
1939
1795
1506
1215
988
933
913
979
1236
1593
1875
2042
2116
2344
2489
2525
2648
2738
2472
2161
1649
781
-191
-1088
-1635
-2176
-2673
-2570
-2020
-1294
-574
346
1226
1874
2360
2516
2211
1586
895
120
-645
-1359
-1841
-1903
-1517
-937
-150
819
1453
2091
2675
3028
2966
2650
2128
1421
622
41
-281
-421
-473
-276
-6
402
954
1431
1708
1917
1982
1923
1747
1358
1010
582
229
34
-69
43
272
365
600
939
1143
1231
1265
1148
850
662
712
652
483
236
254
348
330
240
265
235
236
204
61
-94
-390
-578
-681
-818
-838
-845
-897
-927
-946
-837
-486
-383
-587
-781
-1166
-1681
-2207
-2643
-2599
-2131
-1111
376
1850
3030
3824
3816
3175
2121
840
-551
-2008
-3518
-4364
-4654
-4378
-3451
-2237
-826
757
2020
2743
2817
2307
1589
403
-1108
-2696
-4070
-4928
-5194
-4955
-4096
-2910
-1724
-593
209
554
539
415
85
-755
-2044
-3191
-3964
-4496
-4746
-4667
-3994
-3084
-2215
-1430
-610
-120
225
328
31
-602
-1463
-2366
-3054
-3514
-3743
-3688
-3415
-2997
-2475
-1888
-1186
-814
-855
-1146
-1339
-1490
-1824
-2224
-2585
-2690
-2665
-2453
-2338
-1920
-1282
-791
-601
-501
-458
-442
-608
-1009
-1291
-1325
-1501
-1557
-1360
-1057
-695
-499
-330
-56
120
180
413
536
453
232
-90
-565
-1193
-2120
-3013
-3637
-4229
-4677
-4730
-4375
-3891
-2951
-1963
-1107
-241
150
379
382
-156
-901
-1546
-2155
-2824
-3266
-3387
-3241
-2718
-2030
-1192
-126
776
1321
1730
1896
1752
1325
695
-13
-697
-1205
-1374
-1384
-1175
-913
-644
1
656
1125
1344
1409
1461
1352
1073
819
455
129
-64
-43
103
256
412
580
864
1089
1342
1388
1504
1471
1206
1142
960
746
729
861
1053
1179
1055
1007
1097
1024
892
707
476
344
202
-82
-18
32
-14
-12
-132
-110
111
442
612
619
631
354
48
-107
-273
-42
410
