-5125
-4713
-4436
-4329
-4136
-3902
-3975
-4171
-4641
-4948
-5130
-5284
-5290
-5272
-5168
-4991
-4744
-4623
-4274
-3973
-3827
-3502
-3403
-3734
-4047
-4363
-4903
-5618
-6543
-7528
-8230
-8731
-9047
-9117
-8815
-8330
-7362
-6323
-5441
-4564
-3855
-3471
-3527
-3946
-4581
-5282
-6143
-6771
-7013
-6976
-6650
-6158
-5323
-4494
-3584
-2698
-1917
-1542
-1360
-1288
-1688
-2449
-3130
-3874
-4444
-4775
-4710
-4379
-4156
-3660
-3164
-2718
-2178
-1807
-1770
-2060
-2825
-3576
-4271
-4852
-5147
-4931
-4076
-3005
-1935
-1015
-753
-1278
-2484
-4117
-5908
-7849
-9837
-11544
-12465
-12215
-10976
-9361
-7833
-6408
-5447
-4942
-5044
-6042
-7637
-9397
-11178
-12728
-13576
-13549
-12747
-11245
-8946
-6136
-3483
-1428
27
783
721
-8
-1170
-2535
-3868
-5158
-6284
-6323
-5171
-2915
-313
2444
5062
6928
7895
7811
6747
4841
2367
-405
-3173
-5596
-7255
-8012
-7668
-6362
-4322
-2041
-70
1411
1946
1688
844
-855
-3148
-5703
-8113
-9916
-11230
-11656
-10929
-9566
-7937
-6413
-4917
-3703
-3334
-3731
-4510
-5519
-7107
-8925
-10720
-12163
-13050
-13375
-13038
-12245
-11217
-9662
-8121
-6985
-6048
-5851
-6293
-6978
-7916
-9106
-10455
-11613
-12416
-12754
-12696
-12496
-11805
-10608
-9205
-7925
-6898
-6035
-5520
-5221
-4925
-4886
-4905
-4773
-4773
-4569
-4025
-3333
-2554
-1755
-1364
-1142
-986
-923
-841
-901
-1308
-1582
-1622
-1959
-2129
-2154
-2109
-2027
-1811
-1493
-1655
-1909
-2004
-2175
-2607
-2873
-3060
-3398
-3895
-4514
-5235
-6131
-6721
-6960
-6997
-6777
-6352
-5834
-5228
-4714
-4069
-3511
-3164
-3013
-3187
-3847
-4670
-5690
-6489
-7266
-8198
-8811
-9008
-8804
-8131
-7282
-6521
-5793
-5221
-4532
-4378
-4628
-5035
-5408
-5591
-5944
-6236
-6413
-6502
-6088
-5349
-4351
-3356
-2310
-1313
-519
-83
376
740
1030
1112
958
735
128
-942
-1990
-3018
-4049
-4788
-4885
-4007
-2198
-169
1666
3309
4596
5184
5070
4289
2836
969
-871
-2335
-3548
-4113
-3618
-2199
-51
2108
4017
5441
6190
6387
5885
4686
3134
1510
11
-1060
-1782
-1456
-183
1518
3645
5460
6839
7658
8018
8126
8118
8220
8368
8425
8399
8252
7939
7379
6684
5780
4656
3342
2149
1241
449
-306
-425
-45
681
1673
2965
4023
4622
4890
4823
4424
3632
2367
875
-415
-1354
-2038
-2437
-2410
-2068
-1471
-897
-268
258
827
977
627
-92
-910
-1976
-3075
-3924
-4464
-4772
-5071
-4912
-4545
-4217
-4041
-4142
-4293
-4393
-4226
-4160
-4304
-4802
-4947
-4891
-4782
-4709
-4448
-4185
-3986
-3964
-4019
-4082
-4145
-4002
-4163
-4314
-4534
-4579
-4132
-3621
-3220
-2771
-2154
-1713
-1378
-898
-405
-281
-335
-760
-1223
-1774
-2171
-2456
-2729
-2759
-2814
-2797
-2637
-2329
-2022
-1817
-1516
-1397
-1399
-1354
-1527
-2016
-2656
-3661
-5024
-6483
-7869
-8974
-9898
-10567
-10871
-10515
-9707
-8758
-7605
-6430
-5506
-4888
-4590
-4712
-5243
-6038
-7224
-8407
-9128
-9776
-10315
-10291
-9949
-9294
-8460
-7621
-7001
-6366
-5669
-5318
-5598
-5979
-6587
-7446
-8183
-8775
-9031
-9086
-8895
-8278
-7654
-6802
-6134
-5497
-4898
-4434
-3920
-3590
-3607
-3461
-3226
-3007
-2899
-2686
-2277
-1809
-1494
-1168
-821
-739
-550
-265
-284
-490
-739
-1083
-1292
-1400
-1428
-1393
-1285
-1271
-1246
-1316
-1325
-1238
-1352
-1682
-2134
-2334
-2290
-2591
-2970
-3096
-3016
-2925
-2883
-2789
-2537
-2286
-2131
-2083
-2197
-2497
-3080
-3875
-4516
-4703
-4180
-3039
-1685
-310
536
771
801
351
-748
-2261
-4046
-5712
-6994
-7839
-8395
-8171
-7302
-6139
-4806
-3367
-2106
-1361
-1274
-1861
-2876
-4139
-5678
-7397
-8913
-9742
-9740
-9167
-8315
-7059
-5487
-4326
-3575
-2920
-2541
-2729
-3459
-4434
-5651
-6920
-7971
-8599
-8878
-8515
-7811
-7111
-6172
-5047
-4023
-3471
-3316
-3308
-3535
-3908
-4659
-5472
-6356
-7018
-7381
-7351
-7110
-6540
-5983
-5510
-5157
-4800
-4484
-4385
-4565
-4956
-5423
-5886
-6371
-6710
-6729
-6597
-6425
-6144
-5747
-5457
-5518
-5447
-5358
-5463
-5729
-5919
-6154
-6577
-6909
-7039
-6895
-6604
-6424
-5992
-5631
-5350
-5306
-5285
-5195
-5094
-5307
-5602
-6055
-6725
-7621
-8585
-9520
-10360
-11059
-11338
-11328
-11070
-10420
-9540
-8442
-7421
-6701
-6244
-5845
-5623
-6075
-6860
-7707
-8482
-9256
-9891
-10043
-9622
-9084
-8197
-7008
-5915
-4854
-4019
-3629
-3393
-3256
-3550
-4062
-4808
-5346
-5592
-5725
-5821
-5519
-4940
-4398
-3574
-2706
-1952
-1460
-1216
-1105
-872
-833
-942
-1048
-1110
-1071
-1062
-960
-751
-339
45
443
652
932
1221
1522
1528
1386
1263
1192
1150
1192
1306
1051
895
879
734
579
494
350
287
-87
-340
-455
-418
-379
-469
-251
-96
-40
-128
-157
-100
119
377
423
331
-112
-864
-1446
-1604
-1144
-78
1416
2872
4149
4943
5144
4886
4108
2918
1505
-46
-1286
-2200
-2779
-2890
-2377
-1410
18
1413
2508
3207
3450
3288
2654
1445
41
-1435
-2828
-3845
-4207
-3778
-3080
-2136
-921
136
1073
1843
2199
2086
1418
469
-582
-1701
-2739
-3654
-4035
-3961
-3630
-3004
-2190
-1345
-621
-111
263
249
-91
-563
-1393
-2320
-3077
-3765
-4204
-4247
-3987
-3561
-3142
-2584
-1851
-1437
-1367
-1666
-1795
-1971
-2486
-2937
-3219
-3365
-3475
-3449
-3397
-3168
-2845
-2431
-2164
-2003
-1757
-1707
-1867
-2132
-2367
-2600
-2896
-3186
-3357
-3270
-2897
-2689
-2523
-2252
-2007
-1850
-1815
-1806
-1720
-1829
-2435
-3182
-3960
-5057
-5949
-6835
-7457
-7760
-7962
-7861
-7267
-6423
-5552
-4753
-4029
-3377
-2950
-3000
-3414
-3926
-4804
-5794
-6700
-7363
-7754
-7677
-7060
-6329
-5448
-4373
-3459
-2722
-2279
-2090
-1897
-2075
-2503
-3135
-3862
-4497
-4906
-4967
-4727
-4416
-3963
-3206
-2364
-1652
-1163
-840
-629
-484
-557
-636
-855
-888
-1043
-1316
-1215
-847
-369
2
274
521
718
914
1126
1377
1500
1377
1091
1026
1076
1066
1032
947
717
569
519
632
543
434
226
-230
-508
-610
-664
-821
-916
-839
-737
-569
-382
-305
-204
-53
-9
-125
-691
-1508
-2305
-2725
-2367
-1462
-195
1185
2490
3577
4107
3916
3204
2037
562
-1018
-2447
-3517
-4220
-4518
-4161
-3297
-2068
-930
408
1497
1973
1889
1208
147
-1151
-2744
-4277
-5540
-6222
-6227
-5471
-4535
-3522
-2345
-1138
-442
-100
-29
-322
-1065
-2266
-3683
-4767
-5389
-5891
-6072
-5824
-5135
-4323
-3556
-2824
-2230
-1609
-1316
-1467
-2034
-2803
-3743
-4713
-5413
-5774
-5945
-5912
-5741
-5468
-4762
-4116
-3824
-3422
-3025
-3063
-3491
-3844
-4317
-4859
-5174
-5367
-5356
-5220
-4795
-4363
-4026
-3667
-3419
-3330
-3205
-3342
-3865
-4182
-4373
-4617
-4914
-5120
-4900
-4652
-4510
-4339
-4169
-4114
-3987
-3742
-3716
-3648
-3712
-4083
-4811
-5652
-6419
-7227
-8157
-9157
-9844
-10091
-9891
-9284
-8472
-7514
-6622
-5705
-5056
-4793
-4545
-4545
-5057
-5750
-6689
-7417
-8103
-8570
-8732
-8493
-7854
-6924
-5846
-4834
-3875
-3263
-2972
-2804
-3027
-3418
-3873
-4364
-4659
-5057
-5343
-5280
-5029
-4485
-3722
-2964
-2194
-1335
-874
-620
-540
-559
-612
-790
-902
-879
-989
-1031
-800
-543
-196
311
708
979
1259
1535
1606
1499
1447
1527
1501
1456
1456
1375
1269
1227
1278
1193
1177
1179
964
667
329
67
15
-83
-75
-70
-164
-9
219
400
466
437
358
436
344
-26
-644
-1292
-1920
-2282
-1945
-1030
262
1826
3070
3718
3765
3350
2608
1631
478
-761
-1846
-2638
-2964
-2739
-1861
-635
582
1642
2348
2816
2865
2445
1597
375
-1064
-2443
-3593
-4169
-4233
-3677
-2700
-1543
-308
698
1532
2058
2121
1822
1220
200
-898
-1844
-2562
-3075
-3252
-3110
-2601
-1792
-688
284
941
1323
1447
1198
650
64
-772
-1652
-2350
-2817
-2920
-2971
-2815
-2365
-1868
-1303
-728
-393
-319
-403
-679
-1121
-1599
-2013
-2478
-2871
-3025
-3074
-2947
-2676
-2168
-1642
-1350
-1249
-1403
-1667
-1823
-2174
-2396
-2542
-2771
-3006
-3209
-3126
-2815
-2564
-2384
-2215
-1999
-1928
-1954
-1886
-1838
-2114
-2678
-3364
-4071
-5065
-6194
-7062
-7652
-7953
-7933
-7413
-6728
-5908
-5076
-4238
-3466
-2900
-2523
-2532
-2933
-3484
-4206
-5111
-5946
-6396
-6545
-6414
-5912
-5155
-4166
-3345
-2406
-1630
-1027
-769
-866
-1050
-1600
-2229
-2847
-3449
-3651
-3435
-3097
-2771
-2118
-1384
-836
-172
488
874
1058
1134
1073
791
520
461
546
624
670
903
1168
1336
1760
2092
2270
2498
2688
2767
2656
2488
2249
1987
1928
1918
1841
1858
1855
1797
1738
1615
1445
1234
1019
1067
965
703
593
543
588
691
741
697
522
520
808
1077
1157
843
353
-150
-325
-137
590
1831
3207
4601
5836
6530
6500
6016
5006
3423
1579
-286
-1945
-3002
-3498
-3369
-2594
-1282
373
2108
3527
4409
4835
4720
3824
2252
603
-1019
-2581
-3792
-4472
-4416
-3816
-2765
-1581
-291
941
1683
2013
1882
1366
634
-511
-1790
-3093
-4187
-4794
-4795
-4246
-3675
-2830
-1873
-1177
-371
201
421
157
-548
-1356
-2102
-2942
-3758
-4254
-4345
-4278
-4240
-3991
-3529
-2965
-2400
-2167
-2124
-2330
-2774
-3173
-3388
-3532
-3657
-3449
-3187
-2961
-2875
-2712
-2318
-1960
-1738
-1680
-1791
-1965
-2228
-2482
-2704
-2779
-2859
-2837
-2646
-2280
-1963
-1801
-1647
-1567
-1454
-1549
-1580
-1484
-1716
-2112
-2782
-3790
-4919
-5901
-6580
-7132
-7525
-7699
-7585
-7011
-6147
-5158
-4016
-3113
-2464
-2227
-2234
-2652
-3261
-4083
-5171
-6005
-6598
-6993
-6974
-6730
-6202
-5326
-4314
-3308
-2592
-1986
-1562
-1678
-2161
-2761
-3149
-3580
-4087
-4428
-4575
-4320
-4041
-3622
-2782
-1888
-1275
-867
-451
-181
-142
-228
-223
-143
-70
-210
-241
-123
89
339
704
1052
1513
1849
2044
2057
2052
2002
2025
2152
2149
1978
1874
1794
1795
1826
1772
1744
1742
1685
1527
1349
1089
910
857
666
646
724
687
691
910
1155
1300
1422
1420
1244
1042
536
8
-538
-974
-929
-435
560
1773
2959
3943
4348
4334
3922
2895
1589
239
-1062
-2169
-3003
-3215
-2692
-1572
-258
1108
2524
3588
3969
3645
2809
1613
273
-1223
-2621
-3576
-4050
-4125
-3878
-2936
-1680
-320
789
1675
2121
2114
1820
1215
250
-861
-1852
-2673
-3322
-3579
-3088
-2306
-1392
-446
308
865
1268
1514
1331
843
266
-391
-1306
-2128
-2492
-2576
-2639
-2412
-1994
-1484
-942
-603
-312
-146
-246
-289
-561
-1107
-1470
-1848
-2180
-2208
-2035
-1815
-1576
-1175
-893
-827
-837
-880
-940
-1196
-1477
-1862
-2229
-2461
-2341
-2063
-1867
-1705
-1699
-1660
-1540
-1473
-1253
-1126
-1323
-1627
-1947
-2381
-3094
-3810
-4706
-5782
-6487
-7057
-7368
-7200
-6674
-6005
-5355
-4578
-3687
-2736
-2289
-2152
-2295
-2832
-3486
-4220
-5151
-5833
-6201
-6271
-5956
-5384
-4456
-3433
-2380
-1488
-771
-241
-27
-216
-753
-1230
-1702
-2202
-2525
-2730
-2783
-2570
-1966
-1213
-303
428
1001
1462
1786
2039
1949
1768
1669
1489
1431
1512
1568
1709
1984
2430
2883
3367
3625
3825
3903
3846
3787
3754
3762
3677
3386
3095
3122
3186
3090
3135
3174
2955
2804
2697
2565
2392
2332
2174
2030
1890
1800
1662
1601
1801
1871
1903
1914
2044
2079
2060
1751
1233
692
315
406
965
2000
3544
5031
5997
6713
6872
6258
5241
4025
2576
1128
4
-709
-1251
-1277
-590
850
2480
3660
4470
5072
5110
4651
3800
2485
1099
-209
-1288
-2081
-2392
-2070
-1279
-151
965
1966
2834
3380
3463
3082
2472
1683
603
-655
-1548
-2308
-2543
-2206
-1675
-870
2
786
1449
1975
2035
1799
1243
730
86
-811
-1496
-2028
-2347
-2283
-2167
-1832
-1412
-920
-506
-133
59
-132
-429
-788
-1071
-1433
-1703
-1924
-2108
-2104
-1791
-1408
-1040
-733
-412
-259
-264
-356
-568
-825
-1053
-1498
-1762
-1808
-1806
-1544
-1293
-1194
-1034
-787
-604
-500
-429
-313
-330
-617
-1176
-1965
-2834
-3817
-4702
-5519
-6088
-6458
-6545
-6323
-5623
-4643
-3714
-2924
-2230
-1703
-1372
-1426
-1924
-2647
-3489
-4331
-5031
-5663
-5689
-5323
-4917
-4247
-3255
-2280
-1467
-686
-254
27
-118
-492
-989
-1566
-2184
-2674
-3220
-3192
-2960
-2573
-1966
-1128
-267
342
796
1140
1326
1373
1267
1193
1143
883
720
723
957
1263
1652
2024
2456
2843
3057
3254
3273
3130
3170
3158
2985
2814
2699
2602
2546
2537
2634
2692
2728
2593
2394
2126
1825
1607
1474
1480
1397
1393
1459
1325
1472
1831
1803
1701
1701
1577
1630
1436
1009
447
-183
-353
133
1099
2569
4018
5161
6004
6250
5942
5110
4071
2796
1404
39
-1072
-1672
-1648
-1077
-152
1234
2714
3831
4506
4710
4403
3627
2436
988
-386
-1565
-2451
-2906
-2899
-2346
-1240
113
1179
2017
2631
2912
2727
2142
1341
367
-754
-1796
-2511
-2801
-2795
-2493
-1759
-759
184
889
1382
1705
1633
1324
890
114
-921
-1771
-2441
-2810
-2799
-2625
-2327
-1837
-1184
-602
-184
-50
-107
-256
-601
-1007
-1295
-1545
-1807
-2003
-1925
-1739
-1638
-1334
-910
-552
-309
-293
-232
-390
-726
-1111
-1278
-1388
-1529
-1518
-1383
-1181
-935
-676
-585
-402
-352
-374
-333
-304
-417
-858
-1580
-2341
-3235
-4249
-5146
-5811
-6234
-6310
-6166
-5848
-5095
-4025
-3022
-2353
-1809
-1349
-1291
-1588
-2229
-3102
-3733
-4281
-4884
-5246
-5255
-4905
-4143
-3259
-2313
-1495
-700
0
255
180
-184
-459
-720
-1318
-1977
-2398
-2448
-2272
-1915
-1344
-639
145
876
1370
1791
2175
2360
2317
2137
2025
1917
1717
1631
1730
1961
2288
2751
3062
3319
3633
3707
3742
3974
4108
3959
3836
3783
3858
3801
3796
3594
3472
3555
3656
3473
3258
3239
3180
2950
2714
2634
2509
2369
2245
2263
2216
2335
2516
2648
2667
2600
2498
2507
2257
1610
786
418
549
1327
2664
4169
5548
6464
6944
6795
6132
5072
3906
2747
1316
-56
-873
-1131
-803
116
1386
2826
4115
4910
5271
5033
4493
3607
2548
1153
-274
-1415
-2005
-2037
-1646
-698
483
1502
2511
3166
3538
3565
3102
2432
1559
585
-438
-1364
-1981
-2021
-1572
-1033
-155
687
1474
1950
2280
2576
2350
1701
1079
435
-287
-894
-1464
-1764
-1685
-1465
-1065
-532
-41
476
695
586
515
257
-119
-412
-662
-941
-1093
-1078
-1008
-824
-454
-186
95
294
384
286
90
-144
-381
-413
-611
-938
-972
-856
-720
-373
107
380
326
208
161
364
325
100
-227
-743
-1493
-2321
-3246
-4253
-5028
-5468
-5586
-5495
-5047
-4416
-3635
-2709
-1798
-1259
-841
-791
-871
-1285
-2076
-2947
-3658
-4103
-4434
-4541
-4378
-3815
-2932
-2083
-1125
-316
314
774
786
591
175
-334
-812
-1187
-1504
-1812
-1734
-1484
-1139
-632
221
1061
1604
1906
2006
2029
1968
1802
1450
1227
1117
1210
1488
1838
2269
2568
2613
2488
2122
1606
1037
530
283
373
765
1213
1933
2612
3345
3822
3951
3724
3221
2407
1505
496
-163
-211
64
592
1625
2932
4247
5318
6194
6501
6387
6009
5456
4608
3740
2984
2413
2025
2035
2669
3658
5065
6810
8484
9762
10398
10234
9439
8166
6598
4727
2983
1645
782
492
650
1168
2181
3394
4550
5520
6028
5902
5183
4244
3007
1693
569
-571
-1560
-2129
-2159
-1646
-825
84
1024
1840
2296
2566
2432
2004
1253
213
-935
-1955
-2832
-3385
-3481
-3121
-2644
-2017
-1231
-321
394
789
845
458
-185
-859
-1650
-2420
-2866
-3185
-3197
-2820
-2062
-1379
-937
-407
271
645
681
665
582
502
312
38
-229
-274
-109
279
744
1103
1415
1865
2216
2114
2019
1873
1655
1287
946
866
733
558
591
580
686
897
973
1080
1177
1169
1264
1180
828
428
-36
-885
-1786
-2567
-3404
-4139
-4842
-5296
-5355
-5168
-4622
-3879
-3168
-2457
-1722
-1303
-1141
-1171
-1600
-2232
-3106
-4153
-4954
-5603
-5827
-5865
-5391
-4522
-3631
-2788
-1946
-1278
-961
-891
-1018
-1506
-2203
-2731
-3310
-3993
-4313
-4425
-4157
-3637
-3205
-2672
-1877
-1237
-875
-517
-94
125
-113
-536
-1085
-1645
-2140
-2414
-2631
-2432
-1773
-917
-59
608
1099
1304
1318
1047
537
34
-398
-916
-1430
-1682
-1702
-1453
-1044
-527
-19
435
642
546
180
-448
-1234
-1926
-2697
-3331
-3526
-3485
-3280
-2857
-2329
-1757
-1370
-1154
-1278
-1836
-2825
-4183
-5320
-5988
-6078
-5230
-3665
-1895
-192
1162
1601
1235
494
-680
-2184
-3992
-5936
-7482
-8634
-8786
-8059
-6743
-4886
-3035
-1496
-398
199
111
-612
-1667
-3013
-4802
-6371
-7319
-7744
-7429
-6596
-5366
-3968
-2519
-1331
-469
89
238
-103
-760
-1742
-2913
-3830
-4460
-4894
-4890
-4325
-3511
-2594
-1419
-205
636
1075
1114
860
408
-253
-1046
-1756
-2299
-2740
-2971
-2714
-2112
-1472
-972
-509
-24
303
416
174
-255
-557
-797
-1075
-1330
-1350
-1248
-1174
-973
-584
-206
15
121
166
59
-139
-390
-628
-738
-908
-908
-848
-746
-527
-304
133
374
442
559
772
970
949
788
604
96
-650
-1499
-2335
-3022
-3612
-4038
-3985
-3629
-3073
-2095
-1049
-43
881
1618
2120
2273
1958
1366
739
101
-389
-880
-977
-759
-397
211
1053
2053
2952
3655
4257
4550
4341
3912
3476
2957
2272
1768
1552
1489
1479
1871
2525
2985
3472
3910
4258
4477
4456
4327
3965
3619
3447
3167
2868
2673
2609
2755
2949
3160
3283
3630
3993
4054
3936
3887
3897
3783
3489
3156
3007
2996
2856
2843
2942
2937
2874
2764
2725
2546
2239
2017
1887
1662
1472
1503
1703
1802
1822
1901
1924
1921
1913
1921
1925
1926
1500
725
-75
-586
-676
-140
937
2286
3598
4661
5191
5285
4748
3960
3051
2041
1184
253
-422
-399
134
1327
2665
3793
4762
5371
5513
5302
4736
3817
2706
1624
763
89
-392
-508
54
1078
2298
3327
4294
5043
5328
5278
4788
4043
3102
2080
1108
412
65
202
746
1554
2489
3215
3899
4427
4562
4450
4036
3507
2832
2207
1613
1010
577
435
567
977
1670
2156
2501
2815
3126
3196
2975
2608
2231
1728
1296
908
453
301
417
607
980
1389
1742
2001
2120
1963
1660
1633
1523
1287
984
849
899
975
1163
1262
1374
1665
1895
1946
2144
2257
2212
2093
1768
1332
683
-33
-812
-1591
-2382
-2965
-3161
-3058
-2525
-1866
-1114
-392
548
1312
1769
2024
1937
1511
867
42
-792
-1416
-1786
-1847
-1515
-839
50
1097
2054
2776
3166
3351
3517
3355
2945
2200
1413
733
127
-96
-24
237
673
1144
1484
1729
2091
2405
2622
2591
2396
2017
1546
1032
720
443
372
472
584
879
1189
1474
1591
1557
1532
1597
1530
1211
1034
937
781
663
514
449
447
600
665
625
463
144
-103
-390
-633
-836
-878
-1026
-1121
-1184
-1107
-1008
-1024
-1112
-1110
-1081
-1022
-966
-1134
-1449
-1798
-1792
-1200
-117
1333
2864
4271
5180
5596
5388
4479
2943
1143
-694
-2454
-4133
-5286
-5730
-5255
-3978
-2164
-209
1558
2866
3737
4074
3726
2678
1142
-584
-2410
-4049
-5291
-5852
-5649
-4817
-3618
-2195
-638
486
1084
1451
1357
707
-363
-1687
-2978
-4091
-5038
-5499
-5399
-4963
-4151
-3052
-1999
-1113
-319
-24
-10
-337
-863
-1546
-2460
-3209
-3847
-4238
-4422
-4422
-4018
-3417
-2797
-2540
-2284
-1982
-1871
-1944
-2073
-2111
-2289
-2430
-2496
-2346
-1936
-1592
-1392
-996
-515
-202
154
248
152
-199
-481
-642
-828
-965
-935
-855
-438
-2
235
403
726
1033
1148
1235
1303
1035
719
250
-365
-1215
-1990
-2569
-3298
-3923
-4339
-4385
-3949
-3308
-2474
-1558
-631
170
799
1057
1025
550
-139
-859
-1570
-2301
-2758
-2889
-2790
-2308
-1606
-791
173
1186
1693
1916
1971
1808
1433
910
190
-669
-1235
-1540
-1660
-1741
-1566
-1076
-335
254
711
1229
1542
1475
1300
1009
621
278
-31
-23
73
-77
-76
132
317
673
1082
1367
1578
1723
1796
1610
1418
1313
1252
1166
1085
1097
1240
1247
1157
986
995
998
843
475
261
123
123
74
-65
-109
77
247
239
258
413
697
773
690
521
97
-452
-771
-912
-673
