-5344
-4798
-4409
-4251
-4159
-4227
-4356
-4533
-4737
-4950
-5059
-5461
-5514
-5404
-5262
-4845
-4625
-4583
-4460
-4031
-3735
-3835
-4019
-4016
-4211
-4663
-5339
-6277
-7243
-8012
-8722
-9282
-9595
-9512
-9052
-8385
-7557
-6532
-5629
-4898
-4310
-3915
-3819
-4226
-4903
-5647
-6331
-6983
-7316
-7193
-6925
-6362
-5469
-4453
-3338
-2455
-1739
-1380
-1298
-1783
-2231
-2716
-3422
-4101
-4601
-4681
-4630
-4452
-4025
-3393
-2736
-2304
-2006
-1870
-1992
-2352
-2852
-3806
-4794
-5297
-5200
-4824
-4127
-2946
-1687
-750
-607
-1176
-2430
-4123
-5911
-7842
-9833
-11302
-11837
-11641
-10769
-9054
-7276
-5736
-4816
-4620
-4946
-5883
-7342
-9264
-11155
-12780
-13553
-13395
-12378
-10671
-8293
-5807
-3267
-1103
349
982
877
147
-947
-2322
-3652
-4954
-5969
-6220
-4976
-2668
79
2842
5435
7438
8146
7695
6406
4417
2053
-719
-3465
-5685
-7182
-7643
-7193
-5626
-3316
-1108
733
1883
2215
1760
719
-1056
-3420
-5726
-7937
-9876
-10901
-11203
-10395
-8973
-7367
-5706
-4309
-3320
-2923
-3314
-4426
-5795
-7434
-9358
-11078
-12330
-13037
-13304
-13002
-12019
-10633
-9007
-7479
-6312
-5739
-5670
-6022
-6827
-8007
-9250
-10599
-11632
-12428
-12979
-12722
-12185
-11116
-9928
-8910
-7716
-6671
-5840
-5214
-4877
-4693
-4701
-4794
-4661
-4351
-3858
-3490
-3102
-2431
-1827
-1341
-762
-545
-533
-543
-653
-981
-1394
-1814
-1946
-1908
-1695
-1370
-1352
-1360
-1332
-1485
-1618
-1578
-1871
-2310
-2506
-2596
-2859
-3368
-3971
-4715
-5456
-5948
-6198
-6429
-6357
-6049
-5558
-4993
-4414
-3540
-2891
-2565
-2644
-3134
-3702
-4437
-5410
-6464
-7405
-8111
-8476
-8599
-8209
-7604
-6900
-6285
-5563
-4858
-4349
-4187
-4330
-4597
-5160
-5621
-6119
-6307
-6323
-6116
-5471
-4741
-3772
-2722
-1917
-1197
-433
90
403
719
954
1094
1046
728
18
-946
-2061
-3172
-4146
-4880
-4935
-4009
-2249
-163
1725
3350
4550
5181
5181
4265
2618
711
-1066
-2599
-3535
-3662
-3017
-1727
261
2296
4085
5632
6477
6496
5911
4778
3268
1725
432
-440
-982
-855
322
2190
4176
5808
6944
7685
8220
8451
8600
8696
8727
8681
8563
8278
7680
7082
6471
5358
4250
3149
1994
894
-51
-487
-367
136
1128
2183
3310
4249
4807
5000
4714
4058
3103
1901
645
-563
-1548
-2043
-2262
-2198
-1807
-1274
-639
-63
431
643
446
-40
-827
-1701
-2734
-3570
-4190
-4636
-4986
-4974
-4693
-4551
-4395
-4302
-4232
-4060
-3968
-4122
-4341
-4690
-4997
-5195
-5324
-5268
-5106
-4732
-4315
-3856
-3771
-3773
-3697
-3878
-4238
-4489
-4777
-4899
-4711
-4444
-4036
-3591
-3095
-2579
-2012
-1369
-884
-573
-605
-629
-774
-1166
-1655
-2015
-2292
-2529
-2571
-2719
-2665
-2412
-2184
-1925
-1709
-1504
-1198
-981
-909
-1168
-1811
-2685
-3606
-4754
-5992
-7322
-8597
-9502
-10057
-10105
-9779
-9196
-8193
-7228
-6174
-5205
-4605
-4538
-4743
-5379
-6282
-7456
-8595
-9460
-10265
-10672
-10706
-10374
-9673
-8871
-7891
-6954
-6283
-6036
-5985
-6133
-6495
-7002
-7473
-7821
-8278
-8471
-8571
-8490
-8156
-7656
-6947
-6255
-5672
-5029
-4431
-4176
-4081
-3942
-3753
-3601
-3459
-3306
-3201
-2845
-2408
-1829
-1344
-1077
-890
-757
-812
-852
-983
-1125
-1208
-1594
-1777
-1699
-1640
-1691
-1589
-1472
-1557
-1580
-1602
-1877
-2034
-2331
-2682
-2938
-3219
-3474
-3494
-3385
-3209
-2851
-2601
-2580
-2683
-2706
-2564
-2516
-2661
-3120
-3832
-4617
-4837
-4400
-3338
-1848
-667
71
569
569
-63
-1252
-2725
-4397
-5984
-7301
-8295
-8564
-8185
-7362
-6100
-4777
-3310
-2208
-1777
-1718
-2198
-3290
-4627
-6052
-7518
-8781
-9519
-9736
-9203
-8179
-6930
-5439
-4233
-3388
-2859
-2833
-3264
-3897
-4916
-6228
-7357
-8225
-8892
-9188
-8848
-8188
-7309
-6319
-5241
-4306
-3815
-3378
-3304
-3659
-4349
-5115
-6038
-6842
-7289
-7377
-7336
-7152
-6673
-6171
-5647
-5258
-4939
-4862
-4737
-5072
-5565
-5978
-6364
-6696
-6772
-6803
-6722
-6554
-6272
-5926
-5691
-5543
-5481
-5559
-5794
-6150
-6448
-6565
-6643
-6853
-7037
-6952
-6715
-6320
-5998
-5844
-5647
-5467
-5270
-5128
-5163
-5290
-5464
-5979
-6468
-7414
-8549
-9545
-10093
-10703
-11164
-11121
-10646
-9845
-8990
-8113
-7260
-6504
-5695
-5349
-5613
-6161
-6723
-7465
-8220
-8936
-9324
-9462
-9409
-8890
-7838
-6793
-5917
-4717
-3779
-3390
-3368
-3387
-3615
-4098
-4641
-5332
-5757
-5812
-5787
-5472
-4912
-4274
-3503
-2751
-2147
-1690
-1206
-747
-663
-801
-1009
-1177
-1237
-1026
-903
-690
-441
-71
314
626
899
1046
1265
1523
1689
1702
1525
1353
1284
1247
1103
1166
1185
1036
819
780
844
579
344
192
-21
-164
-189
-303
-486
-466
-351
-319
-10
108
99
82
299
423
130
-424
-1104
-1699
-1870
-1294
-138
1260
2821
4079
4842
5050
4651
3895
2853
1456
-51
-1650
-2703
-3139
-2897
-2090
-859
449
1614
2455
2970
3231
3110
2291
1070
-136
-1401
-2714
-3686
-3998
-3727
-2950
-1820
-725
196
986
1514
1680
1559
1025
180
-929
-2075
-3234
-3991
-4074
-3936
-3563
-2838
-1872
-1166
-613
-83
88
125
-163
-854
-1576
-2381
-3078
-3746
-4137
-4306
-4285
-3899
-3311
-2787
-2268
-1766
-1500
-1534
-1784
-2360
-2809
-3214
-3508
-3624
-3709
-3475
-3389
-3202
-2909
-2657
-2358
-2153
-2193
-2289
-2355
-2497
-2612
-2908
-3229
-3260
-3213
-3165
-3075
-3000
-2750
-2618
-2491
-2233
-2048
-2067
-2241
-2466
-2774
-3276
-4072
-5133
-6059
-6751
-7287
-7750
-8019
-7941
-7436
-6661
-5870
-4921
-4000
-3357
-3024
-3056
-3452
-4146
-4978
-5841
-6674
-7248
-7705
-7714
-7221
-6395
-5469
-4540
-3628
-2959
-2513
-2250
-2273
-2543
-3013
-3614
-4284
-4812
-4999
-5074
-4853
-4459
-4021
-3340
-2443
-1676
-1350
-1058
-924
-779
-723
-963
-1198
-1352
-1565
-1534
-1325
-963
-680
-445
-6
339
611
835
975
1025
1051
1042
956
772
524
440
482
412
494
481
568
580
345
167
-170
-439
-589
-566
-539
-729
-830
-813
-793
-886
-996
-1065
-1031
-892
-665
-764
-1264
-2108
-2846
-3196
-2978
-2221
-965
851
2415
3323
3625
3379
2682
1549
110
-1381
-2936
-4070
-4726
-4878
-4451
-3490
-2085
-603
501
1207
1588
1309
563
-348
-1616
-3118
-4759
-5838
-6295
-6373
-5758
-4704
-3523
-2329
-1442
-888
-512
-489
-815
-1533
-2636
-4009
-5175
-6014
-6546
-6694
-6380
-5522
-4480
-3459
-2657
-2128
-1848
-1810
-1983
-2502
-3289
-4117
-5017
-5605
-6024
-6245
-6121
-5747
-5275
-4878
-4455
-3966
-3711
-3680
-3777
-4109
-4392
-4734
-5165
-5545
-5786
-5834
-5718
-5617
-5283
-4699
-4207
-4093
-4013
-4030
-4142
-4444
-4801
-4999
-5211
-5398
-5340
-5175
-5075
-4934
-4792
-4678
-4503
-4378
-4146
-3908
-3977
-4211
-4483
-5161
-6013
-6980
-7961
-8748
-9483
-10031
-10181
-9967
-9451
-8909
-7846
-6669
-5932
-5436
-5093
-4848
-5067
-5678
-6336
-7177
-8044
-8817
-9344
-9523
-9252
-8459
-7447
-6404
-5362
-4440
-3829
-3611
-3558
-3581
-4080
-4763
-5163
-5457
-5781
-6128
-6081
-5475
-4708
-4082
-3602
-3062
-2279
-1675
-1338
-1248
-1405
-1606
-1773
-1762
-1741
-1882
-1953
-1724
-1184
-650
-153
88
195
439
681
702
606
632
622
591
286
212
380
626
709
778
868
825
741
674
449
152
-149
-251
-251
-379
-565
-526
-429
-493
-572
-328
-20
-48
-3
14
-242
-955
-1917
-2480
-2628
-2174
-1105
192
1627
2690
3462
3618
3303
2582
1439
-45
-1450
-2504
-3086
-3301
-3004
-2368
-1212
120
1445
2235
2579
2569
1980
1012
-233
-1620
-2824
-3729
-4324
-4370
-3764
-2807
-1884
-750
363
1092
1442
1485
1163
497
-393
-1426
-2471
-3275
-3556
-3522
-3298
-2778
-1972
-1124
-314
259
782
1082
844
282
-473
-1329
-2179
-2666
-3052
-3277
-3233
-2778
-2261
-1833
-1505
-1065
-706
-487
-519
-908
-1435
-2035
-2540
-2729
-2880
-3105
-3085
-2925
-2646
-2241
-1953
-1788
-1673
-1626
-1757
-2055
-2474
-2606
-2711
-2952
-3170
-3220
-3040
-2800
-2642
-2467
-2403
-2292
-2086
-2025
-1927
-1859
-2195
-2643
-3323
-4055
-5040
-5888
-6381
-6968
-7603
-7854
-7390
-6736
-6065
-5254
-4295
-3471
-2891
-2522
-2478
-2884
-3647
-4406
-5202
-5826
-6431
-6668
-6338
-5716
-5063
-4312
-3335
-2395
-1800
-1387
-1068
-1082
-1447
-1880
-2240
-2666
-3160
-3399
-3331
-3046
-2553
-2007
-1394
-690
95
807
1133
1252
1279
1210
1071
816
786
839
744
726
928
1356
1697
1999
2370
2594
2757
2978
3066
2875
2578
2457
2422
2295
2066
2035
2082
2207
2311
2353
2240
2018
1854
1590
1216
885
777
746
689
767
948
1127
1289
1472
1525
1425
1348
1246
1033
560
292
35
-64
306
1220
2730
4241
5549
6265
6182
5564
4560
3128
1476
-287
-1731
-2569
-3007
-2891
-2148
-869
689
2328
3636
4263
4419
4032
3101
1831
210
-1234
-2434
-3590
-4234
-4047
-3297
-2428
-1250
136
1278
1813
1914
1702
1120
234
-1004
-2252
-3443
-4176
-4543
-4456
-3939
-3227
-2280
-1532
-868
-82
327
350
-135
-880
-1664
-2364
-3140
-3773
-4074
-4168
-4176
-3991
-3431
-2913
-2486
-2256
-2057
-1933
-2177
-2609
-3051
-3362
-3569
-3680
-3564
-3356
-3081
-2811
-2552
-2176
-1834
-1654
-1620
-1670
-1872
-2278
-2621
-2803
-3046
-3256
-3190
-2923
-2565
-2285
-2003
-1670
-1438
-1338
-1395
-1484
-1754
-2011
-2314
-2887
-3710
-4754
-5691
-6552
-7172
-7517
-7520
-7349
-7048
-6364
-5437
-4427
-3595
-3052
-2704
-2585
-2836
-3565
-4383
-5389
-6476
-7183
-7465
-7242
-6680
-5886
-5068
-4203
-3467
-2764
-2135
-1830
-1939
-2307
-2650
-3306
-3930
-4317
-4438
-4454
-4403
-4131
-3424
-2639
-1930
-1310
-859
-473
-336
-319
-249
-377
-497
-646
-727
-746
-705
-563
-334
73
424
826
1256
1504
1557
1720
1757
1784
1840
1652
1525
1455
1374
1435
1384
1385
1297
1265
1293
1052
838
796
792
510
221
193
257
286
356
383
592
779
856
810
766
646
190
-475
-1141
-1635
-1628
-1022
191
1544
2760
3773
4224
4048
3272
2249
957
-404
-1751
-2789
-3171
-3185
-2764
-1865
-545
866
2289
3171
3344
2961
2125
1045
-306
-1864
-3281
-4185
-4517
-4366
-3713
-2665
-1644
-546
539
1388
1805
1765
1264
402
-504
-1468
-2397
-3116
-3668
-3746
-3397
-2603
-1770
-781
74
562
758
950
811
250
-622
-1418
-2108
-2464
-2726
-3004
-2964
-2577
-2105
-1726
-1392
-991
-600
-364
-360
-639
-1221
-1849
-2259
-2526
-2506
-2499
-2463
-2097
-1717
-1589
-1383
-1154
-1189
-1262
-1340
-1531
-1758
-1965
-2277
-2540
-2626
-2498
-2362
-2213
-2008
-1722
-1507
-1380
-1314
-1143
-1099
-1335
-1751
-2449
-3261
-4052
-4919
-5749
-6572
-6973
-6951
-6834
-6610
-5987
-5053
-4220
-3357
-2526
-2019
-1838
-2099
-2687
-3481
-4294
-5091
-5735
-6117
-5977
-5563
-5008
-4105
-2993
-2071
-1074
-391
-199
-156
-418
-914
-1343
-1844
-2307
-2538
-2426
-2297
-2131
-1732
-1167
-367
362
830
1272
1730
1937
1969
1910
1821
1732
1609
1516
1553
1669
1900
2302
2609
2928
3310
3580
3639
3656
3715
3801
3744
3545
3380
3449
3358
3315
3265
3286
3433
3471
3467
3333
2970
2708
2477
2240
2175
2027
2024
2183
2342
2482
2596
2761
2715
2607
2658
2518
2177
1556
1005
698
737
1300
2347
3782
5267
6137
6710
6783
6217
5095
3762
2481
1193
158
-521
-809
-520
197
1338
2641
3879
4738
5207
5241
4618
3516
2353
1192
169
-847
-1638
-1889
-1642
-767
370
1555
2536
3181
3562
3681
3294
2586
1657
510
-434
-1327
-1828
-1792
-1598
-1152
-554
290
1206
1973
2425
2509
2218
1634
1000
409
-254
-964
-1566
-1798
-1762
-1622
-1358
-729
-204
201
415
222
113
141
-158
-716
-1200
-1600
-1830
-1958
-1887
-1612
-1140
-755
-528
-441
-382
-297
-493
-856
-1033
-1141
-1263
-1384
-1526
-1431
-1233
-1076
-828
-524
-407
-368
-334
-343
-402
-466
-627
-1185
-1882
-2524
-3539
-4435
-5021
-5425
-5909
-6076
-5674
-5094
-4463
-3668
-2913
-2110
-1510
-1103
-1131
-1710
-2552
-3455
-4162
-4857
-5559
-5732
-5432
-4893
-4154
-3140
-2180
-1371
-710
-278
10
-119
-589
-1268
-1818
-2170
-2564
-2750
-2845
-2620
-2034
-1332
-793
-170
450
1132
1548
1706
1467
1326
1295
1227
1134
1048
1003
1141
1364
1758
2062
2361
2761
3014
3275
3385
3257
3304
3314
3203
3128
3025
3013
3050
3071
3035
2960
3021
3068
2925
2668
2333
2094
1962
1814
1683
1680
1803
1901
1980
1910
1865
2080
2315
2230
2070
1946
1409
549
6
-88
323
1315
2599
4073
5355
6031
6183
5778
4899
3724
2226
718
-440
-1102
-1587
-1580
-898
82
1378
2651
3800
4500
4424
3922
3214
2170
795
-564
-1845
-2707
-3155
-2871
-2091
-1185
-63
1154
2072
2528
2489
2296
1923
1243
235
-939
-2026
-2738
-3021
-3012
-2553
-1768
-894
41
971
1732
1864
1636
1196
470
-249
-1027
-1767
-2387
-2774
-2907
-2825
-2293
-1509
-1010
-657
-252
-137
-101
-260
-660
-953
-1397
-1922
-2232
-2111
-1913
-1869
-1732
-1444
-1090
-747
-535
-493
-568
-963
-1254
-1409
-1444
-1556
-1777
-1768
-1800
-1870
-1552
-1158
-967
-664
-482
-398
-443
-546
-710
-1063
-1729
-2677
-3557
-4320
-5189
-5889
-6203
-6241
-6092
-5709
-4893
-3967
-3165
-2395
-1734
-1346
-1338
-1648
-2206
-3007
-3981
-4923
-5537
-5537
-5399
-5104
-4420
-3562
-2496
-1630
-890
-283
-13
-20
-255
-866
-1345
-1716
-2191
-2539
-2561
-2350
-1929
-1425
-825
-189
551
1163
1493
1768
1789
1605
1571
1655
1517
1411
1423
1511
1767
1998
2325
2734
3048
3352
3504
3581
3697
3622
3480
3489
3471
3461
3375
3241
3209
3104
3090
3112
3149
3120
2797
2489
2367
2397
2329
2317
2298
2168
2005
2040
2159
2200
2318
2392
2506
2588
2375
1884
1232
640
412
696
1611
2714
4011
5308
6330
6720
6560
5799
4627
3484
2269
934
-170
-841
-1030
-749
197
1509
2949
4063
4788
5057
4801
4009
3117
2050
731
-495
-1504
-2105
-2117
-1522
-627
528
1657
2505
3057
3288
3337
3045
2447
1541
345
-760
-1501
-1791
-1650
-1316
-756
56
992
1753
2260
2585
2662
2413
1795
1136
491
-292
-894
-1376
-1579
-1490
-1143
-634
-138
211
456
626
591
545
323
-126
-497
-702
-904
-1035
-1061
-980
-795
-284
155
200
388
502
540
571
282
26
-264
-549
-719
-750
-721
-403
-168
69
223
134
298
661
705
561
496
356
-127
-896
-1984
-3085
-3872
-4553
-5071
-5159
-4974
-4594
-3962
-3192
-2136
-1291
-878
-431
-222
-508
-1041
-1722
-2493
-3335
-3964
-4238
-4161
-3865
-3303
-2453
-1556
-821
-5
605
885
1019
864
371
-123
-507
-910
-1231
-1264
-1248
-1122
-547
158
671
1173
1668
2030
2216
2239
1992
1642
1296
1067
1064
1223
1574
2192
2662
2897
3027
2896
2462
1884
1302
848
596
451
623
1219
2077
2970
3638
4123
4232
3929
3390
2589
1707
861
168
2
305
952
1968
3330
4657
5619
6347
6719
6791
6518
5743
4850
3971
3311
2855
2577
2501
2977
4018
5414
7051
8624
9704
10194
10147
9308
8025
6356
4591
3105
1907
1038
542
729
1649
2872
3937
5077
5994
6340
6026
5283
4351
3183
1882
578
-416
-1123
-1561
-1634
-1217
-299
744
1716
2416
2927
2939
2499
1893
1039
245
-792
-2014
-2958
-3377
-3196
-2782
-2388
-1556
-650
32
613
899
875
547
-61
-771
-1372
-1953
-2299
-2499
-2495
-2200
-1949
-1411
-648
53
618
1036
1263
1266
1079
845
606
249
58
224
386
561
1010
1572
1875
2033
2067
2159
2267
2078
1723
1433
1170
1038
1076
1084
1039
1099
1276
1388
1427
1383
1223
1239
1301
1333
1271
976
617
84
-774
-1756
-2783
-3526
-4171
-4590
-4690
-4350
-4015
-3470
-2561
-1715
-971
-636
-642
-851
-1245
-1991
-2959
-3749
-4460
-4950
-5204
-5204
-4781
-3954
-3008
-2219
-1567
-966
-558
-552
-846
-1233
-1792
-2564
-3359
-3803
-4091
-4063
-3730
-3330
-2963
-2462
-1524
-867
-454
-79
246
83
-242
-492
-1025
-1499
-1907
-2171
-2198
-1898
-1395
-711
73
706
1210
1425
1523
1342
897
314
-308
-892
-1282
-1376
-1267
-908
-511
-10
380
707
948
907
531
-10
-797
-1768
-2660
-3118
-3172
-2900
-2509
-2094
-1647
-1217
-922
-876
-1056
-1655
-2578
-3764
-4993
-5866
-5743
-4887
-3643
-1783
21
1239
1743
1491
650
-642
-2268
-4002
-5850
-7356
-8259
-8450
-7687
-6186
-4468
-2531
-1021
-83
339
90
-665
-1839
-3347
-4927
-6087
-6898
-7236
-7023
-6189
-4988
-3604
-2307
-1032
-110
396
401
-59
-847
-2029
-3095
-3873
-4501
-4893
-4835
-4277
-3326
-2252
-1114
-10
778
1243
1043
722
348
-269
-988
-1576
-2068
-2389
-2416
-2235
-1842
-1376
-888
-396
-26
276
489
253
-128
-538
-985
-1458
-1748
-1660
-1634
-1551
-1280
-854
-392
-89
54
99
135
-83
-453
-765
-994
-994
-881
-810
-848
-782
-463
-94
378
705
805
991
1124
1210
1021
609
126
-536
-1344
-2262
-3072
-3515
-3546
-3464
-3226
-2733
-1850
-942
-90
738
1427
1904
2111
1760
1146
560
-27
-566
-931
-1195
-1041
-671
256
1246
2154
3050
3616
3899
4206
4227
3852
3374
2893
2248
1594
1353
1470
1470
1699
2254
2968
3512
3881
4080
4168
4186
4000
3755
3537
3095
2801
2733
2789
2707
2776
3024
3336
3498
3558
3710
4005
4013
3724
3539
3431
3377
3254
2945
2875
2894
2935
3015
3051
3080
3035
2856
2642
2311
2057
1828
1657
1627
1654
1726
1572
1723
2089
2162
2206
2257
2211
2132
1924
1432
835
127
-418
-520
-278
642
1964
3424
4479
5075
5063
4491
3618
2628
1724
771
13
-276
-163
416
1498
2754
3757
4587
5257
5576
5240
4429
3396
2333
1189
198
-358
-487
-225
483
1448
2555
3587
4450
5036
5143
5046
4642
3834
2897
1941
1178
590
320
357
895
1651
2495
3288
3992
4505
4795
4902
4566
3789
3039
2523
2103
1422
941
820
1147
1651
2062
2429
2746
3023
3213
3335
3165
2900
2535
1974
1526
1101
866
715
613
784
1066
1477
1745
1860
1845
1737
1602
1456
1164
901
847
915
855
905
1092
1289
1552
1610
1572
1752
1912
2079
2105
2042
1775
1299
849
220
-688
-1457
-2226
-2834
-3013
-2803
-2370
-1787
-1131
-287
654
1471
1820
1847
1810
1382
440
-406
-987
-1363
-1608
-1692
-1406
-721
-41
698
1631
2477
3005
3239
3111
2727
2335
1824
1195
687
213
-51
-47
127
462
946
1565
2039
2349
2572
2721
2497
2198
1823
1400
1110
737
572
515
612
773
896
989
1253
1582
1654
1563
1539
1575
1434
1187
948
707
638
645
681
555
479
404
306
331
236
36
-315
-419
-508
-768
-1078
-1252
-1125
-952
-794
-908
-933
-876
-789
-668
-852
-1217
-1484
-1690
-1669
-1231
-126
1281
2815
4148
5073
5429
5135
4291
2843
1089
-919
-2866
-4434
-5277
-5327
-4735
-3473
-1708
64
1713
3182
4023
4223
3571
2322
706
-1085
-2665
-4063
-5035
-5379
-4948
-4159
-2884
-1423
-238
679
1194
1269
941
352
-626
-1951
-3223
-4394
-5247
-5504
-5327
-4785
-3900
-2828
-1803
-1001
-439
-121
8
-119
-692
-1420
-2128
-2896
-3538
-4035
-4225
-3961
-3692
-3396
-2875
-2317
-1938
-1682
-1745
-1910
-2026
-2247
-2430
-2650
-2682
-2494
-2214
-1758
-1291
-904
-580
-425
-271
-209
-256
-491
-662
-809
-1019
-1027
-925
-756
-475
-209
121
514
708
940
1159
1326
1397
1203
888
363
-167
-881
-1824
-2550
-3154
-3827
-4090
-3952
-3471
-2794
-1894
-1064
-328
474
999
1236
1237
900
168
-755
-1580
-2338
-2845
-3027
-2749
-2219
-1492
-624
297
963
1401
1791
1857
1713
1263
613
-149
-839
-1182
-1366
-1574
-1563
-1282
-837
-303
240
778
1163
1327
1331
1110
786
417
217
109
58
-29
-73
134
343
603
910
1275
1495
1572
1401
1332
1288
1248
1382
1276
1152
1164
1269
1243
1277
1305
1290
1135
1002
966
953
822
588
450
208
-60
-53
249
543
588
710
752
748
759
817
766
474
-79
-742
-913
-674
