-5195
-4898
-4514
-4329
-4239
-4117
-4135
-4491
-4653
-4801
-4938
-5186
-5148
-4932
-4848
-4847
-4651
-4264
-4057
-4068
-3873
-3575
-3368
-3452
-3866
-4225
-4620
-5321
-6299
-7320
-8057
-8533
-8825
-8995
-8711
-8151
-7298
-6288
-5403
-4732
-4313
-3977
-3780
-4013
-4770
-5525
-6247
-7050
-7476
-7501
-7073
-6479
-5823
-4792
-3750
-2680
-1926
-1732
-1692
-1796
-1991
-2676
-3500
-4159
-4725
-4987
-5014
-4602
-4067
-3515
-3136
-2739
-2385
-2262
-2203
-2464
-3115
-3957
-4767
-5214
-5324
-4996
-4125
-3099
-1876
-887
-896
-1479
-2725
-4264
-6111
-8265
-9946
-11073
-11617
-11634
-10930
-9380
-7676
-6139
-5058
-4502
-4748
-5851
-7419
-9042
-10905
-12464
-13384
-13516
-12536
-10758
-8275
-5597
-3252
-1260
209
1106
1185
554
-664
-2155
-3763
-5321
-6583
-6750
-5646
-3556
-794
2165
4779
6653
7586
7457
6469
4649
2161
-774
-3446
-5446
-6848
-7428
-6922
-5463
-3471
-1462
165
1244
1713
1362
241
-1470
-3525
-5765
-7926
-9595
-10631
-10956
-10331
-9032
-7613
-6090
-4490
-3378
-3076
-3483
-4231
-5549
-7429
-9345
-11010
-12206
-12916
-13122
-12682
-11630
-10219
-8675
-7371
-6520
-5869
-5474
-5617
-6375
-7542
-8880
-10093
-11067
-12033
-12406
-12178
-11754
-10745
-9584
-8392
-7248
-6313
-5590
-4953
-4701
-4548
-4364
-4586
-4726
-4601
-4082
-3588
-3020
-2513
-2137
-1540
-1188
-1027
-925
-800
-1048
-1346
-1571
-1818
-1972
-1968
-1864
-1888
-1924
-1751
-1610
-1479
-1576
-1936
-2234
-2309
-2400
-2719
-3112
-3626
-4237
-4949
-5573
-5946
-6368
-6585
-6515
-6272
-5818
-5257
-4649
-3904
-3222
-2886
-2915
-3056
-3541
-4303
-5379
-6498
-7374
-7967
-8115
-8398
-8456
-7999
-7163
-6179
-5520
-4912
-4388
-4146
-4286
-4628
-5079
-5528
-6059
-6273
-6210
-6056
-5606
-4832
-3934
-3091
-2138
-1304
-744
-240
159
527
760
853
876
617
-208
-1251
-2276
-3367
-4498
-5224
-5424
-4576
-2771
-775
1178
2805
3913
4537
4572
3745
2166
239
-1623
-3229
-4271
-4513
-3773
-2379
-481
1656
3536
5101
6060
6204
5658
4293
2622
1066
-277
-1354
-1800
-1575
-457
1339
3356
5349
6565
7169
7461
7510
7418
7312
7227
7147
7166
7228
7043
6654
6142
5355
4415
3120
1600
529
-162
-673
-818
-309
724
1659
2608
3637
4346
4657
4491
3901
3046
1844
476
-748
-1690
-2384
-2592
-2641
-2476
-1868
-1020
-377
196
319
278
121
-600
-1602
-2778
-3835
-4654
-5124
-5207
-5156
-4999
-4886
-4643
-4466
-4391
-4275
-4275
-4352
-4492
-4871
-5259
-5517
-5467
-5253
-4966
-4674
-4460
-4263
-4231
-4188
-4059
-4231
-4270
-4294
-4577
-4877
-4932
-4819
-4623
-4328
-3722
-3078
-2479
-2001
-1533
-1305
-1226
-1106
-1263
-1674
-2112
-2427
-2753
-3101
-3320
-3347
-3167
-3049
-2822
-2572
-2264
-1982
-1792
-1564
-1401
-1465
-2104
-2869
-3756
-4815
-6009
-7290
-8511
-9437
-9960
-10118
-9810
-9167
-8327
-7159
-6249
-5500
-4871
-4604
-4767
-5409
-6256
-7169
-8116
-9140
-9988
-10403
-10369
-9973
-9485
-8853
-7832
-6738
-6148
-5848
-5858
-6144
-6510
-6876
-7388
-8022
-8439
-8716
-8597
-8411
-8205
-7717
-6882
-6001
-5154
-4605
-4256
-4002
-3850
-3533
-3047
-2868
-2755
-2563
-2327
-2065
-1935
-1531
-1073
-749
-502
-375
-256
-241
-311
-425
-505
-785
-1064
-1076
-873
-853
-1049
-1192
-1018
-964
-1049
-1215
-1400
-1516
-1750
-2073
-2167
-2260
-2379
-2535
-2561
-2382
-2202
-2083
-1834
-1718
-1683
-1703
-2011
-2645
-3289
-3779
-4005
-3618
-2900
-1727
-481
583
1254
1256
538
-651
-2046
-3609
-5104
-6437
-7270
-7578
-7359
-6693
-5373
-3896
-2617
-1745
-1147
-1080
-1643
-2606
-3835
-5312
-6776
-7997
-8662
-8877
-8556
-7535
-6385
-5281
-4146
-3085
-2502
-2333
-2466
-3087
-4199
-5518
-6663
-7454
-8059
-8325
-8200
-7647
-6787
-5807
-4801
-4019
-3322
-2937
-3044
-3368
-3889
-4551
-5334
-5967
-6562
-6924
-7198
-7115
-6666
-5979
-5260
-4890
-4600
-4389
-4348
-4560
-5040
-5417
-5761
-6186
-6622
-6722
-6710
-6536
-6329
-5981
-5612
-5436
-5343
-5496
-5669
-5954
-6167
-6542
-6725
-6847
-6976
-6806
-6610
-6511
-6307
-6069
-5789
-5523
-5286
-4954
-4846
-5019
-5307
-5775
-6682
-7748
-8624
-9342
-10173
-10953
-11397
-11317
-10872
-10104
-9315
-8477
-7500
-6647
-5958
-5717
-5920
-6471
-7131
-7879
-8696
-9497
-10042
-10179
-9968
-9435
-8552
-7618
-6452
-5226
-4496
-4132
-3863
-3723
-3901
-4425
-5077
-5693
-6267
-6581
-6263
-5693
-5249
-4656
-3982
-3103
-2437
-1987
-1604
-1481
-1378
-1346
-1454
-1457
-1450
-1580
-1664
-1457
-953
-557
-276
20
329
496
750
869
1013
1008
798
549
422
512
585
523
440
496
438
325
127
-81
-270
-321
-453
-672
-761
-893
-988
-824
-629
-557
-580
-581
-365
-104
167
253
-35
-816
-1418
-1904
-2144
-1820
-850
538
1927
3375
4272
4649
4377
3469
2278
964
-492
-1857
-2930
-3391
-3385
-2754
-1630
-407
867
2024
2699
2980
2586
1905
862
-501
-1804
-2977
-3896
-4434
-4161
-3295
-2230
-1179
-99
809
1285
1322
1045
422
-287
-1132
-2349
-3427
-4226
-4655
-4443
-4014
-3436
-2532
-1598
-865
-313
-51
-154
-535
-1054
-1747
-2527
-3294
-4006
-4391
-4332
-4287
-3941
-3448
-2864
-2367
-2016
-1857
-1843
-1949
-2310
-2806
-3294
-3636
-3956
-4135
-4121
-3867
-3416
-3035
-2652
-2314
-2159
-2175
-2241
-2435
-2767
-3082
-3288
-3356
-3544
-3500
-3261
-3174
-2990
-2759
-2615
-2356
-2237
-2133
-2004
-2104
-2441
-2737
-3090
-3873
-4856
-5833
-6812
-7408
-7712
-7879
-7850
-7593
-6922
-6003
-5002
-4132
-3560
-3145
-3117
-3339
-3969
-4863
-5877
-6766
-7403
-7685
-7585
-7229
-6563
-5567
-4605
-3651
-2827
-2267
-2187
-2352
-2417
-2722
-3228
-3768
-4189
-4667
-4909
-4601
-4073
-3693
-3206
-2532
-1707
-1101
-663
-488
-391
-446
-431
-525
-890
-1144
-1074
-823
-717
-371
-18
494
1027
1387
1486
1523
1551
1499
1451
1321
1279
1060
998
1101
1035
967
1161
1153
1034
800
680
517
197
47
146
-1
-273
-266
-230
-179
-231
-293
-139
6
-39
-89
-233
-701
-1308
-1896
-2232
-2225
-1430
-212
1216
2504
3385
3958
3964
3411
2165
843
-543
-1925
-3238
-4282
-4508
-3831
-2767
-1524
-208
1158
2062
2361
2201
1551
409
-1003
-2381
-3562
-4558
-5200
-5416
-4935
-4006
-2821
-1652
-629
113
446
273
-344
-1154
-2086
-3063
-4178
-5096
-5597
-5659
-5269
-4520
-3585
-2856
-2087
-1381
-1026
-1101
-1467
-1985
-2652
-3397
-4233
-4936
-5562
-5734
-5538
-5153
-4842
-4357
-3858
-3384
-2995
-2881
-3037
-3275
-3889
-4481
-4833
-5030
-5257
-5281
-5072
-4772
-4442
-4161
-3814
-3483
-3316
-3207
-3502
-3831
-4030
-4247
-4557
-4899
-5047
-4934
-4623
-4188
-3914
-3789
-3664
-3538
-3458
-3360
-3292
-3366
-3716
-4373
-5085
-5856
-6733
-7771
-8605
-9137
-9461
-9396
-8923
-8124
-7192
-6307
-5567
-4899
-4375
-4116
-4197
-4727
-5590
-6498
-7332
-8182
-8770
-8998
-8696
-7913
-6953
-5863
-4857
-4101
-3341
-2948
-2906
-3012
-3363
-3737
-4257
-4722
-5115
-5198
-5207
-4876
-4245
-3496
-2819
-2095
-1393
-862
-441
-279
-459
-667
-786
-964
-951
-959
-984
-940
-533
43
331
458
868
1218
1574
1751
1712
1574
1487
1438
1402
1430
1436
1425
1489
1644
1668
1619
1501
1347
1287
1087
926
706
515
432
494
629
723
659
732
798
842
883
872
827
602
-51
-1158
-1832
-1911
-1712
-866
516
1969
2913
3366
3580
3263
2341
1342
367
-727
-1733
-2298
-2475
-2282
-1661
-604
743
1856
2778
3201
2999
2293
1276
197
-932
-2098
-3101
-3815
-3797
-3247
-2406
-1192
20
974
1732
2028
1972
1671
1011
69
-1069
-1971
-2616
-3005
-3062
-2778
-2101
-1302
-569
165
776
1120
1230
1133
816
138
-669
-1503
-2143
-2565
-2589
-2444
-2359
-2050
-1600
-1128
-626
-202
-113
-200
-501
-871
-1363
-1925
-2310
-2478
-2743
-2993
-2948
-2728
-2421
-1932
-1698
-1675
-1827
-1960
-1919
-2201
-2552
-2797
-2947
-3096
-3193
-3178
-2975
-2663
-2582
-2545
-2445
-2280
-2078
-2056
-2120
-2320
-2842
-3566
-4379
-5203
-6131
-6962
-7522
-7873
-7758
-7455
-7001
-6334
-5528
-4566
-3658
-2955
-2698
-2768
-3174
-3922
-4854
-5634
-6293
-6790
-6941
-6810
-6340
-5510
-4468
-3431
-2548
-1734
-1241
-1094
-1194
-1537
-1897
-2244
-2722
-3159
-3491
-3563
-3318
-2865
-2298
-1602
-894
-190
277
656
1023
969
771
551
436
349
336
299
382
795
1237
1489
1700
1847
2077
2326
2403
2412
2374
2330
2188
1914
1674
1543
1532
1621
1837
1900
1777
1671
1593
1413
1316
1128
894
730
598
526
514
559
501
465
569
709
701
694
750
739
391
-112
-410
-207
515
1634
3042
4414
5431
6012
6162
5550
4216
2504
833
-739
-2296
-3472
-3840
-3538
-2768
-1514
249
2143
3576
4367
4517
4142
3213
1947
354
-1419
-2874
-3715
-4310
-4451
-3913
-2772
-1405
-167
808
1305
1561
1533
1162
192
-1140
-2619
-4087
-5112
-5530
-5291
-4762
-4043
-3011
-1998
-1101
-452
-124
-93
-257
-866
-1671
-2552
-3401
-4056
-4661
-4948
-4727
-4268
-3860
-3457
-3035
-2777
-2622
-2717
-2836
-2935
-3247
-3531
-3723
-3974
-3927
-3812
-3718
-3475
-3106
-2648
-2334
-2258
-2236
-2083
-1989
-2260
-2681
-2987
-3179
-3159
-2929
-2676
-2267
-1981
-1800
-1661
-1446
-1333
-1143
-1041
-960
-1195
-1755
-2570
-3339
-4119
-5037
-5948
-6609
-7009
-7105
-6758
-6065
-5457
-4796
-3880
-2963
-2371
-2100
-2077
-2333
-3053
-3976
-4942
-5751
-6296
-6608
-6755
-6552
-5935
-5096
-4071
-3171
-2521
-2152
-1761
-1761
-2010
-2372
-2829
-3427
-3963
-4420
-4805
-4742
-4319
-3631
-3024
-2383
-1759
-1256
-824
-573
-390
-359
-409
-569
-876
-1077
-956
-750
-497
-226
56
497
934
1300
1619
1820
1804
1685
1762
1772
1707
1443
1268
1244
1306
1428
1513
1496
1366
1321
1149
980
795
809
757
551
512
491
490
640
688
674
805
806
968
1150
971
396
-390
-959
-1321
-1540
-1226
-390
820
2264
3451
4028
3806
3127
2163
941
-363
-1654
-2760
-3277
-3268
-2779
-1819
-476
842
1962
2757
3106
2976
2460
1556
138
-1511
-2998
-4163
-4749
-4786
-4135
-3081
-1810
-687
209
1089
1628
1620
1185
473
-264
-1111
-2140
-3104
-3688
-3755
-3561
-2792
-1651
-619
293
933
1213
1225
1126
738
48
-876
-1644
-2198
-2581
-2754
-2623
-2285
-1885
-1377
-772
-337
-100
-4
-74
-337
-749
-1301
-1692
-1869
-2014
-2115
-1965
-1795
-1639
-1381
-1185
-961
-897
-1123
-1430
-1669
-2022
-2360
-2513
-2485
-2294
-2383
-2241
-2075
-2030
-1808
-1595
-1310
-1153
-1192
-1191
-1436
-1861
-2465
-3037
-3669
-4687
-5598
-6409
-7144
-7449
-7246
-6604
-5758
-5006
-4270
-3447
-2723
-2219
-1990
-2082
-2614
-3526
-4395
-5039
-5558
-6027
-6135
-5719
-5144
-4228
-3278
-2305
-1426
-827
-302
-18
-285
-575
-906
-1397
-2044
-2427
-2546
-2518
-2330
-1770
-969
-87
626
1364
1944
2133
2257
2288
2307
2284
2035
1735
1662
1738
2006
2352
2574
2820
3137
3621
3986
4160
4162
4000
3982
3908
3580
3492
3600
3688
3785
3660
3473
3475
3484
3367
3195
3032
2818
2632
2417
2435
2423
2493
2346
2296
2400
2500
2656
2765
2801
2828
2707
2496
1935
1220
689
474
787
1734
3239
4744
5941
6547
6380
6054
5243
4028
2604
1077
-168
-816
-941
-842
-200
1022
2423
3721
4601
5146
5261
4851
3797
2571
1312
162
-1031
-1768
-1940
-1535
-824
314
1418
2294
2996
3389
3603
3224
2550
1717
713
-313
-1301
-1872
-1979
-1668
-1186
-652
164
1058
1651
2044
2246
2187
1747
1027
253
-542
-1230
-1740
-1913
-1977
-1919
-1620
-1094
-419
126
357
344
291
95
-221
-735
-1244
-1605
-1892
-1777
-1579
-1597
-1454
-1188
-974
-625
-347
-294
-503
-848
-1167
-1267
-1544
-1670
-1626
-1656
-1604
-1291
-875
-777
-728
-574
-398
-271
-205
-238
-348
-878
-1562
-2367
-3313
-4162
-4831
-5501
-6001
-6158
-5915
-5346
-4442
-3490
-2616
-1911
-1468
-1121
-1161
-1661
-2465
-3346
-4094
-4668
-5045
-5316
-5366
-4878
-4098
-3338
-2502
-1718
-895
-263
-207
-425
-716
-1196
-1792
-2402
-2799
-2922
-2931
-2691
-2009
-1325
-703
-81
558
962
1248
1447
1526
1440
1098
777
719
740
880
1095
1376
1676
1984
2343
2536
2718
2993
3141
3185
3048
2918
2992
3056
2966
2912
2881
2802
2679
2718
2729
2733
2645
2490
2349
2144
2069
1953
1708
1644
1618
1572
1685
1799
1959
1978
2012
1975
1997
1808
1280
491
-133
-82
409
1166
2325
3714
4960
5744
6046
5640
4834
3632
2281
951
-348
-1448
-1936
-1933
-1346
-217
1133
2476
3573
4328
4565
4250
3399
2319
928
-484
-1809
-2708
-3053
-2977
-2317
-1211
86
1158
1868
2501
2616
2431
2071
1192
21
-1103
-2126
-2803
-3074
-2886
-2387
-1712
-864
-61
822
1374
1578
1540
1173
513
-313
-1205
-1840
-2339
-2474
-2640
-2502
-2047
-1539
-1118
-652
-334
-35
109
-82
-591
-1127
-1502
-1764
-2020
-2375
-2438
-2124
-1618
-1302
-974
-671
-600
-546
-616
-875
-1264
-1303
-1394
-1728
-1922
-1837
-1775
-1745
-1428
-1172
-1076
-977
-864
-608
-513
-590
-877
-1180
-1838
-2635
-3481
-4334
-5138
-5809
-6130
-6186
-6227
-5743
-4899
-4088
-3357
-2480
-1786
-1342
-1336
-1703
-2396
-3370
-4183
-4837
-5327
-5623
-5602
-5227
-4684
-3838
-2788
-1948
-1141
-667
-401
-264
-405
-699
-1291
-1909
-2340
-2558
-2451
-2399
-2335
-1831
-1055
-225
392
981
1364
1554
1714
1663
1461
1385
1354
1310
1318
1437
1605
1827
2137
2458
2841
3188
3317
3422
3432
3301
3043
2872
2880
3017
3157
3043
2826
2697
2615
2547
2583
2548
2467
2402
2292
2108
1954
1883
1747
1688
1682
1693
1879
1978
1892
2035
1990
1872
1860
1491
808
188
-99
110
834
2015
3423
4725
5782
6230
6031
5333
4334
3128
1663
167
-936
-1629
-1824
-1390
-480
868
2335
3664
4670
4952
4580
3877
2818
1451
72
-1064
-1925
-2520
-2605
-2079
-1278
-383
667
1658
2574
2981
2846
2458
1642
585
-392
-1290
-1969
-2349
-2416
-2064
-1510
-755
174
975
1471
1687
1648
1449
1100
375
-341
-1009
-1625
-1918
-1936
-2089
-2042
-1652
-969
-465
-4
174
138
160
-80
-451
-955
-1351
-1563
-1695
-1576
-1455
-1309
-990
-495
-143
-115
-99
86
-55
-333
-562
-728
-902
-953
-1068
-1153
-1053
-689
-312
-88
102
236
361
361
226
-27
-329
-713
-1410
-2112
-2954
-3984
-4691
-5080
-5226
-5028
-4584
-4167
-3478
-2637
-1714
-848
-395
-342
-558
-1180
-1847
-2420
-3183
-3947
-4341
-4526
-4294
-3540
-2760
-1910
-914
-98
478
827
937
805
329
-189
-726
-1065
-1372
-1741
-1701
-1327
-751
-129
522
1249
1705
1898
1879
2030
1968
1626
1218
997
1049
1277
1517
1922
2371
2722
2740
2556
2158
1637
1142
512
21
-21
341
1031
1638
2454
3388
4013
4097
3917
3414
2642
1852
1024
361
144
176
722
1717
2938
4394
5700
6525
6829
6809
6587
6046
5158
4243
3553
2842
2362
2234
2674
3601
4858
6613
8409
9637
10214
9973
9274
7951
6250
4482
2876
1558
632
267
554
1358
2430
3709
5046
5968
6330
6131
5343
4284
2995
1742
557
-617
-1542
-1982
-1960
-1413
-379
777
1825
2533
2904
3027
2753
1977
1219
359
-695
-1906
-2677
-2898
-2931
-2684
-2249
-1587
-633
206
653
887
957
691
198
-447
-1203
-1933
-2324
-2506
-2361
-2101
-1682
-941
-170
590
1099
1179
1078
1090
1041
828
518
157
122
288
412
755
1041
1230
1606
2052
2208
2172
2120
1954
1826
1546
1196
919
679
618
619
812
1065
1166
1207
1186
1212
1241
1190
996
820
643
361
-214
-903
-1735
-2721
-3795
-4478
-4799
-4811
-4592
-4210
-3773
-3195
-2380
-1575
-1140
-880
-1009
-1500
-2172
-2936
-3817
-4670
-5290
-5544
-5463
-5114
-4405
-3531
-2656
-1797
-1056
-729
-855
-946
-1305
-1888
-2449
-3096
-3635
-4041
-4156
-4005
-3736
-3243
-2442
-1621
-916
-438
-216
-85
90
45
-325
-850
-1523
-2204
-2540
-2410
-1941
-1574
-1091
-258
581
1208
1642
1638
1285
795
264
-512
-1219
-1658
-1685
-1438
-1148
-870
-281
337
813
953
610
295
-232
-953
-1773
-2511
-3015
-3231
-3305
-3045
-2462
-1992
-1692
-1260
-1061
-1206
-1762
-2771
-3934
-5218
-5881
-5797
-5119
-3919
-2444
-733
646
1278
1147
416
-736
-2464
-4387
-6270
-7617
-8264
-8413
-7821
-6417
-4662
-2910
-1518
-501
-23
-123
-859
-1804
-3196
-4810
-6223
-7111
-7539
-7453
-6696
-5401
-3840
-2349
-1319
-624
-95
79
-300
-1124
-2122
-3094
-3995
-4883
-5163
-5075
-4435
-3503
-2426
-1436
-523
153
630
761
563
163
-602
-1345
-2038
-2411
-2511
-2612
-2497
-2151
-1727
-1114
-541
-116
179
351
237
-130
-656
-1029
-1380
-1689
-1878
-1825
-1537
-1252
-897
-483
-129
63
31
-87
-299
-451
-693
-1049
-1183
-1275
-1282
-1133
-937
-611
-243
18
352
596
676
627
503
547
371
-111
-786
-1528
-2232
-3003
-3521
-3774
-3755
-3570
-2978
-2107
-1161
-238
542
1127
1655
1879
1664
1183
505
-183
-713
-1116
-1330
-1267
-914
-155
680
1543
2521
3359
3800
3923
4014
3824
3325
2671
2078
1622
1298
1148
1274
1695
2357
2877
3268
3500
3728
4025
4118
4070
3809
3460
3091
2843
2675
2500
2433
2534
2817
2846
3006
3445
3731
3868
3723
3636
3650
3513
3209
2958
2959
3030
3115
2943
2905
3078
3039
2897
2764
2638
2535
2319
2025
1839
1847
1874
1721
1734
1712
1841
2165
2245
2198
2197
2134
2204
1823
913
97
-299
-311
185
1154
2539
3885
4871
5209
5168
4873
4036
3142
2044
1073
288
-274
-282
265
1093
2356
3707
4791
5395
5597
5439
4740
3817
3034
1957
610
-368
-618
-292
349
1175
2280
3369
4245
4935
5286
5188
4678
3991
3112
2067
1168
464
188
352
842
1517
2308
2985
3612
4361
4742
4716
4259
3776
3128
2314
1663
1129
880
784
845
984
1449
2146
2755
3197
3446
3463
3231
2789
2346
2026
1700
1428
1165
994
987
1137
1402
1697
1960
2143
2099
2044
2046
1903
1673
1474
1231
1234
1163
1112
1170
1435
1766
1943
2061
2153
2348
2468
2472
2461
1999
1402
917
326
-449
-1200
-1979
-2425
-2491
-2398
-2080
-1450
-647
190
821
1406
1731
1897
1964
1586
1065
395
-410
-958
-1389
-1604
-1469
-952
-111
850
1914
2647
3059
3329
3344
3022
2501
1783
1106
467
48
-47
-11
120
362
971
1556
2010
2395
2584
2488
2406
2217
1743
1456
1294
1101
798
623
551
744
1015
1333
1561
1795
1775
1602
1625
1618
1403
1054
905
826
686
641
699
831
685
579
574
598
456
102
-202
-494
-687
-747
-848
-917
-752
-688
-710
-776
-699
-674
-690
-720
-851
-1064
-1216
-1462
-1621
-1341
-561
635
1969
3257
4238
4809
4743
4006
2860
1236
-674
-2455
-3909
-4743
-5017
-4668
-3525
-1744
129
1649
2899
3744
4102
3609
2381
827
-848
-2407
-3741
-4764
-5301
-5140
-4231
-2892
-1685
-583
517
1287
1537
1291
576
-524
-1747
-3000
-4075
-4816
-5071
-4938
-4474
-3633
-2499
-1476
-735
-76
384
440
23
-704
-1349
-2063
-2712
-3288
-3846
-4004
-3804
-3392
-2772
-2298
-2011
-1731
-1470
-1359
-1679
-2007
-2217
-2311
-2376
-2401
-2383
-2091
-1755
-1301
-839
-681
-629
-544
-513
-451
-542
-713
-961
-1247
-1205
-1058
-936
-477
-95
135
352
611
856
1065
1215
1227
988
792
579
-31
-690
-1393
-2312
-3246
-3895
-4130
-3972
-3525
-2905
-2084
-1247
-389
386
852
1061
1147
863
57
-797
-1541
-2159
-2661
-2865
-2713
-2172
-1385
-640
96
835
1447
1823
2061
2070
1613
923
101
-591
-956
-1316
-1623
-1633
-1185
-658
-73
527
1010
1220
1370
1393
1337
1071
685
301
23
-215
-316
-258
-70
245
578
933
1020
1169
1343
1516
1528
1519
1433
1241
998
793
852
918
971
1055
1081
1292
1382
1214
831
517
371
173
6
-91
15
208
312
305
424
550
491
526
592
660
584
109
-392
-629
-718
-428
