-4967
-4666
-4297
-4082
-3966
-3752
-3722
-3917
-4153
-4393
-4533
-4644
-4702
-4599
-4501
-4300
-3957
-3703
-3537
-3353
-3116
-2958
-3021
-3046
-3073
-3324
-3865
-4647
-5613
-6629
-7405
-7858
-7909
-7933
-7715
-7143
-6288
-5317
-4431
-3729
-3243
-2932
-3044
-3609
-4212
-4950
-5771
-6436
-6921
-7039
-6831
-6264
-5568
-4613
-3544
-2611
-2104
-1734
-1496
-1808
-2251
-2757
-3451
-4216
-4733
-5066
-5100
-4857
-4334
-3912
-3483
-2974
-2441
-2184
-2352
-2778
-3278
-3944
-4741
-5246
-5359
-5217
-4418
-3072
-1807
-964
-833
-1487
-2731
-4278
-6029
-7906
-9729
-11044
-11653
-11389
-10340
-8735
-6945
-5502
-4493
-4021
-4313
-5316
-6847
-8591
-10343
-11818
-12568
-12709
-11915
-9995
-7579
-5102
-2574
-465
944
1783
1723
853
-389
-1756
-3331
-4915
-6183
-6949
-6345
-4533
-2130
668
3381
5456
6455
6436
5535
3986
2064
-56
-2157
-4146
-5551
-6130
-5872
-4836
-3341
-1753
-375
633
887
289
-567
-2005
-4021
-6032
-7900
-9447
-10256
-10131
-9266
-8148
-6686
-5217
-4064
-3286
-3099
-3405
-4293
-5762
-7499
-9115
-10521
-11506
-11967
-11849
-11164
-10248
-8999
-7486
-6174
-5205
-4630
-4594
-5039
-6114
-7398
-8663
-9627
-10511
-11142
-11504
-11279
-10587
-9489
-8244
-6924
-5681
-4937
-4376
-3895
-3693
-3562
-3641
-3882
-4176
-4319
-3836
-3314
-3070
-2653
-2119
-1784
-1375
-953
-622
-712
-1007
-1363
-1742
-1682
-1707
-1975
-2088
-2267
-2357
-2175
-2035
-2059
-2219
-2452
-2616
-3053
-3331
-3212
-3318
-3795
-4437
-5092
-5629
-6052
-6418
-6678
-6807
-6559
-6080
-5494
-4975
-4457
-3795
-3434
-3354
-3629
-4180
-4866
-5765
-6760
-7491
-7828
-8362
-8662
-8344
-7632
-7034
-6453
-5606
-4882
-4378
-4208
-4185
-4324
-4623
-5007
-5314
-5333
-5264
-5073
-4573
-3935
-3039
-2106
-1282
-562
131
915
1524
1731
1793
1892
1906
1523
808
8
-904
-2173
-3544
-4541
-4529
-3552
-1928
-10
1871
3344
4508
5156
5141
4497
3110
1334
-657
-2404
-3604
-3935
-3309
-1867
48
1974
3581
5036
6094
6431
5995
4930
3366
1598
-14
-1184
-1591
-1223
-243
1386
3398
5258
6575
7186
7223
6781
6258
5915
5694
5783
6298
6607
6676
6544
6153
5669
5025
4159
3181
2141
1144
360
-73
-21
475
1359
2326
3387
4201
4624
4556
4009
3361
2502
1404
84
-908
-1431
-1766
-1857
-1416
-811
-141
810
1514
1762
1614
1116
407
-326
-1173
-2042
-2723
-3421
-3773
-3870
-3952
-3781
-3586
-3471
-3511
-3470
-3478
-3585
-3873
-4120
-4408
-4594
-4664
-4552
-4473
-4142
-3821
-3634
-3537
-3378
-3258
-3215
-3170
-3404
-3735
-3996
-4272
-4361
-4326
-4286
-3993
-3607
-3098
-2576
-1887
-1398
-1309
-1212
-1154
-1361
-1748
-2107
-2627
-2986
-3213
-3462
-3490
-3378
-3143
-2911
-2721
-2493
-2094
-1659
-1490
-1864
-2283
-2876
-3969
-5156
-6508
-7698
-8711
-9485
-9803
-10010
-10002
-9493
-8737
-7730
-6560
-5655
-5086
-4895
-5000
-5438
-6143
-7123
-8059
-8751
-9522
-10061
-10115
-9701
-9142
-8353
-7473
-6718
-6104
-5897
-5844
-5805
-6131
-6686
-7293
-7918
-8228
-8418
-8349
-8061
-7846
-7298
-6511
-5735
-5201
-4670
-4134
-3779
-3646
-3540
-3385
-3280
-3110
-2846
-2696
-2404
-1963
-1607
-1467
-1284
-858
-529
-415
-537
-795
-998
-1154
-1420
-1543
-1442
-1350
-1476
-1512
-1497
-1506
-1594
-1655
-1728
-1800
-2032
-2307
-2537
-2714
-2865
-3030
-3144
-3045
-2923
-2867
-2784
-2537
-2367
-2342
-2395
-2758
-3379
-4084
-4587
-4773
-4355
-3503
-2261
-992
-2
524
432
-266
-1442
-2930
-4412
-5787
-7268
-8296
-8664
-8286
-7368
-5991
-4422
-3123
-2067
-1658
-1773
-2310
-3246
-4348
-5855
-7366
-8585
-9274
-9379
-8864
-7821
-6631
-5314
-4173
-3428
-3034
-3017
-3304
-3694
-4546
-5658
-6823
-7804
-8420
-8645
-8457
-7768
-6957
-5894
-4923
-4316
-3926
-3526
-3477
-3623
-4049
-4890
-5608
-6199
-6810
-7079
-6971
-6858
-6421
-5851
-5379
-4999
-4651
-4408
-4441
-4789
-5412
-5982
-6276
-6672
-6813
-6783
-6754
-6638
-6403
-6213
-5784
-5414
-5354
-5539
-5815
-6142
-6357
-6548
-6832
-6981
-6894
-6731
-6416
-6156
-5919
-5638
-5331
-5048
-4900
-4785
-4808
-5114
-5325
-5471
-6101
-6969
-7805
-8687
-9603
-10297
-10678
-10664
-10359
-9704
-8744
-7682
-6886
-6236
-5592
-5379
-5509
-5849
-6429
-7205
-8085
-8896
-9404
-9497
-9276
-8714
-7913
-6813
-5754
-4969
-4215
-3584
-3112
-3036
-3313
-3792
-4440
-5091
-5628
-5858
-5770
-5278
-4612
-3989
-3332
-2741
-2197
-1507
-1085
-978
-858
-838
-901
-982
-1036
-1205
-1187
-898
-688
-448
-38
446
805
949
943
1194
1408
1408
1302
1210
1235
1350
1267
1245
1189
1018
979
1066
1048
886
631
517
290
59
-78
-106
-10
114
194
192
207
276
423
481
472
627
344
-103
-630
-1269
-1550
-1122
-180
1061
2557
3702
4490
4811
4381
3552
2277
1029
-266
-1536
-2438
-2964
-2924
-2317
-1227
268
1694
2756
3256
3456
3217
2409
1234
-27
-1288
-2480
-3227
-3523
-3375
-2825
-1962
-708
392
1300
1790
1882
1611
1049
184
-1049
-2233
-3149
-3757
-4069
-3921
-3466
-2755
-1818
-1040
-451
-18
260
115
-379
-1042
-1828
-2589
-3277
-3771
-3973
-4000
-3821
-3497
-3135
-2495
-1904
-1646
-1543
-1500
-1665
-2017
-2608
-3117
-3255
-3439
-3647
-3634
-3451
-3230
-3001
-2648
-2326
-2130
-2044
-2190
-2384
-2574
-2799
-3159
-3579
-3507
-3370
-3205
-3133
-2984
-2774
-2628
-2307
-2181
-2078
-1987
-2042
-2287
-2488
-2839
-3645
-4624
-5602
-6585
-7314
-7605
-7629
-7429
-7006
-6434
-5672
-4853
-4099
-3481
-3215
-3326
-3518
-4095
-4949
-5722
-6574
-7074
-7322
-7273
-7147
-6674
-5816
-4897
-3816
-2943
-2570
-2239
-2299
-2581
-2933
-3473
-3873
-4305
-4624
-4780
-4822
-4460
-3685
-2883
-2167
-1661
-1165
-555
-482
-668
-735
-827
-1114
-1277
-1179
-1109
-1021
-893
-432
66
405
727
1047
1369
1576
1797
1755
1509
1370
1335
1203
991
955
1124
1255
1366
1269
1093
1174
1114
792
518
373
444
336
-5
-125
-122
-38
-45
-42
164
144
30
-16
-125
-607
-1247
-1810
-2252
-2299
-1667
-401
1057
2406
3394
3841
3800
3312
2109
661
-724
-1954
-3114
-3876
-4073
-3798
-2972
-1686
-224
949
1772
2085
1833
1153
208
-946
-2336
-3679
-4814
-5306
-5209
-4670
-3716
-2575
-1540
-836
-369
175
45
-496
-1234
-2256
-3238
-4208
-4958
-5536
-5770
-5471
-4626
-3585
-2687
-2066
-1517
-1141
-1163
-1365
-2030
-2720
-3475
-4340
-4950
-5342
-5497
-5250
-4957
-4482
-3982
-3607
-3246
-3068
-3136
-3199
-3429
-3896
-4542
-5079
-5374
-5316
-5308
-5265
-5036
-4607
-4091
-3890
-3807
-3686
-3528
-3655
-4220
-4615
-4959
-5109
-5185
-5034
-4856
-4682
-4532
-4335
-4099
-4025
-3936
-3733
-3742
-3650
-3694
-4064
-4743
-5527
-6299
-7144
-7959
-8761
-9300
-9450
-9219
-8860
-8298
-7605
-6766
-5698
-4818
-4467
-4342
-4559
-5171
-5854
-6704
-7596
-8253
-8751
-8914
-8838
-8369
-7544
-6519
-5478
-4563
-3858
-3423
-3294
-3400
-3663
-4052
-4541
-4999
-5393
-5414
-5285
-5002
-4583
-4012
-3279
-2549
-1989
-1457
-1084
-897
-836
-935
-1127
-1309
-1464
-1326
-1116
-1005
-738
-42
373
549
869
1200
1335
1429
1460
1470
1388
1251
1209
1136
996
1054
1112
1276
1262
1235
1152
1121
1044
843
636
352
101
-10
-79
23
204
315
346
374
448
429
393
428
321
-461
-1688
-2818
-3443
-3303
-2704
-1700
-487
636
1364
1714
1681
1317
541
-565
-1315
-1804
-2228
-2404
-2173
-1533
-716
218
1084
1767
2058
1870
1412
558
-457
-1500
-2428
-3120
-3509
-3443
-2823
-1935
-869
111
1138
1831
1998
1817
1610
1233
487
-565
-1600
-2244
-2522
-2531
-2110
-1396
-595
279
996
1651
1907
1929
1810
1519
918
-51
-887
-1486
-1703
-1681
-1521
-1321
-914
-315
179
612
1128
1292
946
310
-244
-591
-1025
-1639
-2130
-2497
-2623
-2577
-2440
-2191
-2004
-1882
-1856
-1952
-1913
-2081
-2364
-2831
-3100
-3105
-3168
-3271
-3304
-3309
-3007
-2696
-2686
-2660
-2530
-2455
-2386
-2568
-2904
-3276
-3801
-4522
-5465
-6301
-6975
-7590
-8096
-8288
-7985
-7250
-6490
-5653
-4643
-3858
-3246
-2949
-3294
-3849
-4384
-4981
-5697
-6547
-6883
-6770
-6457
-5998
-5299
-4374
-3328
-2285
-1546
-900
-549
-578
-900
-1376
-1834
-2325
-2675
-2891
-2830
-2455
-1929
-1199
-557
40
545
1210
1506
1629
1541
1497
1346
1125
1033
959
1086
1162
1241
1343
1618
2022
2445
2571
2752
2813
2766
2872
2873
2551
2353
2298
2246
2132
2073
2079
1990
1804
1640
1604
1487
1395
1255
1129
1080
992
942
883
870
794
757
688
717
951
1163
1130
775
431
329
658
1439
2507
3805
5096
6217
7242
7632
7390
6343
4672
2642
479
-1577
-3269
-4460
-4892
-4367
-3087
-1110
1108
3139
4755
5824
6080
5546
4471
2969
1300
-445
-2145
-3447
-4272
-4374
-3804
-2650
-1119
145
1122
1899
2239
1890
1206
159
-1016
-2428
-3644
-4867
-5708
-5677
-5160
-4459
-3664
-2800
-1748
-839
-427
-349
-510
-1161
-1930
-2694
-3393
-4137
-4655
-4835
-4934
-4763
-4353
-3982
-3747
-3577
-3559
-3654
-3692
-3595
-3937
-4321
-4452
-4300
-4167
-3972
-3571
-3131
-2749
-2370
-2024
-1998
-2044
-2017
-2195
-2468
-2779
-2884
-2925
-2952
-2914
-2720
-2075
-1336
-977
-816
-752
-623
-550
-624
-735
-1075
-1378
-1844
-2682
-3493
-4216
-4906
-5438
-5881
-6121
-5728
-5143
-4543
-3677
-2852
-2141
-1516
-1193
-1054
-1448
-2175
-3207
-4158
-4885
-5567
-6043
-6129
-5829
-5437
-4797
-3769
-2959
-2426
-1808
-1464
-1570
-1902
-2434
-3124
-3808
-4276
-4592
-4670
-4736
-4601
-4124
-3535
-2821
-2069
-1378
-820
-524
-454
-672
-846
-1010
-1237
-1288
-1374
-1425
-1275
-786
-251
139
491
916
1314
1385
1608
1656
1593
1494
1567
1636
1776
1830
1873
1874
1843
1889
1995
2090
1883
1660
1529
1542
1427
1228
1072
1147
1301
1437
1457
1571
1703
1802
1795
1898
1855
1334
524
-296
-818
-1214
-1166
-476
547
1634
2520
3030
2980
2555
1722
541
-576
-1784
-2700
-3115
-3126
-2516
-1546
-346
1020
2367
3331
3561
3242
2370
1206
-71
-1411
-2789
-4053
-4783
-4704
-4130
-3243
-2053
-687
536
1336
1692
1755
1385
792
-66
-1038
-2021
-2748
-3235
-3115
-2470
-1744
-912
-102
712
1307
1607
1750
1657
1368
721
-100
-784
-1447
-1822
-1871
-1700
-1361
-856
-296
141
380
714
883
908
911
457
-172
-583
-883
-1090
-1203
-1095
-1060
-1016
-873
-644
-671
-758
-716
-848
-1231
-1702
-2113
-2147
-2147
-2256
-2278
-2106
-1952
-1766
-1718
-1760
-1649
-1520
-1467
-1524
-1751
-2053
-2458
-3324
-4353
-5134
-5911
-6631
-7175
-7498
-7379
-6917
-6384
-5666
-4777
-3911
-3157
-2764
-2677
-2693
-3083
-3910
-4724
-5580
-6183
-6474
-6533
-6171
-5402
-4331
-3532
-2668
-1765
-1001
-628
-515
-507
-617
-977
-1402
-1789
-2073
-2234
-2046
-1530
-914
-242
333
930
1467
2012
2421
2622
2538
2572
2670
2598
2534
2485
2458
2585
2882
3293
3755
3970
4036
4194
4357
4379
4394
4427
4312
4097
3974
3964
3903
3919
3972
3931
3709
3634
3638
3566
3362
2941
2707
2690
2572
2469
2480
2459
2472
2574
2556
2701
2854
2771
2666
2469
2112
1581
966
588
553
882
1857
3182
4543
5539
6094
6246
5839
5051
4057
2705
1333
200
-713
-993
-685
35
1120
2272
3531
4610
5185
5049
4544
3954
2940
1662
329
-731
-1354
-1617
-1248
-505
542
1698
2533
3219
3663
3821
3358
2594
1667
583
-356
-1049
-1456
-1585
-1348
-792
-222
509
1257
1836
2363
2397
2236
1799
1124
461
-213
-938
-1575
-1907
-1860
-1593
-1163
-751
-409
-16
264
387
307
-83
-432
-913
-1330
-1521
-1848
-2203
-2177
-2001
-1724
-1347
-991
-761
-664
-672
-667
-891
-1331
-1602
-1813
-2078
-2111
-2016
-1944
-1605
-1162
-911
-871
-917
-742
-616
-529
-480
-605
-960
-1761
-2624
-3582
-4388
-4855
-5414
-5795
-5828
-5587
-5035
-4459
-3563
-2580
-1888
-1507
-1385
-1397
-1739
-2320
-2981
-3858
-4589
-5141
-5412
-5197
-4619
-3869
-3152
-2278
-1488
-919
-539
-470
-680
-842
-1209
-1664
-2096
-2541
-2894
-3060
-2974
-2543
-1654
-855
-52
479
945
1167
1162
1247
1293
1109
855
684
655
663
588
735
1158
1632
2107
2408
2606
2673
2728
2788
2756
2612
2311
2339
2377
2250
2212
2279
2480
2471
2527
2435
2247
2032
1971
1847
1652
1606
1520
1415
1492
1551
1544
1682
1655
1626
1723
1993
1911
1457
895
403
-65
-362
-89
757
2057
3462
4697
5623
5891
5471
4636
3411
2144
676
-550
-1326
-1937
-1936
-1420
-322
1180
2551
3544
4088
4182
3884
3127
2091
724
-610
-1764
-2565
-2883
-2796
-2175
-1307
-342
569
1384
2027
2364
2186
1545
718
-303
-1519
-2492
-3100
-3470
-3443
-2945
-1993
-979
-207
514
1012
1203
1047
764
214
-691
-1498
-2149
-2577
-2851
-2947
-2881
-2470
-1942
-1421
-917
-579
-327
-253
-514
-884
-1189
-1454
-1830
-2271
-2279
-2272
-2324
-1915
-1415
-1147
-906
-673
-491
-406
-643
-1112
-1376
-1512
-1637
-1628
-1558
-1568
-1477
-1280
-1067
-815
-678
-584
-458
-606
-598
-517
-827
-1231
-1946
-2660
-3591
-4568
-5327
-5653
-5735
-5597
-5258
-4622
-3729
-2723
-1866
-1246
-896
-953
-1347
-1956
-2686
-3424
-4052
-4696
-5151
-5242
-4866
-4145
-3112
-2139
-1495
-958
-380
78
106
-101
-445
-1035
-1539
-1973
-2320
-2286
-2077
-1680
-1124
-328
412
940
1497
2065
2465
2476
2323
2267
2173
2136
2192
2402
2551
2648
2830
3283
3746
3985
4194
4369
4536
4519
4413
4326
4280
4242
4182
4271
4316
4345
4429
4323
4408
4502
4339
4130
3979
3904
3629
3396
3369
3458
3390
3300
3324
3369
3422
3560
3650
3712
3668
3424
3120
2578
1887
1426
1535
2301
3407
4837
6159
7055
7455
7220
6475
5484
4085
2731
1528
539
-63
-38
471
1369
2459
3656
4824
5620
5914
5629
4993
4145
3004
1737
585
-163
-698
-851
-340
461
1446
2529
3345
3819
4130
4101
3653
2859
1806
801
-108
-618
-896
-788
-490
71
769
1622
2414
2885
3197
3206
2802
2069
1508
959
298
-265
-585
-692
-748
-535
-77
500
1100
1480
1495
1502
1302
1002
719
274
-316
-600
-650
-687
-600
-349
-137
199
502
755
811
826
692
392
65
-168
-318
-406
-445
-449
-336
-109
279
477
429
624
773
725
569
482
340
-88
-782
-1617
-2419
-3220
-4028
-4545
-4698
-4581
-4310
-3841
-2960
-2021
-1375
-788
-385
-212
-475
-932
-1571
-2239
-3084
-3834
-4305
-4483
-4300
-3720
-2816
-1826
-1008
-265
362
745
849
619
257
-61
-541
-1138
-1576
-1779
-1789
-1543
-852
-204
380
858
1444
2030
2151
1915
1724
1657
1378
1195
1228
1470
1639
1884
2204
2439
2658
2606
2158
1565
917
445
141
-58
263
942
1733
2597
3325
3810
3938
3836
3449
2768
1952
984
213
50
380
952
1918
3062
4343
5493
6346
6800
6842
6476
5802
4847
3931
3436
2862
2290
2126
2660
3589
5090
6929
8564
9471
9787
9687
8963
7625
6059
4383
2706
1321
345
-7
332
1202
2175
3307
4486
5393
5943
5832
5036
3987
2791
1450
117
-1091
-1854
-2176
-2094
-1475
-637
455
1473
1972
2143
2323
2238
1727
797
-261
-1316
-2392
-3333
-3700
-3596
-3232
-2551
-1637
-863
-322
209
595
588
196
-328
-873
-1562
-2234
-2709
-2930
-2786
-2409
-1775
-1060
-475
-58
460
916
1165
1160
845
555
178
-111
-252
-137
40
482
1010
1297
1575
1866
1940
1869
1789
1680
1513
1035
675
620
601
648
745
724
953
1111
1128
1124
1075
979
1183
1176
1017
866
533
-55
-892
-1840
-2642
-3319
-4019
-4552
-4913
-4730
-4295
-3611
-2803
-1962
-1389
-1087
-894
-925
-1305
-1918
-2695
-3502
-4206
-4796
-5146
-5110
-4638
-3962
-3190
-2319
-1463
-925
-705
-711
-893
-1237
-1621
-2212
-2859
-3403
-3812
-3934
-3715
-3206
-2527
-1967
-1401
-947
-453
-38
160
120
-35
-312
-790
-1460
-1972
-2215
-2157
-1772
-1273
-714
-87
757
1382
1549
1619
1296
912
368
-162
-562
-978
-1143
-926
-595
-176
309
882
1337
1396
1251
974
481
-194
-994
-1753
-2452
-2813
-2826
-2632
-2059
-1383
-911
-649
-436
-477
-1097
-2145
-3201
-4336
-5296
-5481
-4942
-3659
-1933
-205
1131
1610
1344
700
-342
-1890
-3818
-5578
-6822
-7663
-7965
-7350
-6018
-4445
-2781
-1327
-149
427
621
80
-1189
-2547
-3968
-5308
-6329
-6731
-6418
-5566
-4450
-3132
-1700
-609
97
450
495
155
-460
-1435
-2571
-3524
-4248
-4638
-4482
-3755
-2624
-1562
-694
40
735
1198
1376
1156
585
-72
-685
-1282
-1726
-2046
-2189
-2029
-1528
-822
-188
315
656
857
689
448
256
-77
-575
-961
-1039
-1153
-1310
-1308
-1005
-587
-174
115
251
460
426
192
-118
-482
-617
-750
-919
-868
-620
-349
-22
335
602
724
775
1011
1275
1383
1300
963
542
-18
-822
-1621
-2159
-2571
-2972
-3067
-2911
-2381
-1561
-713
33
689
1494
2035
2147
1827
1200
652
129
-306
-592
-759
-596
-355
169
1026
2079
3077
3557
3912
4180
4241
4128
3688
3201
2552
2026
1869
1839
1914
2124
2444
2919
3405
3957
4329
4463
4390
4375
4301
3896
3318
2782
2680
2876
2823
2876
3207
3420
3668
3682
3627
3732
3902
3854
3747
3697
3595
3336
3061
3062
3185
3222
3297
3325
3279
3135
3010
2906
2811
2708
2583
2400
2230
2167
2254
2274
2192
2268
2399
2585
2631
2583
2607
2430
2045
1461
896
567
715
1540
2832
4242
5496
6434
6919
6913
6299
5278
4015
2772
1610
632
13
-132
159
1219
2648
3963
5204
5999
6194
5953
5293
4382
3330
2192
918
-49
-389
-268
161
995
2097
3110
3885
4480
4721
4487
4133
3474
2490
1467
746
187
-286
-376
-130
528
1305
2059
2846
3519
3833
3745
3593
3264
2564
1726
1071
485
-69
-226
7
372
817
1294
1821
2177
2247
2329
2318
2115
1740
1230
787
462
301
331
558
800
1191
1618
1706
1796
1896
1999
2254
2236
1768
1208
1115
1192
1333
1426
1425
1606
1857
2041
2378
2645
2805
2939
2944
2784
2386
1830
1307
691
102
-818
-1660
-2048
-2134
-1985
-1596
-1003
-321
446
1220
1891
2142
2137
2064
1757
1259
595
-221
-847
-1212
-1331
-1212
-786
110
841
1577
2277
2792
2917
2817
2533
2121
1584
1087
463
-115
-436
-536
-349
54
488
830
1279
1675
1967
2046
1952
1763
1445
1093
686
508
306
170
374
662
988
1206
1307
1284
1369
1517
1451
1228
1105
1149
1055
902
816
731
728
695
730
718
633
556
429
393
234
-17
-227
-327
-326
-398
-512
-488
-356
-303
-286
-309
-191
-56
-205
-605
-1216
-1847
-2295
-2517
-1956
-932
546
2060
3160
3770
3916
3564
2641
1290
-59
-1364
-2517
-3509
-3912
-3655
-2711
-1503
-125
1252
2208
2793
2979
2482
1444
204
-1218
-2442
-3437
-4111
-4282
-3900
-3049
-2081
-1164
-142
770
1282
1349
1034
465
-373
-1413
-2417
-3387
-3902
-3885
-3433
-2814
-2175
-1369
-371
435
902
1159
1169
596
-267
-982
-1672
-2306
-2784
-2863
-2650
-2371
-2128
-1457
-872
-416
-104
178
146
-72
-459
-964
-1340
-1677
-1887
-1925
-1716
-1419
-1216
-821
-314
-1
20
-14
1
-17
-254
-472
-657
-923
-947
-770
-455
-322
-89
284
552
772
774
805
990
1072
839
406
-159
-782
-1611
-2350
-2836
-3486
-3782
-3742
-3504
-3038
-2200
-1360
-511
78
534
910
883
641
33
-685
-1299
-1965
-2570
-2668
-2299
-1702
-1102
-339
515
1380
2132
2491
2503
2324
1829
1286
709
111
-441
-737
-824
-766
-505
102
824
1327
1807
2302
2503
2371
2023
1662
1328
1038
728
583
712
866
841
1036
1292
1559
1709
1901
2102
2070
1968
1808
1734
1674
1513
1354
1285
1410
1626
1804
1811
1783
1755
1622
1415
1238
1066
1053
953
811
791
856
742
732
869
993
978
800
686
732
866
729
482
442
771
1449
