-5190
-4726
-4341
-3913
-3598
-3688
-3889
-3951
-3964
-4209
-4539
-4641
-4631
-4444
-4188
-3911
-3759
-3686
-3474
-3309
-3212
-3138
-3026
-2883
-3132
-3516
-4083
-4991
-6044
-6939
-7703
-8227
-8451
-8419
-7935
-7199
-6516
-5724
-4708
-3972
-3519
-3340
-3386
-3570
-4294
-5127
-6002
-6720
-7268
-7482
-7175
-6435
-5503
-4463
-3475
-2639
-2116
-1919
-1909
-1952
-2421
-3086
-3724
-4429
-4925
-5007
-5093
-5107
-4747
-4182
-3532
-3141
-2663
-2393
-2435
-2816
-3477
-4261
-5121
-5576
-5591
-5307
-4493
-3291
-2085
-1197
-1054
-1659
-2712
-4197
-5981
-7883
-9646
-10941
-11565
-11432
-10507
-8999
-7468
-6008
-4962
-4346
-4514
-5509
-7082
-8942
-10740
-12144
-13030
-13111
-12110
-10409
-8107
-5485
-2791
-473
1011
1696
1563
869
-403
-1859
-3530
-5236
-6468
-6849
-6461
-5097
-2551
438
3219
5244
6353
6360
5413
3974
2046
-6
-2265
-4440
-5882
-6414
-6066
-5127
-3701
-1984
-468
418
650
85
-1162
-2820
-4699
-6600
-8413
-9715
-10618
-10736
-9939
-8451
-6809
-5444
-4421
-3770
-3516
-3838
-4514
-5676
-7391
-9281
-10993
-12112
-12406
-12223
-11569
-10501
-9225
-7853
-6576
-5610
-5125
-5173
-5636
-6442
-7449
-8701
-9995
-11248
-11879
-11989
-11552
-10840
-9713
-8533
-7258
-6069
-5237
-4479
-3886
-3656
-3601
-3867
-4154
-4149
-4071
-3750
-3355
-3059
-2581
-2095
-1655
-1136
-834
-674
-705
-905
-1127
-1448
-1821
-2272
-2380
-2306
-2246
-2100
-2044
-2145
-2249
-2449
-2533
-2705
-3119
-3425
-3550
-3949
-4408
-4825
-5442
-6188
-6606
-6887
-6994
-7034
-6832
-6549
-6019
-5287
-4463
-3837
-3415
-3240
-3497
-4082
-4784
-5739
-6760
-7692
-8287
-8665
-8901
-8737
-8074
-7234
-6487
-5685
-4914
-4219
-3970
-4156
-4304
-4531
-4913
-5404
-5696
-5744
-5472
-5000
-4297
-3433
-2538
-1511
-432
219
656
1017
1399
1682
1823
1701
1302
444
-467
-1356
-2505
-3393
-4164
-4402
-3496
-1811
138
1877
3517
5006
5624
5353
4450
3013
1082
-840
-2585
-3809
-4247
-3467
-2001
-23
2035
3741
5162
6139
6350
5737
4547
3183
1528
131
-954
-1626
-1473
-355
1376
3352
5141
6347
6973
7082
6788
6283
5841
5774
5999
6365
6614
6680
6638
6383
5903
5146
4203
2915
1630
773
248
-16
49
599
1661
2697
3543
4257
4741
4614
4012
3230
2253
958
-336
-1410
-2013
-2161
-1992
-1529
-788
-102
469
1100
1523
1539
1175
514
-313
-1233
-2159
-2931
-3552
-3925
-4188
-4264
-3903
-3528
-3312
-3167
-3207
-3381
-3594
-3770
-3886
-4045
-4370
-4641
-4859
-4641
-4253
-3898
-3564
-3377
-3159
-3107
-3097
-3124
-3383
-3694
-3914
-3944
-3801
-3969
-3936
-3622
-3211
-2669
-2124
-1620
-1257
-1073
-981
-1233
-1489
-1662
-2013
-2412
-2924
-3292
-3404
-3408
-3262
-3077
-2786
-2466
-1990
-1752
-1677
-1709
-1819
-2160
-2964
-3987
-5119
-6401
-7745
-8992
-9889
-10440
-10656
-10472
-9801
-8719
-7649
-6557
-5521
-4882
-4727
-5023
-5562
-6336
-7415
-8465
-9365
-9995
-10480
-10497
-9939
-8961
-8225
-7465
-6737
-6032
-5568
-5462
-5573
-5968
-6492
-7136
-7817
-8193
-8327
-8291
-7988
-7500
-6991
-6408
-5790
-5086
-4424
-3976
-3674
-3502
-3192
-3072
-2903
-2696
-2572
-2347
-2144
-1980
-1695
-1304
-1054
-769
-576
-559
-831
-832
-825
-1027
-1310
-1517
-1638
-1662
-1487
-1332
-1318
-1412
-1426
-1532
-1780
-1980
-2195
-2504
-2709
-3077
-3236
-3105
-3020
-2992
-2884
-2726
-2589
-2483
-2299
-2302
-2487
-2901
-3502
-4042
-4446
-4589
-4094
-3234
-2093
-901
47
755
619
-239
-1495
-2878
-4382
-6065
-7441
-8225
-8287
-7839
-7047
-5756
-4253
-2810
-1760
-1315
-1301
-2017
-3206
-4485
-5882
-7257
-8432
-9127
-9319
-8925
-7944
-6617
-5239
-3901
-2911
-2487
-2358
-2666
-3264
-4306
-5441
-6711
-7863
-8492
-8595
-8230
-7723
-6892
-5841
-4682
-3921
-3491
-3280
-3165
-3472
-4145
-4976
-5673
-6260
-6745
-6963
-6914
-6613
-6173
-5588
-5065
-4604
-4245
-4296
-4353
-4595
-5110
-5663
-6002
-6203
-6443
-6515
-6306
-6165
-6012
-5718
-5283
-4964
-4970
-5122
-5341
-5754
-6030
-6252
-6433
-6512
-6571
-6420
-6195
-5982
-5633
-5203
-4932
-4758
-4595
-4398
-4523
-4736
-4809
-5249
-6021
-6955
-7961
-8790
-9435
-9990
-10245
-10261
-9911
-9209
-8386
-7482
-6602
-5822
-5316
-4952
-4943
-5453
-6166
-6898
-7600
-8395
-9096
-9349
-9205
-8615
-7622
-6399
-5338
-4689
-4028
-3168
-2792
-2968
-3067
-3532
-4245
-4719
-5195
-5466
-5322
-5130
-4894
-4405
-3627
-2873
-2205
-1554
-1123
-915
-1006
-1058
-1044
-1069
-1142
-1080
-854
-587
-233
-99
195
620
974
1273
1485
1596
1697
1585
1578
1499
1420
1374
1401
1402
1345
1161
1094
1231
1161
1140
895
578
511
338
243
81
-74
11
106
195
311
444
675
816
820
725
426
-137
-733
-1122
-1150
-761
114
1471
2831
4155
5108
5263
5027
4191
2957
1537
122
-1012
-1858
-2407
-2304
-1772
-777
530
1936
2933
3543
3746
3414
2626
1557
247
-1174
-2359
-3043
-3373
-3350
-2766
-1592
-349
825
1758
2068
2131
1890
1367
637
-353
-1502
-2636
-3464
-3779
-3719
-3338
-2584
-1728
-802
102
648
891
719
262
-300
-941
-1727
-2430
-3101
-3721
-3835
-3509
-3140
-2772
-2283
-1793
-1442
-1163
-1071
-1140
-1463
-1999
-2503
-2825
-2974
-2967
-2884
-2683
-2621
-2378
-2016
-1734
-1686
-1637
-1613
-1827
-2018
-2242
-2523
-2784
-2901
-2890
-2798
-2471
-2240
-1988
-1817
-1686
-1530
-1410
-1321
-1451
-1705
-2040
-2594
-3431
-4380
-5266
-6097
-6895
-7360
-7403
-7169
-6631
-5867
-5256
-4545
-3672
-2983
-2664
-2651
-2932
-3628
-4526
-5194
-5997
-6667
-6973
-7060
-6636
-5957
-5181
-4228
-3216
-2488
-2075
-1918
-2000
-2145
-2529
-3201
-3850
-4269
-4484
-4537
-4351
-3844
-3335
-2754
-2102
-1309
-754
-419
-288
-270
-453
-654
-760
-933
-988
-909
-744
-507
-260
200
631
869
1110
1327
1590
1764
1797
1735
1577
1288
1126
1149
1047
931
1016
1147
1116
1101
1000
750
448
150
-36
-243
-269
-243
-240
-154
-207
-222
-183
-9
210
207
30
-268
-753
-1483
-2060
-2347
-2051
-1249
25
1478
2834
3724
4123
3927
3138
1959
633
-630
-1977
-3305
-4139
-4375
-3908
-2907
-1543
-113
1049
1815
2008
1787
1237
249
-1069
-2489
-3975
-5155
-5639
-5691
-5287
-4223
-3103
-1853
-885
-332
-102
-41
-398
-1200
-2306
-3320
-4440
-5382
-5739
-5863
-5537
-4646
-3569
-2798
-2203
-1510
-1206
-1296
-1585
-2024
-2727
-3511
-4260
-4990
-5475
-5557
-5278
-4807
-4461
-4246
-3884
-3440
-3053
-2948
-3117
-3489
-3865
-4343
-4876
-5248
-5340
-5213
-5033
-4858
-4663
-4221
-3817
-3640
-3519
-3522
-3824
-4139
-4336
-4403
-4525
-4910
-5077
-4942
-4745
-4365
-4018
-4008
-4058
-3883
-3627
-3573
-3656
-3788
-3986
-4508
-5262
-6180
-7092
-7980
-8722
-9154
-9326
-9317
-9079
-8280
-7266
-6284
-5516
-4989
-4566
-4282
-4285
-4874
-5739
-6640
-7286
-8034
-8784
-9022
-8707
-7912
-6980
-5837
-4778
-3830
-3175
-2972
-2886
-2974
-3215
-3610
-4208
-4804
-5266
-5361
-5266
-4921
-4297
-3534
-2870
-2198
-1601
-1153
-856
-663
-559
-607
-810
-1026
-1153
-1183
-1133
-940
-582
-327
58
609
931
1133
1250
1481
1668
1499
1209
1111
1081
940
1057
1326
1409
1315
1286
1284
1233
1120
810
534
490
477
358
230
148
137
40
182
542
668
600
483
562
544
122
-629
-1555
-2450
-3045
-3205
-2708
-1642
-254
943
1549
1814
1641
964
133
-587
-1261
-1871
-2254
-2417
-2196
-1449
-450
595
1598
2184
2227
1976
1354
377
-466
-1266
-2146
-2934
-3523
-3527
-2765
-1561
-466
489
1508
2106
2280
2302
2028
1211
347
-622
-1592
-2361
-2628
-2586
-2191
-1351
-520
352
1368
1944
2069
2149
2006
1516
873
143
-499
-1299
-1769
-1828
-1723
-1458
-909
-202
303
648
1057
1210
934
313
-142
-605
-1242
-1735
-2130
-2331
-2348
-2403
-2317
-2060
-1743
-1539
-1507
-1637
-1876
-2064
-2143
-2473
-2825
-3205
-3496
-3518
-3442
-3305
-3004
-2706
-2661
-2662
-2536
-2502
-2583
-2708
-2997
-3295
-3730
-4354
-5235
-6208
-7108
-7784
-8031
-7973
-7596
-7076
-6391
-5609
-4643
-3714
-3133
-2937
-3272
-3613
-4052
-4870
-5770
-6331
-6565
-6762
-6690
-6125
-5123
-4142
-3013
-2124
-1451
-933
-681
-725
-844
-1208
-1719
-2140
-2530
-2700
-2538
-2305
-1807
-1095
-416
274
968
1515
1772
1830
1774
1636
1604
1504
1341
1023
825
1055
1438
1764
1966
2104
2441
2746
2771
2830
2904
2861
2888
2726
2391
2381
2435
2402
2258
2264
2333
2253
2107
2051
1854
1662
1416
1182
1052
1037
966
909
978
1051
937
861
1024
1219
1238
1245
1085
767
713
1040
1671
2543
3832
5443
6720
7546
7850
7543
6497
5000
3206
1045
-1147
-2792
-3869
-4363
-4004
-2846
-1037
1234
3463
5204
6176
6323
5921
4802
3230
1338
-744
-2621
-3887
-4557
-4610
-3888
-2608
-1132
252
1372
1904
2280
2202
1427
325
-1074
-2482
-3733
-4785
-5441
-5512
-5240
-4561
-3553
-2343
-1498
-779
-157
-2
-386
-1096
-1814
-2621
-3522
-4258
-4838
-5212
-5186
-4993
-4714
-4412
-4111
-3882
-3645
-3529
-3519
-3600
-3849
-4026
-4023
-4184
-4196
-4000
-3616
-3152
-2743
-2256
-2008
-1871
-1979
-2097
-2210
-2396
-2634
-2871
-2995
-2990
-2814
-2624
-2316
-1861
-1442
-1056
-944
-915
-680
-518
-540
-745
-1379
-2168
-3028
-4040
-4997
-5815
-6368
-6662
-6521
-6319
-5972
-5172
-4252
-3367
-2521
-2151
-1981
-1933
-2224
-2965
-3933
-4939
-5844
-6527
-6932
-7048
-6915
-6321
-5492
-4537
-3719
-3052
-2446
-1967
-1884
-2245
-2769
-3448
-4134
-4689
-5044
-5204
-5149
-4793
-4190
-3535
-2980
-2435
-2057
-1550
-1166
-1085
-1087
-1199
-1178
-1122
-1264
-1232
-1086
-788
-423
-97
99
433
788
1094
1300
1414
1433
1517
1599
1464
1403
1621
1728
1652
1594
1602
1581
1342
1421
1583
1508
1271
1150
1074
971
910
878
772
915
1185
1268
1201
1186
1361
1369
1286
906
121
-892
-1504
-1638
-1445
-808
288
1440
2332
2695
2573
1997
1051
-98
-1291
-2378
-3137
-3507
-3514
-2928
-1860
-507
896
2199
3057
3210
2768
2058
984
-528
-2140
-3523
-4742
-5450
-5393
-4638
-3478
-2092
-791
355
1154
1546
1709
1459
788
-277
-1406
-2318
-2906
-3233
-3223
-2870
-2154
-1109
12
935
1552
1785
1807
1642
1345
737
16
-682
-1360
-1919
-2059
-2076
-1695
-1088
-534
22
427
782
932
821
885
631
22
-456
-878
-1210
-1253
-1086
-901
-815
-886
-887
-775
-734
-785
-986
-1244
-1567
-2004
-2335
-2343
-2404
-2560
-2559
-2184
-1848
-1839
-1888
-1784
-1567
-1489
-1500
-1796
-2354
-2943
-3682
-4675
-5639
-6365
-6914
-7429
-7726
-7692
-7276
-6728
-6092
-5059
-4093
-3522
-3128
-2856
-2850
-3345
-4130
-4992
-5900
-6424
-6648
-6491
-6028
-5391
-4568
-3674
-2708
-1711
-880
-432
-268
-310
-717
-1323
-1771
-2073
-2231
-2413
-2388
-2053
-1528
-757
78
855
1583
2091
2336
2523
2604
2560
2424
2206
2010
2002
2055
2211
2456
2741
3118
3624
3981
4119
4157
4310
4330
4131
4003
3963
3846
3665
3574
3611
3484
3504
3467
3287
3237
3240
3164
2812
2513
2312
2204
2091
1913
2008
1997
1974
2130
2189
2139
2024
1923
1961
1703
1029
252
-153
-84
374
1428
3057
4688
5715
6153
6066
5585
4656
3317
1954
788
-278
-1201
-1389
-1212
-356
1020
2276
3550
4616
5163
5330
4901
4044
2805
1410
185
-796
-1410
-1702
-1579
-789
515
1685
2555
3272
3790
3792
3239
2437
1424
589
-256
-1202
-1722
-1814
-1696
-1246
-487
504
1362
2022
2382
2274
2057
1714
1148
292
-497
-1113
-1732
-2032
-2017
-1760
-1473
-1116
-657
-250
107
269
160
-112
-638
-1179
-1571
-1798
-1941
-2035
-2128
-2002
-1586
-1182
-878
-657
-637
-634
-616
-862
-1249
-1629
-1859
-1885
-1918
-1903
-1750
-1435
-1245
-1068
-975
-798
-559
-310
-207
-347
-716
-1115
-1746
-2615
-3497
-4276
-5087
-5807
-6188
-6228
-5824
-5214
-4411
-3484
-2605
-1898
-1273
-1030
-1221
-1646
-2349
-3121
-3996
-4813
-5244
-5384
-5116
-4612
-3911
-3030
-2046
-1273
-712
-259
-126
-359
-708
-1081
-1572
-2012
-2385
-2513
-2550
-2301
-1879
-1281
-660
-25
510
991
1355
1445
1529
1500
1422
1204
885
761
940
1163
1386
1602
1988
2517
3065
3254
3230
3139
3090
3129
3144
3074
2894
2761
2590
2652
2863
2942
3051
3136
2976
2832
2649
2472
2302
2192
1992
1762
1686
1805
1996
2060
2161
2363
2526
2476
2392
2320
2178
1652
839
309
310
720
1521
2802
4237
5555
6214
6294
5926
5141
3972
2613
1318
119
-788
-1259
-1324
-874
164
1488
2897
4065
4650
4625
4287
3575
2550
1305
-33
-1161
-2045
-2566
-2381
-1887
-917
207
1337
2122
2554
2706
2654
2187
1218
125
-1044
-1914
-2477
-2798
-2764
-2279
-1470
-626
114
827
1383
1496
1403
1189
702
-70
-952
-1679
-2119
-2306
-2268
-2135
-1878
-1438
-979
-539
-87
124
-65
-379
-646
-982
-1546
-1735
-1868
-2092
-2206
-1995
-1766
-1377
-946
-610
-568
-531
-468
-672
-943
-1256
-1358
-1462
-1655
-1752
-1578
-1463
-1343
-1002
-735
-670
-607
-506
-349
-349
-545
-964
-1402
-2054
-3108
-4190
-4969
-5684
-6144
-6197
-5924
-5512
-4964
-4193
-3308
-2450
-1801
-1442
-1460
-1744
-2344
-3229
-4055
-4777
-5234
-5492
-5578
-5323
-4586
-3743
-2910
-1994
-967
-444
-282
-276
-513
-880
-1238
-1707
-2386
-2834
-2886
-2744
-2193
-1586
-1036
-501
258
890
1279
1622
1727
1846
1864
1578
1362
1135
1182
1445
1674
2010
2337
2665
2958
3302
3596
3668
3638
3628
3567
3237
2941
2911
2969
3033
2966
2878
2900
3058
3049
2889
2738
2628
2476
2345
2204
2111
2011
1964
1981
2082
2171
2208
2274
2206
2130
2184
2012
1648
964
491
375
573
1266
2465
3837
5054
5909
6255
6041
5315
4180
3056
1862
577
-679
-1369
-1293
-700
334
1561
2853
4023
4827
5164
4800
4059
3108
2008
720
-593
-1511
-2088
-2171
-1677
-717
573
1592
2252
2794
3075
3066
2712
2069
1207
300
-850
-1711
-2367
-2463
-1969
-1176
-102
792
1546
1973
2138
2088
1829
1334
682
-47
-654
-1108
-1489
-1711
-1707
-1441
-988
-560
71
578
716
770
568
250
31
-401
-801
-1060
-1190
-1229
-1072
-744
-358
-58
192
305
367
305
220
47
-342
-617
-739
-758
-724
-662
-501
-198
-14
41
153
435
747
879
689
228
-133
-513
-1087
-1845
-2624
-3402
-4177
-4618
-4618
-4721
-4556
-4057
-3341
-2476
-1456
-766
-340
-307
-607
-1091
-1687
-2277
-2899
-3541
-4052
-4220
-3918
-3490
-2806
-1966
-969
50
785
1070
1095
888
524
-16
-554
-955
-1395
-1701
-1480
-969
-540
65
692
1263
1826
2207
2344
2430
2286
1982
1601
1449
1489
1622
2057
2458
2830
3109
3112
3027
2741
2096
1399
953
753
765
969
1486
2191
3094
3876
4298
4361
4138
3724
3079
2176
1291
656
409
671
1287
2257
3517
4762
5812
6633
7187
7257
6760
5997
5283
4516
3707
3041
2652
2574
2983
4074
5488
7051
8637
9801
10419
10240
9419
8237
6712
5031
3344
1984
1227
952
1138
1750
2742
4046
5139
5988
6340
6110
5561
4757
3603
2253
848
-405
-1185
-1380
-1093
-651
119
1142
1972
2559
2810
2841
2800
2283
1570
433
-843
-1875
-2529
-2891
-2812
-2311
-1570
-881
-293
280
864
1206
1223
874
397
-171
-907
-1444
-1790
-2147
-2395
-2117
-1664
-1029
-284
379
958
1281
1389
1411
1273
959
723
498
390
533
792
972
1115
1512
1819
2029
2194
2377
2430
2238
1987
1667
1318
940
732
711
775
885
1159
1382
1392
1509
1552
1504
1364
1160
890
637
339
-116
-884
-1744
-2631
-3631
-4264
-4563
-4701
-4393
-3920
-3286
-2457
-1854
-1401
-1106
-929
-959
-1391
-2076
-2903
-3774
-4476
-4923
-5156
-5228
-5066
-4479
-3497
-2625
-1911
-1292
-802
-705
-1056
-1474
-2076
-2686
-3250
-3761
-4003
-3985
-3807
-3454
-3016
-2532
-1826
-1040
-487
-150
101
175
-146
-675
-1135
-1642
-2245
-2534
-2318
-2005
-1594
-909
-178
513
1035
1302
1268
1072
821
422
-257
-963
-1314
-1396
-1301
-991
-609
-135
433
790
962
805
495
-83
-748
-1571
-2251
-2756
-3084
-3033
-2746
-2460
-2063
-1610
-1324
-1116
-1384
-1834
-2711
-3989
-5327
-5971
-5950
-5344
-3943
-2177
-676
491
1069
990
304
-1071
-2681
-4393
-6139
-7601
-8311
-8462
-7954
-6575
-4811
-2939
-1349
-263
238
0
-772
-1965
-3364
-4943
-6361
-7274
-7545
-7226
-6407
-5101
-3692
-2484
-1422
-395
124
132
-190
-885
-1922
-3118
-4190
-4846
-5108
-4841
-4129
-3108
-2174
-1177
-287
361
750
845
505
-63
-633
-1154
-1658
-2246
-2732
-2824
-2629
-2130
-1574
-943
-402
20
274
233
146
-93
-492
-911
-1238
-1567
-1760
-1719
-1571
-1226
-865
-476
-49
67
92
105
-83
-430
-808
-1089
-1180
-1414
-1403
-1060
-698
-334
18
158
160
326
559
756
954
968
497
25
-494
-1304
-2214
-2902
-3366
-3612
-3599
-3333
-2661
-2004
-1254
-300
539
1345
1886
1938
1639
1080
474
-101
-567
-1016
-1149
-972
-541
189
1097
2171
3133
3838
4189
4345
4328
3916
3495
2971
2291
1679
1281
1404
1705
2159
2557
2923
3352
3789
4213
4343
4452
4245
3972
3694
3327
3026
2817
2881
2822
2699
2868
3279
3546
3777
3899
3843
3783
3799
3708
3501
3345
3219
3112
2908
2823
2933
3027
3115
3087
2958
2882
2735
2523
2329
2251
2121
1809
1777
1849
1888
1865
1974
2139
2276
2313
2322
2318
2274
1997
1458
1026
593
567
1314
2691
4202
5509
6477
6814
6564
6026
5132
3894
2492
1313
403
-148
-258
160
1337
2648
3905
5048
5918
6171
5878
5342
4447
3189
1866
577
-186
-528
-445
155
1133
2137
3246
4193
4539
4795
4915
4596
3805
2794
1711
634
-186
-646
-612
-218
426
1221
2121
3013
3645
3990
3977
3734
3218
2511
1804
1145
519
127
-39
10
401
917
1382
1829
2187
2390
2450
2306
2093
1738
1325
1110
871
593
536
837
1128
1577
1923
2112
2266
2376
2431
2395
2320
1955
1586
1456
1438
1586
1728
1882
2085
2358
2585
2743
2833
2976
3174
3224
3070
2841
2456
1873
1056
118
-703
-1261
-1779
-1996
-1939
-1599
-1024
-370
449
1374
2074
2329
2268
2095
1795
1214
395
-278
-876
-1279
-1142
-857
-502
175
978
1821
2491
2843
3012
3040
2861
2340
1581
872
238
-238
-331
-199
-81
117
551
1059
1481
1712
1870
1989
2086
1895
1487
1107
770
517
358
318
320
414
568
883
1280
1523
1511
1499
1411
1268
1114
941
806
776
759
616
521
562
771
826
744
749
462
0
-245
-293
-281
-321
-485
-716
-747
-708
-739
-617
-442
-480
-561
-555
-677
-870
-1205
-1946
-2513
-2523
-1818
-787
493
2034
3305
3954
3978
3427
2405
1131
-251
-1612
-2910
-3700
-4002
-3862
-3142
-1692
-178
1010
1897
2401
2482
2024
899
-392
-1652
-2753
-3918
-4897
-5079
-4613
-3780
-2677
-1455
-240
626
1071
1071
868
341
-573
-1648
-2773
-3640
-4345
-4488
-4143
-3697
-2795
-1849
-1010
-115
421
603
458
25
-712
-1545
-2299
-2871
-3194
-3344
-3424
-3175
-2691
-2112
-1569
-1146
-775
-561
-701
-874
-1100
-1492
-1840
-2197
-2314
-2307
-2119
-1746
-1505
-1092
-750
-544
-532
-661
-620
-539
-768
-1163
-1380
-1284
-1116
-887
-701
-552
-324
-39
201
471
682
688
684
663
419
65
-523
-1297
-2049
-2913
-3791
-4290
-4426
-4337
-4179
-3720
-2846
-1952
-1012
-193
451
762
541
111
-507
-1191
-1896
-2500
-2867
-2912
-2719
-2288
-1627
-705
275
971
1482
1781
2053
1898
1386
947
432
-328
-1129
-1443
-1310
-1023
-806
-370
241
736
1205
1438
1642
1750
1635
1379
1116
821
576
352
162
141
277
552
844
1222
1506
1599
1630
1503
1443
1511
1417
1291
1050
904
999
1003
916
1056
1351
1379
1275
1163
1038
810
560
393
128
-9
53
127
217
276
408
493
545
444
370
356
228
117
-215
-350
135
982
