-5186
-4779
-4410
-4446
-4332
-3959
-4031
-4374
-4678
-4913
-5249
-5436
-5483
-5403
-5304
-5064
-4772
-4699
-4551
-4319
-4170
-3888
-3717
-3800
-4108
-4606
-5201
-5814
-6670
-7538
-8176
-8657
-9054
-9069
-8944
-8463
-7542
-6543
-5516
-4667
-4140
-3838
-3719
-4109
-4849
-5658
-6577
-7144
-7321
-7300
-7075
-6408
-5426
-4323
-3338
-2511
-1920
-1583
-1536
-1716
-2202
-2895
-3516
-4190
-4751
-5008
-4984
-4695
-4218
-3560
-2892
-2445
-2243
-2070
-2108
-2456
-2963
-3760
-4686
-5135
-5257
-5106
-4528
-3472
-2096
-1136
-930
-1331
-2460
-4128
-6059
-7908
-9744
-11379
-12084
-11841
-10842
-9462
-7814
-6273
-5177
-4858
-5186
-6076
-7522
-9200
-11013
-12413
-13203
-13261
-12482
-10850
-8462
-5770
-3148
-1092
259
898
913
191
-1024
-2392
-3819
-5261
-6219
-6038
-4729
-2582
81
3123
5765
7400
8092
7849
6672
4541
1988
-783
-3593
-6070
-7580
-7911
-7340
-5907
-3770
-1453
533
1879
2463
2177
1105
-767
-3197
-5642
-7982
-9821
-10926
-11099
-10397
-9138
-7359
-5761
-4290
-3308
-3057
-3545
-4538
-5685
-7327
-9270
-10981
-12239
-12942
-13052
-12540
-11578
-10420
-9187
-7972
-6836
-6052
-5849
-6019
-6718
-7939
-9260
-10472
-11462
-12063
-12425
-12237
-11822
-10948
-9751
-8490
-7330
-6531
-5957
-5481
-5161
-4867
-4844
-4858
-4788
-4708
-4314
-3876
-3375
-2562
-1805
-1139
-945
-956
-954
-1071
-1152
-1214
-1513
-1947
-2076
-1884
-1720
-1604
-1436
-1367
-1400
-1459
-1572
-1774
-1894
-1973
-2166
-2540
-2915
-3374
-4093
-4767
-5480
-5925
-6187
-6191
-5942
-5789
-5481
-4893
-4090
-3381
-2725
-2499
-2461
-2679
-3407
-4443
-5417
-6262
-7050
-7998
-8658
-8705
-8175
-7531
-6740
-6108
-5491
-4977
-4487
-4310
-4386
-4622
-5016
-5534
-6083
-6352
-6476
-6295
-5775
-4762
-3882
-3036
-2114
-1301
-600
-87
275
617
813
825
656
371
-305
-1150
-2053
-3087
-4141
-4841
-4883
-4024
-2357
-402
1374
2983
4206
4810
4649
3848
2364
555
-1095
-2656
-3713
-3840
-3138
-1591
337
2402
4251
5571
6234
6274
5811
4666
3124
1482
-20
-962
-1264
-836
319
1869
3737
5705
7099
7812
8063
8171
8247
8432
8564
8628
8504
8165
7783
7188
6300
5327
4315
3129
2009
1002
-4
-497
-515
-50
913
2033
3289
4258
4864
5052
4760
4228
3226
1997
695
-431
-1442
-2285
-2520
-2413
-1976
-1302
-710
-275
196
405
166
-377
-1094
-1985
-2847
-3659
-4296
-4978
-5410
-5485
-5267
-4925
-4667
-4543
-4406
-4307
-4285
-4366
-4565
-4866
-5109
-5288
-5190
-5074
-5062
-4901
-4607
-4308
-4068
-4148
-4261
-4388
-4552
-4877
-5007
-4967
-4792
-4580
-4189
-3735
-3426
-2953
-2415
-1789
-1271
-985
-852
-867
-995
-1495
-2018
-2308
-2504
-2658
-2806
-3062
-3096
-2901
-2464
-2191
-1961
-1654
-1456
-1286
-1160
-1345
-1716
-2345
-3391
-4609
-6122
-7624
-8654
-9554
-10177
-10267
-9935
-9174
-8292
-7288
-6313
-5581
-4997
-4764
-4851
-5292
-5972
-7003
-8153
-9270
-10088
-10361
-10356
-10007
-9370
-8539
-7696
-6990
-6303
-5898
-5832
-6112
-6631
-6882
-7285
-7853
-8300
-8614
-8670
-8617
-8228
-7721
-6926
-6000
-5407
-4911
-4278
-3750
-3531
-3450
-3464
-3366
-3207
-2969
-2582
-2226
-1863
-1465
-1095
-637
-455
-466
-484
-583
-698
-955
-1032
-1122
-1211
-1299
-1349
-1296
-1272
-1150
-1043
-1102
-1081
-1156
-1424
-1823
-2079
-2254
-2500
-2601
-2649
-2756
-2708
-2514
-2424
-2297
-2139
-1999
-1778
-1796
-2152
-2751
-3423
-3918
-4063
-3746
-2857
-1578
-298
664
1128
909
179
-994
-2543
-4341
-5666
-6796
-7556
-7837
-7662
-6943
-5749
-4248
-2818
-1896
-1480
-1516
-2143
-3166
-4637
-6226
-7639
-8790
-9412
-9246
-8628
-7842
-6794
-5613
-4351
-3288
-2671
-2538
-2843
-3521
-4604
-5777
-7016
-7945
-8533
-8622
-8363
-7842
-6980
-6056
-5014
-4274
-3608
-3187
-3215
-3667
-4278
-4831
-5422
-6138
-6587
-6918
-6907
-6736
-6247
-5607
-5011
-4591
-4364
-4325
-4311
-4574
-4971
-5549
-6139
-6525
-6627
-6524
-6297
-6099
-6055
-5849
-5377
-5318
-5387
-5455
-5571
-5833
-6058
-6451
-6671
-6778
-6900
-6961
-6752
-6381
-5966
-5645
-5451
-5150
-5029
-5129
-5259
-5254
-5457
-6046
-6772
-7595
-8550
-9470
-10275
-10881
-11279
-11114
-10636
-9948
-9178
-8197
-7315
-6544
-5794
-5389
-5529
-6104
-6742
-7377
-8232
-9137
-9585
-9590
-9212
-8683
-7897
-6966
-6087
-5175
-4430
-3688
-3338
-3375
-3678
-4089
-4609
-5135
-5532
-5675
-5680
-5564
-4974
-4414
-3703
-2963
-2209
-1613
-1265
-989
-1002
-1046
-1126
-1242
-1176
-1028
-997
-918
-611
-282
16
378
638
817
1037
1217
1268
1337
1360
1291
1237
1286
1288
1168
989
1029
1127
1062
881
638
399
139
-31
-120
-354
-486
-491
-420
-256
-26
150
350
398
429
434
301
247
-165
-870
-1431
-1439
-1071
-197
1281
2717
4000
4547
4733
4729
4030
2776
1256
-291
-1463
-2383
-2903
-2789
-2383
-1484
-34
1576
2705
3245
3375
3050
2296
1150
-170
-1389
-2585
-3561
-3872
-3662
-2973
-1884
-697
254
917
1577
1925
1769
1120
91
-972
-2097
-3198
-4001
-4265
-4178
-3700
-2879
-1803
-833
-163
266
516
435
-40
-751
-1656
-2420
-3065
-3553
-3808
-3928
-3729
-3391
-2904
-2422
-2109
-1803
-1430
-1446
-1776
-2117
-2504
-3008
-3433
-3660
-3619
-3596
-3379
-3119
-2801
-2412
-2113
-1996
-2089
-2134
-2014
-2282
-2695
-3025
-3344
-3372
-3295
-3090
-2906
-2632
-2384
-2261
-2091
-2012
-2012
-1951
-1855
-1961
-2329
-3082
-3891
-4675
-5642
-6701
-7684
-7988
-7682
-7372
-6886
-6218
-5477
-4561
-3717
-3111
-2841
-2947
-3344
-3984
-4817
-5879
-6766
-7146
-7283
-7173
-6756
-6090
-5372
-4472
-3515
-2592
-2075
-2041
-2062
-2308
-2859
-3445
-3857
-4180
-4515
-4609
-4483
-4186
-3586
-2950
-2250
-1614
-1126
-612
-217
-231
-363
-462
-686
-848
-1103
-1172
-1229
-1173
-759
-224
289
689
878
1145
1421
1488
1470
1410
1268
1198
1193
1123
994
962
934
880
791
778
774
695
519
220
103
87
-194
-421
-378
-281
-211
-152
-22
82
-96
-266
-257
-236
-570
-1208
-1818
-2309
-2156
-1366
-24
1464
2837
3853
4122
3897
3237
2196
765
-734
-2170
-3408
-4126
-4266
-3849
-2881
-1693
-218
1025
1736
2135
1853
1147
80
-1286
-2603
-3994
-5277
-5777
-5734
-5328
-4448
-3267
-1883
-768
-52
287
120
-574
-1350
-2248
-3386
-4485
-5317
-5815
-5968
-5634
-4938
-3915
-2817
-1987
-1531
-1380
-1192
-1378
-1997
-2755
-3671
-4565
-5225
-5498
-5655
-5685
-5364
-4930
-4262
-3663
-3209
-2916
-2783
-2917
-3202
-3807
-4217
-4521
-4864
-4996
-4853
-4622
-4574
-4498
-4285
-3765
-3415
-3377
-3566
-3644
-3809
-4287
-4611
-4731
-4825
-4995
-4939
-4656
-4525
-4433
-4175
-3904
-3697
-3545
-3500
-3418
-3445
-3852
-4398
-5259
-6014
-6930
-7985
-8754
-8952
-8962
-8847
-8592
-8036
-7265
-6312
-5569
-5019
-4516
-4217
-4436
-4864
-5583
-6379
-7202
-7950
-8341
-8538
-8176
-7492
-6632
-5824
-4887
-3952
-3304
-2951
-2927
-2985
-3258
-3752
-4401
-5002
-5248
-5442
-5466
-5166
-4469
-3706
-2953
-2239
-1683
-1261
-796
-579
-658
-749
-970
-1138
-1287
-1289
-1164
-932
-740
-596
-33
588
922
1126
1357
1442
1489
1389
1161
1113
1143
1119
1136
1209
1279
1216
1119
1062
1137
807
538
576
590
410
343
234
134
219
365
369
339
420
738
790
518
186
-132
-627
-1184
-1701
-2011
-1566
-657
630
2024
3278
3986
3913
3463
2676
1611
321
-1126
-2178
-2923
-3148
-2790
-1916
-541
744
1813
2590
2929
2863
2358
1512
383
-928
-2149
-3097
-3739
-3889
-3456
-2616
-1517
-376
584
1335
1780
1905
1592
915
-62
-1173
-2180
-2896
-3266
-3398
-3312
-2639
-1734
-918
-148
576
1020
1185
933
465
-123
-965
-1741
-2211
-2681
-2911
-2949
-2724
-2437
-2033
-1446
-850
-442
-388
-591
-872
-1284
-1724
-2043
-2266
-2475
-2623
-2748
-2742
-2495
-2090
-1671
-1376
-1332
-1358
-1392
-1631
-1968
-2237
-2436
-2643
-2515
-2446
-2407
-2166
-2126
-1974
-1815
-1756
-1707
-1514
-1425
-1530
-1954
-2396
-2918
-3646
-4585
-5448
-6117
-6758
-7280
-7536
-7141
-6335
-5404
-4464
-3565
-3000
-2671
-2488
-2463
-2828
-3441
-4277
-5134
-5882
-6307
-6366
-6097
-5488
-4904
-4055
-3252
-2329
-1490
-1042
-858
-1021
-1389
-1696
-2038
-2494
-3138
-3523
-3410
-3067
-2446
-1924
-1325
-564
209
762
1042
1218
1383
1350
995
759
506
492
696
807
1042
1276
1643
2070
2417
2670
2779
2772
2818
2843
2868
2853
2706
2442
2324
2370
2432
2299
2258
2302
2343
2218
2064
1872
1738
1516
1419
1412
1361
1224
1315
1425
1489
1556
1615
1676
1644
1504
1244
793
311
58
158
846
1904
3180
4562
5679
6365
6322
5783
4647
3266
1848
337
-1091
-2226
-2741
-2633
-2002
-802
793
2457
3748
4591
4748
4222
3335
2223
762
-866
-2321
-3467
-3965
-3784
-3022
-1983
-854
344
1327
1864
2015
1941
1430
444
-770
-2050
-3201
-3981
-4211
-4145
-3724
-2828
-1796
-851
-162
264
452
339
53
-438
-1156
-2049
-2917
-3526
-3895
-4037
-3805
-3399
-3089
-2836
-2500
-2089
-1839
-1861
-1931
-2166
-2499
-2873
-3289
-3539
-3593
-3569
-3286
-2855
-2422
-1974
-1594
-1476
-1548
-1595
-1686
-2035
-2270
-2507
-2765
-2924
-2800
-2744
-2679
-2475
-1976
-1574
-1427
-1461
-1414
-1244
-1316
-1746
-2246
-2782
-3723
-4853
-5682
-6452
-6937
-7056
-7156
-7058
-6586
-5939
-5073
-4119
-3272
-2677
-2360
-2364
-2712
-3308
-4163
-4939
-5811
-6571
-6938
-6928
-6407
-5677
-4924
-4078
-3346
-2642
-2057
-1773
-1790
-2124
-2447
-2987
-3653
-4187
-4563
-4668
-4619
-4144
-3522
-2862
-2264
-1691
-946
-404
-223
-282
-217
-92
-377
-628
-607
-536
-404
-214
153
630
1091
1486
1764
1855
1928
2000
2019
1953
1905
1927
1795
1757
1805
1822
1769
1663
1596
1571
1601
1621
1374
1226
1263
1181
919
890
840
846
868
1016
1393
1481
1293
1296
1257
1066
742
199
-386
-851
-1002
-435
651
2024
3261
4319
4668
4310
3754
2763
1438
5
-1401
-2352
-2876
-2915
-2477
-1552
-194
1287
2541
3355
3758
3702
2908
1697
296
-1149
-2485
-3697
-4197
-4005
-3396
-2382
-1135
-83
628
1417
2093
2033
1502
703
-245
-1356
-2418
-3119
-3390
-3323
-3044
-2430
-1652
-745
59
576
1033
1193
1168
822
78
-885
-1575
-2290
-2730
-2790
-2697
-2359
-1845
-1247
-886
-603
-177
72
-54
-457
-852
-1261
-1814
-2115
-2257
-2252
-1975
-1834
-1869
-1561
-1273
-1009
-743
-628
-670
-1055
-1499
-1823
-2001
-2025
-2085
-1952
-1765
-1764
-1649
-1370
-1245
-1154
-1044
-1045
-1078
-1255
-1622
-2186
-2865
-3485
-4348
-5176
-5972
-6369
-6640
-6653
-6290
-5681
-4894
-3970
-3132
-2425
-2070
-2109
-2332
-2831
-3536
-4207
-4850
-5480
-6005
-6196
-5892
-5150
-4249
-3214
-2243
-1443
-829
-458
-253
-412
-826
-1228
-1636
-2144
-2416
-2611
-2639
-2330
-1865
-1340
-597
236
943
1369
1590
1869
2039
1998
1827
1542
1272
1278
1467
1700
1867
2180
2697
3154
3500
3772
3949
3899
3732
3656
3501
3476
3473
3449
3512
3398
3157
3195
3202
3139
3027
3028
2816
2599
2418
2168
2067
2147
2176
2197
2145
2091
2285
2243
2127
2164
2233
2143
1826
1180
536
169
221
802
1993
3268
4629
5746
6484
6490
5829
4867
3798
2433
1006
-173
-920
-1274
-1045
-292
829
2200
3492
4414
4810
4867
4238
3299
2329
1146
-178
-1197
-1841
-2153
-2025
-1396
-376
924
2133
2798
3164
3133
2795
2076
1304
411
-701
-1701
-2385
-2500
-2166
-1423
-489
444
1119
1722
2254
2298
1998
1436
654
-91
-856
-1561
-2016
-2369
-2489
-2180
-1810
-1206
-716
-433
-268
-201
-201
-288
-673
-1228
-1596
-1872
-1987
-2082
-2137
-1895
-1508
-1199
-899
-640
-596
-566
-671
-936
-974
-1168
-1561
-1841
-1934
-1895
-1662
-1487
-1257
-1046
-838
-832
-807
-662
-603
-633
-965
-1526
-2115
-2946
-3903
-4836
-5416
-5856
-6469
-6515
-6032
-5433
-4743
-3918
-3012
-2222
-1624
-1285
-1445
-1897
-2727
-3594
-4389
-5070
-5559
-5842
-5640
-5000
-4221
-3494
-2717
-1650
-776
-302
-156
-426
-855
-1287
-1815
-2416
-2866
-2864
-2548
-2318
-2042
-1490
-782
8
597
966
1170
1339
1406
1317
1130
1007
789
618
800
1057
1316
1666
2004
2320
2498
2712
3099
3223
3230
3147
3046
2922
2760
2869
2917
2773
2633
2538
2543
2720
2724
2612
2399
2183
1884
1489
1532
1731
1846
1722
1678
1854
1879
1890
1964
2082
2267
2214
1808
1183
611
109
-86
318
1275
2581
3992
5222
6087
6461
6017
5019
3698
2316
1018
-64
-951
-1464
-1487
-897
78
1407
2798
3762
4327
4566
4215
3352
2173
977
-314
-1523
-2591
-2986
-2692
-1942
-858
163
1047
1854
2392
2480
2433
2080
1094
-56
-1217
-2211
-2864
-3165
-2911
-2367
-1744
-941
124
1100
1529
1585
1337
944
332
-395
-1084
-1639
-2132
-2404
-2477
-2377
-2091
-1566
-1046
-660
-324
-62
-94
-380
-654
-1098
-1577
-2031
-2237
-2355
-2307
-2095
-1816
-1417
-1150
-911
-697
-492
-367
-606
-905
-1229
-1477
-1880
-1918
-1681
-1507
-1393
-1255
-1172
-863
-666
-472
-362
-238
-149
-444
-1050
-1496
-2145
-3055
-4049
-4952
-5578
-6017
-6032
-5804
-5395
-4648
-3803
-3014
-2290
-1636
-1329
-1234
-1539
-2106
-2816
-3732
-4495
-5121
-5544
-5440
-5041
-4482
-3488
-2400
-1544
-877
-318
-29
-33
-169
-583
-1106
-1727
-2121
-2430
-2623
-2320
-1754
-1135
-574
-117
501
1044
1461
1919
2061
2041
2026
1825
1715
1682
1702
1829
2102
2592
2936
3125
3344
3555
3765
3997
4066
4173
4188
4154
3993
3785
3763
3727
3663
3560
3601
3666
3770
3729
3464
3226
3027
2825
2656
2620
2632
2662
2638
2730
2856
2954
2977
2847
2842
2882
2697
2042
1542
1124
875
1083
1949
3060
4267
5414
6443
6910
6584
5857
4809
3503
2327
1153
42
-689
-942
-644
373
1765
3118
4225
5018
5199
4901
4301
3418
2177
916
-323
-1151
-1632
-1705
-1177
-356
644
1667
2551
3247
3453
3324
2983
2409
1403
396
-613
-1379
-1881
-1890
-1415
-797
-109
695
1527
2164
2444
2394
2159
1606
891
207
-416
-934
-1406
-1672
-1677
-1291
-755
-255
59
435
682
701
535
366
144
-378
-853
-1224
-1280
-1218
-1118
-960
-764
-307
274
550
590
290
-9
-139
-373
-685
-1022
-1168
-1058
-920
-693
-533
-272
50
211
383
481
376
339
311
-86
-676
-1436
-2287
-3215
-3991
-4740
-5319
-5515
-5356
-5026
-4429
-3597
-2818
-1886
-1077
-614
-541
-891
-1381
-1941
-2788
-3427
-4060
-4389
-4583
-4504
-3971
-3203
-2276
-1254
-342
259
343
348
178
-121
-431
-1027
-1531
-1781
-1880
-1729
-1465
-989
-336
384
1140
1607
1971
2074
1978
1708
1517
1185
1029
1021
1179
1550
1985
2387
2635
2611
2449
2117
1637
1032
472
133
193
559
1159
1929
2862
3695
4136
4170
4023
3579
2643
1629
822
303
132
369
1177
2387
3529
4652
5664
6469
6926
6840
6269
5567
4762
3996
3368
2953
2620
2405
2615
3615
5170
6959
8538
9701
10213
9954
9132
7793
6240
4473
2881
1722
920
517
498
1238
2569
3818
5033
5843
5979
5767
5194
4249
3009
1747
458
-669
-1504
-1807
-1585
-1104
-415
546
1571
2296
2626
2672
2500
1950
1041
50
-853
-1837
-2771
-3214
-3353
-3110
-2380
-1564
-699
33
579
883
931
638
106
-515
-1188
-1710
-2214
-2573
-2750
-2556
-1718
-934
-299
187
645
1002
1117
983
720
487
281
131
213
302
433
669
865
1202
1634
1953
2017
2016
1893
1705
1501
1134
851
558
412
479
564
753
915
1033
1137
1108
920
796
735
762
769
507
94
-451
-1312
-2252
-3106
-3867
-4398
-4904
-5184
-4783
-4224
-3696
-2977
-2122
-1591
-1255
-1037
-1055
-1334
-2035
-2958
-3878
-4568
-5139
-5425
-5441
-4952
-4219
-3520
-2604
-1886
-1309
-1028
-911
-1140
-1480
-1965
-2456
-3109
-3788
-4244
-4153
-3679
-3136
-2789
-2346
-1744
-1093
-553
-241
-70
96
-102
-518
-983
-1412
-1904
-2397
-2570
-2214
-1503
-728
39
654
1153
1405
1401
1175
837
239
-411
-866
-1258
-1329
-1141
-866
-397
102
489
822
1030
856
387
-91
-724
-1552
-2345
-2883
-3099
-2987
-2848
-2452
-1761
-1192
-946
-1053
-1263
-1618
-2565
-3873
-5175
-5831
-5777
-5051
-3609
-1995
-338
865
1509
1271
332
-798
-2425
-4221
-5984
-7373
-8231
-8411
-7742
-6278
-4450
-2889
-1433
-365
265
30
-772
-1911
-3411
-4958
-6342
-7156
-7408
-7247
-6391
-5109
-3697
-2334
-1001
-212
117
128
-251
-1008
-2008
-3142
-4226
-4830
-4973
-4718
-4096
-3176
-2195
-1118
-231
361
810
935
696
144
-396
-887
-1458
-2163
-2650
-2672
-2256
-1761
-1295
-802
-208
328
508
524
404
-131
-690
-1049
-1371
-1583
-1903
-1787
-1497
-1108
-591
-285
-77
51
98
212
206
-138
-370
-649
-969
-1093
-1005
-830
-638
-266
135
372
574
709
870
1058
1103
924
595
80
-769
-1540
-2141
-2699
-3282
-3597
-3491
-3113
-2585
-1829
-961
-104
805
1536
2093
2247
2056
1603
784
16
-415
-764
-1043
-861
-372
205
1080
2050
3082
3805
4102
4148
4204
4001
3542
2954
2374
1820
1410
1408
1593
1884
2368
2874
3260
3734
4290
4599
4535
4317
4062
3851
3497
3095
2654
2524
2350
2395
2836
3366
3715
3805
3799
3911
4031
3971
3703
3349
3005
2987
3025
3130
3203
3193
3252
3185
3031
2991
2939
2861
2729
2498
2298
2218
2037
1790
1729
1956
2108
2160
2234
2434
2526
2438
2414
2269
1804
1011
61
-652
-811
-335
541
1858
3156
4343
5037
4922
4284
3529
2837
2111
1209
376
-153
-161
394
1330
2523
3777
4717
5304
5451
5105
4353
3494
2568
1376
345
-239
-354
-162
603
1526
2418
3462
4474
4985
5268
5115
4618
4011
3156
2317
1509
802
390
508
1078
1791
2519
3365
4104
4674
5041
4861
4367
3803
3150
2471
2015
1598
1090
879
895
1371
2136
2837
3228
3421
3486
3444
3312
3089
2665
2163
1797
1406
1071
733
691
888
1047
1289
1645
1875
1966
1913
1753
1672
1552
1185
855
789
810
914
1190
1394
1525
1731
1918
1989
2110
2183
2106
1945
1718
1315
737
93
-749
-1558
-2284
-2782
-2834
-2629
-2254
-1712
-918
-87
687
1383
1791
1889
1636
1119
419
-139
-694
-1228
-1575
-1732
-1426
-752
73
881
1940
2788
3236
3331
3170
3068
2769
2307
1616
964
406
113
193
415
681
1124
1482
1999
2572
2947
3009
2774
2521
2142
1614
1206
893
790
742
731
758
792
1078
1377
1575
1768
1908
1899
1507
1276
1119
1016
942
848
780
543
428
428
520
717
569
247
-57
-341
-336
-432
-766
-1070
-1164
-959
-708
-558
-440
-555
-694
-806
-723
-775
-1172
-1443
-1438
-1317
-937
150
1697
3235
4519
5309
5530
5129
4128
2730
892
-1032
-3053
-4766
-5747
-5915
-5241
-3876
-1913
122
1815
3015
3801
4007
3420
2351
849
-850
-2496
-3899
-5067
-5669
-5259
-4382
-3115
-1865
-632
513
1157
1200
850
341
-593
-2032
-3351
-4417
-5179
-5446
-5538
-5157
-4283
-2956
-1833
-1146
-601
-212
-126
-418
-994
-1604
-2547
-3491
-4083
-4233
-4175
-4160
-4064
-3650
-3190
-2623
-2347
-2331
-2343
-2261
-2394
-2731
-2954
-3083
-3001
-2897
-2603
-2148
-1651
-1314
-1045
-681
-545
-423
-467
-646
-758
-861
-990
-1058
-928
-671
-498
-205
234
474
617
835
1102
1278
1365
1263
930
272
-396
-974
-1801
-2644
-3201
-3519
-3807
-3998
-3655
-2882
-2042
-1150
-266
593
1206
1413
1201
739
80
-655
-1439
-2159
-2731
-2840
-2642
-2333
-1726
-820
205
1004
1478
1758
1810
1695
1099
516
-40
-741
-1370
-1715
-1782
-1789
-1458
-959
-409
102
520
859
981
1012
1024
688
230
-36
-272
-391
-310
-230
-244
-155
230
660
908
992
1094
1250
1265
1213
1124
1210
1266
1160
1028
959
1029
1091
1259
1246
1215
1225
1164
938
674
554
503
429
317
358
388
423
607
720
775
797
835
843
587
205
-205
-908
-1411
-1294
