-4996
-4595
-4043
-3756
-3767
-4052
-4187
-4278
-4365
-4603
-4912
-4982
-4856
-4747
-4531
-4359
-4331
-4090
-3716
-3567
-3450
-3160
-3124
-3325
-3583
-3945
-4440
-5300
-6449
-7393
-7988
-8364
-8718
-8794
-8271
-7457
-6773
-6011
-5045
-4072
-3480
-3151
-3215
-3746
-4521
-5253
-6011
-6709
-7271
-7420
-6997
-6196
-5421
-4791
-3845
-2873
-2107
-1709
-1563
-1646
-2150
-3060
-3727
-4290
-4789
-5182
-5371
-5294
-4971
-4450
-3821
-3252
-2808
-2438
-2351
-2724
-3287
-4049
-4822
-5060
-5145
-4932
-4295
-3446
-2399
-1463
-1192
-1617
-2693
-4128
-5691
-7641
-9726
-11271
-11965
-11814
-10651
-8986
-7374
-5876
-4738
-4337
-4566
-5452
-6884
-8644
-10597
-12147
-12993
-13080
-12255
-10510
-8009
-5317
-2972
-860
700
1485
1538
831
-370
-1857
-3613
-5277
-6598
-7020
-6251
-4463
-2006
779
3458
5614
6961
7142
6259
4517
2340
84
-2066
-4019
-5587
-6271
-5885
-4777
-3268
-1671
-203
818
1120
618
-385
-2076
-4328
-6405
-8118
-9485
-10167
-10232
-9516
-8138
-6617
-5044
-3794
-3125
-3025
-3426
-4256
-5616
-7295
-8884
-10116
-11217
-11916
-11954
-11341
-10283
-8964
-7432
-6255
-5460
-4858
-4548
-4915
-5877
-6966
-8266
-9665
-10725
-11257
-11419
-11218
-10670
-9557
-8325
-7081
-5715
-4795
-4315
-3840
-3593
-3423
-3410
-3525
-3595
-3709
-3616
-3358
-2959
-2368
-1799
-1291
-870
-626
-522
-496
-642
-1022
-1257
-1412
-1730
-1870
-1794
-1743
-1645
-1583
-1682
-1868
-2063
-2324
-2632
-2768
-2889
-3079
-3491
-3936
-4479
-5218
-5794
-6252
-6529
-6683
-6781
-6721
-6408
-5808
-4893
-4231
-3608
-3429
-3364
-3573
-4040
-4666
-5350
-6250
-7290
-8078
-8426
-8473
-8262
-7741
-7073
-6156
-5405
-4700
-4148
-3873
-3834
-4100
-4431
-4760
-5166
-5450
-5499
-5087
-4499
-3885
-3174
-2244
-1179
-331
378
932
1374
1604
1840
1989
1889
1505
790
-246
-1155
-2133
-3200
-4124
-4321
-3280
-1522
458
2409
3978
5154
5638
5466
4688
3170
1188
-827
-2537
-3502
-3713
-3137
-1715
160
2161
3947
5444
6403
6415
5639
4413
2909
1477
-43
-1147
-1627
-1200
65
1723
3539
5373
6730
7215
7115
6790
6428
6148
6137
6294
6590
6824
6955
6985
6704
5999
5232
4213
3026
1790
785
89
-198
-106
536
1639
2743
3822
4495
4616
4601
4366
3614
2510
1199
-156
-1136
-1740
-2061
-2037
-1537
-656
256
903
1434
1772
1727
1389
630
-219
-971
-2006
-2998
-3574
-3630
-3752
-3935
-3912
-3747
-3440
-3242
-3114
-3042
-3084
-3245
-3462
-3840
-4219
-4415
-4565
-4423
-4208
-4010
-3784
-3595
-3406
-2980
-2794
-2839
-2950
-3240
-3587
-3902
-4026
-3959
-3655
-3268
-2789
-2355
-1894
-1450
-1168
-896
-817
-1024
-1295
-1505
-1763
-2253
-2805
-3029
-3096
-3252
-3062
-2703
-2363
-2116
-2104
-1852
-1556
-1430
-1651
-2189
-2910
-3891
-5241
-6662
-7911
-8911
-9883
-10561
-10668
-10291
-9544
-8615
-7513
-6347
-5269
-4745
-4598
-4649
-5314
-6139
-7106
-8096
-8998
-9833
-10220
-10162
-9815
-9059
-8227
-7360
-6578
-5816
-5292
-5311
-5603
-5951
-6487
-7280
-7844
-8001
-8321
-8542
-8212
-7757
-7223
-6582
-5763
-5028
-4416
-3884
-3503
-3357
-3390
-3211
-2833
-2686
-2684
-2564
-2418
-2127
-1623
-1161
-797
-554
-379
-265
-476
-771
-954
-1064
-1201
-1315
-1363
-1618
-1937
-1998
-1897
-1673
-1536
-1578
-1804
-2107
-2184
-2305
-2811
-3263
-3303
-3158
-3200
-3328
-3036
-2787
-2662
-2517
-2376
-2326
-2511
-2843
-3336
-4087
-4611
-4549
-4098
-3059
-1741
-513
429
915
1000
338
-860
-2349
-4008
-5665
-7229
-8117
-8259
-7832
-6750
-5478
-4042
-2657
-1729
-1307
-1296
-1852
-2827
-4246
-5809
-7324
-8577
-9294
-9504
-9023
-7962
-6694
-5407
-4149
-2985
-2231
-2099
-2542
-3335
-4377
-5498
-6707
-7737
-8250
-8313
-8106
-7685
-6755
-5677
-4617
-3690
-3241
-3070
-3106
-3446
-3915
-4657
-5592
-6240
-6669
-6929
-6944
-6775
-6424
-5817
-5226
-4774
-4392
-4280
-4541
-4855
-5115
-5481
-5990
-6467
-6831
-6831
-6637
-6309
-5932
-5544
-5400
-5212
-5097
-5003
-5192
-5560
-5934
-6241
-6416
-6529
-6653
-6527
-6332
-6217
-6043
-5556
-5000
-4831
-4864
-4881
-4735
-4808
-5172
-5647
-6396
-7397
-8420
-9438
-10186
-10614
-10876
-10912
-10594
-9831
-8899
-7861
-6854
-6048
-5483
-5296
-5296
-5674
-6320
-7120
-8011
-8865
-9465
-9600
-9371
-8758
-7759
-6656
-5538
-4495
-3722
-3125
-2914
-3172
-3496
-3839
-4464
-5012
-5437
-5755
-5824
-5508
-4925
-4260
-3543
-2642
-1638
-1096
-773
-593
-571
-623
-694
-676
-660
-594
-554
-443
-227
110
508
749
1061
1302
1495
1775
2034
2228
2093
1748
1539
1550
1523
1473
1478
1470
1499
1429
1139
887
740
623
559
530
383
92
-28
80
120
167
481
760
773
752
819
826
752
432
-196
-833
-1027
-551
376
1812
3407
4739
5609
5779
5251
4407
3256
1872
517
-736
-1851
-2325
-2245
-1637
-576
810
2177
3212
3822
3916
3636
2841
1691
256
-1027
-2042
-2928
-3268
-3197
-2479
-1371
-262
814
1669
2197
2559
2432
1743
849
-187
-1390
-2471
-3153
-3542
-3493
-2979
-2276
-1423
-602
189
477
650
586
275
-306
-1068
-1953
-2667
-3392
-3726
-3797
-3700
-3291
-2710
-2113
-1635
-1248
-1234
-1367
-1526
-1769
-2036
-2350
-2846
-3183
-3230
-2978
-2703
-2522
-2275
-2025
-1804
-1711
-1796
-1894
-1968
-1972
-1913
-2145
-2577
-2836
-2789
-2757
-2617
-2500
-2306
-2107
-1909
-1707
-1475
-1421
-1412
-1696
-2150
-2755
-3739
-4699
-5541
-6475
-7245
-7748
-7915
-7575
-6941
-6194
-5367
-4407
-3651
-3144
-2940
-2903
-3185
-3619
-4448
-5503
-6502
-7048
-7197
-7112
-6894
-6401
-5566
-4455
-3389
-2673
-2266
-1957
-1951
-2207
-2694
-3267
-3733
-4175
-4636
-4795
-4500
-4082
-3424
-2738
-2032
-1283
-778
-421
-154
-153
-225
-548
-750
-698
-945
-1114
-931
-541
-176
137
484
864
1130
1334
1649
1688
1569
1411
1318
1209
1247
1223
1111
1139
1182
1120
1061
1064
921
777
707
630
440
-46
-496
-539
-395
-284
-132
-37
-41
-76
-40
8
-8
-321
-771
-1257
-1891
-2372
-2167
-1270
66
1506
2887
4033
4524
4107
3416
2385
934
-638
-2094
-3232
-4050
-4235
-3855
-2903
-1527
-25
1168
1960
2239
2041
1397
348
-1036
-2578
-3941
-5075
-5608
-5599
-4997
-3943
-2743
-1652
-820
-130
376
346
-143
-959
-1995
-3104
-4206
-5225
-5810
-5927
-5434
-4810
-3869
-2837
-2028
-1334
-1038
-1076
-1325
-2084
-3038
-3728
-4417
-5058
-5557
-5873
-5704
-5323
-4767
-4196
-3761
-3564
-3338
-3183
-3268
-3708
-4069
-4356
-4868
-5200
-5374
-5264
-5194
-4910
-4494
-4146
-3998
-3834
-3578
-3534
-3550
-3761
-4053
-4414
-4797
-4917
-4819
-4737
-4624
-4478
-4317
-4084
-4009
-3915
-3718
-3676
-3637
-3778
-4244
-4856
-5611
-6478
-7477
-8339
-8965
-9374
-9550
-9444
-9108
-8576
-7669
-6721
-5590
-4582
-4221
-4246
-4616
-5186
-5872
-6675
-7510
-8105
-8539
-8869
-8661
-7965
-7015
-6017
-5077
-4244
-3515
-3065
-3101
-3408
-3813
-4175
-4476
-4836
-5265
-5655
-5647
-5381
-4577
-3630
-2929
-2393
-1961
-1550
-1196
-1089
-998
-959
-1052
-1129
-1267
-1442
-1347
-1108
-817
-516
-30
397
849
1085
1271
1379
1310
1107
829
872
1024
1082
886
873
1054
1171
1081
1009
1027
925
756
508
247
55
-111
-183
-44
75
94
160
288
431
543
645
650
461
-46
-863
-1785
-2698
-3315
-3384
-2692
-1646
-464
732
1557
1770
1461
933
273
-477
-1233
-1973
-2422
-2545
-2099
-1294
-229
763
1633
2356
2576
2107
1558
773
-410
-1506
-2568
-3435
-3851
-3812
-3003
-1874
-640
545
1500
2207
2545
2400
1978
1382
606
-451
-1369
-2054
-2586
-2584
-2175
-1268
-277
644
1441
1927
2264
2334
2153
1575
750
8
-606
-1229
-1687
-1827
-1928
-1735
-1224
-506
295
798
910
934
866
426
-255
-883
-1371
-1822
-2234
-2581
-2764
-2814
-2705
-2385
-2186
-2124
-2011
-1866
-2044
-2327
-2649
-2844
-3137
-3458
-3708
-3831
-3721
-3442
-3241
-3262
-3301
-3221
-2888
-2784
-2786
-2841
-3080
-3334
-3879
-4635
-5749
-6721
-7554
-8148
-8631
-8552
-8134
-7566
-6700
-5764
-4909
-4207
-3687
-3306
-3266
-3440
-4070
-5111
-5876
-6350
-6717
-6832
-6602
-5901
-5046
-3973
-2956
-2122
-1377
-862
-604
-690
-1053
-1430
-1692
-2169
-2617
-2818
-2777
-2532
-2087
-1516
-781
99
798
1143
1580
1772
1765
1829
1574
1301
1207
1053
832
1036
1362
1493
1670
2020
2452
2737
2992
3085
3033
2953
2749
2402
2270
2302
2350
2310
2102
2011
2098
2040
1754
1520
1395
1268
1027
807
762
868
930
807
660
508
713
902
798
775
861
903
788
623
524
996
1875
2880
4371
5874
7056
7801
8343
8226
7063
5342
3222
948
-1159
-3001
-4260
-4605
-4133
-2940
-1057
1146
3255
4955
6065
6449
6035
4991
3324
1393
-527
-2395
-4042
-5144
-5377
-4712
-3559
-2116
-646
644
1751
2216
2206
1554
387
-1056
-2520
-3828
-4976
-5692
-5837
-5673
-5006
-4035
-3004
-2096
-1300
-651
-389
-573
-984
-1725
-2763
-3638
-4221
-4652
-5191
-5545
-5346
-4936
-4651
-4398
-4025
-3593
-3344
-3577
-3784
-3916
-4146
-4270
-4097
-3824
-3530
-3228
-2991
-2578
-2131
-1811
-1720
-1660
-1754
-2132
-2391
-2534
-2589
-2669
-2710
-2606
-2438
-2286
-1871
-1303
-998
-948
-880
-827
-750
-823
-1127
-1665
-2314
-3141
-4160
-5311
-6202
-6745
-6993
-6934
-6650
-6266
-5546
-4567
-3536
-2704
-2128
-1857
-1896
-2338
-3007
-3874
-4801
-5748
-6515
-6984
-7061
-6660
-6024
-5285
-4462
-3638
-2865
-2328
-2148
-2131
-2508
-3227
-3828
-4430
-5017
-5604
-5742
-5499
-5111
-4577
-3739
-2921
-2267
-1846
-1507
-1100
-783
-713
-969
-1271
-1378
-1308
-1213
-1169
-933
-541
-134
357
918
1270
1356
1548
1720
1755
1741
1729
1669
1563
1567
1526
1596
1589
1512
1533
1658
1542
1355
1196
1005
983
967
729
462
504
620
685
748
951
1159
1177
1213
1214
1077
649
-107
-893
-1537
-1666
-1380
-727
333
1571
2431
2800
2716
2274
1311
146
-1049
-2407
-3475
-3985
-3931
-3181
-1948
-427
996
2219
3099
3390
3151
2423
1128
-298
-2013
-3668
-4921
-5586
-5508
-4764
-3482
-2228
-1057
269
1476
2074
2214
1870
1074
7
-1058
-2042
-2855
-3295
-3421
-2977
-2180
-1282
-334
641
1281
1806
1963
1740
1243
572
-205
-974
-1729
-2298
-2294
-2164
-1938
-1523
-952
-424
146
658
912
856
518
3
-524
-992
-1271
-1410
-1635
-1666
-1473
-1345
-1292
-1190
-995
-1035
-1223
-1449
-1666
-1828
-2069
-2397
-2688
-2713
-2644
-2507
-2325
-2084
-1847
-1767
-1898
-2110
-2072
-2189
-2340
-2645
-3099
-3716
-4720
-5739
-6631
-7355
-7861
-8117
-8141
-7771
-6977
-5957
-4963
-4168
-3461
-2973
-2725
-2939
-3665
-4460
-5166
-5773
-6333
-6772
-6797
-6266
-5479
-4476
-3549
-2588
-1680
-1027
-592
-494
-471
-780
-1183
-1592
-1967
-2348
-2511
-2422
-2081
-1415
-687
63
762
1459
2034
2364
2596
2677
2674
2532
2333
2189
2220
2248
2287
2573
2653
2768
3146
3525
3822
3998
4099
4171
3973
3794
3662
3345
3177
3149
3175
3195
3179
3143
3066
2896
2634
2412
2346
2192
2001
1886
1621
1531
1599
1685
1729
1742
1739
1786
1878
1803
1572
1177
852
361
-100
-121
378
1333
2844
4402
5550
6186
6070
5649
4857
3612
2108
542
-707
-1500
-1684
-1213
-343
979
2456
3686
4569
5006
4871
4439
3656
2547
1142
-173
-1151
-1898
-2004
-1545
-691
321
1330
2344
3026
3317
3525
3258
2744
1788
725
-394
-1421
-2060
-2359
-2142
-1584
-845
284
1182
1834
2211
2267
1953
1501
822
103
-677
-1507
-2253
-2784
-2695
-2377
-1937
-1396
-1022
-618
-376
-275
-290
-530
-1063
-1667
-2036
-2234
-2454
-2601
-2552
-2291
-1941
-1534
-1119
-937
-820
-868
-1078
-1280
-1407
-1640
-1924
-2079
-2039
-1949
-1780
-1578
-1311
-1137
-1065
-850
-725
-630
-545
-762
-1254
-1646
-2119
-2898
-3833
-4729
-5478
-5825
-6080
-6328
-6046
-5315
-4495
-3907
-2964
-2027
-1507
-1398
-1623
-2012
-2606
-3489
-4296
-5039
-5602
-5808
-5566
-4989
-4205
-3269
-2333
-1418
-831
-493
-533
-657
-995
-1507
-2102
-2801
-3293
-3444
-3340
-3051
-2633
-2090
-1352
-559
51
443
858
1167
1155
1120
914
593
343
372
591
697
855
1126
1309
1599
1915
2192
2427
2427
2424
2482
2513
2310
2102
2116
2098
2153
2187
2171
2246
2149
2095
2033
1911
1826
1563
1322
1153
1142
1153
1135
1268
1236
1159
1301
1388
1335
1269
1260
1167
640
99
-308
-442
-233
725
2269
3835
5019
5787
5975
5491
4560
3399
2021
553
-753
-1645
-2067
-2024
-1367
-216
1109
2465
3546
4211
4378
4059
3098
1876
548
-799
-1912
-2908
-3277
-3022
-2371
-1372
-314
632
1584
2378
2780
2444
1737
799
-157
-1116
-2239
-2984
-3215
-2967
-2444
-1762
-895
24
745
1144
1382
1351
934
326
-268
-1090
-1844
-2384
-2891
-3031
-2761
-2335
-1846
-1326
-747
-264
-60
-185
-441
-558
-809
-1207
-1703
-2058
-2139
-2127
-1942
-1549
-1157
-778
-661
-510
-359
-362
-594
-900
-1047
-1271
-1439
-1521
-1593
-1490
-1238
-925
-591
-607
-626
-388
-175
-75
-67
-350
-947
-1648
-2315
-3207
-4079
-4809
-5373
-5737
-5878
-5860
-5533
-4800
-3806
-2866
-2109
-1415
-1067
-1061
-1436
-2139
-2859
-3654
-4325
-4718
-5050
-5016
-4549
-3885
-3062
-2165
-1150
-303
250
337
294
98
-264
-666
-1291
-1886
-2328
-2468
-2317
-1602
-835
-173
497
1052
1525
1950
2172
2452
2499
2247
2109
1923
1942
2016
2045
2228
2638
3065
3413
3762
3966
4223
4300
4222
4221
4196
4077
3780
3606
3626
3691
3665
3572
3562
3585
3479
3380
3265
3278
3112
2915
2687
2441
2249
2286
2565
2679
2703
2833
2915
2867
2957
2992
2702
2150
1574
1140
954
1178
1991
3204
4462
5689
6768
7192
6972
6176
5098
3737
2375
944
-145
-672
-807
-373
667
1965
3189
4369
5148
5408
5160
4379
3331
2126
978
-214
-1209
-1660
-1628
-1081
-176
858
1835
2779
3427
3703
3626
3306
2615
1605
395
-476
-1181
-1596
-1684
-1373
-642
175
1098
1767
2300
2684
2916
2624
1899
1068
351
-200
-793
-1119
-1300
-1519
-1250
-644
18
593
901
1134
1301
1029
583
243
-232
-519
-635
-868
-1035
-834
-558
-365
58
401
751
789
683
689
507
207
-151
-394
-547
-718
-703
-524
-273
-66
77
347
556
647
770
829
493
194
-366
-1250
-2080
-3021
-3975
-4803
-5127
-5114
-4968
-4790
-4254
-3408
-2658
-1845
-1014
-469
-307
-513
-940
-1611
-2418
-3363
-4176
-4591
-4528
-4169
-3437
-2677
-1924
-959
-57
658
937
964
782
473
-164
-823
-1210
-1535
-1575
-1416
-1137
-726
-55
720
1543
2065
2408
2461
2382
2136
1865
1500
1384
1509
1755
2112
2463
2690
2872
3022
3064
2682
2100
1500
939
462
322
753
1384
1995
2689
3352
3893
4194
4089
3655
2877
1918
1005
526
417
503
1239
2318
3418
4482
5514
6329
6758
6749
6483
5849
5074
4111
3275
2881
2734
2641
3122
4255
5720
7346
8794
9936
10447
10313
9661
8578
6979
5091
3247
1910
1050
684
821
1435
2506
3748
4915
5825
6269
6156
5599
4740
3468
2025
743
-452
-1330
-1820
-1765
-1126
-190
888
1789
2354
2746
2902
2876
2325
1512
322
-932
-1913
-2635
-2881
-3063
-2933
-2483
-1663
-768
-84
606
1136
1267
967
311
-502
-1135
-1726
-2279
-2650
-2659
-2355
-1886
-1375
-699
132
840
1233
1340
1332
1064
555
294
195
222
395
658
1027
1267
1521
1912
2170
2311
2359
2110
1952
1811
1591
1240
987
967
1031
949
867
1069
1310
1433
1412
1392
1307
1125
1128
1048
893
391
-394
-1199
-2128
-2971
-3791
-4455
-4702
-4747
-4621
-4215
-3627
-2713
-1930
-1399
-968
-873
-1247
-1929
-2493
-3215
-4002
-4735
-5326
-5628
-5442
-4779
-4016
-3295
-2401
-1558
-965
-520
-485
-796
-1409
-2145
-2660
-3247
-3757
-4096
-4270
-4019
-3672
-3190
-2171
-1296
-876
-541
-228
72
83
-164
-495
-909
-1471
-1836
-2040
-2072
-1994
-1672
-985
-130
515
1007
1320
1278
1159
834
215
-376
-870
-1147
-1314
-1324
-1084
-645
-134
376
790
912
737
418
-46
-884
-1717
-2417
-3042
-3270
-3088
-2841
-2430
-1968
-1386
-1055
-950
-1072
-1686
-2819
-3958
-4861
-5542
-5588
-4951
-3531
-1739
52
1316
1715
1446
621
-692
-2396
-4206
-5787
-7142
-8098
-8065
-7077
-5729
-4292
-2829
-1188
43
475
321
-475
-1736
-3175
-4722
-6109
-7044
-7468
-7169
-6365
-5097
-3638
-2265
-1031
-19
607
649
94
-658
-1641
-2914
-4038
-4751
-4896
-4676
-4186
-3280
-2209
-1145
-91
682
1085
1149
953
531
-216
-963
-1742
-2342
-2669
-2639
-2485
-2157
-1602
-881
-214
299
570
543
377
145
-270
-642
-1033
-1289
-1458
-1487
-1233
-985
-594
-123
152
325
521
477
284
3
-259
-631
-931
-964
-936
-765
-532
-290
42
441
562
817
1115
1239
1295
1226
800
200
-581
-1340
-2090
-2886
-3479
-3770
-3662
-3289
-2720
-1825
-866
104
828
1518
1891
2039
1769
1266
826
243
-348
-711
-885
-886
-500
274
1157
2074
3026
3835
4398
4479
4187
4001
3632
3055
2550
2105
1700
1550
1546
1802
2381
3009
3689
4064
4333
4480
4510
4481
4220
3929
3599
3266
3158
3079
3018
3216
3420
3455
3570
3827
4069
4276
4072
3937
4042
3913
3662
3384
3272
3301
3280
3136
3027
3046
3139
3019
2852
2792
2615
2369
2104
1831
1753
1848
2079
2154
2041
2136
2178
2151
2052
1988
2090
2008
1722
1218
810
700
898
1601
2835
4396
5819
6661
6936
6879
6303
5265
4084
2679
1311
382
-184
-272
345
1394
2748
4194
5209
6023
6399
6132
5383
4302
3191
1974
730
-188
-750
-529
37
734
1827
3016
4118
4772
4913
4898
4501
3546
2775
1831
851
99
-305
-257
75
634
1347
2143
2944
3616
4027
4025
3683
3213
2636
1979
1332
641
182
-105
98
394
742
1155
1650
2164
2494
2651
2491
2097
1653
1093
692
626
694
714
997
1212
1399
1836
2286
2354
2282
2236
2138
1992
1935
1844
1534
1193
1114
1398
1801
1984
2138
2273
2507
2649
2844
3021
2975
2837
2415
1803
1185
475
-293
-982
-1602
-2144
-2326
-2126
-1849
-1379
-526
444
1331
1955
2361
2492
2121
1595
1097
345
-437
-1057
-1496
-1482
-1256
-681
237
1177
1899
2516
2929
3018
2989
2780
2268
1682
881
276
-130
-525
-562
-313
130
613
1132
1609
1974
2217
2290
2059
1573
1278
1108
992
618
330
316
551
775
969
1122
1294
1610
1766
1677
1548
1451
1383
1177
934
893
868
770
714
553
661
706
736
726
638
583
293
-6
-305
-521
-611
-591
-629
-733
-652
-622
-636
-495
-355
-305
-372
-819
-1456
-1947
-2230
-2345
-1941
-744
675
2010
3176
4069
4303
3570
2297
1115
-173
-1575
-2729
-3569
-3982
-3754
-2894
-1617
-62
1192
2057
2526
2630
2134
1101
-245
-1562
-2697
-3743
-4641
-5076
-4760
-3910
-2819
-1554
-177
864
1259
1274
949
261
-660
-1824
-2841
-3648
-4227
-4383
-4128
-3682
-2774
-1744
-888
-75
670
902
669
176
-315
-1072
-1982
-2629
-2947
-3091
-3095
-2909
-2527
-2117
-1582
-1027
-599
-355
-469
-651
-894
-1192
-1535
-1769
-1961
-2093
-1957
-1577
-1165
-745
-406
56
148
-30
-5
23
-57
-429
-1006
-1150
-1040
-1043
-865
-447
-2
223
325
458
624
808
1016
994
763
344
-448
-1267
-2144
-2995
-3683
-4216
-4518
-4596
-4309
-3663
-2758
-1757
-755
48
532
901
938
654
-65
-903
-1820
-2462
-2846
-3023
-2965
-2348
-1423
-362
563
1335
1793
2154
2315
2207
1732
1092
544
13
-583
-985
-1093
-877
-631
-250
460
1164
1564
1772
1954
2041
1871
1588
1165
901
709
562
562
684
731
868
1274
1587
1969
2198
2159
2137
1980
1784
1600
1445
1462
1420
1318
1037
981
1047
1106
1205
1270
1267
1089
850
692
513
280
101
6
99
332
450
383
263
335
398
424
507
361
157
133
231
499
1207
