-5165
-4581
-4026
-3694
-3628
-3653
-3724
-3848
-4068
-4322
-4374
-4484
-4576
-4670
-4467
-4245
-3909
-3563
-3458
-3354
-3229
-3003
-2915
-3149
-3336
-3682
-4267
-5027
-6052
-6654
-7285
-8100
-8617
-8604
-8140
-7524
-6721
-5785
-4866
-4157
-3625
-3270
-3234
-3599
-4352
-5284
-5982
-6435
-6764
-6912
-6780
-6467
-5774
-4633
-3453
-2443
-1838
-1624
-1583
-1735
-2146
-2847
-3554
-4011
-4424
-4747
-4806
-4638
-4461
-4081
-3399
-2823
-2266
-2167
-2331
-2645
-3171
-3853
-4657
-5102
-5240
-4940
-4051
-3047
-1883
-878
-409
-891
-2291
-4083
-5878
-7738
-9490
-10905
-11586
-11297
-10283
-8998
-7425
-5856
-4756
-4120
-4330
-5307
-6841
-8522
-10414
-12100
-12875
-12764
-11803
-10179
-7950
-5436
-3009
-837
826
1729
1721
1138
83
-1429
-3130
-5061
-6470
-6844
-6109
-4368
-1843
888
3512
5759
6900
6958
6101
4580
2417
239
-1769
-3758
-5290
-5882
-5655
-4867
-3365
-1590
-36
958
1307
858
-232
-1657
-3504
-5688
-7700
-9216
-9909
-9954
-9147
-7895
-6481
-4992
-3813
-3101
-2878
-3146
-3917
-5139
-6799
-8451
-9924
-11141
-11747
-11844
-11390
-10472
-9108
-7635
-6295
-5403
-4854
-4795
-5192
-5892
-6988
-8316
-9626
-10697
-11342
-11525
-11146
-10535
-9543
-8345
-7020
-5791
-4871
-4101
-3617
-3393
-3434
-3575
-3683
-3772
-3676
-3424
-3115
-2613
-2013
-1582
-1246
-839
-478
-360
-511
-874
-1032
-1212
-1447
-1895
-2089
-1881
-1699
-1761
-1783
-1763
-1751
-1944
-2217
-2368
-2526
-2616
-2666
-2977
-3590
-4252
-4736
-5233
-5737
-6286
-6555
-6533
-6367
-6088
-5615
-4928
-4014
-3188
-2697
-2558
-2823
-3575
-4610
-5381
-6044
-6862
-7658
-8129
-8343
-8247
-7599
-6534
-5610
-4881
-4276
-3790
-3567
-3634
-3781
-4162
-4403
-4786
-5203
-5328
-4982
-4241
-3542
-2907
-2184
-1278
-337
383
1006
1489
1752
1778
1847
1872
1536
789
-29
-1022
-2288
-3393
-4008
-3989
-3071
-1396
346
1987
3646
4846
5354
5245
4385
2777
970
-755
-2277
-3469
-3884
-3171
-1683
240
2230
3929
5329
6208
6407
5891
4717
3154
1636
74
-1047
-1482
-1173
-109
1671
3817
5567
6644
7291
7386
7009
6477
6248
6252
6322
6541
6781
6965
6828
6552
6187
5405
4209
2921
1901
1029
312
-118
3
716
1645
2628
3621
4509
5072
5108
4544
3570
2338
1173
101
-828
-1452
-1762
-1693
-1421
-824
-5
679
1248
1678
1804
1489
765
-40
-1012
-2176
-3055
-3582
-3925
-4085
-4094
-3915
-3796
-3453
-2965
-2828
-2866
-3128
-3233
-3437
-3769
-4011
-4156
-4258
-4179
-4037
-3783
-3471
-3222
-2937
-2761
-2893
-2921
-3024
-3147
-3395
-3644
-3688
-3749
-3559
-3157
-2752
-2274
-1678
-1279
-975
-556
-523
-695
-1100
-1543
-1807
-2116
-2519
-2818
-2960
-3018
-2824
-2514
-2273
-2118
-1971
-1705
-1486
-1364
-1518
-1951
-2723
-3632
-4644
-5955
-7451
-8720
-9566
-10118
-10364
-10086
-9313
-8394
-7418
-6310
-5263
-4556
-4380
-4599
-5026
-5854
-6838
-7826
-8602
-9284
-9653
-9702
-9559
-8935
-8021
-7270
-6552
-5885
-5507
-5350
-5557
-5832
-6156
-6626
-7316
-7885
-7975
-7844
-7645
-7202
-6670
-5856
-5172
-4587
-4059
-3655
-3248
-3017
-2866
-2653
-2504
-2463
-2422
-2025
-1479
-1193
-970
-634
-211
95
231
53
-129
-257
-369
-547
-640
-836
-1047
-1049
-949
-928
-914
-748
-877
-1141
-1348
-1511
-1700
-1893
-2009
-2144
-2310
-2640
-2844
-2610
-2425
-2430
-2253
-2001
-1719
-1637
-1746
-2156
-2821
-3438
-4031
-4226
-3698
-2654
-1566
-257
832
1549
1543
710
-631
-2037
-3588
-5134
-6596
-7694
-7950
-7750
-7174
-5730
-4045
-2557
-1553
-975
-965
-1460
-2346
-3604
-5074
-6475
-7783
-8696
-8888
-8493
-7751
-6542
-5089
-3752
-2864
-2254
-2218
-2531
-3048
-4019
-5124
-6342
-7358
-7996
-8255
-8024
-7452
-6609
-5515
-4499
-3669
-3128
-2927
-2934
-3240
-3796
-4309
-4889
-5777
-6553
-6804
-6690
-6467
-6155
-5707
-5300
-4992
-4656
-4275
-4192
-4487
-4893
-5364
-5759
-6022
-6199
-6260
-6373
-6256
-5817
-5406
-5177
-5214
-5202
-5182
-5431
-5765
-6054
-6244
-6415
-6696
-6799
-6773
-6431
-6079
-5735
-5466
-5188
-5030
-4795
-4791
-4869
-5029
-5433
-6050
-6724
-7542
-8468
-9313
-10169
-10728
-10883
-10803
-10487
-10014
-9338
-8322
-7068
-6130
-5595
-5453
-5651
-6032
-6726
-7424
-8130
-8895
-9432
-9595
-9413
-9066
-8159
-6921
-5844
-4964
-4227
-3670
-3345
-3365
-3646
-3996
-4556
-5118
-5684
-6114
-6181
-5856
-5300
-4544
-3758
-2967
-2322
-1991
-1603
-1227
-1171
-1110
-1179
-1230
-1346
-1531
-1579
-1399
-1075
-702
-273
53
361
768
962
1131
1127
1112
1066
868
840
894
837
727
719
669
510
337
206
177
40
-189
-458
-669
-797
-815
-806
-669
-475
-446
-344
-148
-17
-35
-49
2
-360
-886
-1393
-1845
-1970
-1471
-469
793
2178
3511
4535
4834
4433
3606
2463
1154
-290
-1603
-2570
-2966
-3139
-2690
-1713
-287
1158
2354
3056
3180
2987
2161
1036
-171
-1527
-2842
-3667
-3993
-3773
-3078
-2218
-1211
-185
759
1400
1683
1597
1089
312
-778
-2025
-3101
-3958
-4373
-4354
-3845
-3106
-2331
-1544
-756
-195
126
58
-338
-929
-1648
-2367
-3123
-3732
-4038
-4003
-3867
-3619
-3226
-2823
-2365
-1816
-1491
-1472
-1697
-2077
-2493
-3039
-3346
-3425
-3469
-3476
-3374
-3099
-2869
-2692
-2416
-2149
-2077
-2103
-2248
-2515
-2757
-2873
-3138
-3362
-3367
-3272
-2894
-2465
-2335
-2248
-2221
-2191
-1940
-1845
-1899
-1977
-2490
-3118
-3804
-4757
-5770
-6491
-7154
-7601
-7784
-7699
-7164
-6435
-5528
-4486
-3672
-3107
-2924
-2949
-3299
-3997
-4759
-5529
-6279
-6858
-7229
-7084
-6633
-6094
-5211
-4271
-3453
-2744
-2123
-1779
-1932
-2151
-2432
-3069
-3732
-4243
-4638
-4495
-4148
-3786
-3275
-2651
-2035
-1588
-1091
-641
-343
-221
-137
-191
-415
-531
-608
-612
-517
-365
-160
268
740
1179
1698
2012
2036
1983
2040
2075
1966
1877
1576
1414
1339
1172
1169
1390
1415
1246
1087
933
840
614
348
284
150
146
92
144
151
247
451
402
278
188
186
156
-105
-731
-1505
-1875
-1643
-833
371
1620
2864
3919
4524
4465
3819
2689
1157
-328
-1593
-2622
-3353
-3686
-3425
-2467
-1232
138
1391
2292
2486
2326
1741
729
-565
-2088
-3414
-4433
-5096
-5223
-4813
-3789
-2589
-1505
-635
28
442
478
95
-556
-1606
-2903
-4054
-4917
-5255
-5247
-4864
-4352
-3600
-2742
-1973
-1302
-980
-1018
-1243
-1754
-2530
-3267
-3866
-4446
-4942
-5166
-5051
-4917
-4560
-3999
-3595
-3116
-2937
-2877
-2835
-2949
-3240
-3724
-4328
-4704
-4753
-4675
-4587
-4467
-4201
-3931
-3557
-3278
-3191
-3213
-3411
-3649
-3902
-4096
-4305
-4405
-4510
-4510
-4493
-4204
-4003
-3955
-3901
-3659
-3349
-3117
-3174
-3435
-3896
-4238
-4991
-6124
-7207
-7980
-8629
-9090
-9277
-9181
-8799
-8035
-7189
-6408
-5678
-4931
-4355
-4231
-4436
-5030
-5844
-6667
-7471
-8367
-8850
-8946
-8335
-7596
-6879
-5901
-4994
-4125
-3293
-2869
-2791
-2924
-3203
-3674
-4318
-4774
-5180
-5362
-5326
-4948
-4411
-3823
-2993
-2160
-1456
-1067
-749
-682
-742
-903
-893
-759
-871
-1067
-1057
-965
-571
-233
39
575
1084
1306
1432
1456
1454
1374
1344
1338
1300
1124
1275
1256
1119
1192
1239
1179
1056
980
807
589
424
264
162
222
155
106
33
115
358
456
654
599
467
293
3
-763
-1853
-2828
-3292
-3188
-2585
-1597
-372
734
1412
1690
1534
915
105
-745
-1477
-2132
-2518
-2598
-2328
-1575
-468
633
1480
2121
2256
1994
1444
527
-546
-1792
-2860
-3521
-3775
-3793
-3264
-2161
-1000
-6
884
1496
1977
2125
1730
1057
280
-596
-1445
-2082
-2458
-2516
-1980
-1309
-588
327
1055
1611
1975
1954
1605
1092
492
-92
-939
-1684
-1963
-2119
-1962
-1563
-1146
-697
-153
441
704
693
461
84
-430
-867
-1396
-2135
-2816
-3014
-3004
-2898
-2886
-2719
-2457
-2188
-1994
-2032
-2101
-2232
-2505
-2912
-3316
-3606
-3636
-3470
-3410
-3423
-3472
-3399
-3395
-3169
-2932
-2756
-2723
-2906
-3141
-3451
-4008
-4803
-5713
-6553
-7290
-8065
-8478
-8503
-8185
-7604
-6919
-6084
-5146
-4198
-3517
-3198
-3137
-3498
-4166
-4964
-5757
-6477
-7150
-7363
-7007
-6205
-5472
-4487
-3336
-2424
-1816
-1371
-954
-909
-1070
-1454
-2023
-2438
-2724
-2995
-3068
-2790
-2216
-1521
-1001
-585
-48
566
1196
1559
1578
1444
1259
1180
1135
958
697
711
892
1194
1454
1908
2275
2463
2650
2632
2677
2656
2544
2444
2265
2165
2232
2139
1905
1731
1773
1814
1713
1621
1379
1070
845
783
771
697
752
731
622
592
598
697
731
739
871
891
837
633
442
570
1107
2151
3593
5250
6640
7451
7761
7462
6573
5137
3224
1065
-1200
-2993
-4195
-4692
-4334
-3147
-1318
812
2893
4580
5497
5857
5610
4663
3230
1360
-632
-2519
-3959
-4688
-4769
-4216
-3068
-1745
-319
985
1750
2198
2166
1542
539
-715
-2284
-3735
-4799
-5615
-5994
-5596
-4787
-3922
-2924
-1873
-941
-428
-340
-467
-937
-1638
-2540
-3419
-4155
-4641
-4905
-4919
-4668
-4491
-4407
-4102
-3636
-3249
-3035
-3138
-3451
-3688
-3830
-3930
-3894
-3856
-3488
-2969
-2602
-2272
-2152
-1857
-1616
-1651
-1902
-2081
-2099
-2240
-2270
-2388
-2501
-2384
-2011
-1716
-1480
-1223
-937
-505
-238
-175
-251
-373
-605
-1107
-1745
-2619
-3626
-4654
-5529
-6173
-6492
-6587
-6344
-5555
-4756
-3982
-3123
-2454
-1908
-1519
-1441
-1790
-2637
-3518
-4444
-5470
-6304
-6638
-6511
-6131
-5428
-4818
-4098
-3353
-2646
-2007
-1616
-1688
-2137
-2522
-3112
-3624
-4218
-4757
-4953
-4846
-4601
-4123
-3466
-2764
-1980
-1279
-875
-689
-535
-488
-584
-641
-704
-918
-1034
-892
-646
-355
-42
338
698
1061
1421
1584
1641
1671
1673
1864
1763
1486
1571
1756
1851
1856
1792
1666
1633
1636
1622
1274
899
829
877
905
773
730
773
833
1007
1158
1220
1330
1303
1231
1056
699
142
-652
-1298
-1463
-1264
-734
255
1342
2405
2897
2788
2314
1415
224
-1138
-2355
-3208
-3617
-3533
-3092
-2142
-699
976
2411
3263
3387
3121
2474
1383
-125
-1786
-3190
-4236
-4940
-4997
-4395
-3484
-2283
-838
235
1076
1736
2032
1747
1005
88
-942
-1868
-2594
-3133
-3190
-2846
-2085
-1068
-157
635
1304
1899
2108
1739
1093
524
-58
-649
-1334
-1867
-2048
-1832
-1478
-1105
-562
92
373
540
876
959
648
128
-207
-504
-770
-1121
-1410
-1406
-1351
-1112
-865
-861
-922
-927
-993
-1392
-1755
-1930
-2011
-2173
-2393
-2564
-2554
-2349
-2150
-2086
-2023
-2102
-1948
-1702
-1649
-1756
-1961
-2175
-2552
-3377
-4320
-5216
-6190
-6950
-7487
-7632
-7482
-7049
-6400
-5552
-4741
-3987
-3183
-2777
-2832
-2986
-3258
-3878
-4726
-5501
-6178
-6531
-6470
-6016
-5147
-4409
-3560
-2521
-1494
-849
-531
-292
-240
-551
-929
-1298
-1703
-1923
-1965
-2067
-2066
-1472
-533
459
1204
1840
2332
2713
3007
3007
2836
2751
2725
2633
2433
2427
2485
2821
3181
3439
3713
3859
3964
4123
4310
4447
4286
3988
3895
3849
3792
3865
3789
3615
3651
3682
3687
3580
3404
3276
2958
2644
2379
2203
2089
2034
2195
2363
2368
2221
2312
2282
2415
2444
2394
2076
1461
755
389
303
718
1764
3114
4556
5767
6529
6669
6170
5183
3923
2686
1307
198
-643
-1013
-842
-42
1217
2622
4017
5111
5433
5458
5077
4197
3011
1765
474
-591
-1174
-1448
-1081
-257
662
1596
2534
3381
3856
3936
3622
3009
2128
1117
89
-795
-1336
-1649
-1608
-1085
-234
650
1514
2065
2492
2697
2440
2011
1294
363
-365
-1065
-1616
-1954
-1887
-1555
-1188
-779
-448
-6
357
429
332
30
-339
-615
-1157
-1667
-1925
-2028
-1847
-1536
-1243
-846
-520
-423
-442
-603
-710
-753
-851
-1159
-1433
-1509
-1548
-1507
-1429
-1232
-1149
-943
-804
-712
-590
-649
-618
-600
-610
-880
-1563
-2519
-3377
-4223
-5030
-5609
-5933
-5925
-5533
-5121
-4543
-3574
-2503
-1684
-1287
-1126
-1170
-1493
-2203
-3024
-3707
-4345
-4934
-5329
-5289
-4926
-4172
-3102
-2053
-1070
-127
184
17
-254
-536
-883
-1565
-2019
-2446
-2689
-2641
-2290
-1841
-1309
-789
-340
216
822
1246
1667
1701
1472
1327
1179
1017
882
946
1203
1403
1493
1843
2271
2641
2752
2932
3053
2937
2899
2876
2949
2789
2640
2598
2671
2687
2655
2599
2508
2407
2480
2340
2049
1990
1955
1892
1809
1612
1515
1539
1723
1665
1633
1760
1930
2033
1873
1666
1237
420
-194
-154
267
1238
2577
4016
5217
6057
6148
5783
4990
3756
2441
1069
-176
-1169
-1800
-1877
-1252
-243
1046
2380
3406
4144
4420
4091
3262
2103
738
-414
-1621
-2683
-3058
-2878
-2336
-1451
-354
904
1725
2215
2387
2251
1773
823
-160
-1050
-2091
-2896
-3091
-3016
-2683
-1994
-1137
-244
394
990
1358
1504
1186
461
-298
-1053
-1782
-2446
-2754
-2900
-2683
-2189
-1667
-1233
-905
-579
-286
-384
-763
-1018
-1296
-1681
-2139
-2501
-2465
-2220
-1986
-1868
-1560
-1220
-960
-680
-680
-716
-885
-1139
-1354
-1556
-1782
-1973
-1938
-1853
-1942
-1798
-1367
-929
-834
-698
-573
-603
-513
-656
-1136
-1890
-2593
-3393
-4203
-4879
-5654
-6289
-6459
-6229
-5764
-4958
-4119
-3420
-2661
-2010
-1697
-1756
-1994
-2576
-3357
-4151
-4683
-5171
-5647
-5594
-5257
-4606
-3708
-2813
-1906
-1256
-718
-427
-279
-556
-981
-1463
-1848
-2237
-2486
-2483
-2380
-1983
-1514
-1000
-479
191
945
1480
1844
2096
1979
1803
1763
1685
1521
1515
1474
1560
1809
2262
2769
3074
3212
3451
3593
3565
3496
3373
3196
3097
3066
3019
3086
3052
3021
2996
3022
2987
2796
2709
2568
2345
2138
2012
2055
2023
2038
2018
2047
2095
2166
2264
2414
2441
2330
2187
1877
1239
503
162
503
1274
2566
3980
5210
6061
6389
6278
5698
4625
3270
1987
733
-407
-1214
-1327
-863
30
1119
2456
3806
4609
4989
4798
4151
3136
1864
554
-749
-1834
-2328
-2379
-1944
-1025
102
1270
2290
2850
3211
3355
3012
2352
1375
256
-701
-1457
-1957
-2150
-1829
-1272
-454
456
1383
1828
1976
2010
1895
1498
969
316
-568
-1206
-1557
-1771
-1755
-1459
-1028
-425
73
560
748
755
589
258
-163
-439
-934
-1294
-1263
-1205
-1107
-834
-456
-23
271
460
377
373
276
12
-354
-676
-923
-1011
-899
-737
-664
-500
-269
-110
60
177
355
440
294
123
-27
-375
-1280
-2261
-2911
-3634
-4598
-5039
-5200
-5151
-4903
-4344
-3394
-2561
-1903
-1158
-597
-426
-720
-1113
-1535
-2262
-3322
-4040
-4462
-4586
-4262
-3502
-2647
-1792
-899
-157
447
805
944
694
306
-147
-632
-955
-1106
-1296
-1339
-1053
-626
29
800
1369
1775
2298
2652
2591
2273
1935
1511
1279
1215
1422
1846
2384
2858
3207
3208
3075
2624
2168
1684
946
644
769
1072
1576
2281
2915
3597
4077
4409
4167
3585
2759
1833
1119
525
147
478
1183
2189
3261
4422
5666
6626
7066
7125
6768
6079
5180
4276
3618
3051
2530
2503
3063
4167
5689
7239
8799
9968
10516
10359
9669
8390
6816
5107
3436
2034
1075
661
856
1556
2677
4047
5175
5972
6239
6101
5521
4472
3227
2008
794
-222
-1163
-1795
-1677
-986
-144
894
1837
2609
3008
3079
2759
2202
1417
510
-450
-1439
-2219
-2704
-2869
-2469
-1909
-1301
-656
104
707
1090
1037
681
239
-263
-837
-1493
-1959
-2286
-2486
-2288
-1722
-1025
-295
296
702
971
947
941
872
807
490
134
3
189
441
587
1041
1494
1736
2032
2226
2298
2227
2014
1790
1463
1085
781
666
732
852
892
1033
1197
1269
1289
1337
1250
1226
1179
997
663
351
-106
-1072
-2041
-2962
-3733
-4533
-5092
-5190
-4890
-4308
-3722
-3022
-2202
-1530
-995
-889
-1111
-1565
-2367
-3207
-4147
-4954
-5496
-5644
-5640
-5303
-4668
-3804
-2787
-1850
-1185
-704
-861
-1240
-1702
-2203
-2822
-3460
-4009
-4338
-4255
-4052
-3840
-3346
-2752
-2108
-1432
-713
-201
-120
-285
-480
-747
-1163
-1653
-2149
-2520
-2569
-2158
-1569
-997
-393
375
1018
1231
1002
826
564
-22
-624
-1161
-1667
-1781
-1568
-1383
-1098
-506
145
447
536
522
231
-261
-830
-1667
-2499
-3200
-3487
-3421
-3185
-2814
-2490
-2164
-1704
-1205
-1312
-2038
-3085
-4352
-5640
-6355
-6259
-5489
-4073
-2261
-479
726
1183
1095
434
-887
-2425
-4211
-6150
-7713
-8671
-8707
-8083
-6885
-5008
-3204
-1788
-588
-55
-170
-797
-1862
-3385
-4943
-6182
-7046
-7357
-7355
-6812
-5615
-4057
-2666
-1519
-651
-120
167
-219
-1051
-2090
-3097
-4057
-4754
-5088
-4945
-4421
-3555
-2500
-1395
-456
260
759
782
503
168
-500
-1025
-1688
-2352
-2739
-2992
-2814
-2210
-1445
-810
-164
247
450
353
14
-301
-518
-804
-1279
-1506
-1729
-1838
-1692
-1342
-802
-269
-71
-22
-75
-125
-392
-574
-901
-1126
-1074
-1113
-1153
-1102
-801
-257
17
177
366
578
776
864
880
728
405
-78
-760
-1528
-2145
-2777
-3682
-4051
-4044
-3678
-3032
-2116
-1153
-136
726
1382
1814
1923
1767
1362
829
113
-617
-1164
-1397
-1007
-377
378
1161
2038
2881
3587
4094
4263
4146
3951
3400
2672
2110
1726
1510
1465
1572
1896
2292
2876
3388
3791
4272
4366
4406
4382
4146
3785
3358
3104
2961
2982
2929
2963
2930
3126
3469
3775
3932
4021
4038
3803
3699
3576
3339
3156
3038
2962
2947
3006
2953
2885
2799
2813
2782
2666
2571
2378
2107
1777
1811
1782
1796
1781
1813
1983
2059
2145
2272
2414
2401
2205
1755
1035
434
208
336
1147
2545
4118
5414
6316
6790
6659
6155
5266
4149
2833
1482
544
16
-92
254
1192
2516
3764
4958
5832
6276
6107
5430
4661
3619
2371
1217
272
-340
-393
201
1210
2243
3217
4146
4683
5060
5060
4655
3962
2937
1905
935
234
-10
-177
123
683
1292
2061
3048
3682
3883
3714
3443
3131
2742
2092
1226
421
-21
-121
-42
264
611
1200
1662
2188
2458
2478
2211
2001
1768
1414
912
591
499
642
861
1086
1435
1697
1890
1985
2148
2256
2134
1984
1903
1760
1536
1307
1270
1305
1439
1668
2075
2326
2314
2546
2818
2889
2806
2560
2348
1969
1203
355
-497
-1282
-1889
-2199
-2394
-2586
-2242
-1383
-492
243
903
1562
1996
2172
2076
1723
1103
409
-462
-1289
-1694
-1831
-1562
-964
-111
736
1572
2242
2680
2984
2944
2549
2002
1545
1012
347
-302
-773
-796
-479
24
480
890
1285
1663
1991
2103
1979
1695
1417
954
603
296
101
-14
45
247
608
927
1264
1594
1723
1601
1336
1213
1052
918
779
560
421
322
262
277
450
511
432
314
87
-113
-233
-472
-637
-627
-863
-996
-905
-676
-556
-582
-608
-611
-519
-593
-753
-1010
-1538
-2022
-2513
-2627
-2125
-1057
452
1995
3102
3729
3673
3226
2363
1193
-339
-1947
-3179
-4009
-4354
-4115
-3362
-2196
-711
811
1946
2484
2464
1941
1000
-250
-1542
-2903
-4006
-4764
-5107
-5038
-4394
-3197
-1996
-909
13
753
985
618
5
-842
-1776
-2685
-3630
-4526
-4879
-4508
-3806
-2997
-2149
-1159
-243
255
307
241
120
-346
-1111
-1919
-2710
-3330
-3485
-3313
-3082
-2737
-2166
-1793
-1311
-867
-523
-683
-1020
-1208
-1497
-1961
-2231
-2392
-2331
-2098
-1858
-1546
-1193
-921
-629
-333
-303
-480
-676
-871
-1194
-1527
-1580
-1494
-1420
-1187
-864
-567
-287
-105
170
332
499
559
503
147
-186
-628
-1308
-2141
-2999
-3651
-4268
-4663
-4573
-4301
-3844
-3061
-1950
-1070
-438
32
399
416
90
-528
-1252
-1972
-2551
-2920
-3042
-2932
-2493
-1847
-955
72
964
1477
1666
1723
1687
1445
903
275
-332
-840
-1393
-1506
-1252
-807
-371
85
743
1334
1554
1690
1712
1601
1438
1160
872
622
382
355
431
430
609
924
1151
1433
1750
2039
2052
1791
1517
1392
1281
1100
850
805
986
1074
1186
1066
896
897
809
736
523
350
82
-182
-357
-392
-310
-258
-179
19
263
413
387
400
424
299
-36
-298
-335
-63
779
