-5621
-5288
-4779
-4420
-4299
-4230
-4275
-4298
-4555
-4925
-5285
-5337
-5200
-5125
-4951
-4710
-4490
-4268
-4221
-4111
-3912
-3781
-3685
-3708
-3913
-4269
-4949
-5903
-6732
-7559
-8278
-8808
-9127
-8969
-8543
-8001
-7343
-6413
-5398
-4552
-3973
-3687
-3810
-4149
-4787
-5710
-6507
-7014
-7438
-7493
-7153
-6527
-5738
-4746
-3659
-2700
-2167
-1914
-1902
-2197
-2598
-3076
-3787
-4326
-4674
-4839
-4996
-4981
-4546
-3945
-3363
-2863
-2391
-2135
-2291
-2687
-3360
-4195
-4992
-5376
-5395
-5224
-4555
-3363
-1987
-1030
-821
-1299
-2580
-4303
-6193
-8247
-10018
-11249
-11975
-11872
-11103
-9686
-7919
-6242
-5127
-4735
-5013
-5867
-7243
-8924
-10592
-12110
-13027
-13099
-12294
-10496
-8283
-5687
-3129
-919
520
1050
940
278
-837
-2297
-4019
-5718
-6683
-6873
-5859
-3777
-931
1819
4259
6183
7190
6956
5835
4257
2033
-672
-3370
-5507
-6919
-7578
-7171
-5895
-3959
-1856
-142
1033
1490
1259
264
-1504
-3762
-6166
-8246
-9689
-10564
-10726
-10193
-8956
-7493
-5977
-4612
-3785
-3315
-3648
-4560
-5758
-7255
-8999
-10816
-12044
-12596
-12670
-12252
-11341
-10069
-8611
-7307
-6205
-5511
-5436
-5774
-6572
-7641
-8820
-10260
-11414
-11975
-12107
-11890
-11488
-10405
-9270
-8084
-6777
-5783
-5208
-4924
-4815
-4789
-4911
-4848
-4800
-4640
-4245
-3863
-3341
-2769
-2178
-1610
-1202
-972
-845
-923
-1125
-1479
-1882
-2172
-2285
-2326
-2375
-2228
-1964
-1846
-1840
-2135
-2325
-2469
-2625
-2643
-2767
-3007
-3472
-4042
-4504
-5105
-5836
-6361
-6797
-6971
-6984
-6759
-6252
-5632
-4907
-4031
-3465
-3205
-3307
-3575
-4091
-4759
-5617
-6383
-7214
-8050
-8539
-8785
-8596
-7963
-7157
-6336
-5666
-4952
-4497
-4329
-4444
-4803
-5219
-5668
-6008
-6253
-6209
-5837
-5401
-4806
-3939
-3025
-2152
-1300
-484
181
675
998
1102
1078
1024
806
-4
-987
-2121
-3283
-4303
-5152
-5182
-4247
-2592
-564
1474
3015
4101
4844
4935
4130
2436
377
-1571
-3140
-4321
-4629
-3894
-2509
-530
1669
3658
5230
6111
6150
5557
4448
2806
1266
-364
-1664
-2048
-1623
-545
1131
3097
5025
6338
7018
7366
7260
7100
7055
7147
7325
7427
7342
7031
6660
6091
5281
4251
3114
1956
790
-72
-667
-823
-432
235
1555
2788
3699
4469
4779
4521
3999
3209
2191
958
-340
-1405
-2058
-2308
-2178
-2044
-1628
-866
-88
543
711
649
189
-512
-1363
-2249
-3118
-4032
-4745
-5041
-5042
-4949
-4582
-4300
-4159
-4172
-4232
-4226
-4444
-4529
-4660
-4862
-5012
-5202
-5224
-5013
-4783
-4467
-4148
-3818
-3854
-3975
-4051
-4149
-4210
-4495
-4623
-4583
-4482
-4301
-4008
-3621
-2964
-2328
-1895
-1486
-1196
-1101
-1219
-1317
-1578
-2003
-2301
-2765
-3142
-3252
-3246
-3300
-3188
-2912
-2575
-2424
-2186
-1850
-1556
-1476
-1652
-2182
-3041
-4001
-5156
-6485
-7780
-8935
-9794
-10158
-10125
-9871
-9494
-8661
-7551
-6524
-5731
-5229
-4824
-4758
-5235
-6099
-7107
-8260
-9258
-9980
-10383
-10464
-10347
-9578
-8798
-7915
-6963
-6201
-5805
-5762
-5988
-6394
-6693
-7137
-7713
-8358
-8689
-8789
-8559
-8031
-7360
-6619
-5799
-5169
-4724
-4171
-3731
-3565
-3454
-3269
-3134
-3085
-3019
-2793
-2372
-2050
-1746
-1316
-1049
-705
-411
-388
-502
-689
-895
-1073
-1237
-1522
-1640
-1604
-1429
-1264
-1224
-1187
-1148
-1198
-1386
-1753
-2032
-2308
-2449
-2656
-2936
-3018
-2977
-2766
-2565
-2361
-2126
-2052
-2038
-2023
-2192
-2550
-3230
-3963
-4437
-4552
-4120
-3219
-2076
-699
403
784
529
-341
-1373
-2570
-4126
-5854
-7304
-8294
-8538
-8040
-7097
-5708
-4231
-3022
-1967
-1289
-1274
-1798
-2901
-4345
-5807
-7387
-8668
-9246
-9322
-8873
-8217
-7211
-5800
-4491
-3603
-2824
-2410
-2774
-3594
-4563
-5668
-6745
-7707
-8473
-8616
-8521
-8039
-7326
-6214
-4980
-4156
-3448
-2995
-3027
-3540
-4373
-5146
-5931
-6594
-6932
-7127
-7239
-6988
-6528
-5970
-5494
-5028
-4723
-4666
-4689
-4925
-5383
-6007
-6382
-6560
-6899
-6996
-6848
-6545
-6193
-6044
-5924
-5721
-5692
-5744
-5906
-6171
-6503
-6809
-7020
-7062
-7088
-6992
-6864
-6653
-6166
-5751
-5463
-5268
-5130
-5053
-5158
-5325
-5706
-6155
-6842
-7765
-8654
-9523
-10384
-11074
-11389
-11214
-10631
-10073
-9344
-8267
-7282
-6516
-5862
-5503
-5504
-5930
-6672
-7685
-8586
-9168
-9679
-9989
-9790
-9065
-8316
-7349
-6312
-5346
-4536
-3956
-3754
-3930
-4391
-4780
-5251
-5737
-6002
-6046
-6055
-5967
-5512
-4924
-4201
-3378
-2687
-2135
-1692
-1420
-1286
-1334
-1417
-1493
-1490
-1459
-1382
-1296
-1150
-986
-567
6
366
555
753
1029
1268
1238
1147
972
912
730
537
471
467
469
485
326
125
115
47
-328
-545
-793
-1047
-1093
-952
-737
-568
-554
-511
-448
-432
-204
-32
75
-106
-764
-1354
-1731
-1906
-1559
-687
799
2369
3691
4423
4595
4217
3300
1979
578
-654
-1741
-2582
-3220
-3194
-2502
-1510
-283
987
2119
2739
2857
2425
1641
705
-514
-1845
-2940
-3759
-4148
-4079
-3530
-2602
-1238
-12
834
1402
1570
1442
722
-193
-1297
-2373
-3383
-3929
-4225
-4292
-3986
-3277
-2402
-1544
-961
-435
-19
-23
-415
-1088
-1691
-2418
-3233
-3941
-4379
-4340
-4133
-3889
-3301
-2711
-2310
-1841
-1742
-1900
-2045
-2303
-2849
-3371
-3648
-3877
-4112
-4000
-3774
-3521
-3233
-2861
-2447
-2207
-2140
-2245
-2604
-2965
-3184
-3362
-3452
-3508
-3495
-3290
-3214
-2966
-2672
-2613
-2416
-2096
-2082
-2063
-2051
-2385
-2905
-3484
-4066
-4926
-6008
-6978
-7583
-7880
-8006
-7939
-7389
-6755
-5980
-4983
-3928
-3224
-3028
-3077
-3353
-3962
-4890
-5788
-6500
-7152
-7555
-7632
-7091
-6445
-5726
-4687
-3645
-2893
-2350
-2113
-2162
-2432
-2894
-3513
-4119
-4672
-4785
-4902
-4981
-4528
-3777
-3092
-2400
-1703
-1026
-599
-472
-481
-587
-635
-557
-661
-978
-1117
-1061
-970
-706
-224
298
887
1362
1409
1385
1425
1368
1324
1342
1369
1303
1216
1081
1031
1047
1000
1075
1058
982
796
408
210
115
84
-15
-291
-338
-293
-167
-195
-281
-290
-243
-83
-66
-251
-642
-1344
-2048
-2302
-2061
-1381
-316
1187
2492
3453
4126
4114
3262
2115
716
-760
-2184
-3392
-4017
-4240
-3966
-3075
-1684
-143
1042
1659
1927
1899
1503
390
-1040
-2474
-3849
-4938
-5477
-5509
-5074
-4227
-3214
-2175
-1097
-363
39
242
-167
-1054
-2213
-3534
-4562
-5319
-5894
-5952
-5541
-4673
-3785
-2937
-2168
-1659
-1167
-1028
-1294
-1872
-2567
-3435
-4294
-5002
-5482
-5727
-5779
-5414
-5000
-4437
-3837
-3454
-3156
-2972
-3126
-3564
-4058
-4511
-4946
-5210
-5298
-5345
-5204
-4901
-4609
-4240
-3910
-3748
-3679
-3585
-3720
-4093
-4436
-4803
-5011
-5060
-5090
-5043
-4914
-4691
-4502
-4330
-4211
-3973
-3654
-3698
-3864
-3960
-4363
-4837
-5557
-6421
-7332
-8219
-9035
-9488
-9748
-9703
-9278
-8191
-7291
-6545
-5746
-5146
-4687
-4538
-4852
-5395
-6115
-7083
-8017
-8663
-8873
-8880
-8649
-8087
-7204
-6437
-5660
-4749
-4004
-3552
-3436
-3513
-3739
-4297
-4771
-5382
-5818
-5893
-5879
-5560
-4979
-4365
-3702
-2814
-1976
-1582
-1499
-1319
-1120
-1261
-1404
-1526
-1593
-1604
-1486
-1302
-1189
-664
-136
169
576
848
953
1110
1188
1197
1020
884
878
925
929
995
964
965
1000
1005
977
874
704
486
313
186
39
6
95
119
156
274
356
441
508
459
355
261
-81
-859
-1748
-2355
-2609
-2448
-1631
-389
1058
2123
2649
2937
2620
1776
852
-34
-1081
-2151
-2824
-2892
-2613
-1874
-904
181
1168
1850
2346
2329
1699
905
-231
-1387
-2389
-3302
-3810
-3824
-3467
-2575
-1435
-394
562
1294
1751
1804
1452
885
-108
-1148
-2137
-2840
-3181
-3209
-2823
-2285
-1638
-769
10
674
1224
1410
1165
635
-172
-959
-1497
-2072
-2659
-2930
-2961
-2724
-2102
-1268
-635
-345
-199
-152
-404
-805
-1258
-1799
-2263
-2750
-3114
-3292
-3354
-3175
-2987
-2777
-2477
-2312
-2316
-2159
-2019
-2199
-2501
-2761
-3166
-3510
-3651
-3659
-3519
-3111
-2801
-2502
-2452
-2364
-2312
-2461
-2550
-2519
-2620
-3054
-3664
-4534
-5596
-6445
-7264
-7791
-8050
-8105
-7911
-7507
-6619
-5493
-4522
-3844
-3374
-3114
-3133
-3504
-4132
-4932
-5775
-6524
-7099
-7327
-7099
-6429
-5606
-4728
-3681
-2629
-1989
-1566
-1324
-1341
-1721
-2183
-2525
-2958
-3389
-3690
-3796
-3436
-2867
-2233
-1630
-1028
-291
348
596
644
714
780
654
311
72
183
296
322
564
859
1161
1525
1772
1975
2256
2428
2506
2404
2321
2285
2122
2042
1980
1942
1867
1770
1841
1839
1599
1423
1297
1223
1206
980
739
676
676
562
520
474
593
682
684
652
696
724
462
359
205
25
213
942
2309
3767
5031
6028
6593
6476
5726
4467
2769
750
-1300
-2846
-3772
-4082
-3908
-2975
-1509
384
2282
3845
4815
5017
4597
3645
2195
539
-1185
-2842
-4050
-4547
-4442
-3672
-2568
-1389
-89
986
1611
1744
1481
957
164
-1044
-2446
-3787
-4740
-5241
-5445
-5165
-4344
-3273
-2195
-1222
-520
-211
-333
-493
-1039
-1827
-2677
-3235
-3724
-4170
-4419
-4603
-4505
-4214
-3692
-3327
-3076
-2853
-2928
-3011
-3009
-3224
-3547
-3795
-3824
-3711
-3673
-3440
-3014
-2697
-2361
-2070
-1974
-2020
-2292
-2627
-2723
-2783
-2973
-3241
-3192
-3085
-2938
-2635
-2359
-2074
-1816
-1566
-1392
-1390
-1328
-1474
-1770
-2179
-2880
-3722
-4547
-5425
-6189
-6769
-7249
-7413
-7066
-6542
-5864
-4897
-4009
-3228
-2704
-2447
-2536
-2916
-3473
-4317
-5206
-6014
-6663
-7203
-7263
-6904
-6058
-5004
-4064
-3215
-2681
-2277
-2098
-2183
-2589
-3168
-3696
-4245
-4460
-4607
-4854
-4873
-4736
-4167
-3326
-2627
-1939
-1325
-913
-718
-537
-528
-561
-655
-763
-973
-1109
-1043
-860
-620
-73
408
719
1001
1343
1589
1773
1798
1777
1847
1700
1609
1631
1558
1607
1775
1871
1775
1667
1567
1297
1117
1022
1049
978
871
740
735
838
854
840
876
962
1052
1195
1280
1040
644
46
-853
-1375
-1471
-1143
-196
923
2044
3038
3511
3490
2795
1644
381
-746
-1814
-2767
-3227
-3266
-2704
-1661
-371
1031
2325
3152
3401
3157
2389
1355
19
-1452
-2741
-3825
-4454
-4424
-3897
-2994
-1950
-780
388
1282
1677
1631
1364
678
-234
-1265
-2232
-3105
-3611
-3660
-3162
-2484
-1602
-610
200
860
1274
1398
1145
626
-53
-703
-1475
-2120
-2633
-2740
-2472
-2074
-1712
-1461
-965
-554
-333
-48
57
-54
-413
-963
-1343
-1589
-1945
-2082
-2013
-1834
-1627
-1421
-1258
-1178
-1021
-971
-1276
-1600
-1948
-2169
-2379
-2621
-2713
-2609
-2419
-2233
-2002
-1662
-1660
-1753
-1674
-1501
-1419
-1438
-1754
-2511
-3490
-4420
-5321
-6014
-6554
-7158
-7463
-7444
-7093
-6418
-5570
-4596
-3683
-2984
-2577
-2462
-2730
-3229
-3926
-4649
-5325
-6063
-6572
-6624
-6404
-5788
-4840
-3731
-2605
-1727
-1150
-867
-833
-938
-1073
-1371
-2029
-2578
-2867
-3027
-2908
-2555
-1930
-1231
-570
125
764
1212
1568
1705
1767
1894
1669
1470
1469
1505
1507
1709
1899
2023
2346
2777
3103
3365
3516
3633
3612
3618
3669
3675
3447
3089
2996
3013
3144
3106
2985
2880
2725
2520
2442
2328
2293
2244
2072
1782
1726
1739
1762
1818
1897
1979
1975
1915
1766
1841
1637
967
412
87
146
721
1659
3006
4407
5500
6093
5976
5442
4546
3265
1922
542
-621
-1268
-1610
-1440
-628
494
1830
3171
4199
4763
4692
4187
3373
2211
875
-398
-1668
-2463
-2565
-2085
-1271
-253
845
1791
2504
2904
3094
2818
2138
1258
90
-1033
-1864
-2315
-2385
-2253
-1736
-1081
-293
544
1322
1825
1890
1724
1318
639
-101
-817
-1505
-1984
-2282
-2464
-2484
-2223
-1735
-1096
-745
-612
-343
-352
-707
-1219
-1694
-1952
-2036
-2314
-2541
-2465
-2399
-2178
-1848
-1438
-1086
-1064
-1181
-1327
-1437
-1590
-1846
-2121
-2369
-2489
-2286
-2076
-1938
-1685
-1459
-1153
-1002
-986
-909
-835
-951
-1188
-1622
-2190
-2936
-3920
-4922
-5737
-6272
-6655
-6713
-6367
-5754
-4989
-4104
-3169
-2342
-1911
-1877
-1966
-2279
-3004
-3808
-4498
-5196
-5772
-5887
-5721
-5363
-4679
-3848
-2764
-1759
-1196
-819
-553
-669
-1085
-1620
-2121
-2545
-3086
-3416
-3447
-3069
-2439
-1831
-1095
-293
225
583
865
1160
1227
1158
848
620
516
421
336
541
878
1340
1732
1957
2205
2400
2678
3012
3163
3024
2939
2782
2619
2478
2513
2590
2656
2810
2867
2643
2439
2353
2349
2106
1771
1569
1505
1540
1575
1621
1813
1772
1716
1679
1723
1816
1890
1923
1696
1187
583
-21
-250
98
1037
2393
3846
5177
6014
6148
5572
4686
3536
2168
746
-458
-1346
-1952
-2086
-1468
-383
916
2274
3564
4313
4575
4199
3213
1915
661
-470
-1748
-2654
-2902
-2715
-2245
-1514
-385
826
1762
2339
2449
2197
1597
696
-355
-1417
-2293
-2759
-2939
-2941
-2680
-1991
-1071
-151
569
1068
1198
1050
773
457
-238
-1122
-1812
-2192
-2432
-2656
-2697
-2468
-2017
-1376
-900
-563
-267
-276
-542
-860
-1375
-1822
-2054
-2260
-2399
-2336
-2066
-1663
-1373
-1154
-939
-821
-811
-943
-971
-1096
-1430
-1701
-1960
-2018
-1906
-1932
-1821
-1572
-1147
-996
-943
-806
-691
-727
-991
-1192
-1287
-1755
-2456
-3313
-4252
-5211
-6002
-6488
-6818
-6622
-6000
-5195
-4446
-3647
-2951
-2245
-1634
-1524
-2015
-2707
-3388
-4270
-5109
-5655
-5923
-5867
-5484
-4973
-4123
-3108
-2134
-1323
-797
-565
-478
-711
-1243
-1708
-2139
-2512
-2909
-3078
-2883
-2411
-1680
-802
-137
520
1031
1348
1643
1812
1758
1628
1520
1456
1395
1419
1468
1686
2071
2315
2444
2751
3219
3737
3808
3716
3640
3487
3410
3396
3257
3229
3200
3228
3321
3362
3250
3210
3167
3079
2942
2659
2560
2450
2389
2344
2197
2223
2315
2431
2534
2491
2423
2289
2303
2174
1817
1344
836
629
793
1469
2606
4054
5479
6403
6686
6360
5637
4608
3302
1894
585
-389
-788
-986
-713
240
1641
2989
4046
4741
5152
5129
4537
3452
1969
502
-721
-1552
-2036
-1933
-1395
-627
293
1294
2170
2813
3153
3186
2815
2099
1301
339
-662
-1474
-2063
-2080
-1795
-1237
-281
684
1400
1892
2343
2363
2073
1528
895
259
-569
-1226
-1502
-1638
-1669
-1462
-1024
-524
-141
187
511
518
431
202
-154
-400
-915
-1396
-1626
-1587
-1250
-958
-668
-319
-60
131
102
38
-63
-286
-569
-656
-720
-865
-1152
-1301
-1113
-641
-275
-161
-185
-128
16
120
271
221
-247
-917
-1563
-2426
-3345
-4185
-4893
-5361
-5410
-5253
-4872
-4361
-3687
-2762
-1800
-1012
-577
-570
-890
-1448
-2039
-2715
-3598
-4339
-4711
-4723
-4431
-3859
-3079
-2263
-1351
-451
170
469
641
460
-116
-736
-1241
-1708
-1939
-1915
-1795
-1653
-1138
-514
214
793
1368
1726
1870
1910
1709
1397
1174
1158
1163
1075
1395
1857
2226
2413
2354
2323
2030
1537
1054
535
305
69
236
705
1311
2135
2877
3561
3838
3494
2802
2088
1179
382
-191
-362
-186
465
1487
2686
4001
5215
6241
6622
6484
5979
5362
4509
3822
3332
2726
2251
2271
2533
3352
4793
6546
8225
9286
9884
9884
8883
7479
5904
4302
2724
1320
525
263
471
1233
2291
3415
4445
5212
5553
5565
5022
4091
2816
1387
121
-966
-1651
-1943
-1875
-1416
-849
60
1199
1927
2259
2431
2266
1624
726
-367
-1390
-2291
-3242
-3796
-3771
-3387
-2838
-2194
-1416
-545
263
705
804
335
-199
-596
-1236
-2019
-2455
-2783
-2775
-2487
-1965
-1386
-679
-110
247
569
827
833
671
405
66
-126
-238
-88
76
313
587
949
1437
1747
1883
2088
2024
1720
1294
917
868
594
462
496
584
723
790
862
982
1042
1024
976
1164
1177
1046
782
343
-311
-1085
-1995
-3053
-3859
-4536
-4830
-4849
-4646
-4278
-3636
-2884
-2134
-1442
-1017
-985
-1273
-1869
-2426
-3089
-3925
-4644
-5142
-5450
-5576
-4989
-4146
-3445
-2783
-2019
-1292
-815
-626
-742
-1227
-2063
-2771
-3299
-3762
-4111
-4314
-4010
-3438
-2926
-2237
-1564
-1053
-562
-241
27
16
-198
-575
-1051
-1468
-1987
-2295
-2318
-2061
-1514
-854
-229
506
1233
1592
1621
1313
838
249
-375
-917
-1183
-1309
-1334
-1048
-623
-157
347
873
1202
1105
559
-139
-747
-1450
-2266
-2878
-3062
-3019
-2775
-2275
-1795
-1289
-934
-1052
-1243
-1726
-2824
-4156
-5377
-6123
-6054
-5124
-3680
-1918
-365
789
1408
1186
478
-802
-2512
-4373
-6058
-7560
-8585
-8548
-7695
-6170
-4531
-2911
-1475
-378
167
-4
-652
-1727
-3161
-4676
-6022
-6958
-7276
-7005
-6143
-4988
-3673
-2414
-1312
-236
217
132
-224
-989
-2021
-3205
-4189
-4801
-4933
-4722
-4326
-3484
-2354
-1121
-242
371
776
990
881
464
-170
-984
-1652
-2331
-2845
-2828
-2425
-1790
-1268
-866
-426
-13
305
356
194
-110
-504
-979
-1465
-1572
-1554
-1487
-1291
-1043
-672
-294
-100
89
348
338
105
-265
-574
-901
-1205
-1408
-1217
-950
-710
-462
-279
59
298
762
1150
1211
1079
819
456
-4
-623
-1455
-2419
-3103
-3454
-3687
-3612
-3312
-2856
-2026
-1048
-198
614
1318
1748
2055
1927
1309
578
-45
-625
-1108
-1208
-951
-587
-29
787
1986
2909
3512
3904
3972
3954
3857
3479
2850
2226
1736
1412
1292
1493
1886
2334
2868
3294
3722
4127
4274
4318
4135
3854
3638
3324
2828
2451
2441
2649
2781
2918
3018
3135
3394
3791
3841
3715
3745
3609
3360
3000
2848
2893
2945
2878
2787
2771
2823
2917
2857
2731
2494
2224
2157
2156
1846
1705
1611
1604
1653
1715
1804
1889
2003
2138
2058
1723
1629
1440
614
-239
-646
-538
252
1244
2460
3886
4917
5407
5483
4925
4118
3155
1937
777
75
-323
-368
174
1070
2295
3438
4553
5325
5556
5421
4681
3780
2781
1654
681
-303
-878
-792
-45
884
1818
2885
3877
4521
4809
4613
4082
3526
2581
1668
774
100
-149
-112
290
961
1783
2596
3264
3895
4209
4060
3787
3401
2735
1919
1296
858
576
360
294
423
855
1505
1897
2301
2635
2726
2657
2370
1854
1291
917
558
368
313
449
634
825
1131
1406
1697
1790
1585
1429
1213
872
682
673
685
763
841
892
1148
1554
1756
1845
1959
2088
2030
1904
1814
1592
1225
695
33
-793
-1659
-2406
-2714
-2763
-2690
-2254
-1693
-1097
-319
575
1376
1866
1964
1728
1159
462
-378
-961
-1406
-1861
-2069
-1718
-1046
-210
559
1352
2119
2714
2943
3049
2904
2335
1623
856
268
-155
-420
-317
-179
22
376
837
1366
1741
2096
2362
2153
1808
1492
1137
860
489
206
236
295
415
582
743
964
1087
1183
1268
1156
1034
822
661
485
308
216
184
222
215
196
158
241
181
-56
-431
-652
-698
-868
-1115
-1213
-1255
-1169
-1135
-1070
-1141
-1215
-1064
-982
-921
-1080
-1330
-1789
-2241
-2261
-1903
-1074
159
1751
3175
4223
4572
4295
3597
2246
527
-1331
-2944
-4150
-5176
-5561
-5038
-3981
-2416
-583
1120
2297
2989
3216
2750
1758
415
-1284
-2990
-4483
-5380
-5550
-5257
-4508
-3282
-1947
-671
419
1028
1319
1180
379
-815
-2079
-3276
-4242
-4961
-5442
-5371
-4765
-3884
-2839
-1737
-822
-259
-56
-166
-598
-1153
-1717
-2445
-3190
-3712
-3850
-3814
-3789
-3530
-3047
-2474
-2103
-1750
-1580
-1637
-1751
-1947
-2203
-2479
-2818
-2946
-2863
-2664
-2362
-1892
-1417
-920
-616
-578
-629
-704
-842
-1006
-1197
-1392
-1532
-1517
-1240
-987
-600
-83
243
421
540
605
701
738
759
742
148
-714
-1430
-2097
-2744
-3540
-4146
-4356
-4232
-3969
-3252
-2465
-1571
-559
256
788
887
726
554
-18
-904
-1862
-2499
-2755
-2999
-3000
-2720
-1942
-891
65
909
1579
1956
1953
1615
1273
648
-187
-775
-1219
-1632
-1695
-1606
-1235
-770
-177
432
872
1169
1207
1160
1154
886
421
175
40
-141
-180
-76
128
285
499
744
989
1162
1224
1304
1413
1332
1184
1101
1120
1201
1088
1051
1085
1086
1136
1007
956
1051
1042
657
295
165
225
225
284
223
104
139
212
247
502
656
526
435
300
107
-156
-474
-610
-360
