-5427
-5109
-4611
-4126
-3989
-4130
-4242
-4398
-4703
-5085
-5219
-5252
-5228
-5120
-5085
-4794
-4338
-4220
-4335
-4236
-3910
-3694
-3700
-3848
-4074
-4610
-5375
-6209
-6998
-7865
-8778
-9247
-9519
-9467
-9099
-8440
-7675
-6759
-5855
-4993
-4240
-3797
-3751
-4046
-4557
-5372
-6254
-6983
-7353
-7413
-7039
-6395
-5504
-4606
-3600
-2691
-1988
-1710
-1709
-1830
-2322
-2858
-3356
-4018
-4602
-4921
-4943
-4749
-4482
-4074
-3432
-2876
-2478
-2264
-2248
-2536
-3043
-3983
-4781
-5086
-5250
-4967
-4084
-3021
-1869
-1029
-854
-1406
-2675
-4287
-6104
-8057
-9889
-11430
-12139
-11960
-10949
-9361
-7767
-6554
-5529
-5019
-5358
-6352
-7848
-9516
-11204
-12744
-13569
-13652
-12900
-11183
-8692
-6029
-3460
-1364
18
742
642
25
-1041
-2465
-4032
-5471
-6519
-6572
-5463
-3427
-725
2291
4981
6861
7662
7491
6450
4662
2401
-237
-3018
-5578
-7122
-7645
-7264
-5866
-4007
-1973
-53
1192
1586
1376
398
-1457
-3790
-6283
-8515
-10223
-11290
-11577
-11007
-9660
-8036
-6367
-4863
-3654
-3113
-3239
-3852
-5240
-7187
-9160
-10947
-12301
-12896
-12903
-12543
-11816
-10617
-9153
-7703
-6725
-5962
-5551
-5775
-6661
-7871
-9233
-10691
-11856
-12623
-12974
-12765
-12214
-11181
-9961
-8642
-7454
-6484
-5624
-4891
-4523
-4309
-4339
-4435
-4389
-4354
-3900
-3365
-2878
-2285
-1659
-1167
-713
-458
-324
-376
-640
-1046
-1407
-1578
-1631
-1623
-1638
-1641
-1437
-1319
-1453
-1646
-1732
-1954
-2219
-2429
-2767
-3148
-3574
-4125
-4847
-5551
-6191
-6829
-7200
-7216
-6965
-6724
-6500
-5991
-5096
-4165
-3573
-3219
-2993
-3094
-3804
-4828
-5792
-6657
-7442
-8155
-8611
-8633
-8422
-7862
-7020
-6055
-5271
-4802
-4402
-4064
-4159
-4678
-5225
-5625
-6081
-6533
-6616
-6434
-5974
-5127
-4048
-3001
-2120
-1405
-685
9
549
758
953
1029
940
690
85
-984
-2171
-3279
-4241
-4871
-4832
-3792
-2098
-94
1768
3170
4368
5039
4888
3850
2081
155
-1507
-2967
-4031
-4356
-3688
-2238
-382
1629
3412
4668
5528
5733
5120
3876
2366
689
-797
-1827
-2279
-1902
-651
1049
3058
5008
6205
6819
7133
7267
7282
7260
7303
7503
7699
7722
7399
6896
6419
5757
4608
3161
1793
771
-111
-759
-900
-564
100
1178
2363
3416
4084
4406
4442
3913
2897
1532
331
-792
-1942
-2867
-3315
-3180
-2676
-1945
-1103
-166
624
903
794
283
-326
-1051
-2123
-3150
-4024
-4626
-4980
-5069
-5054
-4960
-4697
-4398
-4034
-3781
-3820
-4076
-4296
-4392
-4778
-5070
-5090
-5127
-5119
-5010
-4595
-4281
-4231
-4076
-3996
-4045
-4172
-4348
-4531
-4594
-4282
-4067
-3858
-3527
-3012
-2338
-2049
-1504
-1007
-675
-495
-426
-483
-863
-1472
-2004
-2298
-2585
-2818
-2799
-2758
-2652
-2386
-2186
-1983
-1685
-1325
-1066
-1170
-1438
-2006
-2797
-3883
-5252
-6546
-7826
-9092
-9990
-10470
-10507
-10261
-9597
-8709
-7478
-6228
-5301
-4707
-4420
-4405
-4916
-5609
-6599
-7713
-8678
-9531
-9992
-9972
-9426
-8725
-8001
-7164
-6391
-5714
-5184
-5091
-5413
-5788
-6327
-6990
-7608
-8104
-8285
-8231
-8074
-7801
-7005
-6234
-5513
-4850
-4417
-3864
-3267
-2939
-2933
-2885
-2674
-2415
-2163
-1888
-1505
-1221
-855
-392
-95
30
249
327
207
10
-229
-477
-687
-782
-1018
-1030
-919
-772
-785
-1103
-1221
-1167
-992
-1148
-1436
-1747
-2081
-2369
-2490
-2435
-2540
-2702
-2722
-2463
-2102
-1985
-1973
-1811
-1712
-2004
-2659
-3408
-3855
-3893
-3414
-2637
-1330
183
1450
1910
1583
852
-86
-1527
-3293
-4989
-6230
-7082
-7587
-7514
-6735
-5500
-4078
-2734
-1564
-861
-993
-1557
-2500
-3848
-5450
-6996
-8205
-8947
-9139
-8691
-7748
-6502
-5085
-3785
-2741
-2056
-1812
-2025
-2767
-3736
-4920
-6292
-7550
-8218
-8314
-8137
-7448
-6519
-5439
-4423
-3550
-2888
-2687
-2613
-2758
-3416
-4256
-5033
-5909
-6681
-7083
-7065
-6729
-6330
-5897
-5383
-4823
-4232
-4047
-4257
-4648
-4914
-5269
-5801
-6133
-6294
-6088
-5945
-5935
-5794
-5454
-5140
-5058
-5083
-5210
-5232
-5439
-5716
-6051
-6254
-6378
-6616
-6649
-6498
-6247
-5819
-5468
-5421
-5499
-5345
-5061
-4777
-4939
-5546
-6313
-7193
-8053
-8962
-9954
-10632
-11126
-11450
-11532
-10998
-10183
-9454
-8559
-7501
-6420
-5648
-5516
-5610
-5976
-6645
-7428
-8407
-9197
-9454
-9377
-9216
-8746
-8014
-6994
-5816
-4890
-4051
-3517
-3322
-3338
-3504
-3991
-4484
-4943
-5505
-5890
-5706
-5377
-4957
-4322
-3653
-2831
-2156
-1727
-1387
-1099
-827
-829
-962
-1065
-1101
-1071
-1036
-968
-657
-348
-88
221
520
900
1115
1250
1290
1259
1139
1018
1054
879
675
627
762
749
616
458
299
98
-97
-312
-304
-437
-701
-871
-792
-843
-730
-514
-460
-423
-285
-45
-29
62
27
-457
-1075
-1540
-1715
-1215
-158
1320
2807
4137
5163
5409
4976
4050
2824
1371
-25
-1277
-2521
-3307
-3441
-2868
-1558
-52
1219
2307
2977
3238
2995
2154
1121
-294
-1861
-3034
-3885
-4283
-4086
-3320
-2367
-1246
-26
995
1691
1901
1717
1270
416
-720
-2008
-3143
-3969
-4340
-4351
-3939
-3186
-2323
-1429
-644
-123
84
-94
-427
-883
-1715
-2846
-3679
-4055
-4203
-4271
-4284
-3953
-3388
-2887
-2389
-2017
-1780
-1838
-1958
-2096
-2530
-3066
-3431
-3604
-3517
-3336
-3170
-3028
-2768
-2428
-2031
-1890
-1859
-1857
-1869
-2130
-2599
-2817
-3050
-3182
-3200
-3110
-2885
-2503
-2319
-2324
-2190
-2203
-2169
-2020
-2066
-2206
-2837
-3576
-4404
-5284
-6188
-6967
-7669
-8002
-8114
-7930
-7416
-6701
-5780
-4900
-4184
-3549
-3222
-3181
-3447
-3882
-4578
-5526
-6440
-7127
-7557
-7471
-6914
-6236
-5315
-4421
-3439
-2531
-2027
-1822
-1683
-1933
-2510
-2953
-3608
-4255
-4665
-4729
-4589
-4202
-3588
-2958
-2255
-1539
-982
-598
-285
-133
-133
-371
-655
-836
-1062
-1007
-807
-569
-281
33
508
962
1348
1526
1518
1620
1756
1600
1426
1385
1348
1220
901
824
995
1013
952
964
856
564
248
2
-302
-404
-625
-971
-1224
-1168
-1031
-693
-403
-257
-206
-359
-704
-977
-1181
-1521
-1882
-2263
-2214
-1418
-221
1251
2679
3830
4549
4447
3521
2316
986
-580
-2118
-3334
-4063
-4233
-3912
-3065
-1859
-551
669
1628
2060
1897
1161
91
-1408
-2992
-4303
-5175
-5739
-5964
-5395
-4469
-3244
-1920
-847
-37
247
147
-286
-869
-2018
-3242
-4384
-5225
-5897
-6161
-5757
-5031
-4074
-3052
-2204
-1549
-1111
-1072
-1424
-2016
-2714
-3465
-4329
-5137
-5741
-6115
-6056
-5686
-5089
-4430
-3841
-3439
-3077
-2947
-3148
-3595
-3985
-4285
-4545
-4732
-4905
-5001
-4881
-4488
-4136
-3780
-3562
-3397
-3377
-3392
-3468
-3736
-4006
-4180
-4408
-4617
-4621
-4623
-4519
-4386
-4039
-3699
-3563
-3479
-3494
-3408
-3564
-3930
-4310
-4856
-5618
-6635
-7697
-8547
-9149
-9571
-9786
-9591
-9138
-8442
-7515
-6558
-5792
-5111
-4482
-4191
-4414
-5019
-5691
-6411
-7373
-8116
-8468
-8538
-8295
-7536
-6477
-5697
-4838
-3945
-3353
-2921
-2576
-2666
-3036
-3638
-4369
-4977
-5408
-5816
-5784
-5310
-4688
-3940
-3156
-2356
-1563
-1077
-759
-636
-531
-352
-544
-793
-904
-1076
-1003
-780
-490
-91
585
1029
1298
1600
1831
1885
1763
1680
1615
1488
1369
1123
1005
1051
1111
1109
1093
1084
1116
943
723
510
489
474
152
-191
-302
-284
-296
-206
96
393
597
605
506
431
27
-654
-1434
-2135
-2432
-2102
-1066
149
1533
2715
3485
3637
3022
2287
1340
205
-912
-1986
-2606
-2677
-2402
-1712
-456
918
2044
2704
2891
2817
2349
1438
164
-1293
-2601
-3614
-4217
-4011
-3337
-2302
-1056
73
1104
1878
2276
2280
2134
1569
633
-558
-1645
-2458
-3011
-3190
-2682
-1937
-1161
-389
496
1402
1782
1677
1325
1017
356
-634
-1539
-2092
-2608
-2892
-2799
-2609
-2146
-1565
-1066
-641
-376
-198
-199
-488
-1078
-1707
-2100
-2584
-2958
-3018
-2968
-2823
-2652
-2446
-2105
-1880
-1826
-1915
-2070
-2316
-2455
-2539
-2854
-3094
-3072
-3105
-3296
-3149
-2792
-2779
-2865
-2907
-2645
-2326
-2088
-2199
-2594
-3101
-3811
-4780
-5749
-6492
-7230
-7961
-8409
-8482
-8168
-7434
-6618
-5721
-4724
-3817
-3091
-2943
-3019
-3330
-4000
-4777
-5619
-6322
-6751
-6761
-6508
-5959
-5123
-4199
-3327
-2596
-1947
-1310
-940
-1053
-1373
-1876
-2447
-2997
-3346
-3533
-3612
-3245
-2769
-2224
-1579
-777
-68
350
649
870
1089
1106
841
665
553
548
693
739
860
1166
1364
1659
2145
2467
2647
2573
2517
2506
2326
1997
1864
1782
1891
1864
1642
1514
1692
1758
1726
1589
1376
952
537
367
353
391
249
279
322
287
326
453
618
661
753
887
922
505
111
118
385
1083
2432
3944
5421
6630
7197
7109
6462
5243
3409
1375
-644
-2279
-3458
-4141
-4025
-3204
-1722
237
2197
3678
4723
5010
4649
3610
2158
431
-1326
-2986
-4261
-5000
-5150
-4621
-3538
-2163
-641
540
1468
2090
2052
1405
429
-622
-2029
-3477
-4539
-5141
-5355
-5109
-4297
-3328
-2445
-1498
-737
-255
-160
-321
-819
-1549
-2368
-3197
-3924
-4437
-4684
-4841
-4881
-4635
-4127
-3502
-3088
-2724
-2646
-2746
-3035
-3378
-3368
-3504
-3754
-3713
-3520
-3014
-2512
-2192
-1781
-1456
-1357
-1489
-1470
-1528
-1840
-2148
-2314
-2607
-2720
-2633
-2505
-2299
-1975
-1518
-1244
-1209
-1202
-1191
-1099
-1151
-1502
-1952
-2713
-3687
-4781
-5823
-6716
-7331
-7666
-7830
-7566
-7008
-6136
-5117
-4188
-3205
-2373
-1907
-2173
-2736
-3350
-3988
-4889
-5838
-6607
-7026
-7095
-6713
-6059
-5193
-4292
-3327
-2403
-1953
-1623
-1604
-1931
-2584
-3477
-4195
-4589
-4791
-4716
-4494
-4237
-3780
-3316
-2649
-1715
-901
-357
-229
-148
-31
-90
-333
-352
-451
-624
-464
-55
478
740
1021
1606
2005
2185
2337
2538
2598
2441
2155
2081
2195
2239
2305
2329
2214
2067
1868
1761
1801
1792
1647
1444
1116
942
917
958
810
719
861
893
935
1017
1279
1402
1417
1364
1107
510
-182
-721
-792
-347
595
1775
3051
4208
4704
4595
3806
2704
1440
19
-1132
-2171
-2907
-3088
-2543
-1419
92
1631
2970
3901
4108
3747
2997
1976
579
-1015
-2506
-3621
-4391
-4489
-3791
-2728
-1474
-78
1143
2026
2590
2708
2442
1908
1003
-195
-1490
-2589
-3120
-3195
-2812
-2025
-1143
-180
707
1348
1832
1928
1729
1309
726
-12
-1042
-1803
-2200
-2281
-2231
-1988
-1546
-961
-474
16
483
644
378
40
-224
-539
-830
-1129
-1362
-1415
-1384
-1337
-1305
-1076
-754
-474
-564
-752
-973
-1249
-1366
-1808
-1992
-1973
-1903
-1770
-1557
-1524
-1586
-1692
-1776
-1660
-1559
-1566
-1587
-1691
-1988
-2524
-3325
-4278
-5204
-5914
-6642
-7148
-7494
-7383
-6905
-6200
-5255
-4213
-3353
-2589
-1976
-1869
-2244
-2727
-3413
-4235
-5110
-5761
-5998
-5897
-5467
-4819
-4158
-3228
-2136
-1186
-452
18
168
121
-235
-852
-1633
-2256
-2671
-2845
-2692
-2250
-1653
-959
-199
558
1200
1670
1996
2045
2107
2013
1775
1692
1524
1306
1379
1519
1889
2117
2305
2715
3142
3465
3784
3789
3742
3721
3509
3330
3224
3102
2990
2865
2772
2709
2708
2729
2587
2468
2313
1891
1617
1682
1639
1379
1266
1403
1504
1494
1737
1814
1777
1792
1702
1564
1220
636
114
-218
-85
540
1691
3118
4477
5659
6473
6592
5917
4888
3692
2328
836
-454
-1273
-1666
-1472
-571
826
2085
3032
3942
4499
4580
4116
3371
2287
896
-496
-1570
-2401
-2773
-2444
-1438
-159
928
1833
2550
3187
3344
3114
2488
1606
435
-775
-1754
-2219
-2323
-2244
-1772
-975
-1
704
1129
1613
1859
1749
1317
543
-61
-860
-1743
-2508
-2897
-2834
-2633
-2316
-1812
-1287
-831
-442
-311
-401
-598
-1020
-1369
-1706
-2003
-2270
-2303
-2095
-1842
-1729
-1398
-1094
-806
-596
-482
-614
-1106
-1384
-1583
-1899
-2069
-2024
-2001
-1928
-1706
-1349
-1095
-997
-843
-610
-529
-522
-654
-1129
-1824
-2461
-2995
-3910
-4925
-5753
-6361
-6788
-6719
-6181
-5509
-4849
-4198
-3165
-2118
-1575
-1517
-1671
-1912
-2405
-3322
-4125
-4760
-5376
-5685
-5443
-4644
-3843
-2967
-2054
-1325
-662
-290
-137
-264
-658
-1081
-1844
-2462
-2837
-3135
-3177
-2865
-2080
-1357
-776
-245
423
1114
1425
1501
1591
1484
1367
1242
1330
1370
1333
1378
1572
1980
2440
2794
3127
3335
3443
3510
3493
3345
3330
3299
3019
2896
2890
2842
2884
2876
2836
2811
2819
2903
2730
2468
2351
2257
2099
1920
1752
1664
1811
2133
2266
2147
2161
2400
2620
2615
2263
1767
1138
611
462
913
1949
3352
4868
6057
6803
6949
6656
5931
4710
3350
1860
532
-498
-1355
-1372
-660
444
1767
3019
4066
4721
4925
4745
3925
2803
1450
-65
-1447
-2375
-2755
-2643
-1946
-835
335
1386
2265
2920
3427
3305
2683
1719
772
-208
-1308
-2128
-2550
-2208
-1621
-1158
-519
305
1169
1856
2217
2120
1745
1102
111
-790
-1510
-1986
-2287
-2338
-2238
-1935
-1395
-827
-286
222
476
488
145
-241
-589
-851
-1204
-1534
-1580
-1565
-1421
-1199
-761
-416
-171
67
288
269
-82
-477
-595
-763
-1047
-1225
-1435
-1289
-842
-501
-369
-276
-194
-170
-99
-30
0
-157
-588
-1230
-2096
-3159
-4311
-5272
-5879
-6234
-6312
-6091
-5563
-4881
-4026
-2957
-2201
-1597
-1270
-1268
-1636
-2345
-2921
-3477
-4269
-5094
-5411
-5363
-4995
-4281
-3333
-2305
-1324
-622
-248
-57
9
-119
-613
-1275
-1813
-2162
-2315
-2518
-2567
-2253
-1601
-769
79
820
1281
1602
1859
2014
2194
2214
2088
1901
1767
1713
1588
1727
2254
2810
3226
3592
3749
3895
4050
4064
4044
3971
3900
3708
3395
3301
3438
3512
3410
3171
3121
3089
2992
2799
2490
2255
2146
2024
1860
1708
1702
1596
1704
1841
2031
2169
2196
2134
2142
2277
2197
1523
731
370
523
1386
2630
4035
5375
6283
6712
6701
6082
5045
3612
2125
751
-362
-1085
-1300
-963
-71
1196
2548
3751
4561
4999
4859
4002
2876
1715
545
-615
-1788
-2442
-2380
-1903
-1170
-150
1090
2235
3096
3496
3454
2962
2086
1211
220
-835
-1820
-2476
-2465
-2082
-1405
-552
358
1153
1659
2050
2103
1903
1479
792
-46
-1083
-1844
-2202
-2326
-2252
-1909
-1404
-758
-286
56
350
523
424
-108
-559
-821
-1033
-1434
-1772
-1703
-1348
-879
-474
-272
-150
181
332
335
217
-14
-423
-782
-974
-1100
-1113
-985
-926
-828
-691
-479
-215
-124
-46
18
-25
-86
-413
-1099
-1922
-2901
-3761
-4481
-5245
-5747
-5960
-5858
-5307
-4688
-4037
-3212
-2140
-1258
-808
-723
-948
-1457
-2230
-2919
-3589
-4391
-4912
-4891
-4518
-3801
-2911
-2069
-1223
-400
389
879
956
658
232
-292
-863
-1329
-1509
-1735
-1890
-1565
-1053
-358
309
899
1413
1806
1904
1746
1687
1523
1221
971
954
1253
1627
2003
2501
2780
2815
2648
2279
1700
1097
695
421
355
568
1216
1972
2612
3285
3795
3998
3675
3003
2035
1217
509
-98
-450
-93
717
1679
2866
4073
5174
6045
6526
6592
6238
5449
4513
3728
3171
2742
2459
2370
2684
3730
5315
6979
8560
9568
10192
10165
9437
8188
6499
4726
3109
1832
825
330
605
1452
2503
3704
4889
5738
6036
5838
5207
4371
3222
1813
441
-740
-1617
-2168
-2034
-1365
-342
769
1765
2449
2826
3056
2887
2387
1491
451
-566
-1745
-2692
-3060
-3088
-2807
-2377
-1539
-366
463
934
1236
1264
884
462
-211
-1087
-1650
-2010
-2366
-2453
-2305
-1828
-1131
-405
194
548
959
1339
1406
1291
1032
923
885
732
642
639
940
1370
1574
1858
2342
2586
2637
2618
2456
2121
1663
1353
1176
1049
996
977
1131
1274
1469
1471
1499
1594
1503
1517
1215
907
733
310
-378
-1094
-2045
-2975
-3883
-4666
-5011
-5051
-4757
-4275
-3660
-2900
-2212
-1461
-696
-193
-418
-1144
-1944
-2754
-3562
-4448
-5062
-5272
-5185
-4731
-3996
-3161
-2166
-1402
-971
-715
-736
-906
-1274
-1670
-2231
-3123
-3758
-4072
-4126
-3932
-3546
-2883
-2071
-1327
-797
-523
-297
-15
-16
-218
-311
-622
-1285
-1820
-2104
-2147
-1866
-1364
-660
131
758
1232
1532
1737
1592
1260
739
-42
-671
-1064
-1328
-1404
-1185
-558
-15
174
452
798
659
245
-203
-823
-1877
-2834
-3245
-3542
-3544
-3208
-2776
-2310
-2034
-1747
-1515
-1443
-1918
-2757
-3698
-4735
-5536
-5718
-4838
-3228
-1508
78
1346
1934
1740
1006
-186
-1793
-3808
-5697
-7246
-8320
-8601
-8141
-6962
-5041
-3010
-1462
-440
15
67
-652
-1966
-3435
-5015
-6291
-7224
-7679
-7480
-6825
-5674
-4071
-2481
-1086
-126
269
437
101
-684
-1635
-2730
-3775
-4598
-5028
-4997
-4359
-3368
-2222
-1039
-82
670
1114
1085
901
669
86
-846
-1726
-2313
-2712
-2887
-2639
-2188
-1686
-996
-443
15
326
373
150
-150
-538
-1005
-1256
-1193
-1100
-1113
-1042
-791
-350
157
348
479
626
540
186
-153
-548
-783
-881
-940
-797
-563
-418
-363
-188
210
601
863
962
1056
1090
945
516
-183
-962
-1859
-2684
-3332
-3881
-4193
-4012
-3424
-2835
-2208
-1346
-252
704
1498
1828
1803
1712
1299
594
108
-338
-690
-940
-902
-421
339
1297
2302
3088
3844
4270
4275
4120
3900
3527
2989
2371
1847
1472
1415
1478
1743
2286
2846
3310
3848
4395
4470
4366
4340
4112
3796
3473
3175
3024
3049
3018
3109
3314
3464
3609
3764
3925
3981
4074
4014
3890
3742
3633
3557
3400
3151
2942
2807
2719
2796
2772
2622
2501
2384
2232
2010
1848
1614
1451
1391
1393
1562
1623
1853
2056
2016
2033
2162
2341
2247
1728
1118
519
-40
57
610
1705
3037
4483
5561
5996
5852
5191
4446
3495
2437
1322
450
74
59
540
1448
2668
3866
4893
5536
5806
5677
5187
4281
2907
1615
600
-177
-580
-453
121
1149
2329
3451
4383
4986
5451
5388
4806
4016
3135
2211
1390
737
335
393
905
1457
2159
3115
3887
4438
4640
4530
4388
4029
3297
2479
1803
1049
537
343
527
926
1353
1864
2408
2786
3003
2940
2806
2648
2331
1842
1393
1222
1060
894
796
916
1422
1927
2100
2141
2183
2243
2241
2062
1785
1740
1460
1071
1039
1261
1473
1524
1755
1969
2231
2378
2401
2501
2381
2228
1978
1506
883
62
-835
-1542
-2203
-2609
-2813
-2860
-2573
-1925
-1201
-274
710
1456
1970
2046
1933
1420
816
179
-491
-1121
-1425
-1419
-1009
-300
484
1275
2144
2843
3250
3470
3419
3149
2700
2010
1129
524
211
28
-49
105
433
915
1532
1992
2349
2783
2806
2585
2327
1958
1448
1102
837
567
385
483
706
984
1118
1293
1627
1808
1783
1619
1358
1189
1078
929
758
704
613
270
-27
160
373
379
288
74
-165
-409
-533
-793
-1059
-1235
-1418
-1245
-1109
-1135
-1126
-1103
-1001
-955
-889
-917
-1221
-1712
-2102
-1983
-1403
-505
724
2386
4056
4955
5407
5367
4516
3173
1635
-247
-2183
-3778
-4781
-5047
-4765
-3849
-2117
-325
1335
2714
3452
3480
2887
1957
665
-910
-2763
-4253
-5116
-5585
-5370
-4563
-3395
-1916
-401
845
1373
1500
1301
664
-245
-1392
-2581
-3787
-4619
-4953
-4924
-4434
-3707
-2659
-1575
-733
-281
-25
5
-277
-859
-1674
-2357
-2898
-3495
-4038
-4370
-4340
-3988
-3525
-2993
-2452
-1840
-1520
-1337
-1314
-1511
-1718
-1885
-2015
-2232
-2310
-2032
-1619
-1268
-871
-586
-373
-203
-134
-92
-162
-362
-475
-723
-946
-896
-714
-506
-295
-4
388
462
505
811
876
822
606
346
-85
-831
-1701
-2388
-3229
-4135
-4611
-4738
-4582
-4220
-3652
-2881
-1880
-887
-110
589
953
807
260
-473
-1321
-2081
-2678
-3099
-3290
-3088
-2555
-1829
-922
85
977
1537
1750
1898
1608
1087
565
-180
-1011
-1592
-1781
-1792
-1714
-1300
-720
-202
263
747
1166
1351
1424
1390
1148
994
604
156
-39
-165
11
392
727
1045
1412
1772
1978
2023
1935
1728
1609
1677
1548
1332
1135
984
1040
1139
1213
1082
998
1002
824
692
400
94
-66
-199
-263
-172
-101
-146
-72
28
291
402
263
263
292
269
22
-459
-647
-560
-85
