-5043
-4671
-4254
-3981
-3908
-4149
-4338
-4344
-4500
-4738
-4951
-4846
-4811
-4759
-4632
-4376
-4124
-3838
-3603
-3432
-3343
-3142
-3036
-3022
-3168
-3661
-4314
-5164
-6063
-7060
-7857
-8164
-8290
-8208
-8081
-7695
-6845
-5858
-4969
-4178
-3687
-3401
-3355
-3590
-4273
-5217
-6013
-6667
-7113
-7209
-6926
-6271
-5294
-4261
-3374
-2591
-2009
-1691
-1538
-1574
-1956
-2620
-3472
-4213
-4618
-4803
-4821
-4651
-4153
-3626
-3103
-2507
-2117
-1985
-1995
-2296
-2775
-3573
-4530
-4960
-5093
-4828
-4156
-2994
-1783
-792
-811
-1490
-2546
-3895
-5665
-7757
-9730
-11066
-11729
-11435
-10322
-8800
-7059
-5607
-4701
-4266
-4488
-5297
-6777
-8609
-10512
-11975
-12662
-12714
-11992
-10278
-7790
-5122
-2703
-567
1048
1729
1584
952
-175
-1596
-3237
-4829
-5857
-6188
-5459
-3506
-887
1916
4523
6450
7409
7424
6522
4857
2773
418
-2221
-4422
-5801
-6487
-6154
-4812
-3185
-1375
374
1528
1885
1429
365
-1245
-3237
-5316
-7492
-9180
-10062
-10124
-9622
-8368
-6724
-5252
-4020
-3065
-2758
-3123
-4089
-5300
-6834
-8516
-10101
-11429
-12106
-12201
-11818
-10791
-9278
-7813
-6588
-5562
-4857
-4872
-5379
-6146
-7196
-8388
-9498
-10684
-11438
-11636
-11232
-10675
-9774
-8627
-7506
-6493
-5562
-4827
-4331
-4162
-3942
-3901
-3939
-3949
-3963
-3778
-3474
-2981
-2119
-1535
-1160
-798
-626
-558
-581
-866
-1182
-1414
-1561
-1662
-1736
-1655
-1670
-1687
-1647
-1589
-1547
-1619
-1923
-2220
-2362
-2437
-2713
-3232
-3701
-4231
-4698
-5057
-5677
-6156
-6512
-6560
-6093
-5512
-4963
-4357
-3636
-2960
-2564
-2415
-2740
-3408
-4128
-5016
-6172
-7157
-7813
-8146
-8206
-7980
-7370
-6604
-5756
-4838
-4122
-3707
-3598
-3663
-3992
-4399
-4670
-4878
-4977
-5117
-5057
-4637
-3905
-2903
-1915
-1032
-115
644
937
1258
1671
1939
1959
1788
1387
825
0
-929
-2036
-3245
-4126
-4117
-3057
-1390
581
2504
3979
5105
5808
5621
4769
3271
1457
-320
-2028
-3280
-3633
-2956
-1357
639
2691
4546
5930
6808
6880
6278
5122
3576
1982
598
-416
-1031
-802
329
2061
4023
5797
7063
7743
8040
7909
7600
7456
7499
7624
7615
7615
7538
7298
6716
6129
5172
4049
3097
2034
1019
347
113
550
1279
2325
3375
4237
4905
5221
5158
4799
3944
2703
1537
472
-454
-1099
-1411
-1536
-1257
-701
204
966
1463
1587
1460
1244
598
-458
-1473
-2323
-3023
-3617
-4006
-4085
-4037
-3835
-3692
-3596
-3385
-3161
-3076
-3235
-3367
-3564
-3909
-4170
-4327
-4228
-4022
-3792
-3570
-3336
-3100
-2990
-3108
-3185
-3169
-3187
-3432
-3678
-3820
-3867
-3849
-3631
-3087
-2479
-1840
-1284
-727
-402
-267
-444
-784
-1162
-1507
-1916
-2350
-2661
-2729
-2773
-2729
-2623
-2347
-2082
-1900
-1555
-1250
-1082
-1071
-1165
-1465
-2123
-3327
-4769
-6205
-7486
-8411
-9336
-9950
-9944
-9544
-9116
-8263
-7188
-5962
-4978
-4398
-4200
-4522
-5309
-6005
-6803
-7894
-8787
-9425
-9765
-9894
-9556
-8970
-8250
-7432
-6643
-5964
-5418
-5293
-5605
-6112
-6629
-7008
-7600
-8191
-8465
-8430
-8149
-7902
-7199
-6644
-6102
-5451
-4871
-4403
-3934
-3605
-3658
-3632
-3441
-3253
-2988
-2690
-2451
-2245
-1789
-1275
-999
-948
-764
-645
-719
-979
-1176
-1334
-1468
-1580
-1658
-1780
-1858
-1747
-1636
-1637
-1488
-1572
-1726
-2085
-2480
-2675
-2791
-2878
-3059
-3164
-3229
-3142
-3013
-2974
-2879
-2743
-2524
-2388
-2339
-2582
-3205
-3965
-4579
-4715
-4307
-3393
-1994
-733
201
688
601
-109
-1349
-2857
-4397
-5960
-7272
-8153
-8697
-8590
-7641
-6250
-4734
-3446
-2491
-1916
-1752
-2267
-3204
-4475
-5942
-7366
-8597
-9432
-9643
-9188
-8268
-7004
-5763
-4564
-3452
-2701
-2593
-2927
-3607
-4641
-5742
-6834
-7748
-8300
-8556
-8400
-7912
-7006
-6055
-5251
-4328
-3612
-3270
-3174
-3524
-4129
-4903
-5652
-6278
-6751
-6955
-6854
-6629
-6323
-5879
-5383
-4983
-4642
-4419
-4445
-4628
-5175
-5773
-6239
-6467
-6420
-6507
-6470
-6257
-6133
-5950
-5616
-5185
-5199
-5452
-5881
-6207
-6306
-6382
-6559
-6655
-6658
-6484
-6267
-5854
-5495
-5290
-5079
-4990
-4882
-5003
-4962
-4981
-5353
-5787
-6287
-7147
-8160
-9197
-10003
-10534
-10647
-10641
-10411
-9859
-9000
-7887
-6894
-6042
-5407
-5123
-5327
-5883
-6513
-7315
-8259
-9154
-9488
-9471
-9236
-8584
-7725
-6820
-5717
-4643
-3746
-3220
-3019
-3296
-3650
-4053
-4658
-5154
-5519
-5693
-5541
-5194
-4697
-4013
-3386
-2681
-1953
-1409
-887
-613
-570
-589
-711
-901
-1031
-1044
-963
-914
-706
-338
50
582
1093
1226
1298
1378
1600
1743
1655
1491
1363
1267
1288
1327
1235
1178
1230
1246
1142
990
815
461
266
157
100
166
181
93
157
229
284
403
637
851
826
753
566
102
-465
-961
-1156
-822
30
1339
2904
4215
5106
5283
4827
3886
2821
1543
205
-1025
-2019
-2462
-2546
-2025
-919
394
1921
3146
3811
4001
3693
2994
1785
267
-1138
-2169
-2809
-3058
-2976
-2554
-1506
-236
784
1502
1923
2116
2029
1600
749
-364
-1542
-2539
-3301
-3652
-3474
-3037
-2301
-1465
-825
-209
279
516
541
283
-295
-1172
-1946
-2609
-3281
-3538
-3554
-3339
-2970
-2511
-1972
-1496
-1364
-1369
-1406
-1457
-1745
-2186
-2597
-2707
-2997
-3208
-3112
-2942
-2673
-2435
-2102
-1794
-1760
-1678
-1715
-1864
-2268
-2593
-2678
-2824
-2881
-2948
-2763
-2541
-2347
-2141
-1958
-1807
-1728
-1517
-1462
-1736
-2082
-2375
-2838
-3621
-4656
-5788
-6480
-7084
-7544
-7590
-7474
-7116
-6398
-5335
-4251
-3533
-2922
-2451
-2530
-2880
-3592
-4707
-5734
-6420
-6975
-7234
-7230
-6837
-6168
-5405
-4405
-3433
-2777
-2352
-2252
-2171
-2262
-2613
-3188
-3693
-4113
-4442
-4601
-4545
-4275
-3722
-2935
-2146
-1650
-1114
-662
-337
-154
-293
-500
-720
-934
-926
-998
-1048
-1006
-756
-310
387
790
1093
1307
1257
1414
1454
1316
1090
908
841
1008
961
805
830
820
781
883
894
482
57
-91
-188
-310
-338
-343
-396
-508
-590
-367
-368
-472
-474
-518
-396
-525
-1207
-1877
-2453
-2670
-2357
-1620
-384
1096
2497
3538
3801
3537
2800
1607
243
-1209
-2662
-3804
-4537
-4554
-4025
-3077
-1883
-628
661
1534
1777
1560
875
-37
-1155
-2525
-4001
-5232
-5815
-5908
-5549
-4696
-3276
-2040
-1136
-471
-203
-367
-806
-1516
-2497
-3612
-4657
-5451
-6019
-6101
-5699
-5031
-4126
-3222
-2377
-1875
-1566
-1373
-1619
-2267
-3154
-3998
-4692
-5358
-5779
-5982
-5883
-5477
-5041
-4452
-3935
-3556
-3331
-3311
-3427
-3688
-4070
-4444
-4909
-5102
-5268
-5401
-5259
-4924
-4510
-4184
-3870
-3637
-3571
-3582
-3687
-3921
-4152
-4392
-4718
-5027
-4975
-4820
-4669
-4543
-4259
-3929
-3775
-3849
-3690
-3472
-3272
-3332
-3844
-4556
-5367
-6145
-6983
-7872
-8745
-9300
-9459
-9468
-9037
-8386
-7478
-6459
-5522
-4846
-4289
-4043
-4282
-4886
-5657
-6396
-7341
-8255
-8704
-8660
-8417
-7850
-6890
-5775
-4827
-4033
-3330
-2859
-2637
-2818
-3244
-3721
-4184
-4772
-5336
-5492
-5099
-4525
-3961
-3413
-2711
-1968
-1414
-1054
-703
-468
-294
-223
-531
-888
-1073
-1024
-845
-666
-302
151
645
987
1252
1387
1516
1656
1681
1563
1545
1448
1204
1236
1372
1551
1591
1490
1517
1441
1351
1208
1185
915
744
865
891
650
498
460
538
638
721
853
1054
1144
995
760
440
-217
-1067
-1934
-2324
-2056
-1303
-175
1172
2330
3040
3313
2893
2126
1266
360
-457
-1337
-1934
-2150
-1921
-1235
-193
940
2071
2771
2838
2711
2308
1393
248
-861
-1805
-2649
-3274
-3177
-2654
-1848
-644
473
1350
2025
2262
2189
1933
1297
450
-506
-1284
-1947
-2375
-2376
-2039
-1486
-695
108
867
1477
1921
1958
1570
1077
419
-200
-737
-1376
-1861
-2144
-1850
-1444
-1228
-937
-363
316
608
609
365
29
-539
-1105
-1589
-1961
-2218
-2258
-2151
-2198
-2208
-1979
-1650
-1457
-1429
-1457
-1579
-1845
-2058
-2198
-2451
-2779
-2919
-3002
-2859
-2592
-2410
-2355
-2247
-2080
-1898
-1898
-2027
-2108
-2471
-2907
-3464
-4149
-5144
-6091
-6710
-7136
-7416
-7667
-7590
-6917
-6076
-5152
-4176
-3386
-3009
-2879
-3009
-3312
-3885
-4660
-5305
-5986
-6352
-6487
-6606
-6227
-5443
-4462
-3359
-2208
-1522
-1228
-1059
-989
-1097
-1468
-1971
-2591
-2957
-3119
-3098
-2795
-2335
-1657
-958
-293
368
847
1218
1421
1399
1195
1022
1018
1025
749
473
521
682
1103
1735
2128
2397
2639
2837
2860
2838
2804
2739
2567
2393
2182
1938
1900
1889
1999
2110
2009
2098
1989
1819
1568
1174
871
798
746
599
586
764
893
816
765
830
1060
1161
989
853
511
139
191
659
1492
2606
4097
5580
6505
6814
6586
5822
4584
2830
749
-1220
-2709
-3814
-4127
-3776
-2795
-1177
699
2602
4082
5005
5358
5002
4011
2666
982
-798
-2527
-3859
-4511
-4355
-3756
-2659
-1425
-219
851
1715
2109
1672
970
147
-1074
-2341
-3563
-4516
-5037
-5192
-4949
-4217
-3259
-2444
-1583
-775
-247
-101
-324
-868
-1543
-2540
-3572
-4385
-4857
-4844
-4656
-4429
-4085
-3761
-3531
-3289
-3066
-2919
-2962
-3135
-3525
-3791
-3851
-3895
-4059
-3914
-3539
-3204
-2953
-2569
-2150
-1965
-2035
-2203
-2440
-2753
-2905
-3006
-3081
-3101
-3103
-3049
-2718
-2350
-1933
-1511
-1368
-1254
-1065
-1035
-1157
-1547
-2057
-2588
-3448
-4379
-5270
-6084
-6701
-7166
-7187
-6901
-6400
-5601
-4723
-3911
-2972
-2242
-2024
-2033
-2466
-3168
-4140
-5181
-6057
-6662
-7017
-7126
-6755
-5982
-5079
-4275
-3643
-2900
-2366
-2000
-1882
-2150
-2731
-3467
-4266
-4662
-4849
-4995
-4901
-4665
-4083
-3333
-2538
-1984
-1404
-842
-557
-544
-577
-730
-799
-768
-938
-1023
-713
-432
-199
91
438
836
1194
1327
1584
1771
1613
1553
1655
1703
1707
1765
1780
1818
1732
1734
1770
1589
1446
1448
1325
1082
906
743
502
545
820
915
982
1059
1026
907
1132
1408
1386
1199
832
30
-1033
-1690
-1583
-1053
-176
869
2040
3083
3502
3305
2673
1784
637
-602
-1771
-2630
-3138
-3193
-2730
-1551
-144
1178
2392
3147
3598
3484
2720
1450
-78
-1490
-2790
-3883
-4477
-4284
-3722
-2982
-1902
-659
393
1187
1663
1911
1630
920
-18
-1061
-1951
-2575
-2979
-3134
-2888
-2270
-1353
-413
486
1223
1571
1543
1447
1271
626
-319
-1194
-1868
-2167
-2134
-2092
-1747
-1327
-811
-277
127
385
531
546
385
-174
-684
-940
-1043
-1186
-1431
-1697
-1477
-1136
-1025
-914
-893
-973
-942
-1149
-1521
-1688
-1794
-1864
-2055
-2058
-2010
-2064
-1984
-1819
-1719
-1666
-1551
-1318
-1152
-1119
-1322
-1718
-2340
-3132
-3964
-4862
-5712
-6445
-7060
-7283
-7173
-6846
-6070
-5137
-4340
-3586
-2986
-2449
-2132
-2350
-2840
-3538
-4350
-5002
-5702
-6042
-5998
-5768
-5189
-4229
-3220
-2246
-1335
-669
-376
-341
-351
-446
-980
-1539
-1935
-2270
-2403
-2258
-1947
-1482
-849
-151
525
1336
2035
2285
2312
2376
2321
2232
2060
1998
2091
2289
2295
2517
2884
3273
3579
3701
3809
3983
4106
4181
4119
3991
3835
3724
3754
3771
3666
3569
3589
3550
3466
3283
3346
3366
3178
2780
2524
2444
2287
2346
2596
2545
2455
2470
2516
2561
2466
2402
2255
1932
1537
903
447
454
986
2116
3632
5001
6005
6636
6540
5970
4997
3725
2398
1031
-171
-913
-1209
-1126
-384
893
2413
3818
4870
5491
5550
4988
4026
2892
1762
605
-577
-1396
-1582
-1403
-852
126
1248
2318
3092
3506
3657
3338
2809
1894
867
-171
-1115
-1604
-1672
-1567
-1270
-637
292
1274
1901
2228
2258
1997
1623
975
136
-716
-1486
-1983
-2129
-2111
-1995
-1457
-862
-587
-329
-167
-68
25
-176
-702
-1246
-1563
-1740
-1907
-2057
-2120
-1952
-1522
-1287
-988
-787
-617
-507
-528
-818
-1156
-1562
-1892
-1943
-1720
-1699
-1693
-1523
-1095
-842
-691
-672
-657
-477
-306
-223
-367
-765
-1510
-2518
-3579
-4467
-5071
-5518
-5859
-5909
-5771
-5131
-4285
-3419
-2437
-1685
-1196
-880
-1054
-1570
-2198
-2949
-3783
-4624
-5235
-5379
-5136
-4672
-4099
-3317
-2335
-1394
-863
-538
-339
-322
-728
-1280
-1711
-2237
-2557
-2807
-2915
-2685
-2195
-1454
-622
26
581
1121
1616
1683
1572
1375
1210
995
866
831
1039
1296
1526
1815
1994
2308
2792
2928
3137
3256
3175
3133
3115
3030
2953
2960
3008
2995
2972
3021
3038
2945
2910
2871
2761
2583
2349
2230
2136
2066
2147
2096
1848
1831
2029
2273
2454
2402
2191
2042
1812
1236
792
453
402
710
1530
2890
4411
5590
6251
6186
5725
4933
3814
2553
1293
-12
-951
-1508
-1468
-941
-35
1274
2782
3963
4566
4599
4304
3655
2486
1219
20
-1205
-2127
-2565
-2423
-1776
-903
169
1272
2059
2486
2667
2682
2110
1211
261
-750
-1714
-2327
-2642
-2542
-2211
-1481
-502
288
860
1398
1683
1615
1247
832
354
-365
-1168
-1785
-2276
-2564
-2286
-1708
-1292
-818
-391
-70
114
-52
-226
-555
-1026
-1461
-1801
-1784
-1774
-1843
-1802
-1531
-1013
-767
-546
-434
-353
-363
-511
-781
-1030
-1280
-1699
-1771
-1541
-1324
-1140
-886
-638
-424
-344
-227
-192
-199
-162
-260
-679
-1223
-1911
-2805
-3746
-4584
-5416
-5971
-6135
-5892
-5372
-4697
-3909
-3148
-2340
-1698
-1328
-1295
-1690
-2199
-2850
-3639
-4358
-4985
-5435
-5316
-4898
-4249
-3264
-2345
-1589
-938
-461
-151
16
-173
-581
-987
-1411
-1964
-2483
-2630
-2299
-1772
-1301
-794
-93
606
1279
1824
2065
2359
2449
2175
1939
1781
1694
1720
1828
2005
2293
2642
2869
3174
3529
3885
3897
3980
4100
3885
3827
3750
3669
3497
3261
3203
3110
3189
3405
3372
3225
3168
2897
2593
2458
2463
2463
2490
2410
2371
2424
2422
2603
2650
2547
2549
2488
2324
1933
1312
758
410
639
1337
2496
3825
5262
6304
6694
6362
5566
4602
3403
2050
792
-158
-834
-1049
-687
348
1703
2918
3964
4712
5207
5209
4499
3349
2124
809
-427
-1485
-1946
-1693
-1163
-348
482
1398
2267
2955
3338
3237
2833
2138
1194
126
-728
-1320
-1637
-1782
-1583
-984
-235
476
1359
1972
2221
2349
2203
1830
1231
497
-353
-946
-1289
-1405
-1275
-935
-425
-31
198
477
727
814
646
263
-232
-651
-926
-1024
-838
-797
-837
-719
-324
20
189
253
392
442
323
-115
-582
-825
-774
-668
-746
-834
-590
-248
-8
151
211
373
592
728
804
729
262
-416
-1132
-1874
-2689
-3389
-4022
-4612
-4843
-4927
-4483
-3616
-2845
-2196
-1366
-754
-272
-93
-534
-1014
-1649
-2273
-2891
-3558
-3949
-4216
-4261
-3600
-2688
-1814
-973
-184
521
867
905
692
448
264
-297
-921
-1231
-1257
-1128
-863
-429
147
844
1482
1958
2332
2461
2367
2228
2095
1705
1398
1419
1641
1933
2368
2910
3320
3399
3042
2577
2027
1577
1088
758
759
1029
1538
2196
2940
3765
4464
4747
4485
3996
3163
2307
1473
633
412
686
1234
2181
3406
4652
5854
6449
6920
7202
6963
6208
5192
4346
3717
3225
2819
2791
3163
4035
5542
7318
8904
10050
10614
10488
9664
8264
6638
4980
3180
1840
1070
783
990
1801
2932
4167
5329
6060
6358
6317
5850
4882
3440
2092
957
-107
-869
-1214
-1081
-552
152
984
1866
2479
2922
3187
3012
2413
1527
611
-245
-1303
-2071
-2694
-2976
-2593
-1953
-1207
-376
387
985
1234
1252
1129
685
89
-828
-1747
-2186
-2366
-2312
-2065
-1670
-1045
-191
478
1032
1117
1178
1242
1260
989
560
350
336
411
752
1076
1362
1704
2087
2315
2430
2511
2392
2050
1722
1382
1173
1028
1015
1022
1107
1395
1646
1692
1597
1411
1334
1500
1641
1541
1315
1059
602
-11
-815
-1688
-2565
-3410
-4155
-4444
-4543
-4557
-4096
-3374
-2720
-2086
-1387
-862
-551
-729
-1393
-2046
-2780
-3462
-4191
-4883
-5185
-5315
-4934
-4228
-3448
-2461
-1634
-964
-704
-810
-888
-1342
-1853
-2411
-3163
-3570
-3769
-3854
-3608
-3284
-2773
-2070
-1544
-1036
-488
-142
68
105
-207
-373
-860
-1502
-1942
-2231
-2106
-1850
-1461
-828
-35
666
1233
1481
1576
1478
1034
370
-301
-748
-1175
-1496
-1434
-1053
-553
-59
404
732
962
947
740
138
-760
-1710
-2425
-2909
-3240
-3144
-2668
-2177
-1808
-1492
-1027
-879
-1234
-1830
-2721
-4039
-5296
-6022
-6108
-5394
-3855
-2229
-619
712
1458
1312
504
-691
-2246
-4103
-5928
-7240
-8101
-8252
-7628
-6343
-4726
-2963
-1321
-280
191
100
-626
-1841
-3197
-4555
-6069
-7053
-7339
-7188
-6382
-5173
-3711
-2276
-1120
-339
69
202
-152
-892
-1910
-3062
-4172
-4994
-5195
-4760
-4155
-3273
-2325
-1462
-541
201
763
901
730
124
-420
-1022
-1742
-2324
-2620
-2485
-2296
-1922
-1373
-775
-236
21
264
522
572
180
-365
-780
-1241
-1647
-1800
-1650
-1368
-1178
-967
-605
-242
168
380
267
-18
-340
-649
-1020
-1132
-1182
-1196
-1114
-950
-638
-357
29
446
684
746
765
771
589
383
90
-564
-1379
-2268
-3082
-3636
-3701
-3530
-3304
-2828
-2160
-1325
-271
762
1453
1801
1811
1504
1074
604
-16
-615
-1101
-1308
-1312
-861
-129
907
1981
2719
3444
3906
4185
4173
4020
3573
2780
2041
1529
1051
825
1027
1522
2108
2419
2882
3586
3902
3984
4071
3978
3813
3478
3265
2985
2754
2593
2437
2461
2754
2963
3155
3381
3650
3616
3457
3494
3505
3505
3377
3117
2988
2922
2814
2879
3000
3007
2862
2756
2664
2648
2612
2358
1981
1764
1578
1553
1714
1869
1962
1991
2130
2123
2109
2185
2238
1983
1513
832
205
-90
-49
646
1799
3147
4445
5418
5912
5942
5399
4517
3462
2194
921
-101
-385
-267
196
1121
2410
3671
4598
5329
5760
5647
4839
3786
2632
1525
471
-370
-760
-615
1
984
1901
2849
3819
4354
4787
4812
4289
3370
2495
1715
856
228
-179
-184
203
851
1728
2553
3229
3705
3950
3817
3465
3167
2585
1887
1112
478
101
-38
117
486
938
1486
1905
2215
2429
2460
2371
2125
1809
1306
887
607
340
436
554
754
864
1110
1567
1709
1831
1756
1537
1400
1307
1120
961
873
849
1035
1344
1600
1822
1960
2104
2167
2330
2443
2585
2554
2121
1614
1013
280
-522
-1298
-1867
-2484
-2794
-2718
-2337
-1581
-643
112
805
1393
1809
1997
1790
1253
762
77
-914
-1646
-1961
-1885
-1543
-933
-215
702
1657
2339
2842
3049
2962
2769
2203
1481
864
137
-342
-378
-281
-277
-20
310
697
1234
1649
1880
2053
1935
1594
1265
984
732
573
187
35
258
474
625
758
1112
1328
1357
1406
1372
1244
1059
906
807
697
582
543
599
519
403
412
326
288
162
-76
-240
-455
-581
-711
-949
-987
-860
-804
-672
-598
-681
-784
-878
-870
-945
-1239
-1737
-2300
-2657
-2351
-1517
-280
1117
2689
3886
4379
4191
3460
2149
653
-1003
-2591
-3820
-4734
-5196
-4854
-3836
-2334
-530
956
2163
2823
2867
2380
1423
285
-1230
-2917
-4339
-5125
-5203
-4907
-4234
-3032
-1629
-367
489
881
1090
773
111
-857
-1913
-2952
-3864
-4682
-5009
-4830
-4152
-3237
-2372
-1327
-664
-271
2
88
-70
-569
-1340
-2233
-2974
-3424
-3623
-3646
-3487
-3151
-2553
-1983
-1653
-1447
-1366
-1183
-1352
-1722
-2059
-2335
-2580
-2811
-2795
-2546
-2154
-1550
-1034
-718
-380
-326
-392
-629
-655
-676
-938
-1289
-1402
-1289
-1179
-991
-536
-130
173
276
387
560
760
695
588
542
194
-439
-1159
-2091
-2861
-3411
-3896
-4168
-4216
-3936
-3275
-2344
-1482
-628
79
461
637
534
278
-254
-959
-1714
-2330
-2717
-3011
-2838
-2343
-1636
-745
138
1081
1770
2130
2076
1709
1245
644
56
-545
-1067
-1284
-1287
-1173
-938
-517
4
627
1055
1418
1628
1485
1219
965
748
442
154
26
178
382
415
585
808
1112
1395
1627
1760
1921
1853
1511
1456
1355
1215
1147
1144
1184
1314
1476
1436
1334
1403
1444
1151
754
520
474
407
158
-1
88
288
410
664
871
877
870
809
868
707
284
-101
-336
-258
277
