-4838
-4476
-4110
-3845
-3835
-3762
-3771
-4039
-4238
-4353
-4452
-4570
-4727
-4735
-4521
-4222
-3944
-3594
-3391
-3254
-3147
-3070
-2900
-2784
-3218
-3799
-4443
-4993
-5659
-6731
-7627
-8227
-8509
-8409
-7900
-7316
-6627
-5893
-5088
-4375
-3825
-3541
-3440
-3818
-4440
-5090
-5815
-6611
-6905
-6980
-6883
-6459
-5572
-4520
-3346
-2367
-1855
-1671
-1688
-1764
-2098
-2801
-3556
-4031
-4427
-4824
-4919
-4676
-4233
-3643
-3089
-2575
-2443
-2389
-2450
-2641
-3089
-4004
-4655
-4889
-4956
-4779
-3962
-2720
-1605
-879
-765
-1313
-2452
-4068
-5915
-7714
-9530
-11166
-11968
-11662
-10674
-9190
-7483
-5959
-4800
-4392
-4693
-5539
-6952
-8771
-10677
-12235
-12990
-12954
-12146
-10430
-8000
-5241
-2760
-718
560
1195
1254
710
-414
-1908
-3552
-5189
-6303
-6636
-5926
-4166
-1587
1189
3793
5843
6866
6964
6051
4468
2349
-27
-2369
-4682
-6224
-6671
-6341
-5266
-3612
-1789
-175
914
1305
935
-186
-1674
-3680
-5829
-7856
-9331
-10073
-10106
-9438
-8299
-6710
-5167
-4085
-3367
-3079
-3497
-4406
-5552
-7262
-9147
-10634
-11653
-12382
-12439
-11875
-10940
-9561
-8016
-6675
-5711
-5041
-5006
-5441
-6206
-7297
-8640
-9797
-10612
-11376
-11846
-11647
-11130
-10144
-8874
-7529
-6277
-5413
-4836
-4343
-4126
-4167
-4326
-4352
-4307
-4346
-4085
-3587
-3133
-2600
-2067
-1369
-911
-798
-840
-975
-1162
-1479
-1601
-1730
-2009
-1968
-1848
-1869
-1938
-1957
-1848
-1822
-2030
-2441
-2649
-2739
-2834
-3075
-3560
-4047
-4576
-5274
-5799
-6119
-6418
-6679
-6980
-6738
-6128
-5512
-4916
-4370
-3877
-3303
-3100
-3373
-4060
-4911
-5691
-6541
-7368
-8167
-8743
-8730
-8234
-7507
-6868
-6356
-5651
-4873
-4473
-4248
-4187
-4337
-4743
-5127
-5504
-5914
-6058
-5830
-5180
-4226
-3459
-2747
-1843
-987
-286
384
792
981
1143
1117
891
568
-100
-797
-1846
-3076
-4088
-4851
-4896
-4077
-2404
-484
1323
2780
4006
4694
4574
3769
2339
456
-1416
-3136
-4327
-4472
-3655
-2205
-419
1571
3583
5082
5887
6057
5395
4196
2753
1215
-143
-1266
-1798
-1674
-589
1274
3454
5403
6566
6968
6796
6527
6402
6366
6291
6166
6253
6440
6530
6381
5872
5225
4517
3496
2233
1079
237
-267
-572
-456
257
1231
2209
3265
4276
4702
4337
3837
3162
2017
609
-683
-1654
-2291
-2653
-2498
-1947
-1222
-492
172
710
913
929
600
-78
-1051
-2070
-3018
-3987
-4829
-5102
-4900
-4682
-4469
-4243
-4038
-3902
-3811
-3852
-3936
-3993
-4376
-4793
-4996
-5044
-5080
-4830
-4567
-4352
-3985
-3706
-3658
-3545
-3487
-3654
-3977
-4206
-4286
-4314
-4321
-4201
-3880
-3577
-3310
-2752
-2110
-1552
-1235
-1033
-953
-1211
-1554
-1866
-2348
-2814
-3213
-3354
-3419
-3353
-3115
-2865
-2523
-2288
-2199
-2002
-1699
-1699
-1800
-2114
-2781
-3786
-4991
-6375
-7791
-8949
-9618
-10087
-10272
-10065
-9602
-8763
-7688
-6538
-5399
-4737
-4745
-5172
-5616
-6359
-7368
-8323
-9188
-9673
-10089
-10292
-9981
-9293
-8409
-7522
-6757
-5980
-5532
-5524
-5729
-6128
-6508
-7139
-7904
-8309
-8475
-8327
-8122
-7818
-7111
-6392
-5692
-5014
-4577
-4021
-3567
-3315
-3400
-3384
-3207
-2872
-2559
-2327
-2071
-1856
-1562
-1268
-852
-568
-446
-415
-354
-328
-578
-898
-1077
-1230
-1422
-1439
-1420
-1234
-1119
-1067
-1207
-1268
-1294
-1487
-1894
-2177
-2325
-2411
-2573
-2824
-2878
-2759
-2660
-2452
-2237
-2030
-1993
-2082
-2077
-2378
-3074
-3830
-4170
-4134
-3819
-2965
-1835
-481
512
969
994
272
-977
-2601
-4027
-5430
-6846
-7782
-8240
-8094
-7130
-5849
-4388
-2839
-1713
-1170
-1257
-1789
-2875
-4211
-5648
-7113
-8200
-8771
-9005
-8747
-7853
-6654
-5276
-4223
-3206
-2408
-2343
-2823
-3534
-4362
-5473
-6855
-8027
-8555
-8463
-8206
-7710
-6764
-5766
-4903
-4117
-3477
-3162
-3142
-3279
-3751
-4662
-5505
-6123
-6572
-6829
-6895
-6756
-6497
-5958
-5293
-4819
-4535
-4460
-4612
-4832
-5196
-5771
-6263
-6604
-6700
-6674
-6624
-6541
-6256
-5899
-5527
-5259
-5197
-5199
-5537
-5993
-6179
-6327
-6583
-6858
-6782
-6650
-6414
-6135
-5945
-5661
-5352
-5196
-5116
-4960
-4954
-4966
-5172
-5739
-6570
-7595
-8517
-9250
-9952
-10518
-10885
-10907
-10613
-9895
-8878
-7945
-6903
-6198
-5709
-5627
-5822
-6189
-6829
-7587
-8296
-8971
-9630
-9850
-9590
-9040
-8195
-7120
-6059
-5061
-4361
-4037
-3920
-3642
-3761
-4274
-4782
-5327
-5632
-5734
-5600
-5264
-4797
-4308
-3630
-2900
-2237
-1541
-1202
-986
-899
-762
-657
-719
-1121
-1311
-1098
-857
-476
-164
113
515
917
1195
1279
1317
1392
1424
1508
1421
1312
1284
1298
1184
1085
1028
941
749
592
544
461
313
56
-92
-229
-371
-305
-200
-135
-32
-35
68
223
214
167
213
4
-459
-1032
-1626
-1809
-1373
-405
927
2519
3798
4585
4872
4535
3666
2505
1120
-313
-1647
-2618
-3153
-3277
-2693
-1615
-112
1430
2548
3075
3136
3030
2452
1341
-59
-1361
-2710
-3572
-3857
-3609
-3003
-2066
-962
100
1078
1710
1799
1500
864
-40
-1040
-2076
-3142
-3873
-4201
-4301
-3776
-2763
-1883
-1215
-635
-200
54
-1
-305
-911
-1669
-2379
-3110
-3764
-4234
-4238
-3907
-3530
-2989
-2335
-2002
-1756
-1560
-1491
-1553
-2011
-2804
-3257
-3401
-3516
-3708
-3675
-3389
-3146
-2904
-2522
-2231
-2123
-2126
-2171
-2430
-2951
-3361
-3512
-3406
-3438
-3548
-3477
-3236
-2893
-2638
-2561
-2448
-2197
-1928
-1756
-2023
-2319
-2667
-3347
-4067
-5000
-5818
-6626
-7202
-7615
-7999
-8078
-7613
-6909
-6090
-5130
-4131
-3390
-3134
-3305
-3641
-4127
-4907
-5785
-6611
-7207
-7578
-7566
-7200
-6545
-5599
-4585
-3673
-3029
-2481
-2222
-2230
-2375
-2801
-3396
-3886
-4339
-4608
-4666
-4555
-4244
-3681
-3134
-2456
-1770
-1107
-591
-540
-537
-617
-692
-680
-717
-884
-1101
-1017
-742
-413
-75
272
738
1133
1213
1219
1404
1459
1460
1333
1269
1086
1172
1302
1324
1241
1126
1021
876
726
717
568
381
98
-168
-321
-367
-392
-263
-192
-73
-17
-95
-38
-22
-136
-296
-700
-1467
-2148
-2372
-2056
-1319
-329
1138
2680
3824
4250
4001
3313
2215
842
-643
-2229
-3403
-4140
-4192
-3585
-2796
-1477
-106
907
1676
2071
1953
1309
216
-1033
-2344
-3667
-4877
-5524
-5397
-4843
-3925
-2932
-1746
-675
-50
214
99
-378
-1204
-2139
-3178
-4352
-5187
-5543
-5463
-5099
-4528
-3818
-2989
-2160
-1489
-1053
-993
-1356
-1915
-2652
-3660
-4490
-4985
-5333
-5572
-5573
-5194
-4627
-4053
-3716
-3377
-3049
-2923
-3169
-3490
-3918
-4364
-4675
-4914
-5133
-5177
-5024
-4766
-4439
-3974
-3607
-3481
-3427
-3585
-3782
-3921
-4093
-4284
-4538
-4690
-4819
-4665
-4452
-4234
-3975
-3852
-3839
-3811
-3501
-3247
-3273
-3455
-3745
-4159
-4902
-5729
-6695
-7632
-8487
-8908
-8993
-8988
-8533
-7860
-7138
-6184
-5279
-4629
-4392
-4423
-4581
-5010
-5718
-6498
-7342
-7980
-8460
-8481
-8165
-7429
-6591
-5649
-4641
-3724
-3099
-2735
-2676
-2798
-3137
-3699
-4176
-4636
-5012
-5148
-4848
-4488
-4141
-3530
-2754
-2072
-1463
-879
-470
-366
-391
-638
-802
-829
-761
-947
-984
-752
-429
-12
251
551
781
1047
1378
1542
1548
1583
1520
1458
1384
1325
1462
1589
1441
1417
1491
1513
1451
1268
1061
821
603
612
587
558
404
431
470
460
482
771
977
824
792
595
105
-760
-1713
-2293
-2626
-2642
-2218
-1156
115
1232
1969
2371
2100
1515
675
-294
-1067
-1549
-1968
-2258
-2016
-1295
-357
793
1670
2244
2499
2344
1705
755
-133
-1177
-2326
-3206
-3530
-3407
-2689
-1883
-1076
-8
1199
2078
2370
2239
1917
1326
504
-427
-1496
-2305
-2550
-2520
-2168
-1494
-720
107
950
1346
1711
1848
1610
947
198
-487
-1109
-1734
-2203
-2194
-2025
-1752
-1212
-740
-293
185
421
520
388
27
-457
-1092
-1662
-2150
-2578
-2906
-2947
-2663
-2341
-2140
-2102
-2039
-1841
-1658
-1770
-2002
-2074
-2442
-2834
-3132
-3165
-3176
-3186
-3097
-2978
-3037
-3009
-2750
-2481
-2477
-2519
-2543
-2756
-3031
-3476
-4308
-5504
-6488
-7255
-7843
-8217
-8192
-7955
-7389
-6669
-5858
-4888
-3931
-3395
-3076
-3063
-3468
-4228
-5028
-5701
-6462
-7027
-7269
-6997
-6222
-5370
-4529
-3466
-2442
-1638
-1008
-876
-980
-1293
-1762
-2244
-2577
-2899
-3034
-2885
-2701
-2212
-1618
-796
0
575
1035
1285
1279
1362
1375
1376
1246
1046
861
810
846
1060
1414
1764
2078
2234
2476
2574
2633
2765
2738
2574
2414
2321
2281
2394
2374
2196
2175
2249
2165
1921
1785
1659
1471
1249
1089
1047
822
652
703
813
935
968
931
949
1053
1285
1269
1032
808
457
374
847
1911
3318
4860
6179
6959
7275
7077
6296
4869
3067
944
-973
-2606
-3905
-4343
-3829
-2610
-1110
788
2972
4732
5610
5698
5294
4294
2708
1031
-759
-2412
-3810
-4526
-4415
-3580
-2371
-1200
36
1019
1780
2215
1998
1264
238
-1168
-2611
-3818
-4836
-5483
-5697
-5314
-4508
-3277
-2159
-1189
-631
-327
-217
-388
-835
-1410
-2280
-3249
-4051
-4485
-4736
-4845
-4677
-4378
-4085
-3700
-3275
-2921
-2784
-3051
-3403
-3639
-3842
-3978
-3904
-3900
-3723
-3431
-3039
-2555
-2160
-1769
-1674
-1777
-1948
-2118
-2468
-2726
-2788
-2858
-2770
-2694
-2487
-2305
-1967
-1547
-1241
-1016
-799
-649
-660
-818
-1078
-1449
-2143
-3010
-3891
-4927
-5738
-6257
-6559
-6559
-6286
-5928
-5293
-4389
-3463
-2616
-1930
-1607
-1699
-2188
-2953
-3817
-4751
-5584
-6245
-6735
-6789
-6550
-5854
-4975
-4004
-2981
-2342
-2095
-2015
-2007
-2217
-2540
-2995
-3608
-4342
-4978
-4989
-4724
-4399
-3889
-3351
-2549
-1723
-1238
-847
-774
-677
-526
-685
-837
-859
-787
-591
-467
-281
30
361
771
1315
1802
2028
2096
2055
2045
2009
2056
1953
1855
1831
1881
1990
2060
2013
2083
2268
2344
2207
1972
1761
1568
1406
1393
1656
1692
1533
1385
1520
1613
1497
1416
1579
1777
1702
1187
522
-146
-824
-1141
-887
-204
1005
2394
3266
3589
3586
3033
1922
722
-517
-1574
-2487
-3191
-3214
-2557
-1392
102
1446
2627
3392
3817
3601
2827
1744
331
-1162
-2552
-3640
-4253
-4344
-3686
-2708
-1583
-264
1035
1937
2361
2314
1814
1168
398
-685
-1819
-2617
-2858
-2780
-2280
-1722
-1102
-242
836
1652
2047
2074
1802
1362
701
-137
-858
-1410
-1710
-1854
-1822
-1451
-989
-483
-23
206
453
577
658
612
123
-361
-757
-1041
-1409
-1624
-1549
-1237
-1063
-999
-995
-893
-842
-925
-1095
-1359
-1610
-1959
-2195
-2461
-2502
-2447
-2228
-2078
-2042
-2017
-1931
-1720
-1662
-1812
-1811
-1786
-1948
-2581
-3528
-4320
-5079
-6047
-7020
-7482
-7541
-7422
-7151
-6589
-5775
-4838
-4046
-3469
-2857
-2546
-2698
-3332
-4085
-5084
-5913
-6404
-6654
-6599
-6215
-5568
-4823
-3885
-2796
-1868
-1161
-758
-580
-515
-743
-1182
-1737
-2176
-2456
-2717
-2610
-2062
-1524
-1011
-167
803
1652
2132
2289
2373
2352
2301
2175
2032
1988
1805
1770
2097
2540
2903
3190
3462
3667
3907
4094
4017
4021
3983
3876
3645
3504
3477
3372
3370
3591
3615
3447
3329
3198
3110
2923
2710
2498
2214
1991
1841
1823
1980
2076
2162
2167
2211
2262
2238
2149
2038
1666
1181
536
-39
52
602
1555
2893
4445
5650
6153
6259
5788
4877
3615
2320
1289
80
-948
-1316
-1094
-153
1013
2350
3675
4581
5220
5156
4503
3615
2686
1562
229
-807
-1460
-1671
-1367
-553
435
1463
2521
3287
3567
3511
3192
2571
1686
544
-553
-1441
-1848
-1884
-1752
-1266
-680
49
883
1545
2123
2326
2063
1522
767
41
-641
-1257
-1909
-2403
-2381
-2142
-1718
-1267
-774
-379
-216
-172
-198
-396
-715
-1107
-1541
-1852
-2086
-2275
-2241
-2031
-1717
-1350
-985
-816
-756
-540
-620
-1020
-1449
-1727
-1722
-1608
-1538
-1571
-1636
-1676
-1418
-1112
-927
-729
-559
-498
-451
-461
-693
-1194
-1805
-2425
-3225
-4203
-5092
-5611
-5806
-5859
-5782
-5325
-4500
-3609
-2646
-1829
-1505
-1234
-1203
-1783
-2387
-3156
-3936
-4549
-5047
-5265
-5075
-4694
-4045
-3057
-2096
-1273
-616
-289
-131
-323
-607
-1040
-1589
-1967
-2402
-2684
-2643
-2388
-2019
-1623
-926
-258
298
856
1394
1588
1348
1126
1171
1124
984
1051
1106
1167
1294
1557
1854
2253
2766
3029
3164
3343
3484
3328
3076
3114
3110
3090
3180
3080
3096
2995
2984
3073
2972
2846
2677
2534
2468
2385
2298
2119
1911
1883
1997
2154
2163
2167
2272
2499
2595
2619
2319
1671
1039
618
569
680
1461
2769
4312
5431
6028
6188
5962
5340
4257
2799
1506
471
-495
-1272
-1256
-561
579
1974
3402
4433
4885
4875
4562
3863
2698
1251
-230
-1375
-2214
-2540
-2210
-1658
-795
311
1455
2362
2775
2801
2618
2208
1453
413
-801
-1751
-2348
-2699
-2694
-2212
-1312
-379
498
1110
1657
2034
1936
1643
1262
473
-588
-1410
-1857
-2226
-2460
-2210
-1855
-1397
-836
-328
118
387
351
179
-56
-503
-947
-1244
-1597
-1963
-2039
-1746
-1281
-898
-528
-318
-161
-101
24
44
-267
-617
-973
-1351
-1388
-1541
-1514
-1307
-922
-539
-418
-357
-255
-116
-171
-179
-261
-549
-1139
-1896
-2805
-3820
-4693
-5321
-5786
-6002
-5881
-5375
-4721
-3818
-3015
-2313
-1806
-1492
-1280
-1345
-1832
-2705
-3520
-4417
-5117
-5502
-5462
-5009
-4311
-3582
-2502
-1447
-733
-298
29
144
-84
-473
-890
-1490
-1987
-2303
-2340
-2124
-1639
-1075
-589
139
784
1352
1856
2196
2322
2378
2271
2083
1878
1807
1769
1984
2207
2355
2671
3126
3517
3716
3797
3946
4020
4096
3982
3843
3844
3836
3718
3498
3482
3537
3560
3567
3410
3217
2851
2666
2701
2661
2616
2446
2289
2214
2149
2322
2480
2458
2458
2491
2558
2499
2307
2025
1504
768
376
530
1287
2526
3752
5129
6153
6538
6301
5602
4630
3479
2213
752
-358
-893
-929
-382
463
1596
2885
3976
4771
5096
4843
4170
3339
2159
766
-586
-1736
-2166
-1990
-1582
-807
158
1292
2240
2861
3285
3288
2809
2077
1182
110
-824
-1622
-2076
-2024
-1789
-1256
-462
503
1403
1920
2197
2321
2077
1724
1123
227
-500
-1009
-1337
-1487
-1431
-1191
-827
-327
186
649
904
921
765
292
-271
-609
-1009
-1171
-1335
-1390
-1150
-813
-442
-168
-34
134
158
108
-5
-271
-339
-410
-696
-991
-1011
-856
-738
-634
-354
17
133
169
279
351
314
341
165
-347
-1152
-2117
-2867
-3590
-4335
-4883
-5270
-5375
-4963
-4315
-3490
-2533
-1781
-1047
-442
-154
-413
-1078
-1805
-2563
-3367
-4041
-4312
-4280
-4039
-3441
-2680
-1828
-1019
-203
540
907
857
785
456
10
-330
-928
-1378
-1491
-1339
-1000
-520
-5
678
1347
1765
2138
2417
2455
2153
1667
1352
1231
1235
1262
1474
1911
2479
2842
2944
2732
2245
1638
1078
609
470
582
714
1323
2244
3009
3820
4414
4426
4089
3478
2631
1737
1096
529
351
562
1208
2384
3585
4729
5831
6658
7079
6912
6370
5725
5113
4456
3801
3097
2697
2713
3081
4080
5520
7117
8569
9731
10485
10274
9379
8017
6528
4858
3317
2152
1311
846
820
1596
2795
4046
5174
5968
6364
6327
5636
4577
3407
2169
790
-382
-1117
-1410
-1295
-970
-1
1048
1910
2445
2729
2994
2986
2640
1755
472
-732
-1713
-2387
-2883
-2965
-2612
-2090
-1327
-580
58
736
1112
1169
1032
513
-227
-1167
-1815
-2224
-2456
-2424
-2059
-1601
-1000
-200
453
984
1315
1352
1292
1140
991
775
550
372
414
692
1013
1376
1768
2091
2207
2138
2179
2315
2270
1946
1743
1543
1298
1125
1063
1233
1320
1486
1505
1610
1544
1431
1561
1661
1540
1279
1006
643
172
-559
-1521
-2459
-3192
-3724
-4098
-4350
-4302
-3913
-3117
-2277
-1550
-1044
-514
-212
-264
-753
-1629
-2566
-3475
-4209
-4801
-5084
-4912
-4335
-3604
-2838
-2102
-1521
-885
-531
-506
-725
-1118
-1703
-2231
-2795
-3258
-3469
-3474
-3348
-2964
-2303
-1636
-1046
-433
25
219
275
305
198
-116
-554
-1104
-1399
-1626
-1737
-1508
-879
-211
451
930
1390
1773
1833
1557
1104
548
-24
-583
-920
-1043
-966
-686
-265
271
856
1238
1369
1286
851
350
-367
-1161
-1822
-2359
-2742
-3033
-2917
-2349
-1654
-1217
-968
-905
-948
-1339
-2219
-3300
-4386
-5223
-5324
-4651
-3395
-1759
-151
1028
1702
1608
755
-573
-2182
-3813
-5455
-6847
-7797
-7959
-7326
-6070
-4364
-2602
-977
187
705
541
-61
-1232
-2741
-4391
-5802
-6642
-6939
-6604
-5869
-4622
-3245
-2006
-812
63
555
582
102
-693
-1719
-2943
-3932
-4465
-4636
-4358
-3792
-3006
-2019
-966
116
898
1247
1406
1251
715
59
-746
-1309
-1844
-2308
-2350
-2097
-1676
-1169
-538
155
556
605
595
650
407
-93
-666
-1042
-1184
-1316
-1389
-1276
-852
-491
-152
180
454
502
340
189
-26
-289
-485
-755
-927
-856
-746
-510
-225
1
208
659
1022
1173
1223
1329
1339
1040
517
-153
-920
-1799
-2385
-2899
-3348
-3278
-2918
-2449
-1662
-591
322
1069
1645
2005
2029
1916
1388
657
82
-355
-722
-907
-816
-286
473
1360
2370
3180
3838
4011
3987
4062
3933
3535
3065
2539
1932
1596
1547
1725
2140
2621
2937
3296
3896
4402
4578
4557
4383
4085
3863
3684
3376
3096
2842
2865
3003
3237
3561
3775
3943
3958
4031
4027
3887
3835
3626
3464
3425
3329
3165
3221
3372
3458
3306
3114
3134
3117
2849
2583
2409
2297
2276
2226
2221
2143
2059
2093
2017
2178
2430
2777
2937
2825
2549
2092
1443
858
615
697
1164
2142
3504
4900
5965
6440
6264
5650
4830
3811
2611
1570
782
348
227
608
1448
2568
3801
5036
5677
5951
5898
5362
4477
3320
2179
1216
415
-146
-184
252
1225
2468
3621
4538
4978
4943
4937
4658
3932
2998
2131
1233
450
-119
-23
273
895
1858
2650
3209
3861
4206
4259
4108
3663
2951
2077
1452
934
628
474
531
822
1138
1691
2092
2542
2911
2915
2757
2349
1820
1419
1196
950
690
833
968
1181
1473
1843
2125
2407
2445
2318
2240
2036
1819
1667
1569
1525
1506
1627
1723
1868
2018
2143
2339
2502
2828
3014
3039
2904
2614
2244
1735
925
40
-737
-1387
-1892
-2081
-1994
-1742
-1278
-553
262
1142
1881
2353
2461
2282
1828
1153
371
-390
-908
-1378
-1558
-1149
-354
505
1248
1970
2659
3162
3431
3325
2959
2401
1761
1203
731
254
-107
-249
-235
178
827
1487
2034
2245
2430
2509
2237
1782
1436
1162
1046
970
812
761
701
774
750
885
1234
1522
1737
1910
1860
1598
1230
1049
901
767
758
796
803
713
651
763
831
788
566
112
-139
-143
-289
-463
-550
-496
-480
-597
-608
-423
-413
-405
-438
-461
-577
-866
-1376
-2019
-2392
-2272
-1344
-106
1228
2578
3717
4313
4331
3767
2661
1087
-679
-2313
-3698
-4475
-4739
-4346
-3399
-2067
-434
1148
2308
2939
3008
2505
1549
268
-1221
-2680
-3940
-4812
-5066
-4790
-3891
-2528
-1328
-365
541
1135
1232
938
291
-539
-1726
-3040
-4061
-4556
-4603
-4428
-3951
-3036
-1894
-969
-309
165
535
619
353
-463
-1298
-2000
-2617
-3149
-3401
-3287
-3129
-2813
-2458
-1972
-1571
-1131
-868
-848
-1123
-1553
-1986
-2170
-2289
-2338
-2306
-2349
-1960
-1634
-1391
-935
-486
-252
-274
-354
-531
-756
-1134
-1229
-1127
-1125
-1104
-903
-543
-158
82
261
410
355
540
813
886
714
328
-329
-1036
-1923
-2960
-3673
-4060
-4171
-4129
-3975
-3407
-2661
-1804
-874
45
677
932
847
516
-100
-858
-1702
-2410
-2841
-3003
-2944
-2363
-1470
-676
161
969
1616
1973
2093
1865
1477
927
232
-458
-1010
-1442
-1604
-1349
-1035
-668
-15
649
1156
1368
1562
1651
1530
1326
1007
707
405
154
-9
-18
240
584
854
1214
1570
1784
1741
1615
1607
1556
1325
1287
1335
1422
1460
1422
1378
1303
1263
1152
1030
1097
1186
875
534
373
252
109
12
34
171
297
282
404
520
543
569
537
461
266
-85
-442
-166
630
