-5328
-4974
-4632
-4450
-4292
-4431
-4552
-4539
-4746
-4999
-5072
-5182
-5161
-5071
-5079
-4989
-4829
-4612
-4318
-4067
-3934
-3744
-3820
-3840
-4016
-4397
-4904
-5614
-6398
-7368
-8284
-8733
-8819
-8710
-8485
-8049
-7251
-6467
-5667
-4750
-4193
-3960
-3957
-4293
-5016
-5849
-6654
-7342
-7696
-7736
-7435
-6719
-5698
-4590
-3607
-2836
-2252
-1960
-1709
-1821
-2366
-3045
-3789
-4292
-4765
-5099
-5290
-5214
-4612
-3917
-3406
-2986
-2682
-2498
-2603
-2869
-3446
-4320
-5169
-5521
-5423
-5116
-4416
-3306
-2092
-1237
-969
-1492
-2732
-4372
-6190
-8121
-9936
-11358
-12017
-11563
-10558
-9234
-7860
-6325
-5029
-4690
-5149
-6136
-7394
-9184
-11205
-12545
-13248
-13110
-12184
-10614
-8287
-5740
-3081
-894
494
1014
802
255
-822
-2186
-3754
-5325
-6451
-6633
-5780
-3773
-925
1905
4479
6404
7285
7096
5994
4220
1854
-795
-3238
-5350
-6830
-7470
-6936
-5512
-3602
-1721
8
1119
1528
1123
130
-1479
-3672
-6207
-8470
-10087
-10965
-10880
-10061
-8755
-7137
-5602
-4416
-3649
-3335
-3440
-4449
-5896
-7630
-9374
-10999
-12134
-12549
-12719
-12363
-11404
-10168
-8670
-7268
-6175
-5503
-5410
-5898
-6737
-7846
-9001
-10350
-11503
-12134
-12304
-12096
-11647
-10604
-9437
-8352
-7073
-6060
-5368
-4815
-4683
-4664
-4694
-4712
-4631
-4620
-4316
-3770
-3196
-2738
-2272
-1898
-1408
-861
-819
-988
-1343
-1679
-1805
-1977
-2275
-2582
-2540
-2229
-1954
-1915
-1854
-1864
-1959
-2173
-2408
-2691
-2896
-2949
-3187
-3688
-4177
-4691
-5334
-6168
-6550
-6569
-6467
-6263
-5963
-5491
-4704
-3871
-3084
-2509
-2417
-2804
-3373
-4200
-5210
-6268
-7305
-8031
-8313
-8406
-8365
-8056
-7220
-6253
-5434
-4758
-4391
-4259
-4369
-4483
-4738
-5193
-5561
-5761
-5834
-5471
-4963
-4471
-3672
-2831
-1992
-1084
-252
461
956
1005
943
1145
1381
1122
327
-684
-1890
-3004
-3925
-4671
-4849
-4081
-2249
-63
1934
3438
4525
5117
5062
4246
2697
726
-1152
-2589
-3511
-3713
-3193
-1903
94
2223
4027
5503
6528
6740
6110
4894
3480
1885
378
-756
-1229
-938
155
1930
4004
5740
6924
7649
7852
7850
7737
7556
7538
7347
7305
7404
7272
6992
6445
5705
4836
3641
2559
1569
661
-11
-66
264
1179
2230
3179
4159
4872
5053
4965
4613
3792
2416
946
-335
-1180
-1716
-2058
-2082
-1577
-847
-8
703
1173
1207
954
376
-389
-1253
-2296
-3223
-3816
-4302
-4616
-4448
-4341
-4238
-4011
-3862
-3813
-3732
-3563
-3722
-4120
-4463
-4668
-5044
-4938
-4837
-4774
-4539
-4168
-3795
-3458
-3344
-3437
-3642
-3866
-3976
-4226
-4557
-4633
-4564
-4316
-3812
-3342
-2823
-2270
-1896
-1709
-1367
-1065
-967
-1204
-1561
-1902
-2311
-2701
-3010
-3226
-3319
-3206
-3072
-2896
-2545
-2304
-2078
-1839
-1513
-1359
-1564
-2056
-2698
-3717
-4911
-6260
-7659
-8901
-9768
-10256
-10339
-10128
-9558
-8679
-7594
-6628
-5949
-5332
-4959
-5231
-5785
-6570
-7564
-8625
-9620
-10298
-10647
-10686
-10434
-9792
-8854
-8019
-7403
-6690
-6273
-6133
-6220
-6444
-6852
-7474
-8079
-8636
-8837
-8881
-8641
-8087
-7567
-6880
-6220
-5715
-5148
-4637
-3989
-3611
-3678
-3777
-3669
-3393
-3218
-2878
-2574
-2167
-1806
-1454
-1083
-842
-675
-625
-761
-986
-985
-1054
-1278
-1501
-1615
-1629
-1557
-1402
-1338
-1308
-1320
-1398
-1639
-1765
-1863
-2078
-2459
-2723
-2825
-2926
-3126
-3136
-2922
-2611
-2549
-2462
-2312
-2219
-2243
-2445
-2914
-3728
-4516
-4634
-4188
-3257
-2022
-741
304
798
708
9
-1224
-2749
-4295
-5622
-7020
-8106
-8427
-7955
-7130
-5888
-4644
-3336
-2085
-1320
-1293
-1752
-2794
-4285
-5945
-7430
-8440
-9264
-9475
-9024
-8065
-6766
-5517
-4446
-3236
-2455
-2387
-2829
-3590
-4659
-5885
-7025
-7956
-8650
-8908
-8725
-7971
-6796
-5680
-4825
-4070
-3461
-3113
-3249
-3624
-4152
-4854
-5663
-6484
-6945
-7135
-7105
-6832
-6316
-5594
-5000
-4758
-4457
-4218
-4325
-4764
-5179
-5767
-6248
-6533
-6824
-6879
-6705
-6356
-6185
-5947
-5712
-5641
-5612
-5761
-5978
-6120
-6328
-6571
-6798
-6846
-6925
-6937
-6681
-6251
-5857
-5723
-5466
-5170
-5027
-5061
-4967
-4980
-5354
-5993
-6657
-7374
-8317
-9408
-10358
-10879
-11137
-11208
-10653
-9973
-9217
-8321
-7437
-6481
-5707
-5486
-5731
-6242
-6867
-7718
-8656
-9383
-9850
-10026
-9717
-9178
-8332
-7223
-6253
-5473
-4601
-3988
-3737
-3705
-3857
-4329
-4897
-5401
-5927
-6192
-5961
-5645
-5153
-4431
-3581
-2839
-2370
-1912
-1447
-1084
-855
-863
-1225
-1551
-1476
-1351
-1140
-1090
-833
-512
-103
345
640
882
1045
1202
1327
1323
1175
880
736
727
792
750
625
530
644
699
597
600
498
226
-56
-137
-308
-484
-520
-338
-167
-14
36
76
133
114
70
1
-92
-442
-1071
-1668
-1729
-1186
-92
1215
2746
3995
4695
4909
4641
3853
2654
1461
94
-1318
-2373
-2939
-3115
-2629
-1464
-14
1491
2650
3303
3489
3143
2259
1059
-195
-1381
-2486
-3351
-3768
-3662
-3130
-2215
-1049
158
1184
1886
2194
1837
1231
411
-680
-1955
-3095
-3809
-4073
-4016
-3660
-2934
-2030
-1170
-449
-20
215
346
19
-617
-1368
-2220
-3109
-3840
-4154
-4125
-3909
-3363
-2848
-2296
-1857
-1575
-1391
-1494
-1697
-1887
-2146
-2712
-3278
-3483
-3641
-3610
-3490
-3263
-2828
-2376
-2010
-1892
-2012
-2077
-2215
-2420
-2634
-3053
-3283
-3240
-3184
-3105
-2898
-2628
-2383
-2356
-2368
-2214
-2020
-2001
-2094
-2150
-2486
-3188
-3887
-4698
-5643
-6447
-7171
-7688
-7688
-7482
-7101
-6280
-5322
-4545
-3922
-3387
-2875
-2785
-3093
-3833
-4754
-5589
-6317
-6864
-7281
-7257
-6781
-6107
-5213
-4436
-3650
-2704
-2081
-1930
-2034
-2003
-2293
-2936
-3640
-4104
-4338
-4498
-4320
-3963
-3405
-2752
-1985
-1144
-637
-358
-219
-161
-197
-250
-312
-484
-648
-793
-723
-429
40
398
822
1313
1531
1734
1948
1965
1906
1915
1922
1883
1897
1903
1943
1909
1835
1679
1634
1694
1623
1531
1423
1155
853
588
437
528
664
645
644
560
678
808
800
670
585
364
-6
-528
-1197
-1600
-1305
-515
526
1786
3237
4456
4877
4444
3600
2587
1239
-180
-1293
-2412
-3313
-3488
-3059
-2078
-741
688
1674
2391
2871
2771
2094
1039
-282
-1784
-3231
-4222
-4617
-4560
-4135
-3376
-2313
-1235
-260
481
613
574
174
-582
-1591
-2794
-4000
-4758
-5245
-5333
-4950
-4277
-3416
-2519
-1584
-977
-591
-640
-939
-1410
-2252
-3272
-4106
-4613
-4970
-5133
-5231
-5015
-4634
-4149
-3417
-2832
-2630
-2638
-2837
-3187
-3586
-4041
-4466
-4921
-5170
-5046
-4788
-4505
-4163
-3858
-3566
-3447
-3379
-3369
-3511
-3759
-4224
-4513
-4722
-4766
-4760
-4704
-4457
-4117
-3963
-4038
-3984
-3860
-3541
-3522
-3645
-3745
-4090
-4709
-5456
-6303
-7263
-8133
-8987
-9466
-9572
-9445
-9118
-8471
-7577
-6670
-5807
-5059
-4562
-4452
-4590
-5169
-6178
-7014
-7603
-8312
-8764
-8946
-8635
-8043
-7167
-6096
-5215
-4574
-4009
-3534
-3409
-3677
-4005
-4413
-4908
-5328
-5708
-5887
-5825
-5533
-4974
-4514
-3819
-2933
-2229
-1869
-1686
-1529
-1539
-1480
-1522
-1752
-1759
-1690
-1739
-1642
-1380
-957
-479
64
539
755
927
1076
929
839
772
728
565
347
427
530
608
721
893
863
626
368
311
109
-64
-206
-371
-411
-412
-414
-412
-368
-261
-65
-10
-61
-120
-207
-613
-1486
-2475
-3083
-3306
-3082
-2288
-1090
183
1331
2079
2447
2124
1304
316
-591
-1575
-2592
-3321
-3528
-3289
-2721
-1601
-175
920
1622
1877
1787
1335
435
-745
-1982
-3133
-3977
-4508
-4469
-4034
-3191
-2063
-835
88
726
1219
1379
1077
272
-662
-1611
-2472
-3163
-3642
-3886
-3659
-2960
-2064
-967
-26
682
982
870
463
62
-379
-1000
-1853
-2455
-2936
-3299
-3350
-3039
-2417
-1676
-1224
-963
-642
-591
-664
-876
-1212
-1655
-2293
-2808
-3203
-3434
-3405
-3297
-3067
-2598
-2229
-2175
-2100
-2082
-2156
-2324
-2567
-2898
-3043
-3217
-3390
-3358
-3425
-3313
-3088
-2786
-2566
-2553
-2536
-2505
-2394
-2400
-2657
-3261
-3877
-4537
-5546
-6452
-7004
-7441
-7766
-7986
-7836
-7199
-6507
-5700
-4660
-3807
-3335
-3234
-3246
-3568
-4149
-4795
-5423
-5987
-6400
-6858
-6982
-6275
-5136
-4075
-3239
-2328
-1505
-1022
-988
-1139
-1324
-1794
-2220
-2489
-2853
-3098
-2957
-2559
-2191
-1613
-862
-185
517
1187
1463
1469
1529
1502
1434
1197
949
857
997
1111
1361
1692
2027
2317
2620
2828
3000
3064
3108
3255
3166
2885
2779
2810
2668
2644
2637
2640
2634
2610
2481
2384
2315
2063
1806
1827
1697
1603
1556
1437
1312
1457
1702
1683
1552
1634
1777
1793
1679
1488
1314
1077
1111
1836
3037
4549
5869
6866
7413
7368
6531
5188
3713
1870
98
-1390
-2630
-3130
-2768
-1798
-255
1574
3517
5044
5782
5795
5314
4432
3239
1573
-133
-1637
-2744
-3383
-3461
-2844
-1808
-535
730
1794
2340
2518
2527
2039
1034
-349
-1614
-2660
-3757
-4299
-4402
-4020
-3205
-2308
-1484
-600
159
587
734
361
-235
-945
-1833
-2580
-3181
-3801
-4265
-4316
-3986
-3560
-3114
-2601
-2288
-2289
-2396
-2502
-2797
-3120
-3158
-3205
-3238
-3136
-3000
-2705
-2566
-2294
-1821
-1507
-1465
-1524
-1472
-1536
-1879
-2189
-2441
-2604
-2405
-2324
-2199
-1872
-1548
-1261
-1101
-948
-797
-676
-666
-793
-1102
-1480
-2011
-2882
-3909
-4755
-5495
-6370
-6872
-6781
-6378
-5948
-5248
-4518
-3564
-2441
-1806
-1857
-2150
-2504
-3167
-3926
-4699
-5448
-6177
-6693
-6756
-6420
-5691
-4924
-4146
-3304
-2555
-1972
-1607
-1730
-2249
-2836
-3408
-3862
-4348
-4758
-4879
-4977
-4909
-4287
-3448
-2676
-1980
-1384
-849
-553
-602
-627
-648
-808
-1026
-1058
-902
-869
-801
-571
-228
269
683
980
1303
1623
1682
1686
1575
1534
1519
1374
1303
1422
1545
1576
1478
1382
1312
1283
1239
1110
857
715
718
620
533
506
409
514
659
805
879
828
830
953
970
548
-195
-1058
-1620
-1787
-1412
-477
780
1953
2844
3358
3426
2666
1638
445
-863
-1986
-3088
-3595
-3444
-3002
-2066
-778
665
1909
2764
3167
2896
2192
1232
-87
-1715
-3072
-4040
-4838
-4916
-4251
-3354
-2226
-982
267
1094
1435
1401
1063
353
-709
-1827
-2817
-3491
-3924
-3883
-3544
-2935
-1962
-957
-189
680
1204
1279
993
439
-189
-973
-1781
-2369
-2983
-3187
-3036
-2707
-2269
-1568
-882
-600
-708
-571
-409
-595
-947
-1464
-1957
-2252
-2315
-2381
-2521
-2532
-2243
-1859
-1453
-1182
-1302
-1596
-1857
-1936
-2125
-2490
-2751
-2795
-2803
-2888
-2820
-2536
-2148
-1913
-1867
-1894
-1876
-1930
-1861
-1897
-2183
-2730
-3504
-4367
-5354
-6160
-6778
-7235
-7583
-7459
-6978
-6307
-5602
-4728
-3979
-3409
-2872
-2686
-2925
-3306
-3957
-4761
-5677
-6354
-6691
-6502
-6075
-5563
-4827
-3880
-2777
-1881
-1190
-637
-481
-617
-767
-1218
-1783
-2314
-2571
-2686
-2648
-2316
-1723
-948
-185
588
1064
1487
1925
2176
2244
2254
2126
1792
1485
1487
1697
1811
2188
2548
2778
3031
3285
3612
3752
3852
3856
3851
3755
3445
3256
3380
3507
3481
3260
3240
3210
3261
3371
3240
2934
2609
2554
2479
2415
2224
2076
2040
2111
2152
2104
2053
2080
2159
2241
2178
1832
1369
732
312
276
926
2068
3340
4551
5673
6393
6428
6103
5254
3832
2293
872
-226
-915
-1246
-914
-209
878
2346
3829
4824
5247
5115
4603
3852
2745
1371
-50
-1221
-1876
-2008
-1588
-834
125
1354
2420
3054
3414
3323
3038
2442
1437
545
-398
-1326
-1881
-2000
-1780
-1269
-421
432
1203
1948
2360
2416
2206
1646
930
31
-746
-1182
-1428
-1745
-1920
-1788
-1514
-923
-197
170
286
256
168
86
-196
-623
-1297
-1812
-2022
-2157
-2058
-1776
-1594
-1297
-936
-568
-384
-475
-729
-973
-1323
-1735
-1875
-1930
-1972
-1768
-1544
-1428
-1173
-780
-429
-387
-533
-577
-479
-473
-816
-1226
-1769
-2592
-3345
-4172
-5073
-5746
-6057
-6126
-5871
-5349
-4665
-3708
-2716
-2015
-1483
-1146
-1305
-1806
-2503
-3206
-3906
-4619
-5163
-5529
-5554
-5005
-4047
-3263
-2380
-1482
-788
-335
-263
-442
-695
-1096
-1631
-2176
-2686
-2899
-2832
-2730
-2272
-1730
-1061
-190
530
983
1245
1300
1134
965
935
950
889
808
869
1037
1200
1447
1890
2231
2295
2475
2746
2948
3092
3103
2977
2840
2632
2473
2587
2662
2520
2495
2599
2672
2585
2424
2273
2098
1931
1714
1506
1383
1477
1591
1505
1561
1786
1872
1886
1921
1857
1778
1600
1037
391
-104
-339
53
1031
2260
3712
4955
5824
5999
5633
4839
3534
2125
796
-578
-1512
-1957
-2006
-1406
-299
1156
2539
3509
4049
4112
3876
3300
2266
908
-660
-2097
-2949
-3219
-3097
-2453
-1352
-203
971
1790
2245
2411
2050
1452
527
-555
-1508
-2560
-3348
-3566
-3340
-2687
-1850
-1011
-109
492
882
1154
1149
766
193
-537
-1256
-1858
-2403
-2731
-2759
-2501
-2271
-1930
-1428
-1060
-636
-290
-317
-542
-904
-1444
-1827
-2055
-2350
-2547
-2359
-2101
-1780
-1516
-1311
-1026
-763
-718
-823
-911
-1337
-1579
-1634
-1813
-1902
-1903
-1803
-1622
-1427
-1097
-941
-948
-820
-647
-575
-637
-926
-1129
-1585
-2424
-3295
-4065
-4915
-5537
-5910
-6159
-6220
-5784
-4966
-3965
-3120
-2389
-1763
-1474
-1396
-1693
-2350
-3162
-4002
-4724
-5256
-5564
-5635
-5236
-4486
-3518
-2572
-1644
-868
-534
-296
-23
-149
-622
-1199
-1749
-2212
-2418
-2360
-2224
-1862
-1148
-412
312
851
1298
1705
2010
2209
2118
2037
1980
1902
1829
1811
1959
2110
2410
2824
3204
3668
3816
3916
4015
4182
4172
3922
3976
3955
3846
3765
3794
3896
3807
3797
3739
3750
3700
3449
3310
3171
3000
2790
2675
2684
2679
2571
2598
2720
2802
2911
2960
3042
3095
3031
2592
1731
1149
871
1125
1889
2967
4391
5720
6646
7033
6843
6178
5067
3870
2506
1047
41
-596
-738
-294
500
1795
3174
4229
5018
5427
5411
4813
3807
2465
1087
-85
-1046
-1628
-1698
-1231
-339
915
2026
2836
3475
3848
3759
3243
2492
1401
405
-488
-1498
-1958
-1897
-1379
-628
172
881
1704
2251
2527
2515
2226
1655
950
277
-387
-951
-1405
-1614
-1461
-1051
-538
-43
325
703
960
1059
967
543
70
-215
-619
-1008
-1180
-1122
-913
-717
-330
138
492
603
575
492
277
66
-223
-516
-636
-665
-666
-576
-375
-134
82
320
441
451
528
663
650
468
92
-495
-1049
-1711
-2733
-3607
-4130
-4587
-4944
-4964
-4716
-4078
-3187
-2313
-1615
-1020
-421
-211
-390
-947
-1637
-2329
-3278
-4378
-4881
-4747
-4185
-3583
-2862
-1935
-1199
-659
-193
294
676
669
284
-360
-826
-1203
-1438
-1686
-1595
-1190
-778
-25
720
1424
1751
1915
2124
2195
2099
1745
1284
1104
1121
1286
1731
2039
2433
2643
2600
2501
2170
1680
1108
636
167
-36
244
867
1706
2550
3326
3807
3911
3628
2989
2116
1164
375
-52
-94
-17
504
1605
2866
4126
5472
6429
6716
6519
6057
5527
4800
3922
3111
2716
2476
2223
2456
3340
4807
6570
8062
9172
9851
9777
8928
7599
5994
4276
2686
1402
421
188
463
1150
2259
3538
4661
5380
5724
5572
4953
3845
2752
1547
201
-983
-1737
-2081
-1834
-1352
-660
540
1674
2322
2538
2489
2330
1839
910
-109
-1054
-2170
-3038
-3347
-3435
-3159
-2499
-1815
-1074
-482
222
791
779
308
-300
-944
-1726
-2413
-2828
-2972
-2866
-2391
-1933
-1350
-670
5
581
879
943
788
538
313
43
-27
-6
-67
203
557
829
1058
1474
1754
1938
1904
1889
1742
1441
1211
928
597
499
479
441
491
676
833
889
918
1072
1175
1184
1114
975
621
190
-394
-1173
-2009
-2904
-3802
-4453
-4711
-4703
-4543
-4241
-3679
-2934
-2153
-1516
-1074
-876
-992
-1416
-2026
-2762
-3749
-4532
-5165
-5423
-5145
-4756
-4222
-3464
-2380
-1539
-1115
-744
-686
-932
-1287
-1862
-2402
-3025
-3644
-4085
-4140
-3950
-3462
-2795
-2164
-1408
-681
-235
52
167
162
3
-181
-653
-1217
-1717
-2013
-2015
-1767
-1323
-764
77
813
1285
1504
1612
1568
1160
426
-257
-842
-1207
-1312
-1071
-667
-407
-32
545
820
847
837
726
247
-540
-1262
-2026
-2658
-2981
-3012
-2602
-2083
-1618
-1162
-772
-552
-609
-1213
-2324
-3698
-4830
-5560
-5539
-4686
-3343
-1695
90
1367
1903
1861
974
-538
-2260
-3998
-5546
-6861
-7853
-8029
-7377
-6127
-4312
-2482
-1042
3
561
410
-313
-1206
-2745
-4441
-5744
-6547
-6919
-6791
-5989
-4762
-3334
-2061
-928
-66
406
629
292
-425
-1424
-2449
-3555
-4291
-4602
-4347
-3896
-3138
-2125
-1039
18
754
1200
1247
1104
638
-5
-699
-1460
-2116
-2451
-2401
-2057
-1544
-1026
-587
-165
326
666
765
499
182
-266
-669
-1063
-1243
-1361
-1370
-991
-567
-182
97
275
412
446
314
148
-75
-348
-677
-871
-860
-820
-633
-425
-89
257
552
730
837
1033
1388
1466
1162
838
425
-164
-930
-1797
-2603
-3103
-3224
-3116
-2803
-2401
-1696
-847
108
1111
1963
2360
2287
2019
1648
987
236
-413
-726
-969
-835
-273
333
1130
2043
3039
3775
4194
4479
4326
3903
3441
2946
2412
1943
1854
1779
1843
2025
2255
2829
3619
4126
4373
4519
4492
4303
4030
3720
3442
3174
3117
2981
2911
2974
3045
3300
3655
4014
4093
3950
3749
3721
3634
3395
3217
3047
2985
2957
3105
3252
3292
3202
3094
2947
2704
2568
2409
2138
1993
2001
1937
1881
1841
1815
1922
2174
2424
2550
2572
2380
2333
2256
1937
1324
501
-17
-18
539
1665
2984
4316
5260
5716
5692
5225
4356
3259
2065
990
274
17
79
537
1385
2544
3873
4903
5488
5594
5497
4875
3893
2693
1468
459
-163
-515
-568
-28
900
2095
3322
4333
4986
5231
4919
4378
3639
2858
2021
1212
451
-47
-98
198
788
1805
2757
3604
4104
4255
4327
4108
3625
2841
2001
1363
881
574
534
716
1063
1532
2001
2463
2680
2961
2958
2656
2208
1881
1757
1386
912
554
721
760
723
1034
1469
1761
1867
1862
1942
1940
1635
1374
1306
1225
962
867
911
976
1331
1692
1975
2184
2328
2348
2492
2543
2314
2010
1688
1135
363
-451
-1259
-1939
-2392
-2677
-2513
-2231
-1680
-789
101
844
1434
1883
2052
1876
1464
805
-51
-816
-1243
-1387
-1393
-1246
-848
20
898
1669
2479
3027
3293
3126
2691
2217
1604
1022
356
-43
-324
-287
56
465
973
1423
1817
2206
2336
2386
2203
1981
1697
1267
863
637
458
452
514
679
904
1127
1419
1671
1726
1603
1554
1501
1339
1024
817
629
518
409
362
605
686
697
581
499
402
196
-182
-484
-666
-905
-872
-821
-763
-683
-592
-579
-667
-642
-545
-481
-629
-1067
-1549
-1958
-1990
-1816
-1082
187
1801
3229
4217
4655
4498
3591
2303
881
-939
-2727
-3961
-4788
-5133
-4656
-3421
-1977
-351
1449
2740
3305
3322
2873
1956
552
-1119
-2747
-4098
-4882
-5085
-4828
-4048
-2999
-1709
-434
446
965
1212
971
247
-657
-1940
-3120
-4163
-4890
-5054
-4809
-4190
-3443
-2469
-1530
-557
122
313
278
-21
-545
-1295
-2104
-2844
-3584
-3887
-3872
-3588
-2935
-2395
-1888
-1460
-1260
-1106
-1209
-1434
-1543
-1840
-2222
-2221
-2248
-2085
-1950
-1862
-1513
-1060
-648
-217
43
-6
-121
-361
-609
-748
-1030
-1094
-901
-540
-454
-200
220
386
625
780
907
1206
1281
1146
833
321
-234
-893
-1696
-2413
-3065
-3546
-3874
-3887
-3444
-2805
-1956
-1000
-209
329
856
1134
1015
705
80
-639
-1460
-2255
-2657
-2711
-2435
-1997
-1442
-569
353
1116
1839
2128
2180
2094
1576
837
162
-434
-833
-1031
-1137
-1027
-790
-273
313
706
1228
1588
1718
1728
1593
1309
944
557
305
353
372
271
426
793
1074
1157
1493
1714
1724
1780
1820
1607
1301
1170
1177
1297
1380
1553
1524
1409
1446
1513
1551
1536
1314
999
690
521
457
240
236
497
596
579
667
768
904
962
1036
1026
916
573
126
-228
-308
111
