-5059
-4517
-4015
-3747
-3644
-3639
-3760
-3836
-4008
-4309
-4583
-4742
-4748
-4585
-4417
-4190
-4017
-3825
-3624
-3463
-3215
-3047
-2890
-2859
-2890
-3276
-4015
-4836
-5754
-6826
-7565
-8015
-8228
-8088
-7816
-7305
-6644
-5905
-4900
-4080
-3508
-3204
-3223
-3534
-4227
-5007
-5835
-6388
-6669
-6876
-6871
-6416
-5546
-4479
-3434
-2649
-2070
-1713
-1533
-1723
-2047
-2586
-3275
-4039
-4612
-4836
-4866
-4753
-4313
-3783
-3253
-2763
-2471
-2372
-2393
-2629
-3234
-3893
-4717
-5174
-5243
-4933
-4244
-3251
-1978
-1187
-934
-1338
-2398
-4085
-6026
-7873
-9775
-11292
-11966
-11541
-10490
-9104
-7534
-6058
-5082
-4439
-4520
-5548
-6908
-8673
-10498
-12183
-13088
-13014
-11984
-10220
-8102
-5680
-3106
-909
609
1343
1230
599
-498
-1870
-3363
-4922
-6140
-6745
-6161
-4256
-1587
1155
3634
5663
6976
6927
5939
4494
2414
18
-2335
-4506
-6154
-6636
-6078
-4957
-3361
-1533
78
1086
1306
928
-37
-1619
-3666
-5895
-7901
-9313
-10177
-10235
-9399
-8001
-6599
-5329
-4223
-3402
-3241
-3612
-4375
-5553
-7279
-9149
-10502
-11507
-12005
-12165
-11540
-10433
-9176
-7857
-6679
-5771
-5255
-5163
-5576
-6353
-7447
-8647
-9917
-11023
-11719
-12022
-11418
-10707
-9715
-8594
-7668
-6522
-5537
-4799
-4263
-4049
-3916
-4101
-4195
-4230
-4154
-3781
-3396
-2877
-2315
-1891
-1608
-1318
-1144
-988
-909
-906
-1075
-1448
-1758
-1999
-2111
-1953
-1929
-2014
-2078
-1966
-2067
-2253
-2425
-2421
-2515
-2734
-3017
-3507
-3996
-4528
-4971
-5527
-6206
-6715
-6920
-6797
-6608
-5968
-5173
-4553
-4050
-3507
-3057
-2920
-3173
-3674
-4555
-5430
-6275
-7215
-7923
-8363
-8469
-8306
-7789
-7018
-6244
-5358
-4465
-4015
-3792
-3882
-4150
-4513
-4926
-5437
-5707
-5715
-5483
-4925
-4311
-3345
-2263
-1313
-478
86
642
1127
1381
1617
1667
1672
1413
679
-278
-1315
-2566
-3693
-4334
-4358
-3533
-1918
50
1952
3627
4939
5568
5376
4564
3127
1286
-685
-2465
-3559
-3699
-3121
-1736
246
2400
4308
5784
6488
6463
5947
4984
3664
2101
606
-520
-1067
-812
183
1878
3959
5651
6842
7522
7673
7413
7056
6985
6844
6755
6864
7148
7431
7379
6856
6118
5227
4109
3080
2032
1161
440
63
257
895
1808
2859
3895
4745
5182
5137
4519
3774
2712
1386
109
-878
-1570
-1702
-1495
-1118
-661
-52
706
1202
1443
1276
748
272
-257
-1149
-2205
-3159
-3668
-3896
-4095
-4113
-3946
-3618
-3442
-3418
-3405
-3388
-3460
-3586
-3710
-3912
-4093
-4396
-4597
-4451
-4173
-3835
-3594
-3475
-3282
-3046
-3061
-3264
-3479
-3681
-4041
-4204
-4073
-3851
-3655
-3334
-2895
-2387
-1809
-1333
-1047
-859
-921
-1153
-1334
-1644
-2154
-2783
-3046
-3132
-3284
-3270
-3036
-2882
-2531
-2367
-2030
-1730
-1393
-1141
-1382
-2006
-2707
-3612
-5022
-6494
-7784
-9037
-9958
-10219
-10148
-9933
-9401
-8745
-7796
-6703
-5686
-4849
-4716
-5036
-5735
-6488
-7257
-8208
-9247
-10095
-10389
-10444
-10162
-9464
-8570
-7654
-6877
-6246
-5882
-5678
-5589
-5931
-6534
-7361
-7782
-8069
-8379
-8431
-8209
-7808
-7208
-6578
-5702
-4822
-4416
-4071
-3627
-3309
-3027
-2955
-2974
-2977
-2759
-2447
-2182
-1657
-1140
-652
-525
-518
-390
-443
-457
-509
-745
-913
-1047
-1053
-1247
-1426
-1540
-1645
-1601
-1464
-1426
-1529
-1560
-1691
-2027
-2313
-2551
-2724
-2742
-2858
-2977
-3016
-2892
-2798
-2617
-2377
-2198
-2054
-2069
-2489
-3084
-3718
-4420
-4637
-4093
-3093
-1723
-452
435
776
635
0
-1151
-2670
-4143
-5721
-7011
-7783
-7952
-7705
-7158
-6069
-4677
-3262
-2118
-1533
-1551
-1897
-2826
-4187
-5865
-7422
-8307
-8901
-9172
-8884
-7933
-6725
-5366
-4309
-3390
-2758
-2624
-2837
-3404
-4522
-5822
-6867
-7642
-8260
-8629
-8521
-7815
-6727
-5705
-4807
-3948
-3299
-2902
-3036
-3440
-3983
-4620
-5344
-6034
-6593
-6871
-6922
-6839
-6638
-6128
-5707
-5199
-4650
-4468
-4486
-4749
-5214
-5772
-6208
-6523
-6823
-6887
-6613
-6266
-5928
-5912
-5873
-5744
-5609
-5649
-5873
-6150
-6440
-6458
-6618
-6824
-6787
-6679
-6514
-6522
-6255
-5944
-5674
-5319
-5060
-4871
-4752
-4849
-5136
-5680
-6411
-7209
-8216
-9301
-10051
-10522
-10879
-10912
-10657
-9923
-9106
-8085
-6984
-6220
-5757
-5493
-5430
-5839
-6620
-7509
-8312
-8950
-9402
-9627
-9420
-8923
-8335
-7361
-6142
-4883
-3972
-3637
-3456
-3421
-3616
-4067
-4714
-5317
-5875
-6094
-5857
-5533
-4962
-4318
-3620
-2936
-2290
-1856
-1409
-1056
-998
-1086
-1207
-1412
-1509
-1417
-1213
-1009
-862
-602
-267
68
449
722
798
832
987
975
936
869
578
509
654
679
662
728
730
645
531
322
110
-54
-128
-225
-369
-416
-468
-493
-386
-127
170
357
346
356
328
255
161
-211
-988
-1506
-1696
-1392
-452
1004
2691
3983
4729
4952
4686
3860
2725
1309
-240
-1320
-2221
-2835
-2840
-2279
-1239
159
1543
2654
3297
3434
3072
2294
1272
2
-1500
-2755
-3414
-3706
-3603
-2861
-1776
-591
474
1098
1594
1979
1788
1230
262
-847
-1959
-2988
-3699
-4075
-4071
-3682
-2937
-2103
-1184
-293
180
315
180
-141
-623
-1359
-2183
-2890
-3534
-3836
-3943
-3706
-3269
-2871
-2385
-2013
-1615
-1393
-1441
-1587
-1867
-2231
-2597
-2927
-3255
-3303
-3381
-3164
-2892
-2651
-2474
-2202
-1827
-1707
-1674
-1816
-2247
-2583
-2609
-2635
-2812
-2930
-2855
-2537
-2047
-1985
-2158
-2146
-1954
-1841
-1754
-1800
-1751
-1914
-2515
-3432
-4374
-5309
-6266
-6979
-7485
-7656
-7334
-6810
-6198
-5445
-4694
-3872
-3152
-2812
-2824
-2995
-3394
-4340
-5540
-6432
-6959
-7306
-7381
-6971
-6237
-5178
-4190
-3340
-2630
-2113
-1917
-1935
-2068
-2475
-3101
-3772
-4221
-4506
-4403
-4178
-3984
-3379
-2636
-2015
-1391
-882
-546
-292
-226
-261
-451
-713
-1028
-1159
-1118
-1117
-990
-643
-201
154
379
748
1080
1214
1339
1402
1396
1181
1050
961
843
981
1060
1071
973
887
903
931
749
505
275
59
-218
-462
-574
-575
-510
-390
-259
-91
-184
-202
-32
-54
-305
-861
-1592
-2190
-2424
-2270
-1529
-347
1003
2253
3239
3605
3469
2822
1725
470
-842
-2332
-3757
-4581
-4712
-4222
-3217
-1854
-436
634
1319
1767
1686
991
-70
-1397
-2805
-4111
-5202
-5931
-5943
-5398
-4371
-3106
-1982
-1151
-523
-124
-165
-599
-1400
-2638
-3707
-4582
-5443
-6122
-6080
-5569
-4981
-4262
-3527
-2671
-1844
-1604
-1807
-2052
-2379
-3040
-3877
-4802
-5479
-6019
-6114
-5903
-5562
-5144
-4789
-4331
-3780
-3419
-3275
-3350
-3549
-4018
-4662
-5177
-5506
-5546
-5416
-5135
-4858
-4700
-4446
-4113
-3931
-3909
-3980
-4124
-4497
-4888
-5057
-5047
-4998
-4994
-5094
-5156
-4956
-4577
-4305
-4109
-3844
-3807
-3865
-3806
-3843
-4074
-4560
-5324
-6213
-7331
-8167
-8782
-9245
-9427
-9462
-9174
-8497
-7626
-6641
-5713
-5069
-4808
-4841
-4967
-5513
-6229
-6807
-7694
-8343
-8758
-8910
-8475
-7994
-7286
-6229
-5238
-4483
-3844
-3323
-3200
-3367
-3727
-4254
-4758
-5108
-5292
-5490
-5515
-5238
-4435
-3777
-3175
-2514
-1818
-1221
-820
-540
-596
-610
-719
-1075
-1271
-1082
-956
-686
-426
-23
480
964
1218
1424
1750
1737
1742
1569
1488
1441
1482
1447
1302
1345
1340
1546
1598
1585
1587
1410
1313
996
655
545
387
390
467
586
594
507
650
819
917
1021
892
485
157
-362
-1236
-2258
-2644
-2542
-1972
-846
427
1637
2437
2699
2597
2167
1241
165
-803
-1483
-1832
-1964
-1779
-1039
50
1050
1892
2442
2771
2681
2145
1338
297
-1076
-2243
-2921
-3189
-2922
-2361
-1639
-662
501
1462
1980
2353
2524
2282
1726
857
-93
-971
-1652
-1976
-1975
-1749
-1230
-410
450
1179
1742
2062
2035
1828
1346
666
-87
-661
-1250
-1777
-1958
-1949
-1538
-951
-383
130
368
474
663
838
515
-113
-740
-1271
-1652
-1826
-2033
-2280
-2155
-2004
-1927
-1792
-1584
-1436
-1379
-1550
-1815
-2141
-2494
-2682
-2833
-3044
-3072
-3094
-3052
-2889
-2721
-2536
-2283
-2173
-2111
-2105
-2204
-2572
-3027
-3544
-4248
-5082
-6011
-6871
-7393
-7671
-7809
-7648
-7270
-6458
-5458
-4493
-3856
-3309
-3008
-3013
-3429
-4070
-4730
-5448
-6246
-6715
-6908
-6822
-6223
-5444
-4587
-3610
-2602
-1696
-1053
-776
-890
-1125
-1495
-2029
-2573
-2949
-3065
-3095
-2904
-2341
-1596
-1035
-510
186
803
1069
1264
1295
1272
1192
993
766
669
770
885
1094
1368
1522
1883
2245
2502
2640
2678
2622
2640
2521
2329
2026
1915
1978
1966
1940
1795
1709
1637
1543
1445
1299
1127
985
783
596
364
275
161
300
509
568
429
339
432
698
841
799
430
-12
-62
489
1549
2842
4363
5849
6813
7163
6910
6033
4461
2629
634
-1312
-3006
-4271
-4791
-4365
-3262
-1464
681
2604
4110
4956
5229
4946
4040
2623
932
-1005
-2861
-4114
-4701
-4696
-4029
-2941
-1868
-558
717
1487
1769
1646
1122
7
-1340
-2631
-3894
-5107
-5957
-6019
-5552
-4668
-3566
-2653
-1754
-926
-398
-277
-624
-1255
-2012
-2782
-3594
-4421
-4988
-5178
-5215
-5022
-4514
-3953
-3750
-3640
-3512
-3433
-3537
-3601
-3871
-4082
-4137
-4315
-4314
-4091
-3624
-3238
-2728
-2305
-2128
-2124
-2098
-2039
-2221
-2571
-2764
-2899
-3091
-3021
-2731
-2449
-2060
-1741
-1580
-1395
-1153
-1023
-861
-735
-821
-1101
-1495
-2115
-2830
-3730
-4572
-5408
-6200
-6578
-6640
-6171
-5589
-4913
-4243
-3370
-2339
-1715
-1466
-1466
-1841
-2666
-3602
-4469
-5146
-5820
-6298
-6433
-6102
-5448
-4608
-3745
-2924
-2228
-1637
-1414
-1508
-1766
-2431
-3187
-3641
-3823
-4115
-4246
-4132
-3939
-3623
-2991
-2199
-1374
-856
-572
-184
69
42
27
-89
-61
-129
-591
-521
-39
297
582
885
1282
1700
2047
2296
2451
2547
2433
2239
2160
2146
2190
2358
2482
2584
2593
2488
2435
2281
2220
2074
1731
1578
1636
1603
1450
1448
1623
1607
1399
1544
1860
2090
2026
2009
1871
1482
852
142
-540
-789
-602
195
1266
2302
3342
3913
3779
3116
2164
1146
-229
-1290
-2107
-2493
-2465
-2066
-1157
263
1580
2583
3443
3754
3601
3144
2165
760
-900
-2423
-3446
-4032
-4020
-3403
-2426
-1200
-13
927
1847
2271
2240
1984
1405
486
-610
-1560
-2215
-2715
-2745
-2246
-1401
-262
603
1168
1714
2240
2463
2278
1808
1184
399
-434
-1199
-1620
-1616
-1439
-1309
-897
-198
499
923
1085
1166
1090
968
669
282
74
-202
-493
-814
-885
-715
-717
-660
-614
-546
-490
-507
-689
-1133
-1517
-1692
-1870
-2116
-2239
-2072
-1865
-1711
-1507
-1395
-1233
-1157
-1175
-1083
-1048
-1194
-1629
-2250
-2970
-3771
-4613
-5504
-6414
-6973
-7141
-6948
-6604
-6091
-5405
-4537
-3518
-2677
-2091
-1856
-2039
-2743
-3605
-4482
-5274
-5985
-6452
-6478
-5927
-5165
-4480
-3476
-2330
-1357
-608
-161
62
-102
-479
-858
-1282
-1670
-1945
-2224
-2162
-1740
-912
-173
398
1173
1733
2133
2428
2674
2822
2825
2726
2591
2418
2069
2059
2359
2712
3045
3331
3513
3778
4116
4268
4252
4096
3871
3726
3661
3725
3755
3775
3701
3687
3624
3558
3539
3286
3081
2944
2673
2441
2253
2242
2391
2478
2336
2262
2240
2252
2280
2328
2407
2487
2237
1840
1290
705
82
-8
725
1976
3465
4820
5801
6371
6386
5919
4890
3627
2230
988
-36
-938
-1244
-917
-63
1130
2617
3900
4633
4929
4953
4685
3903
2731
1441
190
-890
-1621
-1729
-1508
-789
299
1420
2369
3068
3564
3541
3149
2523
1772
940
-139
-1165
-1725
-1820
-1671
-1315
-681
107
871
1488
2100
2384
2203
1603
979
233
-441
-983
-1476
-1907
-2090
-1866
-1640
-1188
-661
-259
77
139
58
-187
-589
-1084
-1476
-1805
-2044
-2186
-2229
-1950
-1483
-1001
-775
-593
-403
-265
-437
-728
-1205
-1498
-1579
-1786
-1897
-1740
-1455
-1376
-1239
-1035
-762
-644
-656
-649
-523
-425
-670
-1050
-1702
-2481
-3281
-4200
-5075
-5809
-5971
-5938
-5804
-5339
-4689
-3675
-2815
-1952
-1278
-985
-1225
-1762
-2391
-3111
-3861
-4625
-5174
-5402
-5207
-4711
-3966
-2980
-2099
-1345
-654
-182
59
-107
-420
-936
-1413
-1932
-2332
-2522
-2620
-2420
-1796
-1318
-716
-40
666
1264
1574
1798
1844
1677
1579
1338
1058
949
956
1161
1350
1550
2080
2480
2846
3206
3330
3301
3339
3262
3091
3003
2791
2634
2740
2844
2830
2857
2945
2918
2985
2997
2718
2398
2166
2005
1896
1804
1722
1722
1909
2048
2091
2119
2160
2237
2278
2150
1920
1506
702
110
126
564
1382
2602
4104
5376
6090
6232
5830
5064
3931
2707
1369
128
-1045
-1688
-1593
-929
155
1514
2791
3860
4468
4635
4227
3556
2505
1103
-227
-1310
-2071
-2426
-2373
-1725
-785
209
1049
1843
2435
2776
2628
2041
1239
188
-942
-1841
-2543
-2801
-2527
-2185
-1659
-865
53
814
1238
1457
1498
1276
825
176
-713
-1519
-2089
-2386
-2448
-2202
-1695
-1329
-911
-478
-130
96
83
-93
-440
-973
-1574
-1789
-1789
-1765
-1755
-1596
-1377
-1070
-706
-379
-353
-536
-547
-686
-921
-1129
-1292
-1381
-1529
-1443
-1158
-841
-621
-538
-426
-282
-272
-191
-49
-35
-202
-578
-1104
-1846
-2963
-4041
-4757
-5263
-5699
-5963
-5729
-5097
-4298
-3512
-2700
-2101
-1640
-1307
-1112
-1268
-1889
-2718
-3713
-4472
-4966
-5267
-5113
-4711
-4123
-3225
-2460
-1648
-819
-284
-51
-109
-203
-602
-1260
-1689
-1961
-2241
-2344
-2116
-1689
-1137
-552
58
869
1522
1777
1968
2202
2269
2162
2041
1822
1616
1669
1789
2043
2501
2824
3007
3196
3612
3915
4127
4160
3988
3858
3780
3729
3676
3569
3606
3732
3695
3590
3429
3407
3458
3265
3055
2830
2735
2639
2405
2280
2430
2504
2558
2627
2559
2684
2768
2694
2547
2451
2043
1370
858
634
689
1431
2616
3966
5352
6295
6651
6417
5643
4561
3339
2119
826
-177
-651
-797
-654
167
1501
2883
4027
4686
5020
4819
4252
3412
2230
958
-259
-1383
-2028
-2012
-1384
-516
322
1404
2402
2976
3231
3176
3003
2385
1413
305
-647
-1411
-1945
-2162
-1751
-955
-86
791
1533
2016
2343
2273
1932
1526
1047
399
-322
-1196
-1655
-1900
-1773
-1381
-1051
-534
-44
327
437
531
497
211
-147
-548
-895
-1233
-1381
-1203
-943
-797
-677
-381
13
224
208
19
-144
-209
-403
-755
-1057
-1205
-1218
-1119
-944
-683
-389
-88
231
397
316
268
255
187
-165
-644
-1321
-2148
-3079
-3772
-4397
-5079
-5427
-5379
-5097
-4345
-3593
-2711
-1783
-1077
-656
-588
-669
-1064
-1860
-2683
-3586
-4229
-4710
-4772
-4447
-3794
-2984
-2079
-1152
-459
152
496
557
580
368
30
-603
-1209
-1537
-1777
-1657
-1308
-671
-72
494
1055
1562
1898
2081
2093
1836
1485
1267
1096
966
1095
1578
2095
2419
2729
2740
2646
2195
1523
854
318
141
15
383
1046
1781
2488
3188
3775
3837
3553
3194
2621
1821
942
241
-2
91
701
1796
3199
4693
5798
6500
6924
6633
6050
5485
4759
4056
3340
2801
2465
2407
2842
3835
5291
6915
8443
9516
10073
9977
9139
7748
6107
4423
2855
1654
849
442
647
1562
2722
3843
4827
5503
5841
5849
5259
4303
3078
1808
492
-665
-1418
-1813
-1830
-1463
-627
499
1479
2141
2498
2691
2528
2035
1294
203
-1016
-2163
-2799
-3223
-3238
-2881
-2293
-1574
-792
-112
429
725
758
537
50
-605
-1304
-1956
-2451
-2592
-2417
-2123
-1860
-1284
-662
-1
420
767
975
979
869
679
273
41
12
26
227
596
926
1251
1531
1723
2003
2076
2021
1954
1774
1591
1373
1043
726
521
602
702
812
921
1048
1317
1446
1370
1424
1327
1080
927
484
-167
-768
-1574
-2489
-3419
-3994
-4313
-4506
-4358
-4181
-3645
-2740
-1760
-1114
-895
-779
-846
-1301
-1846
-2533
-3512
-4335
-4853
-5061
-5140
-4997
-4364
-3443
-2385
-1627
-1175
-649
-407
-633
-1133
-1777
-2318
-2825
-3431
-3816
-3716
-3447
-3214
-2959
-2287
-1496
-726
-125
184
270
293
79
-294
-855
-1480
-1818
-1928
-2045
-1918
-1463
-689
65
859
1472
1685
1633
1379
1073
568
-99
-690
-1125
-1344
-1311
-1059
-498
77
506
957
1130
1009
703
133
-482
-1240
-1966
-2454
-2669
-2748
-2713
-2388
-1832
-1203
-782
-637
-698
-1215
-2318
-3643
-4878
-5775
-5763
-4985
-3755
-1955
3
1304
1706
1375
598
-483
-2133
-3829
-5679
-7157
-7917
-8061
-7419
-6107
-4408
-2640
-1230
-142
375
154
-430
-1460
-2739
-4072
-5496
-6599
-7111
-6857
-5927
-4856
-3646
-2078
-921
-192
264
296
-126
-996
-2007
-2884
-3679
-4334
-4591
-4587
-4095
-3155
-2104
-1085
-197
525
1068
1048
872
451
-203
-863
-1551
-2151
-2593
-2784
-2485
-1970
-1244
-632
-161
171
414
465
345
65
-394
-848
-1190
-1395
-1640
-1691
-1467
-1067
-823
-474
-54
174
36
-157
-120
-350
-699
-904
-1178
-1352
-1187
-874
-566
-305
59
350
398
653
877
968
904
704
424
-21
-640
-1481
-2084
-2644
-3234
-3675
-3707
-3471
-2978
-2140
-1180
-228
588
1218
1645
1856
1704
1266
662
119
-322
-733
-1137
-1031
-698
-181
833
1858
2939
3690
4013
4178
4119
3743
3371
2978
2439
1908
1474
1469
1672
1845
2151
2711
3324
3731
3910
4009
3980
4025
3775
3500
3317
2963
2686
2507
2494
2741
2987
3182
3318
3490
3642
3596
3557
3490
3381
3292
3175
3145
3075
2963
2839
2699
2787
2943
3042
2978
2724
2602
2398
2285
2199
2090
2067
1849
1798
1837
1886
2000
2084
2145
2165
2242
2261
2127
1634
977
527
316
339
853
1995
3450
4847
5902
6252
6219
5845
4873
3604
2372
1198
307
-253
-335
71
1129
2514
3758
4947
5718
6004
5793
5014
4007
2969
1909
707
-89
-411
-225
386
1156
2083
3060
3890
4471
4805
4900
4537
3771
3046
2135
977
173
-103
-29
285
741
1328
2241
3084
3659
3979
4130
3938
3445
2764
1918
1214
763
413
400
532
668
1103
1577
2065
2357
2404
2416
2441
2135
1649
1214
858
537
492
523
683
783
1129
1694
2014
2269
2264
2222
2099
1795
1638
1491
1362
1355
1293
1406
1451
1724
2085
2226
2320
2430
2609
2844
2980
2838
2426
1948
1403
719
-96
-934
-1630
-2109
-2310
-2201
-1812
-1246
-490
549
1327
1829
2322
2533
2350
1951
1307
385
-469
-990
-1283
-1423
-1162
-570
213
1123
1860
2439
2818
3018
3049
2845
2356
1842
1208
509
-34
-244
-289
-289
219
949
1322
1679
2168
2421
2396
2219
1882
1486
1043
828
645
494
480
433
656
941
1055
1273
1422
1545
1561
1469
1402
1175
951
854
933
1017
903
828
740
688
772
615
407
444
418
213
-154
-518
-562
-510
-536
-554
-456
-309
-388
-472
-314
-261
-335
-582
-990
-1392
-1798
-2016
-1842
-1281
-144
1283
2722
3752
4175
4127
3789
2712
1295
-211
-1686
-2960
-3959
-4341
-4094
-3333
-1940
-168
1307
2394
2896
2949
2565
1834
749
-864
-2439
-3732
-4490
-4826
-4553
-3727
-2521
-1175
-159
596
1174
1337
1211
679
-309
-1427
-2415
-3286
-4049
-4462
-4290
-3590
-2626
-1712
-718
195
600
487
297
32
-440
-1052
-1755
-2585
-3201
-3313
-3098
-2881
-2568
-2087
-1438
-994
-677
-608
-771
-987
-1385
-1609
-1805
-2043
-2126
-1951
-1736
-1616
-1283
-763
-347
-90
-87
-161
-253
-408
-584
-876
-1170
-998
-734
-580
-435
-168
101
436
614
707
844
964
1095
982
803
466
-12
-708
-1620
-2668
-3234
-3546
-3785
-3813
-3632
-3116
-2331
-1305
-316
219
457
768
810
595
9
-773
-1626
-2255
-2607
-2738
-2449
-1953
-1324
-543
348
1298
1952
2231
2216
2097
1745
1002
348
-119
-542
-1042
-1324
-1168
-808
-318
357
920
1316
1532
1639
1612
1474
1189
1029
794
553
290
196
258
465
828
1204
1270
1342
1452
1609
1760
1694
1560
1487
1363
1303
1132
1050
1275
1416
1462
1454
1357
1286
1277
1260
1001
664
477
343
236
138
130
107
155
426
727
686
681
729
703
531
276
40
-40
215
758
