-4769
-4355
-3836
-3621
-3379
-3415
-3661
-3905
-3983
-3954
-4093
-4339
-4519
-4382
-4116
-3984
-3689
-3486
-3518
-3408
-3239
-2902
-2735
-2837
-3027
-3327
-3892
-4823
-5983
-6932
-7370
-7839
-8207
-8210
-7840
-7299
-6726
-5884
-4671
-3732
-3202
-3042
-2972
-3321
-4045
-4944
-5717
-6386
-6879
-6889
-6667
-6149
-5328
-4330
-3328
-2508
-1988
-1904
-1836
-1836
-2241
-2898
-3642
-4339
-4856
-5198
-5128
-4849
-4452
-4100
-3640
-3036
-2593
-2454
-2504
-2773
-3451
-4280
-4991
-5234
-5130
-4910
-4328
-3287
-1887
-793
-658
-1411
-2730
-4351
-6041
-7856
-9657
-11044
-11509
-11282
-10461
-9118
-7351
-5667
-4561
-4343
-4958
-5889
-7183
-8894
-10731
-12161
-12829
-12829
-12081
-10573
-8219
-5501
-3061
-851
731
1562
1369
468
-665
-1993
-3453
-5099
-6438
-6860
-6446
-4944
-2508
458
3119
5130
6375
6504
5615
4202
2194
-66
-2169
-4168
-5574
-6342
-6032
-4900
-3292
-1487
-140
580
617
193
-806
-2427
-4367
-6266
-7991
-9371
-10219
-10226
-9401
-8089
-6751
-5344
-4126
-3351
-3100
-3427
-4440
-5863
-7240
-8742
-10352
-11542
-12006
-11904
-11323
-10289
-8952
-7549
-6212
-5156
-4659
-4814
-5352
-6197
-7305
-8651
-9803
-10759
-11463
-11767
-11534
-10920
-9780
-8560
-7111
-5888
-4989
-4313
-3851
-3652
-3671
-3893
-3953
-3870
-3839
-3851
-3650
-2926
-2364
-1984
-1564
-1226
-852
-736
-834
-1000
-1269
-1502
-1700
-1872
-1956
-1933
-1952
-1976
-2042
-2014
-2043
-2322
-2588
-2650
-2873
-3126
-3180
-3360
-4005
-4736
-5200
-5416
-5856
-6256
-6458
-6425
-6341
-6111
-5682
-5001
-4373
-3766
-3230
-3083
-3376
-3938
-4603
-5567
-6614
-7396
-7921
-8463
-8724
-8307
-7611
-6735
-5848
-5101
-4668
-4394
-4051
-4002
-4132
-4400
-4715
-5098
-5405
-5339
-5055
-4566
-3863
-3017
-2109
-1311
-512
221
960
1402
1468
1655
1789
1745
1467
558
-449
-1420
-2435
-3405
-4260
-4404
-3463
-1825
204
2222
3860
4928
5588
5552
4541
2881
1033
-852
-2478
-3520
-4002
-3403
-1920
26
2155
4037
5430
6304
6450
5836
4689
3166
1577
111
-1130
-1774
-1476
-257
1595
3650
5391
6639
7248
7214
6898
6559
6091
5864
5910
6377
6698
6788
6763
6538
5895
5225
4415
3357
2027
819
101
-87
128
717
1533
2436
3361
4239
4793
4901
4422
3421
2225
1049
-38
-1183
-1921
-2059
-1954
-1502
-664
277
985
1614
2043
1886
1488
960
101
-768
-1748
-2614
-3427
-3936
-3900
-3762
-3739
-3560
-3180
-2888
-3070
-3108
-3159
-3344
-3631
-3930
-4091
-4306
-4500
-4268
-3967
-3830
-3569
-3234
-3044
-2878
-2943
-3072
-3229
-3489
-3666
-3814
-3981
-3911
-3674
-3324
-2907
-2269
-1762
-1406
-1060
-858
-820
-935
-1122
-1583
-1993
-2311
-2743
-3100
-3386
-3574
-3436
-2991
-2731
-2642
-2523
-2043
-1575
-1448
-1693
-2067
-2816
-3815
-5091
-6582
-8082
-9249
-9925
-10270
-10296
-10197
-9729
-8563
-7400
-6486
-5651
-5100
-4806
-4923
-5484
-6328
-7331
-8200
-9123
-9939
-10355
-10155
-9756
-9300
-8588
-7627
-6677
-6042
-5757
-5765
-6005
-6222
-6593
-7122
-7686
-8093
-8406
-8448
-8329
-7870
-7223
-6466
-5729
-5186
-4603
-4056
-3785
-3476
-3257
-3084
-3019
-2949
-2775
-2586
-2206
-1900
-1581
-1245
-793
-382
-181
-263
-398
-479
-625
-783
-1043
-1363
-1452
-1374
-1338
-1330
-1423
-1458
-1439
-1537
-1578
-1676
-1982
-2327
-2509
-2786
-3086
-3245
-3293
-3045
-2932
-2816
-2568
-2314
-2154
-2117
-2240
-2640
-3293
-4001
-4533
-4697
-4118
-3102
-1867
-525
496
932
727
48
-1112
-2719
-4159
-5488
-6932
-7970
-8391
-8240
-7212
-5827
-4352
-3024
-2093
-1518
-1623
-2112
-3093
-4373
-5801
-7443
-8606
-9335
-9462
-8836
-7753
-6564
-5497
-4310
-3313
-2712
-2561
-2715
-3334
-4376
-5606
-6700
-7675
-8370
-8706
-8448
-7750
-6965
-5984
-4888
-4018
-3487
-3242
-3177
-3507
-4110
-4705
-5473
-6279
-6762
-7037
-7145
-6849
-6338
-5738
-5232
-4806
-4441
-4368
-4616
-4905
-5138
-5504
-6120
-6601
-6719
-6647
-6593
-6332
-6205
-5978
-5585
-5276
-5042
-4961
-5100
-5514
-6002
-6278
-6399
-6493
-6622
-6786
-6678
-6224
-5750
-5409
-5295
-5329
-5134
-4855
-4681
-4733
-5242
-5986
-6717
-7321
-8178
-9204
-10174
-10737
-10831
-10831
-10491
-9767
-8975
-8125
-7229
-6329
-5765
-5580
-5633
-5903
-6533
-7326
-8211
-8849
-9307
-9541
-9396
-8882
-8015
-6961
-5934
-4999
-4141
-3467
-3138
-3173
-3399
-3950
-4646
-5130
-5505
-5627
-5675
-5636
-5187
-4450
-3467
-2561
-1922
-1527
-1128
-717
-538
-711
-1090
-1099
-1042
-1032
-831
-616
-335
40
204
508
980
1369
1542
1628
1729
1848
1948
1910
1778
1666
1510
1412
1382
1431
1458
1375
1369
1143
836
552
598
431
277
130
14
15
46
182
326
590
775
741
793
965
910
310
-563
-1126
-1165
-704
322
1592
3118
4340
5318
5648
5097
4165
2989
1680
296
-1047
-1801
-2077
-2084
-1749
-841
499
1755
2856
3574
3658
3176
2446
1417
185
-1191
-2367
-3220
-3572
-3264
-2564
-1592
-517
568
1428
2030
2210
2010
1367
571
-402
-1617
-2752
-3470
-3774
-3706
-3405
-2770
-1761
-830
-220
265
514
509
193
-490
-1224
-2101
-2797
-3237
-3614
-3752
-3561
-3306
-2830
-2368
-1722
-1261
-1206
-1211
-1493
-1805
-2120
-2635
-3193
-3411
-3492
-3535
-3325
-3016
-2533
-2134
-1836
-1635
-1674
-1805
-1933
-2163
-2555
-2917
-3038
-3043
-3030
-2899
-2646
-2483
-2313
-2133
-2098
-2007
-1900
-1896
-1936
-2109
-2456
-3054
-3734
-4605
-5547
-6492
-7150
-7404
-7430
-7417
-7195
-6541
-5716
-4647
-3695
-3052
-2759
-2892
-3427
-4202
-4972
-5721
-6559
-7168
-7502
-7420
-6969
-6215
-5334
-4533
-3746
-2944
-2638
-2428
-2360
-2650
-3244
-3767
-4200
-4555
-4827
-4876
-4723
-4183
-3529
-3007
-2421
-1713
-1040
-617
-368
-310
-224
-322
-652
-761
-886
-1061
-1021
-755
-488
-107
479
986
1254
1380
1502
1477
1346
1322
1181
1088
1102
959
835
783
881
1027
1002
782
459
383
366
255
-54
-428
-530
-685
-737
-622
-545
-476
-365
-329
-309
-168
-301
-515
-890
-1441
-1872
-2293
-2239
-1552
-350
1220
2682
3829
4201
3874
3200
2035
615
-879
-2127
-3352
-4190
-4333
-4059
-3222
-2033
-526
823
1559
1842
1644
1060
203
-1035
-2472
-4012
-5258
-5794
-5733
-4928
-4076
-3044
-2006
-1064
-248
231
125
-327
-1158
-2078
-3190
-4354
-5256
-5784
-5853
-5475
-4980
-4264
-3346
-2339
-1683
-1476
-1479
-1607
-2129
-2909
-3723
-4642
-5451
-5831
-5844
-5840
-5678
-5255
-4773
-4133
-3508
-3341
-3323
-3317
-3648
-4129
-4522
-4797
-4975
-5218
-5370
-5281
-4948
-4656
-4141
-3715
-3575
-3570
-3786
-4018
-4414
-4522
-4530
-4815
-5142
-5163
-4938
-4837
-4622
-4356
-4075
-3828
-3634
-3558
-3582
-3630
-3763
-4200
-4777
-5473
-6363
-7420
-8412
-9162
-9458
-9599
-9448
-8970
-8324
-7605
-6787
-5876
-5149
-4731
-4517
-4657
-5152
-5911
-6756
-7665
-8539
-9144
-9166
-8777
-8091
-7172
-6331
-5416
-4504
-3733
-3356
-3240
-3337
-3670
-4050
-4627
-5151
-5357
-5432
-5204
-4775
-4326
-3687
-2912
-2288
-1676
-1171
-862
-653
-558
-602
-752
-1001
-1017
-922
-798
-495
-196
91
487
886
1237
1326
1480
1672
1771
1785
1673
1473
1328
1246
1173
1243
1322
1443
1546
1541
1475
1344
1143
865
587
369
274
175
163
348
506
649
695
727
711
668
647
617
177
-582
-1565
-2495
-2938
-2890
-2217
-1164
-127
970
1739
2035
1877
1310
553
-316
-1157
-1941
-2296
-2196
-1680
-1013
-143
775
1629
2202
2347
2064
1457
631
-364
-1389
-2518
-3354
-3799
-3476
-2581
-1518
-418
594
1424
2102
2419
2348
2156
1642
796
-259
-1241
-2127
-2415
-2237
-1711
-858
12
740
1362
1972
2428
2568
2257
1557
736
133
-436
-1118
-1508
-1702
-1685
-1370
-677
-132
297
810
1153
1179
1038
750
254
-442
-1147
-1673
-1871
-2061
-2330
-2489
-2388
-2171
-1894
-1702
-1655
-1800
-1710
-1772
-2083
-2408
-2716
-2908
-3216
-3418
-3331
-3144
-2880
-2724
-2687
-2477
-2427
-2396
-2442
-2472
-2670
-3215
-3846
-4480
-5302
-6157
-6970
-7556
-7675
-7549
-7475
-7101
-6301
-5356
-4553
-3866
-3301
-3116
-3176
-3464
-3968
-4739
-5532
-6119
-6587
-6690
-6426
-5821
-4862
-3769
-2881
-2226
-1573
-970
-607
-581
-924
-1333
-1914
-2358
-2624
-2854
-2827
-2528
-1955
-1254
-549
153
745
1055
1235
1379
1493
1393
1141
928
812
656
641
784
1153
1566
1970
2383
2669
2812
2843
2737
2722
2792
2613
2301
2115
2162
2133
2001
2071
2031
2039
2175
2257
2019
1612
1153
844
606
613
710
567
517
565
622
760
733
698
736
877
1052
1017
631
416
627
1130
2175
3657
5149
6483
7344
7710
7407
6517
4953
3087
992
-1169
-3184
-4450
-4697
-4232
-3037
-1333
691
2835
4580
5609
5821
5336
4345
2626
756
-1134
-2834
-4147
-4994
-5193
-4575
-3317
-1895
-492
768
1686
2171
1963
1186
133
-1095
-2721
-4155
-5275
-5883
-6079
-6074
-5308
-4001
-2746
-1731
-978
-508
-470
-853
-1311
-1994
-2896
-3796
-4655
-5212
-5447
-5649
-5528
-5014
-4451
-4174
-3875
-3586
-3587
-3727
-3718
-3836
-4185
-4448
-4249
-4005
-3781
-3452
-3061
-2635
-2293
-1886
-1633
-1732
-2005
-2329
-2628
-2657
-2721
-2830
-2847
-2710
-2539
-2253
-1938
-1304
-883
-822
-930
-908
-845
-919
-1203
-1655
-2198
-3151
-4049
-5063
-6088
-6701
-6985
-6876
-6453
-5997
-5257
-4322
-3409
-2702
-2245
-1799
-1798
-2283
-3144
-4054
-4887
-5733
-6314
-6626
-6792
-6551
-5903
-5099
-4207
-3439
-2729
-2122
-1904
-1919
-2305
-2767
-3323
-3967
-4553
-4873
-5139
-5207
-4925
-4348
-3536
-2737
-1901
-1239
-860
-740
-660
-601
-635
-741
-844
-849
-895
-775
-486
13
390
476
751
1255
1724
1938
2031
2085
2067
2043
1917
1920
1876
1851
1984
2216
2319
2163
2022
1954
1885
1780
1412
1196
1211
1316
1247
1025
998
1092
1225
1428
1517
1554
1668
1712
1427
1007
562
-136
-980
-1261
-908
-179
805
1844
2616
3212
3135
2376
1380
318
-687
-1715
-2738
-3220
-3210
-2611
-1439
-21
1428
2575
3279
3654
3393
2647
1475
-19
-1662
-3157
-4279
-4901
-4849
-4243
-3205
-1852
-464
715
1574
2137
2333
2125
1434
419
-470
-1446
-2399
-2920
-2886
-2366
-1705
-846
250
1147
1704
1952
2115
1954
1527
810
84
-605
-1296
-1615
-1684
-1601
-1279
-966
-464
87
554
971
1121
1099
941
592
240
-205
-647
-864
-964
-984
-946
-907
-702
-547
-639
-711
-728
-891
-1301
-1614
-1824
-2118
-2149
-2064
-2103
-2064
-2035
-1939
-1802
-1595
-1594
-1628
-1653
-1643
-1716
-2011
-2501
-3179
-4118
-5095
-6074
-6822
-7294
-7490
-7470
-7027
-6441
-5738
-4912
-4008
-3181
-2624
-2410
-2522
-2944
-3677
-4563
-5431
-5996
-6228
-6146
-5897
-5415
-4380
-3244
-2201
-1364
-800
-441
-307
-408
-629
-1141
-1680
-2063
-2276
-2338
-2165
-1849
-1320
-556
41
729
1450
1955
2346
2700
2893
2848
2605
2255
2062
2196
2369
2584
2884
3110
3312
3576
3900
4161
4229
4412
4459
4370
4195
4011
3661
3407
3327
3292
3249
3342
3418
3393
3276
3242
3195
2963
2631
2375
2330
2310
2355
2185
1954
2014
2192
2319
2411
2495
2532
2345
1829
1229
640
127
-25
538
1740
3122
4532
5695
6397
6550
6070
5138
3838
2356
1065
-120
-1023
-1109
-676
33
1187
2728
4037
4829
5283
5282
4840
3799
2669
1536
292
-798
-1582
-1729
-1211
-287
832
1838
2718
3353
3794
3846
3355
2699
1955
992
-59
-947
-1612
-1857
-1533
-891
-300
413
1220
2018
2503
2637
2508
2063
1337
330
-534
-1084
-1643
-1931
-1866
-1678
-1429
-1018
-528
-190
78
264
152
-178
-412
-753
-1283
-1731
-2051
-2197
-2069
-1825
-1583
-1141
-818
-726
-558
-472
-478
-599
-769
-1144
-1597
-1833
-1928
-1839
-1637
-1459
-1211
-889
-655
-475
-617
-539
-295
-285
-690
-1292
-1962
-2705
-3533
-4286
-4972
-5525
-5952
-5931
-5569
-5098
-4435
-3673
-2609
-1777
-1384
-1273
-1326
-1637
-2311
-3102
-3786
-4471
-5224
-5585
-5187
-4437
-3811
-3121
-2216
-1271
-528
-272
-282
-317
-511
-992
-1543
-2094
-2452
-2771
-2939
-2720
-2208
-1528
-765
-79
461
936
1342
1380
1395
1503
1357
1167
1164
1150
1147
1157
1378
1690
1935
2199
2593
2826
2968
3201
3295
3189
3015
2895
2834
2730
2782
2937
2803
2690
2719
2764
2724
2579
2514
2325
1972
1867
1910
1763
1602
1634
1790
1764
1730
1700
1947
2184
2190
2093
1852
1429
686
218
-16
450
1389
2538
4052
5442
6275
6340
5843
4948
3807
2559
1172
-151
-1142
-1631
-1540
-852
215
1432
2774
3829
4523
4676
4210
3388
2426
1148
-197
-1533
-2655
-3032
-2766
-2136
-1263
-126
1094
2025
2523
2716
2508
1938
1028
-76
-1215
-2124
-2690
-3027
-2973
-2532
-1769
-840
-21
695
1364
1663
1577
1041
315
-477
-1242
-1857
-2379
-2597
-2734
-2731
-2389
-1836
-1264
-762
-503
-355
-426
-641
-892
-1252
-1685
-2039
-2283
-2214
-2098
-1984
-1747
-1463
-1189
-951
-747
-524
-573
-679
-946
-1143
-1352
-1667
-1801
-1730
-1469
-1169
-976
-978
-948
-726
-522
-467
-285
-271
-533
-1004
-1666
-2468
-3392
-4268
-4809
-5441
-5983
-6258
-6191
-5707
-5026
-4203
-3382
-2554
-1938
-1630
-1583
-1606
-2169
-3060
-3912
-4549
-4989
-5263
-5284
-4978
-4454
-3670
-2627
-1684
-1035
-435
-159
-4
-212
-583
-1176
-1843
-2320
-2634
-2524
-2173
-1835
-1486
-809
88
812
1272
1637
1946
2020
1908
1824
1720
1671
1564
1449
1579
1902
2254
2605
2890
3079
3286
3733
3811
3731
3806
3907
3847
3747
3666
3569
3521
3670
3749
3588
3340
3258
3264
3135
2911
2768
2787
2724
2554
2269
2320
2555
2617
2637
2570
2506
2641
2845
2841
2462
2064
1493
987
726
807
1493
2758
4153
5481
6416
6758
6507
5683
4647
3536
2250
1011
3
-579
-858
-577
264
1673
3080
4211
5041
5284
5070
4579
3527
2142
703
-489
-1325
-1812
-1788
-1479
-661
347
1403
2514
3087
3411
3398
3056
2374
1439
460
-579
-1272
-1651
-1761
-1437
-960
-177
754
1622
2142
2435
2618
2353
1809
1003
272
-447
-1061
-1378
-1437
-1320
-1241
-872
-226
215
394
476
602
685
526
35
-497
-853
-1033
-1209
-1272
-1162
-894
-672
-269
212
459
417
403
389
54
-315
-520
-649
-721
-763
-633
-512
-321
-221
-142
-29
125
191
294
469
346
-87
-650
-1207
-1897
-2716
-3594
-4302
-5021
-5326
-5232
-4842
-4281
-3544
-2619
-1756
-963
-636
-631
-701
-1100
-1923
-2679
-3388
-4034
-4427
-4413
-4027
-3500
-2707
-1880
-1052
-235
327
608
766
719
443
-107
-789
-1366
-1685
-1817
-1750
-1391
-803
-218
496
1187
1714
2056
2192
2123
1888
1714
1394
977
907
1118
1565
1967
2269
2691
2832
2522
1937
1418
919
526
358
320
547
1024
1799
2615
3379
3870
3960
3709
3192
2440
1544
786
211
31
458
1083
1922
2984
4201
5431
6304
6726
6594
6105
5470
4673
3882
3207
2737
2395
2385
2694
3544
5001
6828
8425
9586
10091
9887
9151
7839
6259
4528
2957
1616
608
184
388
1078
2168
3549
4758
5514
5822
5608
5029
4250
3130
1733
415
-686
-1482
-2020
-2083
-1531
-654
426
1422
1963
2263
2543
2406
1875
1198
207
-898
-1947
-2770
-3335
-3337
-2886
-2275
-1542
-708
80
671
925
930
585
151
-588
-1513
-2109
-2630
-2876
-2672
-2323
-1772
-1244
-863
-232
426
841
1095
1258
1091
645
202
-15
-32
-11
152
529
981
1232
1539
1833
1976
2099
2124
1923
1529
1213
981
755
693
618
634
605
800
1029
1162
1190
1049
1007
1152
1193
1117
731
273
-453
-1315
-2219
-3151
-3830
-4436
-4716
-4668
-4695
-4544
-3887
-2973
-2182
-1464
-978
-945
-1174
-1508
-1987
-2691
-3708
-4650
-5145
-5350
-5181
-4629
-3926
-3142
-2408
-1705
-1103
-677
-554
-749
-1228
-1918
-2586
-3227
-3742
-3941
-3878
-3669
-3369
-2827
-2114
-1566
-1118
-570
-81
124
169
27
-303
-742
-1253
-1622
-2088
-2253
-1873
-1334
-585
244
834
1327
1647
1613
1457
1011
310
-238
-727
-1153
-1266
-1230
-922
-383
89
475
845
1039
945
588
159
-578
-1393
-2118
-2555
-2773
-2769
-2666
-2359
-1679
-1114
-802
-800
-1022
-1551
-2606
-3777
-4833
-5641
-5528
-4704
-3312
-1430
224
1229
1594
1375
728
-420
-1981
-3745
-5462
-6991
-7859
-7826
-7090
-5753
-4141
-2585
-992
243
583
294
-422
-1542
-3011
-4596
-5788
-6629
-7068
-7011
-6426
-5057
-3419
-1980
-784
-29
361
422
1
-663
-1563
-2696
-3720
-4435
-4628
-4448
-3961
-3068
-2060
-1073
-98
619
1048
1214
1021
483
-199
-860
-1553
-2109
-2486
-2473
-2352
-1912
-1343
-707
-116
364
707
778
630
194
-427
-836
-1206
-1366
-1479
-1448
-1238
-1020
-650
-206
177
417
438
301
116
-201
-555
-743
-897
-931
-915
-738
-493
-164
50
183
357
556
950
1096
1081
1036
637
-46
-689
-1504
-2178
-2969
-3679
-4038
-3893
-3335
-2734
-2029
-1169
-138
671
1372
1907
2044
1718
1297
765
64
-550
-953
-1152
-1110
-633
71
1081
2122
3019
3690
4000
4038
4082
3875
3334
2691
2232
1854
1519
1270
1443
1896
2341
2854
3386
3747
3913
4075
4279
4377
4179
3833
3505
3179
2963
2900
2798
2868
3080
3332
3459
3627
3841
3990
4034
3875
3554
3316
3220
3121
3065
3076
3158
3299
3134
2902
2999
3066
2889
2756
2662
2418
1969
1801
1790
1835
1902
1963
2092
2210
2227
2214
2186
2296
2340
2215
1748
1129
775
620
703
1506
2913
4417
5674
6430
6754
6654
6140
5200
4048
2855
1619
550
-118
-222
293
1149
2431
3828
4925
5731
6068
5987
5480
4611
3494
2075
751
-158
-502
-366
133
1024
2081
3133
3959
4587
4956
4985
4435
3653
2728
1713
762
-47
-471
-334
91
701
1322
2102
2912
3472
3748
3743
3521
3137
2648
1979
1145
444
51
-235
-75
422
889
1196
1671
2038
2124
2285
2349
2019
1439
960
643
531
521
459
605
1063
1482
1760
1997
2142
2274
2331
2269
2026
1834
1565
1343
1329
1448
1443
1603
1883
2165
2421
2627
2594
2482
2622
2768
2950
2635
1954
1241
527
-204
-954
-1543
-1954
-2313
-2314
-1966
-1271
-451
476
1388
1964
2115
2178
2040
1692
1067
295
-412
-875
-1115
-1421
-1227
-745
-21
978
1894
2558
2914
3041
2879
2509
2025
1505
843
147
-342
-627
-733
-511
-168
272
806
1260
1602
1851
1983
2004
1739
1364
945
657
502
270
318
314
360
572
788
1003
1153
1368
1639
1686
1402
1065
854
872
873
880
767
699
552
467
371
446
490
397
207
-137
-314
-413
-557
-761
-840
-945
-961
-695
-512
-417
-369
-293
-240
-436
-968
-1636
-2157
-2505
-2658
-2154
-1077
400
1937
3111
3740
3714
3265
2350
1000
-250
-1755
-3220
-4079
-4365
-4051
-3212
-1973
-483
895
1904
2537
2603
1939
813
-396
-1774
-2964
-3969
-4753
-5103
-4730
-4032
-3020
-1600
-340
423
825
1047
909
259
-790
-1923
-2801
-3679
-4382
-4619
-4297
-3448
-2648
-1788
-988
-227
382
572
438
153
-444
-1275
-2005
-2602
-2961
-3079
-3157
-2973
-2480
-1918
-1328
-923
-634
-492
-510
-833
-1252
-1615
-1809
-2055
-2183
-2189
-2182
-1932
-1501
-1038
-731
-450
-128
120
-52
-495
-764
-949
-1106
-1165
-916
-801
-732
-520
-334
-172
-108
42
286
511
579
581
389
34
-403
-987
-1789
-2788
-3653
-4154
-4433
-4453
-4213
-3619
-2887
-1985
-966
-125
361
607
536
141
-424
-1094
-1775
-2427
-2821
-2912
-2711
-2075
-1377
-604
266
1062
1728
2197
2050
1656
1375
1049
514
-168
-695
-1005
-1180
-1014
-667
-274
215
809
1342
1737
1931
1841
1643
1347
963
694
405
392
420
342
466
768
1091
1386
1497
1576
1791
1826
1839
1657
1351
1064
1077
1166
1295
1287
1147
1205
1285
1241
964
867
973
719
204
-73
-137
-142
-69
-126
-157
51
196
323
336
348
457
563
439
42
-288
-274
101
1027
