-4846
-4533
-4126
-3870
-3681
-3532
-3477
-3587
-3934
-4369
-4491
-4623
-4701
-4585
-4485
-4295
-3905
-3600
-3432
-3328
-3212
-3053
-2741
-2596
-2929
-3552
-4288
-5180
-6115
-7086
-7758
-8110
-8392
-8440
-8083
-7652
-6829
-5850
-4949
-4161
-3517
-3089
-3031
-3483
-4171
-5138
-6060
-6630
-6795
-6755
-6779
-6408
-5518
-4428
-3418
-2620
-1920
-1496
-1513
-1615
-2056
-2905
-3632
-4136
-4628
-5083
-5245
-5070
-4606
-4016
-3386
-2836
-2365
-2110
-2124
-2492
-3248
-4204
-4873
-5184
-5332
-5143
-4511
-3408
-1960
-865
-766
-1433
-2569
-4067
-5765
-7553
-9388
-10989
-11834
-11658
-10634
-9007
-7405
-6043
-5035
-4550
-4769
-5717
-7058
-8763
-10416
-11929
-12999
-13077
-12197
-10425
-8142
-5607
-3059
-990
485
1291
1268
506
-610
-1870
-3339
-5113
-6385
-6809
-6246
-4511
-2009
749
3385
5487
6624
6651
5841
4607
2771
334
-2169
-4328
-5857
-6507
-6131
-5019
-3456
-1685
-146
841
1199
782
-364
-2090
-4140
-6174
-7903
-9246
-10156
-10296
-9642
-8446
-6927
-5302
-4053
-3349
-3271
-3603
-4399
-5508
-7148
-8954
-10369
-11491
-12225
-12183
-11514
-10460
-9044
-7532
-6236
-5322
-4857
-4810
-4959
-5639
-6954
-8456
-9789
-10800
-11522
-11976
-11709
-11116
-9884
-8592
-7223
-5864
-4795
-4172
-3756
-3506
-3486
-3659
-3904
-3865
-3907
-3768
-3413
-2960
-2464
-1921
-1355
-831
-688
-681
-781
-941
-998
-1256
-1593
-1920
-2082
-2096
-2130
-2165
-2071
-1890
-1958
-2292
-2612
-2643
-2719
-2892
-3072
-3568
-4235
-4845
-5396
-5905
-6349
-6686
-6947
-7048
-6690
-6184
-5784
-5259
-4543
-3787
-3320
-3227
-3422
-4110
-5027
-5787
-6474
-7214
-7926
-8497
-8690
-8346
-7746
-7105
-6205
-5434
-4845
-4285
-3902
-3871
-4122
-4616
-5007
-5260
-5427
-5347
-5181
-4740
-4073
-3203
-2188
-1198
-514
262
855
1419
1686
1720
1810
1825
1622
859
-220
-1403
-2491
-3364
-3961
-4052
-3367
-1820
-21
1846
3286
4533
5211
5214
4577
2970
1076
-976
-2641
-3723
-4036
-3406
-2208
-568
1465
3474
5043
5952
6109
5555
4393
2773
1075
-311
-1391
-1851
-1480
-554
1071
3123
4850
6066
6650
6652
6523
6203
5870
5782
6062
6448
6619
6629
6602
6406
5904
5018
3932
2906
1911
1013
133
-324
-207
305
1183
2356
3449
4227
4648
4765
4285
3414
2213
800
-486
-1578
-2210
-2511
-2441
-1944
-1176
-295
549
1136
1494
1586
1138
399
-336
-1459
-2682
-3486
-4044
-4407
-4514
-4478
-4157
-3816
-3541
-3427
-3210
-3201
-3447
-3713
-4057
-4354
-4526
-4609
-4769
-4837
-4782
-4414
-3925
-3653
-3394
-3123
-3122
-3281
-3344
-3579
-3944
-4156
-4099
-3908
-3738
-3334
-2988
-2532
-2020
-1471
-1110
-922
-846
-814
-1013
-1564
-2092
-2569
-2745
-2783
-3060
-3188
-3091
-3001
-2817
-2537
-2168
-1758
-1638
-1702
-1826
-2140
-2780
-3872
-5306
-6823
-8065
-9090
-9932
-10432
-10670
-10385
-9783
-8851
-7846
-6738
-5675
-4953
-4878
-5096
-5461
-6148
-7106
-8213
-9245
-9988
-10353
-10288
-9795
-9198
-8435
-7606
-6792
-6094
-5651
-5603
-5809
-6014
-6495
-7194
-7785
-8174
-8417
-8443
-8045
-7565
-7015
-6469
-5941
-5257
-4553
-4159
-3761
-3403
-3275
-3212
-3224
-3177
-2801
-2405
-2077
-1771
-1506
-1194
-785
-585
-599
-591
-646
-737
-966
-1296
-1377
-1290
-1317
-1374
-1550
-1716
-1936
-1924
-1825
-1838
-1826
-1926
-2111
-2484
-2725
-3064
-3263
-3325
-3496
-3570
-3438
-3197
-3069
-2990
-2714
-2457
-2595
-2982
-3489
-4212
-4701
-4838
-4359
-3412
-2291
-933
136
592
596
29
-1048
-2489
-4145
-5719
-7053
-8001
-8501
-8273
-7442
-6108
-4512
-3132
-2119
-1545
-1428
-1857
-2762
-4241
-5818
-7335
-8829
-9514
-9636
-9226
-8197
-6909
-5501
-4311
-3322
-2608
-2302
-2546
-3398
-4363
-5245
-6372
-7534
-8294
-8541
-8191
-7544
-6751
-6063
-5314
-4159
-3367
-3119
-3345
-3656
-4049
-4929
-5866
-6646
-7126
-7332
-7171
-6802
-6432
-5879
-5309
-4931
-4670
-4451
-4483
-4715
-5036
-5608
-6208
-6616
-6882
-6852
-6612
-6381
-6136
-5841
-5596
-5418
-5349
-5244
-5454
-5832
-6109
-6368
-6647
-6934
-7059
-6943
-6546
-6077
-5760
-5617
-5319
-5150
-5043
-4924
-4921
-5021
-5324
-5865
-6637
-7506
-8464
-9466
-10352
-10827
-11097
-11114
-10720
-10058
-9280
-8381
-7316
-6366
-5709
-5524
-5596
-5888
-6574
-7343
-8025
-8774
-9421
-9749
-9588
-9006
-8005
-6931
-5760
-4634
-3921
-3580
-3314
-3260
-3580
-4087
-4672
-5213
-5652
-5720
-5599
-5525
-5192
-4441
-3499
-2708
-2002
-1436
-1143
-878
-687
-687
-940
-1163
-1178
-1080
-1000
-896
-637
-216
192
465
793
1113
1418
1664
1549
1336
1330
1279
1117
1036
1058
998
866
855
840
764
811
832
627
244
-131
-251
-331
-368
-469
-422
-232
-89
-20
99
169
334
569
509
130
-238
-864
-1379
-1346
-894
101
1471
2955
4184
4955
5238
4881
4003
2780
1465
-153
-1523
-2438
-2872
-2756
-2110
-1031
281
1396
2512
3337
3624
3230
2609
1477
-6
-1550
-2932
-3700
-4105
-3963
-3303
-2242
-971
230
1191
1926
2396
2005
1187
359
-625
-1772
-2864
-3663
-4000
-3962
-3720
-3036
-2071
-1105
-333
170
458
362
2
-698
-1521
-2307
-3110
-3699
-4222
-4345
-4049
-3547
-3087
-2652
-2168
-1746
-1687
-1784
-1889
-2061
-2481
-3066
-3565
-3832
-3741
-3549
-3357
-3118
-2779
-2446
-2300
-2181
-1949
-1902
-2042
-2227
-2474
-2730
-2936
-3036
-3119
-3088
-2775
-2498
-2507
-2556
-2409
-2158
-1940
-1850
-1834
-2119
-2666
-3186
-3951
-4773
-5689
-6799
-7412
-7844
-8054
-7811
-7315
-6598
-5704
-4856
-4042
-3463
-3175
-3205
-3735
-4223
-4770
-5651
-6510
-7280
-7665
-7538
-7147
-6593
-5778
-4670
-3645
-2851
-2217
-1975
-2064
-2450
-2850
-3395
-3898
-4297
-4685
-4968
-4945
-4351
-3789
-3168
-2208
-1363
-948
-665
-431
-349
-482
-685
-871
-1102
-1234
-1209
-997
-666
-330
-16
219
574
901
1005
1200
1415
1421
1407
1205
1107
981
789
818
684
774
972
985
792
605
519
220
29
-124
-283
-400
-466
-626
-689
-563
-348
-265
-245
-151
-201
-220
-392
-935
-1672
-2239
-2523
-2272
-1561
-352
1132
2451
3579
4140
4061
3391
2161
632
-1022
-2559
-3620
-4241
-4408
-4185
-3300
-1982
-594
636
1602
1966
1742
1149
133
-1221
-2658
-3890
-4975
-5830
-6068
-5605
-4599
-3235
-2113
-1096
-189
228
159
-424
-1239
-2155
-3265
-4481
-5558
-6124
-6092
-5546
-4694
-4005
-3172
-2123
-1398
-1196
-1377
-1784
-2181
-2909
-3799
-4548
-5197
-5733
-6017
-6060
-5662
-5040
-4585
-4070
-3627
-3306
-3195
-3235
-3350
-3822
-4573
-5075
-5260
-5360
-5413
-5347
-4980
-4662
-4227
-3764
-3375
-3318
-3539
-3645
-3710
-3973
-4431
-4743
-4967
-4913
-4678
-4512
-4365
-4265
-4084
-3921
-3875
-3824
-3657
-3593
-3675
-4035
-4563
-5314
-6329
-7504
-8305
-8841
-9264
-9491
-9406
-9005
-8455
-7580
-6699
-5732
-4941
-4487
-4297
-4521
-4928
-5697
-6592
-7514
-8312
-8823
-8743
-8328
-7744
-7098
-6159
-5059
-4161
-3488
-3190
-2994
-3032
-3368
-3852
-4494
-5060
-5475
-5588
-5316
-4925
-4422
-3640
-2913
-2190
-1512
-1007
-803
-656
-509
-530
-660
-838
-916
-865
-942
-901
-362
198
484
819
1251
1617
1573
1425
1380
1445
1505
1403
1235
1255
1332
1231
1152
1241
1357
1448
1357
1320
1198
1031
716
430
236
111
35
144
210
212
431
577
637
596
558
428
-78
-768
-1621
-2717
-3430
-3401
-2595
-1486
-189
850
1509
1868
1690
1001
422
-317
-1041
-1603
-1966
-2166
-2104
-1449
-309
811
1754
2361
2449
2181
1526
648
-328
-1487
-2648
-3369
-3512
-3343
-2824
-1883
-739
398
1492
2314
2792
2736
2325
1744
921
-231
-1467
-2327
-2545
-2344
-1926
-1302
-443
515
1392
2077
2447
2492
2164
1679
930
128
-684
-1284
-1622
-1737
-1756
-1511
-973
-250
330
628
780
891
837
555
-54
-541
-1028
-1584
-2074
-2468
-2789
-2819
-2651
-2254
-1923
-1821
-1802
-1656
-1721
-1972
-2292
-2646
-2924
-2986
-3048
-3229
-3314
-3152
-3001
-2914
-2798
-2643
-2591
-2512
-2494
-2613
-2731
-3144
-3747
-4550
-5575
-6319
-7038
-7703
-8128
-8260
-7925
-7135
-6347
-5750
-4881
-3949
-3235
-2875
-3043
-3600
-4289
-4910
-5506
-6097
-6610
-6763
-6528
-5972
-5040
-4006
-2894
-1860
-1324
-847
-525
-466
-862
-1336
-1794
-2422
-2975
-3043
-2868
-2641
-2319
-1737
-1032
-204
607
959
1176
1303
1409
1354
1187
1119
943
713
634
661
729
1129
1597
1852
2020
2228
2355
2319
2337
2277
2083
1872
1748
1651
1718
1845
1871
1543
1304
1217
1095
991
861
734
523
231
249
139
5
2
10
-9
50
199
289
226
388
474
282
19
-59
233
916
2028
3512
5104
6515
7509
7832
7424
6313
4803
2827
646
-1618
-3668
-5018
-5462
-5051
-3792
-1849
317
2335
4221
5636
6175
5747
4482
2905
1019
-1075
-2934
-4436
-5339
-5389
-4807
-3694
-2272
-886
512
1386
1966
2088
1517
383
-956
-2359
-3873
-5207
-6110
-6513
-6307
-5485
-4558
-3511
-2401
-1251
-653
-615
-802
-1297
-1784
-2551
-3663
-4645
-5172
-5487
-5668
-5515
-5222
-5002
-4454
-3985
-3763
-3662
-3599
-3657
-3749
-4017
-4044
-4028
-3890
-3501
-3048
-2548
-2168
-2016
-1780
-1642
-1542
-1761
-2000
-2140
-2438
-2571
-2641
-2551
-2360
-2031
-1786
-1552
-1147
-828
-635
-416
-379
-427
-540
-823
-1319
-2178
-2993
-3777
-4845
-5662
-6301
-6677
-6750
-6328
-5581
-4949
-4066
-3269
-2432
-1815
-1563
-1426
-1768
-2700
-3677
-4641
-5496
-6097
-6557
-6805
-6559
-5798
-4619
-3665
-3058
-2403
-1789
-1616
-1796
-2122
-2366
-2885
-3610
-4163
-4604
-4953
-4872
-4518
-3853
-3114
-2399
-1655
-1172
-729
-326
-163
-49
-87
-328
-542
-605
-552
-353
-218
174
639
926
1232
1739
2037
2230
2347
2372
2412
2340
2279
2238
2332
2473
2537
2463
2476
2391
2319
2274
2131
2021
1818
1518
1473
1451
1355
1400
1444
1785
2073
2025
1869
1846
2021
2109
1992
1623
1017
329
-407
-839
-668
142
1181
2123
2853
3298
3466
2952
1985
801
-451
-1428
-2487
-3177
-3190
-2425
-1138
282
1871
3079
3852
4171
3978
3256
2100
602
-1020
-2511
-3615
-4181
-4379
-3944
-2801
-1515
-100
1131
1999
2576
2821
2543
1822
764
-210
-1178
-2057
-2478
-2352
-1987
-1433
-643
314
1389
2272
2681
2670
2480
2026
1429
636
-118
-688
-1151
-1455
-1501
-1214
-670
-27
529
942
1289
1395
1317
1149
766
337
-105
-346
-632
-862
-902
-853
-703
-522
-347
-344
-336
-470
-661
-1043
-1557
-1894
-2037
-2064
-2235
-2315
-2189
-1982
-1896
-1744
-1606
-1511
-1418
-1453
-1621
-1688
-1925
-2601
-3437
-4332
-5365
-6340
-7000
-7455
-7771
-7710
-7141
-6347
-5691
-4937
-3924
-3177
-2737
-2562
-2646
-3056
-3805
-4948
-6015
-6485
-6471
-6492
-6249
-5462
-4418
-3367
-2338
-1421
-794
-531
-507
-553
-606
-928
-1449
-1978
-2320
-2441
-2325
-2073
-1504
-734
194
962
1544
1933
2385
2704
2692
2551
2472
2241
1991
1946
2231
2477
2537
2713
2907
3237
3660
3943
4108
4254
4245
4169
4033
3882
3650
3595
3534
3280
3213
3334
3382
3302
2992
2788
2772
2655
2400
2028
1817
1777
1774
1898
2047
2010
2052
1960
1902
1980
1997
1884
1483
862
213
-163
4
595
1537
2811
4360
5622
6285
6199
5645
4783
3576
2160
816
-312
-1262
-1581
-1480
-712
576
2128
3529
4432
4834
4989
4571
3655
2582
1318
-171
-1372
-2087
-2230
-1793
-984
83
1099
1979
2723
3308
3406
3022
2624
1849
642
-574
-1563
-2062
-2298
-2175
-1729
-1011
46
1105
1708
1976
2097
1922
1526
852
111
-748
-1595
-2307
-2630
-2449
-2116
-1823
-1534
-1059
-599
-395
-243
-211
-387
-819
-1464
-1898
-2184
-2420
-2425
-2431
-2217
-1773
-1363
-1142
-1075
-932
-917
-1108
-1292
-1372
-1570
-1847
-2090
-2234
-2181
-2019
-1700
-1443
-1389
-1234
-1113
-1011
-1054
-981
-880
-1054
-1500
-2085
-2991
-4045
-5027
-5639
-6055
-6482
-6626
-6276
-5668
-4934
-4025
-3056
-2171
-1568
-1418
-1681
-2170
-2731
-3554
-4272
-4904
-5516
-5691
-5501
-5078
-4565
-3615
-2590
-1726
-961
-549
-186
-162
-445
-1117
-2050
-2604
-2842
-3076
-3170
-2909
-2292
-1512
-858
-500
72
720
1139
1329
1319
1376
1213
955
889
795
852
1044
1254
1678
2160
2618
2880
3036
3207
3088
3023
3016
3032
2893
2670
2632
2603
2484
2346
2383
2719
2778
2655
2546
2562
2461
2289
1989
1658
1485
1562
1743
1884
1959
2003
1770
1843
1932
2041
2257
2085
1567
936
517
246
511
1401
2754
4285
5572
6537
6796
6252
5317
4130
2805
1400
163
-862
-1562
-1627
-1040
117
1490
2832
3945
4560
4771
4504
3832
2839
1390
-88
-1448
-2470
-2973
-2763
-2113
-1080
232
1316
2044
2658
3001
2888
2189
1358
464
-520
-1541
-2434
-2824
-2804
-2346
-1637
-805
217
915
1446
1662
1479
1363
1052
131
-812
-1559
-2106
-2335
-2458
-2382
-2171
-1741
-1106
-441
-69
55
-1
-113
-429
-910
-1279
-1731
-1872
-1910
-1913
-1780
-1461
-984
-610
-342
-273
-254
-224
-398
-708
-958
-1079
-1179
-1391
-1581
-1607
-1323
-886
-665
-625
-609
-601
-513
-425
-368
-504
-861
-1586
-2458
-3269
-4182
-5096
-5806
-6178
-6339
-6096
-5529
-4768
-4036
-3282
-2577
-1882
-1412
-1436
-1712
-2192
-2969
-3721
-4444
-4975
-5398
-5533
-5149
-4325
-3330
-2330
-1501
-792
-209
124
227
-223
-738
-1324
-1811
-2078
-2295
-2479
-2395
-2010
-1389
-760
92
835
1343
1743
2036
2007
1839
1784
1704
1602
1624
1759
1935
2080
2168
2428
2854
3156
3308
3442
3641
3842
3956
3881
3710
3600
3389
3358
3423
3326
3275
3274
3319
3198
2985
2886
2839
2715
2508
2222
2116
2064
2080
2194
2240
2366
2430
2306
2245
2286
2393
2237
1704
999
506
199
307
1057
2402
3897
5308
6260
6490
6240
5740
4757
3481
1997
560
-629
-1325
-1344
-867
102
1239
2617
3939
4838
5093
4616
3851
3067
1989
477
-898
-1773
-2256
-2369
-1844
-933
52
967
1941
2759
3266
3340
2915
2084
1028
63
-848
-1673
-2302
-2351
-1943
-1341
-589
341
1206
1769
2007
2038
1820
1347
637
-193
-1103
-1688
-1993
-2226
-2150
-1759
-1240
-689
-64
183
300
165
43
-136
-486
-863
-1133
-1244
-1411
-1447
-1292
-947
-677
-378
-188
-25
206
220
79
-124
-490
-631
-902
-1134
-1023
-935
-743
-511
-203
-137
-78
87
292
368
307
152
-95
-592
-1551
-2512
-3352
-4067
-4727
-5247
-5506
-5491
-5216
-4512
-3708
-2780
-1917
-1282
-862
-746
-861
-1181
-1961
-2817
-3670
-4277
-4567
-4706
-4564
-3977
-3069
-2097
-1039
-263
211
562
752
653
210
-297
-835
-1363
-1812
-1908
-1672
-1429
-1113
-375
497
1155
1550
1972
2184
2147
2041
1792
1551
1298
1228
1535
1889
2222
2621
2928
2999
2750
2326
1862
1242
789
561
626
975
1504
2193
3008
3587
3915
4108
3962
3401
2642
1815
900
244
-72
133
975
2069
3315
4466
5475
6296
6751
6914
6714
5967
5008
4154
3383
2895
2721
2668
3176
4124
5567
7219
8835
9953
10497
10401
9760
8575
6934
5031
3330
1890
886
489
739
1628
2753
4056
5109
5744
6102
6125
5680
4680
3329
1888
459
-677
-1351
-1732
-1751
-1198
-152
769
1580
2331
2939
3086
2766
2232
1550
556
-672
-1707
-2519
-2891
-2990
-2734
-2208
-1534
-682
50
666
1123
1251
993
383
-308
-957
-1701
-2231
-2543
-2573
-2164
-1588
-931
-307
281
811
1201
1256
1226
1061
802
560
311
159
353
622
891
1184
1489
1851
2052
2271
2317
2466
2340
1964
1670
1223
978
842
831
873
1043
1310
1472
1418
1428
1468
1462
1319
1333
1328
943
207
-437
-1169
-1915
-2832
-3649
-4181
-4643
-4874
-4734
-4318
-3751
-2960
-2034
-1196
-797
-741
-857
-1282
-2021
-3010
-3910
-4531
-4972
-5299
-5332
-4892
-4201
-3262
-2426
-1771
-1179
-750
-522
-703
-1288
-2055
-2805
-3361
-3806
-4246
-4359
-4252
-3820
-3138
-2364
-1625
-1154
-643
-150
157
26
-160
-442
-936
-1462
-2012
-2294
-2242
-1973
-1545
-803
-42
633
1188
1541
1614
1385
896
222
-350
-757
-1034
-1320
-1317
-1097
-756
-249
284
751
1006
956
546
108
-480
-1438
-2223
-2960
-3361
-3449
-3132
-2616
-2138
-1620
-1143
-944
-1266
-1937
-2826
-4009
-5292
-6079
-6101
-5277
-3740
-1868
-139
952
1301
1054
333
-871
-2428
-4300
-6167
-7655
-8527
-8543
-7913
-6660
-4857
-2956
-1466
-425
13
-81
-756
-1833
-3175
-4588
-6018
-7166
-7749
-7461
-6468
-5161
-3672
-2258
-1058
-275
159
222
-123
-747
-1641
-2718
-3852
-4558
-4997
-4868
-4304
-3514
-2406
-1319
-317
582
1031
1064
576
-15
-458
-1077
-1802
-2463
-2708
-2800
-2730
-2224
-1570
-950
-400
52
270
365
345
90
-360
-857
-1365
-1749
-1849
-1832
-1549
-1059
-713
-450
-234
-106
-35
92
-8
-274
-599
-860
-1060
-1220
-1193
-1005
-704
-492
-219
50
214
366
544
746
776
607
296
-85
-770
-1742
-2631
-3182
-3662
-3903
-3920
-3770
-3073
-2280
-1397
-404
636
1441
1799
1834
1710
1285
704
-22
-709
-1150
-1163
-852
-474
76
976
1930
2818
3676
4271
4419
4253
4024
3494
2915
2399
1959
1467
1282
1419
1793
2295
2827
3402
3986
4367
4518
4557
4431
4202
3841
3417
3162
2944
2851
3065
3182
3069
3069
3399
3609
3679
3707
3744
3864
3858
3630
3435
3225
3017
2995
2896
2760
2619
2676
2949
3081
2750
2469
2378
2265
2091
2038
2115
1979
1864
1953
2053
2092
2108
2104
2078
2152
2220
2152
1818
1296
636
397
678
1321
2620
4200
5656
6585
6981
6916
6497
5465
4064
2705
1487
479
-165
-309
117
1016
2423
3940
5245
6032
6245
6071
5638
4765
3591
2177
812
-66
-507
-523
-39
788
1878
3136
4224
4852
5278
5110
4574
3988
3069
2052
984
309
-20
-201
110
777
1495
1989
2782
3603
4027
4105
3760
3180
2496
1848
1205
582
115
-68
82
273
709
1266
1756
2065
2321
2499
2470
2194
1688
1271
955
782
658
629
761
1047
1445
1880
2327
2506
2442
2453
2380
2025
1741
1596
1415
1484
1596
1646
1805
2048
2358
2535
2487
2612
2954
3104
3030
2795
2539
2177
1514
700
-71
-736
-1541
-2133
-2348
-2257
-1903
-1196
-446
388
1325
2077
2453
2381
2146
1911
1316
459
-273
-827
-1145
-1118
-887
-359
317
1021
1781
2515
2947
3167
3137
2781
2242
1636
939
382
2
-357
-626
-610
-187
407
970
1403
1846
2168
2292
2157
1914
1555
1211
908
558
378
487
569
649
897
1164
1537
1709
1850
1958
1850
1731
1587
1603
1391
1070
920
860
723
620
656
739
678
693
365
-57
-309
-469
-624
-766
-783
-601
-511
-613
-740
-804
-706
-535
-428
-512
-764
-1124
-1606
-2188
-2521
-2439
-1958
-860
658
2104
3349
4166
4154
3616
2631
1283
-200
-1593
-2794
-3726
-4173
-4063
-3147
-1732
-208
1119
2089
2718
2719
2135
1219
1
-1359
-2657
-3935
-4850
-5080
-4689
-3886
-2838
-1626
-419
596
1200
1257
937
261
-554
-1535
-2641
-3570
-4025
-4140
-4092
-3763
-3065
-1983
-1031
-216
201
436
441
223
-337
-1143
-1871
-2485
-3188
-3638
-3652
-3234
-2754
-2131
-1464
-950
-575
-560
-558
-737
-1135
-1620
-1953
-2063
-2035
-2045
-1975
-1898
-1657
-1056
-599
-299
-170
-91
-94
-186
-465
-817
-1040
-1051
-986
-945
-822
-697
-432
-155
113
323
451
459
412
388
296
-173
-747
-1367
-2095
-3072
-4077
-4777
-4963
-4852
-4463
-3605
-2826
-1998
-1157
-362
354
683
438
27
-649
-1329
-1992
-2590
-3009
-3078
-2854
-2568
-1917
-949
29
1006
1751
2060
2026
1780
1366
922
268
-505
-981
-1245
-1262
-1224
-881
-242
389
711
1085
1395
1753
1917
1705
1272
946
685
373
131
92
168
306
574
936
1335
1586
1725
1854
1879
1726
1411
1275
1283
1360
1219
1016
943
1155
1176
1197
1184
994
942
831
723
517
175
-73
-206
-262
-323
-315
-360
-172
67
427
427
301
170
92
-7
-257
-364
124
964
