-5029
-4553
-3966
-3699
-3688
-3730
-3836
-4037
-4212
-4427
-4674
-4584
-4501
-4632
-4510
-4251
-4087
-3907
-3616
-3406
-3327
-3161
-2991
-3007
-3213
-3574
-4150
-4989
-5926
-6741
-7360
-7995
-8417
-8573
-8171
-7528
-6643
-5706
-4907
-4205
-3517
-3172
-3172
-3472
-4035
-4856
-5739
-6463
-6829
-6959
-6914
-6594
-5831
-4622
-3604
-2678
-2006
-1557
-1484
-1821
-2302
-2845
-3658
-4421
-4899
-5281
-5439
-5324
-4924
-4295
-3612
-3036
-2584
-2403
-2422
-2741
-3356
-4236
-5084
-5301
-5080
-4802
-4196
-3261
-2001
-1036
-821
-1473
-2607
-4058
-5880
-7806
-9661
-11038
-11591
-11291
-10476
-9105
-7298
-5652
-4570
-4200
-4541
-5571
-7223
-8977
-10685
-12148
-12880
-12790
-12032
-10345
-8139
-5612
-3012
-896
503
1231
1203
484
-536
-1888
-3477
-5189
-6600
-7072
-6371
-4695
-2336
402
3147
5210
6443
6600
5889
4458
2363
227
-1858
-3913
-5507
-6182
-5985
-4951
-3468
-1933
-557
337
764
494
-499
-2008
-3903
-5908
-7801
-9384
-10314
-10216
-9390
-8243
-6782
-5238
-3947
-3117
-3060
-3463
-4227
-5414
-7051
-8752
-10052
-11116
-11902
-11888
-11275
-10352
-9074
-7653
-6321
-5301
-4786
-4901
-5452
-6246
-7133
-8358
-9708
-10749
-11465
-11605
-11310
-10918
-9795
-8376
-7072
-5884
-4923
-4177
-3654
-3594
-3529
-3555
-3705
-3950
-3942
-3603
-3275
-2935
-2457
-1906
-1276
-898
-723
-653
-706
-812
-1083
-1441
-1656
-1870
-1994
-2074
-2244
-2213
-1896
-1780
-1953
-2098
-2198
-2581
-2966
-3208
-3408
-3625
-4081
-4677
-5427
-6106
-6522
-6782
-6901
-6873
-6815
-6562
-5927
-5101
-4468
-3876
-3410
-3205
-3444
-4006
-4975
-5912
-6719
-7486
-7998
-8300
-8443
-8394
-7980
-7227
-6416
-5598
-4899
-4321
-4005
-3869
-4102
-4688
-5214
-5525
-5575
-5634
-5496
-5018
-4351
-3478
-2675
-1779
-809
-28
524
938
1249
1445
1402
1308
1114
375
-528
-1447
-2653
-3840
-4674
-4612
-3500
-1927
-8
1794
3206
4231
4934
4984
4304
2724
730
-1140
-2700
-3760
-4095
-3656
-2290
-320
1735
3595
4930
5749
5903
5427
4329
2661
1058
-429
-1675
-2234
-1806
-564
1104
2953
4867
6150
6727
6809
6452
6001
5554
5505
5738
5914
6210
6409
6563
6410
5833
4926
3897
2717
1534
474
-242
-511
-466
110
1058
2175
3272
4059
4498
4523
4093
3122
1904
614
-599
-1695
-2384
-2584
-2378
-1906
-1174
-375
374
935
1200
1137
934
345
-548
-1615
-2601
-3266
-3943
-4363
-4620
-4684
-4277
-4020
-3807
-3606
-3434
-3332
-3362
-3523
-3926
-4382
-4699
-4905
-4924
-4884
-4610
-4313
-4023
-3700
-3424
-3469
-3587
-3594
-3765
-3814
-4132
-4539
-4555
-4551
-4399
-3868
-3289
-2762
-2052
-1529
-1280
-1203
-1288
-1329
-1536
-1923
-2306
-2829
-3298
-3553
-3795
-3737
-3593
-3390
-2898
-2579
-2465
-2370
-2220
-2040
-2096
-2497
-3234
-4265
-5635
-6933
-8226
-9445
-10319
-10756
-10765
-10546
-10135
-9307
-8192
-7037
-5996
-5314
-5171
-5331
-5713
-6540
-7580
-8554
-9339
-9976
-10388
-10383
-10093
-9406
-8489
-7611
-6702
-6073
-5753
-5708
-5831
-6086
-6563
-7144
-7763
-8448
-8706
-8495
-8228
-7808
-7213
-6544
-5798
-5105
-4640
-4209
-3898
-3537
-3268
-3237
-3091
-3009
-2832
-2528
-2223
-1915
-1541
-1153
-969
-841
-757
-724
-796
-935
-920
-1069
-1359
-1565
-1584
-1481
-1576
-1511
-1439
-1396
-1581
-1730
-1756
-2055
-2342
-2686
-2949
-3021
-3236
-3416
-3329
-3287
-3317
-3267
-2873
-2429
-2379
-2383
-2544
-2845
-3515
-4296
-4820
-4918
-4481
-3479
-2225
-827
333
1010
867
169
-873
-2361
-4020
-5633
-7061
-7981
-8272
-8083
-7583
-6552
-4846
-3189
-2161
-1589
-1467
-2097
-3246
-4366
-5881
-7472
-8757
-9555
-9758
-9315
-8359
-7083
-5788
-4574
-3594
-3140
-3004
-3249
-3904
-4737
-5777
-6823
-7744
-8609
-9162
-8978
-8192
-7112
-6045
-5184
-4445
-3903
-3648
-3562
-3730
-4145
-4890
-5667
-6348
-6873
-7115
-7295
-7051
-6619
-6134
-5631
-5347
-5100
-4904
-4713
-4806
-5248
-5770
-6315
-6728
-7078
-7318
-7192
-6822
-6454
-6107
-5980
-5887
-5681
-5655
-5606
-5733
-6060
-6403
-6878
-6952
-6982
-6983
-6811
-6394
-5921
-5699
-5749
-5551
-5336
-5335
-5330
-5489
-5703
-6068
-6718
-7489
-8337
-9373
-10150
-10694
-11001
-10957
-10649
-10097
-9286
-8198
-6948
-6093
-5577
-5198
-5288
-5872
-6567
-7327
-7987
-8802
-9496
-9838
-9681
-9056
-8195
-7218
-6066
-5065
-4190
-3637
-3423
-3425
-3815
-4460
-4900
-5412
-5775
-5905
-5966
-5723
-5197
-4523
-3840
-3018
-2229
-1666
-1390
-1249
-1252
-1367
-1550
-1530
-1421
-1446
-1479
-1332
-956
-569
-198
164
493
670
909
898
833
850
812
866
781
647
625
615
475
348
378
265
271
204
14
-148
-345
-544
-690
-735
-727
-742
-726
-575
-419
-271
-157
-42
-64
-188
-408
-901
-1483
-1882
-1833
-1332
-225
1003
2312
3754
4712
4918
4502
3681
2537
1069
-260
-1478
-2587
-3143
-3090
-2514
-1581
-254
1206
2357
2926
3153
2837
1946
865
-270
-1486
-2699
-3657
-3977
-3764
-3086
-2087
-876
67
857
1461
1807
1667
952
117
-800
-1993
-3062
-3710
-4100
-4136
-3775
-2954
-2029
-1289
-576
-109
42
23
-270
-880
-1606
-2373
-3046
-3569
-4047
-4103
-3801
-3403
-2834
-2432
-2079
-1771
-1527
-1511
-1813
-2196
-2612
-2907
-3131
-3465
-3648
-3539
-3290
-2977
-2658
-2216
-1960
-1864
-1890
-2000
-2214
-2564
-2747
-2739
-3130
-3295
-3259
-3170
-3020
-2757
-2484
-2295
-2278
-2249
-1963
-1890
-1962
-2050
-2395
-3029
-3798
-4716
-5881
-6742
-7406
-7672
-7622
-7506
-7205
-6515
-5705
-4873
-3920
-3323
-3017
-3050
-3304
-3905
-4727
-5648
-6546
-7199
-7571
-7470
-7058
-6582
-5506
-4447
-3590
-2903
-2469
-2206
-2202
-2435
-2885
-3450
-4172
-4654
-4782
-4908
-4640
-4255
-3738
-3095
-2523
-1952
-1387
-950
-799
-761
-732
-953
-1170
-1314
-1390
-1305
-1135
-958
-646
-220
178
621
869
985
1134
1212
1159
926
863
917
1034
1101
1000
676
583
672
740
739
555
311
165
143
59
-201
-362
-448
-565
-566
-419
-327
-250
-253
-373
-331
-283
-374
-742
-1444
-2019
-2274
-2203
-1544
-298
1071
2501
3569
4050
3913
3269
2265
737
-888
-2321
-3341
-3979
-4307
-4083
-3253
-1931
-504
700
1486
1892
1905
1108
-69
-1344
-2697
-3956
-4987
-5672
-5644
-5102
-4302
-3264
-2214
-1163
-315
11
-28
-355
-921
-1952
-3111
-4191
-5139
-5691
-5793
-5493
-4688
-3801
-3019
-2347
-1943
-1531
-1300
-1434
-2030
-2872
-3502
-4196
-4857
-5370
-5737
-5773
-5305
-4773
-4231
-3682
-3183
-2909
-2945
-3160
-3507
-3971
-4512
-4884
-4979
-5133
-5462
-5499
-5067
-4569
-4083
-3669
-3570
-3443
-3441
-3674
-3964
-4192
-4288
-4507
-4812
-4964
-4928
-4765
-4387
-3926
-3766
-3775
-3670
-3581
-3527
-3535
-3744
-3994
-4505
-5165
-6091
-7159
-8029
-8762
-9215
-9379
-9446
-9320
-8626
-7715
-6699
-5776
-4982
-4500
-4237
-4343
-5091
-6050
-6729
-7493
-8324
-8844
-8976
-8635
-7935
-6912
-5893
-5160
-4545
-3767
-3083
-2980
-3040
-3405
-3864
-4392
-4912
-5165
-5258
-5304
-5175
-4539
-3869
-3169
-2449
-1771
-1369
-1072
-918
-759
-756
-879
-996
-1062
-1139
-942
-588
-185
-21
87
601
1049
1169
1332
1540
1657
1551
1281
1340
1453
1442
1348
1270
1321
1341
1216
1156
1181
1151
1027
783
710
641
340
80
126
301
333
318
295
406
567
790
787
516
66
-747
-1659
-2438
-3068
-3115
-2554
-1442
-237
984
1862
2190
1881
1229
607
-160
-1103
-1898
-2326
-2348
-2134
-1480
-301
775
1707
2390
2486
2194
1693
895
-156
-1246
-2275
-3071
-3499
-3344
-2747
-1853
-629
533
1601
2189
2491
2410
2015
1447
550
-529
-1435
-1951
-2121
-2090
-1890
-1296
-270
673
1318
1841
2111
2241
2041
1636
974
107
-709
-1317
-1729
-1897
-1832
-1411
-849
-348
142
653
1015
1138
972
612
13
-630
-1332
-1856
-2217
-2702
-3082
-3053
-2799
-2374
-2043
-1972
-1991
-2074
-2256
-2425
-2684
-2898
-3109
-3294
-3435
-3537
-3547
-3464
-3298
-3106
-2905
-2964
-2976
-2825
-2784
-2881
-2994
-3450
-4107
-4963
-5890
-6662
-7489
-8155
-8409
-8488
-8201
-7589
-6772
-5896
-4919
-4072
-3569
-3359
-3396
-3753
-4334
-5246
-6044
-6615
-6850
-6884
-6817
-6325
-5507
-4536
-3474
-2620
-1888
-1283
-878
-968
-1340
-1568
-1895
-2389
-2828
-3207
-3329
-3023
-2420
-1710
-1076
-358
288
736
1054
1053
1041
1061
1006
888
717
476
455
670
997
1233
1451
1739
2168
2391
2586
2782
2744
2727
2572
2321
2102
1979
1839
1658
1492
1561
1597
1600
1445
1135
887
862
757
633
528
417
368
506
470
275
334
471
558
575
609
666
588
210
2
318
972
2070
3441
4908
6235
7201
7509
7363
6583
5040
2999
712
-1501
-3338
-4782
-5457
-5067
-3810
-1802
482
2637
4247
5302
5960
5767
4717
3129
1099
-825
-2685
-4093
-4996
-5148
-4588
-3565
-2197
-692
780
1784
2277
2179
1562
311
-1209
-2594
-3814
-4854
-5603
-6064
-5915
-5231
-4292
-3219
-2208
-1305
-798
-694
-819
-1212
-2022
-2865
-3591
-4367
-5039
-5511
-5651
-5471
-5071
-4812
-4499
-4323
-4036
-3682
-3690
-3926
-4120
-4210
-4260
-4170
-4255
-4086
-3740
-3222
-2735
-2293
-2010
-1724
-1688
-1907
-2145
-2382
-2539
-2758
-2949
-2955
-2733
-2417
-2091
-1809
-1507
-1244
-990
-647
-518
-546
-759
-1037
-1439
-2029
-2907
-3972
-4970
-5731
-6339
-6879
-6998
-6633
-5934
-5090
-4219
-3344
-2531
-1849
-1573
-1664
-2147
-2983
-3752
-4566
-5533
-6294
-6599
-6661
-6523
-6065
-5254
-4242
-3352
-2672
-2237
-2144
-2145
-2306
-2648
-3109
-3926
-4617
-5073
-5305
-5191
-4690
-4218
-3581
-2859
-2001
-1390
-1152
-1010
-817
-673
-681
-811
-894
-948
-1010
-808
-547
-318
29
494
939
1187
1334
1557
1780
1892
2006
2132
2129
1966
1820
1781
1885
1943
1968
1977
2002
1884
1706
1624
1581
1503
1422
1310
1069
907
1004
1331
1531
1639
1722
1795
1824
1698
1356
950
310
-498
-1294
-1532
-1131
-371
696
1815
2680
3195
3193
2703
1758
640
-595
-1885
-2849
-3420
-3359
-2696
-1535
-166
1498
2906
3516
3715
3370
2682
1645
110
-1541
-2893
-3957
-4614
-4790
-4243
-3161
-1741
-554
434
1426
2145
2262
1901
1250
373
-657
-1757
-2669
-3122
-3052
-2619
-1875
-995
-145
623
1374
1933
2163
2040
1587
870
159
-492
-1352
-1890
-2005
-1899
-1592
-1232
-798
-159
441
706
798
875
864
663
98
-434
-854
-1119
-1310
-1356
-1224
-1255
-1189
-994
-826
-833
-1018
-1197
-1422
-1640
-1894
-2370
-2640
-2508
-2335
-2331
-2205
-2139
-1972
-1812
-1893
-1860
-1750
-1803
-1984
-2344
-3022
-3774
-4620
-5582
-6409
-7225
-7645
-7883
-8080
-7702
-6982
-6162
-5162
-4156
-3537
-3300
-3174
-3185
-3483
-4153
-4832
-5670
-6322
-6684
-6891
-6481
-5783
-4852
-3698
-2622
-1705
-1015
-536
-299
-417
-800
-1333
-1765
-2213
-2565
-2850
-2734
-2220
-1554
-923
-115
592
1192
1666
2075
2429
2463
2369
2199
1920
1657
1579
1761
1930
2298
2600
2919
3200
3398
3599
3776
3914
3972
3912
3806
3579
3269
3040
2893
3026
3130
3098
3085
2954
2936
2798
2569
2370
2159
1895
1643
1513
1561
1609
1538
1505
1616
1710
1842
1950
2027
1867
1380
734
185
-254
-199
293
1229
2551
4091
5296
5769
5717
5292
4413
3367
2067
808
-429
-1337
-1653
-1483
-670
584
1978
3210
4112
4708
4806
4230
3418
2401
1315
28
-1184
-1984
-2216
-1898
-1155
-219
907
1898
2739
3164
3255
3211
2635
1722
526
-630
-1460
-1797
-2016
-1880
-1550
-1087
-190
669
1296
1726
1880
1734
1382
904
236
-559
-1224
-1892
-2448
-2423
-2325
-2066
-1546
-998
-616
-514
-350
-410
-647
-769
-1155
-1741
-2131
-2413
-2604
-2527
-2065
-1665
-1377
-1234
-1228
-1153
-998
-1083
-1462
-1796
-2075
-2330
-2362
-2311
-2252
-2060
-1880
-1591
-1336
-1162
-1122
-944
-734
-782
-767
-1101
-1674
-2109
-2769
-3777
-4687
-5512
-6238
-6678
-6642
-6335
-5551
-4666
-3807
-3043
-2293
-1659
-1439
-1684
-2160
-2679
-3396
-4057
-4833
-5382
-5576
-5319
-4840
-4189
-3322
-2325
-1382
-808
-417
-293
-421
-768
-1243
-1589
-2104
-2566
-2890
-2931
-2756
-2465
-1839
-1125
-332
337
786
1184
1404
1501
1354
1280
1305
1125
949
1028
1233
1416
1638
1927
2393
2797
2992
3136
3294
3454
3445
3228
3005
3045
3069
2961
2934
2972
2940
3032
3018
2796
2731
2610
2514
2481
2287
2096
1991
1900
1836
1937
2052
2014
1976
2081
2419
2433
2383
2203
1671
980
479
334
820
1676
2877
4283
5556
6157
6453
6253
5404
4312
3058
1721
428
-655
-1386
-1423
-804
160
1491
2839
3898
4551
4848
4650
3878
2744
1362
-92
-1350
-2194
-2564
-2631
-1989
-999
1
1087
2075
2587
2787
2615
2075
1344
489
-584
-1666
-2350
-2762
-2730
-2328
-1504
-738
-13
814
1483
1847
1873
1447
696
-172
-1067
-1654
-1980
-2191
-2426
-2306
-2037
-1593
-1025
-600
-215
99
47
-258
-544
-935
-1344
-1766
-1904
-1869
-1721
-1592
-1445
-1221
-973
-597
-356
-248
-287
-604
-1008
-1267
-1454
-1596
-1658
-1636
-1656
-1456
-1162
-754
-614
-633
-669
-481
-361
-465
-577
-763
-1397
-2229
-3180
-4090
-4991
-5678
-6038
-6287
-6129
-5738
-5152
-4203
-3281
-2559
-1842
-1425
-1443
-1666
-2253
-3090
-3839
-4454
-4984
-5455
-5527
-5142
-4544
-3680
-2745
-1880
-1116
-585
-245
-247
-478
-918
-1358
-1949
-2503
-2641
-2582
-2346
-1838
-1253
-687
-116
444
956
1231
1538
1852
2077
2058
1992
1697
1571
1710
1891
1989
2074
2405
2824
3224
3398
3593
3734
3812
3900
3835
3715
3667
3572
3662
3638
3610
3485
3330
3420
3475
3329
3104
2873
2643
2478
2461
2474
2338
2357
2439
2453
2455
2495
2587
2568
2651
2583
2342
1853
1233
755
488
809
1574
2704
3990
5232
6287
6630
6569
5912
4676
3269
1915
712
-424
-1249
-1482
-964
124
1426
2570
3731
4577
4875
4792
4287
3438
2244
888
-507
-1504
-2132
-2334
-1730
-701
308
1197
2155
2877
3257
3238
2893
2204
1303
193
-1055
-1776
-2152
-2226
-1835
-1250
-326
584
1312
1824
2094
2233
2058
1539
885
68
-869
-1536
-1814
-1886
-1824
-1513
-941
-479
-22
345
533
522
335
42
-148
-560
-1054
-1170
-1235
-1267
-1253
-993
-652
-401
-17
121
162
289
124
-169
-466
-773
-983
-1102
-1166
-1090
-851
-607
-384
-113
106
216
304
304
279
89
-250
-766
-1575
-2295
-3176
-4103
-4930
-5523
-5704
-5649
-5372
-4585
-3699
-2807
-1957
-1200
-733
-576
-838
-1381
-1943
-2773
-3568
-4364
-4595
-4564
-4244
-3740
-3125
-2343
-1477
-753
-86
333
452
341
13
-338
-642
-1160
-1683
-1777
-1643
-1463
-1118
-576
203
1155
1724
1948
2274
2213
1887
1496
1163
1011
1056
1202
1542
2039
2448
2589
2560
2388
1973
1480
883
325
128
-83
32
599
1482
2372
3049
3643
3787
3516
2887
2055
1187
610
3
-339
-2
668
1598
2819
4187
5492
6330
6560
6385
5951
5351
4534
3674
3012
2458
2200
2220
2743
3697
5077
6622
8085
9244
9970
9965
9283
7908
6169
4422
3066
1676
535
66
270
1121
2157
3264
4428
5252
5548
5475
4940
4075
2878
1529
192
-822
-1616
-2208
-2043
-1416
-657
254
1047
1797
2397
2580
2302
1722
848
-119
-1182
-2329
-3299
-3791
-3679
-3299
-2654
-1815
-1163
-597
-41
386
561
410
-45
-816
-1560
-2130
-2492
-2712
-2817
-2658
-2205
-1619
-949
-136
610
1113
1068
777
584
292
7
-227
-153
136
359
540
743
1046
1600
2020
2067
2045
1989
1761
1521
1340
1262
1045
748
760
901
1070
1172
1298
1440
1308
1201
1168
1273
1322
1201
888
426
-235
-1072
-1968
-2867
-3599
-4247
-4672
-4873
-4813
-4251
-3502
-2734
-2014
-1249
-723
-802
-1059
-1369
-1869
-2739
-3718
-4507
-4918
-5137
-5020
-4650
-4236
-3560
-2549
-1582
-937
-635
-580
-611
-992
-1755
-2512
-2980
-3304
-3712
-3987
-3817
-3222
-2514
-1937
-1490
-874
-287
81
355
312
67
-128
-417
-903
-1460
-1837
-1896
-1778
-1408
-680
334
1032
1418
1578
1739
1605
1266
712
-29
-572
-904
-1011
-1019
-776
-426
212
850
1243
1266
1167
802
114
-646
-1370
-1854
-2218
-2618
-2843
-2819
-2259
-1590
-1040
-694
-547
-723
-1389
-2328
-3311
-4484
-5555
-5696
-4807
-3444
-1762
-182
950
1655
1833
1124
-308
-1890
-3579
-5295
-6724
-7569
-7853
-7389
-6242
-4537
-2568
-1074
-155
312
326
-207
-1233
-2555
-4089
-5558
-6847
-7429
-7049
-6146
-4884
-3641
-2427
-1196
-296
109
147
-118
-739
-1675
-2748
-3648
-4335
-4850
-4724
-3908
-2921
-2026
-1008
93
852
1030
948
836
614
95
-787
-1598
-2218
-2523
-2486
-2442
-2093
-1423
-670
30
454
574
635
660
415
-98
-669
-1196
-1440
-1458
-1439
-1305
-949
-516
-132
176
310
383
292
130
47
-242
-651
-855
-850
-695
-710
-742
-315
148
448
815
948
1032
1166
1115
835
527
-6
-636
-1468
-2258
-2834
-3264
-3559
-3581
-3288
-2747
-1950
-1088
25
882
1479
1862
1902
1757
1333
725
163
-314
-474
-755
-1001
-743
84
1113
2101
2958
3648
4144
4287
4229
3906
3346
2824
2175
1592
1332
1318
1525
1853
2321
2724
3103
3662
4160
4242
4207
4140
4108
3807
3409
3088
2901
2777
2741
2737
2879
3134
3431
3694
3862
3950
3930
3691
3576
3467
3227
2780
2765
2969
2908
2818
2853
2815
2697
2787
2946
2828
2527
2194
1943
1846
1852
1801
1709
1657
1680
1794
1938
1891
1906
2082
2307
2076
1530
1021
451
231
509
1254
2541
4022
5371
6332
6741
6724
5994
4922
3777
2424
1240
192
-550
-700
-230
791
2076
3443
4753
5583
5990
5879
5272
4379
3144
1803
514
-321
-581
-719
-425
231
1317
2613
3568
4177
4500
4497
4396
3841
2924
1813
840
116
-279
-463
-197
438
1228
2008
2812
3507
3765
3636
3428
3027
2363
1709
1179
587
-3
-166
18
163
526
1064
1541
1947
2046
2103
2012
1867
1515
1046
617
380
347
416
629
864
1108
1428
1913
2122
2074
1931
1818
1729
1452
1268
1309
1177
1163
1297
1367
1543
1900
2180
2468
2673
2791
2943
2977
2683
2362
2015
1452
631
-202
-1092
-1843
-2193
-2471
-2455
-2198
-1541
-765
107
953
1683
2290
2455
2256
1804
1060
252
-370
-872
-1234
-1403
-1369
-847
-115
840
1889
2599
2972
3043
2995
2704
1949
1292
748
126
-252
-558
-664
-399
91
576
1002
1393
1706
2046
2018
1957
1687
1417
1157
873
509
346
221
222
411
716
995
1124
1365
1692
1743
1571
1414
1235
1032
771
557
498
613
687
607
627
647
642
540
394
248
49
-296
-628
-664
-719
-873
-829
-745
-565
-373
-364
-376
-413
-482
-541
-774
-1317
-1899
-2452
-2581
-1993
-879
577
2134
3309
3996
4052
3448
2396
1157
-165
-1505
-2745
-3663
-4198
-3960
-2993
-1692
-300
961
2176
2735
2659
2356
1579
349
-1118
-2600
-3789
-4535
-4755
-4490
-3834
-2751
-1474
-291
493
928
1072
1111
694
-208
-1179
-2233
-3350
-3926
-4060
-3891
-3417
-2534
-1593
-856
-116
564
1012
1001
413
-140
-830
-1567
-2276
-2942
-3225
-3037
-2708
-2383
-1875
-1234
-749
-384
-321
-431
-537
-727
-1162
-1555
-1702
-1939
-1997
-1781
-1526
-1222
-904
-290
55
141
83
-8
-119
-260
-507
-805
-778
-816
-920
-879
-614
-263
-1
208
461
794
973
991
768
458
122
-286
-953
-1660
-2542
-3269
-4027
-4348
-4226
-3948
-3486
-2765
-1834
-888
-174
198
456
602
386
-196
-893
-1554
-2279
-2723
-2753
-2428
-1950
-1365
-512
443
1242
1754
2024
2085
1876
1485
993
396
-98
-679
-1015
-1139
-1044
-563
-100
422
1037
1450
1738
1908
1905
1802
1605
1322
951
557
328
187
209
405
915
1383
1621
1729
1903
1872
1788
1792
1691
1477
1346
1233
1180
1130
1137
1265
1305
1283
1341
1313
1279
1174
863
499
359
251
196
87
8
130
154
208
249
341
449
431
363
362
316
127
74
302
1010
