-4978
-4627
-4206
-3871
-3604
-3527
-3640
-3961
-4294
-4540
-4609
-4588
-4637
-4657
-4566
-4438
-3949
-3536
-3361
-3193
-2945
-2735
-2755
-2866
-3225
-3807
-4282
-4952
-5938
-6885
-7710
-8216
-8373
-8249
-7892
-7370
-6771
-5809
-4706
-3962
-3520
-3153
-3216
-3727
-4547
-5245
-5938
-6735
-7160
-7133
-6810
-6310
-5603
-4614
-3688
-2839
-2131
-1807
-1748
-2153
-2572
-3102
-3720
-4283
-4676
-4970
-4933
-4954
-4903
-4390
-3754
-3184
-2748
-2627
-2747
-3071
-3593
-4369
-5183
-5506
-5486
-5244
-4752
-3769
-2206
-1024
-839
-1444
-2602
-4133
-6018
-8091
-10087
-11468
-11814
-11544
-10733
-9336
-7740
-6132
-4995
-4618
-4850
-5748
-7189
-8919
-10812
-12315
-13125
-13017
-12123
-10392
-8104
-5475
-2911
-804
638
1368
1477
743
-469
-1856
-3663
-5515
-6792
-7232
-6597
-4857
-2324
444
3109
5137
6302
6542
5574
3965
1995
-84
-2275
-4317
-5871
-6504
-6173
-5013
-3277
-1436
-29
657
740
257
-810
-2471
-4470
-6395
-8148
-9573
-10268
-10140
-9435
-8253
-6673
-5172
-4254
-3605
-3238
-3660
-4788
-6153
-7587
-9134
-10517
-11559
-12026
-11799
-11202
-10249
-9118
-7881
-6612
-5767
-5218
-5022
-5225
-5946
-7055
-8437
-9912
-11005
-11625
-11847
-11408
-10726
-9812
-8581
-7105
-5802
-4798
-4290
-3959
-3889
-3935
-4046
-4008
-3953
-4029
-4104
-3791
-3268
-2522
-1815
-1536
-1471
-1310
-1003
-921
-1145
-1346
-1562
-1795
-2160
-2263
-2110
-2018
-1909
-1860
-1890
-2273
-2523
-2725
-2907
-3035
-3119
-3185
-3585
-4313
-4896
-5407
-5941
-6151
-6456
-6910
-7004
-6706
-6232
-5848
-5280
-4572
-3861
-3391
-3241
-3461
-4121
-4993
-5925
-6882
-7553
-7997
-8259
-8414
-8362
-7812
-6968
-6139
-5445
-4753
-4225
-4075
-4259
-4514
-4748
-5168
-5506
-5561
-5493
-5389
-4834
-4060
-3115
-2218
-1402
-504
208
684
1005
1245
1486
1527
1474
1329
724
-350
-1380
-2443
-3509
-4306
-4580
-3643
-1868
194
1957
3317
4612
5446
5480
4475
2838
1014
-712
-2604
-4059
-4179
-3337
-2028
-276
1838
3924
5443
6121
6186
5562
4525
3213
1445
-215
-1303
-1690
-1442
-439
1177
3177
4990
6199
6791
6873
6629
6367
6001
5805
6008
6259
6420
6543
6519
6266
5714
4969
3973
2918
1882
882
7
-475
-201
492
1465
2476
3397
4080
4502
4651
4238
3336
2270
1109
-120
-1248
-1937
-2187
-2017
-1529
-846
-151
531
999
1362
1384
1122
548
-389
-1370
-2292
-3093
-3691
-4196
-4302
-4258
-4009
-3580
-3435
-3428
-3429
-3496
-3497
-3671
-4028
-4282
-4439
-4552
-4662
-4591
-4443
-4113
-3709
-3530
-3433
-3361
-3300
-3183
-3605
-3904
-3998
-4029
-3956
-3984
-4003
-3815
-3325
-2668
-1993
-1406
-1113
-993
-961
-983
-1420
-1906
-2223
-2516
-2750
-3015
-3091
-3059
-3012
-2858
-2800
-2618
-2210
-1918
-1750
-1711
-1924
-2233
-2855
-3977
-5213
-6556
-7803
-9030
-9964
-10281
-10373
-10109
-9397
-8461
-7373
-6411
-5528
-4977
-4656
-4723
-5226
-6077
-7249
-8406
-9270
-9655
-9865
-9968
-9731
-9018
-8110
-7269
-6529
-5838
-5545
-5666
-5851
-6080
-6525
-7233
-7871
-8158
-8344
-8435
-8210
-7776
-7070
-6181
-5371
-4881
-4552
-4039
-3626
-3466
-3182
-3088
-3087
-2883
-2447
-2265
-2246
-1830
-1309
-960
-751
-588
-535
-530
-553
-663
-765
-868
-1058
-1299
-1506
-1442
-1407
-1430
-1381
-1311
-1268
-1378
-1496
-1825
-2105
-2268
-2303
-2411
-2774
-3073
-3093
-2917
-2708
-2577
-2466
-2309
-2174
-2123
-2125
-2426
-3096
-3795
-4295
-4465
-3905
-2908
-1738
-482
594
926
577
-134
-1212
-2771
-4359
-5732
-6908
-7811
-8225
-7997
-6960
-5579
-4094
-2807
-1832
-1225
-1291
-1930
-2779
-4053
-5536
-7076
-8258
-8875
-9059
-8614
-7630
-6500
-5236
-3938
-3010
-2397
-2283
-2705
-3481
-4307
-5375
-6406
-7401
-8073
-8257
-7832
-7390
-6681
-5774
-4774
-3951
-3507
-3247
-3213
-3475
-3870
-4510
-5393
-6150
-6643
-6765
-6785
-6641
-6300
-5767
-5224
-4825
-4588
-4608
-4683
-4841
-5226
-5683
-5930
-6031
-6224
-6629
-6609
-6373
-6298
-5956
-5531
-5198
-5057
-5319
-5697
-5830
-5997
-6182
-6406
-6605
-6727
-6563
-6240
-5872
-5539
-5521
-5494
-5225
-4832
-4718
-4750
-4886
-5299
-5729
-6423
-7247
-8231
-9193
-9874
-10496
-10887
-10793
-10437
-9763
-8899
-7912
-6745
-5757
-5112
-4946
-5162
-5856
-6553
-7331
-8083
-8753
-9226
-9437
-9195
-8660
-7683
-6597
-5505
-4622
-4033
-3534
-3251
-3314
-3706
-4206
-4720
-5098
-5524
-5682
-5455
-5106
-4549
-3922
-3323
-2711
-2305
-1797
-1277
-1042
-959
-1000
-975
-1148
-1227
-1157
-1047
-811
-519
-150
170
556
944
1135
1267
1331
1342
1355
1348
1391
1234
1074
1166
1255
1156
1062
948
878
808
667
430
233
129
50
-113
-204
-128
-28
35
108
178
251
397
653
742
752
380
-383
-1010
-1362
-1282
-932
-72
1519
3133
4414
5102
5164
4725
3869
2789
1478
10
-1350
-2394
-2928
-2845
-2065
-965
375
1702
2747
3330
3369
2908
2078
982
-139
-1334
-2400
-3225
-3548
-3284
-2471
-1433
-535
446
1300
1817
2042
1769
1016
214
-778
-1973
-2955
-3622
-3918
-3894
-3357
-2450
-1710
-1068
-345
143
387
379
13
-722
-1460
-2177
-2675
-3081
-3462
-3648
-3722
-3469
-2842
-2353
-1803
-1450
-1424
-1525
-1785
-2065
-2301
-2694
-3237
-3536
-3520
-3317
-3035
-2808
-2436
-2092
-1951
-1999
-2016
-1974
-2009
-2358
-2595
-2785
-3025
-3103
-3098
-3093
-2987
-2649
-2344
-2270
-2041
-1843
-1852
-1771
-1747
-1884
-2290
-2959
-3804
-4616
-5559
-6388
-6981
-7582
-7862
-7620
-7078
-6325
-5493
-4578
-3672
-3086
-2770
-2833
-3338
-3934
-4811
-5803
-6534
-6997
-7403
-7442
-6896
-6169
-5397
-4563
-3537
-2730
-2217
-1985
-1977
-2160
-2546
-3230
-4018
-4525
-4658
-4739
-4651
-4233
-3580
-2726
-2091
-1658
-1320
-1009
-724
-525
-512
-585
-712
-765
-835
-762
-689
-655
-402
35
492
781
1020
1246
1533
1616
1635
1629
1439
1303
1264
1250
1126
982
972
965
867
774
777
728
672
408
198
-105
-446
-430
-248
-153
-138
12
103
69
37
161
-21
-332
-733
-1378
-1853
-2069
-1975
-1354
-226
1212
2721
3720
4125
3880
3035
1822
480
-881
-2183
-3396
-4174
-4309
-3766
-2758
-1488
-170
944
1732
2004
1795
1166
175
-994
-2502
-3809
-4909
-5502
-5491
-4994
-4145
-2988
-1669
-759
-149
202
94
-596
-1430
-2234
-3370
-4404
-5189
-5575
-5600
-5372
-4713
-3736
-2755
-2019
-1492
-1281
-1307
-1781
-2326
-2979
-3803
-4486
-4953
-5364
-5590
-5532
-5215
-4643
-4168
-3711
-3319
-3274
-3254
-3231
-3366
-3797
-4406
-4784
-5099
-5296
-5268
-5244
-5045
-4707
-4307
-3895
-3748
-3849
-3806
-3811
-4124
-4545
-4749
-4758
-4577
-4635
-4633
-4547
-4431
-4261
-4099
-3951
-3888
-3705
-3650
-3670
-3663
-4033
-4774
-5559
-6382
-7223
-8060
-8813
-9324
-9458
-9417
-9013
-8308
-7506
-6543
-5622
-5066
-4600
-4405
-4712
-5343
-6101
-6848
-7541
-8230
-8697
-8735
-8458
-7921
-7015
-5848
-4874
-4196
-3660
-3229
-3143
-3407
-3822
-4450
-4959
-5399
-5692
-5758
-5607
-5350
-4784
-4138
-3325
-2690
-2127
-1522
-1128
-940
-969
-1178
-1382
-1519
-1539
-1464
-1390
-1368
-1170
-766
-233
215
416
651
825
1176
1167
885
713
799
858
662
505
601
677
628
560
631
711
678
455
259
75
-103
-138
-106
-231
-322
-225
-206
-60
92
285
259
88
-112
-404
-1075
-2089
-3131
-3710
-3616
-3058
-1821
-434
621
1349
1582
1452
749
-137
-800
-1466
-2221
-2905
-3033
-2526
-1678
-636
260
1153
1880
2026
1697
1033
74
-896
-1771
-2664
-3309
-3618
-3494
-3010
-2067
-899
103
1077
1768
2029
1950
1484
815
7
-856
-1564
-2209
-2442
-2451
-2241
-1608
-662
300
1186
1785
2025
1984
1617
1112
466
-262
-957
-1599
-1966
-2012
-1710
-1408
-1007
-450
167
692
948
988
735
497
99
-557
-1187
-1724
-2096
-2240
-2346
-2363
-2324
-2160
-1851
-1793
-1765
-1794
-1872
-2010
-2374
-2771
-3098
-3098
-3089
-3189
-3108
-2966
-2955
-2836
-2721
-2561
-2469
-2415
-2361
-2441
-2700
-2941
-3468
-4328
-5452
-6335
-7040
-7505
-7814
-7872
-7444
-7037
-6495
-5549
-4424
-3663
-3085
-2774
-2774
-3162
-3747
-4322
-5064
-5766
-6429
-6465
-6050
-5577
-4949
-4073
-2989
-1925
-1228
-683
-410
-470
-643
-1009
-1503
-1997
-2340
-2600
-2585
-2295
-1678
-925
-336
270
953
1418
1658
1800
1822
1700
1537
1364
1188
1167
1094
1114
1177
1548
2111
2417
2711
3051
2995
2907
3048
3136
3016
2729
2328
2237
2311
2293
2194
2091
2244
2315
2087
1843
1611
1354
1221
1248
1053
827
857
962
913
1012
1131
1187
1141
1050
978
1046
997
777
570
848
1604
2795
4048
5428
6713
7583
7900
7364
6474
4922
2901
644
-1531
-3185
-4382
-4749
-4207
-2797
-820
1440
3310
4879
5793
5982
5573
4535
2854
947
-874
-2738
-4209
-4756
-4505
-3739
-2630
-1461
-149
1078
1863
2198
1856
1164
214
-1063
-2473
-3873
-4923
-5469
-5649
-5511
-4900
-3826
-2685
-1606
-846
-394
-297
-628
-1110
-1767
-2639
-3419
-4131
-4750
-5074
-5181
-5177
-4899
-4426
-4007
-3816
-3694
-3471
-3397
-3598
-4070
-4477
-4392
-4258
-4115
-3939
-3726
-3322
-2692
-2182
-1861
-1847
-1901
-2022
-2205
-2551
-2707
-2840
-2956
-2835
-2615
-2470
-2152
-1732
-1389
-1091
-870
-697
-721
-778
-899
-1370
-1910
-2425
-3152
-4127
-5029
-5761
-6398
-6841
-6936
-6442
-5670
-4930
-4141
-3390
-2588
-1960
-1650
-1762
-2342
-3053
-3725
-4585
-5642
-6391
-6764
-6908
-6636
-5906
-4962
-4130
-3454
-2777
-2226
-2081
-2277
-2487
-3058
-3640
-4228
-4875
-5252
-5324
-5280
-4917
-4631
-4119
-3168
-2220
-1537
-1236
-1131
-1017
-989
-1014
-1155
-1340
-1447
-1361
-1263
-1100
-797
-315
178
524
791
1120
1425
1560
1506
1524
1516
1454
1397
1421
1443
1474
1654
1776
1781
1543
1465
1389
1320
1234
1060
946
791
597
511
685
769
830
1086
1218
1086
1067
1156
1112
733
-56
-808
-1482
-1758
-1487
-808
218
1304
2214
2702
2623
2059
1082
5
-1075
-2368
-3448
-3942
-3874
-3270
-2204
-747
703
1816
2664
2985
2678
1794
647
-684
-2197
-3534
-4440
-4943
-4903
-4472
-3406
-2124
-978
112
1089
1626
1657
1234
535
-323
-1422
-2332
-2940
-3291
-3312
-2846
-2177
-1402
-544
374
1189
1606
1635
1318
920
339
-384
-1096
-1640
-2238
-2423
-2195
-1668
-1298
-969
-322
220
400
448
322
135
-65
-485
-803
-1064
-1316
-1402
-1442
-1384
-1352
-1261
-1082
-1032
-1211
-1386
-1455
-1512
-1863
-2259
-2576
-2842
-2932
-2717
-2617
-2594
-2531
-2207
-2023
-2014
-1948
-1992
-2213
-2495
-2832
-3193
-3838
-4734
-5614
-6436
-7340
-8013
-8323
-8228
-7928
-7269
-6287
-5144
-4231
-3602
-3216
-3065
-3213
-3602
-4336
-5230
-6004
-6409
-6632
-6611
-6229
-5490
-4650
-3736
-2784
-1960
-1128
-493
-372
-512
-771
-1264
-1798
-2152
-2461
-2688
-2502
-2146
-1636
-1002
-201
745
1504
1862
2161
2361
2373
2380
2346
2133
1976
1979
2059
2331
2558
2789
2990
3156
3555
3918
4002
3982
4077
3994
3761
3803
3819
3616
3470
3284
3243
3303
3330
3354
3273
3180
2969
2606
2347
2446
2316
2183
2219
2219
2239
2237
2364
2421
2397
2325
2284
2078
1750
1239
519
-27
-109
537
1772
3270
4647
5657
6289
6240
5627
4751
3572
2273
960
-120
-712
-934
-719
37
1306
2703
3985
4874
5281
5163
4721
3934
2715
1478
224
-848
-1511
-1512
-1176
-404
610
1485
2284
3163
3799
3797
3326
2698
1710
696
-204
-1024
-1596
-1871
-1571
-922
-115
743
1381
1800
2101
2269
2117
1702
1134
405
-473
-1414
-1957
-2050
-1966
-1769
-1385
-897
-454
-124
202
371
204
-199
-733
-1261
-1581
-1740
-2055
-2334
-2221
-1914
-1544
-1152
-847
-610
-485
-597
-678
-918
-1239
-1485
-1746
-1880
-1887
-1819
-1687
-1420
-1240
-1017
-793
-718
-663
-557
-396
-471
-783
-1171
-1615
-2339
-3406
-4365
-5174
-5795
-6087
-5917
-5353
-4790
-4251
-3484
-2692
-1911
-1354
-1081
-1132
-1490
-2267
-3194
-4023
-4606
-5329
-5603
-5297
-4769
-3973
-2940
-1927
-1302
-889
-478
-329
-406
-691
-1059
-1530
-2055
-2514
-2634
-2523
-2324
-1996
-1338
-488
222
630
996
1344
1598
1492
1454
1534
1511
1326
1347
1482
1515
1649
1889
2180
2500
2950
3274
3438
3549
3578
3562
3551
3320
3086
3025
3064
3203
3254
3207
3102
3014
3010
2879
2596
2495
2564
2402
2190
2131
2040
2020
2068
2268
2356
2353
2436
2362
2379
2355
2140
1648
1059
558
460
939
1897
3110
4477
5785
6623
6722
6316
5368
4083
2731
1374
159
-756
-1226
-1128
-472
616
1899
3091
3981
4465
4715
4459
3640
2405
1090
-203
-1374
-2274
-2633
-2393
-1699
-764
216
1189
1880
2364
2743
2626
1993
1138
146
-972
-1881
-2595
-3037
-2849
-2299
-1624
-768
210
1100
1549
1608
1576
1259
589
-210
-896
-1551
-2202
-2605
-2616
-2289
-1752
-1324
-944
-447
-245
-212
-148
-297
-712
-1071
-1490
-1951
-2091
-2174
-2121
-1864
-1505
-1204
-814
-491
-316
-294
-295
-394
-765
-1273
-1434
-1542
-1619
-1661
-1570
-1498
-1299
-1206
-1048
-965
-867
-636
-623
-598
-634
-951
-1542
-2409
-3341
-4316
-5143
-5817
-6287
-6342
-6072
-5861
-5385
-4559
-3494
-2740
-2166
-1778
-1733
-1927
-2334
-2987
-3878
-4778
-5470
-5870
-5524
-5064
-4377
-3427
-2558
-1804
-1082
-568
-369
-408
-655
-1080
-1584
-2076
-2520
-2854
-2849
-2731
-2356
-1821
-1079
-416
189
842
1379
1762
1866
1784
1806
1846
1613
1570
1684
1770
1941
2172
2497
2801
3096
3378
3730
3953
3947
3968
3996
3878
3725
3599
3429
3368
3381
3388
3278
3260
3220
3190
3236
3103
2826
2779
2745
2547
2403
2316
2327
2464
2531
2715
2840
2793
2717
2413
2088
1756
1386
1032
765
832
1423
2565
4068
5407
6488
6934
6690
5973
4811
3445
2141
852
-286
-879
-934
-721
46
1314
2892
4208
4994
5214
4932
4220
3082
1949
695
-593
-1454
-1938
-1995
-1502
-651
410
1459
2476
3177
3328
3060
2598
1956
1151
155
-867
-1625
-2052
-2057
-1661
-942
32
701
1417
2050
2110
2068
1823
1243
640
-33
-723
-1395
-1689
-1671
-1544
-1134
-616
-165
214
594
790
543
394
356
52
-555
-1114
-1402
-1488
-1531
-1396
-1058
-607
-239
11
231
318
261
13
-357
-631
-802
-989
-1105
-1135
-1032
-900
-719
-534
-318
-74
108
249
395
377
132
-331
-891
-1507
-2330
-3103
-3780
-4511
-5188
-5501
-5422
-4931
-4312
-3559
-2677
-1960
-1399
-964
-611
-686
-1268
-2092
-2875
-3532
-4112
-4625
-4722
-4509
-3941
-3110
-2029
-995
-314
211
472
441
141
-329
-766
-1092
-1414
-1544
-1657
-1640
-1370
-864
-139
406
958
1581
2071
2259
2227
2019
1797
1608
1227
1005
1107
1596
2155
2608
2853
2987
2788
2273
1762
1224
813
522
522
629
1104
1855
2709
3544
4146
4201
3933
3486
2735
1912
1225
669
398
561
1144
1959
3107
4466
5445
6229
6839
6913
6510
5829
5039
4171
3401
2804
2307
2230
2725
3815
5407
7190
8818
9854
10355
10171
9282
8008
6492
4655
2913
1696
1010
693
723
1417
2660
3983
5021
5752
6090
5845
5288
4308
3066
1758
446
-683
-1589
-1876
-1753
-1130
-283
600
1511
2243
2644
2677
2469
1800
788
-315
-1152
-2018
-2821
-3271
-3189
-2854
-2345
-1642
-849
-164
439
964
966
585
54
-660
-1350
-2165
-2607
-2664
-2613
-2247
-1748
-1268
-582
71
681
1103
1289
1152
898
566
268
15
-61
-33
92
377
676
1086
1548
1734
1879
2006
1996
1896
1613
1276
900
649
580
527
618
735
972
1113
1071
1073
1081
1167
1314
1335
1091
876
406
-451
-1323
-2309
-3280
-4028
-4563
-4768
-5011
-4743
-4149
-3679
-3120
-2366
-1492
-952
-848
-1032
-1553
-2343
-3263
-4040
-4756
-5271
-5480
-5320
-4835
-4050
-3131
-2349
-1766
-1265
-1085
-1023
-1129
-1578
-2168
-2881
-3439
-3945
-4381
-4553
-4207
-3558
-2894
-2246
-1659
-1074
-704
-497
-260
-29
-138
-652
-1325
-1854
-2167
-2482
-2390
-2062
-1704
-1043
-235
347
962
1296
1275
976
608
260
-269
-933
-1355
-1413
-1445
-1319
-758
19
511
817
961
863
612
3
-681
-1503
-2336
-3003
-3239
-3375
-3152
-2561
-1926
-1518
-1298
-1227
-1273
-1833
-2616
-3906
-5315
-6085
-6006
-5212
-3830
-2173
-489
716
1294
1193
572
-610
-2122
-4022
-5903
-7299
-8114
-8099
-7368
-6108
-4511
-2719
-1208
-269
26
-227
-760
-1870
-3314
-4835
-6227
-7042
-7404
-7128
-6310
-5177
-3591
-2290
-1172
-242
240
207
-229
-1089
-2093
-2931
-3794
-4425
-4747
-4547
-3846
-2988
-2149
-1140
-233
399
690
648
459
39
-583
-1333
-1790
-2243
-2624
-2731
-2570
-2157
-1540
-861
-284
139
252
388
312
-38
-579
-1096
-1392
-1666
-1806
-1810
-1585
-1217
-747
-419
-342
-228
-11
57
-249
-656
-936
-1006
-1274
-1365
-1239
-1021
-846
-634
-416
-14
407
464
558
713
803
806
495
-124
-818
-1592
-2544
-3202
-3479
-3569
-3667
-3531
-3038
-2316
-1371
-253
640
1309
1748
1764
1528
1256
768
13
-685
-1118
-1227
-1148
-721
-29
863
1748
2735
3382
3778
4003
4000
3678
3289
2713
2167
1631
1361
1287
1518
1858
2320
2804
3302
3650
3974
4194
4233
3971
3622
3431
3113
2707
2509
2461
2474
2544
2692
2795
2945
3244
3486
3707
3749
3550
3359
3206
3113
3089
2992
2892
2872
2865
2841
2838
2856
2730
2657
2599
2505
2300
1990
1828
1720
1729
1811
1900
1868
1882
1958
1963
2066
2084
2208
2100
1756
1161
602
331
461
1296
2635
4143
5434
6383
6899
6608
5870
4834
3764
2494
1208
227
-332
-364
20
1020
2503
4034
5156
5780
6049
5858
5224
4333
3104
1832
683
-188
-645
-623
-43
944
2004
3056
3904
4516
4725
4547
4064
3479
2692
1716
766
55
-125
-110
70
524
1340
2279
3136
3591
3900
4032
3752
3079
2194
1460
780
259
43
-111
13
543
1078
1437
1698
2026
2331
2353
2234
1972
1609
1230
1001
808
565
503
591
886
1188
1633
2102
2287
2209
1990
1929
1799
1539
1479
1578
1681
1566
1489
1786
2012
2091
2172
2393
2580
2832
3124
3112
2799
2441
1937
1183
395
-405
-1113
-1730
-2236
-2211
-1992
-1802
-1377
-634
394
1246
1734
2176
2367
2276
1759
1049
367
-480
-1305
-1637
-1523
-1274
-782
-107
757
1631
2237
2668
2884
2850
2631
2306
1658
854
180
-198
-506
-785
-677
-213
466
1080
1522
1861
2000
2016
2026
1775
1287
944
590
270
142
202
311
538
884
1060
1106
1234
1376
1442
1396
1326
1180
1209
1053
823
659
588
659
812
872
815
677
568
489
307
-23
-358
-515
-661
-723
-623
-578
-613
-554
-303
-184
-360
-357
-335
-366
-847
-1586
-2212
-2629
-2559
-1796
-698
672
2164
3434
3988
3935
3335
2253
970
-462
-1791
-2894
-3824
-4182
-3818
-2846
-1550
-316
947
1975
2499
2386
1909
1144
-73
-1448
-2851
-3882
-4570
-4779
-4378
-3643
-2710
-1593
-571
180
693
833
624
136
-721
-1859
-3035
-3976
-4561
-4771
-4445
-3700
-2692
-1720
-934
-301
164
288
200
-137
-752
-1618
-2357
-2951
-3400
-3608
-3589
-3304
-2995
-2413
-1669
-1156
-865
-766
-756
-903
-1352
-1708
-1869
-2010
-2240
-2504
-2416
-2050
-1598
-1189
-791
-645
-601
-477
-485
-366
-429
-723
-1190
-1465
-1371
-1322
-1299
-1095
-692
-383
-266
62
291
325
276
202
-30
-418
-926
-1624
-2410
-3230
-3987
-4449
-4832
-4806
-4258
-3679
-3103
-2287
-1257
-439
1
4
-29
-212
-731
-1357
-2099
-2681
-3175
-3363
-3142
-2677
-1971
-982
61
846
1408
1640
1713
1588
1199
700
131
-460
-949
-1282
-1477
-1319
-792
-227
334
737
1065
1430
1594
1509
1445
1165
730
521
242
25
106
269
296
435
816
1173
1347
1349
1372
1450
1361
1251
1207
1108
1020
957
950
1073
1108
1057
1120
1133
946
813
566
382
265
63
-138
-310
-359
-319
-199
-162
-199
-128
-103
-62
217
364
172
4
-129
-332
-195
628
