-5388
-4868
-4476
-4183
-3983
-3881
-4055
-4358
-4535
-4706
-4784
-4778
-4765
-4867
-4926
-4669
-4429
-4262
-4029
-3777
-3490
-3404
-3493
-3636
-3748
-4020
-4681
-5630
-6516
-7496
-8247
-8847
-9128
-9084
-8714
-7984
-7267
-6518
-5577
-4692
-4080
-3940
-3897
-4068
-4630
-5352
-6169
-6934
-7239
-7179
-6948
-6527
-5761
-4826
-3790
-2946
-2453
-2063
-2060
-2322
-2725
-3332
-4260
-5018
-5402
-5569
-5641
-5382
-4981
-4558
-4119
-3730
-3358
-3196
-3290
-3668
-4146
-4807
-5679
-5946
-5620
-5227
-4740
-3655
-2217
-1317
-1386
-1949
-3057
-4643
-6512
-8505
-10376
-11725
-12132
-11879
-10988
-9646
-8132
-6464
-5374
-4907
-5149
-6028
-7468
-9239
-11147
-12519
-13094
-13111
-12506
-10915
-8545
-5948
-3424
-1264
373
1111
1008
328
-954
-2412
-3936
-5484
-6851
-7530
-6913
-5110
-2625
292
3238
5487
6513
6528
5648
4141
2097
-339
-2766
-4779
-6048
-6333
-6026
-5186
-3686
-2078
-707
367
735
183
-856
-2459
-4398
-6539
-8587
-10015
-10760
-10606
-9818
-8557
-7018
-5533
-4303
-3719
-3603
-3848
-4580
-5893
-7446
-9032
-10605
-11872
-12490
-12352
-11710
-10732
-9364
-7761
-6517
-5507
-4914
-4712
-5101
-6134
-7444
-8722
-10032
-11150
-11709
-11893
-11511
-10947
-9886
-8505
-7192
-6086
-5213
-4531
-4012
-3806
-3845
-4078
-4258
-4339
-4286
-3960
-3659
-3288
-2702
-1982
-1548
-1224
-936
-776
-787
-884
-1152
-1646
-1936
-1905
-1864
-2088
-2409
-2428
-2184
-2139
-2303
-2449
-2762
-3120
-3333
-3425
-3577
-3938
-4424
-4986
-5651
-6296
-6815
-7120
-7502
-7590
-7248
-6693
-6099
-5492
-4623
-3898
-3608
-3598
-3806
-4210
-4931
-5691
-6520
-7438
-8400
-9041
-8984
-8475
-7847
-7043
-6087
-5309
-4852
-4453
-4327
-4390
-4636
-5023
-5401
-5902
-6137
-5908
-5589
-5108
-4293
-3384
-2394
-1450
-600
145
594
815
1040
1195
1382
1293
965
273
-555
-1415
-2476
-3662
-4456
-4526
-3743
-2099
-36
1818
3158
4192
4933
5045
4194
2729
948
-932
-2645
-3822
-4250
-3762
-2366
-429
1600
3550
5058
5868
6083
5545
4254
2698
1112
-418
-1578
-2057
-1659
-437
1140
2857
4551
6004
6636
6678
6449
6046
5905
5856
5834
6063
6442
6604
6435
6069
5502
4683
3666
2693
1790
803
26
-278
-196
247
1123
2161
3132
3895
4203
4026
3597
2907
1814
667
-511
-1456
-2165
-2470
-2353
-1861
-1110
-413
270
851
1225
1204
875
274
-519
-1517
-2574
-3528
-4062
-4233
-4392
-4300
-4058
-3946
-3736
-3492
-3414
-3610
-3816
-3985
-4317
-4586
-4775
-4938
-4909
-4760
-4646
-4462
-4139
-3738
-3470
-3388
-3449
-3739
-4042
-4130
-4300
-4502
-4646
-4427
-4152
-3856
-3410
-2916
-2351
-1841
-1514
-1300
-1079
-1286
-1739
-2112
-2359
-2688
-3142
-3303
-3392
-3385
-3350
-3243
-3063
-2850
-2630
-2448
-2287
-2210
-2286
-2620
-3470
-4619
-5791
-6937
-8181
-9353
-10334
-10913
-11096
-10783
-10184
-9267
-8139
-6945
-5967
-5494
-5322
-5261
-5818
-6638
-7561
-8534
-9430
-10117
-10542
-10384
-9936
-9163
-8466
-7763
-7106
-6387
-5790
-5740
-6201
-6635
-7056
-7627
-8166
-8501
-8645
-8732
-8679
-8107
-7329
-6626
-5835
-5099
-4511
-4107
-3840
-3494
-3344
-3220
-3294
-3308
-3017
-2718
-2222
-1651
-1444
-1188
-843
-547
-441
-351
-528
-875
-1089
-1151
-1099
-1166
-1425
-1593
-1627
-1528
-1534
-1478
-1393
-1485
-1592
-1761
-2140
-2482
-2618
-2653
-3017
-3115
-2975
-2927
-2880
-2796
-2564
-2484
-2416
-2185
-2085
-2384
-3109
-3923
-4580
-4730
-4161
-3086
-1816
-476
588
916
588
-162
-1273
-2598
-3961
-5329
-6686
-7727
-8190
-8115
-7292
-5824
-4232
-2863
-1855
-1335
-1466
-2252
-3390
-4589
-6001
-7416
-8662
-9415
-9512
-9044
-8093
-6879
-5602
-4291
-3339
-2821
-2717
-3032
-3511
-4348
-5518
-6749
-7712
-8364
-8583
-8443
-7898
-6914
-5719
-4723
-3847
-3245
-3161
-3421
-3871
-4421
-5113
-5822
-6457
-7066
-7416
-7373
-7138
-6841
-6384
-5795
-5217
-4874
-4789
-4919
-5187
-5504
-5804
-6251
-6625
-6943
-7024
-6962
-6762
-6610
-6293
-5967
-5795
-5585
-5532
-5722
-6051
-6500
-6651
-6738
-6845
-7003
-7007
-6772
-6551
-6201
-5803
-5748
-5737
-5491
-5223
-5190
-5285
-5735
-6396
-7187
-8063
-8947
-9700
-10316
-10870
-11065
-11186
-11032
-10421
-9554
-8731
-7778
-6845
-6082
-5678
-5784
-6351
-7090
-7846
-8702
-9539
-9916
-9906
-9720
-9239
-8469
-7269
-5959
-5025
-4431
-4102
-3782
-3748
-4129
-4601
-5071
-5491
-5938
-6230
-6248
-5856
-5280
-4720
-4131
-3466
-2711
-2146
-1614
-1343
-1288
-1237
-1219
-1296
-1586
-1707
-1630
-1385
-1022
-595
-220
146
529
738
780
895
940
889
966
932
821
768
756
616
498
405
368
191
51
20
-112
-273
-657
-1012
-1055
-1078
-1032
-1015
-855
-604
-472
-464
-362
-218
-53
-241
-583
-1010
-1535
-2003
-2127
-1700
-653
866
2328
3587
4324
4518
4242
3362
2119
782
-659
-2064
-3122
-3494
-3380
-2727
-1793
-564
759
1965
2773
2700
2048
1436
665
-655
-2174
-3500
-4259
-4558
-4198
-3436
-2389
-1285
-291
574
1127
1270
1226
758
-229
-1323
-2444
-3620
-4369
-4717
-4590
-4057
-3372
-2540
-1791
-1094
-438
-114
-178
-551
-1226
-2139
-3107
-3949
-4425
-4670
-4725
-4502
-4118
-3614
-3027
-2539
-2196
-1967
-1963
-2243
-2604
-2908
-3296
-3642
-3798
-3943
-3987
-3797
-3481
-3094
-2673
-2530
-2297
-2091
-2174
-2493
-2964
-3188
-3339
-3445
-3547
-3449
-3309
-3218
-2979
-2654
-2597
-2589
-2451
-2162
-1928
-2024
-2375
-2838
-3377
-4248
-5191
-6043
-6860
-7547
-7956
-8003
-7868
-7525
-6966
-6114
-5058
-4239
-3480
-3153
-3304
-3801
-4420
-5157
-6051
-6823
-7454
-7676
-7363
-7023
-6577
-5896
-4839
-3588
-2723
-2390
-2322
-2394
-2635
-3158
-3758
-4289
-4680
-4962
-5134
-5100
-4669
-4070
-3370
-2620
-1895
-1457
-1133
-843
-701
-846
-963
-1131
-1403
-1553
-1518
-1269
-918
-665
-397
-17
357
565
864
1213
1359
1325
1156
1004
847
781
723
724
806
785
684
433
465
538
234
-162
-237
-370
-703
-869
-755
-721
-696
-653
-554
-685
-791
-692
-509
-471
-687
-1192
-1788
-2338
-2488
-2153
-1303
38
1402
2632
3625
4002
3823
2996
1787
430
-986
-2320
-3442
-4193
-4536
-4197
-3356
-2009
-565
564
1386
1685
1429
746
-297
-1671
-3237
-4593
-5528
-6004
-6016
-5575
-4736
-3624
-2305
-1159
-316
71
137
-290
-1249
-2383
-3550
-4579
-5552
-6005
-5857
-5454
-4803
-4053
-3109
-2187
-1551
-1285
-1380
-1739
-2291
-3053
-3860
-4618
-5123
-5495
-5880
-5881
-5568
-5110
-4531
-3957
-3463
-3229
-3191
-3318
-3676
-4071
-4444
-4796
-5100
-5174
-5001
-4819
-4545
-4350
-4048
-3800
-3782
-3794
-3739
-3798
-3831
-4031
-4496
-4831
-4920
-4880
-4746
-4629
-4554
-4294
-4023
-3859
-3730
-3596
-3423
-3650
-4061
-4390
-4731
-5259
-6257
-7230
-8013
-8865
-9542
-9718
-9484
-8949
-8301
-7397
-6391
-5563
-4943
-4410
-4199
-4518
-5071
-5865
-6776
-7541
-8104
-8397
-8487
-8187
-7567
-6696
-5685
-4679
-3906
-3351
-3051
-3018
-3193
-3522
-3903
-4226
-4588
-5250
-5783
-5722
-5245
-4432
-3619
-2869
-2345
-1699
-963
-706
-718
-757
-912
-966
-1158
-1252
-1168
-1035
-886
-667
-258
261
600
865
1236
1425
1385
1379
1573
1718
1598
1381
1319
1335
1266
1150
1206
1374
1333
1167
963
755
672
587
420
325
85
35
151
208
312
406
569
599
460
439
360
-34
-521
-1389
-2436
-3076
-2965
-2520
-1539
-297
893
1757
2037
1781
1089
282
-518
-1210
-1996
-2568
-2548
-2183
-1430
-374
776
1666
2163
2261
1898
1334
492
-558
-1704
-2823
-3660
-3918
-3622
-2866
-1805
-600
498
1419
1951
2162
2182
1795
1038
14
-952
-1756
-2463
-2923
-2800
-2234
-1496
-754
112
1002
1629
2083
2119
1751
1083
267
-393
-1058
-1645
-2037
-2272
-2260
-1935
-1344
-793
-313
126
379
326
238
-43
-440
-960
-1636
-2258
-2708
-2903
-3085
-3140
-2850
-2548
-2342
-2282
-2215
-2092
-2208
-2526
-2835
-3036
-3089
-3333
-3564
-3603
-3638
-3454
-3248
-3100
-3194
-3136
-2989
-2914
-2839
-2879
-3098
-3529
-4218
-4913
-5720
-6979
-7921
-8354
-8442
-8464
-8374
-8038
-7409
-6462
-5251
-4397
-3798
-3435
-3517
-4001
-4625
-5459
-6182
-6549
-6996
-7367
-7185
-6401
-5324
-4379
-3554
-2595
-1793
-1329
-1303
-1387
-1756
-2041
-2349
-2854
-3144
-3424
-3396
-3045
-2443
-1831
-1126
-475
-70
252
612
940
1030
912
804
560
316
312
358
360
538
873
1206
1641
1891
1945
2034
2072
2204
2234
2149
2074
1884
1717
1696
1669
1353
1177
1254
1414
1357
1011
796
719
397
101
9
23
-8
41
142
227
232
254
328
288
323
306
195
-181
-275
56
710
1803
3227
4843
6143
7107
7561
7186
6218
4694
2780
594
-1456
-3175
-4624
-5367
-4930
-3461
-1472
561
2450
4050
5114
5516
5066
3999
2480
527
-1402
-3204
-4576
-5256
-5242
-4512
-3328
-1952
-682
501
1215
1582
1577
1040
35
-1278
-2798
-4267
-5482
-6252
-6487
-6145
-5342
-4369
-3392
-2206
-1262
-903
-743
-1091
-1577
-2012
-2758
-3760
-4792
-5404
-5625
-5665
-5674
-5378
-4888
-4423
-4218
-4090
-3957
-3896
-3988
-4266
-4464
-4577
-4505
-4372
-4013
-3519
-3168
-2770
-2433
-2144
-1947
-1912
-2142
-2460
-2631
-2744
-2928
-3074
-3064
-3009
-2745
-2301
-2005
-1670
-1426
-1213
-1074
-1041
-1045
-1087
-1540
-2155
-2874
-3519
-4472
-5541
-6365
-6821
-7001
-7041
-6614
-6223
-5545
-4655
-3660
-2715
-2215
-2103
-2320
-2670
-3255
-4058
-4989
-5786
-6460
-6853
-6931
-6692
-6098
-5230
-4358
-3617
-3029
-2483
-2170
-2320
-2652
-3043
-3689
-4529
-5150
-5564
-5679
-5485
-5052
-4445
-3672
-2868
-2383
-1860
-1311
-867
-652
-685
-794
-1130
-1323
-1228
-1114
-956
-784
-343
118
277
572
1033
1408
1603
1708
1689
1769
1892
1878
1813
1861
1895
1832
1817
1739
1626
1648
1628
1540
1297
1256
1250
1072
890
891
971
911
1009
1203
1315
1271
1292
1388
1542
1457
1063
376
-530
-1006
-1174
-946
-302
570
1655
2579
3118
3152
2571
1638
535
-677
-1986
-2834
-3287
-3191
-2567
-1356
8
1294
2455
3222
3555
3308
2651
1415
-137
-1635
-2956
-4027
-4779
-4823
-4049
-2881
-1537
-284
871
1721
2112
2044
1669
1129
281
-695
-1722
-2620
-3115
-3170
-2805
-2013
-997
66
995
1665
1849
1749
1533
1144
553
-110
-874
-1500
-1929
-1976
-1901
-1719
-1323
-828
-235
310
592
670
662
711
329
-340
-723
-878
-1087
-1341
-1467
-1439
-1203
-974
-847
-631
-603
-804
-1133
-1520
-1802
-2125
-2409
-2625
-2650
-2791
-2763
-2490
-2239
-2070
-2182
-2075
-1663
-1672
-1900
-2129
-2431
-2876
-3756
-4714
-5575
-6429
-7162
-7691
-7861
-7709
-7350
-6863
-6095
-5137
-4298
-3721
-3153
-2910
-3202
-3712
-4364
-5074
-5697
-6305
-6629
-6579
-6004
-5238
-4357
-3424
-2488
-1591
-960
-501
-477
-569
-724
-1139
-1770
-2295
-2614
-2724
-2622
-2269
-1728
-1001
-155
631
1124
1539
2021
2462
2483
2286
2089
1892
1835
1771
1773
1864
2078
2343
2673
3006
3258
3360
3533
3622
3580
3414
3330
3230
3205
3148
3023
2749
2602
2529
2563
2525
2312
2311
2274
2081
1890
1732
1531
1150
1021
993
1011
1157
1141
1166
1129
1262
1316
1292
864
167
-495
-834
-679
-80
985
2394
3966
5097
5692
5708
5067
4046
2952
1754
393
-1021
-2016
-2314
-2108
-1285
56
1503
2864
3817
4268
4184
3720
2899
1697
416
-665
-1669
-2389
-2543
-2104
-1349
-394
656
1617
2331
2767
2795
2485
1920
1058
20
-1051
-1940
-2634
-2925
-2678
-2092
-1251
-341
536
1252
1692
1629
1314
682
13
-740
-1529
-2213
-2835
-2992
-2788
-2599
-2263
-1836
-1413
-1108
-794
-727
-914
-1218
-1588
-1829
-1952
-2222
-2498
-2764
-2862
-2640
-2235
-1848
-1700
-1524
-1329
-1171
-1185
-1565
-1915
-2046
-2285
-2498
-2550
-2417
-2226
-1963
-1674
-1432
-1420
-1392
-1258
-1159
-1214
-1391
-1496
-1782
-2292
-3168
-4214
-5116
-5869
-6331
-6592
-6668
-6421
-5984
-5089
-4053
-3205
-2505
-1981
-1607
-1596
-2148
-2934
-3622
-4319
-4950
-5369
-5635
-5430
-4973
-4274
-3374
-2337
-1539
-970
-622
-512
-674
-1054
-1540
-2059
-2530
-2905
-3188
-3081
-2855
-2291
-1464
-815
-226
251
712
1098
1216
1312
1302
1163
1032
852
731
801
1132
1453
1705
1947
2120
2369
2683
2943
3090
3046
3100
2938
2761
2778
2612
2542
2515
2565
2559
2581
2680
2654
2483
2190
1843
1673
1441
1388
1406
1505
1762
1895
1942
2123
2096
1994
2051
2066
1898
1634
1139
726
398
134
289
1221
2708
4317
5694
6441
6529
6143
5226
3972
2694
1308
117
-771
-1112
-1065
-657
397
1855
3151
4024
4394
4526
4300
3535
2289
834
-613
-1723
-2515
-2951
-2778
-2051
-1089
53
926
1748
2515
2834
2561
1847
1049
210
-965
-2127
-2835
-3112
-2946
-2390
-1513
-589
122
698
1281
1540
1450
1102
516
-186
-1006
-1788
-2397
-2762
-2834
-2675
-2322
-1843
-1344
-933
-629
-410
-178
-244
-554
-1118
-1655
-1976
-2136
-2054
-1891
-1636
-1388
-1155
-881
-644
-346
-144
-316
-557
-878
-1206
-1489
-1590
-1525
-1479
-1238
-1031
-921
-843
-697
-475
-202
-38
-166
-339
-524
-951
-1586
-2366
-3345
-4270
-5083
-5708
-5964
-6096
-6006
-5451
-4688
-3830
-2964
-2221
-1703
-1437
-1460
-1614
-2158
-3049
-3752
-4295
-4757
-5156
-5224
-4912
-4301
-3552
-2759
-1839
-1046
-528
-186
-126
-298
-728
-1395
-2058
-2511
-2654
-2501
-2202
-1847
-1260
-425
280
823
1216
1634
2098
2194
2009
1814
1813
1875
1858
1756
1822
2082
2471
2960
3211
3409
3653
3963
4056
3870
3810
3835
3893
3915
3727
3599
3507
3385
3407
3486
3456
3398
3171
3013
2813
2612
2393
2316
2258
2137
2102
2072
2129
2318
2579
2683
2520
2547
2664
2550
2215
1559
915
427
711
1635
2955
4285
5472
6226
6519
6499
5939
4967
3687
2141
772
-328
-998
-1175
-802
137
1555
2972
3911
4614
4951
4762
4370
3291
1940
569
-862
-1996
-2449
-2304
-1652
-593
530
1573
2385
2926
3292
3314
2931
2190
1241
35
-1062
-1791
-2104
-1939
-1511
-1027
-255
489
1277
1928
2159
2277
2139
1602
830
-37
-913
-1610
-2076
-2084
-1755
-1516
-1288
-865
-323
-57
-35
-71
3
-53
-450
-979
-1360
-1567
-1635
-1581
-1466
-1295
-1024
-602
-147
-21
-19
98
-202
-684
-847
-794
-980
-1330
-1410
-1212
-1008
-785
-528
-303
-201
-148
-109
-81
-56
-155
-441
-972
-1785
-2669
-3579
-4349
-4992
-5489
-5675
-5777
-5450
-4727
-3987
-3160
-2389
-1591
-1041
-943
-1174
-1585
-2164
-2930
-3774
-4402
-4837
-4875
-4625
-4075
-3265
-2355
-1321
-609
-228
22
185
196
-75
-472
-890
-1405
-2018
-2152
-1895
-1472
-972
-659
-83
625
1366
1791
1866
1906
1752
1537
1268
863
637
805
1308
1869
2188
2415
2561
2522
2100
1494
948
402
-41
-21
260
729
1569
2443
3167
3795
3941
3586
3150
2350
1405
673
189
-100
3
680
1719
2911
4083
5176
5985
6380
6469
6133
5380
4631
3843
3031
2220
1906
2139
2691
3692
4983
6749
8491
9735
10109
9791
9059
7851
6366
4674
3045
1824
761
176
433
1178
2307
3665
4835
5724
5891
5599
5040
4071
2736
1307
-13
-1051
-1786
-2113
-1928
-1283
-572
244
1210
2280
2818
2935
2492
1756
801
-277
-1303
-2094
-2682
-3119
-3352
-3040
-2467
-1710
-935
-199
335
689
725
495
94
-756
-1559
-2243
-2753
-2844
-2743
-2540
-2060
-1512
-766
62
609
763
832
976
878
483
21
12
76
117
274
639
1079
1436
1612
1667
1885
1979
1850
1644
1481
1256
1046
931
833
803
927
939
923
1015
1189
1191
1179
1223
1231
1144
1057
745
144
-545
-1367
-2157
-2924
-3831
-4671
-5063
-5007
-4640
-4248
-3688
-2781
-2069
-1481
-971
-692
-816
-1240
-2024
-2873
-3529
-4288
-4941
-5395
-5443
-5006
-4339
-3547
-2806
-1928
-1283
-946
-778
-1071
-1533
-1936
-2437
-3176
-3820
-4066
-3937
-3682
-3339
-2789
-2302
-1635
-1029
-601
-360
-125
47
-6
-347
-1041
-1671
-2070
-2154
-2029
-1909
-1554
-798
72
695
1171
1574
1578
1226
662
79
-272
-781
-1271
-1392
-1363
-1176
-629
-163
301
733
857
770
360
-195
-845
-1647
-2489
-3028
-3176
-3191
-3112
-2838
-2276
-1713
-1340
-1106
-1169
-1628
-2603
-3854
-5127
-6033
-6102
-5232
-3712
-1876
-502
552
1222
1269
664
-575
-2360
-4308
-6065
-7436
-8282
-8389
-7681
-6336
-4752
-3189
-1643
-484
-82
-416
-1031
-2016
-3383
-4851
-6316
-7383
-7651
-7139
-6312
-4987
-3631
-2331
-1154
-144
388
182
-286
-1060
-1973
-2890
-3839
-4413
-4774
-4634
-4063
-3186
-2092
-945
13
484
833
1052
742
209
-439
-1253
-1983
-2459
-2782
-2837
-2667
-2326
-1689
-1028
-367
115
260
259
123
-160
-576
-990
-1251
-1436
-1566
-1575
-1477
-1073
-614
-351
-85
230
256
175
12
-188
-324
-577
-947
-1291
-1272
-1011
-663
-398
-154
126
373
647
821
953
845
621
252
-301
-967
-1647
-2204
-2908
-3581
-3924
-3898
-3497
-2831
-2128
-1366
-423
734
1384
1552
1619
1465
1109
476
13
-475
-967
-1131
-978
-406
332
1161
2145
2855
3542
4004
4161
4068
3758
3256
2569
1967
1672
1575
1498
1563
1718
2131
2757
3361
3765
4091
4237
4156
3937
3681
3394
2909
2716
2672
2515
2450
2458
2585
2829
3109
3408
3639
3670
3814
3771
3565
3283
2983
2809
2869
2825
2718
2650
2608
2735
2724
2622
2566
2398
2049
1824
1773
1649
1529
1404
1356
1432
1450
1613
1799
1798
1832
1804
1719
1593
1227
663
186
28
314
1019
2275
3889
5305
6252
6590
6509
6004
5057
3734
2340
951
-9
-586
-559
27
999
2212
3495
4617
5413
5762
5478
4881
4063
3011
1720
378
-642
-1162
-864
-325
467
1532
2596
3508
4206
4562
4497
4116
3496
2526
1509
566
-197
-645
-642
-235
479
1288
2083
2751
3167
3477
3494
3146
2633
1996
1230
428
-256
-618
-740
-556
-92
440
1109
1494
1633
1826
1879
1845
1636
1143
711
362
109
159
328
420
630
1032
1366
1552
1777
1966
2034
1931
1725
1526
1241
1054
1057
1131
1028
1049
1249
1587
1803
1849
2200
2529
2573
2489
2302
1955
1467
851
39
-786
-1551
-2064
-2512
-2709
-2671
-2374
-1705
-905
-161
463
1110
1682
1969
1773
1284
545
-145
-616
-1093
-1509
-1712
-1639
-1102
-299
520
1390
2102
2598
2867
2892
2495
1967
1308
496
-154
-594
-857
-896
-706
-434
1
594
1072
1363
1571
1672
1526
1290
1019
846
689
309
38
114
207
489
880
1089
1132
1120
1255
1270
1180
1056
911
937
829
640
420
404
485
426
430
494
424
281
113
22
-205
-548
-812
-1013
-1043
-1120
-1139
-1043
-1085
-1127
-1050
-947
-820
-789
-868
-1147
-1569
-2186
-2714
-2755
-2288
-1242
374
2009
3209
3684
3693
3218
1984
667
-557
-1982
-3203
-4175
-4607
-4346
-3460
-2180
-872
449
1619
2263
2232
1736
931
-445
-1785
-2839
-3983
-4906
-5202
-4741
-3956
-2877
-1615
-394
536
1000
1006
658
-37
-836
-1865
-2934
-3930
-4618
-4907
-4652
-3779
-2832
-2036
-1279
-474
223
438
174
-320
-934
-1567
-2365
-3182
-3766
-3895
-3762
-3367
-2827
-2231
-1634
-1275
-1036
-826
-787
-1143
-1598
-2012
-2442
-2665
-2651
-2497
-2310
-1948
-1594
-1198
-724
-458
-344
-326
-413
-538
-748
-1032
-1334
-1525
-1531
-1270
-989
-715
-535
-277
-219
-209
56
288
366
262
30
-353
-935
-1707
-2602
-3427
-4164
-4692
-4795
-4608
-4374
-3955
-3167
-2351
-1518
-786
-110
189
70
-214
-644
-1266
-2049
-2703
-3088
-3277
-3075
-2653
-1865
-861
46
840
1401
1652
1717
1454
947
438
-38
-655
-1147
-1468
-1509
-1419
-1128
-652
27
609
958
1271
1414
1316
1193
993
814
603
361
26
-28
98
197
409
678
925
1091
1268
1454
1620
1387
1193
1111
943
890
804
766
713
732
935
1018
981
764
661
541
330
85
-158
-371
-503
-519
-396
-226
-90
-102
-151
-146
-114
-13
47
-128
-261
-354
-182
178
923
