-5034
-4635
-4314
-3977
-3746
-3601
-3600
-3886
-4093
-4186
-4357
-4590
-4619
-4474
-4196
-3993
-3859
-3805
-3685
-3595
-3495
-3357
-3219
-3073
-3141
-3655
-4341
-4894
-5496
-6380
-7114
-7712
-8173
-8230
-8079
-7699
-6941
-5957
-5105
-4258
-3495
-3145
-3330
-4022
-4753
-5475
-6142
-6628
-6946
-6995
-6841
-6382
-5604
-4597
-3596
-2817
-2310
-1808
-1610
-1925
-2315
-2781
-3432
-4089
-4694
-4998
-4978
-4717
-4194
-3521
-3032
-2685
-2343
-2131
-2077
-2178
-2832
-3825
-4820
-5271
-5372
-5035
-4115
-2936
-1794
-1022
-996
-1457
-2570
-4153
-5949
-7748
-9536
-10825
-11403
-11421
-10584
-9068
-7332
-5629
-4484
-4175
-4529
-5551
-6810
-8469
-10326
-11949
-12812
-12720
-11791
-10257
-7863
-5116
-2539
-422
1125
1898
1696
707
-458
-1570
-3110
-4758
-5972
-6386
-5617
-3975
-1500
1521
4202
6112
7133
7056
6032
4345
2204
-100
-2524
-4706
-6118
-6541
-6133
-4804
-3130
-1550
-63
1098
1593
1106
-4
-1763
-3751
-5630
-7571
-9113
-10208
-10399
-9542
-8116
-6479
-4961
-3750
-3083
-3000
-3354
-4245
-5727
-7283
-8874
-10469
-11738
-12244
-12077
-11637
-10655
-9149
-7728
-6446
-5320
-4757
-4886
-5430
-6025
-7029
-8413
-9900
-10963
-11577
-11804
-11486
-10999
-9830
-8468
-7315
-6242
-5309
-4589
-4105
-3908
-3860
-4023
-4277
-4411
-4247
-3941
-3499
-3030
-2574
-1998
-1471
-1051
-760
-601
-613
-972
-1281
-1543
-1595
-1713
-1919
-2011
-1839
-1708
-1664
-1771
-1770
-1857
-1847
-1801
-2007
-2310
-2661
-2934
-3321
-3900
-4586
-5148
-5651
-5987
-6177
-6120
-5833
-5486
-4985
-4344
-3687
-3083
-2721
-2565
-2727
-3383
-4314
-5242
-6044
-6859
-7605
-7972
-8105
-7920
-7317
-6497
-5704
-4996
-4471
-4096
-4004
-4015
-4299
-4645
-4992
-5423
-5621
-5602
-5402
-4918
-4266
-3402
-2378
-1503
-849
-233
423
851
1018
1245
1367
1279
942
206
-873
-1969
-2914
-3983
-4926
-4874
-3755
-1906
-15
1818
3365
4501
5153
5148
4262
2559
551
-1446
-3093
-4107
-4238
-3666
-2349
-161
2147
4208
5562
6266
6415
5829
4477
2841
1182
-290
-1322
-1647
-1285
-190
1568
3663
5489
6753
7265
7304
7226
7046
6574
6324
6339
6566
6689
6598
6417
5990
5446
4563
3534
2480
1457
638
-146
-466
-198
536
1634
2700
3687
4373
4690
4673
4209
3463
2395
1020
-94
-1037
-1726
-2000
-1881
-1555
-998
-249
386
823
1008
888
539
-64
-930
-2063
-3016
-3795
-4228
-4511
-4555
-4454
-4368
-4013
-3669
-3470
-3350
-3419
-3695
-4033
-4122
-4230
-4465
-4781
-4763
-4454
-4329
-4279
-3893
-3482
-3361
-3292
-3332
-3525
-3666
-3835
-4083
-4159
-4212
-4205
-3988
-3525
-2991
-2514
-2110
-1564
-1063
-869
-925
-1083
-1428
-1837
-2164
-2722
-3025
-2971
-3074
-3104
-3052
-2677
-2259
-2160
-1960
-1678
-1503
-1461
-1371
-1578
-2208
-3297
-4646
-5999
-7172
-8163
-8820
-9231
-9444
-9425
-9004
-8207
-7030
-5840
-5127
-4629
-4456
-4561
-5067
-5973
-6926
-7936
-8785
-9405
-9777
-9756
-9481
-9132
-8477
-7432
-6561
-6037
-5771
-5608
-5604
-6019
-6621
-7109
-7558
-8024
-8200
-8163
-7983
-7538
-6983
-6270
-5571
-4880
-4388
-4166
-3828
-3291
-2955
-2934
-2815
-2703
-2463
-2134
-1926
-1730
-1288
-1002
-659
-384
-297
-309
-401
-503
-631
-710
-767
-811
-742
-803
-767
-865
-788
-632
-715
-823
-1040
-1163
-1338
-1737
-2025
-2166
-2209
-2337
-2410
-2298
-2273
-2108
-1921
-1745
-1664
-1545
-1652
-1960
-2452
-2941
-3469
-3896
-3689
-2788
-1670
-441
465
984
914
318
-816
-2244
-3785
-5280
-6521
-7254
-7678
-7570
-6733
-5461
-3928
-2455
-1449
-957
-1041
-1458
-2301
-3576
-5034
-6657
-7870
-8431
-8510
-8073
-7184
-6069
-4911
-3690
-2781
-2160
-1975
-2490
-3332
-4305
-5268
-6341
-7274
-7923
-8146
-7906
-7128
-6170
-5232
-4381
-3669
-3090
-2985
-2911
-3080
-3774
-4507
-5083
-5705
-6244
-6592
-6530
-6143
-5764
-5224
-4676
-4384
-4037
-3890
-4033
-4369
-4814
-5288
-5776
-6058
-6398
-6511
-6239
-6079
-6008
-5666
-5218
-5032
-5100
-5438
-5635
-5827
-6081
-6162
-6450
-6628
-6563
-6450
-6390
-6155
-5727
-5500
-5223
-5048
-4894
-4802
-4846
-4937
-5123
-5370
-6027
-6840
-7740
-8611
-9553
-10176
-10414
-10399
-10103
-9567
-8769
-7905
-6970
-6050
-5448
-5142
-5307
-5789
-6448
-7265
-8124
-8940
-9417
-9420
-9130
-8632
-7866
-6939
-5994
-5108
-4291
-3799
-3585
-3527
-3669
-3901
-4446
-4979
-5558
-5936
-5958
-5796
-5376
-4618
-3737
-2946
-2352
-1901
-1447
-1188
-1046
-1068
-1307
-1347
-1405
-1501
-1434
-1212
-953
-578
-363
-41
287
645
878
1078
1117
999
917
701
571
594
563
508
624
618
539
502
304
162
-39
-195
-408
-508
-648
-930
-877
-708
-560
-360
-127
-126
-268
-314
-140
-50
-281
-800
-1472
-2021
-2139
-1584
-626
621
2047
3300
3930
4157
4018
3278
1994
443
-944
-2049
-2944
-3582
-3508
-2790
-1733
-350
1133
2120
2628
2642
2218
1497
467
-671
-1832
-3077
-3853
-4117
-3902
-3239
-2310
-1330
-338
560
1037
1030
741
288
-347
-1257
-2335
-3409
-4161
-4518
-4477
-3977
-3254
-2285
-1299
-775
-345
-109
-203
-636
-1275
-1915
-2545
-3321
-3867
-4157
-4160
-4027
-3506
-2955
-2575
-2160
-1809
-1673
-1853
-1989
-2306
-2726
-3109
-3540
-3778
-3859
-3865
-3694
-3367
-3060
-2763
-2541
-2425
-2362
-2456
-2453
-2544
-2967
-3533
-3800
-3669
-3478
-3305
-3025
-2725
-2452
-2367
-2305
-2145
-1977
-1793
-1721
-1905
-2326
-3016
-3658
-4329
-5147
-6059
-6904
-7211
-7334
-7238
-6904
-6189
-5360
-4405
-3544
-3000
-2595
-2495
-2854
-3669
-4534
-5295
-6025
-6655
-6985
-7078
-6969
-6328
-5281
-4233
-3219
-2409
-1881
-1706
-1658
-1661
-2074
-2706
-3332
-3857
-4089
-4229
-4249
-3829
-3174
-2589
-2068
-1498
-870
-408
-97
5
-70
-118
-302
-493
-592
-691
-669
-420
-119
236
620
994
1523
1782
1728
1570
1608
1760
1806
1630
1496
1424
1380
1459
1527
1643
1701
1650
1440
1181
1078
896
570
492
573
528
434
306
293
310
386
502
546
459
338
141
-195
-801
-1375
-1742
-1726
-1030
211
1771
3190
4123
4508
4377
3649
2520
1186
-122
-1423
-2665
-3464
-3768
-3452
-2291
-956
252
1468
2357
2658
2335
1670
814
-367
-1815
-3306
-4097
-4493
-4673
-4297
-3261
-2090
-1148
-291
504
765
542
154
-576
-1647
-2761
-3724
-4488
-5002
-5078
-4726
-4336
-3490
-2292
-1503
-964
-772
-727
-798
-1359
-2164
-3074
-3795
-4296
-4713
-4892
-4838
-4530
-3906
-3404
-2993
-2704
-2428
-2420
-2614
-2835
-3363
-3933
-4309
-4580
-4688
-4617
-4474
-4082
-3904
-3624
-3260
-3151
-3015
-2951
-3131
-3565
-3875
-4168
-4249
-4091
-4135
-4208
-4127
-3711
-3555
-3383
-3182
-3075
-3048
-3067
-2967
-3082
-3416
-3891
-4395
-5223
-6278
-7223
-8016
-8516
-8778
-8693
-8207
-7442
-6578
-5841
-5069
-4335
-3915
-3771
-4100
-4706
-5443
-6139
-6955
-7690
-8243
-8441
-8073
-7347
-6511
-5679
-4816
-3862
-3179
-2869
-2794
-2935
-3144
-3617
-4237
-4664
-4832
-4897
-4797
-4565
-4149
-3473
-2690
-1876
-1327
-1014
-933
-815
-587
-621
-855
-1060
-1063
-1096
-862
-645
-415
67
381
616
945
1305
1647
1671
1530
1421
1371
1414
1402
1279
1107
1066
1201
1293
1256
1336
1488
1389
1058
789
749
555
303
272
374
428
572
639
699
770
799
812
687
496
159
-529
-1415
-2182
-2622
-2568
-1940
-931
331
1480
2135
2476
2380
1676
744
-192
-1073
-1749
-2226
-2327
-2079
-1330
-330
703
1627
2210
2463
2280
1735
910
-180
-1258
-2339
-3313
-3714
-3643
-3206
-2449
-1430
-179
973
1618
1778
1697
1439
893
10
-915
-1727
-2308
-2650
-2781
-2606
-1947
-1108
-162
683
1105
1422
1699
1618
1121
393
-306
-1119
-1880
-2234
-2353
-2313
-1941
-1370
-836
-262
288
588
623
350
35
-374
-1013
-1520
-2037
-2516
-2855
-2848
-2646
-2398
-2255
-2170
-2045
-1938
-1968
-2092
-2289
-2453
-2570
-2726
-2998
-3140
-3149
-3189
-3087
-2981
-2907
-2755
-2690
-2558
-2329
-2128
-2275
-2610
-2994
-3461
-4154
-5034
-5970
-6806
-7382
-7942
-8195
-7827
-7039
-6199
-5267
-4411
-3694
-3180
-3018
-3211
-3615
-4148
-4671
-5536
-6285
-6614
-6822
-6732
-6176
-5468
-4541
-3455
-2361
-1535
-1060
-912
-1038
-1380
-1713
-2155
-2666
-3088
-3306
-3189
-2818
-2353
-1753
-865
-171
333
919
1328
1459
1464
1355
1212
952
768
747
676
666
939
1169
1592
2141
2454
2581
2624
2600
2599
2601
2478
2370
2264
2253
2203
2103
2112
2072
2076
1969
1702
1647
1512
1382
1363
1315
1293
1169
909
767
780
919
920
1026
1013
1079
1202
1168
1071
684
337
320
880
1853
2988
4352
5711
6696
7079
6790
5915
4437
2636
793
-1071
-2838
-3907
-4271
-3872
-2843
-1094
949
2921
4400
5275
5565
5158
4201
2729
1103
-612
-2197
-3254
-3918
-3953
-3448
-2378
-924
379
1289
1794
1964
1692
1108
291
-785
-2078
-3433
-4468
-4998
-5023
-4687
-4024
-3079
-1926
-1021
-314
105
162
-110
-738
-1582
-2340
-3151
-3827
-4189
-4411
-4513
-4384
-4150
-3630
-3216
-2959
-2804
-2741
-2865
-3142
-3417
-3718
-3906
-3823
-3861
-3768
-3355
-2774
-2354
-2092
-1976
-1931
-1837
-1776
-1857
-2047
-2263
-2480
-2594
-2660
-2637
-2270
-1969
-1633
-1281
-912
-763
-624
-426
-352
-430
-621
-1119
-1895
-2712
-3514
-4232
-4933
-5472
-5677
-5838
-5719
-5369
-4710
-3794
-2933
-2057
-1398
-1188
-1352
-1888
-2609
-3409
-4236
-5219
-6022
-6170
-6048
-5722
-5249
-4572
-3781
-3034
-2263
-1772
-1583
-1575
-1872
-2130
-2622
-3301
-3784
-4174
-4349
-4309
-4185
-3813
-3116
-2321
-1721
-1137
-677
-352
-255
-274
-461
-610
-709
-858
-725
-547
-310
30
289
609
994
1398
1657
1772
1927
1939
1807
1812
1836
1934
1965
2006
2062
2104
2034
2128
2143
1995
1963
1985
1809
1699
1504
1287
1204
1279
1361
1380
1533
1803
1911
1823
1637
1513
1509
1187
579
-254
-930
-1117
-796
-58
1019
2182
3086
3431
3380
2851
1994
1010
-108
-1455
-2598
-3095
-2938
-2262
-1267
24
1257
2465
3409
3733
3413
2749
1728
277
-1295
-2768
-3825
-4240
-4143
-3649
-2732
-1621
-408
656
1402
1808
1897
1510
751
-114
-1138
-2197
-2930
-3271
-3217
-2801
-2208
-1339
-349
461
1060
1482
1634
1490
1047
365
-436
-1191
-1689
-2114
-2375
-2335
-1926
-1321
-720
-156
413
730
761
559
200
-350
-809
-990
-1178
-1405
-1594
-1720
-1638
-1379
-1021
-835
-939
-1015
-974
-1110
-1419
-1584
-1853
-2123
-2433
-2395
-2252
-2139
-1941
-1891
-1852
-1733
-1635
-1555
-1500
-1378
-1431
-1760
-2438
-3142
-3920
-4960
-5942
-6601
-7020
-7064
-7221
-7081
-6457
-5797
-4792
-3672
-3014
-2715
-2509
-2521
-2981
-3694
-4490
-5398
-6134
-6524
-6472
-6263
-5751
-4833
-3743
-2772
-1951
-1243
-771
-562
-574
-925
-1410
-1964
-2399
-2731
-2880
-2558
-2071
-1576
-948
2
800
1333
1638
1938
2241
2227
2277
2270
2101
1921
2055
2174
2186
2423
2665
2995
3344
3631
3825
3912
4061
4170
4128
4006
3793
3629
3580
3573
3631
3722
3721
3534
3387
3424
3355
3284
3114
2898
2769
2605
2583
2560
2505
2504
2584
2644
2623
2576
2646
2667
2459
1927
1283
676
197
156
702
1862
3222
4493
5492
6064
6128
5579
4699
3544
2347
1134
-59
-933
-1206
-831
-41
1152
2728
3983
4707
5125
5092
4636
3914
2757
1396
30
-1019
-1574
-1751
-1355
-543
341
1389
2398
3148
3541
3370
3111
2451
1614
671
-399
-1340
-1938
-2073
-1789
-1224
-400
546
1347
2032
2423
2605
2528
2012
1061
65
-625
-1235
-1746
-1964
-1893
-1550
-1328
-1031
-592
-150
67
208
100
-330
-732
-1152
-1617
-2009
-2369
-2281
-2069
-1983
-1738
-1280
-909
-758
-686
-598
-740
-1058
-1310
-1475
-1658
-1885
-1981
-1781
-1606
-1450
-1234
-941
-868
-787
-710
-571
-510
-567
-616
-920
-1643
-2474
-3370
-4267
-5007
-5659
-5891
-5852
-5710
-5332
-4753
-3808
-2799
-2014
-1520
-1354
-1507
-1965
-2374
-3120
-3889
-4507
-4932
-5230
-5254
-4846
-4122
-3140
-2156
-1347
-770
-430
-294
-452
-893
-1312
-1811
-2216
-2579
-2929
-3058
-2807
-2133
-1473
-842
-133
579
895
1126
1274
1353
1402
1242
1031
880
816
830
878
1000
1577
2120
2467
2684
2951
3152
3030
3003
2983
2855
2684
2688
2714
2853
2832
2968
3161
3178
2985
2704
2630
2598
2559
2504
2260
2070
1857
1811
1895
1967
2029
2106
2204
2136
2046
2075
2102
2066
1706
896
141
-43
242
992
2309
3749
5074
5993
6183
5677
4693
3606
2409
1160
35
-1089
-1758
-1818
-1388
-290
1221
2580
3581
4286
4475
4085
3285
2265
922
-444
-1473
-2163
-2531
-2476
-1845
-941
25
1083
1989
2513
2613
2355
1747
953
-55
-1285
-2337
-2910
-3119
-2859
-2468
-1852
-995
-66
667
1043
1235
1362
1157
464
-290
-938
-1453
-1954
-2570
-2751
-2514
-2022
-1365
-790
-315
-4
23
-82
-213
-504
-1142
-1686
-1957
-2037
-2060
-2085
-1993
-1786
-1525
-950
-485
-285
-449
-667
-811
-1051
-1246
-1362
-1686
-1967
-1880
-1647
-1549
-1337
-895
-572
-509
-478
-377
-238
-257
-377
-721
-1455
-2167
-2934
-3726
-4588
-5287
-5641
-5771
-5746
-5362
-4669
-3854
-3009
-2174
-1700
-1362
-1064
-1399
-2036
-2853
-3663
-4358
-4950
-5198
-5331
-4933
-4152
-3372
-2643
-1876
-1106
-527
-48
0
-257
-524
-911
-1351
-1919
-2234
-2148
-1834
-1605
-1211
-480
459
1073
1338
1729
2159
2228
2146
2037
2066
2105
2044
2087
2132
2177
2509
2874
3300
3521
3637
3832
4028
4276
4540
4492
4327
4298
4338
4395
4286
4213
4184
4206
4142
4138
4077
3963
3799
3606
3325
3101
3184
3334
3212
3180
3275
3480
3566
3371
3254
3298
3451
3350
2914
2489
1934
1549
1628
2382
3388
4563
5968
6942
7181
6949
6182
5066
3987
2870
1635
573
-159
-348
173
1226
2565
3847
4882
5496
5627
5444
4902
4025
2860
1588
437
-526
-1156
-1148
-623
242
1431
2469
3214
3796
3957
3696
3310
2603
1804
956
33
-801
-1247
-1243
-818
-161
616
1424
2083
2591
2922
3044
2852
2377
1692
865
2
-572
-823
-889
-810
-515
-189
255
653
973
1115
1080
1025
619
168
-244
-657
-1044
-1231
-1077
-851
-629
-297
40
379
649
757
622
411
88
-345
-610
-682
-682
-695
-763
-617
-432
-285
-84
183
411
546
665
787
715
354
-214
-812
-1641
-2589
-3434
-4055
-4601
-4851
-4919
-4673
-4103
-3264
-2505
-1767
-1045
-414
-291
-658
-1234
-2048
-2829
-3411
-3875
-4188
-4289
-4046
-3715
-2975
-2164
-1439
-604
78
469
521
325
14
-464
-859
-1247
-1596
-1944
-2020
-1663
-1085
-542
70
657
1223
1560
1581
1401
1355
1253
847
395
274
495
922
1358
1734
2020
2026
1913
1503
871
287
-66
-241
-298
-301
152
989
1967
2864
3343
3525
3258
2630
1793
869
-99
-785
-682
-99
608
1459
2386
3657
5041
5841
6163
6169
5699
4965
4099
3204
2460
1970
1816
1842
2133
2867
4376
6164
7638
8745
9249
8985
8249
7021
5362
3632
2124
753
-199
-433
-8
737
1758
2948
3905
4546
5038
5067
4476
3536
2270
959
-289
-1389
-2061
-2458
-2461
-1965
-1089
-135
695
1361
1669
1701
1387
932
411
-612
-1975
-2974
-3588
-4127
-4308
-3962
-3137
-2237
-1463
-752
-73
273
189
-88
-610
-1344
-2066
-2637
-3010
-3073
-3060
-2864
-2316
-1651
-862
-286
117
350
466
534
322
-57
-312
-484
-486
-479
-371
83
484
745
1089
1300
1453
1506
1563
1505
1287
950
536
402
371
534
590
626
659
763
692
683
811
1012
1175
1123
938
748
391
-218
-1085
-2012
-2820
-3483
-4009
-4494
-4811
-4796
-4342
-3745
-3048
-2191
-1421
-1089
-870
-1000
-1512
-2201
-3059
-4010
-4891
-5384
-5414
-5191
-4775
-4433
-3679
-2569
-1731
-1120
-946
-1120
-1294
-1496
-1972
-2598
-3179
-3559
-3697
-3652
-3486
-3205
-2600
-1804
-1278
-823
-454
-140
77
200
250
-167
-750
-1187
-1662
-1816
-1789
-1478
-896
-442
209
898
1380
1799
1914
1628
1190
504
-206
-674
-931
-995
-777
-482
-92
502
1152
1492
1547
1507
1350
754
-123
-947
-1612
-2148
-2473
-2537
-2233
-1742
-1346
-969
-472
-219
-308
-803
-1949
-3337
-4707
-5402
-5352
-4651
-3142
-1416
64
1314
1878
1656
945
-218
-1648
-3338
-5143
-6651
-7366
-7266
-6703
-5490
-3884
-2310
-762
273
720
526
-17
-951
-2278
-3816
-5208
-6147
-6475
-6265
-5523
-4193
-2555
-1239
-240
506
744
531
121
-341
-1270
-2386
-3302
-3910
-4264
-4092
-3443
-2637
-1644
-581
277
956
1425
1568
1224
762
87
-758
-1306
-1835
-2238
-2148
-1679
-1122
-649
-39
438
824
960
770
637
625
237
-332
-749
-1053
-1193
-1015
-729
-616
-377
-52
357
627
664
522
324
233
17
-286
-451
-596
-665
-468
-124
-48
71
402
694
929
1100
1377
1561
1438
1137
649
-11
-815
-1483
-2194
-2866
-3201
-3170
-2986
-2427
-1615
-750
198
1155
1782
2113
2163
1934
1477
903
212
-357
-890
-1023
-917
-430
261
1064
1908
2735
3553
4165
4325
4323
4118
3561
2784
2150
1760
1638
1609
1754
1945
2271
2764
3310
3816
4099
4153
4228
4102
3743
3432
3264
2951
2751
2638
2770
2746
2822
3022
3282
3501
3736
3812
3744
3634
3470
3243
3227
3020
2866
2775
2787
2759
2815
3092
3143
2945
2823
2781
2677
2542
2300
2027
1721
1622
1621
1845
2080
2172
2231
2253
2279
2182
1957
1896
1521
806
295
95
70
695
1865
3111
4451
5449
5854
5706
5130
4276
3132
1869
754
-21
-413
-496
-145
772
2168
3634
4698
5370
5755
5593
4869
3972
2943
1685
451
-264
-570
-522
-103
618
1831
3071
3863
4256
4410
4265
3897
3373
2611
1594
706
19
-288
-326
110
963
1773
2472
2998
3505
3896
3995
3746
3098
2345
1606
901
487
220
218
408
720
1152
1554
1944
2270
2492
2593
2442
2087
1737
1558
1156
629
318
321
557
988
1233
1236
1387
1666
1853
1970
2038
1767
1456
1311
1169
900
684
768
1158
1600
1986
2281
2314
2480
2598
2550
2483
2434
2323
2008
1425
655
-256
-1112
-1820
-2239
-2398
-2207
-1867
-1372
-668
74
717
1346
1965
2249
2030
1463
769
106
-605
-1221
-1542
-1592
-1416
-958
-224
477
1271
2269
2974
3152
3005
2626
2199
1452
746
258
-250
-391
-251
47
357
808
1341
1703
1967
2242
2234
2142
1824
1404
1200
859
550
459
643
779
728
751
941
1274
1557
1651
1623
1550
1552
1391
922
782
775
845
871
934
965
969
1078
1005
850
611
310
67
-127
-160
-80
-239
-487
-393
-246
-276
-337
-316
-177
-10
67
-195
-528
-1043
-1449
-1700
-1810
-1218
-63
1499
2973
4043
4668
4521
3629
2436
1030
-349
-1782
-2968
-3854
-4312
-3907
-2813
-1345
158
1481
2572
3274
3316
2746
1759
492
-814
-2166
-3474
-4164
-4232
-4027
-3267
-2318
-1229
46
903
1414
1620
1276
494
-495
-1541
-2498
-3347
-3795
-4024
-3984
-3482
-2576
-1607
-629
169
571
831
807
332
-380
-1173
-1876
-2477
-2808
-2987
-3000
-2805
-2345
-1785
-1339
-977
-763
-566
-455
-623
-894
-1219
-1595
-1918
-1978
-1839
-1808
-1504
-1129
-812
-565
-412
-30
261
205
-92
-360
-411
-237
-427
-663
-546
-346
-94
156
522
748
1046
1299
1324
1293
1342
1211
929
400
-324
-1229
-2095
-2715
-3047
-3385
-3553
-3363
-2704
-1834
-1048
-177
412
1039
1555
1478
928
381
-295
-1077
-1859
-2354
-2393
-2336
-1932
-1227
-360
623
1349
1994
2268
2341
2191
1704
1203
666
-5
-577
-927
-1032
-884
-628
-105
308
907
1482
1775
1925
2031
1848
1577
1279
897
613
418
368
464
578
892
1150
1420
1644
1912
2038
2115
2052
1897
1759
1746
1790
1601
1448
1316
1391
1564
1707
1711
1604
1540
1416
1281
1090
845
875
804
637
601
576
739
718
793
921
914
886
817
661
313
98
-121
8
632
