-5421
-4921
-4586
-4366
-4241
-4159
-4171
-4369
-4470
-4579
-4868
-5127
-5086
-4829
-4617
-4594
-4351
-4004
-3811
-3648
-3443
-3346
-3442
-3430
-3593
-4066
-4472
-5071
-6047
-7092
-7909
-8414
-8706
-8757
-8545
-8023
-7035
-6166
-5409
-4657
-3995
-3555
-3563
-3871
-4480
-5346
-6330
-7292
-7789
-7723
-7374
-6773
-5978
-5117
-4253
-3345
-2638
-2298
-2141
-2285
-2818
-3502
-4086
-4680
-5378
-5737
-5920
-5907
-5627
-5004
-4289
-3574
-2916
-2663
-2787
-3127
-3636
-4413
-5251
-5783
-5972
-5683
-4954
-3879
-2609
-1686
-1377
-1781
-2895
-4449
-6255
-8293
-10134
-11252
-11929
-12018
-11320
-9793
-7880
-6264
-5215
-4827
-5082
-6018
-7412
-8990
-10628
-12126
-13012
-13171
-12374
-10578
-8319
-5791
-3302
-1137
406
1228
1132
461
-484
-1793
-3564
-5372
-6512
-7070
-6768
-5211
-2715
192
2839
4922
6043
6175
5331
3854
2035
-130
-2443
-4504
-5921
-6531
-6364
-5542
-4186
-2424
-813
258
540
163
-765
-2387
-4488
-6563
-8378
-9661
-10381
-10529
-9953
-8701
-7128
-5675
-4468
-3754
-3517
-3985
-4903
-6043
-7402
-9014
-10670
-11803
-12232
-12260
-11962
-11261
-9936
-8450
-6909
-5618
-4847
-4811
-5176
-6105
-7251
-8744
-10170
-11162
-11698
-11839
-11384
-10793
-9906
-8689
-7437
-6276
-5164
-4288
-3733
-3661
-3863
-3952
-4025
-3986
-4025
-3939
-3690
-3249
-2595
-2169
-1779
-1231
-947
-844
-857
-1242
-1596
-1848
-2031
-2223
-2416
-2370
-2321
-2265
-2269
-2274
-2462
-2717
-2895
-3074
-3159
-3215
-3290
-3634
-4266
-4875
-5362
-6006
-6659
-7021
-7085
-7073
-7033
-6717
-6078
-5263
-4355
-3645
-3454
-3470
-3680
-3973
-4832
-6028
-6921
-7723
-8412
-8955
-9159
-8726
-7899
-7006
-6353
-5875
-5220
-4651
-4466
-4351
-4440
-4653
-5037
-5594
-6034
-6047
-5620
-5158
-4587
-3559
-2584
-1634
-798
-57
490
934
1289
1338
1383
1229
927
359
-506
-1487
-2788
-3944
-4593
-4526
-3692
-2177
-428
1250
2819
4002
4788
4859
4011
2492
532
-1552
-3453
-4481
-4761
-4177
-2749
-864
1306
3328
4858
5731
5967
5375
4126
2503
818
-753
-2025
-2559
-2260
-1233
409
2408
4392
5908
6657
6717
6404
5836
5363
5147
5257
5586
5998
6241
6071
5733
5308
4560
3564
2474
1279
307
-407
-776
-762
-258
455
1533
2720
3535
4075
4219
3849
3195
2116
904
-344
-1609
-2590
-2850
-2726
-2240
-1500
-643
220
830
1276
1381
946
314
-523
-1584
-2746
-3738
-4371
-4793
-4962
-4895
-4677
-4419
-4108
-3956
-3709
-3523
-3684
-3952
-4292
-4555
-4777
-5042
-5236
-5157
-4858
-4515
-4168
-3986
-3662
-3449
-3591
-3775
-3779
-3962
-4337
-4546
-4507
-4485
-4422
-4213
-3750
-3248
-2657
-2058
-1673
-1505
-1366
-1432
-1684
-2018
-2460
-2993
-3312
-3513
-3611
-3646
-3531
-3289
-3226
-3017
-2584
-2279
-2075
-1942
-2032
-2539
-3307
-4356
-5537
-6811
-8093
-9287
-10172
-10712
-10862
-10590
-9821
-9000
-8076
-6857
-5939
-5468
-5217
-5255
-5937
-6749
-7386
-8465
-9666
-10498
-10794
-10674
-10295
-9725
-8782
-7685
-6919
-6524
-6230
-5983
-6103
-6400
-6869
-7547
-8317
-8925
-9082
-8883
-8502
-7967
-7316
-6555
-5794
-5104
-4448
-4023
-3855
-3586
-3403
-3293
-3004
-2700
-2615
-2575
-2373
-2018
-1778
-1409
-902
-699
-572
-535
-680
-768
-930
-928
-983
-1247
-1411
-1508
-1481
-1554
-1578
-1505
-1463
-1373
-1412
-1613
-1857
-2121
-2318
-2624
-2813
-3100
-3145
-2881
-2692
-2647
-2638
-2529
-2158
-2101
-2216
-2411
-2953
-3829
-4593
-4619
-4059
-3377
-2156
-629
541
1057
875
138
-1121
-2574
-4104
-5643
-6792
-7562
-8025
-7871
-7086
-5859
-4582
-3158
-1960
-1317
-1436
-2022
-2859
-4106
-5684
-7096
-8203
-8887
-9103
-8690
-7762
-6786
-5661
-4334
-3220
-2687
-2595
-2688
-3130
-4012
-5228
-6456
-7548
-8459
-8899
-8574
-7686
-6782
-5883
-4951
-3987
-3400
-3142
-3163
-3506
-3974
-4602
-5319
-6006
-6769
-7156
-7208
-6885
-6479
-6053
-5447
-4907
-4679
-4619
-4667
-4940
-5400
-5826
-6202
-6491
-6735
-6938
-6817
-6576
-6386
-6211
-6108
-5880
-5738
-5737
-5749
-6042
-6306
-6631
-6919
-6963
-6966
-6927
-6884
-6605
-6358
-6033
-5699
-5479
-5229
-5034
-4854
-4953
-5383
-5988
-6600
-7235
-8228
-9454
-10345
-10923
-11301
-11153
-10599
-10087
-9429
-8565
-7639
-6720
-6138
-5733
-5727
-6161
-6782
-7612
-8657
-9406
-9828
-9992
-9887
-9448
-8555
-7350
-6251
-5212
-4351
-3857
-3773
-3861
-4098
-4528
-5064
-5655
-6086
-6289
-6193
-5810
-5406
-4919
-4254
-3385
-2531
-1968
-1599
-1478
-1396
-1328
-1195
-1276
-1457
-1483
-1441
-1303
-1025
-759
-466
-109
193
575
913
1033
877
691
726
615
442
428
455
557
561
494
446
460
260
113
-58
-390
-757
-829
-783
-792
-750
-662
-613
-497
-350
-394
-283
-93
45
-29
-294
-798
-1491
-1974
-2140
-1680
-777
581
1938
3244
4275
4615
4366
3518
2339
1032
-556
-1953
-3000
-3692
-3803
-3158
-2032
-734
473
1742
2605
2886
2558
1829
857
-467
-1782
-2988
-3984
-4319
-4207
-3608
-2697
-1635
-505
494
1209
1441
1187
554
-259
-1280
-2394
-3480
-4210
-4529
-4408
-4036
-3413
-2592
-1768
-1052
-514
-263
-181
-530
-1212
-2043
-2915
-3394
-3727
-4235
-4542
-4609
-4110
-3415
-2869
-2468
-2131
-1856
-1752
-2069
-2422
-2792
-3229
-3710
-4129
-4251
-4072
-3892
-3582
-3248
-2859
-2487
-2148
-2089
-2329
-2583
-2822
-3143
-3444
-3444
-3379
-3441
-3437
-3390
-3013
-2567
-2482
-2408
-2128
-1984
-1894
-1988
-2255
-2647
-3265
-4153
-4968
-5770
-6626
-7331
-7839
-7981
-7811
-7312
-6498
-5688
-4955
-4092
-3440
-3052
-3010
-3321
-3947
-4799
-5923
-6874
-7512
-7799
-7641
-7316
-6741
-5792
-4638
-3682
-3013
-2459
-2151
-2144
-2302
-2702
-3291
-3895
-4486
-4810
-4892
-4782
-4364
-3828
-3252
-2427
-1577
-1133
-778
-438
-256
-314
-528
-746
-953
-1061
-1175
-981
-742
-515
-173
268
755
1128
1303
1439
1523
1510
1281
1150
1146
1216
1210
1081
1011
1065
1186
1147
912
796
750
617
426
236
44
-80
-318
-419
-197
-226
-182
-191
-193
-59
-70
-170
-295
-673
-1280
-2206
-2671
-2285
-1354
-258
1138
2570
3645
4223
4056
3369
2212
1006
-243
-1818
-3209
-4112
-4241
-3915
-3123
-1903
-389
979
1602
1857
1935
1552
562
-817
-2157
-3667
-4828
-5407
-5466
-5121
-4161
-2940
-1920
-895
-271
25
136
-131
-871
-1789
-2900
-3922
-4845
-5483
-5611
-5329
-4685
-3689
-2698
-1919
-1324
-997
-947
-1082
-1548
-2224
-3024
-3868
-4618
-5237
-5532
-5568
-5331
-4754
-4060
-3494
-3238
-3079
-3082
-3225
-3564
-3844
-4180
-4616
-4816
-4800
-4917
-4955
-4780
-4328
-3830
-3434
-3282
-3298
-3374
-3407
-3669
-3949
-4212
-4582
-4936
-5053
-4902
-4512
-4134
-3776
-3664
-3759
-3676
-3540
-3504
-3375
-3481
-3709
-4403
-5148
-5893
-6725
-7761
-8654
-9084
-9278
-9217
-8949
-8317
-7285
-6238
-5405
-4525
-3929
-3969
-4286
-4817
-5501
-6231
-7094
-7950
-8443
-8509
-8324
-7874
-7093
-6117
-4895
-3950
-3460
-3164
-3067
-3234
-3555
-4026
-4413
-4884
-5205
-5224
-5154
-4796
-4179
-3432
-2584
-1886
-1339
-755
-427
-458
-602
-716
-807
-895
-970
-876
-686
-679
-482
5
477
626
743
1089
1421
1557
1635
1618
1550
1434
1416
1456
1303
1330
1494
1551
1503
1279
1031
1114
1061
853
604
534
468
346
223
466
688
659
702
618
569
581
605
476
158
-571
-1621
-2586
-3158
-3159
-2523
-1389
-290
842
1711
1988
1834
1298
609
-275
-1144
-1630
-1941
-2071
-1878
-1296
-350
588
1436
1925
2262
2124
1440
542
-518
-1558
-2346
-3066
-3586
-3689
-3230
-2061
-796
304
1206
1826
2299
2392
1821
1127
477
-492
-1508
-2260
-2561
-2540
-2215
-1488
-644
377
1188
1731
2047
2072
1868
1281
535
-206
-956
-1515
-1922
-2018
-1908
-1708
-1221
-492
119
565
653
583
690
604
50
-857
-1652
-2172
-2538
-2714
-2752
-2868
-2774
-2537
-2313
-2112
-2004
-2169
-2327
-2462
-2708
-3059
-3350
-3510
-3512
-3424
-3475
-3498
-3346
-3198
-3223
-3207
-3017
-2760
-2787
-2967
-3240
-3620
-4119
-4874
-5841
-6729
-7514
-8151
-8620
-8861
-8688
-8074
-6973
-6035
-5267
-4505
-3893
-3587
-3627
-4088
-4721
-5380
-6088
-6689
-7151
-7258
-6974
-6554
-5856
-4774
-3711
-2798
-2021
-1517
-1235
-1225
-1522
-1830
-2027
-2269
-2571
-2955
-3026
-2680
-2194
-1591
-1027
-222
600
985
1232
1499
1545
1304
1044
944
923
862
701
633
774
1177
1571
1767
2073
2506
2646
2678
2626
2427
2310
2153
1970
1885
1871
1823
1817
1633
1569
1607
1452
1339
1310
1253
1099
948
801
478
279
173
195
245
327
415
459
529
543
700
746
469
305
547
1228
2138
3453
5080
6551
7530
7859
7598
6672
5006
2844
533
-1789
-3535
-4788
-5366
-4963
-3753
-1820
572
2780
4444
5630
6193
5710
4618
3127
1294
-669
-2532
-4069
-4897
-4915
-4316
-3248
-2010
-617
771
1863
2216
2089
1511
408
-1008
-2453
-3826
-5026
-5863
-6144
-5727
-4979
-4223
-3411
-2398
-1349
-696
-461
-652
-1162
-1745
-2411
-3215
-4230
-5069
-5464
-5522
-5426
-5254
-4978
-4489
-4155
-4017
-3848
-3882
-4106
-4395
-4449
-4518
-4541
-4272
-3994
-3673
-3409
-3112
-2585
-2226
-2184
-2391
-2550
-2642
-2720
-2929
-3174
-3208
-3084
-3095
-2721
-2197
-1751
-1325
-1148
-956
-722
-654
-758
-929
-965
-1284
-2126
-3008
-3795
-4690
-5610
-6094
-6417
-6482
-6318
-5881
-5129
-4160
-3166
-2428
-1925
-1683
-1637
-2010
-2821
-3764
-4656
-5621
-6487
-6970
-6914
-6517
-6105
-5234
-4273
-3480
-2711
-2254
-1839
-1738
-2207
-2840
-3531
-4282
-4874
-5201
-5508
-5485
-5121
-4541
-3939
-3222
-2455
-1822
-1293
-1074
-898
-915
-1059
-1166
-1260
-1396
-1391
-1438
-1301
-960
-592
-152
393
974
1271
1415
1501
1579
1595
1498
1536
1651
1593
1621
1573
1571
1683
1633
1628
1530
1357
1110
1153
1326
1214
1081
939
869
859
964
1171
1224
1256
1259
1381
1529
1325
823
123
-590
-1305
-1761
-1659
-953
-3
1066
2104
2725
2790
2220
1244
-25
-1220
-2320
-3280
-3852
-3815
-3165
-2015
-465
969
2129
3020
3422
3346
2631
1374
-171
-1703
-3076
-4290
-4985
-4967
-4526
-3573
-2290
-937
268
1287
2014
2268
1831
1162
385
-690
-1729
-2624
-3150
-3199
-2955
-2313
-1470
-425
668
1520
2065
2104
1721
1360
919
270
-432
-1181
-1841
-2134
-1954
-1606
-1182
-655
-86
402
579
891
1003
600
209
-64
-335
-639
-998
-1256
-1374
-1382
-1269
-871
-590
-689
-906
-1075
-1323
-1586
-1803
-2058
-2319
-2603
-2613
-2390
-2215
-2220
-2150
-2012
-1946
-1976
-1863
-1807
-1905
-2052
-2232
-2862
-3548
-4579
-5611
-6469
-7161
-7593
-7851
-7849
-7467
-6872
-6134
-5198
-4243
-3466
-2925
-2763
-2928
-3226
-3864
-4769
-5509
-6186
-6615
-6482
-6169
-5633
-4957
-4168
-3011
-1885
-1098
-691
-348
-259
-481
-1007
-1710
-2190
-2525
-2650
-2487
-1950
-1302
-728
-167
566
1375
1915
2253
2345
2367
2377
2263
2214
2016
1842
1870
1903
2123
2438
2742
3242
3690
3839
3840
3981
3907
3720
3454
3341
3286
3088
2969
2911
2884
2872
2871
3010
3007
2853
2746
2655
2233
1920
1810
1739
1683
1711
1750
1897
2005
2002
1834
1841
1876
1766
1448
750
119
-424
-572
14
1070
2523
4088
5222
5851
5884
5309
4411
3307
1939
605
-540
-1317
-1499
-1360
-709
513
1914
3366
4444
4919
4940
4497
3707
2622
1457
13
-1167
-1802
-2011
-1749
-1089
-24
1018
1891
2763
3382
3462
3300
2823
1883
780
-511
-1541
-2127
-2148
-1844
-1463
-781
122
878
1400
1732
1890
1830
1498
846
76
-775
-1692
-2216
-2450
-2509
-2297
-1888
-1510
-1020
-626
-322
-207
-311
-485
-830
-1315
-1848
-2252
-2550
-2489
-2299
-2147
-1883
-1649
-1228
-939
-865
-1011
-1255
-1349
-1500
-1801
-2053
-2253
-2247
-2159
-2067
-1915
-1589
-1235
-1032
-981
-1021
-861
-595
-537
-720
-1142
-1729
-2579
-3481
-4458
-5233
-5669
-5953
-5995
-5664
-5151
-4546
-3851
-2877
-1901
-1393
-1240
-1331
-1645
-2128
-3064
-4150
-4899
-5434
-5550
-5457
-5101
-4251
-3263
-2225
-1452
-902
-370
-147
-285
-630
-1116
-1768
-2337
-2641
-2907
-2955
-2787
-2455
-1882
-1033
-311
282
832
1207
1233
1259
1241
1157
944
671
694
899
1020
1262
1572
1884
2121
2380
2662
2745
2787
2901
3071
3062
3041
2865
2662
2584
2597
2710
2879
2893
2905
2762
2668
2676
2394
1953
1749
1713
1764
1910
1863
1981
2127
2135
2260
2246
2165
2211
2231
1932
1364
655
235
213
579
1446
2614
4003
5228
6051
6434
6080
5190
3936
2608
1372
118
-967
-1574
-1740
-1226
-178
1225
2677
3796
4500
4770
4500
3747
2546
1137
-129
-1259
-2234
-2780
-2699
-2259
-1392
-189
991
1874
2466
2604
2539
2089
1116
19
-1020
-1864
-2742
-3220
-3055
-2577
-1953
-1093
-99
749
1331
1513
1355
1042
574
-245
-1052
-1706
-2300
-2666
-2656
-2587
-2361
-1769
-1083
-628
-390
-294
-263
-407
-720
-1139
-1653
-2135
-2296
-2242
-2149
-1975
-1837
-1565
-1102
-748
-546
-506
-761
-917
-978
-1284
-1578
-1745
-1808
-1793
-1760
-1548
-1282
-1204
-1040
-882
-732
-639
-421
-372
-688
-915
-1319
-2242
-3296
-4278
-5171
-5829
-6241
-6221
-5956
-5547
-4968
-4313
-3414
-2562
-1957
-1615
-1666
-1963
-2497
-3237
-4026
-4687
-5159
-5530
-5625
-5285
-4619
-3857
-2917
-2000
-1278
-860
-455
-227
-370
-777
-1277
-1674
-2019
-2326
-2386
-2349
-2122
-1621
-899
-145
553
1141
1396
1740
1959
1833
1521
1357
1473
1554
1565
1609
1828
2074
2380
2732
3207
3448
3520
3642
3740
3703
3617
3440
3199
3227
3284
3296
3111
3105
3115
3109
3146
3027
2910
2834
2733
2561
2544
2413
2281
2272
2110
2126
2379
2645
2674
2447
2288
2167
2059
1687
1066
467
167
348
1277
2585
4009
5233
6063
6519
6429
5738
4783
3303
1899
770
-307
-1022
-1333
-1159
-238
1169
2595
3785
4735
5148
4893
4219
3099
1837
629
-682
-1651
-2185
-2221
-1805
-989
37
1115
2097
2863
3308
3093
2705
2081
1156
100
-959
-1737
-2261
-2451
-2296
-1644
-595
257
984
1585
1977
2034
1732
1109
407
-296
-854
-1408
-1917
-2247
-2281
-1929
-1390
-866
-334
114
498
524
219
-198
-486
-743
-1065
-1365
-1669
-1817
-1706
-1372
-977
-584
-232
-30
103
91
-86
-386
-632
-798
-973
-1017
-937
-781
-836
-857
-698
-342
-31
56
239
257
153
84
-39
-395
-1027
-1964
-2984
-3994
-4654
-5195
-5533
-5301
-4826
-4205
-3593
-2844
-1862
-1090
-702
-714
-894
-1245
-1869
-2726
-3606
-4193
-4506
-4598
-4323
-3886
-3137
-2125
-1169
-444
89
513
674
467
-2
-437
-927
-1251
-1613
-1946
-2061
-1780
-1182
-515
217
750
1219
1681
2077
2060
1744
1401
1086
868
955
1185
1345
1578
2056
2247
2444
2492
2142
1508
816
382
205
149
212
696
1685
2673
3245
3629
3851
3674
3118
2374
1588
745
60
-280
-100
799
1882
2989
4315
5487
6205
6650
6549
6118
5395
4623
3932
3082
2487
2112
2148
2579
3426
4855
6497
8163
9374
10008
9908
9084
7818
6253
4520
2966
1701
620
69
399
1168
2106
3336
4618
5508
5881
5829
5341
4483
3104
1709
419
-719
-1458
-1838
-1825
-1391
-713
261
1203
1927
2470
2667
2545
2009
1019
-55
-1025
-1799
-2538
-3117
-3239
-2995
-2530
-1835
-1047
-313
241
657
779
560
154
-456
-1342
-2075
-2489
-2540
-2416
-2145
-1699
-1129
-571
-4
574
1016
1056
1025
921
693
539
269
37
107
185
442
947
1436
1788
2017
2001
1924
1863
1902
1830
1559
1268
990
751
626
775
1086
1351
1445
1500
1482
1516
1443
1460
1539
1526
1322
869
148
-667
-1628
-2591
-3519
-4235
-4534
-4579
-4403
-3917
-3227
-2502
-1813
-1196
-769
-612
-726
-1114
-1588
-2304
-3225
-4227
-4776
-5022
-5076
-4684
-3996
-3044
-2201
-1567
-907
-453
-352
-499
-823
-1371
-2079
-2757
-3129
-3451
-3599
-3538
-3127
-2588
-2134
-1429
-573
-88
244
540
484
217
-41
-531
-1005
-1389
-1775
-1805
-1511
-1128
-416
318
1094
1654
1849
1947
1797
1358
694
87
-326
-777
-1040
-937
-560
-47
601
1145
1371
1540
1545
1362
665
-133
-998
-1740
-2170
-2404
-2496
-2347
-1896
-1417
-940
-630
-652
-734
-1065
-2015
-3219
-4390
-5236
-5440
-4667
-3369
-1731
-57
1306
1953
1889
1114
-147
-1689
-3476
-5071
-6581
-7626
-7932
-7378
-6103
-4299
-2385
-868
139
633
530
-6
-1126
-2511
-3968
-5443
-6554
-7025
-6689
-5868
-4741
-3337
-1824
-595
120
619
638
342
-218
-1131
-2347
-3577
-4370
-4765
-4557
-3929
-2896
-1739
-709
141
833
1122
1135
1058
734
172
-693
-1338
-1638
-1878
-2125
-2035
-1511
-885
-350
35
407
653
718
602
371
-69
-562
-953
-1219
-1314
-1402
-1192
-904
-511
8
202
265
404
508
441
-11
-502
-763
-957
-1110
-1073
-963
-729
-385
23
240
582
1012
1018
901
1074
1083
859
473
-150
-987
-1923
-2774
-3246
-3462
-3511
-3383
-2866
-1955
-1023
22
966
1715
1965
1949
1760
1403
698
-44
-542
-813
-1037
-980
-485
134
942
1880
2773
3624
4147
4462
4462
4017
3421
2816
2387
1826
1387
1278
1470
1886
2311
2674
3213
3657
4110
4454
4406
4184
3921
3662
3299
2974
2731
2791
2765
2689
2736
3016
3418
3622
3632
3770
3862
3616
3487
3417
3309
3103
2906
2862
2931
2931
2801
2778
2916
2894
2848
2726
2646
2536
2248
2024
1894
1798
1802
1884
1955
2064
2165
2185
2128
2027
2120
2062
1659
1108
504
52
255
943
2125
3657
5097
6243
6663
6552
5989
5035
3655
2327
1147
233
-384
-677
-443
454
1882
3431
4749
5705
6199
6109
5516
4457
3242
2022
748
-61
-569
-701
-305
501
1514
2506
3490
4282
4879
4857
4357
3678
2712
1678
928
74
-627
-856
-536
190
1079
1918
2675
3208
3660
3800
3510
3029
2402
1688
1068
421
-59
-259
-247
-3
534
1115
1483
1801
2111
2188
2159
1898
1539
1091
509
219
109
215
479
725
993
1354
1705
1987
2033
1969
1986
1926
1650
1353
1160
969
818
990
1315
1723
1843
1999
2210
2556
2830
2952
2859
2693
2385
1922
1264
430
-351
-1070
-1818
-2174
-2278
-2381
-2110
-1457
-736
110
1023
1745
2186
2337
2171
1774
1155
202
-816
-1429
-1617
-1606
-1368
-844
-259
474
1405
2062
2596
3044
2967
2480
2021
1403
647
-1
-397
-614
-603
-385
-11
368
837
1297
1690
1894
1966
1977
1766
1346
845
540
299
77
17
141
233
378
626
852
1004
1157
1260
1344
1280
914
711
516
394
414
430
413
316
197
274
408
355
150
-4
-120
-302
-517
-642
-754
-834
-828
-798
-669
-708
-814
-752
-608
-525
-669
-940
-1414
-2156
-2716
-2735
-2031
-906
498
1827
2997
3751
3803
3224
2201
1016
-361
-1879
-3089
-3976
-4296
-3936
-3147
-1961
-524
793
1907
2407
2385
1982
1138
-63
-1437
-2788
-3818
-4533
-4877
-4825
-4076
-2903
-1642
-495
454
925
1189
882
233
-632
-1664
-2834
-3782
-4349
-4357
-4173
-3653
-2718
-1733
-983
-393
270
660
526
55
-679
-1255
-1861
-2585
-3097
-3319
-3288
-3036
-2554
-1899
-1243
-709
-395
-201
-269
-515
-1008
-1475
-1867
-2147
-2247
-2330
-2226
-1986
-1592
-1207
-823
-398
-36
46
-112
-431
-810
-1011
-996
-1005
-1176
-1201
-960
-565
-267
-74
-20
261
490
560
557
653
681
235
-582
-1260
-2044
-2845
-3607
-4247
-4577
-4608
-4304
-3648
-2838
-1840
-941
-298
115
321
471
257
-242
-874
-1681
-2494
-3078
-3173
-2905
-2343
-1552
-562
259
844
1425
1667
1759
1723
1435
940
276
-307
-836
-1222
-1310
-1090
-739
-257
307
760
1171
1528
1801
1811
1696
1441
1065
700
383
141
125
155
219
332
547
1000
1508
1838
1894
1762
1637
1442
1215
1167
1225
1264
1171
1059
914
927
1081
1166
1117
899
622
495
519
554
291
103
156
291
297
273
318
512
533
631
593
277
137
-44
-344
-354
27
835
