-4928
-4653
-4253
-3797
-3608
-3541
-3729
-4205
-4425
-4401
-4492
-4785
-4828
-4777
-4611
-4325
-4017
-3748
-3534
-3359
-3257
-3051
-2985
-3002
-3387
-3868
-4351
-5168
-6061
-6793
-7372
-8024
-8504
-8677
-8302
-7655
-6820
-5885
-4879
-4132
-3630
-3297
-3207
-3565
-4386
-5161
-5894
-6715
-7278
-7351
-7148
-6678
-5638
-4496
-3687
-2966
-2372
-1896
-1824
-2169
-2482
-2962
-3597
-4400
-5030
-5467
-5597
-5224
-4658
-4294
-3941
-3257
-2704
-2506
-2632
-2895
-3584
-4431
-5088
-5333
-5397
-5171
-4370
-3346
-2166
-1237
-982
-1495
-2727
-4303
-6213
-8172
-9988
-11314
-11848
-11612
-10693
-9123
-7426
-6017
-4864
-4303
-4502
-5604
-7190
-8839
-10739
-12204
-12940
-12989
-12107
-10433
-8056
-5348
-2918
-872
619
1337
1346
637
-614
-2037
-3589
-5285
-6742
-7491
-6687
-4762
-2140
753
3437
5547
6640
6706
5878
4455
2403
132
-2135
-4206
-5597
-6153
-5916
-4993
-3351
-1615
-233
625
881
367
-777
-2182
-4067
-6276
-8325
-9639
-10202
-10136
-9431
-8182
-6629
-5201
-4062
-3256
-3127
-3488
-4344
-5698
-7400
-9065
-10452
-11355
-11929
-11909
-11257
-10282
-9077
-7717
-6313
-5128
-4556
-4600
-5130
-6031
-7390
-8794
-10204
-11128
-11609
-11813
-11518
-10831
-9700
-8421
-7236
-6010
-4976
-4279
-3894
-3647
-3433
-3612
-4061
-4219
-4180
-3863
-3602
-3131
-2586
-2112
-1359
-919
-701
-629
-846
-1077
-1114
-1293
-1567
-1935
-2257
-2257
-2169
-2140
-2114
-2035
-2054
-2211
-2435
-2670
-2692
-2892
-3280
-3561
-3909
-4431
-5257
-5828
-6327
-6774
-6950
-6821
-6551
-6230
-5731
-5032
-4206
-3755
-3328
-3197
-3599
-4260
-4905
-5526
-6360
-7339
-8083
-8574
-8578
-8170
-7568
-6856
-6060
-5339
-5036
-4589
-4342
-4428
-4676
-4848
-5125
-5470
-5604
-5539
-5245
-4704
-4028
-3189
-2341
-1433
-580
100
647
1195
1450
1561
1528
1417
1237
438
-574
-1515
-2437
-3523
-4342
-4430
-3593
-2007
-42
1969
3504
4456
5077
5145
4421
2907
1116
-988
-2907
-3966
-4228
-3512
-1978
-62
1885
3727
5201
6086
6182
5504
4270
2771
1224
-351
-1532
-1905
-1438
-387
1326
3537
5230
6357
6836
6865
6544
6119
5836
5639
5775
6123
6459
6622
6503
6317
5767
4882
4024
3033
1833
777
-64
-457
-479
80
1260
2600
3717
4331
4539
4420
3919
3161
2155
973
-274
-1372
-2189
-2638
-2525
-1863
-952
-7
648
1059
1293
1308
900
286
-594
-1436
-2360
-3313
-3975
-4327
-4378
-4243
-4008
-3786
-3596
-3375
-3060
-2936
-3156
-3580
-3987
-4385
-4658
-4699
-4742
-4661
-4479
-4175
-3847
-3477
-3209
-3029
-2970
-2977
-3177
-3430
-3800
-3956
-3917
-3949
-3870
-3565
-2976
-2463
-2086
-1625
-1072
-827
-845
-800
-1077
-1495
-1883
-2317
-2763
-3114
-3204
-3088
-2778
-2663
-2574
-2225
-1850
-1663
-1655
-1692
-1640
-2011
-2654
-3620
-4858
-6267
-7676
-8764
-9718
-10189
-10140
-9716
-9147
-8365
-7469
-6409
-5357
-4638
-4376
-4583
-5130
-5969
-6892
-7825
-8945
-9737
-9902
-9670
-9416
-8906
-8038
-7066
-6255
-5740
-5398
-5381
-5614
-5920
-6439
-6961
-7232
-7670
-8265
-8399
-8088
-7641
-6911
-6228
-5548
-4806
-4337
-3933
-3565
-3306
-3030
-2948
-2919
-2830
-2637
-2333
-1980
-1560
-1207
-787
-467
-259
-79
-120
-238
-274
-505
-776
-1067
-1049
-1163
-1221
-1199
-1040
-956
-1046
-1100
-1211
-1546
-1824
-1902
-2063
-2336
-2464
-2768
-2918
-2774
-2631
-2557
-2426
-2245
-2130
-2083
-2080
-2192
-2537
-3024
-3605
-4009
-4179
-3816
-2807
-1455
-288
651
1221
1044
382
-827
-2299
-3921
-5364
-6719
-7653
-7987
-7642
-6631
-5300
-3816
-2498
-1686
-1190
-1119
-1590
-2710
-4207
-5644
-7011
-8274
-9025
-9047
-8433
-7419
-5996
-4729
-3688
-2830
-2235
-2015
-2234
-2912
-3948
-5214
-6407
-7281
-8001
-8221
-7932
-7287
-6304
-5311
-4337
-3394
-2683
-2531
-2667
-3088
-3644
-4385
-5230
-5919
-6398
-6630
-6583
-6321
-5891
-5434
-5039
-4603
-4279
-4061
-4056
-4370
-4771
-5344
-5863
-6068
-6209
-6462
-6424
-6133
-5846
-5480
-5248
-4980
-4751
-4902
-5205
-5556
-5825
-6090
-6432
-6541
-6605
-6660
-6417
-5987
-5483
-5259
-5225
-5222
-5058
-4868
-4859
-5027
-5145
-5513
-6044
-6898
-7994
-9040
-9852
-10409
-10579
-10538
-10157
-9538
-8820
-7817
-6757
-5899
-5351
-5128
-5248
-5565
-6083
-6955
-7706
-8478
-9022
-9239
-9190
-8734
-7842
-6667
-5559
-4702
-3893
-3362
-3219
-3404
-3506
-3726
-4171
-4763
-5284
-5567
-5649
-5467
-4906
-4081
-3267
-2579
-1943
-1408
-1166
-993
-796
-692
-758
-829
-824
-834
-667
-549
-405
-64
408
729
1063
1379
1643
1703
1623
1661
1748
1782
1580
1445
1565
1599
1564
1480
1453
1458
1421
1252
1000
826
514
353
399
285
222
279
492
616
699
820
1029
1075
1019
900
802
563
-108
-705
-923
-569
470
1805
3301
4527
5430
5710
5276
4369
3171
1877
488
-850
-1953
-2372
-2380
-1692
-642
687
2049
3012
3582
3605
3315
2734
1602
195
-1223
-2258
-2788
-2997
-2830
-2163
-1284
-396
484
1631
2332
2352
2185
1688
711
-371
-1437
-2531
-3333
-3703
-3585
-3144
-2421
-1479
-657
62
505
602
446
74
-392
-1110
-2125
-2899
-3183
-3501
-3797
-3682
-3218
-2720
-2123
-1700
-1414
-1141
-1043
-1149
-1518
-2027
-2593
-3046
-3288
-3471
-3280
-2914
-2576
-2462
-2284
-2031
-2008
-1979
-1945
-1968
-2147
-2416
-2630
-2793
-2972
-2906
-2882
-2729
-2476
-2342
-2195
-1865
-1747
-1758
-1795
-1883
-2094
-2463
-2934
-3601
-4533
-5587
-6434
-7025
-7764
-8031
-7727
-7206
-6468
-5595
-4605
-3827
-3294
-2922
-2912
-3216
-3871
-4742
-5619
-6487
-7214
-7383
-7302
-6875
-6208
-5617
-4851
-3951
-3158
-2512
-2132
-2103
-2493
-2845
-3310
-3923
-4632
-5033
-5136
-4994
-4563
-3899
-3262
-2643
-2091
-1541
-1074
-822
-698
-615
-809
-1146
-1378
-1591
-1615
-1514
-1462
-1200
-707
-252
54
370
728
897
835
830
829
747
666
496
390
420
472
497
340
349
387
119
-92
-69
-219
-508
-660
-822
-813
-744
-876
-1007
-1013
-857
-772
-937
-1000
-959
-964
-1287
-2029
-2759
-2942
-2726
-1933
-676
625
2030
3246
3791
3576
2711
1697
307
-1208
-2613
-3829
-4521
-4709
-4449
-3552
-2149
-768
284
1104
1519
1517
1026
-60
-1472
-2960
-4305
-5474
-5996
-6027
-5590
-4535
-3430
-2286
-1239
-578
-261
-289
-727
-1510
-2613
-3698
-4715
-5640
-6266
-6272
-5887
-5143
-4201
-3327
-2521
-1913
-1606
-1485
-1745
-2412
-3174
-3863
-4652
-5312
-5857
-5969
-5898
-5549
-5039
-4553
-4150
-3674
-3363
-3172
-3271
-3667
-4209
-4631
-5027
-5246
-5345
-5282
-5127
-4985
-4694
-4235
-3922
-3681
-3608
-3624
-3818
-4080
-4320
-4357
-4545
-4781
-4961
-4888
-4487
-4242
-4116
-3876
-3664
-3751
-3786
-3685
-3598
-3573
-3730
-4426
-5270
-6041
-6875
-7672
-8476
-9179
-9413
-9139
-8689
-8102
-7313
-6399
-5522
-4860
-4440
-4341
-4450
-4871
-5520
-6267
-7043
-7753
-8373
-8559
-8148
-7473
-6690
-5699
-4708
-3797
-3291
-2945
-2763
-2874
-3098
-3497
-4172
-4785
-5205
-5177
-5015
-4788
-4265
-3527
-2721
-2091
-1468
-1088
-855
-726
-643
-622
-669
-813
-978
-958
-838
-584
-180
145
634
1072
1384
1634
1733
1816
1974
2089
1997
1725
1488
1435
1461
1487
1467
1567
1581
1594
1561
1519
1278
991
720
587
646
738
706
624
750
930
1218
1156
971
769
857
830
464
-281
-1208
-1966
-2370
-2341
-1940
-1083
165
1301
2209
2576
2315
1629
797
-111
-932
-1602
-1992
-2026
-1692
-956
-12
1160
2147
2768
3066
2819
2167
1262
113
-911
-1763
-2515
-3018
-2996
-2291
-1336
-261
939
1977
2653
2899
2929
2612
1950
1012
12
-860
-1336
-1587
-1606
-1191
-509
266
1016
1835
2386
2651
2723
2500
1984
1340
755
-33
-610
-941
-1093
-1128
-900
-482
100
725
1113
1436
1519
1370
1017
575
26
-726
-1392
-1650
-1734
-1820
-1807
-1645
-1442
-1398
-1333
-1238
-1208
-1383
-1829
-1983
-2080
-2313
-2620
-2898
-2950
-2726
-2524
-2365
-2132
-2163
-2179
-2046
-1809
-1811
-1974
-2249
-2717
-3285
-4067
-5047
-5963
-6683
-7256
-7753
-7837
-7465
-6938
-6065
-5141
-4210
-3509
-3008
-2691
-2767
-3173
-3758
-4540
-5305
-5811
-6028
-6176
-6053
-5382
-4525
-3570
-2629
-1862
-1150
-523
-196
-192
-471
-1051
-1630
-2224
-2588
-2725
-2536
-2223
-1784
-1160
-356
435
970
1386
1597
1688
1742
1648
1539
1284
1059
1036
1014
1059
1322
1674
1955
2181
2512
2641
2786
2910
2923
2684
2604
2694
2472
2261
1930
1713
1682
1808
1984
1982
1921
1729
1481
1198
851
671
647
624
376
290
273
323
535
730
789
746
788
638
507
374
255
444
1069
2261
3738
5261
6531
7364
7781
7436
6358
4673
2708
648
-1551
-3505
-4805
-5268
-4860
-3459
-1466
593
2609
4331
5559
6043
5502
4256
2591
766
-1034
-2750
-4055
-4804
-5043
-4499
-3314
-1798
-330
790
1795
2263
1895
1028
-43
-1190
-2460
-3779
-5154
-6062
-6161
-5708
-5094
-4158
-2938
-1888
-1018
-382
-217
-565
-1188
-1972
-2950
-3778
-4537
-5110
-5392
-5559
-5485
-5107
-4515
-4023
-3782
-3671
-3675
-3727
-3829
-3987
-4205
-4402
-4476
-4255
-3927
-3438
-3010
-2668
-2328
-2041
-1866
-1831
-1809
-1949
-2350
-2585
-2610
-2667
-2659
-2573
-2398
-2054
-1755
-1374
-935
-677
-549
-509
-543
-708
-1061
-1515
-2211
-3049
-3821
-4597
-5308
-5948
-6374
-6548
-6348
-5718
-4772
-3963
-3014
-2031
-1417
-1252
-1527
-1950
-2448
-3252
-4148
-5203
-6156
-6660
-6544
-6073
-5490
-4766
-3894
-3118
-2415
-1879
-1692
-1734
-1981
-2521
-3219
-3928
-4493
-4777
-4741
-4584
-4376
-3897
-3176
-2507
-1733
-995
-527
-357
-250
-8
-169
-423
-550
-498
-379
-386
-153
185
598
1196
1579
1863
2145
2286
2297
2285
2432
2453
2360
2252
2215
2337
2434
2474
2406
2268
2243
2341
2304
1993
1713
1542
1551
1456
1442
1588
1551
1594
1787
1918
1948
1904
2014
2123
2104
1780
1089
337
-343
-576
-366
288
1258
2340
3141
3662
3739
3269
2279
1079
-125
-1294
-2188
-2821
-2808
-2265
-1291
120
1763
2985
3779
4017
3747
2914
1893
661
-858
-2423
-3726
-4251
-4186
-3650
-2779
-1456
-120
1095
2102
2784
2821
2402
1729
717
-228
-1008
-1807
-2351
-2393
-1856
-1156
-339
675
1656
2377
2632
2697
2455
1966
1305
520
-102
-632
-964
-1120
-1101
-905
-538
-65
609
1224
1630
1614
1521
1314
840
219
-225
-316
-452
-531
-654
-617
-334
-83
15
-199
-478
-637
-793
-1026
-1237
-1375
-1555
-1811
-2076
-1982
-1845
-1754
-1553
-1397
-1410
-1371
-1285
-1200
-1293
-1213
-1389
-2171
-3090
-3949
-4829
-5578
-6230
-6772
-7159
-7194
-6836
-6164
-5300
-4305
-3425
-2776
-2562
-2443
-2544
-2925
-3637
-4428
-5129
-5913
-6361
-6334
-5828
-5021
-4132
-3215
-2224
-1313
-675
-165
-39
-79
-265
-579
-1131
-1768
-2176
-2321
-2110
-1712
-1299
-607
188
943
1501
2014
2395
2899
3059
2912
2810
2689
2468
2344
2433
2593
2790
3120
3404
3518
3698
4034
4302
4310
4324
4158
3993
3722
3448
3403
3547
3590
3610
3625
3595
3478
3269
3094
2967
2927
2730
2453
2444
2246
2200
2239
2225
2243
2254
2214
2162
2182
2147
2065
1808
1369
699
-33
-161
499
1781
3224
4586
5584
6212
6220
5691
4810
3579
2109
833
-237
-1041
-1321
-991
-206
1091
2596
3805
4647
5121
5185
4635
3661
2608
1327
160
-875
-1727
-1919
-1438
-699
240
1437
2579
3338
3725
3773
3479
2713
1779
714
-234
-1035
-1589
-1809
-1643
-1111
-447
313
1097
1750
2096
2157
1972
1474
784
-3
-761
-1476
-1998
-2235
-2386
-2338
-2044
-1408
-663
-168
113
81
-125
-610
-889
-1233
-1663
-2164
-2442
-2546
-2445
-2147
-1749
-1486
-1056
-852
-738
-781
-1085
-1084
-1321
-1644
-1902
-2083
-2071
-1884
-1689
-1504
-1333
-1209
-1066
-835
-736
-826
-914
-947
-1081
-1645
-2214
-2835
-3610
-4585
-5686
-6372
-6665
-6668
-6263
-5651
-4878
-4089
-3217
-2533
-1741
-1220
-1180
-1604
-2387
-3301
-4238
-5021
-5457
-5718
-5619
-5102
-4313
-3280
-2382
-1498
-729
-310
-267
-581
-881
-1309
-1815
-2350
-2791
-2983
-2954
-2624
-2233
-1715
-1081
-334
480
1115
1436
1545
1464
1257
1227
1113
999
924
926
1098
1305
1583
1975
2459
2840
2953
2930
2946
3068
3116
3080
2966
2751
2517
2550
2599
2567
2739
2876
2731
2538
2484
2372
2182
2048
1954
1899
1749
1723
1622
1587
1563
1673
2025
2009
1760
1795
1943
1758
1352
756
236
201
643
1547
2752
4169
5458
6179
6313
5908
5124
4003
2696
1246
-51
-1016
-1559
-1497
-847
41
1211
2732
3856
4470
4610
4201
3365
2205
904
-549
-1838
-2624
-2807
-2598
-1852
-881
110
1129
2079
2584
2720
2556
2166
1423
367
-847
-1837
-2564
-2863
-2615
-2186
-1523
-698
298
1143
1586
1797
1578
1205
694
37
-788
-1599
-2066
-2281
-2407
-2337
-2034
-1518
-972
-579
-262
-22
17
-96
-390
-793
-1096
-1400
-1763
-1917
-1936
-1888
-1487
-1097
-891
-606
-347
-304
-346
-348
-579
-948
-1347
-1632
-1716
-1765
-1387
-1058
-851
-693
-606
-405
-273
-194
-114
-129
-239
-657
-1394
-2127
-3032
-3969
-4775
-5365
-5873
-6155
-6002
-5344
-4615
-3823
-2806
-1956
-1546
-1293
-1341
-1736
-2280
-2860
-3588
-4372
-4899
-4947
-4933
-4794
-4043
-2978
-2088
-1399
-762
-134
73
189
85
-149
-676
-1375
-1827
-2036
-2101
-1957
-1588
-991
-303
434
1079
1427
1801
2147
2312
2357
2026
1873
1919
1854
1937
2040
2167
2349
2743
3238
3660
3866
3842
4009
4124
3953
3929
4005
3962
3680
3462
3471
3619
3594
3630
3643
3551
3561
3444
3256
2890
2530
2460
2450
2349
2292
2374
2369
2291
2385
2425
2632
2783
2867
2739
2345
1605
816
473
837
1695
2876
4287
5663
6780
7031
6730
5836
4728
3754
2536
1216
27
-737
-946
-650
99
1423
2970
4191
4989
5202
5048
4384
3233
1951
767
-322
-1217
-1838
-1959
-1415
-431
652
1695
2691
3429
3743
3606
3142
2412
1529
458
-601
-1267
-1729
-1775
-1234
-540
147
780
1436
2166
2482
2325
2096
1605
931
72
-609
-1157
-1493
-1688
-1544
-1112
-567
-115
278
648
765
753
593
388
103
-212
-675
-1291
-1575
-1521
-1338
-915
-621
-342
41
365
456
383
191
-65
-312
-584
-788
-794
-910
-937
-794
-472
-217
-75
60
143
276
405
421
494
161
-489
-1329
-2325
-3178
-3969
-4791
-5179
-5462
-5448
-5061
-4414
-3468
-2578
-1650
-1010
-634
-344
-491
-972
-1808
-2664
-3335
-3873
-4265
-4422
-4188
-3646
-2840
-1839
-987
-375
111
465
645
701
242
-382
-915
-1388
-1705
-1789
-1755
-1304
-796
-174
505
1113
1659
2047
2325
2367
2117
1782
1441
1204
1127
1100
1590
2192
2632
2883
2845
2580
2382
2004
1481
810
536
638
776
1218
2092
3032
3768
4175
4271
4077
3639
2879
2120
1352
636
277
459
1124
2106
3346
4766
5969
6687
6877
6754
6332
5562
4733
3950
3422
3073
2749
2587
3005
4014
5584
7393
8799
9869
10355
10193
9462
8173
6591
4886
3225
1982
1059
817
1140
1948
2986
4181
5189
5868
6261
6141
5377
4339
3171
1898
602
-382
-1118
-1611
-1573
-1073
-197
794
1737
2397
2973
3169
2954
2413
1575
496
-652
-1566
-2283
-2773
-2987
-2751
-2226
-1408
-397
337
696
909
929
828
475
-321
-1245
-1906
-2248
-2458
-2439
-2093
-1595
-999
-245
369
675
985
1239
1197
898
816
580
296
297
488
512
775
1289
1763
2026
2252
2278
2332
2326
2202
1882
1620
1470
1268
972
926
909
1038
1184
1276
1371
1467
1500
1440
1480
1363
1192
897
540
-61
-1005
-1987
-2800
-3430
-4133
-4694
-4972
-4798
-4324
-3775
-2949
-2120
-1363
-832
-688
-782
-1332
-2102
-2825
-3637
-4509
-5159
-5367
-5180
-4692
-4189
-3484
-2673
-1865
-1240
-962
-792
-980
-1465
-2092
-2796
-3493
-3971
-4203
-4277
-3980
-3501
-3035
-2408
-1603
-1039
-679
-345
-69
-9
-244
-582
-786
-1254
-1828
-2027
-2144
-1973
-1428
-761
11
707
1132
1266
1250
1117
675
174
-469
-1123
-1606
-1722
-1475
-1080
-745
-269
281
668
769
691
425
-119
-948
-1802
-2554
-2895
-3075
-3085
-2907
-2529
-1987
-1581
-1427
-1269
-1202
-1542
-2478
-3737
-5219
-6160
-6139
-5306
-3741
-2040
-368
957
1746
1543
678
-697
-2296
-4066
-5832
-7232
-8142
-8323
-7722
-6565
-4855
-3069
-1636
-599
-71
-112
-875
-2098
-3569
-5117
-6571
-7584
-7825
-7322
-6372
-5057
-3600
-2235
-1100
-207
315
190
-331
-1085
-2144
-3273
-4200
-4937
-5023
-4755
-4141
-3265
-2281
-1190
-201
621
1002
896
648
194
-400
-1100
-1839
-2310
-2653
-2789
-2659
-2177
-1558
-941
-300
191
529
553
261
-68
-405
-853
-1264
-1473
-1781
-1872
-1631
-1144
-698
-387
-33
216
233
205
9
-389
-764
-918
-1065
-1222
-1156
-848
-518
-303
-66
89
341
577
716
910
1099
957
611
136
-486
-1271
-2098
-2791
-3141
-3478
-3787
-3584
-2885
-1998
-1022
-40
945
1603
1931
2077
1953
1576
964
307
-370
-801
-879
-812
-414
389
1446
2343
3266
3950
4206
4385
4373
4149
3744
3123
2566
1977
1607
1468
1525
1847
2321
2913
3426
3980
4289
4310
4261
4211
4015
3744
3554
3351
3134
2924
2954
3073
3397
3644
3788
4018
4184
4153
3993
3776
3731
3700
3642
3564
3502
3421
3273
3150
3182
3226
3351
3245
3064
2994
2583
2358
2320
2251
2119
2047
2053
2084
2165
2255
2407
2454
2515
2585
2739
2706
2287
1572
865
550
871
1689
2998
4397
5704
6840
7235
7173
6513
5586
4393
2969
1655
576
-87
-7
610
1552
2700
4055
5397
6164
6446
6169
5521
4580
3191
1837
815
14
-228
-69
450
1240
2123
3177
4188
4928
5336
5226
4763
3928
2980
1926
1090
439
-9
-12
301
881
1735
2578
3247
3785
4221
4307
3931
3393
2694
1967
1349
816
383
178
192
566
1105
1470
1975
2494
2727
2651
2463
2242
1868
1371
961
767
757
780
952
1280
1543
1847
2203
2309
2322
2323
2411
2272
2084
1872
1592
1552
1657
1828
2009
2309
2592
2809
2898
2991
3059
3163
3079
3003
2752
2200
1528
920
144
-615
-1245
-1887
-2076
-1879
-1456
-1014
-324
610
1500
2114
2553
2839
2768
2240
1607
738
-80
-550
-716
-894
-804
-222
588
1417
2100
2671
3082
3248
3184
3018
2621
1830
900
373
90
-64
-176
-1
283
743
1131
1548
2023
2265
2282
2160
2107
1737
1215
923
764
625
521
674
901
981
1119
1282
1583
1742
1802
1696
1513
1356
1295
1220
940
629
577
737
788
824
939
1004
862
703
267
-44
-324
-431
-351
-489
-619
-633
-551
-363
-196
-209
-420
-616
-481
-398
-626
-1293
-2026
-2385
-2356
-1812
-696
739
2255
3544
4131
4166
3726
2719
1390
-9
-1586
-2826
-3608
-3962
-3794
-3039
-1709
-185
1090
2064
2612
2597
2068
1004
-282
-1565
-2687
-3776
-4563
-4693
-4395
-3594
-2397
-1314
-333
574
1179
1303
900
203
-590
-1580
-2644
-3584
-4080
-4220
-3925
-3334
-2428
-1271
-316
122
464
593
472
182
-289
-967
-1646
-2392
-2944
-3101
-3172
-2979
-2476
-1778
-1140
-656
-303
-160
-156
-369
-808
-1240
-1705
-1927
-2020
-2060
-1781
-1478
-1025
-481
-210
-91
24
8
37
-28
-316
-783
-1024
-872
-812
-856
-702
-369
-20
216
396
387
417
687
1019
1103
775
113
-488
-1161
-2065
-3007
-3587
-4021
-4334
-4335
-3938
-3271
-2549
-1785
-936
-34
562
753
747
408
-198
-894
-1683
-2322
-2739
-2800
-2573
-2067
-1267
-389
498
1263
1729
2036
2167
2066
1675
1216
604
-17
-613
-980
-1033
-919
-406
129
684
1248
1690
1812
1871
1889
1811
1548
1216
1062
906
668
510
523
830
1089
1289
1523
1644
1774
1954
2019
1966
1725
1522
1455
1365
1236
1214
1354
1432
1304
1273
1285
1303
1231
1106
801
487
228
107
157
173
236
324
465
562
513
466
496
602
636
500
394
251
275
690
1380
