-5317
-5090
-4603
-4232
-4018
-3900
-4004
-4174
-4500
-4690
-4947
-5159
-5163
-5080
-4924
-4699
-4432
-4321
-4226
-4002
-3896
-3756
-3727
-3741
-3931
-4353
-4950
-5823
-6831
-7721
-8232
-8571
-8978
-9116
-8866
-8095
-7235
-6377
-5386
-4428
-3886
-3767
-3820
-4153
-4797
-5820
-6593
-7054
-7375
-7534
-7338
-6890
-5975
-4785
-3647
-2662
-2139
-1900
-1689
-1657
-2176
-2960
-3689
-4461
-5017
-5257
-5293
-5178
-4871
-4329
-3616
-2997
-2674
-2480
-2469
-2648
-3263
-4268
-5098
-5377
-5349
-5191
-4469
-3364
-1956
-1062
-1114
-1769
-2976
-4568
-6494
-8422
-10086
-11488
-12096
-11837
-10932
-9475
-7785
-6239
-5099
-4687
-4942
-5820
-7368
-9201
-11142
-12608
-13253
-13232
-12342
-10640
-8278
-5699
-3377
-1255
286
1065
864
40
-1018
-2283
-3731
-5282
-6348
-6613
-5914
-3973
-1230
1727
4297
6276
7263
7259
6202
4303
2058
-273
-2737
-5016
-6552
-7036
-6591
-5484
-3744
-1748
-35
1102
1489
1012
-185
-1813
-3743
-6013
-8125
-9690
-10594
-10747
-10184
-8928
-7318
-5648
-4318
-3514
-3164
-3355
-4164
-5566
-7284
-9047
-10611
-11881
-12532
-12528
-12215
-11432
-10006
-8458
-7019
-5878
-5313
-5192
-5513
-6317
-7508
-8886
-10110
-11224
-12084
-12363
-12126
-11348
-10131
-8934
-7823
-6655
-5729
-5209
-4737
-4444
-4131
-4048
-4388
-4528
-4576
-4190
-3656
-3047
-2310
-1759
-1259
-964
-739
-681
-820
-1008
-1234
-1499
-1694
-1785
-1891
-1996
-1919
-1812
-1714
-1711
-1918
-2013
-2062
-2180
-2552
-2806
-3064
-3345
-3731
-4336
-5049
-5699
-6342
-6714
-6711
-6548
-6455
-6235
-5445
-4691
-3974
-3349
-2842
-2492
-2829
-3789
-4678
-5578
-6514
-7405
-8118
-8427
-8436
-8276
-7883
-7179
-6348
-5518
-4860
-4396
-4147
-4254
-4484
-4858
-5239
-5646
-5921
-6019
-5796
-5189
-4421
-3592
-2726
-1744
-902
-138
424
766
1119
1465
1635
1674
1330
497
-435
-1408
-2470
-3425
-4232
-4425
-3489
-1892
80
2039
3765
4913
5373
5225
4483
3058
1361
-590
-2351
-3476
-3877
-3237
-1683
199
2181
4002
5425
6382
6548
5987
4761
3269
1646
145
-927
-1216
-915
8
1760
3839
5809
7119
7634
7762
7749
7539
7451
7523
7762
8048
8003
7629
7240
6679
5831
4839
3735
2755
1774
825
179
22
304
1023
2014
3062
4145
4767
5097
4997
4340
3400
2290
1065
-112
-1127
-1866
-2185
-2113
-1778
-1110
-207
637
994
1133
1035
633
25
-841
-1792
-2678
-3428
-4065
-4349
-4471
-4335
-4050
-3830
-3652
-3588
-3455
-3218
-3128
-3384
-3759
-4210
-4478
-4540
-4595
-4502
-4179
-3861
-3672
-3536
-3285
-3195
-3286
-3383
-3529
-3881
-4168
-4306
-4208
-3803
-3408
-3053
-2646
-2159
-1672
-1294
-1036
-737
-500
-644
-1135
-1649
-1918
-2120
-2399
-2708
-2799
-2685
-2662
-2483
-2250
-1882
-1550
-1315
-1106
-1001
-1184
-1822
-2618
-3645
-4900
-6286
-7624
-8715
-9733
-10363
-10348
-10037
-9475
-8596
-7503
-6529
-5655
-5133
-4804
-4887
-5459
-6333
-7304
-8426
-9414
-10050
-10362
-10298
-9860
-9112
-8367
-7598
-6818
-6158
-5890
-5831
-6098
-6493
-6753
-7229
-7852
-8409
-8706
-8657
-8389
-8044
-7397
-6601
-5856
-5152
-4567
-4143
-3979
-3638
-3414
-3389
-3389
-3104
-2931
-2746
-2488
-2061
-1489
-1056
-654
-577
-610
-581
-599
-739
-930
-1132
-1288
-1419
-1532
-1495
-1639
-1581
-1424
-1461
-1531
-1672
-1744
-1736
-1826
-2290
-2672
-2951
-3309
-3362
-3408
-3467
-3188
-2886
-2655
-2551
-2450
-2403
-2558
-2707
-3194
-3956
-4568
-4815
-4540
-3559
-2050
-608
272
596
588
55
-1248
-2791
-4369
-6023
-7260
-8191
-8639
-8241
-7351
-6122
-4676
-3363
-2282
-1708
-1756
-2284
-3345
-4789
-6342
-7808
-8836
-9517
-9782
-9396
-8450
-7168
-5786
-4605
-3643
-2994
-2599
-2770
-3505
-4598
-5851
-7159
-8210
-8767
-8815
-8604
-8166
-7339
-6277
-5269
-4244
-3555
-3206
-3236
-3627
-4245
-5018
-5820
-6336
-6738
-7212
-7370
-7235
-6952
-6441
-5814
-5293
-4952
-4822
-4842
-5070
-5424
-5856
-6260
-6689
-6983
-6940
-6758
-6441
-6137
-5871
-5699
-5626
-5675
-5764
-5874
-6002
-6243
-6509
-6725
-6855
-6747
-6741
-6480
-6117
-5856
-5587
-5400
-5388
-5243
-5175
-5086
-5046
-5273
-5859
-6556
-7653
-8710
-9705
-10588
-10983
-11114
-10971
-10596
-10017
-9081
-8064
-7268
-6479
-5834
-5514
-5701
-6117
-6742
-7698
-8573
-9152
-9432
-9427
-9104
-8644
-8036
-7153
-6051
-4957
-3984
-3329
-3049
-3100
-3531
-4065
-4575
-5006
-5481
-5727
-5693
-5383
-4932
-4242
-3379
-2616
-2017
-1417
-1066
-896
-799
-560
-588
-856
-1058
-999
-805
-787
-423
14
166
475
1004
1346
1436
1607
1617
1674
1696
1506
1409
1315
1144
1020
1100
1119
1070
1008
1012
982
733
352
50
-181
-276
-214
-178
-213
-114
142
313
360
334
508
783
620
272
-81
-512
-966
-1205
-926
77
1552
3108
4455
5161
5344
5100
4314
3005
1582
257
-933
-1966
-2553
-2580
-1963
-776
646
1927
2854
3368
3492
3220
2568
1568
246
-1099
-2228
-3017
-3451
-3257
-2580
-1668
-461
640
1537
2031
2139
1964
1541
766
-250
-1496
-2689
-3443
-3885
-3759
-3158
-2483
-1632
-942
-316
161
488
582
265
-441
-1358
-2224
-2877
-3394
-3783
-4053
-3988
-3556
-2957
-2351
-1766
-1471
-1266
-1096
-1185
-1456
-2001
-2527
-2881
-3096
-3273
-3238
-3071
-2757
-2538
-2241
-1811
-1523
-1471
-1567
-1870
-2069
-2175
-2463
-2818
-2971
-3076
-2939
-2666
-2336
-2060
-1937
-1823
-1534
-1447
-1732
-1884
-1957
-2279
-2935
-3691
-4712
-5657
-6556
-7291
-7625
-7751
-7478
-6956
-6315
-5433
-4310
-3380
-2862
-2568
-2610
-2980
-3798
-4784
-5573
-6258
-7042
-7330
-7149
-6728
-6282
-5448
-4440
-3472
-2765
-2186
-1947
-2015
-2123
-2581
-3178
-3747
-4152
-4343
-4412
-4295
-3972
-3435
-2754
-2121
-1361
-929
-706
-436
-251
-201
-392
-666
-860
-927
-792
-599
-382
-19
346
634
1025
1263
1370
1518
1615
1567
1484
1455
1242
1216
1291
1231
1224
1291
1326
1126
843
659
692
579
476
217
-89
-184
-91
-78
-199
-123
21
0
-120
-25
-26
-93
-282
-772
-1345
-1875
-2114
-2006
-1384
-104
1420
2820
3863
4278
4057
3448
2414
956
-498
-1882
-3199
-4071
-4321
-3838
-2833
-1679
-383
876
1760
2044
1887
1488
444
-1047
-2548
-3919
-4917
-5543
-5580
-5198
-4315
-3160
-1986
-996
-345
-20
176
-95
-959
-2153
-3504
-4574
-5287
-5753
-5778
-5362
-4667
-3891
-3040
-2363
-1847
-1264
-1226
-1592
-2021
-2671
-3453
-4241
-5086
-5561
-5681
-5587
-5290
-4812
-4186
-3580
-3385
-3219
-3225
-3476
-3808
-4133
-4460
-4786
-5155
-5323
-5300
-5047
-4645
-4262
-4058
-3944
-3767
-3563
-3618
-3874
-4098
-4373
-4657
-4787
-4901
-4998
-4986
-4715
-4328
-4096
-4058
-3986
-3826
-3661
-3759
-3854
-3888
-4350
-4924
-5508
-6443
-7390
-8217
-8892
-9426
-9636
-9369
-9074
-8483
-7796
-6904
-5919
-5022
-4472
-4430
-4689
-5284
-5867
-6574
-7611
-8421
-8732
-8694
-8469
-7868
-6934
-5895
-4941
-4139
-3389
-3075
-3154
-3216
-3554
-3997
-4518
-5116
-5509
-5686
-5754
-5384
-4667
-3840
-3172
-2485
-1848
-1398
-1139
-1072
-1046
-1114
-1319
-1340
-1315
-1363
-1266
-1072
-772
-398
-46
452
774
741
826
925
1040
1138
1155
1029
967
968
1017
998
1037
1085
1155
949
735
564
494
287
69
41
-59
-202
-252
-96
38
35
92
181
239
304
347
260
-134
-1058
-1934
-2475
-2888
-2788
-1989
-825
672
1978
2870
3055
2546
1634
592
-363
-1165
-1927
-2471
-2820
-2476
-1668
-746
257
1236
2036
2455
2338
1684
760
-287
-1402
-2452
-3409
-3991
-3948
-3227
-2229
-1080
46
987
1658
1969
1994
1836
1249
547
-462
-1534
-2467
-2936
-2922
-2425
-1702
-811
103
832
1365
1717
1778
1495
991
525
-101
-938
-1616
-2126
-2396
-2354
-1951
-1505
-978
-519
-22
227
277
205
-64
-485
-985
-1632
-2238
-2583
-2656
-2510
-2267
-2090
-1964
-1821
-1643
-1478
-1514
-1626
-1846
-2106
-2383
-2747
-2872
-2768
-2585
-2562
-2574
-2517
-2433
-2332
-2347
-2148
-2020
-1982
-2178
-2407
-2677
-3321
-4206
-5165
-6151
-6859
-7488
-7875
-7909
-7521
-6854
-6034
-5286
-4421
-3354
-2832
-2658
-2733
-2946
-3560
-4375
-5277
-5940
-6283
-6466
-6101
-5526
-4778
-3953
-3173
-2243
-1329
-779
-592
-726
-916
-1291
-1857
-2543
-2962
-3059
-2979
-2700
-2266
-1846
-1131
-173
548
929
1118
1329
1407
1509
1546
1345
1168
967
994
1177
1464
1692
1862
2103
2412
2726
2967
2958
2843
2871
2944
2842
2503
2401
2471
2458
2372
2133
1885
1888
1924
1838
1720
1440
1257
1206
1072
1060
994
910
945
1005
1110
1100
1052
1070
1073
979
599
269
267
514
954
1785
3026
4420
5855
6862
7369
7178
6422
5011
3224
1459
-403
-2050
-3448
-4068
-3653
-2551
-836
1113
2973
4484
5207
5434
5158
4198
2749
991
-819
-2364
-3668
-4311
-4352
-3829
-2800
-1368
139
1151
1696
2016
1986
1658
602
-838
-2198
-3481
-4449
-5041
-5287
-5014
-4240
-3156
-2065
-1101
-502
-212
-111
-231
-742
-1537
-2288
-2909
-3711
-4391
-4699
-4897
-4710
-4364
-3939
-3528
-3224
-2920
-2634
-2730
-3072
-3403
-3676
-3848
-3754
-3498
-3350
-3044
-2620
-2333
-2108
-1651
-1445
-1613
-1840
-2020
-2065
-2178
-2335
-2463
-2447
-2458
-2508
-2157
-1895
-1687
-1256
-1054
-952
-819
-648
-826
-1257
-1807
-2584
-3411
-4366
-5353
-6320
-6846
-7103
-7148
-6901
-6269
-5469
-4801
-4060
-3123
-2414
-2159
-2190
-2483
-3144
-4069
-5077
-5943
-6718
-7090
-7086
-6798
-6084
-5207
-4292
-3459
-2783
-2188
-1927
-2031
-2273
-2619
-3272
-4037
-4721
-5195
-5204
-4921
-4714
-4048
-3207
-2528
-1846
-1344
-985
-703
-542
-501
-626
-828
-845
-899
-933
-950
-650
-184
199
667
1061
1278
1417
1574
1553
1431
1355
1379
1468
1377
1327
1413
1626
1682
1588
1563
1452
1353
1071
845
680
589
469
429
359
428
525
556
588
574
612
836
897
814
561
234
-228
-935
-1399
-1539
-1274
-449
718
1838
2726
3315
3297
2669
1584
414
-956
-2250
-3232
-3629
-3587
-3271
-2169
-725
662
1835
2706
3242
3058
2324
1035
-473
-1852
-3229
-4466
-5102
-5011
-4431
-3426
-2152
-678
342
1071
1558
1749
1516
746
-338
-1264
-2226
-2978
-3453
-3521
-3109
-2503
-1635
-631
255
879
1317
1455
1114
596
26
-710
-1326
-1905
-2337
-2616
-2752
-2500
-1963
-1310
-710
-215
129
170
44
-192
-580
-1095
-1518
-1829
-1955
-2059
-2031
-1836
-1641
-1527
-1480
-1345
-1105
-1161
-1345
-1570
-1891
-2296
-2548
-2735
-2816
-2708
-2479
-2289
-2123
-1880
-1611
-1498
-1476
-1614
-1699
-1791
-2272
-2900
-3565
-4240
-5019
-5936
-6770
-7411
-7661
-7676
-7320
-6625
-5504
-4408
-3644
-3072
-2626
-2323
-2468
-3010
-3599
-4376
-5139
-5803
-6165
-6159
-5812
-5174
-4219
-3116
-2062
-1174
-682
-401
-119
-194
-653
-1151
-1768
-2346
-2453
-2349
-2241
-1968
-1272
-548
83
688
1299
1821
2310
2665
2581
2287
2183
2134
1988
1903
2065
2302
2607
2850
3023
3389
3723
3968
4234
4105
3968
4049
4034
3914
3611
3295
3450
3513
3433
3503
3647
3565
3317
3041
2811
2582
2459
2341
2203
2109
2132
2111
2101
2088
2072
2209
2318
2474
2415
2164
1835
1474
913
436
438
1000
2145
3576
4924
5987
6522
6444
5844
5028
3951
2566
1294
147
-649
-954
-691
137
1195
2445
3733
4635
5214
5242
4746
3815
2560
1274
121
-868
-1492
-1694
-1560
-998
19
1219
2132
2945
3506
3583
3400
2933
2118
870
-335
-1085
-1653
-1993
-1973
-1366
-476
411
1218
1805
2078
2184
1979
1549
899
258
-429
-1116
-1719
-2181
-2198
-1861
-1386
-800
-444
-171
-5
161
113
-164
-457
-1024
-1459
-1788
-2079
-2135
-1878
-1502
-1290
-987
-463
-243
-289
-425
-506
-595
-868
-1229
-1493
-1637
-1731
-1673
-1394
-1063
-868
-766
-703
-589
-469
-329
-371
-479
-816
-1353
-1825
-2417
-3428
-4413
-5241
-5844
-6083
-5974
-5774
-5223
-4565
-3669
-2740
-1992
-1388
-1060
-1168
-1722
-2540
-3309
-4039
-4685
-5012
-5125
-5018
-4904
-4339
-3376
-2428
-1410
-676
-344
-169
-286
-754
-1230
-1673
-2158
-2553
-2729
-2704
-2563
-2058
-1455
-819
-136
543
1178
1446
1425
1414
1369
1358
1134
940
930
1033
1248
1535
1861
2192
2516
2894
3071
3051
3102
3180
3261
3267
3084
2936
2886
3006
3108
2997
3102
3178
3060
2903
2680
2685
2691
2422
2107
1887
1743
1767
1875
2088
2342
2461
2394
2416
2429
2339
2194
1911
1375
704
218
192
740
1501
2841
4319
5489
6124
6233
5940
5093
3859
2541
1230
-1
-901
-1437
-1503
-858
197
1429
2694
3852
4507
4589
4237
3357
2272
996
-325
-1523
-2340
-2931
-2848
-2127
-1121
13
1104
2001
2501
2656
2531
2134
1372
303
-745
-1738
-2556
-2939
-2738
-2092
-1296
-641
61
860
1400
1655
1670
1303
604
-149
-879
-1481
-2028
-2357
-2374
-2137
-1892
-1565
-997
-449
-176
-135
-258
-294
-460
-945
-1338
-1579
-1820
-1906
-1671
-1342
-1082
-786
-630
-452
-261
-223
-350
-487
-646
-870
-1011
-1310
-1495
-1375
-1234
-1005
-836
-663
-508
-459
-440
-338
-217
-241
-521
-941
-1573
-2353
-3118
-4093
-5035
-5683
-6044
-6204
-6187
-5675
-4857
-4070
-3107
-2180
-1484
-1117
-1143
-1484
-1944
-2680
-3556
-4373
-4859
-5021
-5064
-4750
-3989
-3191
-2472
-1634
-666
-12
313
257
-91
-483
-1006
-1628
-2055
-2118
-2064
-1986
-1648
-1055
-476
226
941
1445
1744
2010
2169
2151
2052
2012
1962
1884
1930
2096
2381
2761
3023
3127
3406
3845
4032
4089
4115
4107
4049
3923
3759
3581
3460
3490
3536
3473
3614
3570
3396
3359
3216
2999
2759
2483
2618
2533
2397
2489
2457
2390
2655
2775
2724
2666
2809
2909
2694
2139
1485
842
564
919
1671
2970
4423
5672
6530
6913
6824
6202
5115
3782
2419
1069
-68
-789
-914
-467
470
1790
3088
4273
5028
5237
5198
4685
3500
2092
680
-443
-1276
-1870
-1920
-1530
-783
250
1417
2484
3258
3684
3700
3288
2380
1320
252
-555
-1222
-1648
-1767
-1408
-833
-139
679
1468
2182
2556
2653
2412
1903
1185
366
-218
-837
-1387
-1671
-1674
-1308
-736
-283
52
362
541
639
495
269
-125
-614
-951
-1163
-1261
-1154
-809
-584
-544
-355
-12
271
416
365
284
44
-274
-608
-946
-1201
-1216
-995
-600
-301
-42
77
-8
33
175
314
352
138
-272
-774
-1462
-2285
-3126
-4038
-4677
-5127
-5285
-5357
-5103
-4308
-3411
-2491
-1586
-850
-511
-442
-643
-921
-1510
-2455
-3351
-3893
-4238
-4350
-4077
-3462
-2606
-1733
-948
-131
494
696
710
502
230
-134
-762
-1240
-1556
-1805
-1914
-1660
-1040
-379
304
999
1606
1930
1904
1873
1758
1548
1259
981
884
1030
1362
1829
2308
2537
2424
2336
2060
1508
903
388
70
77
528
1303
2113
2819
3316
3677
3687
3497
3073
2249
1367
486
-166
-269
64
768
1732
2898
4170
5266
6090
6568
6498
5929
5300
4460
3537
2831
2443
2137
2147
2656
3782
5338
6905
8339
9447
10089
10116
9388
8164
6609
4815
3052
1665
701
327
405
1219
2457
3705
4785
5587
5912
5722
5060
4109
2951
1548
122
-1037
-1707
-1890
-1749
-1153
-338
655
1546
2264
2497
2472
2358
1693
951
63
-973
-2024
-2976
-3403
-3445
-3102
-2626
-1853
-903
-152
453
845
927
706
231
-542
-1339
-1988
-2676
-2960
-2814
-2451
-1857
-1237
-579
-1
512
848
965
909
852
698
443
288
300
358
501
718
972
1345
1741
2105
2202
2229
2115
1886
1622
1409
1136
856
804
853
907
1052
1214
1419
1653
1632
1597
1442
1428
1415
1275
1046
595
-54
-773
-1700
-2647
-3471
-4083
-4475
-4714
-4657
-4192
-3446
-2716
-1978
-1139
-570
-447
-526
-916
-1640
-2640
-3552
-4399
-4823
-4920
-4785
-4473
-3650
-2871
-2212
-1508
-926
-423
-221
-469
-948
-1521
-2196
-2832
-3263
-3556
-3671
-3557
-3080
-2487
-1942
-1403
-798
-178
400
777
809
681
297
-273
-860
-1382
-1760
-1878
-1459
-903
-278
415
1100
1697
2044
2121
1796
1462
1172
486
-196
-565
-797
-748
-519
-93
466
903
1416
1644
1343
743
258
-189
-1062
-1841
-2332
-2437
-2459
-2365
-2040
-1602
-1069
-636
-508
-640
-1078
-2063
-3346
-4448
-5076
-5090
-4332
-3016
-1287
380
1509
2022
2035
1446
107
-1570
-3335
-5104
-6641
-7617
-7651
-6868
-5513
-3722
-2080
-671
347
740
595
-76
-1198
-2582
-4162
-5519
-6467
-6902
-6756
-5809
-4420
-3178
-1910
-690
190
621
592
315
-204
-1016
-2105
-3213
-3973
-4340
-4270
-3747
-2871
-1799
-721
225
829
1220
1392
1230
807
200
-511
-1173
-1670
-2037
-2251
-2182
-1850
-1404
-654
75
589
871
934
807
363
-210
-688
-876
-981
-1118
-1209
-969
-642
-406
-257
58
261
238
382
333
263
82
-287
-419
-561
-587
-345
-257
-1
349
397
591
873
1050
1008
1024
973
611
154
-563
-1373
-2191
-2747
-3167
-3603
-3560
-3134
-2771
-2164
-1107
165
1108
1588
2055
2207
1962
1480
844
231
-423
-856
-961
-855
-462
383
1456
2473
3194
3757
4346
4488
4283
4085
3820
3343
2683
2036
1679
1475
1585
2009
2409
2905
3606
4120
4323
4435
4454
4235
3901
3605
3305
3165
3006
2911
2885
2979
3179
3357
3542
3715
3758
3772
3907
3919
3889
3625
3260
3203
3218
3120
3092
3148
3125
3154
3109
3009
2885
2760
2464
2167
2083
1872
1740
1854
1945
1859
1805
1818
2023
2288
2372
2455
2300
2182
1843
1200
409
-161
-45
770
1917
3269
4532
5469
5930
5988
5426
4445
3448
2345
1162
323
30
229
691
1538
2710
3939
5004
5714
6077
5855
5121
4046
2851
1747
758
-104
-394
-146
500
1451
2396
3232
4034
4795
5262
5253
4867
4094
3187
2165
1183
539
166
122
480
1090
1927
2919
3679
4140
4285
4215
4039
3565
2697
1968
1429
949
604
555
768
1033
1324
1767
2419
2899
2983
2938
2737
2434
1982
1630
1435
1192
898
678
762
839
1248
1686
2010
2171
2148
2098
2061
1890
1587
1380
1328
1226
1095
1232
1421
1590
1736
1899
2139
2400
2533
2631
2638
2543
2227
1940
1368
649
-317
-1248
-1716
-2129
-2413
-2429
-2058
-1504
-608
246
947
1616
2043
2204
2028
1633
1057
288
-502
-1121
-1344
-1362
-946
-215
496
1176
1916
2650
3223
3504
3453
3210
2682
2023
1402
747
32
-335
-295
-2
451
942
1437
2005
2485
2609
2616
2433
2297
1976
1669
1377
897
700
725
879
941
1084
1297
1595
1872
1978
1947
1874
1725
1551
1351
1204
1027
840
847
943
939
703
607
656
546
396
185
-50
-268
-444
-403
-436
-684
-830
-690
-508
-592
-716
-653
-475
-509
-603
-861
-1354
-1803
-1992
-1690
-978
256
1908
3436
4518
5119
5014
4143
2848
1298
-392
-2153
-3460
-4126
-4486
-4234
-3208
-1572
99
1693
2799
3455
3571
2997
2028
693
-822
-2366
-3610
-4599
-4996
-4731
-3950
-2759
-1690
-434
782
1406
1609
1325
720
-114
-1235
-2435
-3490
-4215
-4445
-4272
-3906
-3010
-2047
-1191
-468
182
610
757
523
-68
-864
-1780
-2528
-3164
-3504
-3400
-3122
-2747
-2250
-1739
-1355
-1094
-896
-901
-1153
-1368
-1780
-2156
-2338
-2344
-2156
-1893
-1402
-833
-347
-101
53
10
-18
-42
-144
-228
-565
-741
-855
-830
-531
-299
-40
186
418
722
1081
1122
1092
1035
889
756
313
-310
-1140
-1872
-2582
-3310
-3756
-3999
-3979
-3758
-3178
-2267
-1436
-593
382
1012
1321
1246
877
133
-767
-1585
-2239
-2479
-2501
-2460
-2143
-1419
-634
354
1297
1916
2234
2241
2098
1587
1045
340
-250
-731
-1134
-1264
-1165
-809
-448
-33
470
905
1373
1712
1651
1405
1269
854
394
155
62
140
233
402
688
940
1203
1534
1657
1698
1917
1784
1623
1637
1493
1366
1336
1284
1277
1251
1374
1443
1337
1321
1188
1057
920
730
418
144
74
213
207
122
254
472
651
676
644
692
812
655
273
-100
-356
-230
296
