-4777
-4452
-4043
-3745
-3459
-3350
-3430
-3704
-4009
-4079
-4221
-4450
-4512
-4459
-4149
-3866
-3546
-3341
-3368
-3219
-3027
-2848
-2822
-3050
-3227
-3520
-4270
-5295
-6301
-6976
-7710
-8399
-8679
-8677
-8266
-7577
-6918
-6045
-5068
-4192
-3553
-3146
-2938
-3390
-4184
-4893
-5617
-6324
-6996
-7268
-6864
-6097
-5201
-4204
-3241
-2404
-1841
-1422
-1467
-1720
-2211
-2803
-3491
-4228
-4919
-5287
-5283
-5040
-4564
-3997
-3393
-2717
-2330
-2127
-2281
-2758
-3463
-4227
-4978
-5236
-5283
-5240
-4618
-3377
-1960
-964
-745
-1244
-2493
-4054
-5758
-7778
-9759
-11087
-11619
-11387
-10717
-9372
-7561
-5864
-4627
-4162
-4412
-5465
-6989
-8917
-10828
-12173
-12909
-12987
-12212
-10510
-8215
-5771
-3353
-1027
729
1549
1466
603
-698
-2078
-3573
-5097
-6412
-7036
-6491
-4730
-2084
807
3354
5445
6602
6715
5834
4355
2503
365
-1941
-4166
-5829
-6503
-6158
-5060
-3560
-1773
-159
679
774
402
-513
-2151
-4158
-6301
-8044
-9265
-10243
-10456
-9792
-8465
-6746
-5068
-3855
-3028
-2702
-3067
-3946
-5343
-7064
-8912
-10488
-11472
-11983
-12088
-11384
-10246
-8919
-7592
-6333
-5169
-4519
-4514
-5069
-5895
-7058
-8514
-9907
-10934
-11605
-11784
-11704
-11102
-9831
-8591
-7376
-5922
-4678
-3895
-3492
-3346
-3331
-3482
-3661
-3729
-3748
-3699
-3449
-2940
-2285
-1576
-986
-748
-806
-923
-951
-838
-810
-1076
-1280
-1627
-1792
-1707
-1729
-1782
-1791
-1894
-1960
-2183
-2446
-2677
-2928
-3053
-3173
-3467
-3966
-4647
-5439
-6132
-6502
-6954
-7280
-7231
-6927
-6360
-5726
-5142
-4459
-3793
-3464
-3397
-3678
-4174
-4847
-5725
-6659
-7548
-8179
-8438
-8400
-8220
-7759
-6766
-5847
-5189
-4561
-4142
-3930
-3768
-3897
-4258
-4809
-5310
-5590
-5626
-5321
-4786
-4072
-3198
-2234
-1278
-441
244
891
1192
1365
1740
1807
1611
1344
650
-268
-1214
-2287
-3219
-3901
-4086
-3325
-1632
362
2304
3851
4822
5314
5232
4562
3057
1238
-754
-2523
-3661
-3959
-3472
-2114
-217
1725
3533
5027
5964
6100
5409
4240
2905
1388
-106
-1412
-1862
-1525
-426
1222
3107
4943
6241
6933
7135
6818
6391
5990
5929
6203
6594
7026
7007
6765
6543
6173
5368
4303
3309
2179
1087
222
-180
-72
648
1548
2602
3696
4404
4655
4712
4247
3442
2337
1041
-61
-1074
-1937
-2228
-2075
-1412
-562
298
945
1503
1829
1952
1639
925
48
-981
-1972
-2919
-3758
-4111
-4125
-4035
-3829
-3475
-3172
-3127
-3064
-2885
-2931
-3231
-3735
-4190
-4429
-4571
-4446
-4413
-4203
-4002
-3754
-3254
-2950
-2861
-2964
-3096
-3105
-3456
-3841
-3996
-3970
-3696
-3576
-3332
-2915
-2280
-1690
-1332
-1009
-620
-482
-646
-1200
-1663
-2042
-2371
-2707
-3134
-3268
-3340
-3158
-2804
-2474
-2480
-2257
-1928
-1653
-1529
-1758
-2223
-2964
-4080
-5397
-6731
-8097
-9528
-10624
-11060
-10776
-10278
-9703
-8690
-7634
-6820
-5936
-5125
-4784
-4815
-5375
-6190
-7026
-8041
-9123
-9954
-10297
-10131
-9713
-9076
-8124
-7179
-6438
-5698
-5514
-5640
-5800
-6114
-6588
-7097
-7679
-8215
-8470
-8460
-8253
-7943
-7544
-6640
-5575
-4818
-4307
-3863
-3580
-3413
-3271
-3203
-3173
-2867
-2584
-2398
-2249
-1971
-1300
-779
-440
-314
-375
-418
-479
-512
-630
-789
-839
-906
-1008
-1083
-1151
-1203
-1277
-1353
-1375
-1556
-1787
-1961
-2109
-2143
-2412
-2859
-3157
-3184
-2883
-2740
-2837
-2785
-2588
-2332
-2108
-2207
-2361
-2654
-3208
-4029
-4425
-4351
-4011
-3141
-1711
-169
886
1284
1124
492
-705
-2396
-4098
-5540
-6749
-7680
-8028
-7705
-7052
-5847
-4334
-2826
-1715
-1228
-1140
-1637
-2575
-3906
-5471
-6944
-8308
-9180
-9412
-9010
-7894
-6529
-5131
-3976
-3107
-2462
-2281
-2432
-3011
-3979
-5212
-6467
-7699
-8332
-8298
-8050
-7598
-6725
-5556
-4604
-3829
-3216
-2864
-2933
-3250
-3780
-4552
-5382
-6193
-6758
-6970
-7000
-6899
-6485
-5852
-5223
-4847
-4729
-4564
-4437
-4628
-5049
-5584
-5964
-6203
-6438
-6401
-6252
-6097
-5843
-5493
-5068
-4817
-5022
-5206
-5239
-5477
-5774
-6088
-6328
-6417
-6336
-6162
-5957
-5775
-5473
-5277
-5224
-5114
-4954
-4831
-4701
-4846
-5394
-5923
-6478
-7327
-8433
-9568
-10477
-10816
-10945
-10861
-10418
-9848
-9167
-8209
-6969
-5883
-5428
-5261
-5301
-5670
-6418
-7196
-8138
-8902
-9368
-9637
-9295
-8583
-7747
-6795
-5656
-4610
-3911
-3407
-3133
-3283
-3670
-4084
-4294
-4709
-5146
-5382
-5343
-5045
-4597
-4029
-3392
-2772
-2024
-1322
-855
-757
-681
-551
-659
-815
-778
-684
-503
-376
-292
66
606
991
1271
1527
1564
1687
1812
1978
1969
1633
1486
1411
1414
1461
1402
1246
1261
1323
1195
850
699
534
280
20
-133
-105
-4
34
63
184
358
630
741
599
524
625
439
-105
-616
-1050
-1030
-510
471
1805
3287
4644
5440
5729
5297
4433
3304
1902
417
-943
-1894
-2402
-2391
-1705
-605
637
2019
3133
3656
3797
3680
3009
1751
337
-1047
-2280
-3088
-3504
-3323
-2562
-1455
-267
959
1814
2252
2540
2458
1786
834
-165
-1299
-2337
-3042
-3409
-3393
-3070
-2516
-1708
-685
113
571
724
631
258
-337
-992
-1770
-2520
-3117
-3470
-3507
-3412
-3079
-2576
-2040
-1634
-1424
-1238
-1178
-1304
-1632
-1934
-2323
-2728
-2889
-3066
-3183
-3012
-2689
-2175
-1772
-1501
-1442
-1409
-1388
-1627
-2142
-2448
-2666
-2985
-3168
-3039
-2799
-2559
-2430
-2301
-2039
-1817
-1780
-1822
-1619
-1490
-1697
-2229
-2912
-3752
-4716
-5709
-6661
-7425
-7780
-7992
-7839
-7205
-6378
-5484
-4548
-3675
-2943
-2725
-2890
-3245
-3762
-4448
-5372
-6239
-6983
-7240
-7024
-6624
-6082
-5406
-4440
-3385
-2648
-1958
-1697
-1831
-2152
-2570
-3060
-3566
-4179
-4751
-4936
-4695
-4290
-3782
-3052
-2202
-1527
-967
-484
-261
-300
-423
-650
-741
-870
-857
-791
-586
-402
-227
159
578
941
1303
1476
1554
1624
1581
1720
1764
1496
1233
1201
1200
1252
1114
942
928
903
901
670
405
279
269
200
-58
-367
-394
-440
-471
-293
-50
15
-104
-153
-84
-374
-746
-1340
-1927
-2171
-2022
-1124
176
1465
2967
4149
4531
4246
3624
2537
989
-670
-2147
-3303
-4172
-4313
-3812
-2945
-1781
-458
977
1922
2262
1950
1159
52
-1341
-2809
-4262
-5310
-5813
-5801
-5317
-4347
-3082
-1842
-713
-84
350
251
-124
-911
-2040
-3166
-4360
-5202
-5516
-5559
-5364
-4744
-3994
-3140
-2334
-1694
-1257
-1117
-1331
-1869
-2697
-3623
-4483
-5186
-5616
-5990
-6042
-5541
-4895
-4399
-4015
-3629
-3231
-3062
-3085
-3440
-3876
-4249
-4670
-4909
-4995
-5097
-5020
-4638
-4368
-3998
-3643
-3525
-3624
-3677
-3795
-3965
-4247
-4515
-4626
-4717
-4714
-4709
-4588
-4505
-4372
-4212
-4100
-3932
-3688
-3429
-3506
-3877
-4403
-4981
-5714
-6392
-7356
-8315
-9005
-9675
-9920
-9640
-9061
-8550
-7729
-6641
-5642
-4974
-4459
-4323
-4507
-5124
-6000
-6792
-7531
-8236
-8690
-8824
-8573
-7880
-7081
-6094
-5089
-4182
-3574
-3170
-3053
-3182
-3817
-4396
-4867
-5304
-5636
-5812
-5568
-5072
-4442
-3739
-3019
-2324
-1784
-1293
-1056
-736
-614
-710
-840
-983
-1071
-1050
-756
-468
-327
32
381
889
1197
1403
1475
1624
1709
1776
1724
1589
1343
1337
1341
1322
1387
1518
1612
1595
1434
1131
996
906
788
570
363
230
271
486
649
623
828
1082
1110
948
787
695
282
-484
-1514
-2391
-2879
-2761
-2125
-961
345
1478
2112
2265
1957
1506
748
-205
-1146
-1750
-2143
-2183
-1809
-934
303
1311
2170
2772
2818
2472
1684
896
-90
-1350
-2276
-3008
-3483
-3263
-2534
-1368
-178
839
1728
2491
2985
2979
2387
1697
812
-339
-1267
-1689
-1858
-1935
-1633
-939
-157
671
1571
2425
2855
2789
2304
1694
979
285
-418
-1066
-1473
-1808
-1840
-1448
-624
121
652
975
1206
1328
1092
697
194
-426
-943
-1555
-2063
-2310
-2350
-2371
-2198
-1835
-1632
-1498
-1536
-1545
-1761
-2020
-2178
-2539
-2795
-2949
-2907
-2888
-2915
-2864
-2726
-2649
-2668
-2565
-2417
-2337
-2419
-2464
-2787
-3400
-3933
-4557
-5334
-6319
-7339
-8025
-8298
-8134
-7754
-7185
-6393
-5708
-4876
-3967
-3194
-2798
-2887
-3164
-3649
-4401
-5328
-6112
-6633
-6803
-6368
-5626
-4700
-3775
-2886
-1988
-1139
-587
-515
-689
-788
-1092
-1667
-2213
-2463
-2562
-2680
-2484
-1864
-1203
-482
146
886
1312
1741
1953
1714
1520
1330
1177
895
756
854
1025
1122
1301
1628
2096
2486
2620
2749
2933
2983
2724
2558
2403
2083
2071
2114
1945
1825
1904
2061
1982
1914
1859
1588
1241
1020
924
792
512
338
347
403
474
443
424
619
800
838
743
611
612
467
585
1357
2516
3852
5278
6761
7768
8073
7815
7002
5441
3266
1074
-1110
-2957
-4122
-4667
-4423
-3287
-1501
751
2962
4762
5815
6026
5739
4789
3144
1101
-958
-2809
-4328
-5091
-5178
-4636
-3331
-1792
-337
761
1589
2003
1972
1370
461
-725
-2219
-3696
-4946
-5916
-6217
-5974
-5351
-4278
-2959
-1772
-1035
-597
-514
-611
-822
-1411
-2463
-3654
-4547
-4991
-5275
-5401
-5237
-4984
-4695
-4322
-3946
-3611
-3450
-3317
-3321
-3632
-3866
-4000
-4020
-3796
-3639
-3452
-3159
-2520
-1981
-1671
-1474
-1485
-1704
-2059
-2231
-2212
-2277
-2593
-2843
-2704
-2335
-1819
-1485
-1241
-979
-819
-703
-603
-595
-786
-1087
-1691
-2455
-3326
-4285
-5326
-6172
-6775
-7116
-6996
-6751
-6291
-5403
-4430
-3525
-2780
-2348
-1992
-1960
-2352
-3078
-3965
-4954
-5769
-6396
-6761
-6830
-6548
-5953
-5151
-4154
-3199
-2506
-2004
-1620
-1712
-2062
-2643
-3383
-4255
-4986
-5337
-5178
-4905
-4506
-4069
-3485
-2855
-2168
-1404
-884
-566
-449
-437
-508
-574
-692
-727
-629
-478
-207
145
493
951
1368
1739
1980
2118
2339
2401
2214
2221
2248
2170
1967
1927
1987
2007
1981
2082
2117
1901
1657
1462
1337
1176
1081
983
884
1019
1012
1122
1271
1411
1511
1573
1604
1586
1313
884
382
-261
-846
-1042
-867
-335
678
1858
2857
3237
3124
2557
1494
392
-742
-1922
-2920
-3523
-3584
-2863
-1569
-229
1070
2435
3405
3646
3437
2729
1461
-13
-1596
-3065
-4169
-4737
-4800
-4133
-3147
-1850
-403
812
1725
2387
2506
2100
1524
610
-411
-1413
-2429
-3114
-3191
-2598
-1788
-708
344
1125
1686
1981
2127
2029
1639
1027
304
-522
-1259
-1886
-2076
-1910
-1667
-1192
-576
-5
514
1067
1265
1179
736
187
-188
-464
-852
-1207
-1415
-1448
-1179
-1015
-967
-747
-652
-745
-931
-1245
-1580
-1857
-2087
-2271
-2401
-2310
-2138
-2230
-2133
-1889
-1813
-1802
-1751
-1523
-1508
-1650
-1938
-2359
-2945
-3606
-4408
-5486
-6446
-7104
-7514
-7629
-7445
-7076
-6419
-5620
-4717
-3750
-3135
-2856
-2681
-2752
-3231
-3879
-4579
-5361
-6078
-6602
-6566
-6038
-5235
-4350
-3431
-2452
-1560
-935
-305
-99
-267
-608
-1105
-1534
-1863
-2141
-2241
-2088
-1833
-1386
-733
-11
682
1472
2165
2513
2714
2691
2606
2427
2315
2269
2267
2414
2415
2580
2904
3181
3505
3726
3925
4184
4300
4355
4238
3957
3751
3596
3475
3581
3526
3503
3765
3709
3430
3272
3168
3094
2756
2462
2355
2236
2046
1906
1882
1969
2077
2129
2186
2161
2107
2204
2138
1817
1152
503
308
463
966
1939
3270
4745
5942
6623
6562
6093
5205
4001
2634
1261
90
-644
-976
-829
110
1421
2669
3791
4655
5225
5335
4854
3907
2820
1686
423
-841
-1582
-1716
-1412
-532
535
1546
2566
3357
3876
3871
3432
2771
2021
977
-254
-1230
-1701
-1824
-1491
-927
-217
503
1194
1992
2504
2503
2320
1884
1078
161
-591
-1257
-1860
-2355
-2540
-2135
-1596
-1119
-771
-363
-233
-183
-105
-229
-672
-1166
-1574
-1766
-1927
-2115
-2012
-1815
-1484
-1093
-777
-670
-512
-405
-469
-797
-1073
-1352
-1554
-1745
-1795
-1756
-1597
-1352
-1005
-807
-779
-581
-443
-441
-436
-481
-777
-1141
-1678
-2678
-3732
-4623
-5421
-5998
-6270
-6173
-5830
-5398
-4763
-3810
-2813
-1946
-1321
-1122
-1244
-1717
-2247
-2833
-3631
-4466
-4985
-5212
-5107
-4851
-4021
-3058
-2190
-1224
-565
-234
-101
-178
-546
-1063
-1612
-2181
-2653
-2831
-2878
-2719
-2265
-1703
-1032
-303
354
892
1202
1428
1444
1341
1070
971
961
886
865
1009
1309
1549
1810
2286
2774
3054
3115
3254
3455
3425
3232
2949
2892
2912
2687
2649
2576
2628
2685
2693
2561
2606
2523
2251
1989
1827
1595
1419
1582
1656
1654
1744
1846
2022
2146
2107
2013
2002
1830
1493
767
40
-86
407
1443
2855
4390
5508
6145
6351
6027
5331
4149
2712
1290
-117
-1220
-1741
-1677
-1160
-143
1100
2497
3701
4406
4623
4367
3646
2369
717
-736
-1845
-2699
-3107
-2981
-2330
-1274
-150
818
1618
2261
2705
2871
2332
1311
224
-865
-1791
-2522
-2900
-2792
-2366
-1706
-782
218
1084
1543
1760
1745
1420
761
-136
-873
-1525
-2179
-2586
-2751
-2675
-2274
-1744
-1239
-593
-231
-64
134
127
-173
-660
-1058
-1502
-1844
-1974
-1804
-1523
-1181
-776
-547
-339
-69
-36
9
-91
-478
-986
-1163
-1136
-1254
-1398
-1268
-1030
-713
-508
-477
-502
-374
-190
-144
-208
-387
-830
-1523
-2319
-3061
-3864
-4759
-5640
-6206
-6401
-6172
-5541
-4547
-3662
-2831
-2061
-1618
-1421
-1326
-1535
-2038
-2770
-3667
-4431
-4903
-5083
-5191
-4883
-4154
-3270
-2275
-1339
-663
-131
141
183
-201
-669
-971
-1354
-1933
-2411
-2711
-2483
-2140
-1648
-821
-1
727
1436
1912
2106
2044
1963
2048
1894
1691
1728
1852
2093
2206
2254
2549
3032
3506
3649
3863
4022
4076
3940
3883
3839
3713
3518
3260
3229
3169
3294
3446
3326
3149
2981
2781
2700
2469
2270
2196
2225
2235
2213
2125
2211
2307
2386
2522
2529
2571
2728
2558
2007
1292
730
476
712
1397
2551
4037
5379
6411
6906
6717
6004
4838
3640
2394
1091
-85
-913
-1160
-745
281
1609
2845
3980
4930
5278
5030
4369
3288
2129
804
-651
-1560
-2018
-2121
-1708
-987
220
1452
2432
3261
3528
3514
3213
2539
1501
367
-723
-1414
-1836
-2064
-1840
-1072
-218
655
1488
2092
2472
2442
2190
1757
1015
245
-492
-1202
-1589
-1735
-1654
-1365
-846
-352
141
494
653
545
505
262
-114
-370
-788
-1065
-1250
-1340
-1117
-819
-580
-185
232
398
358
385
362
121
-310
-730
-895
-877
-822
-714
-677
-534
-420
-317
-179
-137
-15
193
299
256
-109
-754
-1564
-2292
-3135
-4015
-4612
-5188
-5552
-5674
-5489
-4765
-3701
-2645
-1920
-1400
-921
-626
-643
-1195
-1870
-2601
-3368
-4068
-4495
-4532
-4251
-3640
-2785
-1881
-1057
-290
264
721
840
672
341
-227
-810
-1316
-1751
-1977
-1867
-1514
-1079
-451
362
1111
1714
2131
2149
2129
1991
1633
1327
1197
1151
1301
1620
2170
2780
3038
2879
2761
2343
1633
999
478
266
332
753
1305
1916
2797
3547
3998
4134
3961
3433
2652
1691
792
242
-9
250
903
1771
3038
4335
5387
6202
6667
6698
6246
5623
4814
4003
3392
2786
2354
2290
2734
3856
5473
7338
8814
9744
10249
10297
9573
8283
6662
4936
3302
2004
987
357
564
1392
2396
3568
4775
5712
6240
6043
5372
4516
3363
1826
345
-910
-1673
-1983
-1886
-1276
-354
624
1507
2233
2835
3049
2856
2279
1468
463
-861
-1934
-2723
-3238
-3374
-2991
-2458
-1721
-888
-99
515
900
881
559
114
-528
-1322
-2003
-2543
-2921
-2929
-2697
-2240
-1425
-531
331
731
888
1009
965
751
525
337
113
36
215
535
767
974
1285
1614
2041
2139
1977
1988
2128
2041
1803
1460
1334
1054
878
1017
1205
1261
1249
1206
1166
1164
1295
1322
1175
1066
795
215
-535
-1470
-2289
-3004
-3814
-4590
-5038
-5080
-4894
-4455
-3815
-3238
-2490
-1815
-1300
-934
-1043
-1462
-2283
-3148
-3814
-4477
-5007
-5370
-5187
-4684
-4097
-3229
-2297
-1579
-1166
-951
-867
-1048
-1471
-2166
-2862
-3467
-3917
-4253
-4370
-4230
-3937
-3384
-2775
-1914
-1144
-547
-296
-109
95
-94
-618
-1022
-1334
-1673
-2057
-2073
-1750
-1216
-656
-58
465
1065
1487
1492
1329
906
412
-109
-733
-1271
-1516
-1252
-943
-632
-205
292
864
1036
782
290
-302
-1045
-1814
-2513
-3071
-3231
-3241
-3140
-2783
-2224
-1610
-1243
-1093
-1323
-1878
-2762
-3964
-5046
-5848
-5949
-5198
-3891
-2014
-251
851
1491
1566
875
-385
-2127
-4111
-6115
-7610
-8388
-8507
-7875
-6644
-4832
-2814
-1324
-281
34
-274
-867
-1975
-3441
-5086
-6521
-7517
-7904
-7527
-6480
-5115
-3620
-2205
-1105
-392
120
181
-212
-959
-1915
-3045
-4130
-4914
-5319
-5079
-4341
-3401
-2362
-1132
-203
477
1081
1253
868
296
-363
-1255
-1925
-2359
-2659
-2937
-2724
-2069
-1537
-997
-439
89
488
458
290
-23
-461
-840
-1230
-1590
-1871
-1937
-1586
-1095
-747
-295
19
180
399
466
215
-93
-386
-562
-706
-981
-903
-729
-530
-247
100
246
404
563
660
756
867
812
506
-55
-823
-1630
-2549
-3299
-3723
-4047
-4012
-3601
-3041
-2375
-1404
-351
554
1324
1791
1928
1555
988
656
166
-516
-926
-972
-801
-409
350
1113
1965
2881
3533
4143
4286
4104
3953
3574
3053
2342
1754
1555
1592
1664
1889
2308
2908
3579
3887
4077
4341
4379
4182
3965
3750
3396
3123
3007
2928
2965
3003
3105
3438
3819
4127
4116
4116
4126
4005
3810
3689
3672
3375
3031
2919
2897
2924
2885
2929
2966
2871
2916
2758
2490
2252
2060
1929
1839
1798
1805
1734
1800
1983
2127
2212
2250
2235
2102
2016
1737
1247
798
490
551
1404
2814
4343
5667
6619
7042
6931
6322
5396
4087
2711
1566
548
-253
-347
229
1369
2637
3935
5109
5957
6273
6150
5631
4707
3483
2200
870
-240
-776
-599
-95
625
1602
2789
3999
4864
5231
5143
4658
3997
2951
1768
817
-33
-379
-338
-95
561
1499
2433
3142
3724
4198
4210
3761
3164
2516
1718
1113
585
-35
-352
-124
212
632
981
1377
2029
2465
2435
2267
2128
1769
1413
1078
749
719
676
670
1030
1437
1884
2254
2403
2414
2421
2489
2363
1905
1634
1556
1361
1299
1317
1513
1952
2266
2430
2387
2603
2777
2828
2867
2642
2325
1954
1467
657
-248
-1038
-1577
-2016
-2297
-2258
-1976
-1383
-521
400
1312
1986
2445
2498
2413
2048
1390
727
-25
-641
-1150
-1251
-1037
-385
516
1405
2045
2496
2969
3277
3154
2728
2218
1769
1165
509
-28
-390
-323
-235
37
585
1223
1772
2105
2306
2394
2194
1794
1492
1101
789
607
484
398
562
804
1067
1264
1480
1744
1842
1943
1881
1682
1355
1052
992
1011
934
786
664
631
775
737
526
558
491
216
-170
-454
-537
-776
-898
-894
-857
-863
-859
-567
-385
-345
-476
-550
-611
-896
-1383
-1898
-2318
-2404
-1833
-709
704
2157
3556
4445
4551
3921
2535
1064
-322
-1600
-2877
-3782
-4166
-3995
-3214
-1830
-272
1053
1991
2615
2674
2264
1215
-153
-1358
-2725
-4084
-4835
-5082
-4844
-3937
-2662
-1334
-270
404
981
1377
1073
208
-656
-1502
-2509
-3511
-4062
-4202
-3848
-3183
-2448
-1794
-1013
-146
435
700
773
390
-329
-1306
-2181
-2672
-3110
-3391
-3483
-3274
-2756
-2019
-1499
-1066
-711
-593
-520
-572
-820
-1286
-1816
-2170
-2196
-2104
-2023
-1576
-1165
-841
-530
-188
44
-5
-207
-347
-483
-822
-963
-1007
-1038
-931
-641
-440
-201
-59
-6
155
464
776
822
809
573
38
-602
-1381
-2183
-2986
-3716
-4264
-4509
-4648
-4276
-3650
-2886
-1818
-811
-23
524
723
622
233
-431
-1079
-1698
-2237
-2588
-2645
-2462
-2043
-1309
-300
497
1231
1964
2342
2307
1921
1520
1223
543
-200
-826
-1170
-1138
-1008
-705
-184
453
1174
1706
1899
2001
2178
2091
1754
1379
1236
951
562
500
595
722
1025
1407
1670
1998
2269
2276
2160
1980
1861
1765
1647
1499
1540
1435
1258
1075
1124
1278
1352
1239
1114
1049
854
485
268
96
-38
-134
-108
52
153
298
430
561
573
557
518
592
466
223
78
448
1122
