-4907
-4485
-4095
-3934
-3894
-3833
-3748
-3766
-3977
-4205
-4426
-4596
-4516
-4436
-4405
-4119
-3884
-3910
-3853
-3533
-3290
-3241
-3272
-3261
-3430
-3893
-4507
-5429
-6332
-7135
-7872
-8289
-8514
-8540
-8210
-7476
-6746
-6041
-5266
-4304
-3557
-3265
-3358
-3772
-4513
-5209
-5858
-6436
-6757
-6769
-6700
-6130
-5402
-4631
-3741
-3000
-2349
-2000
-1939
-2232
-2608
-3152
-3823
-4386
-4888
-5222
-5406
-5310
-4887
-4323
-3626
-2982
-2595
-2464
-2697
-3117
-3695
-4506
-5195
-5528
-5465
-5248
-4614
-3432
-2097
-1211
-988
-1593
-2708
-4229
-6141
-8116
-9791
-11202
-11985
-11816
-10839
-9190
-7491
-6049
-5079
-4703
-4877
-5563
-6983
-9000
-10887
-12306
-13197
-13215
-12205
-10448
-8090
-5626
-3238
-1002
381
1023
988
228
-895
-2247
-3920
-5631
-6928
-7403
-6584
-4711
-2159
486
3187
5403
6537
6621
5733
4111
2097
-365
-2614
-4528
-6062
-6623
-6226
-5108
-3529
-1910
-502
494
723
222
-786
-2416
-4562
-6674
-8647
-10044
-10435
-10300
-9588
-8330
-6790
-5336
-4214
-3609
-3277
-3401
-4170
-5647
-7529
-9291
-10732
-11852
-12441
-12330
-11519
-10483
-9279
-7831
-6467
-5492
-4891
-4888
-5469
-6424
-7637
-8810
-9861
-10691
-11374
-11753
-11399
-10810
-9699
-8454
-7227
-6121
-5290
-4741
-4269
-3787
-3655
-3808
-4171
-4312
-4169
-3935
-3708
-3383
-2702
-1887
-1302
-968
-818
-682
-691
-942
-1161
-1247
-1526
-1855
-1989
-1975
-1927
-1910
-1852
-1844
-2099
-2361
-2602
-2780
-3061
-3112
-3085
-3451
-4006
-4735
-5295
-5709
-6352
-6719
-6914
-6956
-6770
-6275
-5523
-4956
-4428
-3754
-3326
-3236
-3393
-3840
-4602
-5620
-6642
-7411
-7990
-8518
-8670
-8412
-7750
-7087
-6473
-5595
-4832
-4336
-4204
-4332
-4511
-4844
-5243
-5596
-5731
-5647
-5430
-5036
-4306
-3416
-2413
-1384
-577
99
615
997
1180
1340
1513
1486
1191
515
-409
-1360
-2445
-3546
-4332
-4482
-3500
-1910
-92
1795
3455
4620
5218
5191
4293
2871
1036
-896
-2687
-3765
-4101
-3610
-2175
-112
1929
3763
5225
6234
6421
5804
4719
3244
1617
130
-926
-1602
-1498
-431
1228
3212
5095
6427
7216
7275
6990
6565
6232
6160
6189
6640
6931
6843
6685
6458
5846
4877
3957
2953
1864
935
336
-1
42
693
1732
2837
3709
4187
4550
4500
3985
3128
1987
779
-180
-1188
-1930
-2101
-1859
-1476
-900
-96
732
1252
1526
1511
1234
583
-352
-1347
-2346
-3191
-3703
-3864
-3882
-3791
-3728
-3595
-3316
-3281
-3182
-3267
-3554
-3837
-4103
-4298
-4367
-4503
-4583
-4475
-4208
-3947
-3490
-3090
-2948
-2833
-2905
-3273
-3565
-3893
-4009
-4070
-4141
-4121
-3859
-3469
-3100
-2539
-1950
-1409
-1064
-833
-744
-894
-1048
-1459
-1935
-2461
-3040
-3192
-3288
-3231
-3073
-2922
-2578
-2402
-2231
-2004
-1913
-1648
-1734
-2217
-2822
-3622
-4863
-6487
-7996
-9106
-9806
-10242
-10407
-10216
-9524
-8486
-7518
-6460
-5573
-4838
-4419
-4730
-5339
-6038
-6970
-8041
-8997
-9563
-9782
-9942
-9702
-9029
-8299
-7434
-6729
-6153
-5912
-5822
-5910
-6229
-6712
-7275
-7739
-8198
-8498
-8463
-8170
-7577
-6967
-6488
-5838
-5222
-4632
-4074
-3661
-3417
-3212
-2946
-2595
-2367
-2404
-2401
-2201
-1913
-1472
-1098
-645
-495
-319
-131
-262
-396
-654
-703
-733
-1001
-1189
-1298
-1391
-1277
-1203
-1042
-1063
-1265
-1465
-1786
-1959
-2110
-2373
-2604
-2754
-2707
-2661
-2778
-2761
-2578
-2400
-2214
-2210
-2153
-2168
-2501
-3087
-3759
-4274
-4359
-3901
-3020
-1830
-624
424
1061
861
27
-953
-2183
-3809
-5524
-6959
-7954
-8274
-7947
-7048
-5871
-4463
-3195
-2171
-1723
-1650
-2001
-3021
-4479
-5847
-7055
-8093
-8957
-9274
-8726
-7541
-6286
-5010
-3931
-3037
-2596
-2576
-2655
-3158
-4194
-5340
-6495
-7511
-8216
-8365
-8078
-7401
-6491
-5551
-4535
-3746
-3247
-2937
-3006
-3402
-4001
-4806
-5449
-6013
-6549
-6803
-6852
-6787
-6311
-5873
-5390
-4966
-4655
-4623
-4726
-4827
-5127
-5558
-5995
-6416
-6752
-6791
-6609
-6411
-6376
-6077
-5756
-5378
-5361
-5672
-5898
-5874
-5839
-6061
-6400
-6688
-6827
-6754
-6695
-6335
-5779
-5486
-5416
-5388
-5262
-5004
-4852
-4935
-5301
-5809
-6520
-7393
-8370
-9310
-10155
-10695
-10896
-10864
-10634
-10083
-9203
-8202
-7224
-6358
-5836
-5644
-5630
-5939
-6611
-7515
-8330
-8857
-9175
-9321
-9129
-8594
-7772
-6741
-5659
-4869
-4238
-3843
-3382
-3334
-3683
-4143
-4628
-5105
-5480
-5766
-5716
-5446
-4889
-4233
-3587
-2862
-2091
-1377
-823
-721
-804
-1010
-1140
-1089
-927
-851
-742
-610
-254
139
482
840
1180
1372
1457
1514
1570
1594
1503
1280
1277
1398
1317
1215
1181
1286
1317
1190
971
790
689
520
315
206
210
96
-184
-417
-373
100
418
408
519
649
737
699
404
22
-582
-988
-1088
-729
340
1746
3131
4322
5022
5345
5107
4257
3067
1700
232
-1054
-1798
-2424
-2657
-2142
-963
464
1690
2658
3345
3443
2948
2198
1271
18
-1465
-2741
-3599
-3722
-3350
-2783
-1688
-430
632
1336
1727
1874
1598
1097
341
-681
-1864
-2812
-3335
-3766
-3797
-3273
-2574
-1686
-777
-163
161
379
370
-59
-552
-1245
-2109
-3001
-3591
-3900
-3936
-3828
-3427
-2569
-2099
-1798
-1576
-1424
-1351
-1492
-1787
-2225
-2639
-2846
-3092
-3494
-3613
-3302
-2947
-2539
-2085
-1890
-1834
-1951
-2015
-2218
-2495
-2699
-2902
-2994
-2899
-3004
-3070
-2825
-2515
-2259
-2303
-2460
-2385
-2004
-1834
-1982
-2237
-2653
-3082
-3771
-4624
-5680
-6900
-7507
-7612
-7693
-7628
-7191
-6613
-5769
-4803
-3881
-3188
-3019
-3131
-3390
-4128
-4832
-5527
-6338
-6940
-7461
-7545
-7081
-6282
-5433
-4476
-3595
-2985
-2489
-2331
-2454
-2707
-3142
-3636
-4016
-4462
-4729
-4786
-4580
-4238
-3790
-3183
-2544
-1888
-1392
-1071
-815
-658
-735
-757
-892
-1002
-1125
-1192
-990
-825
-634
-359
-74
330
701
973
1147
1121
1051
1154
1156
937
792
736
702
650
683
913
978
697
383
276
89
-80
-274
-575
-696
-656
-693
-635
-665
-605
-344
-184
-160
-242
-358
-620
-1015
-1657
-2326
-2707
-2514
-1640
-380
1010
2390
3437
3905
3717
2990
1780
488
-757
-2141
-3399
-4259
-4574
-4149
-3168
-1910
-520
711
1723
1999
1544
755
-317
-1640
-3164
-4384
-5359
-5997
-6006
-5391
-4301
-3166
-2116
-1132
-332
-76
-167
-535
-1205
-2289
-3460
-4534
-5428
-6046
-6056
-5570
-4831
-3945
-2991
-2138
-1596
-1318
-1358
-1591
-2130
-3052
-3904
-4677
-5326
-5910
-6060
-5911
-5892
-5557
-4774
-4086
-3604
-3253
-3133
-3212
-3496
-3902
-4312
-4722
-5194
-5530
-5511
-5176
-4752
-4418
-4107
-3843
-3835
-3776
-3748
-3778
-3898
-4262
-4582
-4704
-4877
-4978
-4932
-4872
-4507
-4338
-4184
-3931
-3670
-3496
-3419
-3434
-3651
-4017
-4622
-5365
-6233
-7287
-8136
-8664
-9179
-9521
-9455
-9175
-8594
-7557
-6492
-5538
-4804
-4415
-4396
-4489
-4962
-5788
-6507
-7243
-7852
-8408
-8608
-8290
-7630
-6691
-5751
-4884
-3993
-3394
-3158
-3186
-3458
-3664
-4023
-4408
-4811
-5149
-5322
-5299
-5095
-4589
-3994
-3251
-2438
-1810
-1379
-1051
-938
-1012
-956
-943
-988
-1027
-1101
-960
-532
-382
-77
323
659
822
1042
1243
1432
1534
1534
1471
1275
1085
1185
1461
1409
1318
1270
1081
1212
1190
911
739
728
614
362
301
438
544
395
230
317
584
714
623
463
451
489
275
-491
-1529
-2369
-2799
-2826
-2234
-1060
284
1374
2051
2175
2022
1536
589
-286
-967
-1518
-1977
-2163
-1977
-1363
-394
719
1636
2215
2425
2392
1812
829
-381
-1664
-2645
-3243
-3532
-3512
-2984
-2005
-850
296
1199
1958
2338
2245
1815
1233
477
-379
-1307
-2083
-2357
-2269
-1855
-1149
-137
828
1418
1601
1870
2150
1859
1201
477
-154
-884
-1459
-1755
-1975
-1896
-1478
-1100
-610
84
625
747
717
604
462
-97
-660
-1150
-1524
-1837
-2222
-2513
-2402
-2210
-2095
-1797
-1718
-1651
-1569
-1780
-2106
-2231
-2415
-2773
-2942
-3001
-3057
-3175
-3297
-3130
-2844
-2551
-2545
-2659
-2585
-2420
-2359
-2407
-2731
-3376
-4362
-5388
-6159
-6967
-7511
-7799
-7870
-7643
-7122
-6322
-5384
-4574
-3789
-3316
-3056
-2985
-3141
-3762
-4646
-5436
-6058
-6482
-6732
-6436
-5801
-4974
-3919
-3028
-2225
-1501
-966
-795
-889
-1086
-1315
-1889
-2403
-2779
-2794
-2601
-2496
-2080
-1548
-714
174
780
1132
1280
1291
1344
1422
1287
1000
826
880
947
1078
1186
1332
1661
2152
2405
2658
2821
2818
2623
2471
2561
2593
2371
2055
1898
1809
1774
1984
2080
1865
1627
1550
1458
1238
943
822
924
728
512
680
770
621
677
789
902
1045
1118
1104
991
638
464
619
1288
2309
3613
4947
6263
7227
7534
7390
6492
4878
2982
932
-1070
-2934
-4130
-4318
-3810
-2810
-1094
1010
2920
4527
5398
5539
5073
4114
2594
711
-1087
-2609
-3766
-4503
-4364
-3577
-2550
-1330
71
1158
1875
2252
2011
1340
324
-1007
-2382
-3680
-4801
-5392
-5350
-5030
-4513
-3881
-2740
-1511
-619
-149
-153
-470
-1028
-1905
-2780
-3483
-4292
-4855
-5056
-4894
-4658
-4406
-4157
-3961
-3569
-3329
-3242
-3227
-3354
-3627
-3963
-4161
-4003
-3743
-3502
-3395
-3095
-2620
-2122
-1842
-1637
-1571
-1682
-1955
-2280
-2483
-2674
-2661
-2444
-2392
-2436
-2134
-1660
-1312
-1064
-1058
-933
-788
-757
-967
-1420
-1832
-2549
-3294
-4149
-5139
-5846
-6435
-6929
-7029
-6543
-5979
-5233
-4323
-3397
-2550
-1860
-1535
-1758
-2239
-2917
-3681
-4573
-5426
-6019
-6447
-6495
-6172
-5738
-5103
-4201
-3305
-2637
-2158
-1862
-1746
-2088
-2791
-3492
-4011
-4534
-5083
-5302
-5179
-4768
-4131
-3349
-2632
-2098
-1575
-1012
-822
-905
-755
-729
-762
-833
-957
-969
-799
-521
-317
37
530
785
1129
1456
1680
1904
1851
1832
1699
1518
1527
1742
1934
1929
1816
1898
1975
2037
1916
1720
1508
1344
1224
985
844
924
893
797
767
1000
1276
1373
1315
1359
1389
1127
644
48
-470
-973
-1293
-1179
-461
835
2088
2995
3398
3187
2586
1632
499
-726
-1978
-2862
-3177
-3088
-2500
-1539
-139
1391
2384
2989
3245
2928
2214
1227
1
-1454
-3034
-4249
-4773
-4687
-4015
-2877
-1491
-213
809
1608
2107
2145
1663
874
-20
-1055
-2018
-2656
-3067
-3100
-2762
-2094
-1171
-198
724
1483
1802
1799
1500
1044
361
-267
-885
-1447
-1905
-2198
-2077
-1725
-1282
-652
-52
452
826
969
953
754
287
-349
-788
-1139
-1415
-1622
-1611
-1430
-1113
-728
-760
-940
-826
-942
-1094
-1352
-1805
-1861
-2004
-2221
-2301
-2283
-2149
-1990
-1881
-1738
-1777
-1676
-1479
-1401
-1561
-1799
-2115
-2610
-3349
-4138
-5002
-5995
-6805
-7320
-7595
-7400
-6908
-6332
-5733
-4847
-4082
-3340
-2755
-2388
-2534
-3010
-3749
-4687
-5579
-6151
-6284
-6130
-5879
-5345
-4503
-3574
-2495
-1516
-789
-244
-93
-334
-736
-1035
-1472
-1948
-2225
-2368
-2184
-1772
-1285
-599
118
930
1657
2137
2430
2655
2666
2561
2368
2190
2048
2068
2193
2430
2612
2806
3210
3513
3749
4105
4304
4230
4073
3976
3912
3841
3638
3477
3479
3494
3442
3385
3383
3301
3156
3053
2792
2539
2477
2291
2128
2005
1846
1784
1781
1995
2146
2220
2273
2246
2208
2048
1774
1194
528
21
-42
377
1475
2951
4475
5687
6290
6276
5697
4718
3527
2228
1019
-54
-888
-1266
-985
-158
986
2405
3710
4630
5045
5014
4508
3475
2311
1147
-139
-1199
-1785
-1821
-1358
-648
373
1366
2335
3219
3679
3669
3220
2424
1551
541
-482
-1406
-1984
-2179
-1867
-1124
-251
525
1204
1832
2256
2347
1925
1323
605
-65
-887
-1585
-2136
-2293
-2272
-2146
-1643
-1057
-789
-430
-182
-161
-256
-469
-818
-1245
-1687
-2056
-2327
-2413
-2367
-2217
-1699
-1306
-1118
-850
-679
-732
-906
-1164
-1353
-1670
-1948
-2104
-2163
-2093
-1823
-1509
-1294
-1084
-963
-885
-804
-623
-435
-376
-660
-1249
-1943
-2872
-3742
-4612
-5404
-5834
-6128
-6253
-6094
-5607
-4575
-3538
-2838
-2215
-1707
-1432
-1562
-1938
-2421
-3019
-3886
-4669
-5234
-5423
-5213
-4835
-4072
-3218
-2331
-1526
-990
-709
-621
-556
-765
-1181
-1726
-2301
-2803
-3010
-3005
-2771
-2298
-1666
-988
-365
199
744
1078
1274
1302
1011
799
876
855
707
634
786
1082
1396
1747
2163
2579
2834
2963
2982
2977
3004
2952
2748
2641
2470
2357
2439
2566
2576
2592
2595
2437
2285
2193
2068
1920
1663
1422
1442
1497
1546
1661
1627
1686
1888
2104
2185
2029
1761
1582
1165
524
-2
-192
292
1287
2574
3897
5049
5821
6266
5991
5067
3855
2477
1016
-281
-1188
-1540
-1436
-937
-89
1264
2610
3476
4040
4285
3936
3212
2183
885
-457
-1683
-2612
-3024
-2790
-2110
-1267
-276
787
1872
2669
2883
2506
1787
1039
36
-1144
-1991
-2571
-2875
-2891
-2399
-1682
-871
109
855
1349
1598
1494
1185
629
-224
-1188
-1817
-2231
-2549
-2599
-2449
-2028
-1584
-1143
-760
-461
-345
-308
-465
-806
-1118
-1465
-1809
-2102
-2249
-2236
-2005
-1616
-1221
-829
-518
-331
-115
-181
-546
-969
-1249
-1455
-1544
-1600
-1552
-1505
-1366
-1155
-1018
-873
-661
-474
-378
-426
-456
-558
-843
-1429
-2144
-2919
-3772
-4651
-5320
-5837
-6116
-6067
-5562
-4654
-3819
-3015
-2109
-1516
-1062
-1088
-1549
-2062
-2659
-3351
-4103
-4842
-5153
-5060
-4754
-4241
-3561
-2640
-1701
-921
-290
211
217
-159
-571
-790
-1165
-1745
-2092
-2198
-1976
-1424
-849
-411
104
697
1248
1731
2016
2155
2171
2099
1866
1746
1653
1701
1947
2076
2348
2985
3503
3630
3669
3789
4014
4234
4152
3976
3843
3660
3613
3599
3598
3608
3469
3427
3565
3477
3367
3281
3112
2980
2737
2431
2245
2282
2352
2433
2658
2672
2659
2691
2711
2586
2522
2358
2017
1452
1066
814
980
1746
2862
4242
5470
6439
7044
6865
6122
5073
3807
2282
877
-60
-670
-910
-497
543
1810
3011
4152
4851
5192
5025
4345
3263
1940
695
-405
-1173
-1730
-1799
-1319
-317
809
1865
2832
3351
3489
3315
2940
2227
1182
100
-883
-1673
-2003
-1827
-1396
-753
8
711
1427
1947
2397
2501
2195
1615
939
199
-618
-1247
-1803
-1936
-1731
-1514
-1087
-587
-60
379
596
562
510
322
-222
-753
-936
-1063
-1135
-1077
-1074
-943
-620
-268
-39
197
420
467
363
2
-409
-691
-903
-1026
-968
-884
-767
-502
-234
-96
-120
-98
-8
71
38
-78
-272
-809
-1518
-2330
-3122
-3964
-4447
-4830
-5185
-5337
-5156
-4446
-3701
-2641
-1661
-1020
-725
-659
-724
-1240
-1909
-2554
-3356
-4208
-4660
-4484
-4117
-3492
-2582
-1761
-1154
-499
125
520
487
364
-4
-503
-954
-1463
-1829
-2062
-1844
-1305
-909
-291
345
953
1511
1977
2071
1823
1679
1482
1151
992
936
1096
1525
2105
2556
2761
2774
2681
2200
1619
994
472
99
0
187
598
1231
2225
3169
3799
4156
4048
3446
2604
1640
889
166
-207
6
801
1757
2792
4019
5254
6013
6467
6562
6284
5636
4650
3920
3326
2790
2417
2243
2638
3549
5021
6820
8348
9524
10056
9940
9182
7868
6302
4712
3173
1804
821
440
646
1402
2490
3637
4692
5422
5900
5760
5205
4177
2799
1287
9
-1013
-1871
-2181
-1945
-1283
-460
528
1421
2134
2602
2704
2422
1883
977
-168
-1199
-2214
-3010
-3364
-3383
-3086
-2485
-1745
-854
-109
243
520
715
547
112
-681
-1408
-1955
-2512
-2846
-2834
-2457
-1961
-1449
-708
119
685
889
912
945
864
510
110
-86
-98
-78
123
419
739
1049
1374
1656
1959
2044
1906
1607
1299
1250
1144
929
720
658
568
753
1023
1057
1038
986
943
964
1173
1204
948
665
286
-352
-1275
-2200
-2971
-3726
-4282
-4626
-4839
-4592
-4249
-3636
-2872
-2121
-1406
-986
-903
-1094
-1291
-1903
-2777
-3707
-4456
-5141
-5454
-5088
-4463
-3748
-3027
-2377
-1646
-1077
-817
-838
-1132
-1557
-2145
-2733
-3282
-3735
-4015
-4095
-3782
-3321
-2784
-2113
-1499
-825
-454
-65
285
172
-220
-575
-852
-1321
-1955
-2369
-2312
-1952
-1345
-606
128
843
1393
1635
1628
1491
1075
482
-89
-723
-1182
-1377
-1285
-935
-385
97
641
1048
1151
1001
654
159
-616
-1460
-2181
-2650
-2958
-3112
-2871
-2376
-1850
-1373
-1026
-848
-888
-1374
-2322
-3583
-4845
-5708
-5915
-5279
-3802
-1869
-180
1022
1537
1535
816
-494
-2150
-3967
-5678
-7208
-7953
-7930
-7281
-5948
-4339
-2805
-1292
-150
243
152
-442
-1667
-3223
-4627
-5929
-6804
-7286
-7121
-6153
-4639
-3278
-2130
-864
250
550
213
-332
-1124
-2119
-3184
-4004
-4473
-4514
-4291
-3925
-3012
-1877
-952
-279
317
923
1067
798
232
-322
-1046
-1854
-2500
-2817
-2895
-2709
-2175
-1478
-786
-209
328
536
494
228
-155
-545
-783
-1040
-1368
-1627
-1657
-1434
-1152
-750
-246
75
251
293
316
151
-95
-387
-693
-1103
-1078
-892
-781
-635
-349
-16
273
547
694
794
1055
1111
817
469
108
-364
-1110
-2008
-2817
-3381
-3807
-3849
-3539
-3010
-2176
-1279
-164
799
1398
1874
1870
1508
1080
570
66
-592
-977
-1021
-823
-448
187
1099
2055
2928
3541
4043
4199
4028
3819
3402
2911
2286
1611
1293
1204
1345
1738
2139
2709
3263
3693
3952
4002
4162
4100
3914
3535
3194
2980
2815
2716
2766
2825
2917
3164
3545
3701
3743
3836
3830
3592
3497
3419
3318
3091
3007
2947
2943
2900
2853
2840
2774
2765
2865
2844
2623
2372
2232
2161
1921
1850
1826
1848
1897
1989
2120
2266
2327
2320
2458
2337
1850
1217
614
362
606
1328
2481
3873
5301
6269
6581
6442
5798
4735
3432
2209
1221
528
-25
-265
-17
982
2374
3760
4861
5486
5779
5793
5213
4262
2978
1620
342
-446
-827
-818
-318
797
1979
3080
3868
4394
4527
4370
3930
3450
2767
1735
638
-198
-598
-701
-312
437
1410
2209
2872
3537
3880
3854
3615
3139
2408
1575
913
421
53
-16
-25
119
538
1095
1633
2015
2196
2279
2223
1825
1496
1221
939
776
530
492
651
848
1210
1676
1969
2255
2312
2300
2234
2006
1799
1552
1267
1195
1298
1508
1738
1884
1910
2073
2267
2415
2628
2763
2670
2487
2218
1855
1277
509
-414
-1275
-1871
-2309
-2428
-2370
-2224
-1628
-833
144
983
1708
2153
2215
2079
1531
841
156
-472
-859
-1180
-1238
-1120
-712
-70
828
1740
2461
2988
3230
3151
2723
2138
1495
883
242
-364
-650
-715
-524
-277
266
1007
1632
1802
1857
1695
1523
1367
974
746
597
462
410
298
269
408
593
865
1029
1228
1429
1555
1482
1274
1000
857
780
660
643
801
792
533
393
481
483
346
112
-72
-331
-611
-712
-810
-951
-1178
-1345
-1179
-888
-699
-634
-742
-827
-693
-601
-973
-1556
-2267
-2762
-2654
-1915
-846
564
2130
3393
4042
3923
3266
2236
921
-568
-2014
-3221
-4089
-4485
-4272
-3454
-2076
-630
653
1573
2031
2177
1756
793
-418
-1743
-3099
-4223
-5065
-5266
-4934
-4017
-2812
-1618
-401
522
965
897
542
72
-828
-2037
-3272
-3939
-4288
-4405
-4168
-3691
-2942
-2039
-1039
-171
158
359
360
-65
-742
-1430
-2102
-2814
-3405
-3660
-3634
-3307
-2828
-2392
-1911
-1268
-858
-602
-542
-798
-1307
-1758
-2112
-2420
-2536
-2533
-2384
-1989
-1563
-1053
-648
-562
-374
-169
-254
-545
-745
-748
-859
-1070
-980
-778
-587
-445
-245
47
251
275
353
524
555
575
361
-64
-699
-1530
-2361
-3220
-3994
-4507
-4673
-4492
-4154
-3545
-2736
-1866
-1053
-427
242
664
608
376
-51
-765
-1556
-2190
-2639
-2882
-2811
-2314
-1447
-493
508
1365
1886
2063
2004
1815
1347
821
191
-396
-809
-1105
-1276
-1187
-735
-312
173
596
1055
1547
1677
1560
1428
1280
1117
906
715
490
281
351
606
866
1123
1433
1702
1795
1885
1758
1702
1684
1463
1247
1209
1137
1025
1077
1245
1357
1344
1289
1290
1158
1012
756
519
242
66
74
79
16
-30
-30
123
276
201
273
386
456
277
134
-71
-192
-36
408
