-5781
-5367
-5011
-4691
-4575
-4621
-4777
-4869
-5061
-5320
-5421
-5497
-5524
-5478
-5315
-5182
-5026
-4793
-4418
-4255
-4184
-4177
-4160
-4257
-4525
-4850
-5520
-6359
-7231
-7954
-8422
-8896
-9219
-9309
-9057
-8408
-7585
-6729
-5851
-5239
-4785
-4438
-4293
-4479
-4901
-5519
-6208
-7039
-7623
-7659
-7258
-6679
-5926
-5030
-3913
-2962
-2345
-2017
-1986
-2144
-2514
-3159
-3815
-4455
-4877
-5153
-5192
-4973
-4521
-3965
-3375
-2825
-2487
-2385
-2369
-2689
-3240
-4126
-4964
-5403
-5482
-5344
-4612
-3573
-2197
-1150
-1001
-1623
-2981
-4655
-6449
-8358
-10238
-11680
-12323
-11908
-10868
-9513
-7970
-6497
-5386
-4923
-5188
-6176
-7564
-9136
-10956
-12517
-13299
-13382
-12530
-10906
-8618
-6007
-3456
-1351
119
826
890
197
-1020
-2358
-4105
-5620
-6465
-6391
-5275
-3172
-433
2534
5076
6911
7680
7389
6319
4477
2056
-530
-3173
-5485
-7061
-7827
-7374
-5928
-3868
-1703
243
1431
1912
1769
747
-1184
-3488
-5861
-8146
-9923
-10956
-11090
-10475
-9030
-7244
-5676
-4535
-3717
-3438
-3627
-4402
-5832
-7628
-9485
-11155
-12309
-12918
-12991
-12575
-11779
-10497
-8922
-7573
-6657
-5964
-5680
-6035
-6954
-7910
-9216
-10555
-11669
-12341
-12662
-12468
-11986
-11018
-9812
-8621
-7454
-6531
-5842
-5350
-5049
-4881
-4879
-4968
-4879
-4723
-4335
-3871
-3222
-2654
-2246
-1821
-1440
-1021
-755
-811
-1238
-1613
-1797
-1850
-2055
-2163
-2029
-1950
-1994
-1881
-1637
-1727
-1941
-2102
-2229
-2414
-2626
-2875
-3216
-3667
-4431
-5254
-5805
-6119
-6209
-6433
-6503
-6282
-5860
-5154
-4437
-3858
-3351
-3120
-3047
-3228
-3862
-4726
-5761
-6649
-7429
-8050
-8484
-8755
-8542
-7958
-7140
-6352
-5652
-5038
-4582
-4343
-4321
-4650
-5278
-5726
-6134
-6492
-6599
-6383
-5849
-5101
-4235
-3130
-2083
-1145
-391
188
688
1003
1119
1123
926
654
95
-983
-1992
-2996
-4132
-4926
-4881
-3946
-2249
-236
1796
3390
4488
5123
4984
4126
2627
758
-1180
-2786
-3876
-4068
-3515
-2255
-59
2162
3952
5227
6112
6296
5546
4451
3063
1453
-71
-1265
-1676
-1191
26
1595
3489
5426
6796
7438
7724
7726
7676
7918
8160
8112
7890
7682
7492
7029
6145
5199
4182
3094
1932
816
102
-291
-385
-49
725
1852
2987
3772
4472
4959
4839
4229
3331
2086
801
-435
-1496
-2092
-2273
-2088
-1795
-1156
-393
60
407
579
522
38
-645
-1511
-2613
-3677
-4320
-4596
-4804
-5009
-4879
-4604
-4317
-4082
-3993
-3997
-4177
-4393
-4576
-4772
-4906
-5044
-5094
-4975
-4959
-4844
-4455
-4281
-4165
-4058
-3931
-3887
-4150
-4440
-4646
-4906
-4974
-4629
-4271
-3838
-3412
-2939
-2293
-1807
-1405
-1022
-842
-831
-1190
-1571
-1897
-2347
-2773
-2926
-2919
-3003
-2962
-2766
-2488
-2274
-2152
-1987
-1776
-1426
-1205
-1324
-1888
-2765
-3777
-5024
-6483
-7777
-8707
-9545
-10322
-10674
-10343
-9421
-8354
-7378
-6471
-5632
-5149
-5001
-5191
-5725
-6444
-7495
-8625
-9424
-10021
-10425
-10558
-10368
-9742
-8762
-7955
-7374
-6788
-6372
-6067
-6089
-6496
-7079
-7721
-8303
-8707
-8914
-9179
-9088
-8521
-7933
-7290
-6396
-5582
-5083
-4673
-4254
-3970
-3848
-3735
-3539
-3435
-3249
-2889
-2556
-2129
-1740
-1351
-945
-664
-584
-596
-626
-628
-744
-984
-1279
-1394
-1512
-1570
-1534
-1556
-1562
-1504
-1642
-1706
-1764
-1982
-2250
-2506
-2642
-2783
-2962
-3196
-3187
-3039
-2945
-2927
-2864
-2725
-2546
-2470
-2495
-2747
-3294
-4039
-4477
-4605
-4212
-3406
-2288
-970
11
528
425
-297
-1286
-2719
-4324
-5834
-7192
-8094
-8441
-8157
-7411
-6390
-4951
-3443
-2259
-1701
-1777
-2471
-3426
-4827
-6364
-7797
-8979
-9789
-9963
-9312
-8256
-6981
-5676
-4562
-3791
-3387
-3174
-3335
-3919
-4800
-6031
-7229
-8265
-8949
-8957
-8838
-8412
-7390
-6239
-5317
-4438
-3872
-3574
-3531
-3818
-4341
-5190
-6095
-6770
-7277
-7508
-7393
-7081
-6629
-6110
-5582
-4969
-4740
-4804
-4917
-5190
-5640
-6101
-6501
-6827
-6812
-6788
-6795
-6622
-6526
-6270
-5927
-5700
-5599
-5772
-6030
-6283
-6531
-6668
-6876
-7033
-7174
-7166
-6829
-6544
-6372
-6281
-5933
-5560
-5434
-5479
-5526
-5535
-5800
-6317
-7073
-7909
-8803
-9867
-10489
-11050
-11457
-11397
-11032
-10344
-9292
-8397
-7640
-6791
-6064
-5696
-5664
-6282
-7166
-7890
-8674
-9435
-9833
-9892
-9690
-9000
-8141
-7163
-6200
-5352
-4477
-3920
-3721
-3724
-3957
-4510
-5094
-5587
-5926
-6224
-6256
-5990
-5540
-4833
-4137
-3641
-3056
-2394
-1761
-1545
-1379
-1234
-1271
-1342
-1543
-1640
-1653
-1592
-1219
-775
-364
-41
256
558
759
830
781
791
910
723
489
479
480
497
620
607
552
318
83
0
-53
-262
-505
-744
-878
-892
-916
-893
-843
-741
-398
-250
-245
-187
-101
45
-135
-777
-1365
-1723
-1955
-1664
-746
546
2227
3527
4287
4503
4313
3395
2052
639
-619
-1820
-2838
-3378
-3444
-2780
-1719
-265
1048
2048
2818
2991
2560
1710
692
-614
-2143
-3257
-3987
-4244
-4115
-3527
-2331
-1134
7
891
1270
1223
981
444
-362
-1403
-2509
-3474
-4403
-4965
-4760
-4210
-3522
-2673
-1660
-710
-128
45
-356
-757
-1182
-1922
-2734
-3464
-4038
-4496
-4691
-4516
-3939
-3528
-3101
-2622
-2216
-1863
-1914
-2097
-2304
-2688
-3022
-3412
-3782
-3989
-3924
-3616
-3362
-3002
-2743
-2462
-2193
-2181
-2297
-2435
-2634
-2834
-3174
-3533
-3599
-3508
-3570
-3526
-2997
-2354
-2138
-2364
-2545
-2472
-2167
-2129
-2431
-2786
-3358
-4268
-5225
-6221
-6884
-7360
-7737
-7839
-7716
-7341
-6633
-5708
-4831
-4127
-3501
-3067
-2881
-3184
-3921
-4866
-5751
-6598
-7055
-7473
-7518
-7001
-6188
-5334
-4621
-3782
-2986
-2436
-2143
-2170
-2424
-2879
-3311
-3842
-4218
-4605
-4891
-4815
-4450
-3852
-3124
-2253
-1533
-987
-716
-685
-589
-506
-439
-531
-868
-982
-945
-931
-764
-515
-149
287
652
907
1128
1372
1419
1276
1258
1253
1154
1043
1019
1050
969
864
915
884
859
758
592
360
263
153
-202
-433
-532
-515
-594
-621
-254
43
-79
-187
-162
-139
-261
-757
-1341
-1884
-2148
-2027
-1333
-128
1320
2752
3728
4090
3958
3180
2002
661
-637
-2005
-3246
-4224
-4443
-3801
-2839
-1604
-314
855
1712
2069
2050
1335
117
-1363
-2754
-4015
-5093
-5660
-5543
-4969
-4134
-2897
-1735
-814
-90
189
190
-314
-1121
-2025
-3286
-4446
-5294
-5832
-5763
-5439
-4906
-3989
-2981
-2163
-1550
-1160
-1164
-1570
-2328
-3056
-3750
-4452
-5110
-5578
-5800
-5742
-5334
-4824
-4317
-3807
-3460
-3229
-3111
-3081
-3372
-3875
-4489
-4957
-5290
-5424
-5496
-5256
-4905
-4582
-4206
-3874
-3698
-3498
-3486
-3855
-4184
-4545
-4780
-4812
-4931
-5040
-4969
-4656
-4414
-4426
-4450
-4192
-3883
-3788
-3701
-3537
-3725
-4188
-4946
-5626
-6424
-7473
-8412
-9057
-9549
-9718
-9511
-9027
-8612
-7811
-6603
-5729
-5302
-4887
-4724
-4930
-5484
-6186
-6913
-7820
-8639
-9051
-9051
-8715
-8060
-7163
-6142
-5378
-4649
-3973
-3499
-3400
-3520
-3808
-4279
-4933
-5396
-5490
-5544
-5588
-5256
-4610
-4005
-3305
-2727
-2158
-1502
-1212
-1099
-1040
-1098
-1207
-1425
-1516
-1477
-1322
-1020
-740
-265
34
296
529
917
1340
1379
1388
1342
1211
1145
1014
952
979
998
951
909
962
1110
1064
834
558
314
226
163
58
-53
-42
-26
-55
37
237
269
275
263
336
336
16
-677
-1399
-2106
-2338
-2056
-1235
158
1654
2636
3237
3479
3048
2138
1005
-158
-1134
-2117
-2840
-3133
-2736
-1819
-799
417
1513
2181
2604
2429
1797
939
-181
-1483
-2568
-3531
-4236
-4175
-3633
-2874
-1743
-593
461
1256
1643
1620
1331
690
-398
-1512
-2578
-3252
-3661
-3666
-3172
-2476
-1542
-903
-262
413
863
946
606
202
-428
-1282
-2078
-2647
-3134
-3451
-3391
-3157
-2713
-2189
-1786
-1342
-854
-555
-672
-1037
-1541
-2071
-2719
-3079
-3178
-3226
-3113
-2998
-2894
-2654
-2294
-2076
-1918
-1989
-2463
-2733
-2907
-2988
-3126
-3311
-3476
-3536
-3561
-3366
-3130
-3034
-3016
-2927
-2642
-2410
-2333
-2339
-2690
-3305
-3774
-4466
-5532
-6522
-7274
-7850
-8099
-8128
-8004
-7471
-6601
-5610
-4679
-3987
-3426
-3231
-3253
-3538
-4119
-5026
-6020
-6814
-7322
-7390
-7078
-6480
-5706
-4964
-4026
-3094
-2199
-1680
-1502
-1533
-1876
-2382
-2919
-3338
-3596
-3830
-3920
-3789
-3402
-2747
-1997
-1390
-841
-387
20
430
465
318
107
-154
-259
-352
-279
-130
100
445
696
973
1347
1599
1667
1802
1994
1836
1716
1622
1541
1479
1401
1255
1209
1146
941
917
785
669
779
905
660
218
-106
-131
0
-32
-104
137
183
117
258
416
391
339
126
-270
-747
-1043
-824
-140
893
2274
3795
4984
5622
5613
5060
3766
2191
453
-1139
-2508
-3498
-4157
-4131
-3193
-1804
-75
1707
3016
3641
3706
3325
2654
1354
-271
-1899
-3335
-4564
-5067
-5003
-4379
-3247
-1931
-619
328
921
1135
1082
685
-158
-1410
-2722
-3832
-4664
-5301
-5503
-5106
-4287
-3246
-2396
-1605
-810
-224
-123
-542
-1309
-2095
-2850
-3547
-4116
-4523
-4809
-4654
-4425
-4221
-3755
-3272
-2870
-2783
-2757
-2814
-3116
-3529
-3860
-4014
-4166
-4153
-3929
-3664
-3369
-2920
-2455
-2295
-2229
-2229
-2295
-2374
-2647
-3004
-3170
-3190
-3407
-3417
-3112
-2733
-2512
-2211
-1894
-1810
-1605
-1384
-1360
-1553
-1994
-2613
-3277
-3914
-4775
-5575
-6293
-6914
-7299
-7409
-7157
-6655
-5973
-5164
-4218
-3340
-2767
-2614
-2755
-3070
-3616
-4459
-5281
-6044
-6808
-7306
-7133
-6680
-5944
-5222
-4522
-3655
-2873
-2102
-1694
-1856
-2349
-2904
-3476
-3970
-4479
-4776
-4868
-4663
-4175
-3618
-2920
-2290
-1906
-1325
-746
-469
-369
-483
-640
-882
-941
-826
-763
-654
-368
69
359
520
984
1441
1808
1899
1929
1886
1841
1773
1603
1458
1564
1671
1755
1844
1862
1660
1594
1602
1544
1375
1241
1107
869
776
635
726
889
902
909
836
974
1160
1223
1166
1121
866
92
-752
-1274
-1224
-525
435
1606
2809
3682
4031
3954
3506
2497
1230
-75
-1376
-2436
-3017
-2978
-2422
-1316
-86
1095
2216
2914
3255
3184
2516
1592
97
-1486
-2682
-3508
-3806
-3798
-3495
-2789
-1724
-411
674
1298
1706
1970
1759
937
-168
-1309
-2351
-3168
-3649
-3570
-2996
-2417
-1706
-868
212
1054
1344
1337
1053
645
-129
-892
-1594
-2187
-2644
-2912
-2993
-2766
-2147
-1464
-895
-533
-197
-156
-308
-414
-880
-1371
-1681
-1885
-2124
-2299
-2196
-1918
-1680
-1530
-1267
-995
-1025
-1236
-1342
-1652
-2029
-2387
-2564
-2550
-2606
-2497
-2369
-2158
-1924
-1817
-1809
-1814
-1656
-1538
-1450
-1330
-1567
-2260
-3110
-3893
-4924
-5924
-6574
-7058
-7252
-7073
-6677
-6268
-5639
-4810
-3858
-3004
-2508
-2345
-2418
-2738
-3639
-4659
-5522
-6055
-6365
-6481
-6194
-5466
-4601
-3603
-2682
-1948
-1278
-667
-494
-790
-1239
-1709
-2124
-2582
-2937
-3025
-2866
-2567
-2051
-1247
-539
250
973
1342
1554
1626
1476
1586
1640
1416
1192
995
992
1232
1664
2092
2436
2765
3026
3207
3507
3622
3589
3418
3219
3208
3154
3214
3127
3020
2931
2902
2934
2922
2873
2793
2726
2445
2244
2266
2136
1930
1765
1680
1726
1843
1922
2053
2034
2058
1906
1608
1406
1070
504
-52
-45
588
1742
3208
4575
5612
6184
6319
5714
4725
3514
2076
773
-357
-1225
-1441
-1154
-387
767
2085
3333
4240
4650
4545
4227
3460
2060
660
-729
-1884
-2479
-2517
-2154
-1284
-278
724
1711
2411
2811
2953
2702
2029
1068
-29
-1003
-1930
-2531
-2793
-2598
-1976
-1133
-405
393
1148
1741
1793
1539
1138
512
-268
-1151
-1891
-2473
-2714
-2680
-2574
-2223
-1583
-1073
-769
-605
-564
-723
-928
-1105
-1354
-1783
-2184
-2417
-2511
-2313
-2181
-1999
-1622
-1355
-1142
-827
-851
-991
-1233
-1440
-1611
-1870
-2068
-2186
-2271
-2304
-1995
-1652
-1365
-1112
-1063
-941
-863
-843
-860
-1044
-1523
-2329
-3094
-3904
-4746
-5509
-6172
-6488
-6493
-6314
-5757
-4816
-3665
-2725
-2283
-1923
-1742
-1788
-2061
-2687
-3612
-4533
-5243
-5746
-5762
-5678
-5366
-4627
-3737
-2822
-2086
-1515
-991
-735
-792
-1121
-1700
-2320
-2726
-3113
-3263
-3346
-3152
-2674
-2041
-1264
-684
-85
532
894
1171
1304
1237
988
669
550
651
815
951
1091
1525
1967
2241
2428
2700
2783
2827
2864
2812
2917
2938
2793
2697
2640
2580
2512
2406
2430
2467
2546
2400
2163
2002
1879
1692
1532
1402
1428
1447
1534
1683
1749
1788
1752
1708
1810
1851
1609
1097
492
22
-180
82
1069
2437
3820
4953
5607
5846
5533
4809
3821
2416
1041
-190
-1112
-1582
-1735
-1309
-115
1350
2574
3530
4168
4601
4367
3407
2115
717
-487
-1692
-2577
-3082
-3121
-2391
-1448
-342
874
1765
2257
2306
2042
1659
777
-379
-1323
-2193
-2908
-3368
-3200
-2547
-1771
-934
-14
696
1059
1123
1195
1027
613
-147
-1120
-1758
-2290
-2625
-2620
-2585
-2387
-1824
-1371
-1032
-675
-453
-367
-600
-893
-1207
-1644
-1980
-2199
-2328
-2391
-2290
-2000
-1587
-1108
-805
-704
-612
-670
-885
-1033
-1226
-1444
-1736
-1862
-1840
-1732
-1513
-1156
-944
-862
-811
-788
-638
-502
-556
-858
-1371
-1980
-2564
-3524
-4566
-5323
-5930
-6257
-6410
-6299
-5734
-4938
-4196
-3379
-2528
-1931
-1537
-1492
-1743
-2234
-3038
-3916
-4736
-5333
-5555
-5360
-4987
-4589
-3681
-2641
-1869
-1283
-758
-317
-272
-431
-771
-1383
-1935
-2330
-2431
-2400
-2310
-1937
-1285
-803
-58
780
1408
1823
2096
2071
1992
2013
1868
1611
1608
1699
1866
2082
2243
2538
2911
3292
3694
3896
3969
3850
3768
3598
3440
3488
3446
3416
3364
3280
3236
3257
3271
3204
3094
2971
2827
2615
2527
2339
2125
2135
2261
2101
2058
2103
2283
2473
2531
2445
2291
2085
1797
1253
809
638
804
1390
2453
3898
5216
6250
6679
6451
5734
4662
3373
1950
477
-558
-1167
-1223
-787
-82
1083
2583
3866
4755
5133
4937
4095
3104
1878
505
-903
-1911
-2385
-2283
-1599
-644
418
1323
2037
2679
3066
3123
2806
1975
1029
20
-986
-1802
-2344
-2370
-1914
-1288
-539
287
1068
1775
2018
2098
1807
1290
468
-281
-880
-1277
-1570
-1871
-1871
-1598
-1160
-669
-178
299
496
349
314
206
-215
-677
-1118
-1329
-1464
-1689
-1566
-1197
-798
-381
-148
-8
23
79
65
-7
-173
-569
-892
-995
-976
-1018
-1048
-693
-353
-307
-292
-166
28
172
142
-46
-392
-882
-1431
-2168
-3136
-4127
-5023
-5436
-5609
-5510
-5168
-4483
-3680
-2866
-1976
-1340
-975
-877
-1044
-1531
-2189
-2859
-3555
-4267
-4847
-5009
-4767
-4233
-3360
-2379
-1584
-868
-281
115
412
266
-176
-750
-1256
-1682
-1918
-2119
-2011
-1637
-1290
-783
-102
672
1390
1730
1718
1553
1280
1039
820
520
519
634
928
1460
1941
2296
2240
2005
1609
1044
426
4
-64
-126
-17
279
1094
2048
2962
3512
3347
2953
2595
1917
911
57
-439
-752
-612
152
1365
2584
3794
4881
5696
6044
6035
5735
5146
4373
3549
2698
2111
1829
1938
2456
3344
4744
6275
7725
8936
9484
9530
8749
7404
5771
4060
2286
898
65
-410
-153
681
1876
3182
4254
4929
5248
5128
4621
3652
2431
1165
21
-1173
-2210
-2716
-2591
-1798
-985
-198
736
1507
2008
2186
2045
1413
512
-437
-1633
-2767
-3484
-3988
-3967
-3560
-2962
-2300
-1346
-565
-81
177
160
-140
-564
-1109
-1755
-2372
-2851
-3295
-3380
-2858
-2148
-1540
-937
-231
249
506
493
599
677
468
191
-82
-246
-388
-401
-35
471
832
1135
1389
1600
1736
1739
1448
1171
1083
839
524
250
358
455
533
658
779
824
829
748
531
482
722
736
491
139
-408
-1255
-2284
-3361
-4202
-4804
-5262
-5458
-5196
-4675
-3728
-2814
-2180
-1713
-1431
-1127
-1239
-1755
-2489
-3137
-3971
-4684
-5416
-5984
-5904
-5304
-4495
-3696
-2888
-1985
-1338
-976
-895
-1114
-1488
-2055
-2751
-3304
-3837
-4293
-4368
-4024
-3591
-3190
-2534
-1766
-1138
-620
-174
-34
21
-108
-482
-1046
-1568
-2177
-2554
-2580
-2149
-1543
-960
-170
626
1259
1478
1382
1135
659
72
-487
-1020
-1336
-1446
-1591
-1346
-732
-88
314
662
877
775
400
-205
-933
-1715
-2444
-3029
-3439
-3438
-3216
-2923
-2241
-1622
-1188
-964
-1191
-1991
-3053
-4212
-5254
-5960
-5985
-5197
-3753
-2035
-393
890
1355
1164
478
-643
-2327
-4243
-5893
-7315
-8382
-8630
-7887
-6502
-4676
-2947
-1567
-431
168
-10
-701
-1824
-3197
-4741
-6397
-7357
-7421
-6969
-6113
-4833
-3528
-2171
-1071
-393
17
-5
-468
-1186
-2057
-3050
-3948
-4716
-5010
-4744
-4142
-3364
-2630
-1640
-432
394
755
755
474
50
-449
-1092
-1748
-2418
-2790
-2939
-2673
-2235
-1773
-1198
-510
-13
300
380
220
-141
-586
-1028
-1282
-1517
-1862
-2001
-1701
-1284
-773
-334
-77
-121
-156
-132
-7
-86
-426
-761
-1139
-1387
-1276
-1176
-1010
-676
-340
84
480
589
611
601
836
853
398
-215
-872
-1595
-2357
-3228
-3792
-4014
-3990
-3638
-3241
-2513
-1566
-661
161
915
1301
1517
1379
1014
390
-454
-1069
-1382
-1559
-1650
-1243
-339
677
1623
2531
3258
3670
3825
3771
3484
2976
2389
1800
1405
1053
903
920
1346
1900
2446
3021
3440
3672
3785
3897
3839
3559
3106
2946
2682
2251
2071
2224
2331
2698
2918
2974
3235
3378
3340
3278
3303
3247
3136
2859
2612
2522
2567
2493
2350
2299
2405
2546
2587
2504
2241
1962
1792
1516
1179
1111
1176
1223
1307
1282
1379
1555
1755
1777
1785
1812
1637
1171
372
-314
-832
-1100
-711
377
1693
3071
4087
4582
4568
4134
3273
2387
1461
458
-347
-591
-579
-202
722
1957
3212
4133
4714
4767
4452
3769
3027
2002
771
-249
-774
-860
-667
-83
767
1819
2860
3657
4178
4529
4412
3887
3244
2350
1392
543
0
-302
-348
125
913
1842
2634
3286
3783
3923
3806
3567
3173
2444
1688
952
497
167
53
232
558
1047
1670
2003
2378
2686
2721
2491
2286
1884
1371
891
621
548
393
345
370
565
910
1328
1503
1425
1388
1266
1113
933
755
557
494
369
323
410
652
1126
1289
1386
1579
1751
1735
1649
1441
1296
1172
630
-62
-1028
-1835
-2328
-2851
-3112
-3083
-2772
-2227
-1513
-555
327
984
1365
1429
1281
874
328
-207
-1046
-1708
-2124
-2269
-1930
-1387
-657
233
1190
2023
2548
2756
2773
2682
2247
1605
961
260
-169
-338
-245
-35
118
539
1105
1734
2300
2462
2340
2084
1804
1457
1171
869
435
421
370
330
350
683
1101
1232
1269
1424
1450
1274
919
861
953
870
624
271
148
331
282
46
-7
-55
-245
-377
-514
-655
-790
-1002
-1072
-1134
-1345
-1444
-1416
-1352
-1338
-1193
-1045
-1000
-930
-887
-1062
-1442
-1752
-1831
-1461
-636
680
2314
3769
4666
5099
4901
4143
2679
844
-1004
-2777
-4229
-5374
-5690
-5007
-3624
-1829
161
1762
2826
3546
3692
3224
2242
890
-977
-2904
-4254
-5213
-5616
-5276
-4483
-3250
-1859
-616
299
883
1142
1065
404
-651
-1704
-2948
-4189
-5102
-5597
-5449
-4688
-3792
-2750
-1772
-975
-154
238
37
-388
-878
-1578
-2432
-3208
-3767
-4024
-4163
-4049
-3745
-3326
-2924
-2426
-1982
-1701
-1720
-1840
-2169
-2371
-2547
-2630
-2667
-2565
-2281
-1750
-1255
-941
-739
-578
-619
-530
-338
-316
-579
-894
-989
-1040
-895
-718
-534
-212
41
438
785
1018
1209
1242
1251
1215
966
446
-212
-1036
-1841
-2572
-3152
-3696
-3944
-3873
-3511
-2861
-1991
-1020
-288
353
821
1131
1192
782
42
-908
-1821
-2457
-2757
-2877
-2871
-2430
-1708
-829
-73
699
1270
1733
1903
1560
1088
554
82
-593
-1296
-1623
-1666
-1515
-1235
-754
-237
246
649
956
1101
1109
1010
791
528
92
-232
-175
-164
-190
-18
307
560
905
1139
1214
1185
1186
1300
1383
1364
1220
1092
1198
1237
1173
1042
1044
1179
1124
1010
950
667
404
455
569
439
160
-128
-47
147
141
212
317
425
421
471
591
531
75
-558
-1137
-1444
-993
