-4860
-4595
-4182
-3931
-3665
-3500
-3531
-3818
-4143
-4416
-4513
-4647
-4730
-4669
-4526
-4248
-4014
-3827
-3686
-3471
-3112
-2859
-2917
-3177
-3336
-3770
-4613
-5452
-6398
-7266
-8091
-8744
-8911
-8714
-8269
-7622
-6827
-5867
-5014
-4238
-3693
-3421
-3522
-3839
-4419
-5283
-6138
-6715
-6997
-7152
-6885
-6237
-5468
-4520
-3606
-2862
-2132
-1692
-1496
-1636
-2173
-2987
-3802
-4590
-5144
-5393
-5395
-5034
-4612
-4237
-3736
-3052
-2550
-2152
-2202
-2725
-3341
-4010
-4683
-5091
-5298
-5213
-4412
-3043
-1777
-840
-710
-1250
-2331
-3933
-5871
-7799
-9624
-10988
-11608
-11155
-10224
-9061
-7553
-6007
-5025
-4500
-4801
-5694
-7054
-8890
-10832
-12398
-13005
-12818
-12100
-10449
-8034
-5383
-2813
-588
897
1643
1565
752
-546
-1979
-3546
-5106
-6264
-6697
-6103
-4387
-1799
1067
3771
5912
6996
7052
6249
4756
2716
310
-2117
-4175
-5572
-6056
-5894
-4872
-3319
-1736
-289
719
1063
605
-573
-2107
-3890
-6170
-8417
-9848
-10363
-10167
-9518
-8390
-6740
-4979
-3613
-2884
-2667
-2991
-3895
-5236
-6935
-8635
-10128
-11223
-11904
-12052
-11419
-10259
-8881
-7400
-6090
-5270
-4721
-4473
-4912
-5859
-7056
-8377
-9698
-10747
-11379
-11592
-11245
-10605
-9537
-8395
-7078
-5622
-4608
-3904
-3423
-3304
-3279
-3415
-3568
-3537
-3555
-3362
-3049
-2524
-1715
-1213
-791
-450
-236
-236
-483
-731
-830
-936
-1245
-1563
-1731
-1790
-1706
-1589
-1349
-1461
-1814
-2007
-2162
-2413
-2588
-2692
-2841
-3189
-3839
-4553
-5334
-5959
-6419
-6804
-7020
-6987
-6625
-6153
-5502
-4740
-4129
-3519
-3134
-3016
-3163
-3715
-4511
-5375
-6301
-7161
-7846
-8251
-8282
-7986
-7416
-6561
-5784
-4959
-4226
-3651
-3547
-3680
-3875
-4328
-4724
-5064
-5358
-5317
-5013
-4490
-3679
-2877
-1989
-1157
-312
500
1059
1468
1800
2029
2065
2167
1971
1200
203
-874
-2109
-3248
-4045
-3972
-2929
-1302
787
2682
4061
5000
5649
5675
4890
3214
1100
-819
-2357
-3555
-4064
-3517
-2044
-29
2222
4176
5500
6314
6487
5794
4551
3047
1378
-256
-1374
-1835
-1530
-438
1285
3411
5351
6648
7250
7244
7032
6705
6390
6313
6524
6790
7153
7386
7242
6884
6359
5575
4481
3118
1867
811
47
-195
114
735
1737
2817
3783
4534
4882
4832
4185
3362
2328
948
-429
-1521
-2131
-2412
-2197
-1510
-754
189
1011
1481
1751
1842
1426
760
-117
-1090
-2160
-3161
-3813
-4112
-4203
-4093
-3837
-3493
-3310
-3119
-3015
-3158
-3347
-3431
-3683
-4067
-4410
-4596
-4733
-4538
-4409
-4161
-3780
-3643
-3393
-3236
-3152
-3292
-3334
-3450
-3778
-3968
-3948
-3912
-3828
-3469
-2897
-2238
-1599
-1073
-711
-653
-703
-903
-1000
-1308
-1843
-2253
-2429
-2678
-3028
-3048
-2845
-2705
-2699
-2556
-2137
-1690
-1540
-1711
-1984
-2515
-3290
-4279
-5347
-6660
-8207
-9382
-10176
-10595
-10634
-10406
-9689
-8564
-7559
-6670
-5699
-4896
-4624
-4849
-5346
-6044
-6994
-7996
-8760
-9419
-9922
-10111
-9789
-8982
-8057
-7107
-6286
-5778
-5346
-5259
-5412
-5906
-6504
-7020
-7364
-7826
-8158
-8181
-7873
-7267
-6582
-5987
-5269
-4696
-4277
-3841
-3452
-3170
-2862
-2670
-2693
-2689
-2494
-2242
-1789
-1442
-1057
-845
-479
-113
34
44
-152
-473
-715
-798
-950
-1279
-1281
-1239
-1283
-1269
-1313
-1213
-1236
-1354
-1579
-1992
-2304
-2503
-2675
-2851
-2983
-3056
-3143
-3098
-2956
-2765
-2685
-2535
-2430
-2408
-2440
-2677
-3297
-4013
-4507
-4603
-3954
-2732
-1537
-266
874
1447
1241
506
-692
-2032
-3569
-5296
-6721
-7682
-8094
-7861
-7058
-5690
-4120
-2831
-1732
-1303
-1365
-1902
-2983
-4567
-6137
-7510
-8640
-9326
-9453
-9098
-8225
-6885
-5515
-4295
-3142
-2395
-2200
-2282
-2892
-4017
-5455
-6616
-7528
-8217
-8538
-8467
-7694
-6656
-5654
-4681
-3886
-3284
-3054
-3197
-3626
-4131
-4647
-5450
-6372
-6927
-7054
-6962
-6827
-6373
-5777
-5436
-5221
-4801
-4454
-4294
-4535
-4970
-5426
-5919
-6272
-6412
-6474
-6418
-6146
-5950
-5755
-5572
-5467
-5367
-5350
-5612
-5919
-6024
-5990
-6233
-6519
-6690
-6677
-6421
-6209
-5875
-5504
-5369
-5200
-4920
-4762
-4801
-4991
-5296
-5887
-6762
-7716
-8771
-9816
-10649
-11006
-11174
-11103
-10598
-9876
-9025
-8017
-6983
-6135
-5641
-5271
-5261
-5808
-6621
-7417
-8232
-9056
-9563
-9543
-9129
-8575
-7654
-6738
-5693
-4668
-3972
-3516
-3336
-3199
-3484
-4137
-4835
-5274
-5568
-5764
-5790
-5564
-5109
-4438
-3596
-2870
-2247
-1538
-978
-822
-663
-626
-767
-815
-842
-801
-736
-586
-449
-137
359
836
1172
1372
1512
1569
1569
1573
1558
1527
1402
1235
1218
1258
1022
1033
923
734
618
438
214
-43
-168
-310
-337
-373
-421
-381
-297
-135
15
205
370
494
627
688
441
-107
-707
-1154
-1198
-746
315
1786
3349
4653
5497
5774
5375
4418
3139
1688
281
-1088
-2146
-2557
-2481
-1982
-998
293
1593
2664
3468
3787
3504
2606
1393
-47
-1483
-2711
-3485
-3800
-3613
-2875
-1899
-659
442
1438
2120
2370
2108
1536
601
-537
-1628
-2501
-3255
-3668
-3440
-3084
-2579
-1771
-1010
-278
215
385
314
-164
-736
-1368
-2074
-2859
-3627
-4107
-4236
-3949
-3480
-2979
-2664
-2241
-1803
-1493
-1394
-1591
-1922
-2298
-2747
-2949
-2919
-3048
-3114
-3092
-2834
-2491
-2154
-1904
-1653
-1730
-1831
-2035
-2375
-2601
-2886
-3091
-3152
-3103
-2945
-2702
-2554
-2451
-2245
-1981
-1950
-2018
-2031
-2130
-2354
-2756
-3531
-4445
-5413
-6329
-7094
-7875
-8399
-8373
-8000
-7500
-6953
-6177
-5137
-4146
-3491
-3401
-3383
-3591
-4277
-5109
-5981
-6599
-7107
-7467
-7554
-7182
-6443
-5466
-4551
-3783
-3040
-2318
-1894
-2085
-2618
-3233
-3964
-4581
-5002
-5228
-5335
-5170
-4719
-4176
-3573
-3013
-2335
-1719
-1284
-1063
-1028
-1172
-1276
-1459
-1607
-1712
-1558
-1262
-1126
-894
-640
-213
128
288
447
670
988
936
806
742
609
572
567
337
200
167
83
-7
-60
-120
-197
-363
-553
-799
-1033
-1182
-1339
-1429
-1530
-1374
-1213
-1190
-1185
-1013
-997
-1168
-1304
-1592
-2175
-2883
-3310
-3131
-2281
-903
796
2225
3210
3662
3355
2507
1229
-109
-1543
-3089
-4207
-4914
-5216
-4922
-3994
-2435
-1052
89
1089
1558
1332
500
-521
-1811
-3336
-4901
-6057
-6694
-6755
-6315
-5129
-3832
-2755
-1743
-776
-127
-200
-699
-1559
-2627
-3849
-5093
-5922
-6312
-6338
-5964
-5377
-4535
-3565
-2686
-2056
-1617
-1463
-1740
-2239
-2938
-3816
-4786
-5543
-6056
-6329
-6273
-6001
-5516
-4868
-4239
-3841
-3783
-3731
-3765
-3997
-4476
-4935
-5259
-5485
-5528
-5325
-5247
-4989
-4769
-4462
-3897
-3737
-3595
-3405
-3567
-4028
-4290
-4458
-4743
-5059
-5187
-5102
-4902
-4510
-4353
-4430
-4266
-3901
-3667
-3685
-3718
-3828
-4281
-5030
-5763
-6457
-7332
-8320
-9081
-9536
-9871
-9836
-9490
-8838
-7822
-6722
-5711
-5065
-4732
-4576
-4855
-5278
-5806
-6547
-7606
-8481
-8750
-8480
-8161
-7707
-6750
-5725
-4752
-3727
-3058
-2814
-2749
-2903
-3357
-3889
-4573
-5027
-5407
-5494
-5269
-4882
-4488
-3756
-2830
-2038
-1464
-1152
-916
-786
-850
-908
-908
-1071
-1181
-1311
-1199
-878
-415
41
360
615
941
1229
1326
1358
1431
1341
1283
1268
1122
831
830
983
1118
1127
1062
1047
934
801
427
101
-45
-218
-354
-349
-299
-147
-49
-2
155
213
353
348
356
244
-233
-1015
-1996
-2820
-3164
-3019
-2480
-1460
-212
943
1696
2043
1880
1317
352
-656
-1455
-2190
-2703
-2651
-2046
-1270
-409
666
1563
2136
2359
2083
1387
588
-411
-1633
-2721
-3457
-3851
-3644
-2960
-1772
-432
632
1568
2249
2631
2619
2280
1497
437
-660
-1663
-2449
-2830
-2892
-2411
-1467
-479
589
1454
2035
2222
2184
1868
1178
368
-367
-1071
-1671
-2043
-2191
-2186
-1861
-1151
-459
130
554
810
894
577
254
-204
-825
-1407
-1978
-2427
-2771
-2850
-2802
-2758
-2524
-2214
-1894
-1689
-1721
-1937
-2061
-2239
-2495
-2984
-3326
-3412
-3482
-3536
-3469
-3109
-2697
-2547
-2609
-2621
-2529
-2429
-2508
-2838
-3238
-3965
-4671
-5537
-6424
-7241
-7999
-8408
-8414
-7955
-7257
-6366
-5283
-4319
-3730
-3219
-2902
-2826
-3050
-3859
-4742
-5459
-5863
-6165
-6394
-6265
-5520
-4533
-3576
-2819
-2021
-1223
-625
-299
-203
-489
-889
-1262
-1708
-2318
-2599
-2600
-2204
-1681
-1148
-553
127
727
1209
1542
1729
1806
1708
1655
1585
1373
1322
1342
1331
1456
1780
2163
2492
2795
3011
2966
2930
2975
2940
2861
2825
2665
2456
2275
2183
2041
1946
1890
1840
1791
1680
1348
1161
925
824
688
564
530
498
526
678
898
980
965
1015
1008
1027
963
656
481
848
1694
2868
4344
5871
7126
8139
8611
8285
7227
5698
3607
1313
-956
-3000
-4303
-4747
-4437
-3303
-1428
859
3068
4766
5849
6231
5768
4732
3126
1247
-713
-2671
-4246
-5208
-5368
-4775
-3540
-2049
-553
809
1697
2297
2455
1854
819
-440
-2130
-3852
-5033
-5766
-5928
-5865
-5277
-4269
-3199
-2204
-1404
-678
-342
-610
-1037
-1578
-2196
-3317
-4511
-5196
-5394
-5536
-5549
-5244
-4742
-4269
-3861
-3557
-3339
-3361
-3357
-3573
-3983
-3965
-3808
-3572
-3217
-2846
-2562
-2279
-1798
-1335
-1263
-1485
-1492
-1631
-1878
-2142
-2331
-2455
-2620
-2551
-2377
-2009
-1668
-1308
-1039
-776
-627
-709
-867
-1111
-1375
-1980
-2870
-3849
-4838
-5747
-6465
-6872
-7076
-7150
-6926
-6393
-5596
-4610
-3654
-2754
-2053
-1807
-1919
-2357
-3104
-3946
-4846
-5859
-6613
-7093
-7085
-6688
-6075
-5245
-4282
-3366
-2682
-2200
-1871
-1913
-2243
-2814
-3436
-4145
-4819
-5328
-5502
-5181
-4783
-4242
-3557
-2859
-2172
-1597
-1142
-943
-877
-671
-566
-460
-527
-700
-865
-861
-670
-217
437
1008
1359
1591
1755
1941
1924
1870
1871
1873
1945
2094
2101
1890
1843
1897
1937
1913
1964
1749
1682
1445
1178
901
801
789
761
901
971
903
1038
1318
1423
1409
1541
1572
1473
1017
185
-685
-1396
-1620
-1231
-359
857
2062
2759
3280
3131
2337
1294
39
-1221
-2378
-3382
-3951
-3940
-3258
-1955
-372
1095
2553
3407
3490
3145
2470
1181
-288
-1908
-3420
-4620
-5298
-5314
-4515
-3264
-1925
-509
861
1926
2474
2465
2121
1423
372
-825
-1918
-2660
-3030
-3098
-2846
-2087
-1074
-17
849
1624
2077
2097
1755
1315
830
100
-743
-1481
-2005
-2198
-2172
-1702
-1225
-718
-85
358
500
643
987
934
322
-274
-566
-793
-1123
-1500
-1526
-1445
-1273
-1068
-1053
-1127
-1065
-996
-1098
-1534
-1881
-2140
-2452
-2581
-2479
-2362
-2212
-2196
-2089
-1895
-1793
-1806
-1865
-1954
-1887
-1900
-2304
-3049
-3754
-4642
-5585
-6552
-7337
-7851
-8070
-7875
-7356
-6573
-5559
-4717
-3873
-3027
-2442
-2343
-2581
-3034
-3838
-4797
-5567
-5988
-6143
-6099
-5720
-4993
-4009
-2930
-1916
-1175
-464
49
234
119
-160
-788
-1422
-1793
-2040
-2120
-1981
-1573
-1163
-454
227
878
1660
2246
2474
2646
2829
2898
2747
2572
2383
2356
2357
2396
2605
2898
3226
3391
3662
4002
4356
4462
4357
4319
4184
4013
3817
3598
3664
3676
3402
3288
3368
3378
3093
2955
2743
2444
2290
2096
1980
1896
1923
1896
1967
2151
2094
2006
2074
2060
2214
2275
1951
1369
631
268
544
1118
2119
3654
5158
6289
6891
6971
6429
5502
4181
2759
1421
133
-740
-1088
-673
157
1166
2549
3911
4944
5599
5678
5172
4203
2928
1463
108
-1009
-1568
-1573
-1257
-634
304
1515
2612
3491
4045
4040
3576
2882
1948
922
-44
-950
-1635
-1769
-1625
-1206
-358
706
1502
2071
2469
2488
2151
1708
989
185
-572
-1270
-1768
-2095
-2292
-2148
-1581
-990
-660
-337
-10
170
14
-313
-574
-1002
-1490
-1691
-1907
-2129
-2115
-1822
-1412
-950
-597
-506
-505
-319
-383
-716
-1068
-1217
-1299
-1570
-1743
-1756
-1666
-1326
-1043
-699
-480
-474
-504
-454
-410
-582
-851
-1379
-2065
-2948
-3917
-4666
-5396
-5951
-6239
-6153
-5802
-5226
-4458
-3516
-2532
-1788
-1313
-1214
-1296
-1587
-2166
-2996
-3826
-4468
-4923
-5085
-4903
-4426
-3917
-3213
-2292
-1338
-572
32
212
44
-338
-1017
-1660
-2200
-2560
-2750
-2922
-2803
-2235
-1588
-817
44
581
974
1328
1537
1768
1645
1335
1146
1057
1057
1071
1169
1416
1839
2207
2604
3023
3215
3202
3134
3118
3044
2907
2814
2801
2832
2676
2635
2537
2590
2670
2561
2441
2359
2144
1878
1670
1599
1493
1439
1540
1487
1515
1584
1775
1903
1979
2103
1997
1883
1735
1239
531
112
30
610
1537
2876
4317
5550
6421
6598
6145
5184
4045
2789
1340
12
-946
-1632
-1783
-1185
-23
1239
2670
3849
4348
4369
4031
3319
2216
800
-590
-1906
-2791
-3141
-3095
-2515
-1511
-282
998
2078
2727
2883
2633
2060
1332
378
-648
-1860
-2639
-3073
-3180
-2671
-1784
-815
77
874
1306
1448
1438
1457
979
44
-899
-1819
-2347
-2759
-2972
-2694
-2301
-1934
-1333
-725
-186
-20
-108
-174
-533
-1074
-1483
-1885
-2112
-2047
-1936
-1712
-1433
-913
-461
-240
-165
-136
-209
-296
-437
-580
-786
-1127
-1334
-1252
-1140
-1117
-878
-583
-488
-539
-627
-475
-334
-489
-668
-1019
-1645
-2472
-3570
-4458
-5328
-5824
-6299
-6421
-6208
-5816
-5226
-4299
-3281
-2408
-1747
-1482
-1415
-1623
-2113
-2952
-3768
-4498
-5107
-5287
-5061
-4705
-4048
-3107
-2185
-1305
-537
27
346
379
45
-600
-1035
-1517
-2117
-2608
-2800
-2445
-1842
-1218
-539
226
1025
1616
2011
2308
2380
2263
2043
1926
2116
2105
2044
2075
2237
2532
2848
3213
3559
3862
4047
4043
4013
3951
3793
3621
3484
3509
3527
3436
3418
3393
3468
3589
3476
3163
2896
2518
2308
2390
2414
2291
2134
2030
2084
2162
2230
2271
2370
2532
2640
2638
2472
2084
1422
749
513
664
1539
2861
4351
5750
6716
7096
6973
6281
5192
3853
2441
1154
-32
-897
-998
-621
328
1605
2973
4188
4989
5240
4952
4307
3288
1979
582
-632
-1584
-2212
-2206
-1608
-702
345
1510
2527
3374
3724
3733
3412
2719
1846
827
-411
-1376
-1671
-1585
-1293
-748
40
964
1800
2401
2727
2773
2507
1862
1131
461
-226
-952
-1571
-1895
-1817
-1431
-889
-162
408
698
839
918
832
550
216
-217
-474
-620
-647
-719
-707
-385
50
394
725
692
551
546
488
347
129
-28
-179
-438
-672
-558
-266
-74
60
363
586
558
537
663
809
715
252
-409
-1033
-2000
-3133
-4151
-4902
-5225
-5457
-5402
-4970
-4424
-3682
-2596
-1531
-611
-94
48
-279
-925
-1638
-2362
-3103
-3646
-3933
-4006
-3865
-3338
-2498
-1423
-369
254
825
1162
1256
1063
685
158
-432
-965
-1385
-1512
-1290
-880
-315
308
918
1427
2038
2579
2754
2573
2290
2055
1775
1514
1329
1447
1986
2550
3003
3253
3278
3111
2644
2008
1380
928
673
521
738
1410
2295
3169
3733
4066
4332
4186
3649
3002
2107
1126
379
140
195
763
1717
2959
4291
5556
6258
6689
6883
6501
5741
4931
4079
3352
2659
2152
2257
2841
3981
5621
7324
9021
10217
10633
10534
9783
8526
6962
5171
3538
2021
1049
695
872
1504
2635
4012
5150
5963
6341
6107
5360
4427
3326
1980
493
-585
-1242
-1925
-1906
-1312
-315
809
1767
2559
3106
3242
2866
2163
1434
578
-463
-1602
-2591
-3176
-3292
-2902
-2253
-1599
-734
27
576
941
1000
795
403
-300
-1049
-1803
-2365
-2576
-2615
-2252
-1711
-1038
-558
-8
683
1211
1271
1008
917
825
533
317
348
519
643
758
1175
1748
2288
2547
2654
2639
2563
2337
1987
1603
1321
1140
1020
1127
1112
1050
1279
1640
1540
1437
1477
1509
1364
1218
1246
1115
468
-456
-1260
-2248
-3158
-4012
-4697
-4968
-4995
-4783
-4202
-3672
-3007
-2084
-1268
-875
-723
-863
-1160
-1705
-2511
-3533
-4484
-5148
-5440
-5241
-4749
-3952
-2982
-2109
-1353
-787
-386
-342
-673
-1097
-1753
-2620
-3306
-3704
-3876
-3988
-3913
-3517
-2932
-2191
-1454
-903
-549
-151
152
231
40
-490
-943
-1326
-1905
-2234
-2071
-1617
-1165
-573
122
805
1401
1831
1957
1696
1122
437
-208
-755
-1140
-1336
-1022
-678
-228
296
647
856
1065
1022
485
-89
-666
-1559
-2344
-3047
-3303
-3196
-2937
-2490
-1984
-1389
-883
-954
-1281
-1798
-2621
-3789
-5077
-5836
-5833
-5018
-3498
-1485
454
1508
1915
1796
980
-514
-2289
-3999
-5803
-7505
-8500
-8649
-7898
-6518
-4743
-3061
-1465
-283
227
74
-631
-1819
-3179
-4892
-6451
-7472
-7883
-7566
-6609
-5283
-3896
-2321
-991
-115
429
527
132
-697
-1666
-2779
-3863
-4535
-4702
-4789
-4418
-3393
-2053
-904
115
868
1328
1209
761
272
-376
-1113
-1698
-2240
-2489
-2545
-2339
-2020
-1403
-546
70
429
531
613
335
64
-146
-604
-1123
-1481
-1423
-1380
-1342
-1091
-609
-146
198
457
542
461
205
-58
-395
-715
-959
-1103
-1054
-807
-549
-306
-61
151
431
641
738
801
862
726
355
-341
-1158
-1775
-2317
-2978
-3680
-4132
-4106
-3683
-3109
-2281
-1182
-149
671
1344
1865
2077
1812
1412
795
57
-665
-1142
-1077
-607
-74
599
1390
2221
3179
3943
4463
4624
4449
4125
3617
2966
2316
1865
1629
1566
1674
1990
2469
3047
3627
4032
4427
4496
4490
4552
4342
3811
3330
3016
2826
2641
2820
3057
3229
3570
3832
3954
4135
4193
4078
4044
3908
3786
3634
3429
3222
2986
3044
3140
3188
3156
3034
3028
2872
2531
2283
2127
1925
1759
1680
1783
1879
1968
1871
1874
1998
2039
2202
2320
2377
2175
1538
863
286
56
519
1471
2893
4530
5908
6916
7371
7105
6322
5283
4085
2779
1487
411
-226
-403
136
1188
2576
4042
5268
6051
6323
6085
5432
4494
3341
2068
846
-160
-792
-847
-378
579
1896
3209
4172
4758
5066
5126
4821
4047
3119
2108
1025
104
-253
-235
22
627
1376
2359
3183
3610
3961
4091
3647
2926
2275
1604
1096
540
72
-123
-265
-48
427
978
1398
1730
2112
2316
2201
2028
1756
1436
1036
688
596
680
929
1168
1510
1970
2268
2412
2506
2321
2258
2110
1978
1817
1408
1285
1400
1618
1894
2207
2321
2384
2483
2690
2856
2992
3028
2777
2404
1907
1269
554
-301
-1148
-1923
-2560
-2678
-2573
-2162
-1448
-632
341
1212
1836
2190
2172
2063
1728
1254
626
-191
-951
-1279
-1359
-1198
-649
183
1222
2026
2636
3091
3339
3212
2901
2388
1783
1062
396
-99
-440
-517
-225
307
733
1091
1442
1764
2048
2349
2218
1886
1603
1331
1026
537
276
350
369
456
737
1027
1217
1380
1744
1919
1730
1519
1397
1236
1016
768
576
561
552
546
463
417
380
167
-18
-53
-192
-417
-619
-818
-1064
-1174
-1084
-1060
-1069
-938
-856
-632
-563
-563
-642
-1064
-1656
-2307
-2734
-2652
-2021
-710
902
2518
3766
4411
4367
3616
2649
1313
-248
-1752
-3177
-4143
-4496
-4095
-3235
-2148
-723
708
1844
2441
2513
2090
1189
-133
-1700
-3271
-4471
-5136
-5327
-5001
-4109
-2906
-1746
-685
257
878
1130
932
429
-582
-1806
-2973
-3944
-4436
-4531
-4363
-3826
-2961
-1993
-1179
-424
188
512
514
103
-555
-1430
-2254
-2814
-3393
-3722
-3725
-3376
-2863
-2465
-2107
-1629
-1252
-1092
-994
-850
-1136
-1571
-2002
-2288
-2433
-2264
-2076
-1703
-1238
-1003
-814
-468
-218
-111
-160
-242
-345
-753
-1096
-1216
-1226
-1133
-1087
-1007
-631
-292
-146
122
379
538
437
346
204
-258
-867
-1747
-2667
-3606
-4530
-5035
-5117
-5042
-4770
-3943
-2876
-1900
-1107
-471
243
456
298
-39
-474
-1054
-1855
-2625
-3182
-3339
-2994
-2378
-1517
-486
566
1305
1753
2114
2301
2062
1509
826
122
-527
-966
-1333
-1345
-1044
-697
-217
386
958
1346
1670
1813
1756
1600
1539
1155
650
288
182
384
494
652
845
1056
1320
1720
1946
1935
1862
1718
1663
1568
1462
1348
1160
1281
1306
1149
902
916
994
856
556
442
369
167
36
-142
-252
-478
-406
-93
48
38
36
236
428
406
203
33
-20
-85
-30
307
1097
