-4937
-4447
-3950
-3664
-3682
-3674
-3649
-3832
-4112
-4318
-4518
-4499
-4563
-4585
-4455
-4218
-3960
-3868
-3599
-3179
-3011
-2989
-2855
-2942
-3221
-3720
-4288
-4962
-5805
-6641
-7194
-7674
-8013
-8160
-8015
-7420
-6609
-5674
-4647
-3823
-3287
-2997
-3060
-3428
-4118
-4995
-5792
-6405
-6797
-7074
-6903
-6138
-5365
-4364
-3494
-2635
-1941
-1603
-1666
-1910
-2520
-3233
-3865
-4295
-4663
-4898
-5071
-5021
-4770
-4286
-3524
-2929
-2573
-2304
-2416
-2957
-3616
-4366
-5041
-5265
-5371
-5090
-4359
-3309
-2109
-1125
-941
-1374
-2349
-3945
-5999
-8194
-9967
-11187
-11755
-11544
-10523
-9048
-7534
-6117
-5023
-4400
-4584
-5432
-6897
-8695
-10610
-12184
-12937
-12935
-12101
-10458
-8082
-5551
-3104
-997
636
1612
1556
763
-367
-1757
-3200
-4869
-6287
-6902
-6413
-4737
-2289
595
3326
5283
6443
6495
5800
4338
2324
27
-2332
-4302
-5536
-6144
-5786
-4852
-3612
-1973
-342
744
1064
571
-583
-2334
-4250
-6238
-8018
-9254
-10046
-10069
-9283
-7984
-6553
-5238
-4087
-3161
-2867
-3315
-4209
-5536
-7129
-8818
-10407
-11508
-11968
-11890
-11386
-10240
-8984
-7843
-6634
-5503
-4723
-4510
-5022
-5922
-7012
-8369
-9702
-10794
-11368
-11663
-11438
-10831
-9859
-8617
-7388
-6295
-5248
-4239
-3496
-3353
-3328
-3414
-3584
-3687
-3894
-3855
-3649
-3132
-2458
-1879
-1294
-1031
-847
-551
-510
-763
-1064
-1399
-1824
-2049
-1907
-1783
-1806
-1735
-1837
-1877
-1945
-2212
-2428
-2522
-2686
-2874
-3082
-3331
-3810
-4491
-5095
-5672
-6275
-6718
-6795
-6764
-6792
-6327
-5598
-4786
-4170
-3638
-3264
-3082
-3306
-3755
-4426
-5327
-6183
-6911
-7615
-8128
-8344
-8129
-7645
-6949
-6205
-5333
-4572
-4204
-4053
-3939
-4076
-4487
-4958
-5269
-5413
-5628
-5548
-4880
-3905
-2971
-2073
-1176
-340
296
698
1030
1403
1636
1704
1690
1321
590
-405
-1380
-2428
-3413
-4194
-4534
-3651
-1866
166
2003
3455
4509
5107
5016
4095
2688
923
-941
-2681
-3839
-4063
-3401
-2013
-11
2044
3846
5331
6252
6381
5716
4438
2940
1434
130
-964
-1631
-1344
-199
1381
3171
4904
6357
7075
7060
6671
6150
5720
5722
5885
6259
6609
6778
6798
6587
6019
5210
4105
2936
1881
851
-85
-502
-342
291
1445
2611
3419
4120
4550
4539
4140
3386
2361
1037
-150
-1046
-1901
-2286
-2084
-1565
-783
-42
461
981
1438
1585
1418
838
-126
-1108
-2210
-3026
-3426
-3768
-4134
-4145
-3775
-3536
-3295
-3185
-3095
-3077
-3326
-3525
-3686
-4124
-4348
-4427
-4481
-4378
-4300
-3925
-3593
-3390
-3195
-3142
-3151
-3152
-3271
-3618
-3752
-3836
-3799
-3753
-3662
-3464
-3088
-2443
-1930
-1590
-1116
-711
-678
-887
-1185
-1551
-1902
-2308
-2801
-3148
-3353
-3452
-3293
-2989
-2830
-2586
-2298
-1942
-1693
-1471
-1402
-1856
-2570
-3407
-4604
-6042
-7562
-8695
-9451
-9990
-10136
-9980
-9550
-8721
-7582
-6320
-5302
-4609
-4306
-4622
-5113
-5701
-6508
-7554
-8676
-9464
-9856
-9851
-9454
-8759
-7944
-7173
-6477
-6048
-5559
-5327
-5319
-5715
-6194
-6586
-7100
-7629
-7926
-7874
-7700
-7079
-6374
-5634
-4899
-4265
-3668
-3283
-2873
-2557
-2428
-2365
-2216
-2102
-1876
-1580
-1365
-1062
-635
-255
77
267
447
612
564
451
260
61
-155
-433
-558
-689
-786
-734
-568
-494
-376
-449
-727
-1059
-1266
-1447
-1579
-1703
-1920
-2054
-2133
-2263
-2268
-2135
-1808
-1666
-1450
-1201
-1037
-1421
-2238
-3057
-3502
-3558
-3295
-2439
-1168
192
1176
1579
1543
935
-246
-1702
-3344
-4656
-5915
-6910
-7223
-6896
-6121
-4874
-3365
-1939
-975
-485
-445
-1008
-1981
-3373
-4933
-6414
-7581
-8278
-8547
-8162
-7208
-5864
-4646
-3629
-2801
-2007
-1676
-2116
-2801
-3558
-4732
-6061
-7162
-7730
-7804
-7629
-7132
-6253
-5206
-4213
-3597
-3058
-2744
-2700
-2952
-3556
-4331
-5094
-5886
-6431
-6646
-6507
-6179
-5768
-5346
-4957
-4565
-4331
-4079
-4119
-4277
-4685
-5216
-5782
-6117
-6244
-6408
-6531
-6338
-5906
-5574
-5286
-5183
-5180
-5160
-5327
-5620
-5914
-6213
-6493
-6692
-6839
-6770
-6521
-6147
-5885
-5631
-5271
-5069
-4979
-4948
-4849
-5049
-5252
-5590
-6238
-7032
-8084
-9194
-10015
-10573
-10882
-10941
-10597
-10016
-9287
-8158
-6986
-6287
-5762
-5383
-5361
-5749
-6277
-7068
-8165
-9061
-9610
-9691
-9444
-8973
-8102
-7041
-5961
-5026
-4293
-3679
-3593
-3726
-4010
-4204
-4624
-5233
-5798
-6010
-5983
-5753
-5240
-4575
-3811
-3091
-2497
-1983
-1465
-1257
-1082
-1019
-1261
-1376
-1277
-1141
-1118
-1094
-798
-414
34
430
731
837
1081
1264
1181
1142
1084
1084
935
823
941
1051
949
656
578
696
733
616
374
139
-81
-309
-448
-420
-259
-105
-107
-82
5
13
95
90
37
183
110
-384
-1066
-1523
-1610
-1298
-397
965
2390
3641
4565
4785
4563
3823
2739
1360
-229
-1664
-2781
-3229
-3038
-2261
-1449
-284
966
2114
2818
3034
2751
2121
1083
-355
-1713
-2853
-3765
-4006
-3686
-3086
-2173
-1236
-136
736
1244
1479
1445
812
-5
-1016
-2165
-3152
-3861
-4349
-4365
-3952
-3167
-2142
-1329
-678
-304
-38
61
-216
-932
-1652
-2276
-3008
-3730
-4066
-4086
-3974
-3745
-3345
-2801
-2286
-1786
-1626
-1607
-1781
-2279
-2780
-3234
-3548
-3682
-3730
-3700
-3526
-3258
-3083
-2784
-2423
-2181
-2285
-2311
-2395
-2705
-3068
-3242
-3321
-3470
-3504
-3331
-2987
-2779
-2613
-2523
-2420
-2354
-2277
-2122
-1995
-2033
-2310
-2940
-3968
-5055
-5841
-6556
-7262
-7804
-7973
-7895
-7477
-6810
-5860
-4976
-4123
-3469
-3041
-3080
-3490
-4105
-4747
-5504
-6348
-7007
-7317
-7433
-7205
-6603
-5729
-4697
-3743
-2936
-2327
-2130
-2208
-2403
-2770
-3309
-3905
-4501
-4817
-4935
-4831
-4308
-3889
-3139
-2317
-1655
-1140
-732
-482
-448
-347
-409
-670
-823
-930
-992
-957
-693
-108
212
513
941
1320
1473
1571
1709
1828
1806
1754
1694
1636
1425
1212
1256
1218
1218
1109
1114
1102
885
500
327
185
156
24
-44
13
124
101
90
244
320
217
70
163
261
-242
-1124
-1895
-2151
-1861
-1137
-73
1333
2949
4115
4501
4282
3570
2385
939
-568
-1961
-3052
-3780
-3843
-3423
-2625
-1528
-181
1050
1826
2146
1968
1339
485
-886
-2287
-3468
-4616
-5287
-5246
-4672
-3895
-2870
-1752
-892
-161
237
184
-214
-1051
-2045
-2978
-4062
-4932
-5473
-5531
-5016
-4463
-3753
-2976
-2254
-1577
-1151
-1121
-1394
-1907
-2631
-3343
-4227
-4877
-5332
-5577
-5434
-5131
-4693
-4074
-3698
-3422
-3148
-3034
-3165
-3357
-3762
-4290
-4711
-5021
-5044
-4908
-4828
-4639
-4352
-4018
-3666
-3469
-3417
-3527
-3661
-3767
-4024
-4353
-4537
-4778
-4840
-4843
-4792
-4442
-4100
-3869
-3849
-3843
-3719
-3653
-3718
-3795
-3960
-4382
-4998
-6002
-7049
-8086
-9013
-9371
-9437
-9277
-8834
-8205
-7417
-6539
-5689
-4954
-4455
-4248
-4396
-4830
-5649
-6636
-7745
-8570
-8808
-8831
-8482
-7894
-7211
-6156
-5120
-4287
-3651
-3208
-2963
-2954
-3594
-4353
-4753
-4943
-5299
-5514
-5312
-5012
-4437
-3774
-3028
-2210
-1670
-1434
-1197
-939
-693
-635
-691
-888
-1103
-1266
-1278
-1251
-992
-465
160
745
1089
1339
1545
1499
1450
1357
1408
1369
1126
1027
1057
1082
1190
1232
1389
1456
1202
1116
907
714
566
432
339
226
194
283
306
427
567
718
726
589
430
291
87
-709
-1732
-2562
-3115
-3198
-2540
-1409
-417
663
1640
2009
1810
1204
331
-496
-1194
-1916
-2391
-2394
-2064
-1433
-586
425
1447
1977
2168
1796
1119
270
-686
-1482
-2488
-3389
-3813
-3489
-2796
-1896
-835
207
1205
1948
2255
2042
1642
1022
264
-618
-1495
-2100
-2336
-2297
-2119
-1495
-446
518
1320
1843
2148
2126
1686
1117
517
-175
-872
-1369
-1703
-1890
-1834
-1369
-855
-426
-80
331
705
744
524
256
-118
-637
-1264
-1898
-2469
-2735
-2870
-2712
-2421
-2298
-2162
-2216
-2304
-2205
-2177
-2227
-2513
-2858
-3026
-3357
-3596
-3543
-3386
-3293
-3162
-3020
-2915
-2715
-2569
-2539
-2476
-2485
-2821
-3359
-4030
-4823
-5556
-6319
-7196
-7862
-8226
-8222
-7900
-7499
-6700
-5751
-4891
-4172
-3564
-3185
-3105
-3358
-3886
-4619
-5498
-6267
-6677
-6819
-6490
-5879
-5211
-4279
-3383
-2549
-1823
-1090
-685
-775
-1011
-1370
-1824
-2236
-2572
-2912
-2831
-2561
-2173
-1561
-725
120
849
1366
1596
1478
1233
1210
1158
1081
858
748
844
1053
1248
1439
1697
2024
2392
2640
2629
2698
2760
2665
2510
2267
2120
2147
2155
2063
1969
2000
2071
1867
1646
1513
1440
1198
1018
970
889
681
636
621
591
559
444
532
905
1177
1314
1303
913
538
381
688
1461
2515
3821
5407
6859
7661
7850
7473
6645
5218
3194
1003
-1238
-3132
-4327
-4814
-4381
-3042
-1014
1169
2999
4723
5987
6312
5819
4874
3402
1418
-525
-2324
-3776
-4385
-4291
-3672
-2568
-1133
164
1177
2004
2420
2353
1749
610
-661
-1941
-3288
-4619
-5419
-5580
-5202
-4450
-3566
-2481
-1321
-542
-263
-142
-341
-858
-1577
-2518
-3349
-4006
-4517
-4862
-4995
-4689
-4301
-3980
-3708
-3369
-3149
-2981
-3014
-3359
-3745
-3860
-3693
-3642
-3540
-3291
-2896
-2516
-2184
-1973
-1726
-1608
-1550
-1346
-1499
-1902
-2188
-2405
-2523
-2288
-1937
-1582
-1371
-1202
-764
-462
-319
-205
-145
-212
-262
-574
-1063
-1647
-2514
-3380
-4233
-4964
-5325
-5640
-5987
-5864
-5299
-4611
-3570
-2586
-1917
-1516
-1266
-1249
-1587
-2153
-2976
-3914
-4838
-5666
-6214
-6246
-5814
-5098
-4191
-3396
-2757
-2141
-1542
-1376
-1569
-1980
-2150
-2814
-3579
-4055
-4491
-4737
-4534
-4164
-3682
-3127
-2604
-1914
-1189
-742
-471
-310
-331
-463
-675
-721
-752
-930
-954
-713
-267
261
728
1115
1440
1641
1729
1840
1994
2055
1936
1688
1687
1876
2052
1898
1772
1821
2025
2075
1928
1898
1852
1567
1248
1058
923
926
1052
1135
1215
1427
1715
1907
1734
1578
1699
1685
1311
517
-292
-853
-1175
-1011
-328
771
1900
2555
3112
3250
2779
1575
249
-1083
-2276
-2927
-3258
-3150
-2594
-1549
-150
1276
2496
3311
3693
3312
2456
1309
-268
-1926
-3370
-4363
-4654
-4440
-3999
-3233
-2245
-1012
326
1369
1940
1977
1624
1071
235
-844
-1963
-2736
-3044
-3085
-2732
-1942
-869
33
826
1466
1873
1988
1641
1212
670
21
-672
-1249
-1759
-2003
-1918
-1494
-1045
-485
53
458
727
909
1063
862
330
-322
-628
-712
-811
-998
-1189
-1303
-1237
-976
-748
-680
-767
-772
-1049
-1344
-1586
-1915
-2220
-2394
-2318
-2175
-2113
-1966
-1770
-1606
-1548
-1435
-1336
-1323
-1516
-1631
-1695
-2230
-3166
-4104
-5057
-5994
-6763
-7250
-7422
-7335
-7126
-6548
-5742
-4668
-3720
-3133
-2535
-2277
-2466
-3006
-3753
-4530
-5176
-5877
-6278
-6417
-6131
-5334
-4296
-3054
-2112
-1283
-681
-346
-44
-88
-431
-879
-1499
-1883
-2022
-2104
-2037
-1690
-1132
-455
332
1080
1647
2263
2640
2874
2893
2652
2501
2448
2419
2473
2416
2377
2662
2984
3339
3776
4204
4318
4357
4405
4443
4470
4317
4286
4164
3988
3891
3783
3689
3561
3478
3497
3441
3278
3054
2788
2611
2531
2342
2111
2054
2041
2147
2310
2493
2588
2523
2550
2660
2446
2023
1592
873
369
426
966
1895
3190
4641
5777
6397
6411
5946
5117
3852
2549
1242
37
-662
-973
-885
-238
1028
2546
3785
4750
5302
5302
4800
3995
2856
1563
401
-508
-1267
-1547
-1152
-426
500
1547
2515
3333
3714
3698
3507
2968
2052
1034
-8
-838
-1395
-1712
-1595
-1054
-322
646
1535
2168
2450
2359
2115
1824
1196
385
-287
-959
-1497
-1800
-1944
-1720
-1228
-689
-166
249
510
446
276
-95
-620
-931
-1370
-1694
-1943
-2158
-2160
-1841
-1411
-1062
-757
-565
-521
-602
-616
-732
-1035
-1407
-1615
-1652
-1690
-1730
-1680
-1330
-887
-690
-628
-622
-432
-319
-335
-353
-613
-925
-1546
-2281
-3330
-4224
-5047
-5777
-6176
-6252
-5996
-5431
-4692
-3685
-2873
-2114
-1394
-1029
-1162
-1745
-2363
-3091
-3790
-4519
-5022
-5219
-4991
-4535
-3714
-2894
-2104
-1453
-914
-494
-256
-213
-412
-1009
-1740
-2236
-2582
-2812
-2776
-2364
-2000
-1717
-1165
-374
395
940
1076
1098
1114
1163
1161
1044
953
834
738
728
939
1343
1747
2077
2295
2509
2573
2699
2761
2741
2813
2796
2563
2219
2179
2344
2445
2491
2591
2608
2665
2604
2346
1951
1695
1625
1495
1433
1329
1356
1287
1368
1644
1768
1746
1697
1662
1673
1511
1058
531
53
-292
-70
804
2141
3548
4873
5771
6102
5699
4813
3586
2254
878
-466
-1602
-1925
-1692
-1236
-236
1038
2377
3430
3964
4104
3917
3145
2123
1002
-372
-1687
-2617
-3027
-2816
-2340
-1485
-327
719
1583
2091
2214
2176
1676
897
71
-1059
-2087
-2925
-3375
-3300
-2714
-1828
-953
-244
464
1041
1330
1193
776
229
-391
-1030
-1812
-2363
-2773
-2876
-2515
-2056
-1626
-1457
-1014
-388
-22
-87
-442
-857
-1305
-1570
-1698
-1850
-2036
-2021
-1913
-1724
-1499
-1146
-898
-594
-480
-486
-566
-877
-1309
-1516
-1738
-1732
-1569
-1490
-1298
-1147
-1065
-789
-572
-451
-450
-426
-293
-370
-622
-1197
-1961
-2884
-3718
-4608
-5300
-5708
-6056
-5975
-5560
-4817
-3968
-3038
-2173
-1564
-1272
-1352
-1557
-1977
-2703
-3535
-4311
-5112
-5539
-5448
-4999
-4264
-3333
-2343
-1645
-863
-318
-72
-111
-274
-537
-939
-1401
-1898
-2237
-2290
-2160
-1798
-1128
-543
47
815
1321
1775
2068
2100
2127
1921
1890
2037
2110
2124
2240
2351
2323
2536
2836
3208
3545
3814
4111
4304
4117
3899
3867
3909
3819
3629
3588
3644
3567
3681
3807
3634
3566
3491
3401
3182
2939
2741
2588
2490
2582
2740
2827
2813
2687
2682
2763
2789
2802
2662
2272
1594
1050
748
968
1830
3065
4429
5764
6573
6860
6714
5919
4969
3781
2406
1022
-99
-796
-957
-521
478
1748
3032
4107
4923
5340
5091
4344
3250
2098
806
-245
-1096
-1490
-1440
-1037
-320
799
1822
2616
3092
3467
3389
2980
2432
1638
639
-512
-1340
-1596
-1609
-1313
-579
211
1030
1743
2235
2542
2508
2237
1759
1223
453
-173
-685
-1104
-1153
-1074
-847
-514
-37
528
826
954
1051
1006
812
383
-211
-598
-767
-981
-1151
-971
-617
-288
227
532
564
418
413
416
180
-249
-653
-776
-850
-894
-867
-667
-306
3
202
340
506
659
685
544
314
-7
-392
-915
-1770
-2777
-3719
-4508
-4922
-5097
-5079
-4887
-4126
-3038
-2257
-1577
-1007
-740
-523
-467
-845
-1531
-2309
-2962
-3749
-4325
-4471
-4127
-3391
-2722
-1838
-925
-82
448
790
963
801
387
-123
-608
-1083
-1500
-1887
-1814
-1370
-845
-149
583
1139
1680
1911
1970
2003
1777
1534
1359
1022
911
1053
1351
1948
2425
2656
2690
2559
2209
1720
1025
486
325
407
596
837
1473
2377
3297
3906
4142
3936
3270
2342
1400
649
90
-77
128
781
1633
2692
4080
5280
6052
6409
6446
5992
5495
4782
3904
3160
2522
2169
2144
2585
3537
4856
6477
8103
9268
9819
9652
9060
7896
6304
4494
2933
1680
722
200
323
1090
2157
3582
4817
5606
5961
5614
4898
3810
2704
1598
389
-833
-1690
-2116
-1993
-1439
-653
294
1166
1764
2223
2565
2380
1716
924
19
-991
-1997
-2966
-3515
-3497
-3218
-2586
-1870
-986
-153
429
662
615
325
-139
-875
-1480
-1862
-2188
-2588
-2919
-2703
-2123
-1474
-683
102
587
958
1091
987
910
731
411
-9
-134
-24
163
618
1049
1388
1757
2152
2266
2081
1956
1888
1647
1410
1095
1000
822
722
796
1073
1250
1277
1333
1312
1350
1358
1454
1433
1156
807
360
-205
-1051
-1849
-2683
-3531
-4198
-4532
-4596
-4433
-4213
-3829
-2919
-1869
-1093
-774
-552
-609
-1054
-1762
-2767
-3478
-4177
-4763
-5197
-5085
-4513
-3752
-3000
-2289
-1654
-1021
-517
-541
-574
-929
-1674
-2373
-2984
-3399
-3745
-3744
-3462
-3157
-2703
-2088
-1405
-648
-42
277
472
330
108
-174
-581
-1152
-1566
-1683
-1793
-1686
-1176
-436
385
989
1359
1641
1759
1666
1273
689
94
-467
-926
-1015
-944
-701
-100
498
989
1308
1438
1305
946
499
-113
-806
-1552
-2235
-2632
-2695
-2480
-2088
-1508
-1080
-764
-611
-603
-847
-1846
-3191
-4371
-5147
-5154
-4633
-3361
-1531
158
1357
1834
1781
1102
-193
-1871
-3554
-5174
-6614
-7598
-7845
-7182
-5883
-4104
-2481
-1028
66
644
484
-405
-1495
-2676
-4085
-5433
-6370
-6707
-6516
-5760
-4678
-3274
-1778
-689
139
575
559
257
-387
-1263
-2341
-3491
-4242
-4484
-4336
-3699
-2944
-1873
-748
180
809
1045
1150
1021
660
-62
-830
-1375
-1802
-2084
-2206
-2071
-1479
-978
-433
147
544
804
833
545
188
-169
-417
-728
-1048
-1208
-1185
-968
-733
-319
116
453
518
426
341
310
92
-174
-542
-733
-773
-707
-534
-307
137
350
407
691
973
1110
1176
1203
1185
879
219
-450
-1193
-1930
-2526
-3022
-3379
-3323
-3031
-2563
-1823
-1021
-40
837
1693
2317
2335
1837
1332
891
337
-210
-700
-820
-745
-383
392
1367
2202
3083
3714
4166
4485
4484
4156
3699
2982
2340
1900
1658
1622
1761
2019
2352
2794
3309
3807
4151
4420
4361
3985
3876
3714
3420
3188
3043
3078
3020
2946
3130
3364
3533
3555
3696
3783
3651
3505
3474
3489
3341
3203
3078
3073
3072
3098
3128
2979
2789
2621
2823
2713
2320
2134
2019
2039
1944
1712
1730
1797
1889
2021
2181
2358
2404
2378
2282
2026
1537
1079
700
373
429
1158
2421
3949
5314
6291
6760
6650
5963
5054
3882
2506
1114
148
-384
-450
-125
823
2316
3745
4819
5570
5898
5802
5314
4462
3252
1969
673
-421
-805
-757
-200
809
1868
2879
3656
4281
4593
4541
4267
3593
2786
1773
626
-311
-768
-647
-266
355
1118
2081
2745
3167
3509
3665
3285
2730
2277
1718
1051
452
-31
-299
-205
248
889
1233
1583
1936
2107
2124
1943
1794
1472
924
565
417
347
307
428
807
1153
1448
1902
2098
2259
2272
2134
2098
1915
1557
1243
1022
1062
1284
1672
2061
2270
2291
2385
2395
2344
2489
2668
2652
2364
1881
1277
513
-219
-914
-1568
-2144
-2295
-2167
-1929
-1417
-673
119
911
1619
2201
2147
1983
1738
1142
236
-693
-1292
-1498
-1412
-1154
-751
-269
539
1292
2122
2754
2895
2826
2385
1977
1591
892
163
-453
-766
-758
-491
-280
44
787
1442
1730
1854
1850
1863
1608
1273
1006
608
329
102
-1
273
509
715
841
1023
1330
1400
1341
1242
1162
1181
1170
1123
990
934
864
887
886
842
810
736
654
573
400
21
-304
-475
-539
-672
-723
-639
-563
-499
-439
-398
-372
-269
-327
-433
-622
-1301
-2080
-2593
-2580
-1865
-809
509
2216
3467
4035
4009
3535
2716
1485
97
-1343
-2722
-3703
-4119
-3736
-2910
-1858
-492
870
2026
2559
2523
2082
1189
-37
-1284
-2599
-3669
-4178
-4473
-4328
-3541
-2498
-1296
-246
547
1098
1164
784
189
-585
-1532
-2662
-3543
-4150
-4246
-3783
-3265
-2521
-1608
-519
225
632
783
703
387
-195
-926
-1769
-2363
-2750
-3111
-3037
-2760
-2454
-1929
-1302
-741
-428
-230
-206
-476
-867
-1114
-1357
-1723
-1917
-1917
-1760
-1535
-1196
-792
-411
-186
-186
-17
26
-133
-326
-494
-658
-750
-1053
-1079
-783
-271
146
336
383
496
627
647
873
952
594
127
-388
-957
-1720
-2612
-3528
-4259
-4457
-4362
-4117
-3555
-2676
-1757
-1052
-349
294
632
636
332
-193
-650
-1321
-2000
-2490
-2720
-2541
-2071
-1393
-494
465
1265
1907
2201
2234
2212
1967
1349
733
-140
-775
-861
-885
-784
-496
-152
492
1114
1514
1914
2023
1922
1743
1493
1238
1094
970
649
556
715
824
961
1240
1507
1770
2027
2108
1952
1775
1661
1630
1416
1280
1297
1404
1476
1390
1385
1399
1425
1383
1258
1170
1001
634
367
244
96
-3
123
380
589
644
684
663
595
612
733
689
362
107
48
380
999
