-4879
-4571
-4148
-3877
-3763
-3692
-3848
-4154
-4283
-4348
-4512
-4814
-4877
-4709
-4464
-4246
-4123
-3994
-3888
-3748
-3469
-3294
-3382
-3397
-3331
-3639
-4390
-5284
-6346
-7337
-8104
-8528
-8664
-8849
-8587
-7977
-7115
-6214
-5398
-4552
-3705
-3314
-3521
-3921
-4414
-5252
-6382
-7081
-7350
-7223
-6970
-6388
-5461
-4629
-3673
-2714
-2005
-1665
-1655
-1747
-2120
-2835
-3642
-4306
-4757
-4951
-4939
-4731
-4585
-4126
-3497
-2868
-2579
-2328
-2247
-2561
-3032
-3816
-4801
-5285
-5169
-4797
-4053
-3029
-1970
-1174
-1058
-1631
-2642
-4231
-6003
-7814
-9696
-11340
-12190
-11899
-10845
-9412
-7696
-6126
-5136
-4907
-5208
-5879
-7094
-8801
-10675
-12282
-13002
-12940
-12227
-10632
-8208
-5630
-3234
-1083
389
1148
1081
379
-780
-2170
-3767
-5299
-6479
-6874
-6036
-4133
-1476
1453
4158
6053
7013
7057
6197
4414
2223
-172
-2679
-4920
-6460
-6931
-6465
-5428
-3750
-1873
-163
965
1301
1059
29
-1722
-3950
-6317
-8315
-9783
-10606
-10624
-9940
-8665
-7067
-5669
-4452
-3536
-3359
-3527
-4328
-5687
-7429
-9339
-10957
-12078
-12706
-12837
-12384
-11295
-9731
-8268
-7005
-6104
-5537
-5299
-5487
-6250
-7378
-8715
-10096
-11194
-11930
-12163
-12021
-11488
-10396
-9167
-7891
-6661
-5887
-5196
-4472
-4157
-4166
-4253
-4379
-4345
-4273
-4056
-3652
-3173
-2551
-2016
-1509
-1045
-807
-698
-776
-1009
-1269
-1613
-1750
-1890
-1979
-2137
-2220
-2199
-2156
-2015
-1896
-1973
-2382
-2677
-2841
-3149
-3387
-3735
-4097
-4592
-5069
-5378
-5854
-6430
-6713
-6797
-6722
-6382
-5859
-5107
-4192
-3378
-3043
-3030
-3212
-3743
-4514
-5520
-6489
-7408
-8149
-8503
-8611
-8357
-7672
-6822
-5934
-5205
-4655
-4437
-4204
-4120
-4400
-4767
-5254
-5870
-6021
-5761
-5436
-4966
-4269
-3481
-2642
-1729
-758
64
698
1074
1295
1592
1569
1238
1060
596
-420
-1552
-2520
-3474
-4155
-4222
-3419
-1912
-153
1722
3447
4662
5219
5064
4295
2895
1222
-612
-2284
-3313
-3727
-3266
-1824
270
2303
4027
5420
6337
6564
5831
4735
3324
1726
336
-752
-1210
-876
161
1913
3942
5690
6857
7329
7469
7498
7407
7231
7096
7114
7332
7463
7469
7218
6745
5842
4856
3891
2807
1703
899
336
77
347
1023
1971
2846
3736
4586
4997
5038
4532
3661
2491
1172
-193
-1166
-1902
-2258
-2183
-1795
-888
-43
575
961
1179
1069
702
115
-718
-1738
-2608
-3409
-3913
-4217
-4366
-4302
-4184
-3949
-3624
-3287
-3102
-3259
-3448
-3750
-4050
-4349
-4593
-4660
-4624
-4494
-4386
-4187
-3771
-3497
-3295
-3152
-3136
-3333
-3581
-3804
-4057
-4164
-4000
-3908
-3696
-3248
-2674
-2027
-1547
-1084
-786
-648
-725
-938
-1220
-1557
-2132
-2515
-2848
-3086
-3274
-3296
-3063
-2717
-2543
-2246
-1893
-1680
-1520
-1291
-1291
-1730
-2621
-3707
-4925
-6278
-7609
-8755
-9604
-10139
-10333
-10079
-9635
-8807
-7568
-6503
-5767
-5208
-4960
-5117
-5538
-6333
-7417
-8369
-9360
-10119
-10421
-10459
-10187
-9472
-8726
-7684
-6683
-6089
-5833
-5769
-5870
-6200
-6711
-7132
-7553
-8123
-8406
-8501
-8209
-7681
-7075
-6515
-5754
-5025
-4500
-4022
-3589
-3190
-2928
-2901
-2962
-2972
-2888
-2573
-2048
-1702
-1366
-1013
-631
-461
-400
-528
-457
-323
-376
-709
-961
-1127
-1269
-1324
-1398
-1282
-1189
-1031
-1004
-1253
-1573
-1702
-1777
-1996
-2286
-2658
-3055
-3180
-3223
-3072
-2705
-2399
-2359
-2285
-2134
-2117
-2346
-2576
-3005
-3615
-4184
-4456
-4138
-3195
-1898
-620
398
990
960
367
-835
-2342
-3803
-5365
-6962
-7925
-8306
-8008
-7095
-6046
-4558
-3011
-1955
-1376
-1305
-1950
-3004
-4373
-5868
-7379
-8618
-9398
-9360
-8826
-7927
-6747
-5346
-4159
-3247
-2715
-2436
-2603
-3164
-4038
-5242
-6553
-7893
-8857
-9068
-8719
-7948
-6933
-6078
-4996
-4112
-3487
-3205
-3211
-3456
-4091
-4809
-5611
-6442
-7024
-7161
-7053
-6734
-6224
-5853
-5346
-4917
-4468
-4234
-4262
-4492
-4933
-5532
-6148
-6443
-6645
-6691
-6600
-6490
-6218
-5826
-5529
-5353
-5274
-5308
-5471
-5751
-6138
-6416
-6672
-6969
-7015
-6866
-6679
-6278
-5965
-5793
-5579
-5500
-5370
-5217
-5160
-5239
-5278
-5759
-6699
-7811
-8777
-9427
-10068
-10761
-11129
-11064
-10665
-10145
-9461
-8453
-7327
-6275
-5583
-5386
-5465
-5929
-6636
-7399
-8120
-8890
-9484
-9797
-9540
-8650
-7685
-6977
-6021
-4953
-4076
-3555
-3320
-3357
-3669
-4048
-4600
-5078
-5517
-5949
-6026
-5703
-5180
-4437
-3515
-2596
-1939
-1474
-1120
-915
-947
-1069
-1153
-1146
-1152
-1082
-900
-813
-682
-427
-262
163
678
1084
1431
1653
1666
1550
1440
1379
1226
957
854
859
961
1063
1094
1053
937
697
438
248
88
80
-8
-208
-369
-320
-218
-133
-33
64
314
408
578
803
741
168
-591
-1098
-1260
-895
-98
1260
2675
3939
4817
5135
4835
4011
2847
1497
242
-999
-2073
-2672
-2681
-2047
-1085
192
1565
2673
3394
3600
3289
2561
1472
90
-1338
-2595
-3390
-3736
-3522
-2788
-1765
-711
239
1210
1883
2137
1905
1352
518
-546
-1676
-2767
-3437
-3843
-3805
-3414
-2791
-1994
-1178
-435
210
531
350
-113
-612
-1285
-2100
-3007
-3710
-4037
-4129
-4042
-3587
-2856
-2324
-1804
-1476
-1317
-1362
-1567
-1899
-2359
-2794
-3117
-3363
-3571
-3544
-3145
-2878
-2626
-2323
-2036
-1906
-1679
-1698
-2052
-2274
-2482
-2775
-3076
-3248
-3052
-2928
-2792
-2636
-2357
-2056
-1977
-2041
-1913
-1713
-1769
-2179
-2667
-3187
-3997
-4873
-5691
-6564
-7452
-7917
-7874
-7581
-7017
-6114
-5084
-4311
-3718
-3307
-2925
-2970
-3446
-4027
-4714
-5572
-6482
-7234
-7564
-7295
-6890
-6337
-5443
-4520
-3641
-2895
-2426
-2143
-2145
-2268
-2656
-3285
-3901
-4595
-4959
-4998
-4917
-4478
-3786
-3201
-2613
-1977
-1451
-1105
-959
-797
-611
-679
-959
-1263
-1299
-1351
-1330
-931
-431
-122
101
458
804
911
941
856
822
859
783
751
720
765
721
576
526
588
698
659
574
274
26
-122
-337
-515
-664
-848
-989
-835
-647
-491
-462
-431
-456
-550
-740
-822
-1217
-1935
-2637
-3092
-2716
-1902
-794
614
1938
3144
3790
3591
2750
1663
356
-1021
-2451
-3805
-4495
-4618
-4380
-3603
-2214
-784
371
1258
1591
1390
884
-143
-1546
-2978
-4365
-5437
-6140
-6227
-5642
-4708
-3458
-2297
-1308
-567
-369
-483
-846
-1501
-2464
-3688
-4808
-5644
-6111
-6180
-5880
-5157
-4353
-3509
-2553
-1872
-1608
-1617
-1938
-2483
-3168
-3888
-4568
-5315
-5796
-6030
-5975
-5574
-5264
-4745
-4134
-3578
-3364
-3495
-3733
-4088
-4562
-4895
-5075
-5278
-5471
-5508
-5383
-5243
-5065
-4531
-4100
-3987
-3922
-3883
-4033
-4362
-4573
-4713
-4801
-4953
-5084
-5041
-4869
-4693
-4487
-4208
-4047
-4056
-4044
-3846
-3729
-3793
-4169
-4752
-5487
-6203
-7024
-8024
-8908
-9559
-9931
-9798
-9255
-8658
-7941
-7048
-5935
-5168
-4672
-4496
-4640
-5096
-5913
-6721
-7559
-8193
-8659
-8977
-8696
-7782
-6956
-6108
-5146
-4299
-3778
-3459
-3253
-3233
-3540
-4022
-4586
-4960
-5231
-5299
-5209
-5038
-4619
-3838
-2922
-2233
-1765
-1272
-1011
-725
-672
-871
-1053
-1173
-1148
-1078
-1095
-970
-675
-344
128
458
781
1202
1467
1451
1470
1482
1316
1194
1138
1205
1256
1359
1358
1273
1147
1158
1158
1019
744
582
686
504
56
-121
-176
-182
6
346
639
704
699
614
578
468
263
-388
-1278
-2110
-2756
-2564
-1573
-374
871
1924
2761
3049
2780
2152
1199
214
-799
-1597
-2257
-2665
-2534
-1814
-711
491
1611
2385
2669
2436
1831
1005
84
-1161
-2340
-3313
-3764
-3691
-3183
-2262
-1267
-205
909
1794
2222
2300
1974
1145
302
-535
-1475
-2346
-2828
-2816
-2460
-1893
-1020
-88
739
1226
1510
1549
1349
944
347
-289
-964
-1572
-2112
-2384
-2276
-1830
-1320
-843
-273
304
534
468
196
-121
-415
-817
-1401
-2101
-2467
-2533
-2513
-2438
-2398
-2073
-1595
-1496
-1637
-1619
-1825
-1922
-2192
-2400
-2572
-2730
-2849
-3010
-2908
-2700
-2502
-2396
-2286
-2095
-1852
-1697
-1774
-1990
-2366
-2780
-3353
-4124
-4981
-5938
-6682
-7291
-7860
-7793
-7434
-6737
-5940
-5265
-4356
-3490
-2860
-2652
-2842
-3266
-3795
-4536
-5386
-6049
-6453
-6536
-6257
-5965
-5198
-4243
-3123
-2034
-1283
-945
-758
-701
-1060
-1631
-2023
-2524
-2849
-2923
-2972
-2748
-2298
-1850
-1287
-603
190
848
1144
1274
1315
1322
1155
806
707
836
1035
1222
1368
1420
1797
2300
2544
2633
2840
3044
3129
2891
2619
2422
2195
2210
2313
2247
2207
2349
2513
2316
2096
1907
1753
1573
1319
1129
1001
973
936
1101
1098
997
1079
1214
1274
1308
1326
1165
1137
872
356
150
516
1622
3099
4475
5701
6670
7173
7097
6457
5155
3401
1472
-371
-2066
-3268
-3860
-3526
-2454
-1017
664
2579
4182
5174
5579
5242
4138
2719
1110
-716
-2414
-3705
-4300
-4265
-3622
-2675
-1455
-127
1135
2021
2248
2084
1600
700
-637
-2060
-3234
-4144
-4739
-4954
-4668
-3845
-2865
-1946
-1067
-332
259
353
-41
-692
-1432
-2179
-3020
-3728
-4199
-4481
-4487
-4308
-3952
-3623
-3370
-3067
-2891
-2739
-2827
-3033
-3216
-3274
-3434
-3529
-3649
-3576
-3308
-2877
-2357
-1782
-1496
-1528
-1612
-1807
-1948
-2159
-2296
-2502
-2760
-2814
-2743
-2594
-2254
-1712
-1321
-1132
-1042
-1016
-1067
-1092
-1089
-1244
-1622
-2336
-3177
-3962
-5030
-5934
-6723
-7268
-7318
-6964
-6495
-5759
-4800
-3745
-2966
-2471
-2303
-2123
-2327
-2961
-3914
-4919
-5951
-6620
-6916
-6819
-6584
-5969
-4974
-4101
-3457
-2665
-2101
-1862
-1752
-1914
-2341
-2814
-3487
-4328
-4682
-4725
-4645
-4406
-4040
-3398
-2717
-1909
-1166
-830
-684
-575
-401
-536
-841
-993
-961
-921
-809
-606
-335
43
352
768
1281
1446
1496
1697
1690
1576
1367
1226
1340
1502
1518
1414
1466
1464
1412
1291
1322
1429
1277
965
616
398
264
219
367
669
811
919
962
849
774
789
840
705
261
-269
-878
-1405
-1592
-1292
-433
836
2056
2912
3364
3263
2606
1629
437
-730
-1866
-2873
-3498
-3618
-3148
-2179
-882
467
1780
2743
3048
2699
2037
1009
-235
-1645
-3147
-4339
-4951
-4985
-4498
-3404
-2136
-936
190
1063
1556
1734
1553
896
-182
-1307
-2375
-3075
-3476
-3694
-3416
-2762
-1854
-867
107
818
1293
1466
1285
750
57
-619
-1426
-2157
-2571
-2701
-2630
-2316
-1814
-1255
-656
-319
140
418
367
63
-347
-818
-1289
-1601
-1555
-1735
-1779
-1569
-1416
-1277
-1145
-923
-853
-916
-1111
-1389
-1651
-1920
-2173
-2370
-2412
-2251
-2181
-2055
-1785
-1713
-1723
-1592
-1542
-1441
-1272
-1348
-1657
-2254
-3068
-4017
-4961
-5855
-6552
-7073
-7507
-7453
-7001
-6412
-5574
-4556
-3645
-3056
-2655
-2398
-2375
-2762
-3386
-4207
-5113
-5714
-6118
-6161
-5803
-5048
-4202
-3353
-2496
-1474
-662
-163
-135
-287
-523
-867
-1357
-1822
-2102
-2255
-2183
-1794
-1226
-726
-60
660
1252
1748
2106
2357
2572
2466
2243
2090
2099
2194
2390
2581
2637
2819
3253
3598
3817
4021
4220
4341
4312
4249
4249
4078
3774
3492
3504
3751
3836
3532
3302
3336
3354
3190
2880
2724
2810
2722
2524
2383
2279
2397
2348
2336
2480
2648
2714
2637
2521
2397
2190
1661
1076
675
713
1158
2149
3564
5002
5967
6529
6681
6196
5280
4046
2735
1393
298
-532
-1022
-833
-138
1093
2568
3799
4671
5149
5185
4784
4004
2796
1422
-10
-959
-1512
-1836
-1639
-832
248
1388
2465
3328
3893
4043
3632
2851
1906
720
-284
-1102
-1678
-1807
-1567
-1178
-563
152
884
1618
2163
2264
2131
1802
1134
222
-717
-1421
-1897
-2150
-2204
-1965
-1463
-1031
-585
-209
-13
10
-92
-317
-699
-1093
-1405
-1835
-2206
-2266
-2148
-1893
-1596
-1383
-1059
-773
-599
-545
-495
-538
-814
-1151
-1487
-1657
-1684
-1681
-1604
-1379
-1200
-1061
-898
-537
-456
-253
-122
-380
-751
-1358
-2073
-2748
-3520
-4347
-5058
-5675
-6089
-6191
-5893
-5454
-4696
-3748
-2956
-2084
-1348
-1072
-1297
-1780
-2484
-3146
-3906
-4658
-5198
-5541
-5433
-4853
-4200
-3482
-2649
-1659
-792
-270
-270
-543
-895
-1373
-1967
-2573
-2919
-3125
-3194
-3112
-2580
-1702
-964
-245
331
781
1087
1100
1094
1100
1001
795
693
738
658
806
1105
1458
1961
2361
2684
2956
2994
3052
3068
3039
2978
2929
2886
2855
2691
2636
2694
2660
2816
2823
2602
2405
2242
2049
1973
1872
1608
1356
1271
1461
1624
1637
1579
1663
1823
1881
1980
1908
1645
1215
734
387
18
210
1035
2253
3784
5250
6123
6329
5776
4930
3673
2280
908
-279
-1107
-1702
-1891
-1412
-249
1142
2559
3479
4113
4276
4019
3289
2016
666
-707
-2073
-3017
-3290
-3063
-2344
-1299
-96
778
1595
2257
2536
2387
1816
1021
-60
-1278
-2382
-3014
-3227
-3100
-2654
-1930
-977
-70
660
1187
1442
1261
882
555
-240
-1177
-1987
-2527
-2808
-2991
-2878
-2455
-1935
-1410
-1014
-640
-403
-419
-636
-948
-1341
-1773
-2128
-2237
-2244
-2376
-2097
-1705
-1389
-1055
-769
-541
-569
-946
-1035
-1177
-1374
-1566
-1750
-1852
-1794
-1750
-1675
-1489
-1140
-1003
-1085
-943
-719
-611
-605
-783
-1313
-1974
-2754
-3648
-4531
-5393
-6136
-6516
-6527
-6340
-6055
-5547
-4605
-3602
-2763
-2091
-1696
-1636
-1993
-2688
-3553
-4325
-4884
-5464
-5720
-5631
-5415
-4862
-3984
-3033
-1974
-1113
-636
-216
-205
-550
-1007
-1415
-1845
-2418
-2708
-2666
-2484
-2135
-1648
-1009
-317
416
1137
1506
1701
1844
1884
1821
1616
1377
1348
1221
1208
1369
1611
1986
2534
2982
3334
3484
3522
3491
3446
3402
3247
3284
3252
3120
3147
3192
3121
2940
2824
2802
2975
2970
2738
2480
2246
2145
2078
2025
2060
1985
1887
1880
1924
2063
2186
2308
2423
2330
1850
1124
477
300
518
1249
2652
4005
5286
6226
6546
6467
5824
4791
3430
1928
676
-342
-1158
-1446
-1118
-66
1267
2643
3872
4663
4911
4763
4305
3331
2018
635
-651
-1716
-2453
-2483
-1780
-843
184
1249
2111
2786
3249
3275
2829
2070
997
-80
-1071
-1754
-2130
-2217
-1954
-1327
-224
701
1322
1847
2148
2219
2013
1591
830
57
-504
-1294
-1956
-2256
-2108
-1696
-1130
-615
-183
285
529
581
601
373
-79
-568
-910
-1148
-1286
-1374
-1438
-1050
-586
-228
63
331
429
325
77
-241
-465
-631
-863
-994
-1037
-1049
-880
-660
-330
-169
-166
90
311
242
162
86
-205
-691
-1358
-2243
-3358
-4309
-4770
-5079
-5222
-5364
-5265
-4590
-3681
-2779
-1959
-1170
-552
-343
-639
-1082
-1778
-2572
-3353
-4088
-4357
-4443
-4236
-3873
-3276
-2324
-1241
-334
413
750
829
628
287
-390
-1117
-1600
-1739
-1609
-1431
-1168
-654
-5
531
1052
1472
1889
2106
2007
1880
1704
1377
1027
926
1018
1431
2012
2449
2769
2851
2558
2015
1512
986
547
139
3
307
879
1670
2474
3233
3808
3992
3754
3237
2426
1589
830
252
-166
-101
472
1319
2621
4134
5404
6240
6577
6753
6346
5619
4882
4069
3347
2684
2214
2107
2529
3506
4866
6467
8069
9229
10042
10004
9243
7938
6270
4658
3059
1692
799
385
506
1177
2245
3619
4806
5563
5929
5674
5190
4274
3051
1608
310
-732
-1607
-1953
-1735
-1359
-587
348
1249
2043
2448
2651
2451
1905
1175
130
-996
-2035
-2880
-3448
-3429
-3033
-2327
-1709
-1030
-242
213
644
846
623
201
-494
-1165
-1862
-2353
-2659
-2736
-2651
-2122
-1359
-682
-64
385
767
980
967
830
640
337
31
-73
-82
74
436
894
1212
1385
1761
2036
1969
1902
1880
1674
1253
837
723
653
585
618
788
958
1179
1219
1155
1131
1057
1074
1200
1254
985
365
-276
-957
-1778
-2716
-3623
-4550
-5108
-5167
-4842
-4304
-3704
-2951
-2184
-1571
-1079
-794
-771
-1078
-1844
-2859
-3797
-4561
-5018
-5239
-5159
-4767
-4199
-3485
-2678
-1958
-1366
-967
-897
-1032
-1311
-1685
-2401
-3172
-3768
-4338
-4362
-4095
-3633
-2955
-2178
-1435
-897
-509
-134
78
140
-97
-502
-914
-1508
-2036
-2190
-2088
-1965
-1657
-1024
-68
720
1197
1602
1615
1345
937
441
-308
-840
-1031
-1184
-1252
-999
-559
-94
546
940
1182
1053
518
-40
-550
-1367
-2100
-2639
-3041
-3089
-3133
-2647
-1898
-1364
-1161
-1080
-1109
-1496
-2490
-3700
-4962
-5731
-5700
-4827
-3405
-1764
-148
1083
1604
1404
722
-453
-2105
-4023
-5813
-7043
-7829
-8050
-7425
-6107
-4355
-2653
-1273
-245
449
577
-30
-1261
-2789
-4380
-5696
-6708
-7085
-6975
-6363
-4981
-3452
-1999
-851
-11
384
350
150
-535
-1686
-2726
-3657
-4426
-4740
-4600
-4095
-3146
-2071
-1010
-108
483
977
1290
1210
742
-113
-927
-1566
-2175
-2613
-2643
-2388
-1818
-1144
-662
-224
175
575
660
474
290
-15
-619
-987
-1142
-1198
-1293
-1388
-1002
-531
-151
275
471
523
428
54
-207
-309
-526
-789
-977
-966
-829
-587
-287
-33
344
752
965
954
958
1033
943
520
54
-480
-1259
-1974
-2694
-3387
-3670
-3731
-3429
-2858
-2082
-1103
-152
678
1127
1502
1778
1632
1203
715
89
-563
-923
-1105
-1047
-719
-133
917
1966
2765
3434
3856
4073
3990
3662
3191
2734
2156
1567
1154
1094
1359
1752
2104
2551
3088
3613
4004
4120
4060
4045
3900
3479
3122
2804
2570
2426
2469
2616
2821
3051
3246
3381
3499
3748
3848
3818
3772
3576
3216
2885
2722
2665
2669
2703
2876
2918
2905
2829
2681
2477
2189
1912
1730
1674
1567
1436
1461
1519
1639
1791
1975
2029
2072
2157
2103
1954
1565
899
91
-233
-68
579
1556
2693
4070
5210
5817
5840
5204
4229
3293
2242
1059
-78
-724
-629
39
1106
2371
3629
4512
5187
5541
5373
4781
4097
3070
1760
528
-420
-898
-865
-363
650
1798
2904
3856
4586
4849
4764
4452
3795
2815
1687
724
32
-385
-282
170
891
1731
2565
3257
3710
3877
3923
3703
3132
2359
1704
1092
616
200
-32
106
481
978
1553
2049
2357
2466
2519
2475
2148
1872
1575
1115
712
570
504
582
958
1182
1372
1681
1867
1939
1969
1929
1785
1646
1501
1291
1026
891
1081
1490
1636
1716
1879
1996
2088
2290
2442
2441
2328
1994
1487
762
-27
-832
-1716
-2396
-2710
-2687
-2626
-2367
-1971
-1200
-287
593
1328
1820
2006
1958
1580
794
-56
-981
-1652
-1769
-1756
-1466
-1006
-210
657
1507
2235
2765
3070
3150
2877
2257
1614
835
46
-427
-767
-712
-394
88
647
1128
1669
1959
2017
1960
1957
1806
1488
1153
783
549
310
273
381
600
795
928
1095
1372
1578
1546
1623
1488
1152
822
587
513
484
476
461
464
484
457
475
431
250
-89
-328
-431
-520
-687
-849
-893
-854
-866
-928
-809
-660
-698
-808
-762
-771
-964
-1391
-1925
-2196
-2009
-1351
-338
1220
2728
3783
4330
4252
3437
2184
848
-604
-2218
-3627
-4549
-4846
-4533
-3583
-2214
-511
1029
2226
2969
3044
2483
1479
138
-1385
-2966
-4191
-5017
-5346
-4994
-4217
-3134
-1799
-449
438
944
1154
1030
351
-774
-2024
-3121
-3963
-4536
-4721
-4595
-4042
-3162
-2137
-1170
-390
-53
244
231
-197
-811
-1464
-2051
-2660
-3346
-3689
-3657
-3511
-3123
-2465
-2105
-1786
-1347
-1144
-1164
-1263
-1389
-1704
-2110
-2431
-2479
-2262
-2278
-2103
-1643
-1034
-557
-439
-481
-474
-369
-545
-826
-992
-1086
-1209
-1099
-965
-791
-560
-209
54
233
288
325
531
656
659
407
-69
-801
-1434
-2135
-2962
-3759
-4147
-4433
-4486
-4220
-3553
-2479
-1620
-985
-242
370
802
861
353
-562
-1184
-1773
-2469
-2960
-2992
-2783
-2195
-1477
-563
228
995
1665
2025
1947
1590
1134
652
-60
-767
-1245
-1478
-1503
-1226
-952
-546
33
639
1163
1310
1474
1526
1311
1044
738
294
-51
-81
-171
-43
105
275
470
795
1223
1378
1357
1392
1352
1329
1328
1189
1031
1037
1002
961
912
926
968
1029
978
830
476
262
399
436
171
-94
-160
-96
49
74
228
412
414
449
502
495
324
30
-382
-577
-576
-176
