-4825
-4200
-3935
-3993
-3824
-3806
-3771
-3954
-4281
-4570
-4611
-4559
-4615
-4666
-4661
-4502
-4226
-4002
-3960
-3856
-3686
-3508
-3376
-3525
-3694
-4154
-4717
-5492
-6393
-7151
-7871
-8318
-8538
-8606
-8306
-7718
-7119
-6422
-5588
-4735
-4062
-3571
-3530
-3873
-4456
-5085
-5751
-6469
-6916
-6967
-6708
-6092
-5362
-4360
-3352
-2305
-1530
-1253
-1255
-1451
-1768
-2327
-3139
-3892
-4253
-4385
-4303
-4022
-3575
-3084
-2743
-2273
-1800
-1438
-1610
-2063
-2653
-3419
-4106
-4600
-4698
-4441
-3652
-2612
-1361
-484
-322
-946
-2238
-3829
-5610
-7491
-9184
-10529
-11381
-11373
-10414
-8909
-7154
-5753
-4704
-4119
-4370
-5422
-6806
-8595
-10366
-11911
-12734
-12653
-11772
-9982
-7705
-5156
-2666
-673
748
1545
1489
701
-520
-1842
-3254
-4740
-5658
-5834
-4793
-2757
82
3113
5809
7472
8030
7717
6515
4622
2318
-333
-3082
-5477
-7132
-7595
-6810
-5333
-3325
-1240
552
1837
2279
1977
893
-853
-2905
-5239
-7508
-9258
-10257
-10556
-10011
-8484
-6606
-4966
-3801
-3106
-2881
-3159
-3868
-5137
-6810
-8818
-10602
-11833
-12603
-12701
-12300
-11499
-10086
-8571
-7211
-6089
-5352
-5025
-5158
-5947
-7296
-8893
-10180
-11234
-11841
-11887
-11603
-11202
-10377
-9436
-8435
-7041
-5887
-5223
-4665
-4450
-4343
-4305
-4289
-4241
-4272
-3940
-3510
-2920
-2286
-1780
-1215
-806
-618
-560
-641
-922
-1243
-1304
-1454
-1715
-1790
-1713
-1628
-1347
-1068
-987
-1136
-1544
-1745
-1922
-2103
-2201
-2627
-2952
-3301
-3731
-4298
-4925
-5403
-5827
-5960
-6111
-5964
-5321
-4577
-3998
-3464
-2997
-2657
-2419
-2568
-3253
-4023
-5079
-6118
-6887
-7586
-7980
-8022
-7745
-7391
-6863
-6213
-5487
-4677
-4244
-3944
-4115
-4426
-4770
-5253
-5738
-6036
-5963
-5803
-5348
-4551
-3664
-2670
-1602
-756
-62
524
1007
1402
1562
1521
1402
1097
385
-515
-1474
-2648
-3742
-4409
-4405
-3462
-1836
44
1798
3434
4672
5301
5218
4340
2881
1248
-593
-2178
-3143
-3368
-2776
-1306
674
2872
4692
5891
6554
6756
6318
5007
3399
1938
616
-434
-924
-541
574
2220
4308
6136
7376
8000
8336
8460
8444
8380
8280
8290
8289
8179
7878
7262
6419
5689
4868
3727
2457
1464
732
284
135
576
1495
2530
3546
4372
4900
5260
5110
4526
3685
2601
1314
197
-783
-1380
-1640
-1690
-1497
-836
1
505
723
829
591
186
-311
-1088
-2114
-3050
-3653
-4056
-4525
-4767
-4808
-4405
-3953
-3776
-3641
-3510
-3457
-3546
-3838
-4170
-4441
-4622
-4624
-4594
-4675
-4508
-4099
-3656
-3470
-3376
-3298
-3435
-3643
-3797
-3945
-4179
-4206
-4129
-3953
-3672
-3102
-2469
-2033
-1673
-1222
-597
-380
-601
-1011
-1335
-1592
-1902
-2319
-2547
-2673
-2914
-2705
-2388
-2002
-1691
-1500
-1258
-1119
-808
-615
-813
-1314
-2124
-3251
-4474
-5718
-6882
-8068
-8955
-9362
-9508
-9461
-8958
-8132
-7050
-6020
-5223
-4669
-4485
-4508
-4808
-5443
-6423
-7666
-8820
-9677
-10106
-10058
-9748
-9006
-8110
-7382
-6796
-6036
-5600
-5726
-5943
-6226
-6638
-7180
-7763
-8186
-8571
-8561
-8060
-7582
-7143
-6497
-5786
-5208
-4652
-4175
-3872
-3612
-3513
-3382
-3242
-3097
-2874
-2560
-2307
-1981
-1660
-1170
-743
-568
-460
-242
-182
-361
-614
-923
-1111
-1289
-1396
-1345
-1302
-1317
-1178
-1076
-1111
-1217
-1312
-1606
-1858
-2093
-2290
-2461
-2628
-2828
-3059
-3009
-2782
-2550
-2383
-2226
-2203
-2143
-2018
-2293
-2980
-3643
-4034
-4190
-3840
-2888
-1703
-565
485
1099
1095
326
-912
-2393
-3861
-5487
-6884
-7754
-8205
-8023
-7175
-5933
-4427
-3149
-1979
-1477
-1586
-2071
-3033
-4427
-5904
-7102
-8202
-9122
-9379
-8640
-7531
-6563
-5434
-4253
-3336
-2740
-2642
-2970
-3587
-4410
-5475
-6606
-7561
-8104
-8420
-8390
-7739
-6774
-5819
-4906
-3972
-3261
-2955
-2970
-3376
-3780
-4364
-5298
-6022
-6594
-6943
-6952
-6720
-6140
-5528
-5049
-4608
-4294
-4048
-4079
-4384
-5019
-5638
-5965
-6270
-6486
-6542
-6455
-6359
-6198
-5914
-5428
-5317
-5270
-5208
-5549
-5929
-6233
-6410
-6433
-6452
-6460
-6478
-6251
-5972
-5799
-5570
-5345
-5212
-4981
-4766
-4654
-4825
-5258
-5739
-6281
-7254
-8307
-9457
-10316
-10791
-10942
-10690
-10409
-9823
-8896
-7920
-7139
-6343
-5758
-5437
-5472
-5870
-6401
-7167
-8094
-8828
-9443
-9643
-9450
-8784
-7744
-6826
-5788
-4706
-3923
-3460
-3258
-3249
-3417
-3908
-4408
-4899
-5428
-5727
-5775
-5420
-4712
-4014
-3379
-2612
-1795
-1203
-792
-623
-545
-380
-390
-684
-911
-860
-760
-737
-605
-264
184
609
1087
1453
1578
1713
1807
1802
1699
1636
1692
1671
1554
1347
1387
1499
1554
1495
1297
1164
1023
830
523
338
290
298
374
303
363
514
507
582
864
966
1125
1166
951
463
-351
-846
-851
-534
309
1825
3484
4525
5301
5679
5380
4574
3393
2000
497
-872
-1859
-2406
-2399
-1796
-660
673
2029
3114
3710
3890
3662
2931
1762
408
-832
-1998
-2759
-3005
-2687
-1956
-962
-10
807
1644
2298
2512
2331
1771
921
-194
-1205
-2071
-2873
-3278
-3229
-2635
-1915
-1293
-455
392
895
1008
800
407
-134
-941
-1823
-2410
-2961
-3424
-3463
-3223
-2935
-2386
-1765
-1312
-1138
-1078
-1050
-1254
-1642
-1993
-2322
-2679
-2969
-3131
-3121
-2818
-2536
-2420
-2152
-1722
-1535
-1564
-1557
-1660
-1956
-2234
-2463
-2619
-2817
-2937
-2800
-2705
-2414
-2168
-2024
-1701
-1533
-1497
-1542
-1491
-1485
-1869
-2679
-3648
-4430
-5153
-6030
-6752
-7176
-7391
-7411
-7059
-6127
-4951
-4058
-3517
-3023
-2727
-2807
-3164
-3582
-4166
-5197
-6183
-6866
-7126
-7148
-6902
-6161
-5123
-4014
-3080
-2493
-2258
-2200
-2068
-2216
-2672
-3236
-3772
-4253
-4787
-4863
-4519
-4143
-3621
-3173
-2570
-1960
-1370
-767
-403
-431
-768
-1020
-1089
-1136
-1136
-1106
-1093
-1018
-754
-470
-48
424
651
807
882
1022
1160
1154
1239
1198
1134
1026
750
593
556
553
545
439
385
292
326
134
-297
-358
-417
-563
-630
-676
-522
-323
-323
-393
-427
-350
-333
-417
-731
-1533
-2441
-2873
-2654
-1907
-644
796
2228
3331
3856
3792
3051
1811
446
-1109
-2391
-3380
-4235
-4524
-4287
-3447
-2094
-785
418
1381
1641
1349
826
-30
-1265
-2825
-4305
-5227
-5772
-5632
-5169
-4579
-3607
-2489
-1400
-515
-81
-140
-607
-1492
-2528
-3600
-4677
-5449
-5880
-5936
-5511
-4809
-4001
-3245
-2483
-1962
-1568
-1382
-1610
-2056
-2849
-3717
-4600
-5287
-5679
-5727
-5573
-5262
-4838
-4426
-4017
-3601
-3261
-2931
-3024
-3608
-4123
-4551
-4898
-5113
-5446
-5508
-5277
-5034
-4706
-4349
-3889
-3675
-3755
-3607
-3660
-3866
-4218
-4610
-4768
-4875
-4969
-4869
-4601
-4297
-4104
-3918
-3784
-3707
-3624
-3529
-3356
-3380
-3651
-4163
-4987
-5904
-6870
-7774
-8617
-9197
-9468
-9371
-8950
-8323
-7354
-6349
-5433
-4656
-4314
-4171
-4254
-4832
-5552
-6233
-7069
-7898
-8405
-8528
-8233
-7545
-6642
-5543
-4513
-3722
-3238
-3035
-2936
-2995
-3296
-3699
-3992
-4421
-4807
-5005
-4909
-4649
-4172
-3409
-2667
-1900
-1227
-840
-688
-771
-769
-666
-772
-872
-929
-780
-621
-506
-186
152
608
1094
1511
1562
1703
1852
1826
1586
1526
1740
1785
1752
1813
1808
1685
1578
1555
1509
1413
1456
1348
1113
935
807
791
765
753
774
940
946
942
1025
1168
1280
1334
1146
794
262
-495
-1118
-1540
-1406
-460
894
2208
3461
4181
4393
3931
2981
1947
766
-356
-1227
-1963
-2245
-2020
-1161
-77
1079
2163
2929
3354
3233
2726
1975
926
-261
-1371
-2324
-2927
-3081
-2577
-1926
-1056
-11
861
1772
2366
2542
2260
1478
480
-590
-1485
-2297
-2886
-2899
-2504
-1758
-935
-153
525
1138
1611
1654
1486
999
444
-188
-1045
-1793
-2256
-2320
-2208
-2034
-1614
-999
-421
-80
142
178
-42
-264
-549
-988
-1564
-2075
-2367
-2513
-2538
-2456
-2185
-1769
-1447
-1300
-1196
-1109
-1236
-1574
-1815
-2128
-2322
-2390
-2463
-2396
-2450
-2447
-2201
-1873
-1734
-1580
-1547
-1545
-1399
-1459
-1799
-2331
-2934
-3703
-4812
-5682
-6338
-6853
-7134
-7189
-7033
-6587
-5744
-4656
-3760
-3155
-2730
-2395
-2349
-2670
-3513
-4387
-5101
-5869
-6243
-6502
-6453
-5937
-5184
-4357
-3231
-2280
-1660
-1246
-1085
-1186
-1489
-1937
-2461
-2867
-3047
-3236
-3360
-3161
-2716
-2043
-1307
-635
-35
348
613
711
715
681
556
454
289
333
502
634
828
962
1232
1549
1879
2270
2421
2364
2387
2409
2404
2222
1938
1968
2028
1862
1776
1835
1904
1798
1637
1510
1260
1079
1015
952
767
562
575
565
526
393
405
637
886
958
668
552
659
350
-311
-547
-438
224
1250
2550
3940
5121
5830
5855
5312
4086
2515
918
-704
-2188
-3333
-3886
-3746
-2941
-1645
38
1693
3078
3915
4084
3665
2738
1355
-276
-1802
-3186
-4220
-4711
-4530
-3800
-2976
-1920
-710
270
1087
1485
1347
703
-324
-1380
-2462
-3584
-4539
-4953
-5042
-4820
-4072
-3077
-2107
-1105
-386
-212
-216
-579
-1111
-1858
-2803
-3549
-4290
-4918
-5040
-4855
-4386
-3725
-3309
-3032
-2774
-2687
-2611
-2758
-3121
-3532
-3895
-4177
-4365
-4417
-4305
-4060
-3677
-3124
-2731
-2446
-2252
-2171
-2263
-2580
-2971
-3143
-3220
-3383
-3598
-3688
-3450
-3038
-2718
-2350
-2120
-1996
-2028
-1917
-1700
-1782
-2071
-2261
-2872
-3939
-4902
-5881
-6716
-7315
-7696
-7689
-7357
-6822
-6067
-5253
-4268
-3353
-2707
-2378
-2373
-2769
-3479
-4319
-5077
-5846
-6541
-7063
-7046
-6733
-6066
-5106
-4112
-3347
-2830
-2340
-2029
-2152
-2604
-2887
-3044
-3571
-4152
-4634
-4665
-4531
-4290
-3865
-3112
-2168
-1474
-979
-583
-396
-313
-490
-695
-849
-915
-852
-652
-372
-209
139
503
921
1172
1389
1731
1900
1884
1906
1870
1783
1662
1760
1743
1783
1894
1782
1687
1802
1784
1552
1299
1101
989
679
596
670
658
709
856
1107
1154
990
908
1190
1259
1108
823
476
-13
-563
-1146
-1468
-851
166
1437
2805
3880
4421
4170
3386
2326
1252
34
-1183
-2210
-2800
-3064
-2741
-1626
-117
1284
2470
3234
3416
3098
2269
1192
83
-1189
-2416
-3525
-4144
-4065
-3409
-2260
-1084
-155
574
1138
1511
1677
1413
754
-267
-1243
-2121
-2915
-3335
-3398
-3033
-2354
-1552
-677
255
1035
1364
1296
1097
562
-179
-796
-1525
-2353
-2794
-2818
-2712
-2558
-2111
-1216
-660
-187
-46
-222
-268
-526
-958
-1376
-1706
-1884
-1991
-2105
-2136
-1892
-1552
-1320
-1138
-1084
-1070
-1161
-1317
-1443
-1735
-1944
-2025
-2306
-2427
-2496
-2315
-1921
-1723
-1540
-1414
-1419
-1221
-1034
-1150
-1319
-1696
-2306
-2956
-3810
-4746
-5427
-6064
-6582
-6819
-6773
-6441
-5914
-5276
-4449
-3534
-2767
-2187
-2138
-2373
-2757
-3452
-4297
-5092
-5672
-6007
-5982
-5677
-5113
-4299
-3253
-2480
-1685
-965
-523
-502
-660
-827
-1233
-1852
-2395
-2662
-2753
-2702
-2413
-1763
-1162
-516
224
881
1343
1814
2041
1954
1691
1609
1691
1534
1432
1502
1907
2143
2217
2482
2895
3190
3371
3416
3443
3482
3473
3347
3209
3163
3201
3220
3121
3100
3236
3265
3166
2940
2726
2663
2613
2364
2162
2052
1953
1945
1876
1920
2060
2177
2132
2131
1992
2084
2149
1920
1289
623
214
147
549
1564
3027
4548
5633
6197
6144
5661
4824
3573
2212
941
-244
-1211
-1542
-1247
-480
598
1763
3068
4177
4655
4568
4092
3357
2272
928
-273
-1267
-2068
-2273
-1927
-1220
-291
667
1630
2396
2710
2804
2692
2059
1072
-5
-898
-1730
-2412
-2621
-2362
-1629
-884
-88
678
1343
1671
1676
1595
1226
556
-259
-1031
-1616
-2067
-2337
-2470
-2247
-1761
-1428
-1007
-481
-214
-294
-532
-655
-880
-1280
-1763
-2041
-2263
-2375
-2307
-2131
-1825
-1623
-1281
-904
-736
-742
-945
-1164
-1379
-1650
-1917
-2136
-2160
-1943
-1798
-1715
-1408
-1230
-1063
-836
-718
-702
-824
-1039
-1189
-1581
-2053
-2769
-3707
-4504
-5367
-6066
-6589
-6586
-6146
-5570
-4866
-4119
-3393
-2581
-1956
-1714
-1746
-2187
-2759
-3494
-4464
-5156
-5619
-5902
-5785
-5213
-4523
-3698
-2584
-1652
-1022
-725
-710
-741
-1078
-1546
-1976
-2473
-2913
-3251
-3381
-2952
-2346
-1807
-1283
-645
-28
497
916
1184
1186
1063
753
686
586
536
515
725
1162
1577
1907
2277
2484
2698
2790
2859
3003
3034
2976
2759
2641
2593
2630
2666
2775
2810
2715
2698
2599
2524
2217
2042
2043
1933
1613
1323
1243
1492
1648
1656
1627
1813
2032
1979
1846
1812
1669
1268
606
-181
-358
4
915
2168
3635
4913
5712
5977
5721
4977
3809
2451
972
-348
-1517
-1970
-1799
-1204
-134
1288
2579
3560
4114
4331
3951
3060
1968
651
-735
-1950
-2617
-3024
-2987
-2277
-1233
-55
925
1733
2308
2348
2128
1585
767
-29
-966
-1996
-2726
-3028
-2871
-2279
-1628
-859
-213
404
928
1195
1133
852
483
-96
-809
-1642
-2190
-2499
-2740
-2627
-2366
-1889
-1353
-1029
-560
-451
-638
-858
-1190
-1513
-1845
-2082
-2202
-2236
-2258
-2108
-1788
-1519
-1092
-780
-762
-802
-754
-852
-1100
-1428
-1741
-1834
-1897
-1954
-1685
-1450
-1318
-1157
-890
-752
-764
-702
-527
-520
-825
-1224
-1763
-2356
-3141
-4044
-4928
-5655
-6231
-6484
-6245
-5745
-4955
-4091
-3258
-2470
-1964
-1551
-1441
-1699
-2174
-2819
-3675
-4553
-5322
-5582
-5531
-5224
-4459
-3652
-2730
-1848
-1240
-709
-338
-458
-716
-893
-1165
-1677
-2238
-2546
-2546
-2327
-1945
-1338
-633
-79
568
1171
1668
1853
1995
2121
2085
1925
1681
1584
1480
1463
1745
2092
2492
2814
3086
3433
3701
3851
3977
4019
3938
3828
3562
3324
3219
3112
3248
3409
3501
3369
3170
3055
3084
2968
2904
2850
2706
2362
2199
2212
2299
2396
2449
2524
2725
2828
2835
2785
2559
2061
1449
912
639
667
1464
2786
4109
5398
6356
6711
6365
5666
4702
3393
2053
746
-387
-976
-1017
-700
231
1448
2704
3975
4843
5015
4843
4224
3303
2087
707
-645
-1629
-2025
-1903
-1404
-663
327
1573
2504
3057
3238
3164
2719
2148
1383
321
-677
-1443
-1862
-1882
-1621
-1032
-198
655
1358
1863
2126
2141
1937
1550
1029
238
-554
-1242
-1544
-1659
-1751
-1410
-912
-408
79
339
558
623
365
35
-352
-670
-928
-1361
-1509
-1415
-1312
-1129
-707
-253
-106
-79
55
-7
-282
-386
-491
-636
-779
-1039
-1119
-1143
-881
-449
-240
-189
-167
-51
221
388
384
164
-13
-468
-1234
-2179
-3087
-3800
-4597
-5282
-5598
-5480
-4963
-4219
-3464
-2602
-1713
-1090
-811
-857
-1084
-1492
-2083
-2741
-3417
-4165
-4509
-4389
-4206
-3808
-3044
-2136
-1136
-420
103
594
777
470
129
-358
-961
-1330
-1598
-1957
-2111
-1754
-1041
-427
273
1008
1648
1957
1861
1661
1682
1548
1210
889
795
1053
1464
2002
2352
2561
2709
2577
1939
1271
690
269
-39
14
278
857
1614
2543
3268
3803
3950
3720
3309
2523
1629
880
331
104
264
918
1920
3018
4265
5469
6227
6577
6713
6300
5548
4711
3886
3091
2364
2217
2352
2835
3660
4964
6654
8219
9466
10022
9864
9090
7850
6290
4600
2936
1729
815
273
377
1019
2194
3553
4679
5448
5862
5685
5053
4151
2910
1549
330
-601
-1376
-1773
-1757
-1185
-398
374
1383
2202
2696
2761
2390
1879
1129
95
-1028
-2188
-3059
-3418
-3294
-2788
-2179
-1611
-963
-257
303
725
650
301
-144
-741
-1413
-1960
-2392
-2708
-2678
-2213
-1720
-1186
-605
9
424
728
973
950
868
711
353
6
-141
-103
22
386
798
1135
1485
1792
1944
1762
1470
1430
1408
1202
1053
856
609
493
542
726
837
913
922
900
999
1053
1088
954
761
586
139
-504
-1324
-2205
-3019
-3803
-4510
-4979
-5105
-4823
-4235
-3509
-3008
-2468
-1663
-1140
-929
-1164
-1796
-2391
-3103
-3941
-4698
-5312
-5667
-5623
-5084
-4319
-3468
-2644
-2017
-1401
-1025
-932
-1159
-1466
-1887
-2537
-3220
-3762
-4186
-4108
-3892
-3442
-2862
-2166
-1506
-966
-654
-307
-108
-46
-137
-398
-851
-1514
-2090
-2400
-2377
-2119
-1722
-1071
-133
674
1211
1519
1574
1290
817
255
-275
-772
-1195
-1366
-1269
-1097
-784
-118
424
758
973
888
576
15
-635
-1365
-2148
-2774
-3129
-3036
-2706
-2235
-1758
-1277
-838
-783
-979
-1497
-2441
-3735
-4927
-5728
-5816
-5120
-3687
-1994
-316
955
1681
1649
839
-592
-2325
-4116
-5844
-7334
-8184
-8227
-7662
-6436
-4572
-2641
-1312
-381
271
373
-317
-1583
-2978
-4418
-5907
-6957
-7211
-6840
-6096
-5071
-3620
-2144
-839
-7
363
505
11
-845
-1817
-2766
-3654
-4333
-4726
-4555
-3949
-3070
-2027
-980
-59
588
791
797
805
522
-88
-920
-1592
-2212
-2500
-2538
-2306
-1755
-1285
-667
-105
254
437
472
430
94
-351
-931
-1353
-1439
-1412
-1337
-1109
-820
-607
-331
18
248
356
186
-39
-362
-563
-790
-1024
-1132
-1159
-902
-526
-141
134
325
492
643
983
1248
1189
907
631
222
-495
-1258
-1943
-2550
-3147
-3554
-3618
-3209
-2598
-1924
-1179
-79
791
1320
1817
1999
1762
1492
1125
283
-621
-968
-954
-733
-369
285
1072
1868
2660
3421
4042
4275
4272
4026
3441
2827
2351
1789
1262
1057
1310
1959
2586
3008
3449
3739
4058
4312
4341
4088
3743
3529
3323
3063
2737
2650
2709
2746
2982
3165
3319
3574
3727
3699
3615
3635
3697
3536
3151
2908
2877
2842
2778
2885
3070
3235
3210
2998
2817
2663
2391
2211
1948
1762
1808
1811
1898
1832
1834
1946
2032
2282
2230
2138
2164
2157
1856
1032
150
-317
-476
-254
632
2048
3619
4627
4982
5002
4546
3756
2903
1931
960
179
-188
-102
420
1294
2301
3316
4305
5009
5322
5040
4399
3623
2646
1472
401
-258
-535
-439
151
1151
2178
3132
4055
4690
4875
4901
4645
3868
3042
2148
1212
497
297
485
834
1492
2424
3239
3712
4125
4476
4499
4162
3534
2769
2252
1679
1100
663
658
892
1095
1436
2088
2695
3016
3165
3355
3187
2744
2281
1713
1324
1078
886
889
898
919
1127
1531
1858
1856
1761
1714
1642
1459
1208
1054
1017
827
701
731
878
1078
1371
1635
1829
1971
2001
2076
2100
2001
1748
1345
834
131
-806
-1538
-2152
-2620
-2997
-3040
-2526
-1797
-1047
-199
633
1323
1749
1850
1696
1278
687
55
-515
-1204
-1792
-1760
-1324
-842
-199
681
1553
2462
3058
3237
3162
2854
2390
1785
1280
810
382
-79
-250
-30
520
1085
1609
1965
2281
2549
2526
2345
2126
1825
1535
1107
768
661
569
663
866
944
1104
1240
1415
1537
1613
1679
1489
1277
1074
936
819
665
573
574
609
739
772
566
348
230
120
-181
-572
-842
-1013
-954
-887
-1041
-1100
-1040
-954
-793
-673
-592
-592
-759
-942
-1281
-1708
-1785
-1378
-355
998
2571
4066
4993
5207
4950
4063
2625
979
-730
-2418
-4112
-5198
-5281
-4579
-3495
-2028
-138
1502
2949
3702
3804
3338
2321
958
-840
-2581
-3957
-4929
-5191
-4822
-4074
-2863
-1409
-165
652
1179
1298
1106
597
-470
-1807
-2981
-3995
-4697
-4991
-4863
-4378
-3510
-2546
-1624
-755
-173
181
165
-59
-545
-1175
-1886
-2771
-3280
-3617
-3720
-3569
-3132
-2610
-2375
-2142
-1810
-1484
-1271
-1423
-1773
-2191
-2472
-2562
-2579
-2363
-2072
-1826
-1339
-931
-609
-253
-52
-106
-278
-465
-561
-627
-742
-1002
-1048
-844
-504
-48
344
478
675
996
1313
1435
1278
1135
944
555
-139
-865
-1514
-2217
-2949
-3367
-3507
-3588
-3299
-2791
-1863
-919
-55
724
1218
1458
1376
1018
415
-371
-1252
-1943
-2463
-2659
-2476
-2010
-1343
-677
192
1031
1566
1947
2073
1897
1467
865
232
-533
-1067
-1437
-1485
-1323
-1001
-435
95
671
1081
1322
1404
1481
1440
1305
768
333
115
51
96
210
311
436
670
942
1081
1302
1600
1823
1735
1393
1335
1357
1326
1428
1545
1552
1467
1349
1310
1325
1271
1157
1173
995
860
796
557
314
363
585
738
870
869
829
858
826
952
1058
882
369
-243
-620
-792
-548
