-4841
-4550
-4129
-3733
-3503
-3371
-3469
-3700
-3996
-4202
-4306
-4289
-4411
-4474
-4215
-4009
-3737
-3448
-3165
-3091
-3172
-3021
-2642
-2527
-2746
-3223
-3859
-4644
-5553
-6426
-7246
-7722
-7863
-7673
-7503
-7129
-6511
-5746
-4679
-3738
-3335
-3147
-3041
-3355
-3980
-4804
-5579
-6247
-6599
-6764
-6738
-6226
-5330
-4403
-3562
-2779
-2007
-1537
-1629
-1956
-2321
-2673
-3325
-4152
-4717
-4987
-4998
-4922
-4704
-4073
-3316
-2900
-2682
-2608
-2518
-2823
-3469
-4222
-5079
-5628
-5672
-5202
-4332
-3219
-1957
-1101
-1076
-1695
-2879
-4285
-6022
-7888
-9747
-11256
-11938
-11651
-10508
-8983
-7420
-5889
-4865
-4438
-4637
-5548
-6911
-8580
-10415
-11959
-12847
-12869
-11827
-10080
-7950
-5394
-2788
-639
839
1575
1540
835
-378
-1836
-3397
-5018
-6345
-6866
-6261
-4658
-2210
487
3091
5185
6183
6306
5658
4240
2336
96
-2214
-4258
-5550
-6076
-5686
-4562
-3225
-1598
-69
778
1028
734
-312
-2059
-4176
-6193
-7987
-9341
-9924
-9728
-8848
-7817
-6584
-5011
-3870
-3210
-3000
-3452
-4392
-5757
-7367
-8937
-10481
-11621
-12094
-11964
-11419
-10560
-9065
-7389
-6215
-5353
-4643
-4513
-4949
-5665
-6847
-8223
-9436
-10440
-11072
-11327
-10964
-10270
-9321
-8211
-6824
-5541
-4634
-3961
-3545
-3364
-3406
-3652
-3868
-3966
-3911
-3679
-3533
-3007
-2245
-1707
-1420
-1136
-869
-654
-571
-787
-1088
-1324
-1560
-1798
-1814
-1754
-1665
-1598
-1757
-1930
-2044
-2293
-2359
-2396
-2736
-2961
-3139
-3452
-3726
-4133
-4652
-5352
-5976
-6338
-6565
-6471
-6185
-5808
-5344
-4713
-4034
-3418
-2886
-2635
-2962
-3806
-4704
-5576
-6508
-7261
-7723
-7917
-8056
-7875
-7502
-6892
-6129
-5294
-4551
-3947
-3721
-3860
-4112
-4491
-4986
-5483
-5661
-5558
-5209
-4707
-3968
-2982
-2069
-1213
-495
262
969
1327
1530
1653
1773
1518
1221
461
-564
-1605
-2665
-3840
-4793
-4769
-3748
-1949
-13
1844
3478
4628
5085
5086
4349
2784
760
-1198
-2685
-3718
-3999
-3256
-1986
-66
2102
4025
5569
6431
6448
5866
4686
3106
1425
56
-1168
-1904
-1606
-529
1263
3434
5382
6550
6929
6897
6635
6136
5742
5611
5692
5890
6213
6336
6303
6175
5767
4980
4002
2871
1909
796
-90
-350
-180
406
1163
2236
3362
4321
4744
4643
4162
3447
2317
1052
-144
-1172
-1813
-2075
-1976
-1461
-792
-162
635
1127
1427
1415
1107
526
-466
-1470
-2389
-3069
-3711
-4139
-4127
-3991
-3755
-3573
-3334
-3127
-3023
-2893
-3070
-3527
-3878
-4005
-4267
-4504
-4568
-4546
-4297
-3829
-3569
-3191
-2990
-2855
-2888
-3104
-3379
-3558
-3841
-3967
-3980
-3920
-3769
-3450
-3136
-2698
-2210
-1777
-1447
-1281
-1217
-1297
-1430
-1825
-2312
-2502
-2740
-3128
-3466
-3464
-3278
-3047
-2936
-2687
-2482
-2114
-1788
-1671
-1775
-2147
-2816
-3795
-5094
-6406
-7582
-8568
-9312
-10056
-10403
-10119
-9357
-8425
-7536
-6367
-5243
-4598
-4534
-4671
-5032
-5681
-6760
-7866
-8799
-9487
-9940
-9949
-9763
-9238
-8410
-7531
-6765
-6191
-5747
-5589
-5817
-6219
-6646
-7140
-7523
-7694
-8024
-7959
-7598
-7246
-6771
-6131
-5186
-4470
-4024
-3747
-3418
-2978
-2816
-2788
-2792
-2573
-2247
-1865
-1522
-1168
-804
-558
-327
-207
88
253
40
-238
-422
-584
-662
-820
-1034
-1004
-798
-665
-737
-758
-613
-558
-827
-1170
-1421
-1702
-1864
-2192
-2456
-2524
-2478
-2375
-2118
-1968
-1674
-1555
-1570
-1608
-1620
-1816
-2536
-3531
-4148
-4136
-3569
-2614
-1513
-438
577
1176
1091
325
-772
-2144
-3701
-5236
-6597
-7390
-7658
-7281
-6250
-5130
-3856
-2525
-1417
-775
-891
-1444
-2384
-3723
-5102
-6542
-7622
-8326
-8474
-8027
-7149
-6088
-4726
-3593
-2790
-2199
-1970
-2236
-3153
-4266
-5351
-6415
-7360
-8012
-8237
-8009
-7306
-6527
-5525
-4393
-3631
-3056
-2688
-2632
-3031
-3728
-4530
-5289
-5861
-6306
-6571
-6603
-6328
-5974
-5587
-5019
-4457
-4198
-4366
-4545
-4748
-5011
-5584
-6099
-6273
-6275
-6422
-6580
-6566
-6400
-6169
-5797
-5465
-5279
-5432
-5697
-5865
-6242
-6630
-6871
-6897
-6755
-6735
-6604
-6296
-5965
-5698
-5351
-5019
-4767
-4817
-4963
-4976
-5084
-5674
-6485
-7164
-8145
-9127
-9833
-10375
-10632
-10504
-10080
-9678
-9063
-8047
-7151
-6292
-5839
-5642
-5614
-5940
-6595
-7383
-8187
-8896
-9444
-9764
-9523
-8931
-8067
-7006
-6045
-5153
-4458
-3977
-3722
-3776
-4203
-4644
-5117
-5624
-6016
-6126
-5926
-5636
-5315
-4665
-3907
-3255
-2586
-1910
-1387
-1357
-1447
-1385
-1531
-1806
-1897
-1703
-1531
-1409
-1170
-832
-441
-205
69
421
721
867
768
746
710
752
868
761
634
660
608
543
515
449
240
-8
-13
-23
-231
-510
-711
-715
-628
-497
-411
-340
-135
-36
69
11
-50
-67
-297
-628
-1062
-1567
-1929
-1595
-496
923
2291
3452
4295
4377
3932
3094
2065
877
-593
-1820
-2734
-3250
-3435
-2865
-1637
-168
1212
2082
2592
2806
2602
2078
968
-538
-1992
-3148
-3807
-4054
-3973
-3396
-2313
-1224
-208
605
1228
1467
1123
480
-478
-1596
-2622
-3436
-3949
-4200
-4320
-4043
-3170
-2285
-1525
-855
-209
-65
-244
-626
-1245
-1933
-2748
-3456
-3881
-4360
-4561
-4253
-3766
-3261
-2784
-2374
-1916
-1740
-1810
-2075
-2263
-2608
-3087
-3526
-3794
-3896
-4028
-3816
-3470
-3231
-2850
-2471
-2238
-2288
-2497
-2621
-2725
-3040
-3326
-3556
-3757
-3728
-3624
-3354
-2861
-2626
-2520
-2362
-2388
-2358
-2290
-2147
-2310
-2716
-3304
-4047
-4901
-5712
-6487
-7099
-7455
-7570
-7589
-7253
-6550
-5711
-4967
-4256
-3611
-3199
-3140
-3508
-4100
-4794
-5704
-6470
-7118
-7444
-7415
-7034
-6326
-5537
-4609
-3707
-2850
-2333
-2161
-2139
-2544
-3025
-3523
-3933
-4299
-4631
-4735
-4683
-4421
-3710
-3035
-2432
-1796
-1286
-1161
-894
-725
-710
-823
-953
-1039
-1235
-1274
-1028
-515
-369
-344
-166
318
799
1018
1039
1109
1270
1234
1101
1064
1125
1116
985
1030
1050
1071
1114
966
842
682
477
307
125
-1
-186
-330
-279
-147
-155
-130
-34
123
218
227
175
-201
-809
-1377
-1943
-2271
-2050
-1355
-201
1259
2501
3547
4133
3968
3166
1964
521
-949
-2144
-3163
-3872
-4076
-3674
-2691
-1618
-318
971
1834
2123
1938
1472
437
-868
-2229
-3630
-4751
-5308
-5321
-4792
-3727
-2596
-1537
-558
200
436
107
-410
-1278
-2400
-3397
-4430
-5379
-5804
-5702
-5272
-4643
-3871
-2942
-2072
-1443
-1199
-1336
-1499
-1919
-2655
-3444
-4269
-5138
-5652
-5609
-5430
-5107
-4627
-4086
-3681
-3473
-3368
-3039
-2896
-3220
-3709
-4272
-4697
-5002
-5141
-5029
-4858
-4862
-4594
-4198
-3918
-3765
-3415
-3244
-3365
-3837
-4237
-4479
-4672
-4770
-4766
-4697
-4643
-4371
-3987
-3662
-3516
-3475
-3435
-3194
-3084
-3341
-3842
-4382
-4956
-5774
-6541
-7316
-8046
-8559
-8723
-8719
-8387
-7709
-6943
-6111
-5379
-4764
-4325
-4255
-4525
-4944
-5565
-6420
-7235
-7768
-8178
-8356
-8210
-7639
-6765
-5961
-5161
-4316
-3593
-2959
-2825
-3182
-3584
-4068
-4510
-4949
-5185
-5206
-5163
-4992
-4455
-3629
-3027
-2254
-1628
-1297
-1070
-896
-805
-732
-663
-766
-947
-1075
-1031
-854
-593
-225
268
570
773
1065
1339
1286
1111
957
1029
1092
1207
1351
1375
1435
1462
1398
1333
1348
1394
1366
1092
810
640
447
269
246
447
590
435
459
596
643
707
630
484
222
-151
-871
-1930
-2936
-3521
-3500
-2845
-1839
-594
677
1531
1608
1318
820
173
-629
-1459
-2068
-2452
-2454
-2170
-1587
-623
507
1432
1901
1860
1572
1099
291
-665
-1609
-2673
-3603
-3969
-3729
-2999
-2016
-901
200
967
1458
1749
1924
1678
1026
57
-918
-1750
-2189
-2549
-2700
-2229
-1388
-539
241
911
1622
2028
2053
1742
1182
600
-160
-831
-1420
-1802
-1925
-1676
-1129
-653
-345
27
513
883
927
700
212
-280
-899
-1581
-1927
-2139
-2361
-2489
-2463
-2456
-2262
-2088
-2040
-2082
-2149
-2187
-2211
-2409
-2754
-3220
-3459
-3461
-3361
-3266
-3174
-3193
-3187
-3105
-3062
-3079
-2987
-3027
-2965
-3042
-3431
-4024
-4866
-5809
-6615
-7459
-8136
-8598
-8689
-8155
-7356
-6566
-5714
-4851
-4058
-3570
-3397
-3491
-3871
-4355
-5155
-5787
-6311
-6806
-6972
-6873
-6471
-5788
-4771
-3681
-2649
-1871
-1561
-1306
-1142
-1294
-1646
-2184
-2671
-3071
-3253
-3194
-2929
-2328
-1463
-740
-194
429
818
1017
1282
1402
1234
975
713
599
491
462
559
811
1234
1591
1994
2294
2494
2663
2710
2685
2654
2447
2296
2175
1942
1939
1944
1912
1906
1902
1877
1834
1709
1537
1327
1092
1015
862
748
638
564
600
555
574
693
893
1011
1004
868
675
433
206
490
1218
2150
3389
4921
6247
7060
7331
7036
6086
4514
2545
470
-1698
-3491
-4592
-4992
-4484
-3197
-1202
1059
3161
4797
5816
6133
5594
4346
2786
1138
-640
-2423
-3776
-4223
-4132
-3542
-2466
-1121
370
1558
2191
2372
1961
1307
209
-1231
-2652
-3924
-4872
-5502
-5767
-5474
-4644
-3433
-2270
-1394
-654
-249
-113
-368
-971
-1791
-2888
-3839
-4515
-4835
-4971
-5082
-4852
-4566
-4289
-4073
-3708
-3408
-3460
-3656
-3794
-4025
-4457
-4728
-4642
-4456
-4195
-3758
-3266
-2833
-2507
-2088
-1914
-1964
-2045
-2255
-2433
-2617
-2868
-2944
-2815
-2656
-2321
-1823
-1453
-1319
-1228
-991
-801
-458
-306
-524
-933
-1281
-1724
-2287
-3180
-4191
-4817
-5369
-5919
-6034
-5877
-5380
-4564
-3846
-2969
-2052
-1563
-1337
-1344
-1774
-2488
-3372
-4279
-5098
-5898
-6351
-6308
-5966
-5327
-4595
-3762
-2894
-2373
-1940
-1755
-1818
-2225
-2735
-3290
-3911
-4455
-4612
-4697
-4576
-4233
-3768
-3066
-2386
-1912
-1417
-881
-624
-602
-697
-837
-935
-977
-1115
-1109
-968
-865
-581
-142
474
852
995
1174
1363
1437
1502
1644
1847
1907
1881
2070
2053
1979
1953
1935
1903
1897
2017
1973
1809
1649
1541
1429
1326
1359
1356
1291
1344
1670
1829
1870
1848
1872
1869
1603
925
259
-319
-860
-1263
-1184
-596
407
1504
2392
3086
3090
2358
1433
386
-871
-1986
-2931
-3258
-3055
-2433
-1245
-49
1276
2539
3434
3611
3150
2335
1235
-267
-1790
-3082
-4159
-4823
-4896
-4378
-3243
-2093
-793
344
1151
1621
1679
1299
659
-266
-1321
-2284
-3009
-3474
-3260
-2706
-1979
-1179
-301
595
1443
1848
1789
1507
1020
471
-246
-929
-1475
-2059
-2260
-2011
-1648
-1079
-377
-5
345
639
830
787
498
232
-185
-641
-1129
-1383
-1469
-1391
-1412
-1309
-1131
-923
-873
-929
-1058
-1349
-1590
-1889
-2074
-2260
-2438
-2458
-2365
-2328
-2295
-2153
-1914
-1767
-1741
-1666
-1701
-1652
-1796
-2254
-2926
-3596
-4505
-5415
-6190
-6887
-7612
-7982
-7932
-7426
-6783
-6067
-5153
-4104
-3491
-3098
-2942
-3193
-3837
-4519
-5297
-6033
-6736
-7021
-6963
-6693
-5936
-4973
-3808
-2700
-1921
-1269
-910
-788
-794
-1002
-1437
-1944
-2327
-2607
-2607
-2512
-2177
-1632
-964
-217
403
854
1327
1699
1994
2143
2074
1966
1805
1563
1478
1662
2090
2406
2539
2828
2971
3080
3375
3571
3637
3581
3529
3484
3442
3373
3312
3201
3140
3217
3220
3085
2977
2958
2813
2404
2273
2236
1971
1759
1706
1738
1630
1694
1862
1929
1857
1836
1876
1892
1751
1249
564
6
-377
-453
43
1087
2440
3808
4755
5271
5361
4925
4118
3026
1647
343
-739
-1425
-1550
-1497
-834
436
1719
3021
3991
4494
4450
4058
3295
2239
1026
-354
-1487
-2057
-2255
-1967
-1014
199
1355
2215
2671
2901
2927
2798
2262
1217
56
-846
-1579
-2074
-2275
-2119
-1627
-811
163
1094
1653
1912
1804
1722
1408
640
-137
-853
-1520
-2122
-2467
-2425
-2079
-1582
-972
-480
-309
-129
-85
-150
-378
-997
-1580
-2055
-2249
-2426
-2448
-2422
-2222
-1871
-1544
-1156
-838
-694
-832
-954
-1066
-1270
-1654
-1834
-1969
-2108
-2102
-1931
-1755
-1470
-1282
-1103
-815
-573
-623
-663
-645
-733
-1212
-1870
-2613
-3457
-4405
-5141
-5581
-5898
-6072
-5786
-5161
-4362
-3506
-2787
-2129
-1636
-1417
-1353
-1709
-2475
-3385
-3991
-4542
-5130
-5365
-5104
-4713
-4047
-3131
-2247
-1420
-874
-515
-372
-595
-1048
-1472
-1866
-2412
-2855
-2978
-2787
-2483
-2294
-1681
-873
-153
449
868
1332
1566
1546
1358
1041
872
923
946
1005
1220
1455
1753
2009
2379
2801
2964
3011
2925
2808
2897
3017
3018
2873
2764
2742
2803
2790
2858
2960
2907
2974
2951
2662
2361
2160
2091
1943
1712
1717
1763
1812
1945
2100
2235
2293
2361
2380
2291
1940
1394
927
521
243
544
1471
2887
4277
5316
6047
6250
5910
5088
3996
2731
1424
125
-814
-1318
-1324
-697
571
1875
2949
4038
4728
4745
4226
3498
2359
1089
-96
-1143
-1986
-2427
-2369
-1678
-681
322
1287
2001
2491
2639
2498
2030
1263
251
-844
-1937
-2707
-3025
-3012
-2347
-1549
-659
111
717
1267
1652
1728
1285
624
-110
-838
-1552
-2092
-2395
-2558
-2503
-2078
-1513
-998
-571
-287
-84
-113
-386
-681
-1069
-1596
-1845
-1974
-2038
-1909
-1796
-1628
-1296
-1033
-785
-522
-489
-489
-764
-1079
-1211
-1368
-1568
-1617
-1666
-1792
-1657
-1233
-952
-841
-709
-405
-346
-375
-466
-541
-904
-1478
-2339
-3104
-3911
-4849
-5478
-5870
-6116
-6054
-5593
-4783
-3976
-3232
-2358
-1705
-1435
-1479
-1681
-2257
-3050
-4004
-4782
-5356
-5703
-5671
-5175
-4491
-3686
-2801
-2003
-1293
-672
-407
-264
-349
-757
-1369
-1992
-2448
-2723
-2826
-2597
-2160
-1697
-1140
-345
434
834
1179
1403
1468
1554
1363
1207
1145
1074
1177
1300
1512
1823
2392
2752
2970
3120
3148
3298
3332
3351
3256
3327
3149
2975
3009
3113
3122
3034
2973
3062
3008
2983
3045
2856
2616
2558
2475
2312
2180
2243
2193
2186
2292
2219
2223
2255
2310
2392
2231
1708
1064
424
180
390
1062
2132
3503
4769
5792
6299
6093
5234
4126
2868
1562
366
-683
-1330
-1537
-1224
-284
976
2560
3780
4477
4821
4560
3850
2830
1698
366
-1129
-2124
-2537
-2405
-1843
-987
42
1054
1847
2407
2607
2552
2250
1482
437
-530
-1485
-2224
-2596
-2394
-1862
-1306
-625
173
937
1706
2057
2018
1726
1247
672
-195
-933
-1562
-2175
-2395
-1990
-1337
-794
-327
36
250
391
491
439
192
-311
-908
-1222
-1348
-1544
-1549
-1368
-982
-757
-557
-268
-174
-128
-120
-130
-432
-779
-1006
-1215
-1320
-1256
-1140
-1034
-898
-644
-382
-360
-195
44
344
478
343
75
-431
-1227
-2083
-2856
-3838
-4646
-5112
-5148
-5006
-4633
-4193
-3677
-2637
-1706
-1209
-914
-880
-977
-1278
-1866
-2659
-3309
-3795
-4229
-4469
-4225
-3616
-2827
-1995
-1098
-320
295
545
683
634
226
-196
-750
-1247
-1472
-1604
-1616
-1323
-827
-221
311
911
1540
2015
2159
2080
1930
1658
1236
937
868
1092
1490
1945
2413
2731
2856
2658
2280
1620
923
451
197
319
740
1326
1928
2600
3395
4004
4312
4161
3625
2899
2002
1131
488
294
540
1245
2241
3417
4614
5661
6498
7107
7148
6767
5969
5030
4247
3578
3047
2596
2520
3012
4018
5391
7056
8641
9751
10188
10005
9307
8077
6390
4800
3143
1639
728
463
872
1667
2697
3795
4882
5790
6161
6062
5365
4358
3274
1967
515
-651
-1342
-1454
-1201
-548
253
990
1906
2545
2795
2904
2689
2180
1321
329
-742
-1829
-2549
-2937
-2984
-2844
-2308
-1465
-721
159
701
981
974
794
332
-532
-1316
-1944
-2206
-2335
-2408
-2054
-1553
-993
-215
458
845
1109
1166
1101
977
704
401
196
143
268
422
714
1083
1415
1775
2011
2091
2060
2021
1992
1776
1410
988
730
562
470
606
793
1208
1393
1376
1285
1209
1140
1180
1297
1334
1063
688
62
-811
-1754
-2691
-3402
-3988
-4432
-4638
-4549
-4089
-3528
-2858
-2063
-1336
-914
-822
-957
-1294
-2120
-3169
-4065
-4791
-5193
-5417
-5530
-5083
-4378
-3562
-2664
-1874
-1296
-936
-863
-1125
-1742
-2245
-2799
-3329
-3749
-4045
-4076
-3891
-3542
-2825
-2047
-1537
-1049
-617
-221
25
-6
-270
-829
-1321
-1673
-2109
-2389
-2408
-2136
-1665
-1011
-404
137
666
1043
1075
926
550
33
-379
-1121
-1746
-1877
-1601
-1257
-872
-276
365
754
983
854
410
-155
-860
-1549
-2286
-2880
-3054
-3155
-3016
-2623
-2040
-1505
-1254
-1070
-1107
-1541
-2586
-3958
-5197
-5966
-6046
-5405
-4050
-2550
-928
262
915
886
12
-1315
-2780
-4498
-6250
-7522
-8438
-8602
-8032
-6718
-5009
-3336
-1790
-712
-191
-192
-669
-1803
-3384
-4931
-6134
-6981
-7393
-7124
-6380
-5298
-3866
-2450
-1247
-473
-154
-302
-753
-1600
-2590
-3421
-4167
-4825
-4954
-4894
-4352
-3470
-2510
-1581
-748
71
724
958
668
81
-657
-1337
-2058
-2661
-3049
-2888
-2536
-2114
-1550
-962
-438
14
265
329
177
-286
-761
-1273
-1765
-2037
-2081
-2030
-1848
-1490
-1098
-641
-405
-295
-104
10
-109
-441
-746
-1013
-1310
-1475
-1370
-1366
-1181
-748
-268
150
237
309
587
871
955
742
465
81
-558
-1404
-2141
-2696
-3073
-3414
-3510
-3269
-2682
-1895
-1063
-268
621
1403
1806
1808
1578
1130
625
-125
-824
-1234
-1310
-1254
-898
-121
867
1946
2876
3596
4020
4105
4109
3769
3259
2718
2193
1837
1388
1253
1451
1767
2325
2808
3289
3614
3810
4068
4198
4133
3932
3593
3293
2998
2599
2442
2480
2712
2987
3080
3119
3312
3458
3655
3671
3569
3430
3289
3106
3037
2976
2915
2989
2991
2956
2876
2905
2871
2798
2767
2572
2438
2332
2085
1847
1864
1892
1816
1946
2156
2268
2272
2264
2318
2284
2242
1912
1445
816
311
394
1176
2443
3922
5313
6274
6711
6473
5842
4960
3747
2575
1433
423
-221
-253
296
1200
2418
3742
4854
5670
6024
5804
5271
4296
3084
1796
712
57
-330
-464
-69
1000
2067
2879
3726
4443
4825
4736
4252
3486
2557
1467
359
-398
-521
-233
226
748
1468
2374
3068
3484
3681
3692
3505
3067
2451
1745
1001
480
190
55
72
287
741
1322
1694
1937
2296
2525
2388
1865
1313
1035
854
598
468
474
528
808
1260
1764
2142
2328
2425
2341
2123
2023
1889
1728
1574
1359
1103
1297
1616
1976
2384
2453
2577
2785
2837
2867
2823
2793
2608
2311
1732
943
-19
-822
-1302
-1560
-1735
-1553
-1303
-798
-164
577
1343
1917
2398
2542
2276
1842
1279
392
-406
-804
-1116
-1331
-1193
-613
234
943
1595
2244
2647
3001
3021
2702
2111
1492
903
404
-54
-537
-673
-372
30
450
906
1279
1577
1685
1837
1860
1737
1400
950
762
597
379
310
267
415
598
818
1128
1379
1491
1446
1339
1225
1110
1031
836
639
609
722
863
839
810
891
992
969
767
574
193
94
255
49
-114
-172
-244
-384
-377
-258
-125
-16
53
44
-146
-492
-1301
-2210
-2511
-2352
-1754
-653
727
1877
2888
3553
3611
3194
2359
1314
-163
-1745
-3005
-3880
-4217
-4006
-3339
-2154
-561
797
1737
2246
2214
1717
945
-80
-1445
-2834
-3895
-4602
-4756
-4354
-3632
-2471
-1259
-301
367
825
1054
773
12
-867
-1724
-2715
-3641
-4422
-4652
-4173
-3520
-2642
-1550
-626
85
345
315
362
52
-543
-1373
-2254
-2969
-3504
-3660
-3553
-3185
-2747
-2163
-1456
-1032
-672
-639
-520
-846
-1414
-1701
-1978
-2237
-2415
-2481
-2409
-2244
-1817
-1367
-973
-708
-450
-311
-402
-581
-730
-798
-1117
-1494
-1501
-1197
-817
-584
-392
-146
54
149
221
326
532
513
535
288
-414
-1332
-2229
-3074
-3755
-4144
-4570
-4634
-4188
-3590
-2902
-2117
-1347
-537
148
556
557
134
-566
-1375
-2139
-2751
-3045
-3151
-2930
-2470
-1775
-900
-14
890
1678
2055
1918
1741
1366
881
213
-329
-874
-1412
-1455
-1250
-955
-403
327
864
1223
1492
1628
1741
1659
1333
1021
643
373
242
127
118
370
711
857
897
1107
1433
1629
1662
1675
1425
1130
1038
902
1168
1334
1053
899
1068
1309
1379
1230
945
825
781
611
215
-82
-64
73
197
153
170
386
497
579
572
555
418
293
74
-68
-115
255
947
