-5207
-4805
-4367
-3981
-3637
-3625
-3752
-3874
-4127
-4193
-4309
-4551
-4533
-4579
-4510
-4160
-3908
-3585
-3295
-3190
-3094
-2933
-2872
-2953
-3168
-3596
-4331
-5277
-6188
-7007
-7744
-8266
-8572
-8704
-8355
-7503
-6543
-5700
-4744
-3992
-3458
-3081
-3143
-3576
-4243
-5089
-5823
-6543
-7044
-7224
-6900
-6129
-5360
-4486
-3448
-2500
-1842
-1469
-1523
-1981
-2313
-2910
-3618
-4261
-4711
-4993
-5115
-4979
-4571
-3982
-3315
-2865
-2478
-2246
-2340
-2754
-3567
-4260
-4805
-5247
-5404
-4977
-4075
-2918
-1846
-1006
-894
-1363
-2381
-3866
-5672
-7705
-9732
-11137
-11709
-11438
-10258
-8818
-7143
-5594
-4701
-4298
-4424
-5262
-6858
-8775
-10581
-11883
-12774
-12860
-11873
-10180
-7922
-5187
-2612
-485
814
1434
1399
868
-167
-1643
-3499
-5188
-6384
-6859
-6302
-4591
-2118
757
3532
5689
6868
6946
6096
4633
2521
116
-2130
-4124
-5599
-6169
-5682
-4476
-2951
-1320
-39
773
965
509
-457
-1992
-3878
-5983
-7955
-9490
-10184
-9912
-9012
-7879
-6424
-4984
-3849
-3154
-3014
-3336
-4064
-5357
-7025
-8720
-10097
-11275
-12024
-11842
-11149
-10089
-8939
-7516
-6055
-5091
-4521
-4559
-5047
-5803
-7043
-8386
-9661
-10591
-11082
-11360
-11207
-10521
-9287
-8019
-6909
-5660
-4570
-4005
-3609
-3415
-3467
-3521
-3775
-3969
-3845
-3589
-3129
-2581
-2037
-1525
-1140
-759
-540
-438
-458
-700
-1048
-1369
-1500
-1648
-1744
-1715
-1777
-1713
-1663
-1721
-1887
-2196
-2371
-2500
-2535
-2667
-2862
-3199
-3755
-4428
-5110
-5780
-6198
-6499
-6792
-6943
-6734
-6132
-5449
-4714
-4025
-3551
-3061
-3079
-3516
-4103
-4580
-5145
-6182
-7100
-7724
-8282
-8449
-8142
-7365
-6537
-5785
-5111
-4453
-3830
-3552
-3674
-4010
-4457
-4773
-5030
-5197
-5189
-4994
-4386
-3685
-2906
-2007
-1111
-74
751
1244
1745
1999
2048
2005
1876
1568
842
-80
-956
-1982
-3022
-3919
-4151
-3401
-1667
465
2468
4094
5228
5923
5751
4573
2874
1220
-469
-2281
-3552
-3790
-3189
-1933
154
2336
4287
5735
6538
6667
5964
4843
3396
1768
176
-871
-1253
-1130
-215
1434
3390
5304
6772
7452
7447
7126
6767
6486
6390
6521
6872
7133
7298
7108
6665
6235
5593
4445
3250
2057
964
352
63
362
1071
1935
2923
3788
4520
4970
4920
4493
3679
2531
1099
-229
-1070
-1684
-1885
-1692
-1242
-611
222
1149
1716
1924
2014
1639
945
-75
-1183
-2077
-2856
-3499
-3853
-4032
-4131
-3893
-3530
-3175
-3022
-2948
-2849
-3104
-3394
-3672
-3937
-4139
-4287
-4305
-4150
-3985
-3834
-3605
-3354
-3165
-3146
-3053
-2981
-3194
-3553
-3943
-4054
-4064
-4009
-3759
-3455
-3017
-2513
-1842
-1401
-1105
-827
-710
-815
-1206
-1709
-1993
-2366
-2650
-2924
-3080
-3122
-2965
-2634
-2450
-2435
-2237
-1882
-1637
-1506
-1526
-1812
-2601
-3702
-4968
-6272
-7558
-8940
-9975
-10497
-10548
-10155
-9458
-8628
-7791
-6828
-5852
-5179
-4650
-4717
-5404
-6231
-7161
-8017
-8953
-9691
-10082
-9994
-9650
-9077
-8272
-7481
-6787
-6105
-5568
-5321
-5517
-6044
-6678
-7222
-7880
-8182
-8393
-8459
-8254
-7789
-7107
-6438
-5651
-5010
-4458
-3961
-3524
-3345
-3263
-3033
-3044
-3130
-2753
-2354
-2004
-1604
-1329
-1008
-690
-454
-353
-356
-386
-541
-761
-997
-1175
-1401
-1558
-1585
-1702
-1788
-1724
-1601
-1783
-1844
-1832
-2058
-2349
-2697
-2950
-2986
-3098
-3223
-3280
-3371
-3305
-3054
-2798
-2566
-2329
-2281
-2465
-2881
-3316
-3869
-4483
-4695
-4381
-3410
-2063
-733
325
734
633
62
-1027
-2667
-4377
-5914
-7262
-8194
-8480
-8100
-7250
-6016
-4535
-3284
-2293
-1679
-1648
-2138
-2977
-4305
-5822
-7271
-8544
-9387
-9548
-9059
-8116
-6811
-5466
-4223
-3219
-2772
-2582
-2847
-3537
-4558
-5511
-6469
-7442
-8118
-8376
-8305
-7807
-6882
-5773
-4826
-4094
-3605
-3336
-3210
-3454
-4021
-4699
-5505
-6274
-6915
-7183
-6998
-6740
-6460
-5983
-5401
-5024
-4873
-4773
-4789
-4815
-5137
-5590
-6072
-6387
-6551
-6606
-6333
-6200
-6217
-6066
-5796
-5577
-5454
-5553
-5755
-5950
-6182
-6467
-6695
-6786
-6804
-6701
-6388
-6029
-5645
-5429
-5311
-5221
-4907
-4715
-4842
-4988
-5322
-5795
-6653
-7605
-8430
-9149
-9751
-10440
-10819
-10708
-10097
-9432
-8598
-7718
-6930
-6004
-5344
-5074
-5136
-5508
-6026
-6929
-7993
-8890
-9310
-9461
-9298
-8648
-7908
-6869
-5727
-4838
-4003
-3350
-3084
-3021
-3154
-3626
-4312
-4971
-5297
-5359
-5427
-5313
-4682
-4045
-3452
-2737
-2012
-1322
-826
-585
-544
-640
-749
-683
-541
-497
-443
-328
-140
122
425
792
1078
1250
1542
1698
1764
1728
1737
1781
1638
1468
1572
1596
1504
1426
1347
1333
1233
1111
766
503
360
266
210
155
97
56
194
368
519
731
775
943
916
819
564
225
-118
-650
-975
-503
644
2065
3483
4709
5603
5745
5107
4288
3307
2095
645
-784
-1926
-2436
-2321
-1723
-658
659
1951
2934
3533
3878
3572
2689
1641
470
-908
-2131
-3042
-3310
-3076
-2590
-1706
-544
629
1543
2099
2329
2121
1455
605
-380
-1451
-2492
-3306
-3635
-3445
-3081
-2447
-1586
-648
-68
358
646
555
231
-295
-1090
-1897
-2696
-3299
-3499
-3376
-3091
-2968
-2600
-2192
-1854
-1441
-1188
-1325
-1519
-1767
-2164
-2538
-2889
-3083
-3140
-3101
-2930
-2730
-2409
-2096
-1876
-1733
-1780
-1941
-2195
-2485
-2729
-2790
-2860
-3004
-3127
-3170
-3000
-2642
-2323
-1995
-1713
-1543
-1536
-1571
-1557
-1772
-2309
-3053
-3820
-4615
-5597
-6581
-7296
-7645
-7834
-7645
-6999
-6326
-5483
-4583
-3694
-3110
-2891
-2872
-3183
-3738
-4637
-5558
-6375
-7040
-7401
-7283
-6843
-6317
-5487
-4491
-3573
-2745
-2258
-2098
-2073
-2362
-2673
-3165
-3888
-4431
-4680
-4691
-4560
-4359
-3835
-2926
-2200
-1582
-971
-568
-445
-528
-603
-668
-727
-1005
-1110
-1033
-860
-650
-430
50
598
947
1082
1169
1498
1632
1763
1673
1546
1441
1333
1196
912
836
1045
1044
905
758
835
748
545
274
122
48
-150
-352
-393
-483
-536
-315
-176
-210
-161
-114
-252
-454
-951
-1643
-2230
-2477
-2326
-1479
-256
1361
2992
3931
4149
3821
3094
2043
775
-731
-2285
-3339
-3898
-4121
-3657
-2826
-1583
-269
876
1679
2010
1988
1368
208
-1270
-2775
-4102
-5247
-5987
-5909
-5254
-4159
-2830
-1744
-838
-134
123
-6
-377
-977
-2059
-3342
-4424
-5135
-5634
-5713
-5516
-4978
-4166
-3222
-2241
-1553
-1366
-1257
-1505
-2118
-2821
-3481
-4169
-4972
-5573
-5701
-5557
-5302
-5082
-4590
-4034
-3551
-3280
-3225
-3243
-3533
-3994
-4431
-4758
-5072
-5333
-5357
-5109
-4882
-4497
-4292
-4044
-3670
-3469
-3611
-3793
-4018
-4265
-4510
-4611
-4703
-4884
-4867
-4620
-4310
-4122
-4108
-4072
-3831
-3562
-3618
-3803
-3858
-3921
-4282
-5004
-5942
-7034
-8057
-8822
-9428
-9797
-9555
-8923
-8237
-7541
-6588
-5588
-4886
-4342
-4240
-4510
-5015
-5852
-6792
-7615
-8388
-8668
-8709
-8493
-7951
-6990
-5884
-4869
-4016
-3433
-3135
-3052
-3043
-3374
-4024
-4506
-5113
-5592
-5740
-5589
-5148
-4569
-3796
-3049
-2533
-2102
-1809
-1352
-937
-871
-1023
-1165
-1186
-1218
-1274
-1177
-862
-597
-272
124
698
1076
1183
1280
1341
1515
1479
1352
1286
1308
1316
1320
1105
1022
1083
1134
1170
1047
835
746
562
305
159
202
173
63
77
89
284
337
356
480
569
640
510
169
-521
-1556
-2477
-3039
-3079
-2484
-1389
-104
1070
1799
2067
1877
1168
432
-333
-1213
-1965
-2330
-2412
-2184
-1405
-349
684
1539
2037
2247
2090
1485
463
-489
-1257
-2360
-3286
-3577
-3435
-2883
-1937
-695
373
1182
1833
2352
2429
1984
1267
353
-504
-1346
-2212
-2690
-2444
-1951
-1179
-344
444
1075
1659
2076
1951
1702
1223
507
-273
-906
-1267
-1675
-2036
-1982
-1381
-824
-349
273
783
987
892
695
374
-234
-708
-1221
-1739
-2051
-2400
-2673
-2637
-2486
-2226
-1943
-1715
-1760
-1846
-1965
-2229
-2376
-2688
-3075
-3214
-3210
-3183
-3200
-3064
-2806
-2779
-2607
-2368
-2216
-2172
-2316
-2502
-2740
-3138
-3709
-4456
-5331
-6383
-7261
-7752
-8077
-8083
-7700
-6984
-6233
-5365
-4500
-3686
-3086
-2802
-2832
-3125
-3629
-4416
-5222
-5841
-6319
-6371
-6120
-5709
-4805
-3788
-2840
-1933
-1304
-751
-417
-407
-631
-1013
-1599
-2262
-2618
-2696
-2643
-2237
-1678
-1050
-304
368
1025
1608
1890
1842
1835
1829
1604
1377
1250
1211
1162
1176
1463
1905
2309
2670
3001
3176
3168
3325
3398
3320
3163
2988
2834
2607
2340
2349
2493
2592
2615
2477
2221
2142
1906
1755
1728
1439
1234
1084
1112
1149
1114
1033
1091
1291
1271
1207
1333
1500
1330
1110
1020
1288
1923
2899
4293
5875
7213
8167
8580
8174
7138
5686
3611
1234
-951
-2686
-3955
-4401
-3917
-2477
-534
1487
3440
5134
6364
6619
6033
4947
3421
1614
-313
-2164
-3697
-4494
-4564
-3773
-2572
-1228
139
1370
2384
2784
2565
1824
827
-336
-1808
-3149
-4305
-5294
-5563
-5066
-4399
-3657
-2737
-1635
-615
47
89
-133
-591
-1557
-2403
-3112
-3925
-4426
-4904
-5126
-5058
-4705
-4310
-3834
-3518
-3492
-3417
-3379
-3518
-3603
-3727
-3820
-3858
-3744
-3342
-2915
-2535
-2101
-1661
-1365
-1279
-1390
-1529
-1752
-1975
-2194
-2313
-2402
-2489
-2467
-2214
-1810
-1365
-1086
-808
-548
-253
-74
-170
-467
-813
-1219
-1786
-2757
-3921
-4856
-5544
-6126
-6449
-6450
-6164
-5686
-5047
-4057
-2951
-2142
-1530
-1198
-1337
-1847
-2602
-3633
-4673
-5371
-5984
-6411
-6542
-6239
-5855
-5159
-4108
-3128
-2289
-1779
-1670
-1743
-2102
-2562
-3126
-3730
-4130
-4560
-4827
-4718
-4426
-3867
-3140
-2508
-1782
-1132
-707
-559
-475
-497
-566
-623
-763
-692
-659
-481
-281
-133
227
603
1130
1531
1729
1969
2144
2144
2031
2022
2033
1885
1810
1966
2097
2167
2224
2153
2070
1997
1856
1700
1502
1306
1134
1039
949
1060
1174
1287
1496
1637
1551
1597
1556
1517
1408
857
183
-459
-1028
-1309
-1136
-465
615
1774
2827
3395
3266
2603
1723
465
-927
-2146
-3000
-3506
-3550
-2836
-1679
-203
1058
2234
3084
3321
3018
2304
1257
-104
-1596
-2997
-4244
-4938
-4951
-4449
-3430
-2081
-559
576
1230
1690
1861
1475
928
20
-962
-1819
-2474
-2849
-2910
-2688
-2202
-1161
-57
849
1356
1620
1807
1545
1102
512
-178
-778
-1428
-1918
-2046
-1790
-1565
-1299
-775
-274
128
513
743
707
491
208
-257
-680
-887
-1105
-1212
-1260
-1232
-1149
-1105
-916
-807
-811
-938
-1335
-1687
-1986
-2098
-2192
-2415
-2387
-2432
-2447
-2373
-2338
-2284
-2101
-1889
-1831
-1837
-1936
-2183
-2626
-3312
-3999
-4678
-5529
-6430
-7173
-7512
-7702
-7623
-7285
-6784
-5897
-4826
-3962
-3381
-2846
-2595
-2793
-3457
-4223
-4973
-5652
-6172
-6531
-6619
-6247
-5491
-4566
-3723
-2775
-1738
-918
-465
-366
-446
-637
-1144
-1733
-2212
-2450
-2478
-2346
-2041
-1479
-697
164
817
1398
1759
1995
2338
2748
2715
2406
2279
2191
2108
2133
2218
2452
2794
3183
3473
3634
3800
3954
3859
3753
3718
3849
3599
3381
3437
3445
3397
3385
3370
3234
3138
3096
2928
2561
2166
1864
1720
1775
1700
1698
1841
1964
1910
1887
1837
1940
1944
1916
1837
1559
1000
460
-53
-202
303
1532
2986
4479
5771
6356
6260
5661
4790
3764
2523
1049
-346
-1280
-1473
-1206
-438
776
2229
3594
4515
5027
4917
4526
3727
2429
1124
2
-1095
-1834
-1933
-1559
-785
155
1200
2216
3116
3575
3674
3373
2615
1656
535
-585
-1363
-1798
-1977
-1744
-1248
-532
342
997
1617
2062
2262
2050
1458
720
-67
-676
-1314
-1796
-2008
-2114
-2073
-1704
-1112
-627
-261
-118
-29
-106
-428
-967
-1261
-1626
-2052
-2391
-2319
-2121
-1904
-1546
-1154
-892
-636
-405
-478
-719
-1064
-1416
-1698
-1887
-1941
-1884
-1782
-1783
-1578
-1450
-1339
-1165
-895
-590
-404
-513
-608
-689
-1255
-1994
-2912
-3767
-4471
-5192
-5881
-6283
-6284
-5865
-5193
-4451
-3541
-2647
-1846
-1244
-1018
-1115
-1552
-2220
-3156
-4041
-4805
-5260
-5420
-5210
-4666
-3946
-2912
-1935
-1233
-705
-98
131
-206
-621
-1060
-1588
-2088
-2537
-2818
-2840
-2542
-1916
-1169
-568
47
710
1147
1405
1564
1552
1545
1349
1207
1119
1118
1256
1385
1725
2076
2463
2722
2896
3147
3419
3593
3613
3486
3512
3536
3276
3126
3248
3331
3218
3058
3094
3087
2890
2748
2649
2496
2409
2350
2220
2015
1909
1902
1820
1960
2183
2419
2609
2590
2560
2406
2094
1670
1036
306
181
839
1838
3171
4628
5784
6492
6694
6189
5390
4191
2890
1628
351
-696
-1217
-1139
-516
435
1718
3085
4158
4746
4789
4588
3921
2766
1251
-104
-1189
-2066
-2399
-2229
-1529
-713
310
1351
2233
2925
3030
2700
2128
1488
345
-889
-1850
-2330
-2465
-2295
-1946
-1296
-389
394
986
1421
1688
1679
1511
986
252
-644
-1483
-1944
-2317
-2428
-2333
-2028
-1399
-1047
-726
-336
-29
-18
-251
-562
-1005
-1266
-1551
-1771
-1909
-2054
-1862
-1444
-1132
-852
-472
-236
-51
-11
-244
-582
-837
-1131
-1356
-1539
-1656
-1546
-1409
-1005
-579
-381
-306
-229
-179
-60
-76
-330
-798
-1545
-2398
-3206
-4111
-4940
-5608
-6146
-6326
-6115
-5633
-5042
-4240
-3269
-2397
-1798
-1403
-1487
-2036
-2709
-3317
-3870
-4474
-4999
-5283
-5311
-5034
-4309
-3511
-2579
-1567
-911
-452
-311
-352
-603
-1017
-1490
-1970
-2245
-2515
-2648
-2344
-1812
-1235
-509
35
513
1164
1560
1807
2038
2009
1920
1854
1574
1391
1549
1788
1984
2227
2524
2814
3194
3468
3577
3669
3608
3613
3417
3292
3318
3197
3195
3252
3139
3045
3138
3158
2976
2690
2559
2542
2351
2044
1940
1784
1704
1680
1647
1701
1798
1852
1800
1836
2110
2103
1787
1275
574
25
-84
137
807
2053
3577
5069
6060
6367
6068
5271
4168
2822
1351
126
-769
-1402
-1787
-1628
-823
569
2122
3503
4257
4529
4416
3795
2734
1375
-27
-1257
-2068
-2475
-2427
-2127
-1300
-350
638
1638
2583
3045
2824
2449
1783
823
-379
-1337
-1953
-2213
-2466
-2173
-1334
-610
164
915
1596
1802
1738
1610
1312
655
-94
-801
-1419
-1827
-2048
-2084
-1833
-1338
-809
-234
280
475
298
-44
-242
-448
-842
-1094
-1400
-1575
-1606
-1501
-1283
-916
-487
-161
-65
-169
-88
-121
-481
-740
-928
-1118
-1127
-1110
-1178
-1012
-745
-537
-472
-481
-299
-65
-12
165
152
-240
-914
-1702
-2407
-3162
-4129
-5035
-5417
-5499
-5399
-5000
-4402
-3495
-2561
-1934
-1324
-741
-411
-591
-1196
-1876
-2602
-3438
-4206
-4657
-4704
-4288
-3465
-2359
-1610
-973
-202
354
622
643
526
187
-369
-833
-1188
-1442
-1576
-1515
-1263
-895
-280
457
1157
1546
1922
2254
2266
1996
1642
1314
1070
1077
1299
1585
1914
2426
2822
2620
2319
1979
1550
1028
526
91
58
314
702
1222
2115
3068
3860
4115
3874
3197
2289
1450
730
124
-279
17
632
1621
2819
3856
5017
5961
6574
6682
6197
5454
4555
3749
3163
2540
2135
2136
2665
3599
4979
6678
8463
9786
10277
10084
9371
8088
6313
4475
2995
1658
729
295
361
1128
2420
3660
4874
5735
5846
5658
5177
4330
3008
1756
477
-717
-1544
-2025
-1982
-1300
-326
632
1514
2166
2571
2625
2383
1807
1085
76
-1004
-1969
-2643
-3117
-3201
-2820
-2191
-1531
-663
149
778
1037
856
478
-56
-661
-1333
-2071
-2516
-2676
-2639
-2342
-1909
-1262
-372
439
836
966
1049
1072
1036
805
470
124
135
285
420
697
1135
1557
1894
2123
2366
2413
2330
2177
1790
1313
958
755
736
857
926
986
1077
1327
1605
1665
1526
1580
1598
1526
1486
1164
619
-175
-1104
-2014
-2825
-3502
-4184
-4577
-4624
-4529
-4125
-3395
-2603
-1766
-1052
-538
-387
-559
-996
-1833
-2659
-3392
-4053
-4717
-5095
-4901
-4459
-3776
-3117
-2203
-1429
-814
-367
-252
-441
-862
-1482
-2208
-2776
-3220
-3751
-3909
-3681
-3077
-2402
-1891
-1388
-761
-103
343
555
553
251
-137
-608
-1251
-1775
-2033
-2066
-1889
-1325
-420
378
944
1412
1783
1877
1789
1361
830
197
-381
-718
-842
-935
-911
-498
191
761
1165
1376
1367
963
509
-200
-1145
-2042
-2548
-2684
-2728
-2451
-1968
-1466
-1083
-759
-554
-601
-1193
-2290
-3541
-4630
-5406
-5407
-4710
-3277
-1584
-34
1083
1716
1840
1076
-242
-2025
-3768
-5328
-6821
-7681
-7847
-7384
-6097
-4294
-2601
-1217
-150
198
123
-507
-1639
-3042
-4421
-5616
-6675
-7167
-6934
-6129
-4926
-3454
-2068
-1133
-322
297
355
-126
-804
-1736
-2827
-4015
-4777
-4953
-4672
-3905
-3131
-2220
-992
140
748
1006
916
804
542
-236
-1121
-1790
-2085
-2339
-2606
-2488
-1929
-1311
-662
64
535
577
484
396
126
-286
-735
-1028
-1262
-1412
-1529
-1312
-832
-504
-155
68
111
35
14
-57
-266
-416
-775
-950
-920
-939
-853
-545
-58
286
337
475
749
907
928
649
577
444
-64
-823
-1636
-2253
-2956
-3704
-4080
-3967
-3464
-2809
-2131
-1293
-416
596
1235
1569
1620
1616
1335
804
75
-644
-942
-1015
-997
-803
-114
775
1779
2805
3502
3832
4134
4091
3829
3332
2714
2054
1609
1333
1210
1362
1746
2210
2578
3151
3732
4047
4188
4249
4095
3773
3427
3133
2823
2650
2629
2693
2768
2912
3146
3317
3520
3663
3738
3779
3666
3520
3492
3320
3058
2821
2721
2879
2915
2816
2699
2721
2698
2574
2398
2138
1872
1751
1607
1495
1237
1169
1425
1735
1806
1906
1895
1723
1733
1856
1786
1427
860
213
-9
296
1118
2456
3856
5201
6266
6643
6431
5777
4823
3551
2195
1015
-16
-822
-940
-307
812
2083
3426
4608
5449
5729
5661
5092
4042
2963
1781
374
-648
-937
-841
-343
459
1300
2395
3543
4388
4670
4536
3998
3375
2522
1499
604
-107
-503
-570
-320
235
1096
1946
2556
2983
3391
3553
3352
2917
2325
1535
742
127
-275
-497
-429
-175
207
759
1262
1673
1941
2046
1902
1601
1277
852
566
375
231
462
758
1058
1450
1757
1926
2025
2079
2101
1945
1644
1413
1262
1161
1096
1070
1303
1584
1759
1919
2091
2271
2564
2779
2818
2726
2580
2266
1833
1208
490
-479
-1405
-2051
-2461
-2638
-2393
-1821
-1261
-564
204
954
1772
2151
2113
2070
1761
1064
155
-648
-1028
-1289
-1433
-1350
-892
-105
844
1795
2441
2754
2909
2879
2743
2258
1518
755
120
-243
-457
-543
-437
-38
471
1100
1498
1937
2172
2075
1795
1579
1301
840
438
208
248
421
470
483
702
1011
1224
1404
1605
1659
1524
1487
1365
1207
1054
914
810
777
691
512
519
558
523
358
216
-83
-279
-372
-379
-325
-445
-605
-612
-519
-414
-374
-463
-480
-489
-400
-418
-787
-1651
-2366
-2659
-2667
-1965
-788
782
2233
3328
4028
4016
3471
2514
1312
-188
-1568
-2745
-3655
-4080
-3796
-3047
-1737
-264
1036
1985
2512
2567
2076
1106
-11
-1350
-2801
-3925
-4664
-4856
-4413
-3506
-2320
-1230
-157
660
1115
1321
1079
497
-471
-1521
-2403
-3236
-3917
-4264
-4116
-3587
-2763
-1777
-790
100
604
646
591
193
-425
-1014
-1644
-2323
-2837
-3166
-3048
-2764
-2386
-1862
-1371
-811
-436
-240
-414
-719
-1053
-1347
-1769
-1976
-2111
-2025
-1785
-1546
-1192
-819
-369
-98
11
31
46
-81
-514
-713
-671
-737
-919
-843
-579
-260
-127
94
238
340
527
608
736
800
539
78
-508
-1250
-2074
-2852
-3659
-4388
-4711
-4696
-4218
-3563
-2825
-1941
-1016
-329
315
711
787
381
-328
-1118
-1906
-2491
-2735
-2925
-2929
-2457
-1570
-626
227
1083
1824
2071
1984
1895
1639
956
99
-577
-983
-1208
-1197
-1080
-742
-218
353
923
1361
1684
1960
1877
1650
1467
1038
622
516
429
349
369
483
707
1129
1354
1585
1718
1725
1660
1594
1594
1506
1328
1277
1118
1092
1005
1056
1115
1054
1021
965
838
517
300
165
92
149
76
98
1
-190
-116
40
125
5
30
252
381
256
-50
-277
-249
58
766
