-5874
-5401
-4924
-4593
-4352
-4339
-4510
-4721
-4997
-5295
-5614
-5674
-5650
-5563
-5471
-5414
-5190
-4887
-4633
-4630
-4564
-4267
-4081
-4009
-4183
-4515
-5157
-6017
-7019
-7908
-8696
-9154
-9374
-9360
-9014
-8459
-7720
-6841
-5882
-5091
-4536
-4164
-4097
-4399
-4952
-5852
-6830
-7423
-7603
-7515
-7102
-6571
-5804
-4936
-4008
-3140
-2405
-2032
-2030
-2231
-2504
-3051
-3588
-4279
-4883
-5097
-5080
-4934
-4672
-4014
-3363
-2889
-2331
-2158
-2380
-2673
-3364
-4109
-4837
-5407
-5496
-5095
-4305
-3467
-2344
-1417
-1125
-1462
-2675
-4332
-6213
-8131
-10166
-11732
-12236
-11887
-10928
-9457
-7882
-6381
-5179
-4817
-5173
-6139
-7546
-9288
-11118
-12571
-13350
-13456
-12632
-11005
-8669
-6095
-3579
-1259
262
917
819
37
-1149
-2539
-3973
-5298
-6212
-6139
-5131
-3241
-570
2466
5183
6916
7564
7405
6364
4493
1990
-743
-3514
-5915
-7400
-7766
-7189
-5799
-3848
-1731
162
1555
2103
1826
721
-1045
-3276
-5864
-8148
-9737
-10786
-10885
-10267
-9185
-7521
-5840
-4392
-3489
-3231
-3636
-4525
-5788
-7347
-9193
-11090
-12414
-13073
-13208
-12762
-11826
-10575
-9329
-8112
-6887
-6143
-5880
-6147
-6788
-7866
-9181
-10474
-11447
-11975
-12243
-12085
-11824
-11000
-9946
-8734
-7414
-6532
-5790
-5153
-4826
-4670
-4654
-4614
-4500
-4547
-4499
-4130
-3447
-2632
-1913
-1319
-1055
-863
-918
-1016
-1197
-1483
-1678
-1752
-1842
-2046
-2078
-1927
-1692
-1440
-1570
-1758
-1835
-1925
-2047
-2249
-2322
-2677
-3156
-3855
-4536
-5142
-5702
-6120
-6551
-6754
-6722
-6498
-5937
-5354
-4691
-3888
-3227
-2893
-2718
-2946
-3561
-4445
-5491
-6611
-7452
-7947
-8228
-8414
-8313
-7820
-7088
-6316
-5547
-4851
-4161
-3951
-4251
-4704
-5008
-5280
-5740
-6077
-6151
-6037
-5620
-4878
-3935
-2941
-2006
-1202
-447
118
619
923
1170
1304
1031
639
-37
-1004
-2005
-3093
-4265
-5114
-5066
-4020
-2319
-284
1663
3112
4361
5030
4971
4175
2849
959
-1006
-2691
-3673
-3865
-3051
-1610
202
2278
4141
5489
6157
6245
5712
4521
2957
1402
153
-756
-1203
-1025
54
1861
3707
5496
6779
7494
7970
8014
8011
7956
8031
8198
8172
7992
7597
7098
6476
5561
4573
3490
2263
1113
190
-356
-382
143
975
1972
3052
3963
4698
5077
4957
4587
3693
2325
1017
-241
-1232
-1972
-2308
-2445
-2125
-1344
-525
86
483
741
638
84
-631
-1468
-2386
-3398
-4244
-4804
-5153
-5182
-5128
-4965
-4725
-4382
-3987
-3586
-3716
-4134
-4426
-4531
-4634
-4814
-4845
-4790
-4647
-4455
-4341
-4126
-4036
-3896
-3874
-4043
-4190
-4447
-4512
-4595
-4638
-4313
-4047
-3713
-3246
-2708
-2128
-1574
-1144
-827
-709
-782
-994
-1354
-1936
-2317
-2704
-3053
-3147
-3191
-3250
-3106
-2744
-2222
-1807
-1583
-1300
-1244
-1258
-1319
-1918
-2789
-3915
-5034
-6123
-7391
-8744
-9704
-10145
-10209
-9998
-9483
-8578
-7515
-6432
-5682
-4992
-4639
-4966
-5535
-6215
-7211
-8344
-9371
-10240
-10491
-10426
-10194
-9603
-8756
-7830
-6814
-6150
-5839
-5770
-5968
-6305
-6798
-7489
-8026
-8419
-8718
-8929
-8849
-8413
-7745
-6909
-6279
-5660
-4934
-4302
-3962
-3729
-3778
-3624
-3407
-3263
-2949
-2535
-2157
-1913
-1719
-1383
-851
-475
-324
-208
-177
-387
-650
-848
-939
-1225
-1489
-1621
-1609
-1417
-1304
-1271
-1173
-1254
-1393
-1693
-1985
-2208
-2429
-2492
-2606
-2649
-2744
-2793
-2813
-2914
-2753
-2330
-2128
-1983
-2105
-2466
-3017
-3631
-4180
-4424
-4086
-2960
-1584
-387
475
912
882
304
-861
-2423
-4217
-5830
-7059
-7861
-8115
-7981
-7114
-5801
-4384
-2968
-1927
-1434
-1432
-2070
-3255
-4431
-5764
-7276
-8526
-9267
-9418
-8915
-7936
-6642
-5293
-4183
-3285
-2840
-2752
-2873
-3352
-4323
-5543
-6732
-7845
-8523
-8824
-8693
-7862
-6830
-5795
-4667
-3742
-3293
-3206
-3283
-3618
-4133
-4695
-5337
-6076
-6553
-6892
-7048
-6741
-6216
-5614
-5092
-4747
-4477
-4397
-4486
-4738
-5059
-5323
-5654
-5969
-6169
-6295
-6283
-6143
-5866
-5646
-5420
-5087
-5073
-5205
-5519
-5856
-5989
-6096
-6348
-6673
-6849
-6768
-6465
-6111
-5786
-5457
-5462
-5200
-4811
-4613
-4571
-4718
-5039
-5599
-6350
-7250
-8347
-9415
-10223
-10782
-11046
-10960
-10725
-10080
-9156
-8184
-7254
-6304
-5711
-5572
-5873
-6227
-6644
-7406
-8356
-9268
-9816
-9947
-9888
-9158
-7952
-6789
-5885
-5027
-4292
-3629
-3224
-3259
-3629
-4098
-4611
-5048
-5336
-5643
-5741
-5527
-5141
-4407
-3537
-2830
-2096
-1563
-1217
-977
-891
-892
-805
-837
-835
-843
-870
-815
-540
-216
57
372
626
1077
1399
1267
1180
1293
1442
1407
1321
1194
1115
1059
923
957
1073
1042
848
579
251
132
69
-6
-162
-287
-215
-262
-413
-151
178
320
368
528
535
390
225
-246
-951
-1565
-1646
-1299
-300
1138
2694
3910
4561
4785
4524
3885
2776
1354
-114
-1395
-2390
-2974
-2955
-2356
-1185
136
1324
2382
3221
3456
3000
2395
1568
260
-1203
-2437
-3479
-3899
-3677
-2921
-1962
-881
288
1208
1859
2154
1950
1286
371
-647
-1801
-3063
-3898
-4114
-3851
-3337
-2622
-1941
-1148
-347
161
407
251
-72
-620
-1300
-2111
-2851
-3559
-4031
-4185
-4095
-3660
-3090
-2372
-1918
-1662
-1424
-1474
-1749
-2068
-2475
-2893
-3431
-3695
-3569
-3309
-3207
-3036
-2703
-2402
-2192
-2160
-2145
-2053
-2173
-2328
-2597
-2886
-3061
-3243
-3196
-3137
-3026
-2801
-2415
-2174
-2146
-2263
-2091
-1962
-2023
-2108
-2486
-3011
-3675
-4568
-5670
-6602
-7273
-7690
-7878
-7709
-7162
-6407
-5457
-4540
-3822
-3288
-3019
-2983
-3223
-3903
-4829
-5765
-6540
-7175
-7437
-7480
-7155
-6381
-5467
-4533
-3686
-2780
-2175
-1880
-1898
-2307
-2913
-3490
-4089
-4465
-4553
-4611
-4569
-4361
-3898
-3005
-2250
-1776
-1240
-633
-412
-486
-682
-741
-742
-989
-1184
-1277
-1286
-1090
-737
-292
111
447
657
967
1158
1232
1321
1323
1186
1109
921
877
920
831
862
782
600
545
415
351
246
-96
-318
-482
-593
-799
-815
-789
-651
-473
-367
-431
-517
-498
-500
-461
-779
-1538
-2270
-2648
-2449
-1764
-532
946
2491
3659
4046
3765
2952
1779
332
-1113
-2308
-3380
-4264
-4607
-4349
-3302
-1867
-506
666
1407
1697
1686
1061
-113
-1320
-2714
-4289
-5427
-6003
-6088
-5535
-4498
-3343
-2299
-1431
-614
-117
-193
-724
-1612
-2523
-3534
-4719
-5595
-6107
-6217
-5800
-5204
-4387
-3284
-2304
-1839
-1533
-1427
-1696
-2106
-2837
-3745
-4586
-5190
-5489
-5619
-5677
-5441
-5038
-4559
-4026
-3708
-3509
-3383
-3447
-3736
-4129
-4633
-4915
-5261
-5528
-5535
-5315
-4999
-4473
-3964
-3828
-3793
-3768
-3732
-3766
-3868
-4111
-4507
-4669
-4820
-4934
-4697
-4471
-4393
-4249
-4156
-3946
-3662
-3529
-3513
-3486
-3636
-4036
-4478
-5180
-6176
-7212
-8159
-8910
-9535
-9690
-9342
-9052
-8555
-7678
-6637
-5542
-4825
-4348
-4212
-4423
-5089
-5891
-6699
-7605
-8277
-8627
-8680
-8446
-7877
-6917
-5950
-5083
-4114
-3434
-3028
-2808
-2940
-3245
-3795
-4423
-4999
-5287
-5415
-5283
-5003
-4563
-3830
-3044
-2409
-1799
-1365
-900
-657
-666
-917
-1126
-1182
-1290
-1270
-1161
-888
-449
-83
302
710
1037
1189
1359
1372
1352
1391
1298
1288
1244
1104
1099
1242
1289
1301
1349
1280
1204
1134
746
288
202
123
75
-12
30
147
216
278
289
375
581
662
648
491
-60
-561
-1374
-2109
-2313
-1835
-882
395
1841
2886
3551
3712
3198
2388
1383
195
-972
-1782
-2404
-2637
-2406
-1723
-558
669
1799
2591
2986
2898
2252
1344
399
-851
-2081
-3184
-3798
-3921
-3561
-2807
-1627
-299
830
1597
2066
2064
1838
1136
128
-820
-1748
-2555
-3069
-3210
-2830
-2112
-1434
-560
176
738
1106
1122
988
586
-112
-966
-1661
-2080
-2592
-2997
-2865
-2460
-2086
-1694
-1185
-634
-233
-239
-473
-758
-1207
-1847
-2210
-2434
-2856
-3150
-3236
-3141
-2918
-2570
-2086
-1815
-1834
-1878
-2011
-2213
-2365
-2651
-3049
-3272
-3342
-3325
-3098
-2844
-2635
-2469
-2389
-2270
-2107
-2029
-2027
-2126
-2400
-2846
-3464
-4198
-5201
-6182
-6938
-7495
-7769
-7738
-7380
-6819
-6148
-5263
-4349
-3493
-3028
-2796
-2815
-3172
-3822
-4333
-5034
-5947
-6595
-6776
-6525
-6076
-5503
-4595
-3561
-2545
-1753
-1388
-1444
-1348
-1272
-1729
-2411
-3070
-3437
-3538
-3570
-3204
-2714
-2061
-1254
-676
-75
465
646
671
713
750
700
556
510
486
408
369
777
1139
1387
1691
2002
2246
2342
2461
2551
2496
2280
2117
2085
2071
1850
1823
1786
1689
1637
1688
1726
1757
1647
1378
1105
944
892
731
777
841
699
641
719
923
1013
1006
950
925
885
477
-48
-245
-135
441
1525
3008
4540
5682
6323
6258
5542
4461
2975
1220
-609
-2343
-3444
-3810
-3543
-2557
-1218
576
2283
3482
4194
4248
3938
3283
2124
472
-1164
-2692
-3736
-4490
-4772
-4102
-2904
-1691
-441
612
1239
1555
1405
1026
207
-964
-2203
-3277
-4284
-4898
-4976
-4643
-3908
-2826
-1876
-1182
-632
-227
-167
-659
-1251
-1923
-2549
-3341
-4069
-4456
-4561
-4544
-4306
-3776
-3350
-2947
-2697
-2558
-2528
-2671
-2906
-3165
-3283
-3482
-3776
-3919
-3685
-3257
-2858
-2586
-2224
-1795
-1633
-1795
-2024
-2393
-2695
-2937
-3145
-3021
-3013
-3059
-2893
-2600
-2369
-2143
-1830
-1669
-1596
-1499
-1547
-1636
-1966
-2484
-3130
-3870
-4711
-5521
-6475
-7153
-7658
-7957
-7713
-6976
-6104
-5186
-4130
-3226
-2625
-2481
-2581
-2805
-3457
-4486
-5598
-6263
-6639
-7181
-7442
-7115
-6393
-5366
-4398
-3572
-2809
-2224
-2055
-2154
-2441
-2917
-3465
-3901
-4423
-4791
-4778
-4660
-4322
-3817
-3111
-2426
-1735
-1237
-763
-213
-27
-9
-95
-328
-592
-829
-818
-642
-488
-145
268
630
979
1442
1681
1765
1742
1738
1648
1642
1688
1610
1499
1477
1681
1831
1773
1707
1778
1782
1644
1186
892
803
743
639
438
524
681
573
756
949
1277
1406
1258
1172
993
430
-134
-769
-1122
-1111
-732
122
1285
2626
3554
3987
4019
3466
2515
1230
-169
-1436
-2467
-2950
-2933
-2548
-1626
-109
1369
2396
3081
3481
3372
2707
1744
477
-975
-2424
-3446
-4136
-4061
-3520
-2687
-1573
-318
818
1575
1929
1901
1669
982
-9
-1099
-1976
-2791
-3463
-3539
-3235
-2625
-1667
-574
388
1063
1326
1420
1261
737
-175
-918
-1414
-2192
-2742
-2890
-2751
-2308
-1920
-1484
-963
-607
-427
-302
-107
-169
-604
-1336
-1983
-2260
-2298
-2445
-2220
-1923
-1592
-1369
-1346
-1343
-1101
-1008
-1150
-1466
-1708
-2103
-2405
-2592
-2742
-2635
-2374
-1946
-1651
-1648
-1746
-1692
-1496
-1411
-1452
-1433
-1664
-2312
-3087
-3975
-4806
-5643
-6528
-7100
-7277
-7302
-7057
-6430
-5484
-4443
-3493
-2829
-2379
-2221
-2479
-2968
-3626
-4507
-5255
-5906
-6163
-6031
-5705
-5166
-4420
-3590
-2705
-1618
-736
-393
-326
-560
-835
-1086
-1591
-2257
-2741
-2867
-2719
-2517
-2043
-1171
-321
435
1025
1525
1867
2051
1931
1773
1695
1612
1483
1469
1529
1547
1878
2192
2335
2778
3130
3203
3405
3491
3448
3394
3280
3239
3264
3134
2804
2697
2759
2778
2761
2675
2674
2586
2288
1954
1817
1771
1543
1341
1273
1298
1414
1517
1677
1863
1777
1792
1831
1760
1315
639
-16
-294
-239
223
1307
2709
4151
5229
5757
5861
5523
4607
3355
1908
294
-937
-1631
-1840
-1483
-774
311
1681
2955
3865
4341
4408
4075
3133
2020
803
-555
-1618
-2215
-2517
-2391
-1685
-572
653
1616
2303
2724
2860
2577
1828
934
-104
-1160
-1946
-2441
-2595
-2542
-2182
-1346
-467
399
970
1283
1535
1472
1030
409
-284
-1032
-1773
-2307
-2510
-2570
-2586
-2380
-1809
-1336
-940
-612
-419
-494
-775
-1291
-1715
-1946
-2265
-2577
-2779
-2597
-2158
-1826
-1547
-1250
-947
-961
-1119
-1202
-1294
-1463
-1720
-2111
-2350
-2290
-2109
-2107
-1996
-1707
-1367
-1115
-841
-744
-747
-722
-734
-930
-1364
-1980
-2793
-3724
-4689
-5544
-6136
-6441
-6405
-6037
-5532
-4891
-3941
-3001
-2197
-1863
-1762
-1708
-1856
-2577
-3607
-4375
-5137
-5736
-5827
-5526
-4937
-4399
-3617
-2560
-1680
-1075
-583
-518
-749
-1063
-1511
-2022
-2509
-2951
-3008
-2869
-2727
-2386
-1747
-975
-315
311
869
1216
1363
1339
1266
1066
872
691
678
852
913
1061
1516
2009
2407
2712
2910
3132
3208
3119
3081
2975
2769
2741
2687
2637
2637
2750
2707
2630
2624
2608
2588
2420
2334
2282
2007
1824
1734
1696
1758
1733
1663
1779
1969
2021
2105
2188
2196
1985
1484
764
209
-13
357
1244
2522
3960
5264
6062
6224
5879
4993
3934
2625
1203
16
-896
-1533
-1543
-896
166
1493
2765
3850
4626
4807
4341
3376
2304
1024
-243
-1513
-2566
-2851
-2557
-1953
-1064
-85
1066
2009
2401
2499
2505
2028
1253
191
-1069
-2070
-2601
-2835
-2822
-2429
-1679
-762
63
934
1504
1523
1341
1080
756
138
-777
-1559
-2116
-2366
-2480
-2352
-1975
-1610
-1192
-782
-226
-28
-172
-349
-586
-1020
-1569
-1959
-2124
-2169
-1989
-1803
-1523
-1104
-825
-453
-197
-225
-457
-761
-1054
-1228
-1440
-1589
-1547
-1627
-1665
-1708
-1401
-1010
-901
-830
-559
-430
-379
-385
-524
-1052
-1663
-2327
-3077
-4116
-5093
-5737
-6132
-6290
-6126
-5598
-4843
-3894
-2987
-2244
-1688
-1404
-1313
-1731
-2295
-3025
-3649
-4379
-5096
-5574
-5713
-5295
-4400
-3524
-2527
-1573
-790
-334
-184
-240
-567
-976
-1380
-1712
-1997
-2437
-2852
-2748
-2218
-1493
-881
-269
457
1118
1513
1741
1817
1703
1555
1322
1235
1342
1361
1419
1572
1923
2336
2590
2902
3231
3460
3577
3572
3538
3575
3386
3206
2969
2919
3091
3136
3067
2975
2976
2978
2864
2682
2561
2438
2329
2137
2006
2027
1999
1977
1949
1976
1982
2000
2074
2053
1983
1774
1495
993
356
108
319
1058
2306
3662
4899
5864
6234
5969
5288
4208
3014
1736
456
-664
-1447
-1744
-1362
-465
749
2240
3469
4180
4497
4323
3842
3043
1875
557
-800
-1826
-2497
-2574
-2090
-1200
-77
1143
2145
2698
2884
2616
2130
1646
901
-191
-1285
-2142
-2582
-2726
-2236
-1418
-703
123
877
1504
1900
1916
1600
1135
445
-172
-918
-1617
-2132
-2294
-2241
-1878
-1474
-1170
-728
-163
216
320
187
-166
-498
-896
-1235
-1614
-1876
-1667
-1420
-1069
-901
-675
-475
-293
-189
-232
-396
-703
-1062
-1289
-1469
-1434
-1469
-1515
-1161
-803
-613
-705
-666
-498
-281
119
286
8
-383
-805
-1497
-2476
-3443
-4183
-4839
-5397
-5631
-5539
-5204
-4789
-4061
-3067
-2254
-1638
-1088
-771
-1001
-1622
-2168
-2948
-3732
-4371
-4850
-4873
-4635
-4080
-3336
-2403
-1330
-617
-114
362
714
647
182
-446
-1192
-1739
-2086
-2300
-2283
-1931
-1272
-501
408
1005
1380
1640
2014
2016
1583
1228
933
717
705
769
1123
1640
2110
2436
2486
2399
2184
1625
871
232
-92
-66
307
803
1514
2350
3093
3587
3731
3524
2994
2178
1452
764
100
-248
-63
707
1751
2914
4130
5286
6221
6630
6504
6045
5383
4566
3725
3075
2526
2175
2142
2568
3595
5156
6808
8172
9326
9982
9951
9250
7967
6377
4479
2827
1542
741
542
723
1469
2462
3442
4517
5271
5757
5838
5248
4192
2963
1763
501
-759
-1542
-1944
-1880
-1303
-422
521
1319
2104
2721
2832
2597
2105
1228
268
-863
-1909
-2786
-3285
-3409
-3018
-2257
-1396
-700
-35
515
734
802
606
167
-579
-1207
-1743
-2154
-2580
-2527
-2167
-1765
-1248
-542
60
418
624
853
891
728
554
399
96
-28
31
393
592
914
1303
1667
1933
1974
1943
1804
1671
1422
1183
1016
853
743
647
667
904
966
1040
1123
1219
1251
1264
1334
1305
1030
715
329
-335
-1134
-2199
-3186
-3882
-4404
-4845
-5033
-4827
-4294
-3481
-2683
-2055
-1390
-910
-675
-950
-1645
-2402
-3249
-4056
-4703
-5213
-5374
-5344
-4992
-4410
-3647
-2673
-1797
-1064
-721
-667
-791
-1147
-1769
-2517
-3242
-3694
-3828
-4121
-4041
-3326
-2618
-2051
-1512
-1046
-587
-152
39
51
-51
-377
-959
-1597
-1953
-2005
-2016
-1919
-1636
-1040
-105
639
1045
1290
1443
1364
911
228
-332
-764
-1226
-1457
-1398
-1087
-616
-169
393
853
973
871
468
-181
-953
-1665
-2299
-2803
-3202
-3221
-2997
-2593
-1939
-1382
-1146
-1047
-1213
-1621
-2448
-3739
-5041
-5768
-5885
-5238
-3716
-2064
-556
723
1350
1261
467
-703
-2323
-4067
-5656
-7047
-7902
-8058
-7617
-6568
-4869
-3019
-1585
-439
339
276
-563
-1684
-3059
-4500
-5962
-7039
-7631
-7637
-6657
-5312
-3781
-2418
-1365
-540
15
-12
-434
-1159
-2161
-3337
-4254
-4795
-5178
-5040
-4298
-3404
-2346
-1361
-429
359
817
980
636
58
-602
-1296
-1872
-2379
-2707
-2778
-2623
-2301
-1785
-1127
-487
24
241
219
126
-108
-616
-992
-1269
-1549
-1750
-1817
-1642
-1218
-900
-579
-355
-233
-198
-175
-153
-368
-692
-910
-1067
-1225
-1276
-968
-680
-498
-315
-127
164
405
668
768
708
654
328
-322
-953
-1552
-2264
-2899
-3353
-3595
-3657
-3451
-2971
-2287
-1327
-329
626
1282
1622
1694
1460
1099
598
-153
-789
-1295
-1496
-1288
-877
22
995
1905
2639
3313
3782
4074
4062
3699
3134
2579
2126
1726
1379
1183
1245
1481
1943
2684
3276
3802
4186
4257
3982
3702
3474
3273
3101
2985
2759
2567
2581
2764
2960
3064
3226
3437
3801
3852
3674
3641
3666
3500
3254
3145
2959
2846
2830
2829
2796
2719
2695
2648
2494
2429
2359
2207
2003
1674
1463
1393
1548
1581
1697
1833
1904
2056
2072
2078
2064
1864
1490
804
36
-444
-748
-314
829
2325
3517
4361
4960
5189
4824
3985
2821
1622
671
49
-243
-157
211
1117
2200
3256
4297
4982
5134
4985
4548
3591
2543
1368
363
-338
-694
-515
275
1422
2469
3349
4156
4755
5117
4841
4341
3792
3015
1992
1060
448
196
168
644
1427
2270
3079
3673
4062
4431
4486
4173
3600
2915
2119
1430
881
592
503
679
1133
1742
2278
2594
2746
2899
3062
2932
2496
2066
1583
1081
771
752
665
560
593
811
1201
1535
1658
1737
1842
1752
1511
1258
1031
874
856
811
789
853
1161
1485
1611
1678
1686
1972
2359
2364
2165
1850
1298
666
51
-828
-1672
-2279
-2688
-2788
-2731
-2388
-1735
-939
-127
611
1283
1758
1974
1751
1257
765
210
-597
-1378
-1631
-1624
-1441
-930
-23
920
1819
2663
3129
3268
3173
2953
2591
1902
1342
807
68
-358
-296
-53
544
1104
1595
1986
2377
2598
2598
2458
2232
1975
1746
1300
829
611
445
534
845
1128
1325
1541
1653
1737
1762
1668
1458
1269
1067
845
776
807
873
728
524
566
576
512
392
197
-73
-183
-334
-607
-799
-1042
-1097
-1140
-1061
-727
-638
-736
-664
-718
-636
-671
-947
-1248
-1539
-1756
-1362
-419
979
2468
3843
4938
5327
5016
3918
2601
1079
-723
-2599
-4210
-5349
-5596
-4884
-3652
-2076
-265
1694
3162
3961
4314
3944
2656
856
-977
-2432
-3783
-4948
-5442
-5115
-4231
-3048
-1668
-395
612
1111
1272
1132
537
-469
-1780
-3076
-4190
-4950
-5413
-5270
-4554
-3764
-2790
-1830
-1043
-288
40
133
-80
-762
-1573
-2414
-3279
-3786
-3930
-3986
-3912
-3623
-3068
-2610
-2379
-2120
-1876
-1779
-1833
-2014
-2219
-2492
-2674
-2612
-2527
-2375
-1991
-1733
-1454
-1031
-659
-301
-365
-474
-750
-1007
-1073
-1178
-1269
-1150
-933
-680
-374
-119
171
541
772
910
943
1045
1046
864
285
-506
-1247
-1943
-2757
-3595
-4021
-4151
-4139
-3914
-3357
-2465
-1440
-565
190
653
921
872
341
-392
-1265
-1991
-2530
-3023
-3324
-3263
-2819
-2051
-1158
-286
385
949
1437
1652
1586
1094
393
-375
-1017
-1466
-1847
-2056
-2040
-1692
-1027
-326
232
730
1060
1217
1099
944
607
146
-220
-475
-547
-436
-370
-204
68
246
587
912
1054
1262
1416
1389
1138
1043
939
939
977
948
952
878
806
869
982
1021
853
736
665
433
234
52
-110
-47
75
156
238
357
475
448
386
434
554
386
-61
-528
-888
-995
-862
