-5088
-4919
-4746
-4431
-4315
-4309
-4331
-4428
-4705
-4981
-5088
-5121
-5259
-5458
-5345
-5048
-4774
-4606
-4460
-4277
-3983
-3865
-3975
-4123
-4279
-4516
-5044
-5862
-6821
-7903
-8652
-9202
-9288
-9041
-8766
-8150
-7279
-6391
-5556
-4996
-4411
-3966
-4038
-4548
-5362
-6137
-6590
-7105
-7524
-7407
-6923
-6482
-5569
-4353
-3365
-2567
-1979
-1459
-1483
-1770
-2192
-2789
-3603
-4352
-4772
-5027
-5215
-4964
-4421
-3659
-2892
-2418
-2093
-1876
-1816
-2232
-2997
-3883
-4752
-5244
-5241
-4930
-4181
-3061
-1794
-930
-805
-1416
-2795
-4543
-6366
-8245
-9979
-11217
-11757
-11714
-10721
-9249
-7788
-6494
-5413
-4920
-5273
-6201
-7420
-9005
-10732
-12442
-13582
-13657
-12579
-10718
-8366
-5779
-3321
-1167
310
921
659
18
-992
-2434
-4051
-5540
-6426
-6128
-4823
-2591
232
3258
5709
7377
7986
7706
6512
4250
1420
-1425
-4076
-6300
-7809
-8101
-7420
-5893
-3590
-1414
442
1709
2325
1974
584
-1411
-3704
-6155
-8500
-10236
-11136
-11106
-10375
-9066
-7257
-5609
-4328
-3439
-3152
-3284
-4151
-5583
-7456
-9497
-11337
-12568
-13272
-13522
-13113
-12200
-10622
-8792
-7349
-6376
-5799
-5688
-6106
-6760
-7798
-9133
-10449
-11509
-12128
-12580
-12547
-12157
-11274
-10089
-8936
-7666
-6694
-6002
-5432
-5091
-4906
-5036
-5107
-4832
-4560
-4165
-3770
-3171
-2473
-1880
-1429
-1001
-739
-622
-851
-1134
-1451
-1636
-1723
-1761
-1936
-2012
-2006
-1835
-1689
-1497
-1344
-1464
-1676
-1970
-2286
-2592
-2902
-3122
-3516
-4286
-5127
-5811
-6199
-6450
-6562
-6298
-5909
-5528
-4974
-4193
-3466
-2877
-2595
-2582
-2855
-3600
-4433
-5214
-6005
-6887
-7675
-8290
-8533
-8205
-7568
-6808
-5917
-5137
-4600
-4298
-4190
-4211
-4404
-4920
-5589
-6026
-6208
-6156
-6035
-5674
-4941
-3916
-2984
-2234
-1393
-743
-224
215
546
812
851
739
414
-291
-1160
-2115
-3388
-4565
-5294
-5273
-4207
-2510
-529
1486
3068
4160
4581
4500
3622
2168
295
-1663
-3189
-4029
-4019
-3397
-2053
-146
1926
3722
5209
6104
6116
5444
4280
2650
1058
-238
-1243
-1726
-1373
-196
1519
3601
5586
6861
7640
8084
8202
8151
8180
8192
8116
8048
7892
7533
6859
5980
5067
3937
2722
1467
347
-460
-901
-787
-105
891
2024
3001
3759
4277
4491
4340
3680
2779
1806
501
-688
-1478
-2078
-2454
-2458
-2133
-1539
-824
-195
181
279
117
-493
-1283
-2124
-2992
-3833
-4473
-4911
-5270
-5175
-4827
-4648
-4539
-4420
-4385
-4370
-4555
-4694
-4794
-4965
-5173
-5301
-5388
-5368
-5171
-4951
-4630
-4265
-4164
-4073
-3907
-4166
-4522
-4701
-4732
-4648
-4601
-4430
-4262
-3859
-3220
-2609
-2071
-1591
-1269
-1071
-1055
-1161
-1216
-1595
-2014
-2354
-2603
-2789
-2972
-2942
-2834
-2536
-2266
-2202
-2032
-1545
-1109
-896
-1026
-1371
-1863
-2780
-3834
-4974
-6226
-7524
-8686
-9555
-10008
-10148
-9801
-9167
-8374
-7296
-6119
-5240
-4713
-4731
-4911
-5263
-6044
-7245
-8334
-9057
-9646
-10196
-10145
-9653
-9121
-8508
-7547
-6478
-5662
-5450
-5627
-5820
-6199
-6695
-7208
-7667
-7951
-8336
-8751
-8629
-7992
-7256
-6663
-6065
-5234
-4510
-3964
-3611
-3482
-3384
-3212
-2920
-2625
-2478
-2411
-2124
-1739
-1151
-623
-499
-342
-206
-196
-287
-449
-591
-748
-853
-967
-1045
-1070
-1103
-1103
-1037
-783
-554
-573
-866
-1175
-1343
-1590
-2035
-2417
-2618
-2505
-2453
-2500
-2322
-2029
-1951
-2030
-1948
-1832
-1740
-1741
-2211
-3001
-3563
-3677
-3315
-2434
-1131
128
1085
1481
1224
360
-800
-2195
-3790
-5360
-6639
-7416
-7712
-7365
-6373
-5102
-3840
-2569
-1742
-1366
-1556
-2087
-3060
-4582
-6135
-7493
-8504
-8875
-8782
-8276
-7304
-5977
-4734
-3573
-2650
-2186
-2245
-2584
-3236
-4297
-5437
-6605
-7601
-8343
-8569
-8109
-7335
-6413
-5346
-4398
-3834
-3404
-2940
-2826
-3084
-3738
-4584
-5406
-6063
-6420
-6609
-6650
-6511
-6112
-5481
-4854
-4409
-4178
-4172
-4355
-4597
-4892
-5425
-5784
-5954
-6164
-6211
-6138
-5990
-5580
-5177
-5056
-5090
-5097
-5185
-5351
-5683
-6041
-6295
-6470
-6514
-6623
-6649
-6351
-5964
-5717
-5332
-4978
-4750
-4524
-4485
-4655
-4947
-5221
-5596
-6350
-7297
-8435
-9418
-10033
-10572
-10822
-10802
-10418
-9629
-8727
-7825
-6974
-6019
-5510
-5390
-5429
-5826
-6472
-7236
-8149
-8956
-9359
-9316
-9066
-8665
-8036
-6992
-5762
-4735
-3985
-3557
-3343
-3460
-3826
-4065
-4507
-5134
-5526
-5740
-5679
-5381
-4706
-3975
-3317
-2608
-1963
-1542
-1221
-900
-840
-881
-952
-1125
-1050
-920
-634
-463
-255
116
476
750
1015
1354
1439
1430
1461
1488
1516
1582
1565
1448
1222
1061
1024
1038
1211
1278
1189
916
632
428
277
143
-21
-220
-257
-331
-301
-216
-34
310
719
972
888
589
312
-203
-788
-1240
-1272
-819
104
1569
3120
4330
5036
5213
4657
3712
2659
1402
-114
-1507
-2410
-2659
-2460
-1937
-763
635
1797
2833
3590
3701
3094
2165
917
-361
-1573
-2594
-3389
-3712
-3416
-2677
-1749
-634
398
1182
1772
1962
1792
1228
401
-640
-1834
-2854
-3663
-3933
-3722
-3280
-2682
-1796
-911
-300
121
201
10
-330
-855
-1466
-2399
-3270
-3739
-3921
-4152
-4125
-3539
-2860
-2347
-1943
-1645
-1421
-1472
-1635
-2025
-2490
-2903
-3247
-3521
-3581
-3445
-3346
-3117
-2769
-2460
-2119
-1978
-2127
-2308
-2374
-2562
-2759
-2938
-3081
-3252
-3257
-3231
-3229
-2932
-2590
-2501
-2482
-2319
-1960
-1827
-1866
-2193
-2832
-3594
-4285
-5140
-6047
-6721
-7353
-7829
-7878
-7662
-7343
-6599
-5623
-4677
-3923
-3339
-3076
-3027
-3313
-4038
-4782
-5574
-6309
-6967
-7310
-7291
-7159
-6560
-5403
-4429
-3633
-2947
-2526
-2247
-2318
-2554
-2924
-3539
-4284
-4907
-5132
-5144
-4892
-4409
-3786
-3147
-2524
-1923
-1414
-1138
-880
-797
-918
-973
-1144
-1344
-1394
-1319
-1123
-817
-473
-141
87
407
825
988
1040
995
940
1034
1039
806
695
787
730
733
830
925
928
704
401
126
-62
-143
-122
-328
-663
-686
-529
-519
-640
-702
-586
-258
-301
-396
-444
-836
-1275
-1817
-2325
-2626
-2438
-1652
-483
931
2475
3576
3938
3736
3031
1820
513
-926
-2470
-3667
-4272
-4201
-3772
-2803
-1591
-284
877
1550
1721
1436
888
-188
-1525
-3042
-4381
-5384
-5885
-5809
-5080
-4252
-3123
-1782
-843
-219
95
-3
-589
-1481
-2421
-3528
-4525
-5271
-5822
-5773
-5300
-4871
-4072
-3073
-2304
-1678
-1327
-1328
-1633
-2353
-3206
-3967
-4523
-4985
-5416
-5811
-5949
-5671
-5119
-4413
-3843
-3392
-3148
-3176
-3321
-3767
-4358
-4695
-4756
-4842
-4993
-4905
-4629
-4508
-4388
-4143
-3950
-3774
-3594
-3540
-3657
-3835
-4263
-4650
-4773
-4636
-4460
-4452
-4406
-4198
-3968
-3905
-3892
-3578
-3231
-3203
-3271
-3417
-3732
-4305
-5219
-6282
-7120
-7762
-8633
-9141
-9095
-8939
-8648
-8126
-7384
-6500
-5621
-4864
-4455
-4375
-4484
-4919
-5704
-6691
-7496
-8126
-8509
-8522
-8162
-7552
-6736
-5732
-4830
-3907
-3157
-2837
-3039
-3148
-3377
-3963
-4547
-5033
-5291
-5346
-5370
-5125
-4494
-3800
-2973
-2226
-1593
-1155
-869
-718
-768
-947
-1107
-1070
-1060
-1072
-1055
-760
-470
-253
220
593
822
1153
1475
1607
1551
1423
1319
1240
1245
1383
1328
1204
1310
1325
1284
1282
1298
1351
1164
904
604
376
379
481
425
243
242
475
622
719
782
656
479
358
62
-511
-1091
-1410
-1446
-953
-112
1313
2838
3930
4496
4397
3982
3178
2078
732
-628
-1761
-2396
-2673
-2371
-1552
-495
610
1895
2894
3229
3069
2462
1416
179
-1076
-2269
-3062
-3574
-3766
-3418
-2641
-1568
-231
825
1399
1832
1788
1414
792
4
-1023
-2127
-3003
-3272
-3281
-3001
-2370
-1751
-906
-46
514
1037
1175
983
456
-211
-926
-1740
-2536
-3108
-3275
-3220
-2851
-2416
-1980
-1421
-888
-631
-584
-653
-869
-1228
-1882
-2370
-2697
-2678
-2758
-2812
-2736
-2591
-2385
-1903
-1624
-1523
-1508
-1621
-1710
-2007
-2300
-2739
-2917
-2804
-2751
-2752
-2632
-2279
-2023
-2124
-2065
-1978
-1808
-1757
-1873
-2378
-2896
-3383
-3925
-4902
-5988
-6765
-7187
-7473
-7486
-7208
-6617
-5869
-5085
-4243
-3348
-2798
-2591
-2723
-3072
-3659
-4681
-5521
-6082
-6441
-6502
-6342
-5936
-5167
-4177
-3257
-2530
-1931
-1609
-1283
-1360
-1802
-2385
-3023
-3633
-3922
-3850
-3676
-3400
-2910
-2347
-1801
-1217
-656
-52
306
487
578
522
311
69
-166
-215
-84
95
460
806
1069
1314
1774
2231
2362
2422
2317
2075
1926
1756
1664
1656
1560
1553
1563
1525
1649
1727
1672
1378
1086
881
617
416
407
288
245
346
302
311
371
509
421
411
611
514
205
-99
-593
-1061
-1142
-535
755
2341
3747
5037
5766
5680
4954
3823
2273
704
-774
-2280
-3260
-3698
-3676
-2877
-1610
55
1734
2737
3395
3460
3140
2471
1289
-288
-2001
-3444
-4493
-4859
-4486
-3623
-2529
-1290
-281
453
1087
1394
1185
424
-639
-1594
-2576
-3397
-4207
-4612
-4638
-4425
-3696
-2716
-1825
-1217
-695
-359
-152
-515
-1173
-1910
-2810
-3650
-4430
-4784
-4807
-4593
-4151
-3751
-3282
-2603
-2084
-2025
-2165
-2550
-2986
-3417
-3738
-3753
-3769
-3755
-3715
-3579
-3261
-2930
-2587
-2198
-1924
-1802
-1837
-2165
-2581
-2817
-2977
-3047
-2948
-2908
-2784
-2543
-2509
-2405
-2193
-1985
-1860
-1730
-1711
-1710
-1709
-2180
-3008
-3919
-4851
-5896
-6692
-7145
-7556
-7651
-7345
-6789
-5958
-5071
-4166
-3307
-2731
-2363
-2353
-2700
-3345
-4092
-5059
-6051
-6597
-6939
-6992
-6557
-5718
-4613
-3652
-2848
-2260
-1879
-1705
-1672
-1929
-2466
-2909
-3490
-4048
-4344
-4296
-4015
-3487
-2873
-2333
-1934
-1339
-704
-301
-41
162
136
28
-92
-69
-214
-382
-267
50
417
803
1099
1518
1908
1982
2064
2131
2157
2274
2404
2192
2055
1947
1921
1883
1869
1919
1983
1763
1705
1713
1620
1483
1302
1042
851
843
909
967
1098
1212
1207
1240
1314
1395
1380
1085
559
-10
-599
-901
-777
-202
968
2274
3629
4634
4933
4665
3935
2829
1547
228
-1163
-2235
-2439
-2341
-1910
-994
311
1838
2877
3458
3705
3501
2704
1591
302
-1184
-2493
-3297
-3630
-3553
-2846
-1870
-881
85
1014
1670
1937
1974
1652
1026
-50
-1175
-2095
-2829
-3167
-3176
-2799
-2267
-1345
-248
480
1004
1410
1285
949
503
-163
-900
-1705
-2363
-2828
-2908
-2688
-2391
-1814
-1255
-851
-516
-214
-63
-310
-627
-1003
-1402
-1749
-2054
-2195
-2163
-2016
-1903
-1614
-1217
-1060
-916
-719
-659
-845
-1224
-1507
-1728
-1904
-1998
-2193
-2183
-1845
-1590
-1452
-1352
-1240
-1224
-1132
-1035
-1035
-1142
-1475
-2090
-2796
-3544
-4454
-5407
-6280
-6762
-6957
-6882
-6444
-5694
-4756
-3917
-3126
-2472
-2048
-1830
-2129
-2660
-3296
-3992
-4777
-5468
-5873
-5824
-5459
-4821
-3977
-3168
-2238
-1428
-915
-549
-255
-283
-769
-1465
-2029
-2414
-2664
-2694
-2614
-2199
-1618
-1018
-297
568
1132
1621
1917
1761
1760
1839
1691
1392
1354
1430
1416
1640
1906
2071
2420
2737
3168
3532
3609
3530
3560
3548
3440
3313
3144
3082
3187
3230
3186
3061
3037
3089
3047
2909
2611
2335
2255
2154
1927
1753
1681
1712
1780
1982
2204
2349
2432
2402
2256
2091
1761
1293
705
294
385
1042
2111
3521
4884
5999
6598
6452
5758
4831
3635
2237
879
-214
-1121
-1445
-1157
-423
814
2210
3570
4541
4952
4809
4196
3249
1968
725
-593
-1776
-2477
-2632
-2208
-1361
-368
836
1833
2484
2815
2851
2594
1958
1098
-21
-1221
-2019
-2584
-2787
-2435
-1833
-1178
-489
361
1075
1530
1524
1343
1023
468
-354
-1305
-2042
-2522
-2678
-2675
-2580
-2287
-1726
-1218
-925
-772
-698
-742
-987
-1384
-1889
-2275
-2398
-2368
-2336
-2373
-2157
-1937
-1618
-1173
-939
-895
-988
-1062
-1178
-1419
-1684
-1888
-2134
-2221
-2155
-2162
-1946
-1666
-1501
-1405
-1350
-1148
-974
-923
-1059
-1429
-1859
-2377
-3199
-4241
-5320
-6112
-6667
-6896
-6843
-6563
-5878
-5139
-4359
-3346
-2460
-2057
-1872
-1931
-2394
-3051
-3740
-4586
-5373
-5965
-6267
-6123
-5874
-5194
-4211
-3076
-2144
-1544
-1121
-976
-1069
-1494
-2088
-2581
-3025
-3461
-3708
-3679
-3417
-2861
-2140
-1645
-1271
-743
-136
346
615
708
598
396
213
12
-25
114
347
548
815
1219
1559
1866
2273
2542
2450
2391
2310
2169
1936
1772
1906
2050
2044
2171
2229
2044
1872
1851
1805
1694
1483
1329
1330
1116
925
881
959
990
1026
1027
1179
1405
1513
1456
1444
1158
426
-224
-773
-880
-426
604
1919
3424
4648
5390
5620
5011
3968
2685
1369
157
-1019
-1983
-2408
-2234
-1484
-312
955
2284
3248
3792
3802
3480
2731
1778
506
-871
-2032
-2799
-3187
-3008
-2390
-1420
-447
526
1568
2186
2356
2019
1306
434
-567
-1667
-2529
-3074
-3283
-3009
-2458
-1794
-1097
-138
584
942
1080
1059
730
190
-471
-1251
-1831
-2308
-2738
-3024
-2915
-2432
-1868
-1330
-870
-513
-370
-543
-562
-787
-1217
-1554
-1971
-2299
-2198
-1990
-1983
-1720
-1156
-715
-529
-519
-595
-681
-695
-871
-1101
-1306
-1501
-1721
-1906
-1688
-1369
-1050
-853
-715
-662
-547
-421
-424
-469
-662
-1001
-1446
-2237
-3289
-4329
-5202
-5842
-6189
-6278
-6006
-5480
-4696
-3756
-3006
-2231
-1577
-1267
-1120
-1347
-1915
-2694
-3603
-4508
-5010
-5013
-4863
-4512
-3890
-3075
-2322
-1606
-890
-185
131
102
-210
-626
-1095
-1547
-1815
-1895
-1820
-1743
-1491
-835
-59
595
1166
1736
2038
2176
2318
2429
2412
2251
2132
2094
2011
2077
2243
2525
2837
3318
3745
3933
4050
4148
4035
3942
3947
3984
3820
3523
3512
3693
3701
3707
3695
3579
3604
3432
3100
3099
3029
2831
2661
2547
2625
2587
2534
2481
2596
2836
2991
2901
2939
2860
2533
2029
1583
1171
914
1091
1860
3223
4691
5897
6723
7121
6946
6146
4973
3634
2195
828
-190
-836
-905
-329
604
1654
2980
4249
5058
5308
5133
4582
3526
2127
696
-504
-1355
-1814
-1678
-1078
-73
944
1817
2646
3369
3688
3381
2984
2313
1427
506
-321
-1129
-1628
-1687
-1339
-641
35
815
1555
2211
2602
2579
2163
1593
946
246
-587
-1270
-1562
-1722
-1496
-1133
-815
-302
325
640
729
613
533
307
-173
-643
-911
-1067
-1197
-1244
-1145
-830
-524
-252
65
316
329
142
58
-113
-494
-699
-700
-673
-740
-863
-771
-455
-197
-128
-119
33
208
328
318
130
-255
-826
-1525
-2149
-3050
-3852
-4430
-5072
-5493
-5401
-5020
-4247
-3324
-2605
-1767
-1142
-813
-617
-692
-967
-1795
-2798
-3765
-4320
-4607
-4855
-4602
-3907
-3002
-2041
-1171
-575
-77
284
522
366
-139
-622
-962
-1402
-1906
-2254
-2002
-1309
-832
-277
371
1027
1530
1593
1646
1789
1718
1348
848
609
830
1108
1354
1685
2177
2522
2640
2613
2077
1371
738
350
195
273
333
799
1673
2596
3316
3538
3646
3453
2899
2063
1139
417
-22
-264
-133
523
1631
3005
4261
5321
6034
6338
6375
5953
5231
4373
3656
2858
2216
1886
1977
2491
3434
4943
6671
8156
9218
9723
9715
8960
7615
6006
4082
2446
1160
293
31
270
980
2136
3397
4613
5394
5614
5343
4599
3677
2315
838
-466
-1341
-2285
-2820
-2595
-1865
-945
157
1156
1856
2225
2306
1996
1406
425
-638
-1804
-2722
-3167
-3498
-3645
-3523
-2999
-2177
-1242
-329
99
343
353
-47
-522
-1113
-1845
-2544
-3015
-3299
-3135
-2713
-2232
-1515
-730
-132
234
620
922
877
669
258
-296
-541
-497
-365
-212
46
619
1048
1330
1482
1517
1579
1432
1312
1071
846
553
235
228
236
279
291
529
604
594
511
532
590
556
505
373
196
-241
-916
-1579
-2540
-3547
-4466
-5159
-5522
-5563
-5447
-5016
-4297
-3421
-2654
-2132
-1713
-1467
-1604
-1992
-2616
-3422
-4374
-5309
-5774
-5750
-5504
-5135
-4688
-3843
-2816
-1943
-1350
-1072
-1114
-1429
-1862
-2330
-2972
-3655
-4153
-4401
-4285
-4083
-3748
-3181
-2404
-1827
-1346
-725
-320
-17
-89
-421
-685
-1150
-1740
-2190
-2456
-2580
-2274
-1496
-647
62
586
1021
1260
1239
911
532
33
-502
-1205
-1584
-1594
-1423
-1192
-670
-24
420
706
857
648
129
-356
-877
-1702
-2537
-2983
-3220
-3278
-3096
-2656
-2062
-1594
-1294
-1307
-1399
-1714
-2704
-4052
-5280
-5996
-5800
-4896
-3511
-1648
112
1079
1474
1285
413
-880
-2608
-4396
-6199
-7451
-8189
-8351
-7608
-6225
-4524
-2916
-1454
-417
-7
-169
-738
-1917
-3299
-4861
-6293
-7088
-7186
-6852
-5916
-4742
-3480
-2299
-1255
-381
198
239
-241
-1008
-2107
-3213
-4052
-4789
-4965
-4709
-4073
-3232
-2230
-1095
-191
348
717
835
675
292
-312
-1235
-1945
-2430
-2757
-2857
-2625
-2064
-1496
-1029
-447
213
460
394
173
-120
-601
-982
-1486
-1863
-2023
-1795
-1464
-965
-505
-74
96
140
238
180
-42
-253
-534
-835
-1138
-1215
-1142
-1047
-851
-662
-340
75
561
695
797
875
825
747
409
-205
-815
-1557
-2353
-3059
-3447
-3674
-3713
-3473
-2881
-2067
-1178
-83
907
1553
1801
1852
1696
1329
763
119
-574
-1123
-1273
-981
-523
185
1170
2047
2894
3563
3858
4012
3861
3653
3316
2784
2194
1661
1272
1158
1410
1909
2360
2748
3145
3522
3942
4224
4337
4186
3865
3584
3262
3146
2841
2777
2758
2845
2947
3100
3413
3720
3851
3896
3896
3885
3683
3359
3262
3288
3271
3173
2968
2807
2870
2981
2979
2928
2766
2491
2225
2132
2024
1800
1594
1487
1587
1717
1790
1920
1960
1953
1972
1974
2009
2023
1518
656
-212
-722
-709
-250
649
1943
3158
4127
4748
4757
4413
3625
2645
1600
584
-49
-236
-62
417
1145
2174
3259
4279
4992
5024
4687
4271
3440
2268
1161
263
-398
-578
-271
580
1440
2405
3483
4381
4801
4889
4699
4304
3534
2506
1667
1067
644
403
486
858
1502
2345
3245
3970
4427
4678
4542
4131
3596
2976
2345
1650
925
631
775
1086
1472
1826
2189
2655
3000
3113
3079
3034
2675
2104
1592
1108
925
798
800
937
1099
1252
1375
1550
1719
1820
1756
1685
1585
1312
1020
737
712
758
915
1108
1225
1363
1463
1599
1663
1773
1866
1873
2023
1818
1242
642
-102
-1088
-1911
-2484
-2855
-2975
-2904
-2666
-2123
-1273
-456
357
1181
1769
1930
1830
1274
468
-212
-820
-1300
-1682
-1737
-1469
-912
-199
748
1677
2460
3055
3203
3156
2931
2454
1881
1238
764
346
91
221
502
801
1320
1889
2256
2420
2639
2744
2635
2244
1678
1336
1080
825
703
535
539
746
1023
1331
1492
1636
1631
1672
1587
1400
1358
1147
915
784
689
556
458
452
384
270
100
60
51
-156
-491
-806
-920
-1044
-1032
-1168
-1253
-1145
-954
-753
-685
-564
-563
-727
-970
-1366
-1606
-1519
-1391
-965
39
1543
3073
4418
5347
5615
5265
4166
2632
780
-1236
-3030
-4335
-5212
-5505
-5009
-3626
-1702
274
2020
3426
4199
4200
3407
2065
536
-1264
-3048
-4453
-5318
-5574
-5183
-4397
-3119
-1552
-198
872
1315
1300
855
253
-789
-2160
-3349
-4386
-5220
-5636
-5385
-4662
-3765
-2644
-1627
-778
-276
-13
94
-132
-651
-1515
-2594
-3430
-3935
-4212
-4121
-4027
-3752
-3318
-2799
-2234
-1951
-1923
-1914
-1827
-2075
-2467
-2750
-2913
-2688
-2443
-2191
-1790
-1349
-940
-669
-600
-478
-207
-159
-432
-897
-1136
-1087
-925
-606
-461
-360
-75
378
668
745
913
1173
1384
1413
1086
843
567
-40
-814
-1649
-2498
-3259
-3756
-3814
-3659
-3275
-2589
-1762
-806
181
921
1288
1340
1156
744
115
-606
-1428
-2170
-2570
-2717
-2669
-2279
-1603
-618
363
1084
1683
1909
1848
1550
1070
383
-529
-1037
-1404
-1685
-1871
-1653
-1072
-677
-207
244
615
901
1095
977
811
668
253
-56
-300
-351
-304
-47
139
272
477
688
931
1028
1127
1083
1233
1330
1136
1011
1000
1056
1152
1201
1241
1160
1116
1281
1189
1063
989
787
623
386
170
95
32
95
84
179
384
554
601
740
729
795
680
27
-591
-915
-1101
-983
