-5329
-4842
-4551
-4010
-3642
-3791
-4098
-4400
-4529
-4586
-4716
-4936
-5036
-4970
-4916
-4827
-4416
-4025
-3951
-3802
-3686
-3690
-3548
-3434
-3615
-3987
-4829
-5832
-6713
-7535
-8174
-8653
-8867
-8700
-8403
-8013
-7258
-6256
-5223
-4517
-3830
-3572
-3742
-4043
-4591
-5465
-6363
-6986
-7297
-7425
-7144
-6516
-5492
-4468
-3556
-2876
-2149
-1723
-1676
-1729
-1985
-2577
-3296
-3972
-4533
-5079
-5230
-4856
-4414
-3835
-3193
-2607
-2201
-2137
-2253
-2546
-3082
-3818
-4655
-5156
-5354
-5189
-4450
-3263
-1972
-980
-816
-1494
-2713
-4416
-6356
-8219
-10014
-11358
-12123
-12059
-11005
-9297
-7518
-5924
-4824
-4364
-4642
-5845
-7348
-8998
-10848
-12359
-13155
-13088
-12322
-10723
-8393
-5650
-3198
-1161
311
1054
1011
468
-620
-2056
-3732
-5358
-6429
-6580
-5712
-3805
-1126
1813
4574
6528
7448
7361
6299
4437
2116
-395
-3049
-5296
-6862
-7480
-7060
-5618
-3545
-1514
189
1405
1795
1509
383
-1437
-3560
-5813
-8012
-9644
-10590
-10651
-10109
-9033
-7654
-6035
-4408
-3377
-3034
-3480
-4449
-5748
-7305
-8881
-10547
-11920
-12626
-12823
-12441
-11427
-10146
-8619
-7280
-6295
-5620
-5559
-5812
-6373
-7494
-8827
-10180
-11250
-11946
-12292
-12204
-11737
-10683
-9513
-8338
-7154
-6005
-5182
-4737
-4586
-4523
-4643
-4700
-4697
-4597
-4093
-3557
-3042
-2527
-1961
-1554
-1247
-950
-893
-850
-856
-1049
-1305
-1669
-1915
-1925
-1960
-1924
-1815
-1600
-1417
-1436
-1744
-2157
-2347
-2371
-2508
-2736
-3067
-3582
-4208
-4890
-5467
-5939
-6407
-6605
-6468
-6261
-5844
-5029
-4358
-3852
-3364
-2912
-2735
-2962
-3542
-4450
-5327
-6189
-7131
-7846
-8358
-8716
-8399
-7620
-6916
-6279
-5517
-4757
-4109
-3928
-3925
-4193
-4707
-5143
-5778
-6066
-6118
-5912
-5271
-4495
-3632
-2835
-1941
-918
-200
249
688
1175
1351
1292
1236
1041
422
-554
-1693
-2927
-4102
-4850
-4771
-3769
-2097
-324
1495
3108
4284
4960
4851
4004
2578
758
-1153
-3030
-4306
-4496
-3823
-2482
-356
1887
3702
5052
5879
6262
5722
4470
2898
1205
-235
-1471
-1972
-1641
-602
1193
3232
5175
6394
7101
7410
7450
7465
7362
7232
7269
7378
7261
7041
6565
5980
5310
4449
3396
2145
1014
112
-496
-574
-183
531
1565
2775
3754
4494
4955
4780
4247
3357
2351
1103
-198
-1411
-2152
-2378
-2342
-1992
-1289
-400
255
591
773
737
404
-275
-980
-1744
-2670
-3479
-4134
-4590
-4625
-4552
-4370
-4006
-3764
-3732
-3848
-3944
-4024
-4156
-4348
-4581
-4811
-4892
-4903
-4706
-4366
-4075
-3902
-3731
-3653
-3651
-3569
-3623
-4030
-4194
-4170
-4061
-3960
-3749
-3340
-3008
-2663
-2223
-1721
-1156
-678
-411
-437
-752
-1004
-1345
-1861
-2229
-2349
-2426
-2429
-2641
-2658
-2383
-2004
-1592
-1306
-1005
-907
-974
-1253
-1620
-2324
-3447
-4720
-5973
-7181
-8306
-9087
-9506
-9641
-9336
-8810
-8032
-6843
-5610
-4721
-4102
-3954
-4188
-4769
-5653
-6660
-7867
-8891
-9456
-9636
-9512
-9294
-8762
-7892
-6956
-6260
-5750
-5288
-5035
-5176
-5648
-6089
-6570
-7150
-7512
-7720
-7825
-7703
-7278
-6591
-5928
-5271
-4682
-4146
-3763
-3527
-3119
-2720
-2667
-2589
-2465
-2161
-1898
-1661
-1312
-871
-515
-223
55
291
288
200
-20
-260
-496
-689
-803
-861
-865
-933
-1003
-942
-916
-816
-719
-887
-1193
-1431
-1401
-1576
-1966
-2409
-2508
-2448
-2273
-2106
-2086
-1867
-1750
-1651
-1501
-1463
-1724
-2241
-2973
-3595
-3782
-3295
-2285
-1059
-35
786
1375
1325
654
-653
-2052
-3487
-5064
-6357
-7222
-7614
-7381
-6480
-5125
-3698
-2411
-1323
-770
-846
-1428
-2399
-3709
-5175
-6664
-8088
-8833
-8858
-8355
-7499
-6409
-5097
-3876
-2807
-2138
-1961
-2363
-3051
-3895
-5014
-6098
-7231
-8129
-8409
-8110
-7436
-6457
-5466
-4597
-3550
-2775
-2596
-2700
-3003
-3498
-4225
-5079
-5764
-6273
-6532
-6517
-6368
-6025
-5488
-4871
-4238
-3968
-3850
-3950
-4557
-5028
-5223
-5478
-6058
-6539
-6666
-6464
-6073
-5711
-5269
-4999
-5006
-5149
-5126
-5155
-5495
-5892
-6187
-6303
-6470
-6535
-6514
-6264
-5930
-5787
-5468
-5192
-5032
-4707
-4468
-4472
-4659
-5206
-5791
-6466
-7281
-8315
-9414
-10227
-10728
-10968
-10901
-10567
-9886
-8863
-7768
-6922
-6222
-5678
-5421
-5557
-6024
-6782
-7581
-8460
-9067
-9413
-9619
-9457
-9040
-8194
-6957
-5900
-4968
-4109
-3633
-3383
-3335
-3568
-4047
-4733
-5466
-5878
-6080
-6007
-5655
-5058
-4364
-3662
-2975
-2205
-1610
-1214
-894
-939
-967
-1063
-1210
-1283
-1274
-1102
-981
-704
-385
-82
319
651
869
1163
1178
1117
1187
1259
1188
1056
806
760
873
904
757
689
713
724
465
243
203
45
-248
-549
-516
-310
-269
-356
-232
33
250
321
318
275
108
12
-274
-940
-1579
-1811
-1353
-344
869
2407
3766
4611
4870
4685
3953
2690
1326
-98
-1449
-2549
-3286
-3470
-2901
-1552
-99
1182
2336
3089
3328
3088
2411
1238
-303
-1796
-2996
-3776
-4104
-3886
-3179
-2171
-1160
-199
680
1381
1587
1180
600
-45
-1030
-2105
-3176
-4053
-4420
-4230
-3774
-3053
-2246
-1527
-909
-463
-148
-153
-514
-1113
-1734
-2445
-3317
-4095
-4316
-4412
-4298
-3746
-3336
-2917
-2464
-2105
-1815
-1748
-1966
-2389
-2852
-3204
-3472
-3885
-3911
-3735
-3577
-3326
-2996
-2606
-2399
-2208
-2247
-2432
-2720
-2937
-3084
-3304
-3640
-3669
-3596
-3547
-3298
-3097
-2908
-2889
-2760
-2388
-2217
-2103
-2280
-2665
-2989
-3430
-4121
-5263
-6359
-7113
-7711
-8148
-8186
-8054
-7631
-6854
-5962
-5083
-4178
-3382
-3106
-3301
-3756
-4537
-5445
-6297
-7004
-7568
-7916
-7889
-7377
-6741
-5790
-4855
-3942
-3089
-2520
-2306
-2420
-2852
-3360
-3942
-4598
-5065
-5334
-5464
-5328
-4902
-4343
-3653
-2863
-2184
-1652
-1166
-763
-680
-768
-1138
-1482
-1583
-1605
-1633
-1508
-1277
-870
-451
-194
224
679
842
879
1030
1112
1036
874
761
610
563
694
760
672
509
454
591
536
244
-23
-322
-464
-645
-918
-926
-930
-879
-784
-678
-509
-508
-557
-629
-613
-655
-1185
-1858
-2385
-2602
-2410
-1782
-696
870
2358
3340
3735
3671
3059
1808
228
-1251
-2570
-3788
-4660
-4812
-4276
-3388
-2095
-514
658
1454
1887
1642
868
-206
-1559
-3012
-4353
-5445
-6058
-6013
-5572
-4719
-3549
-2371
-1308
-535
-46
-49
-594
-1551
-2713
-3800
-4740
-5572
-6148
-6284
-5950
-5168
-4291
-3255
-2362
-1783
-1435
-1427
-1701
-2361
-3241
-3950
-4490
-5251
-5921
-6283
-6065
-5634
-5120
-4602
-4125
-3718
-3326
-3204
-3412
-3657
-3988
-4439
-4759
-5059
-5351
-5378
-5218
-5034
-4936
-4598
-4126
-3897
-3814
-3657
-3730
-4109
-4525
-4755
-4907
-4976
-5066
-5048
-4876
-4613
-4232
-3950
-3928
-4004
-3870
-3576
-3626
-3903
-4232
-4782
-5496
-6320
-7142
-7928
-8918
-9567
-9769
-9529
-8983
-8405
-7506
-6479
-5527
-4716
-4299
-4325
-4635
-5333
-6217
-7099
-7903
-8653
-9126
-9211
-8720
-8023
-7260
-6216
-5070
-4157
-3515
-3058
-2988
-3476
-3924
-4310
-4669
-5225
-5565
-5485
-5342
-5138
-4709
-4091
-3295
-2468
-1795
-1375
-945
-869
-946
-922
-937
-1053
-1141
-1081
-1018
-1012
-927
-595
-243
150
636
992
1195
1336
1321
1142
1038
997
996
967
977
995
847
753
848
960
952
737
455
312
75
-206
-237
-92
-13
4
-10
-5
86
236
364
397
332
247
-174
-896
-1788
-2490
-2817
-2606
-1686
-457
872
2144
2985
3262
2763
1976
973
-328
-1457
-2430
-3020
-3172
-2887
-2127
-1093
274
1532
2303
2554
2563
2066
1178
-3
-1428
-2681
-3562
-4041
-4037
-3557
-2860
-1629
-345
704
1477
1818
1981
1738
1030
56
-984
-1867
-2580
-3089
-3338
-3074
-2363
-1524
-450
477
942
1088
1238
1209
805
125
-612
-1344
-2034
-2684
-3005
-3021
-2704
-2027
-1422
-896
-356
-141
-75
-259
-566
-787
-1433
-1983
-2486
-2870
-2955
-2922
-2934
-2838
-2542
-2211
-1955
-1805
-1909
-1966
-2037
-2433
-2705
-2861
-3032
-3283
-3414
-3247
-2994
-2802
-2591
-2341
-2327
-2325
-2320
-2405
-2463
-2712
-3084
-3621
-4420
-5273
-6192
-7104
-7723
-8040
-7949
-7532
-7059
-6344
-5379
-4455
-3621
-2997
-2787
-2825
-3151
-3686
-4472
-5437
-6250
-6712
-6903
-6841
-6217
-5260
-4241
-3296
-2588
-1846
-1297
-1092
-1029
-1264
-1600
-2052
-2533
-2909
-3194
-3279
-3048
-2479
-1730
-916
-127
493
904
1252
1396
1413
1398
1279
1048
638
405
432
648
1003
1499
1950
2153
2367
2580
2865
3060
2938
2701
2659
2581
2400
2252
2257
2185
2121
2132
2087
2100
1989
1872
1778
1556
1252
1118
883
661
670
630
675
884
1056
1040
989
1063
1179
1181
1108
886
485
357
554
1285
2517
3996
5441
6550
7071
6896
6141
4881
3228
1309
-513
-2009
-3083
-3596
-3451
-2524
-1040
890
2812
4409
5234
5335
4880
3951
2606
836
-831
-2185
-3337
-4021
-4136
-3578
-2591
-1370
-96
1006
1840
2106
2004
1336
223
-936
-2131
-3406
-4387
-4954
-5101
-4863
-4009
-3058
-2107
-1123
-343
66
104
-117
-738
-1549
-2253
-3051
-3562
-3952
-4345
-4495
-4477
-4243
-3679
-3228
-2983
-2686
-2467
-2601
-2837
-3129
-3477
-3685
-3686
-3812
-3632
-3258
-2861
-2477
-2152
-1893
-1716
-1579
-1714
-1970
-2337
-2621
-2641
-2714
-2858
-2980
-2770
-2412
-1934
-1748
-1571
-1365
-1254
-1254
-1153
-1107
-1379
-1811
-2456
-3288
-4370
-5409
-6288
-6852
-7139
-7039
-6809
-6365
-5716
-5082
-4286
-3308
-2490
-2106
-2043
-2493
-3237
-4153
-5038
-5688
-6393
-7027
-7218
-6852
-5942
-5148
-4371
-3597
-2844
-2210
-1790
-1828
-2065
-2564
-3306
-4120
-4680
-4877
-4876
-4749
-4361
-3757
-2997
-2196
-1457
-806
-354
-201
38
22
-252
-297
-460
-620
-563
-402
-137
286
571
840
1273
1706
2003
2230
2416
2623
2446
2123
1993
1898
1871
1926
1999
2096
2174
2118
1973
1940
1871
1656
1507
1388
1348
1291
1109
1070
1151
1132
1081
1332
1766
1801
1609
1597
1558
1276
643
-249
-855
-1069
-669
331
1597
2701
3682
4325
4289
3561
2410
1191
-51
-1453
-2600
-3132
-3170
-2545
-1451
-59
1427
2773
3661
3931
3597
2848
1699
315
-1082
-2481
-3607
-4275
-4314
-3661
-2589
-1293
30
1058
1762
2323
2403
2070
1273
345
-825
-1849
-2402
-2861
-2966
-2716
-2237
-1357
-235
682
1208
1535
1708
1571
1035
442
-221
-1124
-1844
-2212
-2383
-2255
-1859
-1456
-1127
-749
-336
175
539
431
68
-426
-844
-1145
-1461
-1798
-1779
-1644
-1558
-1263
-963
-796
-798
-800
-703
-793
-1327
-1808
-2095
-2266
-2301
-2385
-2347
-2163
-1937
-1732
-1590
-1466
-1330
-1059
-1106
-1208
-1451
-1887
-2409
-3176
-4012
-4841
-5715
-6537
-7050
-7171
-7078
-6765
-6032
-4990
-4037
-3175
-2581
-2326
-2171
-2326
-2769
-3607
-4409
-5077
-5711
-6130
-6290
-6068
-5449
-4528
-3362
-2292
-1290
-689
-248
-134
-325
-573
-1075
-1592
-1962
-2311
-2535
-2451
-2198
-1753
-1075
-195
615
1277
1621
1948
2261
2304
2121
1926
1820
1659
1618
1611
1847
2183
2539
2971
3265
3383
3550
3610
3794
3835
3721
3689
3622
3494
3404
3444
3433
3323
3143
3127
3111
3153
2981
2722
2554
2513
2438
2202
1904
1848
1977
2167
2226
2240
2326
2333
2245
2245
2176
1820
1241
649
239
247
948
2065
3310
4591
5669
6315
6288
5756
4827
3644
2277
991
-218
-1129
-1421
-1219
-452
763
1971
3182
4386
4971
4927
4491
3738
2677
1255
-173
-1160
-1776
-2226
-2126
-1307
-85
993
1864
2700
3304
3569
3136
2309
1456
430
-607
-1428
-1939
-2210
-2178
-1643
-943
-68
922
1446
1703
1866
1939
1566
990
285
-440
-1172
-1808
-2238
-2492
-2133
-1550
-1082
-761
-516
-348
-182
-208
-254
-276
-786
-1442
-1901
-2116
-2107
-1990
-1867
-1672
-1321
-1079
-725
-501
-500
-721
-814
-941
-1250
-1608
-1816
-1949
-1888
-1663
-1328
-1123
-1014
-809
-753
-620
-366
-372
-515
-701
-1038
-1614
-2375
-3327
-4351
-5212
-5781
-6050
-6178
-5858
-5219
-4505
-3652
-2807
-2008
-1400
-1053
-1430
-1863
-2364
-2993
-3764
-4644
-5315
-5556
-5403
-4896
-4136
-3189
-2305
-1555
-754
-120
-11
-161
-335
-872
-1500
-2016
-2488
-2710
-2685
-2527
-2010
-1276
-683
41
693
1127
1402
1603
1859
1684
1404
1240
1202
1248
1284
1092
1306
1876
2332
2628
2978
3340
3485
3340
3242
3254
3262
3266
3204
3080
2903
2819
2681
2784
2826
2811
2919
2904
2675
2409
2318
2223
1993
1698
1667
1759
1911
1975
2139
2225
2196
2292
2367
2324
2076
1606
1120
540
352
541
1234
2497
3944
5305
6114
6310
5907
5074
3966
2671
1297
90
-757
-1365
-1538
-1063
-102
1342
2735
3856
4508
4749
4431
3559
2443
1269
-87
-1413
-2340
-2739
-2380
-1656
-714
433
1394
2033
2520
2798
2682
2268
1538
450
-731
-1733
-2457
-2855
-2718
-2384
-1599
-711
261
1172
1562
1731
1632
1380
997
323
-535
-1489
-2189
-2403
-2402
-2133
-1714
-1334
-866
-343
-22
6
5
-134
-543
-906
-1285
-1541
-1715
-1869
-1997
-1809
-1322
-843
-578
-425
-275
-473
-677
-699
-828
-1041
-1203
-1463
-1609
-1625
-1566
-1424
-1119
-910
-878
-775
-591
-356
-198
-111
-447
-979
-1523
-2245
-3282
-4303
-5086
-5725
-6346
-6418
-6190
-5589
-4694
-3893
-3125
-2359
-1802
-1453
-1400
-1715
-2132
-2899
-3792
-4466
-5105
-5574
-5389
-4915
-4268
-3488
-2656
-1690
-936
-289
8
-10
-120
-470
-901
-1510
-2109
-2375
-2215
-2029
-1910
-1413
-847
-94
723
1316
1699
1989
2196
2077
1896
1772
1764
1740
1653
1736
1934
2143
2444
2849
3363
3688
3687
3695
3716
3727
3690
3621
3511
3277
3269
3157
3081
3146
3231
3233
3159
3118
2936
2649
2472
2451
2276
2027
1907
1793
1820
1920
2078
2301
2596
2781
2600
2558
2506
2006
1260
652
396
645
1327
2503
4017
5422
6277
6558
6332
5705
4601
3150
1852
574
-547
-1369
-1560
-1110
-79
1141
2467
3703
4668
5001
4790
4267
3185
1990
727
-673
-1817
-2355
-2212
-1680
-853
300
1496
2426
3039
3416
3423
2892
2062
1169
117
-850
-1665
-2051
-2152
-1981
-1171
-192
581
1197
1638
1960
1958
1707
1390
599
-364
-1091
-1456
-1785
-1884
-1774
-1618
-1252
-672
-158
290
568
629
561
304
30
-468
-982
-1332
-1504
-1493
-1423
-1169
-731
-296
53
235
339
308
52
-76
-354
-653
-831
-1030
-1177
-1066
-864
-610
-349
-124
8
114
194
299
385
318
-19
-552
-1266
-2243
-3170
-3864
-4441
-4901
-5195
-5212
-4953
-4380
-3578
-2671
-1673
-742
-332
-213
-401
-946
-1702
-2605
-3378
-4012
-4554
-4789
-4479
-3719
-2662
-1766
-1124
-308
340
694
843
704
368
-249
-706
-958
-1419
-1790
-1832
-1437
-837
-215
495
1129
1760
2212
2272
2165
2006
1763
1637
1475
1195
1178
1491
1884
2420
2839
2921
2769
2402
1887
1370
864
435
299
505
982
1667
2646
3548
4179
4345
4096
3617
2782
1801
952
485
383
503
1183
2215
3390
4501
5455
6275
6827
6926
6609
5836
4969
4284
3724
3046
2481
2312
2781
3852
5161
6728
8509
9676
10222
10111
9316
8065
6508
4764
3150
1750
909
620
871
1434
2495
3796
4991
5900
6216
6149
5575
4341
3005
1700
563
-542
-1452
-1821
-1676
-1051
-137
655
1480
2206
2753
3025
2810
2260
1466
434
-677
-1707
-2528
-3044
-3082
-2734
-2124
-1330
-552
212
846
1158
1207
1043
650
34
-710
-1505
-2018
-2374
-2427
-2139
-1678
-1086
-385
248
771
1174
1350
1288
1004
763
638
527
363
392
510
767
1098
1520
1845
2055
2270
2301
2180
1819
1478
1259
1091
909
665
624
674
857
1076
1282
1490
1519
1488
1487
1329
1214
1067
776
418
-77
-840
-1863
-2826
-3503
-4137
-4581
-4815
-4641
-4203
-3510
-2794
-2106
-1567
-1173
-1009
-1003
-1371
-1982
-2823
-3660
-4408
-4964
-5256
-5199
-4708
-3948
-3190
-2506
-1737
-943
-534
-453
-670
-1065
-1616
-2337
-2977
-3443
-3881
-4221
-4091
-3494
-2816
-2053
-1275
-657
-125
297
461
437
207
-227
-642
-1139
-1754
-2047
-2054
-1823
-1207
-598
120
920
1421
1687
1682
1506
1007
456
-207
-834
-1137
-1307
-1223
-866
-296
348
738
920
1007
895
549
-42
-798
-1586
-2466
-2903
-2933
-2867
-2802
-2472
-1883
-1349
-944
-897
-964
-1362
-2383
-3623
-4839
-5669
-5705
-5027
-3516
-1598
158
1320
1664
1335
603
-638
-2257
-4003
-5666
-7047
-8039
-8332
-7553
-6113
-4444
-2708
-1116
101
700
563
-177
-1298
-2656
-4370
-5764
-6801
-7297
-7100
-6202
-4949
-3524
-2091
-885
45
498
415
-74
-750
-1697
-2790
-3764
-4390
-4520
-4274
-3866
-3115
-1951
-952
-193
537
1015
1160
1037
587
-116
-842
-1528
-2070
-2334
-2498
-2452
-1952
-1415
-763
-146
401
876
994
598
41
-407
-890
-1277
-1469
-1466
-1416
-1167
-866
-562
-141
319
456
360
399
282
-8
-382
-540
-787
-956
-903
-833
-502
-133
151
463
598
660
804
1100
1301
1146
548
142
-324
-999
-1846
-2621
-3116
-3434
-3332
-3124
-2696
-1797
-704
300
1169
1793
2135
2205
1809
1362
988
476
-225
-794
-866
-688
-288
186
973
2088
3206
3983
4331
4573
4645
4237
3506
2868
2587
2187
1758
1630
1739
2107
2480
2971
3623
4189
4539
4737
4644
4449
4274
3914
3681
3432
3036
2842
2982
3130
3263
3399
3643
3954
4072
4160
4146
3872
3647
3656
3595
3392
3311
3303
3209
3221
3233
3318
3288
3333
3413
3300
2985
2710
2501
2382
2369
2321
2177
2222
2390
2468
2423
2248
2230
2431
2452
2318
1988
1490
701
-29
-147
567
1885
3431
4800
5557
5785
5692
5280
4696
3745
2612
1491
687
321
246
554
1480
2789
4159
5242
5806
5890
5642
5189
4292
3163
1863
743
42
-183
25
647
1460
2448
3441
4273
4902
5226
5189
4844
4170
3253
2219
1196
295
-161
47
598
1486
2220
3013
3808
4450
4643
4536
4286
3669
2990
2429
1958
1305
682
532
884
1312
1750
2302
2832
3026
3144
3321
3204
2796
2295
1699
1300
1202
1123
1006
982
1156
1428
1767
2155
2280
2239
2199
1988
1786
1611
1529
1524
1448
1344
1409
1651
2036
2234
2262
2379
2511
2666
2713
2707
2720
2364
1873
1404
775
-82
-1000
-1853
-2399
-2472
-2291
-2041
-1398
-587
290
993
1740
2201
2360
2222
1774
1186
272
-519
-1038
-1404
-1443
-1109
-375
448
1221
2060
2833
3439
3766
3657
3302
2715
1993
1384
972
666
360
195
432
867
1229
1539
2127
2596
2764
2662
2504
2366
2139
1750
1304
1021
920
1006
961
954
1262
1604
1750
1778
1763
1865
1836
1839
1657
1357
1172
997
851
741
769
809
763
713
535
479
523
357
43
-201
-357
-553
-573
-527
-465
-476
-630
-548
-421
-444
-416
-207
-169
-509
-992
-1446
-1684
-1310
-414
847
2369
3846
4891
5249
5067
4437
3180
1483
-249
-1820
-3218
-4093
-4443
-4193
-3099
-1529
295
1965
3102
3678
3772
3405
2495
968
-679
-2269
-3457
-4408
-4858
-4526
-3858
-2899
-1574
-176
869
1415
1615
1413
759
-58
-1223
-2486
-3598
-4448
-4839
-4686
-4061
-3240
-2306
-1114
-187
286
450
496
238
-162
-824
-1768
-2663
-3357
-3602
-3556
-3260
-2813
-2273
-1784
-1430
-1198
-1069
-924
-864
-1265
-1639
-1624
-1804
-2023
-2245
-2134
-1708
-1135
-515
-97
10
-13
4
55
-155
-485
-781
-739
-647
-693
-620
-408
-1
413
644
740
999
1238
1344
1329
1328
1286
747
93
-655
-1582
-2485
-3203
-3707
-3949
-3798
-3326
-2633
-1819
-1106
-355
493
1036
1392
1423
987
375
-470
-1285
-2017
-2583
-2650
-2454
-1942
-1269
-433
562
1288
1755
2068
2211
2232
1934
1402
672
-74
-626
-916
-1140
-1154
-835
-413
17
521
1107
1624
1719
1522
1399
1375
1121
835
592
492
548
475
538
705
953
1234
1636
1934
2194
2200
2002
1863
1676
1486
1464
1524
1432
1306
1284
1366
1485
1466
1391
1260
1153
973
757
668
552
420
403
440
431
480
680
908
990
885
880
945
910
480
70
-144
-302
-16
