-5537
-5284
-5154
-4939
-4606
-4527
-4794
-4813
-5001
-5345
-5582
-5851
-5821
-5663
-5614
-5425
-5133
-4934
-4840
-4774
-4716
-4594
-4433
-4510
-4786
-5015
-5493
-6376
-7260
-8083
-8799
-9278
-9719
-9811
-9426
-8650
-7769
-7081
-6209
-5409
-4737
-4326
-4407
-4748
-5357
-6161
-6966
-7568
-7891
-7818
-7661
-7213
-6273
-5211
-4149
-3377
-2747
-2278
-2132
-2313
-2706
-3117
-3683
-4468
-5068
-5240
-5284
-5183
-4861
-4316
-3512
-2941
-2389
-1997
-2178
-2670
-3325
-4305
-5137
-5523
-5627
-5493
-4855
-3572
-2243
-1358
-1113
-1677
-2874
-4517
-6409
-8409
-10418
-11904
-12504
-12239
-11202
-9645
-8105
-6691
-5567
-5062
-5360
-6324
-7857
-9558
-11399
-12959
-13621
-13507
-12709
-11149
-8739
-6213
-3871
-1852
-268
428
288
-329
-1346
-2626
-4222
-5729
-6649
-6526
-5202
-3056
-293
2618
5150
6933
7735
7391
6127
4011
1331
-1444
-4106
-6501
-8017
-8249
-7738
-6269
-4056
-1726
179
1381
1851
1461
213
-1523
-3586
-6088
-8577
-10397
-11167
-11256
-10781
-9537
-7530
-5691
-4441
-3727
-3449
-3746
-4754
-6193
-8004
-9952
-11625
-12919
-13548
-13589
-13175
-12347
-11057
-9481
-8119
-6982
-6131
-5842
-6184
-7021
-8433
-9984
-11115
-12166
-12781
-13158
-13142
-12550
-11512
-10377
-9234
-8146
-7217
-6572
-6147
-5775
-5413
-5428
-5434
-5215
-5065
-4778
-4388
-3737
-3007
-2452
-1998
-1520
-1202
-1103
-1177
-1453
-1652
-1884
-2051
-2117
-2281
-2486
-2301
-1908
-1846
-1961
-2090
-2183
-2051
-2197
-2649
-2950
-3134
-3287
-3575
-4187
-4896
-5768
-6361
-6567
-6604
-6732
-6483
-5877
-5243
-4522
-3807
-3233
-2857
-2848
-3073
-3665
-4528
-5553
-6693
-7507
-8145
-8705
-8924
-8682
-8033
-7288
-6443
-5620
-5066
-4871
-4736
-4622
-4903
-5516
-6021
-6270
-6627
-6792
-6451
-6005
-5434
-4566
-3556
-2720
-2024
-1207
-502
13
253
371
363
297
26
-684
-1619
-2551
-3587
-4680
-5365
-5241
-4296
-2658
-700
1036
2563
3724
4474
4483
3698
2151
290
-1385
-3050
-4280
-4413
-3484
-1834
29
1992
3764
5227
6041
6113
5622
4546
3120
1395
-240
-1359
-1612
-1402
-305
1565
3596
5406
6658
7443
7974
8126
8340
8491
8315
8078
8015
7886
7365
6651
5920
4969
3828
2523
1332
465
-136
-364
-386
87
1014
2144
3214
4026
4605
4756
4588
3920
2986
1751
488
-713
-1850
-2555
-2634
-2297
-1711
-1136
-488
-69
286
399
-49
-640
-1378
-2349
-3356
-4194
-4781
-5212
-5449
-5318
-5024
-4906
-4682
-4556
-4483
-4464
-4765
-5020
-5105
-5241
-5490
-5656
-5650
-5625
-5397
-5167
-4970
-4580
-4371
-4363
-4532
-4805
-5023
-5130
-5408
-5615
-5431
-5220
-4951
-4384
-3684
-2980
-2385
-1814
-1272
-955
-976
-1175
-1423
-1769
-2121
-2566
-3063
-3236
-3270
-3290
-3286
-3172
-2904
-2627
-2290
-2024
-1747
-1466
-1397
-1508
-1877
-2508
-3558
-4934
-6463
-7789
-8832
-9705
-10208
-10425
-10222
-9595
-8609
-7540
-6652
-5866
-5142
-4552
-4722
-5479
-6418
-7458
-8333
-9329
-9971
-10316
-10313
-10071
-9568
-8809
-7965
-7225
-6654
-6192
-6228
-6535
-6780
-7218
-7860
-8510
-8870
-9054
-9161
-9025
-8591
-7811
-7088
-6558
-5963
-5200
-4575
-4273
-4153
-3886
-3644
-3576
-3448
-3132
-2897
-2779
-2476
-2010
-1636
-1475
-1203
-951
-940
-973
-1139
-1256
-1401
-1555
-1502
-1433
-1417
-1421
-1409
-1438
-1424
-1431
-1453
-1663
-1932
-2246
-2571
-2751
-2758
-2894
-3059
-3091
-3076
-2925
-2699
-2545
-2566
-2553
-2469
-2407
-2622
-3257
-4074
-4597
-4602
-4138
-3049
-1744
-585
376
745
466
-414
-1504
-2784
-4251
-5942
-7400
-8350
-8741
-8453
-7699
-6141
-4373
-3107
-2177
-1781
-1877
-2463
-3631
-4979
-6365
-7671
-8814
-9639
-9769
-9458
-8478
-7043
-5525
-4412
-3527
-2922
-2860
-3270
-4043
-5146
-6235
-7197
-8082
-8774
-8978
-8660
-8070
-7205
-6144
-5183
-4363
-3666
-3352
-3359
-3834
-4422
-5168
-6129
-6776
-7100
-7210
-7119
-6994
-6678
-6116
-5494
-5022
-4860
-4683
-4622
-4839
-5305
-5760
-6064
-6309
-6610
-6835
-6850
-6762
-6645
-6475
-6308
-6054
-5891
-5807
-5776
-5962
-6317
-6615
-7015
-7341
-7227
-7081
-6866
-6401
-6148
-6009
-5839
-5403
-5232
-5291
-5253
-5314
-5649
-6283
-6973
-7777
-8757
-9773
-10597
-11179
-11258
-11163
-10775
-10192
-9446
-8410
-7370
-6503
-5735
-5517
-5957
-6574
-7270
-7953
-8705
-9483
-10148
-10320
-10020
-9396
-8384
-7325
-6372
-5383
-4614
-4227
-4114
-4121
-4138
-4552
-5332
-5821
-5951
-6164
-6260
-5975
-5459
-4789
-4069
-3357
-2761
-2262
-1754
-1312
-1181
-1380
-1474
-1393
-1364
-1596
-1611
-1303
-928
-668
-392
-12
437
665
881
1118
1118
965
976
964
945
943
822
765
702
697
622
599
574
457
339
46
-280
-431
-692
-836
-820
-918
-776
-614
-522
-376
-270
-111
-22
-21
-122
-483
-1257
-2003
-2238
-1597
-373
846
2177
3502
4463
4701
4153
3188
2132
919
-489
-1864
-2769
-3229
-3275
-2699
-1615
-273
1017
2038
2750
2781
2474
1606
487
-757
-2218
-3367
-4079
-4241
-3740
-2896
-1831
-852
-68
753
1297
1364
1113
640
-206
-1209
-2270
-3324
-4019
-4240
-4000
-3592
-2935
-2096
-1172
-595
-231
28
21
-374
-1090
-1925
-2740
-3420
-3829
-3938
-4076
-4122
-3770
-3170
-2725
-2274
-1977
-1760
-1678
-1961
-2412
-2848
-3345
-3770
-3987
-4058
-3762
-3515
-3292
-3068
-2810
-2508
-2231
-2141
-2204
-2449
-2738
-2953
-3170
-3416
-3506
-3495
-3417
-3206
-2953
-2669
-2549
-2618
-2637
-2475
-2160
-2172
-2463
-2851
-3285
-4057
-5111
-6045
-6853
-7508
-7882
-7927
-7440
-6894
-6443
-5710
-4851
-4113
-3511
-3323
-3370
-3680
-4312
-5244
-6019
-6691
-7203
-7496
-7651
-7409
-6714
-5764
-4765
-3929
-3239
-2713
-2401
-2501
-2790
-3255
-3795
-4227
-4650
-5069
-5272
-5030
-4316
-3767
-3386
-2857
-2126
-1517
-1100
-933
-944
-896
-1054
-1263
-1473
-1571
-1475
-1205
-1027
-885
-599
-261
3
356
817
992
1040
929
839
820
685
540
339
246
272
302
419
524
312
179
200
7
-141
-259
-501
-680
-860
-1080
-1043
-901
-876
-784
-793
-857
-572
-444
-814
-1327
-1811
-2390
-2814
-2788
-2030
-761
721
2088
3137
3461
3211
2516
1318
-69
-1593
-2981
-4018
-4743
-4961
-4494
-3538
-2196
-719
407
1128
1299
897
264
-588
-1945
-3562
-4947
-5794
-6264
-6240
-5619
-4471
-3328
-2268
-1303
-631
-463
-663
-1084
-1878
-2890
-3955
-4880
-5732
-6285
-6291
-6055
-5340
-4245
-3231
-2489
-1989
-1690
-1725
-2128
-2679
-3343
-4038
-4810
-5613
-6070
-6330
-6241
-5793
-5180
-4496
-4046
-3774
-3473
-3437
-3723
-3993
-4221
-4566
-4956
-5296
-5675
-5809
-5672
-5070
-4579
-4226
-3985
-3806
-3955
-3985
-4001
-4099
-4328
-4707
-5120
-5215
-5170
-5050
-4858
-4628
-4559
-4395
-4213
-4184
-3985
-3775
-3777
-3913
-4209
-4843
-5612
-6416
-7323
-8283
-9039
-9621
-9862
-9745
-9387
-8659
-7747
-6691
-5786
-5136
-4728
-4801
-4944
-5439
-6213
-7084
-7944
-8503
-8953
-9146
-8929
-8273
-7334
-6304
-5308
-4404
-3691
-3414
-3476
-3775
-4050
-4468
-4841
-5268
-5556
-5693
-5673
-5381
-4746
-4155
-3533
-2644
-1939
-1497
-1109
-859
-957
-1255
-1435
-1497
-1495
-1431
-1274
-924
-705
-463
-3
534
854
1137
1215
1194
1224
1191
1138
1057
837
665
850
1047
1048
1000
1071
1112
1023
917
748
396
66
-66
-98
-81
25
107
227
375
373
346
261
236
260
139
-172
-709
-1388
-2026
-2297
-1891
-855
621
2072
3223
3712
3576
3145
2463
1475
113
-1190
-2205
-2938
-3228
-2953
-2097
-793
469
1600
2412
2717
2457
2003
1362
183
-1035
-2253
-3372
-4126
-4181
-3579
-2759
-1699
-472
535
1235
1686
1711
1397
646
-322
-1249
-2240
-3006
-3381
-3400
-3167
-2589
-1760
-814
-82
448
915
962
604
46
-700
-1373
-1990
-2664
-3087
-3237
-3044
-2586
-2193
-1838
-1272
-892
-723
-481
-584
-798
-1328
-2010
-2576
-2922
-3105
-3343
-3278
-2943
-2559
-2233
-1976
-1843
-1787
-1749
-1869
-2224
-2581
-2849
-3011
-3244
-3512
-3565
-3258
-2795
-2563
-2554
-2466
-2284
-2055
-2039
-2124
-2100
-2296
-2754
-3377
-4094
-5014
-5953
-6584
-7269
-7633
-7714
-7485
-7002
-6345
-5494
-4545
-3721
-3055
-2785
-2776
-2998
-3772
-4816
-5690
-6225
-6496
-6737
-6703
-6226
-5379
-4418
-3472
-2713
-2144
-1702
-1507
-1660
-1915
-2190
-2732
-3083
-3424
-3783
-3925
-3685
-3108
-2450
-1873
-1201
-493
-103
171
380
438
405
256
-23
-257
-258
-121
290
566
715
1047
1409
1685
1886
1961
2001
2099
2145
2131
2069
1958
1780
1631
1591
1702
1845
1735
1572
1598
1746
1566
1109
829
739
731
657
576
560
542
565
682
872
836
699
737
828
624
174
-460
-729
-641
-130
949
2249
3496
4796
5646
5793
5124
3977
2480
942
-575
-2069
-2992
-3486
-3371
-2592
-1247
420
1964
3155
3796
3973
3417
2437
1038
-418
-1926
-3283
-4198
-4496
-4132
-3519
-2714
-1604
-402
624
1279
1510
1299
672
-378
-1494
-2580
-3643
-4444
-4712
-4629
-4276
-3577
-2631
-1678
-884
-318
-104
-264
-638
-1206
-2068
-2885
-3665
-4285
-4620
-4593
-4256
-3930
-3615
-3303
-2901
-2439
-2114
-2121
-2449
-2788
-3138
-3435
-3615
-3752
-3885
-3778
-3416
-3084
-2794
-2491
-2241
-2067
-1884
-1913
-2147
-2414
-2624
-2811
-2982
-3085
-3004
-2849
-2607
-2398
-2199
-2014
-1935
-1817
-1846
-1786
-1612
-1858
-2385
-3080
-3788
-4595
-5551
-6455
-7152
-7580
-7680
-7496
-6845
-5872
-5190
-4464
-3652
-2925
-2557
-2412
-2670
-3297
-4147
-5149
-5994
-6691
-7151
-7155
-6590
-5905
-5184
-4368
-3501
-2705
-2172
-1790
-1842
-2274
-2771
-3275
-3791
-4290
-4552
-4535
-4302
-3979
-3552
-3029
-2359
-1588
-916
-463
-117
149
92
-143
-353
-518
-347
-116
-36
-13
120
492
901
1336
1697
1892
2010
1957
1847
1845
1893
1884
1968
2068
1988
1953
2035
2037
1886
1931
2012
1925
1862
1723
1429
1066
989
1070
1047
1011
1099
1284
1390
1480
1503
1458
1451
1223
666
1
-551
-860
-733
-158
747
2001
3272
4242
4742
4606
3872
2791
1594
246
-1112
-2160
-2521
-2327
-1738
-808
422
1626
2601
3435
3844
3541
2722
1489
124
-1143
-2384
-3305
-3668
-3641
-3151
-2057
-906
42
964
1806
2258
2171
1604
697
-213
-1259
-2263
-2996
-3278
-3147
-2689
-2111
-1412
-398
537
1141
1359
1392
1051
418
-267
-1041
-1688
-2423
-2933
-2969
-2880
-2568
-2043
-1695
-1256
-647
-357
-311
-557
-907
-1162
-1724
-2344
-2650
-2617
-2545
-2467
-2292
-2031
-1718
-1532
-1353
-1325
-1359
-1524
-1736
-1942
-2102
-2375
-2538
-2471
-2418
-2323
-2024
-1877
-1936
-1888
-1640
-1546
-1705
-1796
-1705
-1809
-2279
-3111
-4091
-5088
-5890
-6494
-6854
-7025
-7029
-6699
-6152
-5363
-4518
-3665
-2735
-2259
-2398
-2642
-2875
-3460
-4552
-5487
-6069
-6350
-6421
-6169
-5626
-4618
-3647
-2762
-1897
-1343
-1213
-1020
-950
-1281
-1793
-2368
-2792
-3046
-3166
-3128
-2901
-2301
-1598
-916
-173
493
1026
1169
1255
1338
1280
1242
1017
812
757
950
1319
1530
1820
2179
2415
2707
3066
3226
3216
3223
3203
3209
3127
2944
2712
2667
2807
2838
2838
2818
2781
2674
2612
2602
2361
2028
1828
1842
1876
1664
1621
1778
1849
1801
1765
1779
1717
1770
1784
1406
846
356
39
63
572
1631
3091
4459
5311
5915
6015
5441
4250
2933
1604
168
-962
-1627
-1937
-1691
-895
156
1525
3074
4101
4303
4079
3493
2533
1524
298
-1049
-2161
-2802
-2845
-2500
-1726
-612
451
1306
2050
2425
2410
2098
1512
508
-556
-1572
-2489
-3047
-3091
-2737
-2160
-1321
-362
296
835
1078
1071
864
570
117
-667
-1614
-2361
-2660
-2655
-2920
-2932
-2509
-1876
-1368
-1029
-702
-538
-669
-977
-1418
-1974
-2343
-2592
-2864
-2831
-2494
-2267
-2236
-1968
-1418
-1072
-1097
-1275
-1267
-1302
-1555
-1963
-2249
-2474
-2463
-2303
-2190
-2058
-1865
-1761
-1727
-1385
-1117
-1102
-1212
-1329
-1562
-1895
-2553
-3439
-4443
-5405
-6031
-6598
-6852
-6966
-6897
-6286
-5447
-4518
-3645
-2918
-2274
-1961
-2033
-2580
-3398
-4205
-4949
-5613
-6157
-6305
-6158
-5590
-4759
-3879
-2949
-2109
-1538
-1208
-1058
-1121
-1441
-2066
-2529
-2754
-2914
-3149
-3233
-3002
-2648
-2312
-1611
-883
-329
163
501
834
1045
882
864
846
646
584
530
540
892
1376
1668
1945
2229
2629
2866
2682
2578
2676
2693
2539
2423
2425
2408
2510
2602
2498
2341
2373
2412
2381
2079
1792
1585
1365
1270
1292
1209
1227
1319
1439
1613
1672
1663
1654
1717
1676
1303
722
211
-81
-223
83
789
1950
3476
4826
5694
5837
5411
4550
3431
1988
596
-695
-1602
-2069
-2088
-1543
-491
872
2196
3208
3851
3884
3526
2732
1597
274
-1109
-2154
-2824
-3092
-2881
-2199
-1202
-39
960
1774
2232
2207
1842
1290
367
-615
-1461
-2273
-2904
-3056
-2786
-2370
-1735
-966
-259
431
961
1231
1152
887
326
-597
-1390
-2043
-2540
-2911
-2930
-2758
-2484
-2021
-1412
-1014
-735
-409
-285
-447
-921
-1390
-1781
-2174
-2487
-2649
-2480
-2129
-1925
-1639
-1193
-821
-676
-684
-909
-1132
-1246
-1392
-1551
-1698
-1851
-1821
-1756
-1691
-1418
-1294
-1201
-1175
-1100
-918
-891
-894
-989
-1393
-1866
-2617
-3431
-4409
-5299
-6004
-6319
-6158
-5815
-5447
-4875
-4276
-3344
-2362
-1783
-1564
-1523
-1966
-2737
-3389
-4006
-4685
-5251
-5623
-5657
-5103
-4439
-3633
-2624
-1747
-1099
-743
-611
-515
-673
-1093
-1663
-1976
-2355
-2779
-2749
-2373
-1882
-1452
-812
-53
327
679
1218
1685
1770
1641
1563
1521
1215
947
1238
1589
1607
1793
2314
2708
3103
3320
3360
3376
3433
3445
3361
3203
3036
2917
2982
3137
3103
3159
3197
3188
3033
2924
2841
2575
2511
2531
2446
2280
2103
1999
1918
2067
2271
2230
2155
2275
2279
2177
2076
1693
974
381
122
422
1264
2539
3953
5140
6013
6381
6265
5498
4398
3221
1770
448
-577
-1233
-1294
-835
59
1276
2472
3674
4650
4956
4601
3800
2738
1568
263
-929
-2033
-2603
-2440
-1854
-917
191
1285
2025
2483
2829
2892
2432
1570
601
-387
-1214
-1927
-2327
-2278
-1895
-1313
-499
415
1217
1617
1785
1801
1502
1072
557
-131
-809
-1485
-1914
-2121
-2016
-1726
-1142
-736
-284
96
365
500
264
-114
-599
-1169
-1415
-1519
-1693
-1721
-1574
-1224
-806
-458
-140
-19
54
-31
-258
-472
-625
-836
-1052
-1181
-1072
-860
-884
-870
-807
-702
-485
-214
-91
-18
-121
-165
-461
-958
-1621
-2490
-3307
-3968
-4574
-5135
-5475
-5410
-5051
-4526
-3741
-2778
-2054
-1483
-1055
-718
-855
-1344
-1986
-2698
-3518
-4182
-4748
-4878
-4486
-3934
-3189
-2383
-1531
-719
-269
-54
97
-112
-417
-642
-922
-1398
-1703
-2018
-2108
-1811
-1294
-573
112
592
1180
1583
1797
1848
1580
1248
914
594
682
1053
1473
1763
2042
2376
2624
2593
2059
1312
721
285
-22
56
416
836
1487
2359
3114
3571
3676
3593
3023
2188
1306
378
-340
-548
-27
669
1501
2786
4153
5178
5858
6250
6196
5834
5134
4254
3514
2939
2435
2088
2106
2508
3418
4772
6442
8015
9151
9733
9633
8819
7585
6008
4162
2495
1248
502
144
301
996
2218
3650
4728
5408
5664
5454
4702
3684
2447
1189
18
-1065
-1907
-2417
-2278
-1606
-624
339
1332
2086
2399
2360
2005
1364
630
-436
-1415
-2269
-3082
-3620
-3709
-3389
-2756
-1879
-931
-237
189
507
359
-49
-508
-987
-1646
-2384
-2889
-2985
-2857
-2711
-2261
-1470
-598
6
410
808
856
694
476
227
-60
-240
-228
-166
-150
245
622
824
1182
1521
1606
1535
1506
1265
987
881
829
872
727
478
473
512
554
867
977
836
841
942
878
750
619
422
-133
-858
-1594
-2372
-3305
-3948
-4387
-4793
-5066
-5021
-4535
-4047
-3271
-2395
-1751
-1335
-1066
-963
-1572
-2574
-3401
-4059
-4864
-5363
-5577
-5425
-5050
-4601
-3866
-3070
-2198
-1377
-1037
-1127
-1412
-1860
-2488
-3057
-3475
-3883
-4331
-4508
-4403
-3858
-3117
-2544
-2119
-1639
-1166
-654
-349
-284
-600
-1316
-1837
-2135
-2399
-2660
-2713
-2454
-1879
-1228
-648
151
830
1276
1427
1053
447
-176
-845
-1345
-1640
-1735
-1578
-1470
-1105
-335
150
389
540
545
224
-468
-1225
-1909
-2557
-2934
-3328
-3602
-3448
-2877
-2350
-1942
-1704
-1337
-1207
-1864
-3094
-4394
-5398
-6145
-6267
-5314
-3682
-1964
-481
624
1221
1208
378
-990
-2637
-4516
-6134
-7406
-8219
-8475
-7851
-6460
-4752
-2925
-1422
-503
-153
-298
-877
-2075
-3654
-5101
-6449
-7310
-7471
-7214
-6217
-4742
-3427
-2247
-1248
-434
-167
-357
-662
-1337
-2364
-3523
-4590
-5197
-5430
-5208
-4428
-3438
-2474
-1568
-720
62
508
711
523
-109
-868
-1671
-2388
-2835
-3012
-2944
-2595
-2229
-1682
-1078
-552
-81
147
31
-28
-221
-777
-1349
-1586
-1714
-1816
-1921
-1843
-1621
-1093
-740
-415
-239
-211
-196
-432
-742
-967
-1210
-1350
-1355
-1350
-1225
-997
-641
-316
-254
-121
232
510
542
502
539
275
-460
-1223
-2054
-2871
-3521
-3915
-4155
-4105
-3647
-3143
-2338
-1314
-392
363
937
1308
1459
1289
758
205
-415
-978
-1431
-1558
-1386
-1000
-267
808
1942
2705
3110
3411
3587
3610
3359
2986
2346
1713
1327
1090
1160
1349
1577
2042
2534
3000
3300
3635
3886
3837
3626
3196
2816
2632
2500
2248
2130
2150
2364
2532
2634
2861
3061
3319
3436
3432
3270
2935
2868
2895
2720
2486
2459
2451
2433
2502
2567
2561
2365
2241
2240
2094
1730
1526
1406
1246
1207
1110
1098
1308
1475
1507
1562
1721
1929
1975
1689
1110
384
-414
-1117
-1247
-843
131
1395
2595
3575
4138
4210
3811
2944
2123
1210
508
-171
-715
-719
-124
919
2056
3192
4148
4645
4623
4253
3578
2785
1881
750
-202
-896
-1001
-735
-63
897
2054
3125
4017
4539
4701
4532
4096
3269
2359
1538
698
159
-49
86
590
1188
2029
2858
3550
4219
4395
4203
3919
3429
2810
2072
1299
782
562
618
798
1136
1686
2193
2709
3049
3097
3147
2936
2587
2088
1605
1106
798
589
320
329
569
668
780
1031
1406
1694
1593
1383
1242
990
704
636
564
548
628
808
1050
1097
1261
1409
1493
1703
1868
1872
1746
1538
1210
618
-207
-1086
-1944
-2587
-2902
-3025
-2950
-2609
-1984
-1333
-453
267
927
1437
1653
1620
1126
492
-282
-1045
-1497
-1746
-1749
-1526
-990
-320
528
1529
2409
2773
2978
2875
2641
2267
1575
1007
485
-31
-313
-389
-143
309
796
1288
1835
2205
2460
2403
2210
1869
1488
1155
877
667
495
433
501
584
726
938
1124
1291
1494
1395
1189
971
931
885
591
427
335
383
483
406
395
290
82
22
15
-249
-534
-683
-925
-1111
-1179
-1242
-1173
-1034
-792
-740
-864
-826
-777
-805
-1032
-1259
-1524
-1760
-1728
-1016
155
1411
2920
4359
5257
5564
4991
3832
2407
544
-1514
-3451
-4905
-5645
-5553
-4900
-3663
-1903
77
1881
3104
3860
3943
3306
2087
500
-1115
-2690
-4273
-5398
-5793
-5352
-4333
-3052
-1579
-135
816
1209
1162
818
45
-1037
-2262
-3401
-4553
-5378
-5700
-5530
-4930
-4047
-2994
-1938
-1123
-561
-240
-287
-710
-1242
-1985
-2815
-3575
-4327
-4649
-4565
-4301
-3886
-3405
-2971
-2653
-2370
-2149
-2046
-2020
-2325
-2749
-2880
-2918
-2950
-2864
-2526
-2096
-1660
-1137
-753
-608
-562
-573
-570
-598
-778
-979
-1143
-1292
-1259
-912
-535
-234
199
549
753
798
990
1168
1207
1164
948
554
-88
-903
-1748
-2521
-3178
-3508
-3721
-3555
-3184
-2734
-1952
-952
-154
491
1017
1270
1141
738
155
-673
-1424
-2151
-2720
-2826
-2566
-2169
-1555
-918
-245
491
1283
1811
1715
1373
962
426
-274
-1239
-1892
-1941
-1828
-1696
-1466
-1056
-505
-12
504
771
666
593
519
208
-58
-207
-430
-616
-576
-414
-72
182
221
346
703
1099
1232
1156
1165
1189
1163
941
698
804
918
811
838
995
1168
1180
1007
941
694
336
270
201
35
-22
-92
-154
-194
14
296
431
539
588
525
418
242
5
-383
-971
-1402
-1410
