-4978
-4638
-4126
-3768
-3604
-3593
-3858
-4158
-4338
-4466
-4697
-4847
-4850
-4673
-4754
-4556
-4149
-3876
-3798
-3648
-3332
-2947
-3043
-3418
-3609
-3908
-4492
-5303
-6167
-7219
-8148
-8546
-8666
-8590
-8349
-7725
-6760
-5854
-4862
-3908
-3396
-3154
-3197
-3626
-4292
-5068
-5865
-6751
-7278
-7422
-7171
-6499
-5711
-4774
-3749
-2744
-1888
-1347
-1416
-1748
-2219
-2860
-3550
-4093
-4667
-5149
-5240
-4994
-4483
-3840
-3290
-2823
-2334
-2062
-2198
-2806
-3491
-4005
-4570
-5084
-5147
-4879
-4253
-3297
-2138
-1131
-806
-1514
-2837
-4342
-6006
-8031
-9887
-11185
-11749
-11630
-10763
-9175
-7290
-5828
-4930
-4458
-4502
-5537
-7083
-8639
-10365
-11865
-12662
-12766
-11877
-10083
-7826
-5354
-2944
-891
572
1362
1301
626
-580
-2096
-3644
-5151
-6287
-6726
-6149
-4320
-1811
1098
3853
5894
7083
7119
6075
4415
2270
-206
-2505
-4658
-5972
-6361
-6143
-5113
-3468
-1722
-131
929
1337
926
-259
-1820
-3692
-5815
-7773
-9366
-10366
-10316
-9459
-8184
-6771
-5326
-4321
-3585
-3400
-3685
-4385
-5566
-7032
-8815
-10524
-11717
-12209
-12104
-11676
-10852
-9557
-8031
-6783
-5717
-5045
-4926
-5315
-6130
-7148
-8394
-9652
-10821
-11615
-11852
-11530
-10959
-9947
-8669
-7439
-6128
-5136
-4450
-3929
-3908
-3842
-3802
-4055
-4157
-4064
-3783
-3567
-3063
-2349
-1708
-1288
-964
-816
-820
-887
-1023
-1299
-1568
-1768
-2022
-2100
-2028
-1941
-1921
-1991
-2000
-2160
-2315
-2581
-2701
-2734
-2795
-2918
-3319
-3789
-4428
-5064
-5625
-6115
-6470
-6795
-6942
-6731
-6212
-5611
-4870
-4043
-3270
-2948
-3025
-3336
-4008
-4700
-5519
-6556
-7559
-8273
-8540
-8630
-8477
-7925
-6984
-6121
-5380
-4753
-4266
-3970
-4031
-4279
-4608
-4798
-5179
-5715
-5773
-5495
-5060
-4355
-3543
-2553
-1602
-734
31
618
1225
1643
1804
1788
1582
1100
372
-461
-1480
-2634
-3786
-4626
-4645
-3540
-1556
433
1946
3355
4485
4983
4894
4143
2771
841
-1318
-3033
-3999
-4142
-3420
-1902
4
1943
3776
5271
6230
6263
5573
4363
2838
1263
-23
-992
-1463
-1441
-554
1259
3570
5555
6586
7136
7384
7274
6767
6302
6215
6401
6764
6964
6949
6737
6390
5993
5354
4232
2881
1693
675
-152
-505
-327
252
1261
2669
3973
4680
4994
5018
4648
3715
2470
1219
-75
-1205
-1956
-2430
-2297
-1542
-671
-6
593
1166
1560
1622
1258
573
-274
-1069
-1894
-3010
-4027
-4489
-4527
-4479
-4374
-4091
-3725
-3451
-3300
-3231
-3364
-3584
-3864
-4098
-4211
-4438
-4615
-4589
-4416
-3952
-3582
-3352
-3156
-3276
-3480
-3598
-3682
-3835
-4012
-4177
-4130
-4081
-3777
-3419
-3151
-2593
-2021
-1378
-1051
-989
-915
-877
-973
-1530
-2125
-2523
-2868
-3179
-3275
-3164
-2984
-2853
-2633
-2322
-1990
-1752
-1403
-1307
-1684
-2163
-2880
-3795
-4975
-6572
-8030
-9340
-10299
-10664
-10523
-10184
-9521
-8522
-7413
-6334
-5477
-4914
-4669
-4787
-5339
-6256
-7246
-8245
-9282
-10019
-10539
-10610
-10099
-9273
-8275
-7367
-6626
-6112
-5826
-5596
-5611
-6017
-6759
-7295
-7736
-8073
-8405
-8449
-8052
-7348
-6875
-6284
-5572
-4965
-4260
-3662
-3261
-3055
-2735
-2640
-2694
-2680
-2515
-2184
-1787
-1474
-1153
-856
-630
-495
-180
62
-66
-319
-634
-714
-649
-785
-1002
-1142
-1095
-989
-1035
-1084
-1037
-926
-1034
-1246
-1501
-1723
-2116
-2429
-2566
-2570
-2520
-2511
-2416
-2219
-2014
-1760
-1621
-1603
-1775
-2036
-2521
-3287
-3903
-3911
-3493
-2454
-1229
-110
865
1236
1267
670
-523
-1872
-3425
-5038
-6464
-7454
-7950
-7834
-7038
-5805
-4217
-2649
-1560
-965
-767
-1272
-2293
-3712
-5213
-6667
-7850
-8621
-8930
-8579
-7619
-6251
-4949
-3926
-3013
-2185
-1902
-2170
-2779
-3694
-4813
-6166
-7466
-8231
-8346
-7996
-7406
-6562
-5662
-4718
-3814
-3326
-2945
-2741
-2984
-3513
-4234
-5151
-5951
-6463
-6709
-6605
-6341
-6004
-5553
-5111
-4736
-4411
-4197
-4307
-4701
-4913
-5185
-5682
-6112
-6355
-6335
-6292
-6222
-5961
-5523
-5239
-5194
-5303
-5385
-5641
-5854
-6017
-6201
-6466
-6692
-6826
-6767
-6388
-6213
-6079
-5851
-5498
-5199
-5058
-4909
-4832
-5056
-5629
-6175
-6653
-7427
-8457
-9425
-10034
-10576
-10851
-11012
-10866
-10116
-8951
-7844
-7012
-6259
-5669
-5410
-5452
-5984
-6713
-7421
-8421
-9306
-9736
-9847
-9430
-8741
-7986
-6913
-5792
-4906
-4163
-3751
-3436
-3599
-3990
-4389
-4946
-5376
-5808
-6238
-6250
-5796
-5219
-4574
-3796
-3051
-2414
-1945
-1396
-1011
-781
-887
-1128
-1275
-1361
-1351
-1158
-1059
-877
-539
-246
-29
196
561
768
826
955
1123
1156
900
781
809
698
651
735
693
778
711
606
560
237
-228
-611
-718
-663
-547
-503
-522
-383
-308
-115
-97
-53
-65
-1
104
-164
-816
-1389
-1558
-1641
-1333
-418
938
2419
3706
4667
5028
4721
3708
2440
966
-537
-1733
-2768
-3295
-3308
-2634
-1520
-236
1182
2279
2926
3121
2955
2170
887
-303
-1557
-2703
-3640
-4147
-4010
-3446
-2477
-1250
-23
1052
1540
1730
1403
875
169
-833
-1986
-3104
-3853
-4256
-4265
-3823
-3030
-2157
-1371
-602
-78
267
205
-103
-759
-1651
-2344
-3115
-3751
-4018
-4034
-3901
-3582
-3098
-2682
-2148
-1623
-1437
-1473
-1681
-2139
-2505
-2728
-3015
-3433
-3723
-3690
-3560
-3205
-2732
-2362
-2006
-1636
-1551
-1696
-2137
-2583
-2709
-2809
-2917
-3037
-3053
-2915
-2844
-2630
-2391
-2221
-1877
-1598
-1526
-1555
-1575
-1815
-2277
-2898
-3609
-4538
-5489
-6494
-7240
-7605
-7800
-7544
-6927
-6340
-5578
-4602
-3645
-3089
-2847
-2833
-3021
-3567
-4504
-5454
-6214
-6958
-7336
-7288
-6837
-6110
-5154
-4204
-3459
-2746
-2083
-1768
-1714
-2107
-2629
-3243
-3769
-4125
-4274
-4387
-4322
-3974
-3519
-3013
-2328
-1652
-1055
-589
-318
-295
-380
-467
-743
-912
-971
-921
-906
-858
-541
-28
389
852
1219
1275
1285
1464
1561
1547
1414
1223
1204
1230
1115
1086
1005
931
874
774
652
636
435
184
-49
-214
-318
-409
-381
-503
-505
-455
-252
-81
32
-26
-127
-392
-1003
-1704
-2192
-2368
-2017
-1178
-46
1281
2703
3681
4120
3909
3248
2272
848
-696
-2150
-3240
-4021
-4336
-3939
-3023
-1625
-320
774
1618
2110
2070
1325
161
-1211
-2619
-3994
-5218
-5786
-5725
-5086
-4248
-3261
-2147
-1210
-578
-7
87
-459
-1191
-1965
-3018
-4358
-5381
-5965
-5935
-5609
-5008
-4239
-3391
-2638
-2005
-1564
-1369
-1573
-2120
-2811
-3572
-4656
-5427
-5815
-6125
-6112
-5659
-4956
-4393
-4088
-3620
-3226
-3136
-3215
-3510
-3882
-4243
-4641
-5021
-5266
-5336
-5096
-4736
-4523
-4325
-4037
-3896
-3790
-3564
-3505
-3801
-4318
-4650
-4749
-4867
-4932
-4897
-4740
-4489
-4240
-3985
-3710
-3641
-3475
-3333
-3417
-3474
-3604
-4092
-4881
-5793
-6800
-7707
-8457
-8979
-9165
-8986
-8464
-7685
-6792
-6019
-5302
-4729
-4242
-3965
-4225
-4880
-5740
-6569
-7354
-8097
-8585
-8661
-8287
-7590
-6752
-5752
-4674
-3672
-3102
-2880
-2827
-2972
-3256
-3782
-4285
-4717
-5219
-5307
-5258
-4837
-4312
-3587
-2847
-2033
-1397
-991
-890
-689
-594
-736
-823
-879
-1007
-1105
-973
-904
-729
-270
301
980
1429
1616
1705
1762
1744
1594
1537
1531
1487
1261
1219
1302
1370
1367
1187
1143
1122
980
781
747
664
631
408
234
318
457
485
363
427
608
691
761
816
633
95
-801
-1859
-2647
-2825
-2736
-2307
-1318
0
1364
2108
2226
1973
1341
549
-357
-1196
-1807
-2311
-2415
-2012
-1331
-198
969
1857
2314
2370
2196
1693
781
-265
-1332
-2328
-3216
-3621
-3587
-3133
-2031
-887
194
1210
2018
2264
2225
1795
1166
326
-645
-1490
-2186
-2563
-2489
-2102
-1453
-585
337
1069
1670
2020
2107
1807
1250
587
-208
-1037
-1703
-2149
-2325
-2217
-1877
-1428
-676
102
568
644
569
424
76
-284
-781
-1409
-2104
-2541
-2690
-2774
-2794
-2627
-2315
-1892
-1665
-1666
-1630
-1777
-1945
-2204
-2548
-2810
-3065
-3315
-3277
-3146
-3066
-3034
-2935
-2668
-2485
-2493
-2287
-2084
-2198
-2501
-3035
-3856
-4646
-5368
-6117
-6824
-7646
-8078
-8153
-7791
-7141
-6490
-5536
-4654
-3877
-3267
-3050
-3160
-3607
-4456
-5219
-5871
-6518
-6804
-6726
-6532
-6016
-5361
-4372
-3278
-2298
-1530
-965
-705
-867
-1145
-1497
-1824
-2314
-2717
-2996
-3012
-2749
-2315
-1655
-1048
-263
498
951
1125
1269
1343
1397
1246
914
645
490
377
615
901
1229
1530
1887
2231
2454
2689
2752
2709
2716
2617
2447
2197
2037
1993
1971
1925
1746
1766
1832
1701
1541
1342
1111
838
653
448
290
348
307
337
553
845
774
377
392
583
724
791
508
180
353
1027
2008
3360
4829
6116
6957
7479
7277
6398
4852
2923
759
-1309
-2914
-4045
-4692
-4423
-3283
-1723
523
2948
4608
5559
5912
5533
4555
3083
1227
-790
-2626
-3822
-4511
-4715
-4348
-3368
-2039
-580
622
1646
2156
1952
1384
453
-887
-2351
-3744
-4893
-5673
-5874
-5665
-5124
-4127
-3033
-2078
-1090
-460
-317
-449
-741
-1431
-2416
-3293
-4022
-4595
-5025
-5259
-5182
-4848
-4487
-4095
-3753
-3546
-3379
-3448
-3454
-3640
-3831
-3891
-3861
-3634
-3486
-3359
-3084
-2576
-2057
-1806
-1774
-1774
-1892
-2185
-2543
-2677
-2700
-2692
-2774
-2667
-2348
-2044
-1694
-1351
-1003
-801
-546
-406
-537
-943
-1199
-1625
-2225
-2894
-3850
-4806
-5531
-6215
-6693
-6737
-6482
-5989
-5262
-4300
-3317
-2495
-1995
-1566
-1487
-1958
-2881
-3954
-4909
-5702
-6372
-6867
-6847
-6391
-5738
-4946
-4043
-3220
-2380
-1804
-1737
-1675
-2004
-2569
-3081
-3660
-4232
-4753
-4896
-4795
-4433
-3969
-3428
-2864
-1971
-1121
-580
-269
-219
-302
-420
-644
-814
-813
-835
-741
-596
-396
-107
423
883
1126
1363
1588
1774
1839
1723
1795
1723
1553
1440
1485
1617
1713
1779
1788
1743
1588
1297
1124
1181
1086
961
805
717
649
633
926
1027
1106
1182
1346
1422
1414
1257
765
-55
-888
-1447
-1688
-1421
-700
458
1537
2427
3002
2962
2375
1434
134
-1194
-2350
-3291
-3873
-4108
-3494
-2222
-617
977
2240
3109
3390
3227
2517
1418
2
-1711
-3198
-4429
-5107
-5121
-4652
-3579
-2156
-733
398
1128
1545
1758
1585
1050
62
-1097
-1996
-2695
-3257
-3401
-2997
-2281
-1477
-511
542
1317
1761
1947
1792
1432
694
-76
-635
-1228
-2011
-2386
-2228
-1876
-1348
-808
-354
112
505
657
617
449
198
-174
-596
-1054
-1533
-1636
-1708
-1558
-1360
-1267
-1153
-996
-933
-977
-1306
-1596
-1921
-2197
-2548
-2750
-2673
-2624
-2516
-2352
-2151
-2141
-2085
-1871
-1671
-1590
-1776
-2055
-2317
-2786
-3658
-4510
-5209
-6067
-6986
-7541
-7608
-7359
-7044
-6485
-5583
-4540
-3652
-2879
-2459
-2344
-2595
-3228
-3875
-4545
-5350
-6005
-6317
-6360
-5992
-5266
-4306
-3362
-2354
-1303
-504
-134
-32
-184
-414
-824
-1353
-1812
-2271
-2421
-2169
-1707
-1125
-455
332
1094
1742
2286
2640
2773
2802
2680
2540
2408
2329
2317
2409
2521
2618
2866
3298
3561
3671
3904
4275
4427
4306
4217
3993
3686
3529
3540
3537
3484
3394
3508
3486
3219
3026
2889
2860
2635
2365
2179
2091
2068
1925
1781
1911
2202
2244
2154
2301
2168
2167
2169
1908
1264
534
33
313
1053
2044
3388
4697
5749
6316
6454
6191
5192
3756
2365
1084
-99
-1031
-1424
-1033
-241
937
2399
3691
4534
4988
5176
4764
3895
2768
1475
263
-853
-1622
-1811
-1436
-689
235
1340
2154
2944
3547
3610
3209
2602
1856
829
-325
-1354
-1798
-1885
-1875
-1529
-876
89
970
1675
1985
1997
1832
1578
1196
418
-575
-1352
-1837
-2143
-2244
-2098
-1643
-1148
-634
-176
110
135
-45
-233
-518
-1014
-1589
-1893
-2063
-2092
-2042
-1894
-1679
-1266
-843
-687
-625
-620
-740
-966
-1204
-1289
-1434
-1648
-1951
-1949
-1676
-1291
-980
-779
-702
-412
-186
-224
-268
-448
-803
-1243
-1800
-2689
-3499
-4350
-5057
-5720
-6221
-6064
-5640
-4975
-4177
-3412
-2463
-1515
-898
-745
-1082
-1662
-2312
-3068
-3992
-4731
-5140
-5263
-5140
-4650
-3915
-2924
-1842
-968
-428
-209
-216
-263
-520
-1067
-1588
-2130
-2477
-2702
-2834
-2766
-2404
-1738
-904
-210
266
859
1250
1384
1428
1358
1154
1117
1015
882
837
919
1217
1573
1982
2361
2630
2979
3143
3104
3081
3025
3033
2931
2849
2718
2588
2539
2518
2600
2766
2758
2543
2349
2172
2017
1865
1761
1694
1701
1686
1747
1814
1848
1941
1993
2038
2067
1920
1967
1901
1437
687
195
9
291
1133
2408
3795
5154
6063
6241
5841
4889
3524
2163
1017
40
-885
-1600
-1607
-1045
-79
1218
2672
3753
4271
4347
4135
3430
2267
1010
-462
-1786
-2589
-2917
-2857
-2336
-1351
-242
842
1648
2225
2473
2338
1971
1291
249
-839
-1815
-2536
-3089
-3234
-2757
-1841
-793
35
672
1242
1380
1256
986
539
-16
-687
-1432
-1905
-2274
-2534
-2357
-1905
-1397
-895
-507
-238
-192
-352
-509
-792
-1063
-1474
-1698
-1775
-2001
-1992
-1655
-1284
-947
-844
-681
-444
-338
-477
-701
-943
-1058
-1338
-1551
-1636
-1603
-1515
-1268
-960
-752
-648
-509
-363
-200
-125
-250
-516
-949
-1501
-2264
-3224
-4220
-4834
-5450
-6064
-6315
-5979
-5504
-4795
-3968
-3142
-2219
-1514
-1200
-1226
-1493
-1972
-2714
-3767
-4718
-5397
-5527
-5270
-5019
-4402
-3527
-2534
-1638
-693
36
305
212
-107
-535
-1151
-1759
-2282
-2585
-2373
-2177
-1874
-1260
-404
396
971
1272
1566
1898
2151
2256
2106
1849
1700
1591
1666
1795
1878
2193
2561
2928
3173
3424
3588
3569
3657
3787
3724
3517
3408
3343
3383
3405
3428
3339
3282
3309
3350
3345
3128
2744
2486
2478
2495
2368
2286
2215
2124
2198
2277
2285
2425
2553
2625
2523
2412
2013
1406
733
405
693
1460
2613
3898
5286
6328
6700
6508
5653
4490
3314
2006
783
-320
-1198
-1448
-935
96
1411
2687
3816
4730
5058
4831
4175
3392
2181
832
-524
-1670
-2281
-2132
-1620
-802
303
1396
2329
3053
3492
3488
3102
2305
1405
292
-883
-1557
-1815
-1764
-1564
-1033
-220
652
1374
2010
2338
2398
2190
1717
1118
295
-572
-1273
-1768
-1890
-1789
-1467
-942
-431
54
518
790
864
691
329
-211
-712
-872
-980
-1238
-1315
-1150
-828
-459
-77
374
599
491
288
75
-115
-364
-578
-804
-844
-894
-980
-903
-597
-136
125
193
275
402
476
517
304
-126
-632
-1359
-2222
-3167
-3936
-4515
-4867
-5230
-5278
-4970
-4273
-3552
-2663
-1600
-903
-499
-441
-567
-933
-1691
-2489
-3255
-3967
-4341
-4432
-4081
-3607
-3000
-2186
-1240
-283
423
813
901
561
123
-211
-609
-1150
-1524
-1623
-1644
-1602
-1118
-332
392
986
1497
1947
2143
2173
2056
1890
1659
1227
988
1208
1459
1854
2495
2834
2968
2614
2155
1550
956
604
464
451
778
1293
1985
2881
3630
4095
4090
3924
3434
2756
1957
1187
496
98
419
1128
2053
3287
4522
5706
6409
6842
6979
6517
5761
5031
4313
3515
2802
2429
2423
2837
3936
5493
7109
8730
9880
10334
10412
9632
8336
6853
5123
3379
1990
1096
923
1072
1712
2758
3976
5054
5824
6249
6306
5888
4951
3617
2279
956
-129
-927
-1385
-1334
-1026
-302
531
1547
2306
2653
2914
2850
2282
1435
608
-441
-1594
-2435
-2799
-2867
-2850
-2408
-1734
-840
75
751
1085
1183
954
471
-197
-819
-1490
-2020
-2442
-2317
-2045
-1612
-998
-230
461
980
1365
1450
1504
1323
857
579
424
373
310
315
699
1206
1711
2108
2414
2500
2417
2259
2113
1744
1418
1333
1357
1218
920
936
1039
1159
1276
1308
1461
1535
1559
1725
1674
1332
948
512
-57
-858
-1796
-2657
-3416
-4102
-4480
-4646
-4539
-4134
-3394
-2469
-1615
-1057
-746
-591
-782
-1269
-1803
-2536
-3475
-4176
-4694
-5025
-5154
-4757
-3883
-3147
-2362
-1673
-1063
-748
-703
-746
-897
-1532
-2395
-3001
-3545
-3914
-4076
-3995
-3504
-2839
-2175
-1424
-820
-378
11
23
198
54
-384
-762
-1288
-1866
-2333
-2134
-1796
-1324
-714
42
896
1408
1703
1663
1363
956
598
-98
-658
-981
-1267
-1336
-1139
-525
32
487
895
1101
970
558
-74
-775
-1547
-2296
-2857
-3042
-2871
-2499
-2055
-1661
-1333
-1148
-1035
-907
-1257
-2344
-3694
-4787
-5590
-5753
-4916
-3513
-1697
-3
1152
1817
1673
825
-498
-2097
-3883
-5810
-7321
-8238
-8163
-7357
-6074
-4455
-2573
-1099
-80
448
441
-163
-1331
-2811
-4326
-5666
-6601
-7042
-6865
-6036
-4982
-3734
-2422
-1237
-218
291
223
-237
-838
-1597
-2554
-3597
-4320
-4571
-4581
-4119
-3370
-2350
-1282
-275
689
1271
1340
979
496
-80
-834
-1414
-1918
-2414
-2572
-2330
-1994
-1439
-637
13
366
635
706
524
273
-80
-441
-782
-1124
-1297
-1127
-1032
-969
-662
-188
449
770
688
581
357
299
85
-293
-720
-1003
-822
-534
-321
-17
248
401
569
825
1101
1188
1098
1125
951
349
-373
-1209
-1966
-2533
-3101
-3415
-3463
-3152
-2682
-2028
-1010
126
1039
1867
2346
2350
2087
1680
993
238
-324
-677
-834
-803
-298
562
1417
2456
3323
3910
4227
4524
4639
4367
3773
3168
2689
2165
1745
1572
1793
2197
2662
3111
3465
3936
4435
4715
4654
4352
4095
3776
3555
3191
2909
2976
3019
3047
3374
3643
3663
3806
4046
4153
4202
4137
3984
3782
3469
3130
3119
3194
3261
3269
3313
3300
3240
3304
3203
3076
2962
2736
2508
2308
2169
2078
2091
2173
2291
2567
2601
2517
2695
2824
2857
2732
2159
1404
786
551
886
1494
2600
4006
5365
6382
6867
6809
6260
5224
4038
2745
1560
773
319
216
491
1362
2673
4024
5235
5984
6260
6066
5436
4670
3712
2527
1238
232
-239
-114
243
908
1996
3147
4069
4660
5096
5107
4814
4204
3392
2254
1243
554
183
157
448
1012
1879
2735
3312
3716
4128
4250
3938
3484
2955
2234
1469
878
444
177
281
589
1108
1643
2239
2756
2973
2827
2633
2388
1870
1454
1269
1090
797
676
893
1201
1535
1969
2297
2448
2564
2714
2619
2325
1946
1826
1805
1639
1578
1710
1879
2030
2262
2511
2739
2849
2970
3159
3293
3170
2882
2540
1927
999
-122
-879
-1331
-1692
-2020
-2063
-1699
-1036
-272
498
1378
2088
2585
2718
2443
2016
1482
720
-136
-803
-1361
-1496
-1023
-321
485
1199
2150
2950
3416
3569
3459
3001
2562
2194
1469
700
251
-55
-40
276
703
1025
1512
2031
2329
2556
2592
2530
2256
1676
1330
1166
917
687
591
755
979
1059
1276
1561
1761
1823
1796
1724
1642
1514
1367
1224
1096
1045
939
719
647
721
898
821
696
569
315
-28
-217
-245
-261
-262
-405
-566
-567
-505
-478
-461
-333
-263
-294
-364
-610
-1140
-1738
-2253
-2147
-1431
-234
1186
2564
3809
4415
4397
3897
2973
1439
-206
-1738
-2987
-3917
-4286
-4050
-3124
-1597
-57
1385
2434
2985
3018
2704
1824
559
-801
-2280
-3588
-4438
-4655
-4433
-3664
-2526
-1213
-96
565
1157
1532
1237
518
-386
-1462
-2484
-3386
-4009
-4348
-4239
-3664
-2733
-1713
-941
-306
256
541
637
240
-471
-1138
-1780
-2503
-3067
-3291
-3206
-2946
-2635
-2196
-1667
-1198
-856
-728
-660
-660
-924
-1342
-1873
-2077
-2089
-2111
-1918
-1555
-1090
-787
-474
-123
109
149
-73
-381
-583
-792
-949
-887
-898
-907
-698
-402
-125
346
675
685
763
1007
1130
1146
950
579
-6
-831
-1900
-2960
-3598
-3957
-4312
-4420
-3965
-3185
-2227
-1393
-652
200
838
1126
1052
727
63
-584
-1477
-2270
-2723
-2894
-2624
-2034
-1520
-793
154
1169
1929
2188
2387
2180
1512
875
333
-362
-900
-1096
-1178
-1152
-869
-428
275
904
1456
1599
1627
1616
1468
1174
854
531
316
66
-40
-5
290
661
843
1098
1479
1758
1960
1828
1672
1699
1429
1226
1230
1246
1218
1057
945
1044
1178
1174
1208
1200
907
447
160
-18
-188
-262
-250
-50
179
196
244
352
432
429
302
231
173
101
-112
-196
10
578
