-5154
-4760
-4348
-4202
-4067
-3948
-4037
-4280
-4584
-4881
-5103
-5177
-5239
-5266
-5073
-4882
-4600
-4428
-4272
-4034
-3853
-3817
-3844
-3867
-3919
-4135
-4624
-5431
-6231
-7158
-7972
-8594
-8977
-8995
-8837
-8234
-7289
-6430
-5514
-4703
-4084
-3807
-3774
-4085
-4830
-5667
-6427
-7041
-7335
-7400
-7215
-6686
-5617
-4440
-3476
-2770
-2251
-1637
-1341
-1607
-2125
-2794
-3524
-4188
-4538
-4663
-4989
-4984
-4449
-3691
-2920
-2393
-2025
-1712
-1870
-2388
-3099
-4047
-4914
-5302
-5182
-4812
-4169
-3185
-2075
-1199
-873
-1333
-2372
-3981
-5946
-7907
-9697
-11217
-11831
-11643
-10645
-9154
-7461
-6072
-5101
-4641
-4805
-5492
-6857
-8811
-10766
-12297
-13024
-13070
-12063
-10370
-8057
-5522
-3178
-1111
372
1201
1212
517
-483
-1855
-3515
-5079
-6091
-6153
-5060
-3005
-245
2612
5169
7084
7715
7304
6400
4545
1953
-810
-3205
-5253
-6800
-7259
-6647
-5239
-3321
-1131
830
1994
2246
1711
584
-1020
-3183
-5695
-7995
-9787
-10782
-10626
-9628
-8251
-6775
-5315
-3964
-3074
-2969
-3410
-4387
-5776
-7414
-9217
-10917
-12059
-12681
-12750
-12308
-11368
-10014
-8552
-7314
-6206
-5437
-5142
-5608
-6475
-7662
-8822
-9879
-10889
-11604
-12145
-11916
-11259
-10434
-9130
-7889
-6831
-5927
-5177
-4661
-4487
-4363
-4510
-4621
-4526
-4542
-4114
-3501
-2987
-2428
-1762
-1210
-861
-737
-743
-870
-1015
-1162
-1361
-1527
-1656
-1628
-1582
-1563
-1500
-1424
-1296
-1258
-1387
-1557
-1696
-1817
-2203
-2530
-2867
-3381
-4060
-4644
-5099
-5291
-5535
-5933
-5953
-5784
-5411
-4786
-4186
-3625
-3111
-2588
-2363
-2655
-3356
-4196
-5201
-6103
-6978
-7633
-8063
-8300
-7979
-7439
-6770
-5938
-5099
-4458
-4234
-4253
-4265
-4240
-4396
-4830
-5370
-5770
-5981
-5707
-5149
-4341
-3458
-2699
-1799
-880
-54
413
852
1138
1357
1468
1353
1062
467
-480
-1532
-2585
-3695
-4530
-4600
-3681
-2027
-151
1647
3275
4386
4822
4865
4223
2844
928
-993
-2653
-3878
-4141
-3415
-1978
78
2251
4033
5405
6218
6369
5966
4801
3330
1763
266
-1029
-1580
-1263
-211
1531
3720
5556
6809
7546
7886
8029
7962
7834
7829
7758
7591
7303
6863
6552
6073
5281
4256
3065
1967
894
205
-189
-310
231
1128
2249
3245
4018
4561
4757
4429
3896
2970
1891
841
-420
-1495
-2157
-2315
-2129
-1809
-1190
-649
-186
233
365
205
-177
-905
-1869
-2854
-3646
-4336
-4733
-4622
-4593
-4717
-4777
-4569
-4212
-4020
-3996
-4239
-4611
-4637
-4717
-4962
-5232
-5354
-5165
-4872
-4717
-4447
-4205
-3809
-3596
-3558
-3642
-3851
-4130
-4518
-4796
-4766
-4698
-4432
-3972
-3367
-2898
-2375
-1716
-1297
-1093
-1102
-1105
-1210
-1457
-1629
-2046
-2474
-2857
-3062
-2927
-2730
-2575
-2370
-2109
-1981
-1824
-1343
-1027
-898
-1102
-1629
-2268
-3338
-4590
-5924
-7192
-8187
-8849
-9302
-9549
-9299
-8846
-8352
-7416
-6454
-5557
-4912
-4647
-4664
-5116
-5973
-7215
-8273
-8981
-9492
-9910
-9926
-9649
-9074
-8344
-7456
-6552
-5875
-5514
-5642
-5786
-5916
-6449
-7137
-7902
-8498
-8810
-8864
-8398
-7830
-7187
-6662
-6113
-5430
-4786
-4181
-3739
-3543
-3504
-3513
-3468
-3383
-3214
-2885
-2345
-1841
-1427
-1128
-971
-932
-709
-545
-508
-542
-529
-670
-965
-1174
-1208
-1149
-1050
-1081
-1254
-1262
-1040
-1008
-1151
-1421
-1672
-1847
-2037
-2248
-2518
-2485
-2469
-2525
-2337
-2215
-2091
-1944
-1903
-1848
-1886
-2038
-2671
-3465
-3906
-4041
-3715
-2822
-1615
-484
422
934
699
-53
-1176
-2527
-4111
-5623
-6740
-7541
-8058
-7944
-7070
-5672
-4119
-2692
-1878
-1483
-1529
-2120
-3134
-4493
-5899
-7314
-8421
-9106
-9223
-8794
-7729
-6389
-5034
-3799
-3036
-2676
-2659
-3130
-3829
-4667
-5776
-6933
-7786
-8373
-8626
-8344
-7542
-6778
-6049
-5151
-4320
-3539
-3015
-3100
-3539
-4159
-4825
-5445
-6024
-6531
-6954
-7146
-6852
-6225
-5724
-5084
-4751
-4632
-4513
-4528
-4780
-5120
-5486
-5980
-6405
-6689
-6636
-6630
-6321
-5874
-5589
-5468
-5605
-5622
-5636
-5733
-6013
-6416
-6669
-6879
-6901
-6766
-6649
-6582
-6205
-5776
-5665
-5713
-5523
-5162
-4796
-4731
-5069
-5584
-6032
-6679
-7588
-8588
-9355
-10048
-10749
-11100
-11180
-10764
-10016
-9192
-8146
-7114
-6427
-5995
-5711
-5798
-6339
-7167
-7964
-8931
-9748
-10097
-9970
-9723
-9156
-8389
-7435
-6367
-5471
-4665
-3989
-3629
-3698
-4051
-4461
-5025
-5639
-6070
-6194
-6263
-6026
-5532
-4798
-4013
-3285
-2578
-2139
-1855
-1580
-1396
-1369
-1456
-1644
-1786
-1708
-1582
-1323
-979
-707
-359
125
391
515
618
728
834
894
839
740
564
376
417
403
421
439
477
338
53
-303
-516
-559
-716
-902
-919
-986
-1143
-1100
-838
-742
-559
-354
-159
48
-85
-343
-469
-897
-1703
-2395
-2544
-2004
-867
318
1682
3096
4109
4511
4185
3218
1893
396
-1184
-2340
-3129
-3537
-3480
-2948
-2003
-480
1073
2062
2658
2629
2363
1742
608
-841
-2257
-3284
-3905
-4114
-3869
-3147
-2034
-956
-126
570
1091
1154
1028
528
-531
-1582
-2582
-3494
-4247
-4438
-4230
-3770
-3031
-2245
-1564
-843
-332
-209
-361
-719
-1313
-2092
-2920
-3503
-3923
-4424
-4608
-4449
-4115
-3706
-3042
-2448
-2121
-2006
-2186
-2287
-2493
-3012
-3418
-3692
-3800
-4003
-4109
-3839
-3607
-3352
-2807
-2518
-2499
-2590
-2712
-2805
-3097
-3421
-3728
-4029
-3882
-3645
-3466
-3344
-3164
-2876
-2643
-2489
-2375
-2263
-2253
-2405
-2514
-2816
-3403
-4171
-5146
-5996
-6807
-7469
-7958
-8091
-7825
-7257
-6525
-5847
-5027
-4239
-3692
-3378
-3363
-3587
-4251
-5061
-5973
-6847
-7492
-7616
-7588
-7187
-6417
-5676
-4852
-4108
-3327
-2610
-2334
-2373
-2640
-3069
-3650
-4153
-4588
-4982
-5091
-4978
-4449
-3732
-3094
-2484
-1888
-1301
-794
-522
-514
-555
-797
-1078
-1206
-1102
-1031
-901
-717
-426
-52
202
377
385
669
1021
1167
1136
1053
890
780
841
1021
1018
874
683
806
939
762
578
291
90
26
-69
-275
-494
-605
-526
-383
-409
-471
-322
-271
-208
-213
-267
-462
-841
-1535
-2153
-2443
-2330
-1632
-427
1101
2522
3417
3804
3640
2951
1786
485
-933
-2238
-3335
-4116
-4367
-3870
-2783
-1413
-63
1145
1939
2065
1758
1100
135
-1220
-2753
-4113
-5200
-5855
-5723
-4961
-3954
-2894
-1824
-966
-338
190
128
-427
-1428
-2604
-3676
-4592
-5220
-5568
-5588
-5114
-4481
-3884
-3027
-2168
-1475
-1123
-1022
-1367
-2214
-3093
-3616
-4193
-4857
-5435
-5457
-5234
-5022
-4761
-4253
-3713
-3404
-3072
-2911
-3060
-3442
-3985
-4435
-4781
-4934
-4962
-5090
-4964
-4789
-4495
-4126
-3921
-3695
-3590
-3587
-3688
-3765
-3951
-4301
-4453
-4601
-4817
-4848
-4663
-4293
-3996
-3886
-3859
-3807
-3702
-3523
-3387
-3394
-3693
-4295
-5086
-5831
-6769
-7649
-8467
-9104
-9167
-9096
-8885
-8288
-7329
-6302
-5375
-4796
-4436
-4243
-4629
-5256
-5932
-6775
-7585
-8184
-8580
-8536
-8090
-7629
-6831
-5921
-5042
-4167
-3480
-3073
-2899
-3110
-3489
-3932
-4480
-4939
-5197
-5233
-4987
-4600
-3963
-3166
-2532
-2107
-1721
-1211
-781
-784
-767
-788
-881
-1035
-1141
-954
-752
-738
-531
-15
288
404
593
908
1258
1527
1501
1435
1306
1222
1292
1386
1504
1549
1560
1434
1405
1374
1412
1366
1188
1049
777
511
464
420
374
502
538
554
561
645
854
858
827
716
401
-221
-1093
-1851
-2145
-1776
-916
324
1828
3055
3653
3605
3207
2613
1629
519
-690
-1734
-2368
-2656
-2478
-1676
-482
938
2015
2607
2813
2643
2169
1233
151
-966
-1938
-2836
-3449
-3487
-3050
-2219
-1019
206
1137
1620
1825
1817
1505
970
50
-998
-2009
-2790
-3169
-3203
-2897
-2288
-1300
-197
613
1109
1432
1488
1170
634
85
-671
-1535
-2083
-2263
-2372
-2397
-2216
-1838
-1429
-907
-366
-163
-265
-316
-454
-773
-1386
-1913
-2279
-2486
-2739
-2772
-2514
-2277
-1884
-1555
-1422
-1506
-1703
-1655
-1717
-1923
-2210
-2477
-2675
-2896
-2996
-2949
-2786
-2540
-2344
-2347
-2318
-2118
-2022
-2082
-1986
-2016
-2543
-3276
-3955
-4769
-5729
-6555
-7237
-7763
-7736
-7349
-6671
-5889
-5050
-4075
-3279
-2847
-2736
-2760
-3044
-3734
-4675
-5609
-6188
-6577
-6759
-6677
-6220
-5347
-4318
-3345
-2466
-1774
-1329
-1080
-1017
-1321
-1845
-2389
-2869
-3212
-3516
-3466
-3043
-2408
-1863
-1213
-555
72
535
740
920
897
807
705
532
343
354
411
446
708
1097
1538
1766
1942
2077
2329
2587
2623
2475
2350
2195
2066
2023
1996
1952
1855
2011
2004
2009
2023
1782
1503
1312
1176
1160
869
666
574
699
731
681
661
875
1098
1034
828
795
713
421
-64
-404
-203
536
1695
3103
4426
5427
5907
5964
5315
4055
2563
780
-855
-2153
-3069
-3432
-3396
-2816
-1389
450
2155
3647
4442
4499
4112
3154
1764
205
-1351
-2532
-3514
-4019
-4082
-3299
-2186
-1122
27
1060
1774
1868
1562
916
-119
-1289
-2488
-3814
-4749
-5076
-4881
-4333
-3413
-2554
-1773
-936
-525
-98
65
-236
-837
-1603
-2362
-3123
-3767
-4123
-4257
-4241
-4084
-3768
-3152
-2515
-2303
-2282
-2308
-2454
-2832
-3209
-3593
-3984
-4203
-4232
-4071
-3583
-3396
-3140
-2713
-2289
-2054
-2130
-2180
-2284
-2544
-2781
-2864
-3045
-3273
-3269
-3032
-2577
-2066
-1643
-1528
-1507
-1459
-1351
-1385
-1444
-1589
-2103
-2785
-3451
-4313
-5173
-5870
-6457
-6869
-6984
-6790
-6104
-5421
-4694
-3993
-3391
-2841
-2426
-2315
-2505
-3100
-3865
-4961
-6071
-6712
-6956
-6753
-6262
-5660
-4783
-4029
-3243
-2469
-2077
-1739
-1599
-1751
-2257
-2964
-3580
-4151
-4546
-4681
-4559
-4039
-3488
-2951
-2286
-1570
-1063
-611
-366
-282
-348
-523
-741
-882
-864
-766
-531
-341
-132
256
670
1060
1395
1607
1819
1966
2019
1882
1602
1546
1598
1747
1929
1994
1940
1912
1997
2045
1976
1833
1549
1437
1448
1448
1208
1019
1054
1182
1188
1251
1286
1209
1274
1393
1598
1395
792
134
-586
-1138
-1083
-512
296
1468
2826
3792
4282
4192
3489
2499
1394
-39
-1352
-2284
-2833
-2768
-2110
-1120
64
1282
2514
3379
3940
3769
2873
1753
428
-987
-2444
-3588
-4066
-3868
-3306
-2373
-1258
-36
893
1588
2063
2017
1647
919
25
-895
-1986
-2712
-3077
-3150
-2924
-2232
-1225
-258
613
1222
1621
1726
1313
644
-21
-697
-1372
-2056
-2455
-2392
-2380
-2165
-1676
-1091
-492
-51
107
82
103
-87
-625
-1134
-1370
-1725
-1873
-1817
-1678
-1335
-1088
-993
-577
-349
-574
-874
-1096
-1240
-1376
-1566
-1827
-2057
-2218
-2174
-1954
-1728
-1555
-1387
-1345
-1265
-1106
-1140
-1039
-1003
-1209
-1840
-2643
-3424
-4281
-5266
-5898
-6269
-6590
-6563
-6224
-5628
-4846
-4015
-3161
-2453
-2058
-1941
-2240
-2885
-3688
-4469
-5124
-5666
-5929
-5947
-5724
-5035
-4247
-3267
-2257
-1536
-1040
-568
-273
-403
-844
-1411
-1895
-2145
-2373
-2622
-2603
-2174
-1725
-1148
-473
284
937
1455
1730
1711
1546
1557
1579
1585
1461
1426
1616
1891
2128
2351
2667
3082
3322
3385
3518
3719
3790
3658
3379
3250
3258
3260
3284
3224
3362
3276
3099
3142
3059
2916
2732
2634
2439
2204
2015
2045
2085
1985
2062
2267
2451
2549
2467
2332
2294
2234
1955
1288
496
70
162
782
2004
3318
4676
5652
6135
6046
5456
4604
3342
1998
807
-264
-1135
-1676
-1419
-358
1083
2436
3400
4255
4774
4848
4479
3532
2368
969
-398
-1492
-1977
-2090
-1740
-832
193
1239
2160
2790
3020
3015
2785
2180
1265
143
-916
-1758
-2306
-2508
-2126
-1441
-543
261
1117
1754
2029
2073
1795
1334
670
-120
-836
-1453
-1965
-2106
-2161
-2078
-1683
-1104
-517
-150
10
61
-10
-375
-789
-1182
-1691
-2044
-2245
-2302
-2188
-2058
-1896
-1581
-1186
-924
-791
-853
-837
-951
-1260
-1500
-1617
-1865
-2084
-2148
-2062
-1809
-1416
-984
-789
-885
-844
-641
-627
-696
-896
-1334
-1918
-2687
-3534
-4315
-5026
-5688
-6146
-6120
-5826
-5323
-4574
-3767
-2957
-2245
-1770
-1535
-1705
-2066
-2588
-3317
-4146
-4977
-5545
-5815
-5590
-5060
-4373
-3532
-2598
-1754
-941
-404
-261
-437
-835
-1275
-1812
-2403
-2859
-2971
-2724
-2324
-2059
-1655
-803
140
708
938
1128
1300
1475
1425
1145
997
978
893
951
1216
1430
1627
1833
2311
2872
3032
3035
2961
3044
3019
2959
3038
2883
2686
2678
2833
2696
2658
2772
2816
2788
2533
2478
2373
2223
2081
1902
1869
1858
1899
1977
2026
2132
2157
2060
2023
2072
1899
1613
1264
497
-21
-127
301
1281
2512
3942
5195
5930
5985
5548
4768
3669
2354
1053
-151
-1143
-1548
-1416
-792
224
1545
2825
3763
4409
4562
4248
3503
2348
974
-364
-1551
-2378
-2726
-2592
-1871
-888
47
1119
2189
2749
2667
2500
1997
1095
-70
-1217
-1988
-2547
-2784
-2862
-2550
-1785
-811
168
883
1268
1377
1314
1107
626
-45
-819
-1507
-1971
-2310
-2442
-2168
-1751
-1341
-749
-182
125
270
150
-210
-647
-1159
-1592
-1927
-2052
-2070
-2108
-1901
-1674
-1380
-979
-799
-615
-485
-512
-682
-1027
-1232
-1280
-1494
-1722
-2011
-1823
-1516
-1235
-1115
-883
-665
-570
-211
-139
-292
-448
-807
-1389
-2198
-2966
-3730
-4617
-5439
-5934
-5983
-5723
-5341
-4764
-3748
-2777
-2077
-1530
-1229
-1034
-1240
-1721
-2610
-3634
-4494
-5063
-5365
-5307
-4880
-4120
-3287
-2371
-1576
-731
-214
252
394
101
-474
-1001
-1519
-1936
-2127
-2158
-2064
-1607
-905
-147
558
1046
1528
2037
2274
2339
2187
2026
1851
1747
1701
1752
1926
2142
2450
2811
3117
3433
3811
4089
4195
4207
4203
4318
4140
3930
3731
3595
3453
3511
3642
3694
3600
3473
3400
3162
3108
2972
2808
2730
2719
2865
2901
2830
2713
2617
2674
2752
2807
2735
2754
2628
2195
1585
962
627
813
1650
2812
4191
5620
6582
6965
6660
5882
4818
3524
2147
909
22
-551
-717
-272
696
2025
3225
4358
5075
5176
5113
4581
3603
2326
1022
-332
-1367
-1710
-1527
-1084
-300
817
1905
2794
3278
3571
3516
2971
2240
1291
328
-789
-1674
-1918
-1760
-1351
-845
25
898
1781
2405
2477
2499
2261
1735
1024
246
-539
-1131
-1478
-1596
-1497
-1148
-754
-219
414
859
927
873
709
432
40
-453
-747
-1043
-1320
-1431
-1323
-1042
-590
-116
141
229
314
400
350
-45
-398
-532
-734
-861
-737
-662
-637
-379
-93
58
248
530
621
517
377
323
299
-254
-1035
-1886
-2682
-3389
-4057
-4700
-5012
-4859
-4453
-4016
-3412
-2510
-1679
-858
-404
-420
-579
-956
-1736
-2585
-3511
-3995
-4151
-4184
-4105
-3549
-2813
-1925
-1072
-231
506
919
1066
707
136
-262
-597
-1044
-1328
-1419
-1365
-1216
-684
172
863
1400
1746
2067
2299
2371
2268
1827
1360
1092
1167
1550
1876
2257
2657
2758
2844
2923
2564
1905
1362
996
626
447
645
1313
2157
3014
3753
4191
4315
4182
3541
2758
2033
1272
652
447
707
1299
2239
3540
4834
5865
6609
7019
7129
6749
5995
5236
4496
3812
3189
2760
2720
3220
4115
5472
7110
8669
9833
10368
10130
9230
7962
6503
4876
3167
1813
1049
811
969
1696
2830
4014
5094
5817
6074
5803
5282
4515
3222
1723
555
-354
-1104
-1496
-1477
-881
-29
855
1685
2238
2589
2679
2422
1890
899
-155
-1036
-1838
-2583
-3169
-3244
-2854
-2171
-1439
-781
-176
518
1058
1121
599
-103
-705
-1301
-1953
-2548
-2786
-2554
-2173
-1846
-1184
-391
269
676
1102
1326
1140
804
539
339
159
123
157
343
625
941
1184
1502
1883
2254
2190
2032
1739
1527
1376
1142
887
861
993
990
869
914
1057
1299
1462
1286
1209
1322
1322
1187
845
327
-253
-1035
-1918
-2739
-3524
-4163
-4519
-4487
-4241
-3831
-3374
-2604
-1846
-1237
-771
-456
-586
-1082
-1879
-2854
-3770
-4448
-4917
-5106
-4964
-4689
-4040
-3094
-2210
-1589
-1142
-844
-654
-742
-1182
-1791
-2422
-2964
-3533
-3910
-3866
-3661
-3360
-2800
-2088
-1262
-705
-357
-89
-52
17
93
-413
-982
-1589
-2013
-2221
-2135
-1886
-1511
-807
199
798
1054
1313
1544
1297
861
275
-360
-874
-1183
-1268
-1260
-992
-422
161
694
1052
1131
946
617
-20
-764
-1434
-2218
-2653
-2907
-2757
-2570
-2194
-1626
-1221
-957
-802
-988
-1671
-2798
-3828
-4962
-5910
-5923
-5042
-3446
-1804
-249
982
1628
1422
578
-680
-2461
-4237
-6084
-7454
-8025
-7867
-7245
-6197
-4637
-2888
-1257
-180
220
16
-604
-1712
-3327
-4712
-5902
-6848
-7185
-6882
-6103
-4985
-3644
-2281
-1098
-283
-5
-154
-541
-1196
-2106
-3208
-4316
-5015
-5265
-5044
-4292
-3332
-2278
-1278
-337
336
805
1023
824
153
-496
-1111
-1865
-2467
-2758
-2775
-2440
-1876
-1196
-520
-27
280
467
389
114
-189
-608
-1041
-1524
-1783
-1904
-1872
-1661
-1369
-938
-433
-188
-194
-196
-262
-456
-667
-818
-968
-1175
-1324
-1279
-1024
-641
-329
-142
37
343
525
610
606
718
831
663
115
-609
-1272
-2081
-2823
-3293
-3491
-3392
-3189
-2769
-1983
-1038
-210
635
1302
1699
1748
1663
1231
552
-82
-735
-1193
-1423
-1279
-781
-71
764
1733
2747
3447
3845
4027
4067
3737
3205
2569
2129
1718
1354
1240
1427
1880
2363
2838
3397
3844
4080
4214
4149
4022
3797
3488
3242
2941
2758
2626
2553
2645
2876
3294
3628
3868
3933
3809
3665
3644
3508
3460
3247
3162
3192
2999
2987
3115
3091
3192
3218
3067
2822
2705
2485
2212
2039
2007
1944
1988
2021
2029
2079
2118
2204
2351
2450
2498
2407
2139
1731
1062
225
-538
-545
54
1015
2283
3624
4632
5090
4917
4369
3795
3071
2205
1122
408
54
-15
475
1378
2603
3813
4671
5168
5383
5234
4562
3652
2578
1403
493
-238
-502
-105
511
1295
2367
3491
4269
4738
4888
4769
4212
3563
2842
1900
946
366
120
248
773
1425
2304
3089
3710
4206
4474
4516
4181
3635
2956
2325
1773
1170
896
915
1167
1389
1725
2197
2692
2981
3224
3274
3191
2867
2162
1747
1407
1048
721
554
611
872
1167
1462
1682
1776
1872
1834
1749
1623
1524
1305
1254
1292
1192
1127
1337
1598
1699
1643
1799
2061
2235
2284
2439
2337
1890
1479
1010
258
-613
-1424
-2031
-2415
-2747
-2801
-2328
-1635
-1016
-229
652
1378
1842
2045
1911
1464
614
-237
-847
-1332
-1780
-1899
-1586
-1087
-238
912
1723
2384
2744
2996
3004
2919
2583
1948
1265
724
298
91
202
429
807
1101
1578
2011
2292
2656
2767
2603
2213
1755
1280
913
720
573
646
665
717
836
1031
1281
1489
1609
1587
1524
1380
1291
1296
1051
747
469
386
384
387
387
441
413
403
400
165
-180
-567
-773
-815
-883
-979
-959
-902
-925
-995
-748
-666
-706
-695
-857
-1032
-1340
-1627
-1778
-1450
-598
723
2173
3569
4611
5012
4704
3793
2379
686
-1282
-3101
-4301
-4925
-5193
-4813
-3409
-1662
139
1690
2903
3634
3667
3083
2100
579
-1149
-2757
-4106
-4947
-5348
-5058
-3946
-2907
-1803
-508
556
1196
1289
970
233
-796
-2104
-3439
-4413
-5097
-5364
-5190
-4602
-3646
-2577
-1509
-612
-76
145
92
-311
-945
-1665
-2397
-3045
-3586
-3888
-4041
-3954
-3576
-3084
-2599
-2134
-1815
-1732
-1895
-2065
-2277
-2432
-2743
-2892
-2774
-2685
-2425
-2073
-1704
-1305
-900
-673
-454
-307
-296
-549
-896
-1204
-1425
-1424
-1302
-1114
-770
-287
201
528
722
787
801
827
1036
1066
819
425
-169
-809
-1657
-2509
-3112
-3524
-3655
-3682
-3319
-2748
-2139
-1279
-434
261
617
792
1001
854
169
-803
-1465
-2119
-2806
-3048
-2856
-2460
-1686
-585
239
954
1377
1562
1682
1472
955
561
98
-664
-1095
-1392
-1509
-1289
-984
-616
-245
213
777
1134
1290
1214
1076
961
685
271
-41
-229
-270
-387
-294
52
474
880
1049
1091
1208
1214
1233
1270
1130
967
946
938
963
1004
1082
982
1020
1311
1360
1302
1064
758
501
386
289
208
122
99
226
298
367
509
606
639
774
993
820
271
-321
-581
-570
-305
