-4899
-4602
-4231
-3853
-3819
-3918
-3813
-4061
-4418
-4615
-4803
-5054
-5084
-5018
-4896
-4486
-4081
-3980
-3855
-3752
-3569
-3382
-3419
-3502
-3820
-4235
-4776
-5520
-6414
-7278
-8078
-8657
-8938
-8836
-8350
-7832
-7214
-6388
-5462
-4535
-3812
-3500
-3580
-4065
-4904
-5695
-6231
-6707
-7197
-7305
-6834
-6144
-5408
-4562
-3442
-2475
-1758
-1388
-1264
-1477
-1974
-2597
-3282
-3836
-4340
-4547
-4465
-4334
-4058
-3531
-2858
-2255
-1952
-1715
-1581
-1961
-2922
-3874
-4511
-4725
-4861
-4547
-3770
-2965
-1975
-946
-558
-926
-2069
-3856
-5821
-7933
-9657
-11065
-11835
-11681
-10836
-9250
-7538
-6127
-5064
-4520
-4864
-5993
-7450
-8994
-10633
-12202
-13190
-13243
-12345
-10514
-8086
-5552
-3118
-998
408
1096
995
282
-927
-2129
-3523
-5097
-6232
-6152
-4900
-2502
341
3126
5631
7380
8147
7946
6702
4778
2437
-177
-2928
-5426
-7035
-7395
-6794
-5393
-3389
-1302
489
1679
2173
1850
925
-761
-3000
-5531
-7829
-9693
-10852
-11188
-10444
-9005
-7307
-5642
-4341
-3518
-3156
-3362
-4102
-5360
-6928
-8806
-10667
-12005
-12700
-12944
-12520
-11749
-10346
-8776
-7493
-6344
-5721
-5540
-5830
-6663
-7813
-8959
-10133
-11135
-11713
-12190
-12239
-11699
-10649
-9497
-8354
-7336
-6522
-5698
-5066
-4845
-4606
-4524
-4417
-4332
-4370
-4026
-3435
-2866
-2272
-1713
-1183
-792
-603
-451
-414
-794
-1034
-1185
-1382
-1670
-1807
-1734
-1538
-1233
-1175
-1204
-1304
-1436
-1643
-1876
-2183
-2508
-2670
-2876
-3272
-3849
-4602
-5299
-5825
-6074
-6322
-6416
-6256
-5771
-5049
-4472
-3666
-2933
-2514
-2421
-2674
-3241
-4169
-5185
-6119
-6939
-7583
-8053
-8319
-8162
-7465
-6598
-5794
-5158
-4741
-4280
-3998
-4083
-4493
-4943
-5351
-5768
-6004
-6053
-5904
-5356
-4616
-3960
-3112
-2058
-1123
-479
151
647
874
1034
1115
1038
821
271
-631
-1732
-2907
-4036
-4836
-4855
-3928
-2320
-374
1595
3256
4553
5224
5195
4344
2824
847
-1079
-2645
-3705
-3652
-3013
-1830
129
2313
4131
5521
6493
6617
6049
4885
3351
1737
133
-936
-1340
-1054
-49
1667
3834
5737
6983
7758
8169
8406
8399
8307
8252
8254
8222
7982
7685
7243
6397
5516
4614
3599
2441
1274
401
-98
-261
157
1042
2207
3167
3989
4681
4962
4847
4337
3521
2596
1427
114
-1052
-1980
-2447
-2463
-2078
-1509
-863
-191
412
705
750
419
-227
-951
-2007
-3125
-3960
-4481
-4682
-4775
-4751
-4638
-4335
-3983
-3879
-3967
-4166
-4205
-4222
-4438
-4778
-4969
-4828
-4793
-4596
-4402
-4353
-4247
-3970
-3774
-3820
-4133
-4263
-4335
-4191
-4192
-4331
-4162
-3808
-3352
-2855
-2341
-1759
-1253
-813
-583
-493
-464
-658
-1129
-1519
-1655
-2017
-2457
-2777
-3024
-3029
-2688
-2317
-1976
-1628
-1403
-1155
-1083
-1095
-1132
-1510
-2263
-3465
-4821
-6232
-7639
-8895
-9746
-10167
-10272
-10144
-9596
-8699
-7688
-6415
-5206
-4735
-4654
-4752
-5030
-5665
-6796
-7897
-8817
-9523
-10168
-10383
-9977
-9191
-8319
-7482
-6707
-6159
-5843
-5715
-5968
-6355
-6675
-7194
-7853
-8424
-8664
-8687
-8660
-8329
-7678
-6843
-6156
-5428
-4843
-4404
-4007
-3700
-3495
-3288
-3367
-3201
-2680
-2476
-2289
-1856
-1354
-1012
-756
-516
-180
37
-44
-244
-559
-807
-1013
-1043
-1170
-1205
-1240
-1227
-1164
-1061
-951
-1042
-1271
-1537
-1839
-1992
-2179
-2400
-2630
-2812
-2833
-2745
-2586
-2418
-2294
-2222
-2124
-2040
-2004
-2210
-2748
-3523
-4190
-4350
-3877
-2892
-1554
-225
618
1088
956
314
-736
-2158
-3792
-5436
-6876
-7873
-8249
-7887
-6975
-5903
-4579
-3142
-2001
-1369
-1504
-2084
-3055
-4429
-5768
-7182
-8407
-9167
-9361
-9000
-8191
-6891
-5343
-4085
-3197
-2636
-2523
-2766
-3416
-4346
-5586
-6876
-7933
-8433
-8404
-8038
-7458
-6791
-5971
-4968
-4229
-3530
-3136
-3072
-3325
-3992
-4796
-5493
-6187
-6561
-6644
-6735
-6648
-6342
-5968
-5429
-4879
-4515
-4420
-4538
-4790
-5054
-5317
-5809
-6192
-6416
-6544
-6612
-6503
-6213
-5781
-5368
-5127
-5141
-5223
-5543
-5975
-6216
-6408
-6599
-6620
-6585
-6573
-6485
-6225
-5915
-5522
-5412
-5482
-5253
-5079
-5098
-5427
-5680
-5880
-6418
-7450
-8526
-9540
-10193
-10835
-11420
-11550
-11090
-10326
-9332
-8290
-7278
-6326
-5597
-5410
-5707
-6219
-6874
-7652
-8491
-9153
-9529
-9783
-9575
-8865
-7984
-6900
-5945
-5113
-4330
-3826
-3545
-3520
-3701
-4102
-4744
-5482
-5960
-6043
-5906
-5642
-5274
-4679
-3969
-3343
-2536
-1930
-1565
-1190
-937
-1044
-1183
-1283
-1394
-1542
-1470
-1165
-886
-613
-321
78
680
907
1048
1138
1154
1167
1163
914
857
959
1000
853
748
612
486
475
414
148
2
-160
-521
-804
-956
-935
-993
-1067
-923
-619
-435
-391
-261
-96
1
-78
-231
-613
-1198
-1737
-2035
-1594
-500
936
2382
3493
4523
4892
4373
3486
2246
858
-557
-1872
-2914
-3441
-3476
-2839
-1557
-299
993
2185
2909
3038
2700
1994
863
-577
-2042
-3290
-4013
-4179
-3868
-3116
-2109
-1049
-249
661
1210
1325
1147
744
-74
-1281
-2192
-3023
-3882
-4398
-4297
-3821
-3013
-2230
-1492
-861
-309
-113
-128
-441
-1026
-1626
-2390
-3168
-3794
-4295
-4368
-4178
-3737
-3181
-2697
-2294
-1881
-1684
-1677
-1857
-2327
-2689
-3094
-3474
-3640
-3680
-3624
-3384
-3074
-2774
-2428
-2070
-1937
-1931
-2041
-2166
-2441
-2859
-3164
-3333
-3393
-3371
-3314
-3208
-2889
-2581
-2472
-2404
-2286
-2158
-1987
-1975
-2180
-2742
-3488
-4275
-5309
-6318
-7086
-7675
-8090
-8167
-7959
-7540
-6846
-5922
-4901
-3992
-3282
-3003
-3192
-3582
-4142
-5129
-5911
-6664
-7335
-7732
-7799
-7233
-6398
-5469
-4643
-3825
-3063
-2576
-2241
-2178
-2389
-2770
-3276
-3876
-4322
-4595
-4647
-4391
-3978
-3428
-2932
-2365
-1642
-972
-497
-479
-499
-524
-429
-376
-617
-929
-1170
-1016
-709
-483
-120
435
962
1355
1686
1547
1295
1139
1092
1059
994
1040
997
820
915
897
875
862
774
664
477
228
44
-91
-331
-476
-517
-380
-188
-289
-396
-366
-287
-259
-228
-283
-350
-878
-1674
-2304
-2476
-2218
-1454
-394
1053
2557
3633
4084
3916
3223
1996
575
-619
-2071
-3364
-4277
-4562
-4077
-2994
-1706
-387
797
1567
1927
1646
949
-103
-1365
-2749
-3929
-4973
-5646
-5637
-5063
-4220
-3231
-2078
-1065
-434
-88
-28
-445
-1127
-2044
-3223
-4312
-5182
-5820
-6017
-5675
-4966
-4034
-3014
-2230
-1779
-1214
-1123
-1520
-2107
-2847
-3705
-4519
-5102
-5619
-5806
-5696
-5362
-4979
-4215
-3535
-3247
-3176
-3287
-3429
-3591
-3933
-4460
-4735
-4774
-4794
-5015
-4889
-4642
-4418
-4043
-3721
-3432
-3300
-3323
-3512
-3777
-4308
-4601
-4669
-4681
-4610
-4702
-4626
-4493
-4230
-3966
-3953
-3861
-3587
-3353
-3316
-3415
-3811
-4497
-5171
-6179
-7241
-8066
-8879
-9387
-9506
-9270
-8951
-8437
-7434
-6272
-5244
-4489
-4215
-4234
-4462
-4864
-5585
-6469
-7155
-7815
-8397
-8758
-8550
-7837
-6951
-5822
-4798
-3969
-3263
-2800
-2644
-2844
-3429
-4001
-4393
-4820
-5174
-5391
-5308
-4897
-4239
-3463
-2766
-2017
-1324
-767
-474
-491
-466
-435
-596
-761
-990
-1087
-1102
-838
-402
-17
433
827
1027
1205
1447
1715
1827
1637
1431
1252
1204
1352
1328
1214
1268
1375
1361
1323
1354
1221
857
669
508
299
132
142
152
266
420
565
709
783
705
606
762
755
376
-368
-1111
-1661
-1929
-1594
-715
548
1950
3107
3856
3917
3411
2652
1614
284
-844
-1739
-2367
-2537
-2322
-1579
-319
858
1790
2590
3032
2906
2293
1379
266
-1017
-2119
-2877
-3308
-3371
-3090
-2212
-1143
-171
895
1629
2031
2110
1863
1205
243
-816
-1695
-2483
-2898
-3027
-2838
-2249
-1407
-372
481
922
1245
1455
1292
706
11
-681
-1245
-1843
-2368
-2720
-2618
-2330
-2025
-1526
-933
-421
-62
27
-207
-675
-1097
-1501
-1820
-2192
-2561
-2608
-2552
-2405
-2156
-1838
-1751
-1641
-1491
-1466
-1714
-1878
-1944
-2277
-2819
-2960
-3015
-2878
-2588
-2564
-2352
-2258
-2262
-2131
-2041
-1901
-1905
-1803
-1874
-2460
-3340
-4162
-4980
-5838
-6655
-7432
-7922
-8082
-7702
-6994
-6186
-5239
-4252
-3443
-2951
-2872
-2839
-3040
-3689
-4538
-5402
-5886
-6468
-6596
-6315
-5909
-5361
-4481
-3330
-2386
-1624
-1216
-1020
-941
-1127
-1669
-2248
-2765
-3218
-3404
-3347
-3099
-2744
-2179
-1326
-612
50
575
846
913
1112
1145
1080
833
686
552
550
698
987
1208
1488
1817
2218
2528
2664
2624
2534
2480
2455
2337
2141
2034
2067
2015
1918
1881
1821
1641
1518
1615
1477
1077
760
744
603
409
632
770
652
664
867
896
782
778
857
903
742
433
-67
-414
-181
778
1930
3263
4696
5846
6464
6331
5680
4482
2946
1193
-559
-2177
-3223
-3599
-3237
-2597
-1321
489
2161
3562
4391
4626
4308
3245
1739
245
-1126
-2634
-3788
-4323
-4389
-3827
-2772
-1277
37
917
1482
1809
1662
1077
69
-1096
-2293
-3399
-4449
-5074
-4961
-4542
-3723
-2729
-1934
-1024
-347
86
119
-136
-703
-1551
-2391
-3253
-3987
-4605
-4759
-4639
-4352
-3910
-3377
-2865
-2609
-2477
-2382
-2393
-2602
-2913
-3299
-3536
-3575
-3444
-3422
-3260
-2861
-2460
-2144
-2109
-2059
-1925
-2011
-2164
-2512
-2737
-2675
-2755
-2923
-2805
-2648
-2355
-2172
-1948
-1712
-1561
-1504
-1520
-1595
-1637
-1822
-2221
-2976
-3829
-4739
-5535
-6218
-6932
-7543
-7536
-7189
-6769
-5919
-4956
-4036
-3180
-2667
-2485
-2487
-2739
-3300
-4099
-4992
-5795
-6416
-6732
-6841
-6547
-5851
-5003
-4106
-3219
-2553
-2016
-1573
-1645
-2085
-2631
-3217
-3797
-4232
-4354
-4296
-4342
-4150
-3452
-2589
-1744
-979
-416
-63
48
13
131
66
-145
-250
-234
-110
-74
113
516
820
1111
1592
2064
2297
2263
2208
2303
2471
2492
2281
2192
2202
2265
2217
2336
2414
2187
1979
1835
1990
1892
1678
1407
1246
1189
1143
1241
1346
1204
1221
1330
1349
1421
1536
1591
1465
1026
361
-320
-899
-890
-177
1020
2427
3568
4348
4732
4684
4153
3018
1684
444
-771
-1821
-2438
-2657
-2188
-1049
300
1633
2799
3551
3882
3658
2925
1867
650
-649
-2072
-3112
-3792
-3870
-3222
-2255
-1199
96
1347
2043
2395
2292
1982
1430
527
-563
-1633
-2395
-2718
-2654
-2281
-1734
-1063
-227
745
1418
1639
1587
1485
1165
593
-251
-1095
-1773
-2231
-2312
-2287
-2064
-1643
-1150
-467
159
188
-8
12
-87
-272
-802
-1099
-1400
-1601
-1700
-1680
-1455
-1063
-663
-445
-417
-529
-654
-710
-998
-1293
-1579
-1926
-2169
-2258
-2079
-1920
-1745
-1604
-1535
-1399
-1196
-1025
-925
-965
-1170
-1530
-2029
-2871
-3948
-4872
-5717
-6495
-7056
-7214
-7083
-6593
-5804
-4874
-3819
-2912
-2140
-1875
-2043
-2257
-2667
-3269
-4084
-4878
-5274
-5407
-5404
-5267
-4831
-4103
-3185
-2311
-1458
-719
-346
-201
-380
-690
-1086
-1524
-2047
-2470
-2685
-2436
-1962
-1392
-948
-178
452
953
1435
1690
1917
2079
2176
1916
1725
1618
1522
1595
1767
2054
2454
2702
3010
3322
3582
3677
3704
3719
3544
3455
3478
3339
3185
3087
3081
3076
3065
3043
2919
2859
2770
2685
2471
2152
2088
2050
2056
1930
1715
1601
1841
2068
2120
2174
2082
1987
1925
1589
1076
591
321
305
867
2095
3362
4749
5881
6438
6227
5617
4836
3713
2389
892
-379
-1226
-1523
-1258
-633
547
2020
3391
4304
4759
4777
4433
3463
2157
813
-364
-1255
-1964
-2404
-2227
-1438
-270
872
1834
2565
3036
3119
2858
2264
1496
350
-855
-1806
-2467
-2588
-2242
-1685
-914
-161
616
1332
1596
1698
1511
1149
505
-381
-1396
-2045
-2326
-2531
-2607
-2518
-2157
-1431
-768
-475
-219
-155
-223
-457
-709
-1072
-1566
-1976
-2201
-2280
-2389
-2035
-1485
-1018
-849
-853
-789
-719
-809
-949
-1297
-1651
-1888
-2002
-1905
-1747
-1674
-1564
-1340
-1079
-975
-1032
-794
-683
-591
-676
-936
-1342
-1875
-2736
-3773
-4498
-5175
-5786
-6076
-6132
-5930
-5395
-4691
-3843
-2877
-2128
-1626
-1422
-1611
-1983
-2610
-3358
-4112
-4792
-5358
-5614
-5584
-5114
-4235
-3228
-2108
-1352
-928
-522
-276
-360
-768
-1159
-1617
-2220
-2741
-2899
-2891
-2468
-1868
-1212
-574
-19
538
1027
1276
1368
1401
1469
1377
1101
914
929
1033
1277
1655
1906
2149
2489
2807
2947
3095
3382
3698
3624
3341
3176
2986
2933
2832
2922
3072
3156
3230
3172
2911
2705
2325
2104
2029
1969
1823
1669
1832
1852
1937
1989
2001
2048
2102
2227
2290
2132
1884
1336
726
289
172
369
1068
2451
3959
5403
6363
6540
6056
5212
4047
2756
1463
420
-676
-1462
-1387
-755
283
1523
2683
3798
4426
4508
4158
3476
2348
1076
-47
-1250
-2230
-2815
-2663
-1797
-798
262
1245
2096
2688
2903
2782
2234
1289
243
-852
-1829
-2422
-2654
-2433
-2004
-1383
-671
89
862
1509
1924
1899
1392
618
-227
-863
-1384
-1906
-2226
-2336
-2112
-1725
-1299
-903
-440
11
267
142
-186
-497
-839
-1341
-1609
-1613
-1715
-1728
-1526
-1281
-993
-711
-344
-263
-377
-386
-466
-624
-977
-1343
-1594
-1727
-1597
-1310
-1217
-961
-793
-632
-598
-555
-346
-239
-442
-818
-1080
-1398
-2119
-3026
-3971
-4985
-5737
-6027
-6130
-5874
-5398
-4753
-4001
-3195
-2329
-1581
-1169
-1136
-1517
-2226
-2885
-3741
-4422
-4866
-5172
-5065
-4585
-3972
-3338
-2500
-1603
-914
-349
-91
92
-78
-434
-893
-1509
-2079
-2356
-2292
-2164
-1808
-1202
-613
24
667
1203
1705
1923
2043
1939
1677
1500
1286
1257
1417
1675
1915
2099
2515
2846
3035
3297
3478
3597
3681
3570
3469
3458
3542
3394
3269
3293
3317
3294
3112
3008
2907
2784
2678
2484
2459
2391
2159
2042
2056
2138
2344
2459
2399
2244
2267
2438
2377
2281
2083
1785
1136
514
342
754
1537
2766
4169
5407
6399
6817
6550
5774
4687
3310
1899
626
-521
-1299
-1471
-1005
-33
1272
2716
4033
4923
5056
4731
4207
3296
2007
489
-1061
-2043
-2413
-2276
-1660
-719
309
1397
2237
2921
3322
3380
2904
2037
1110
134
-1044
-2003
-2355
-2181
-1763
-1112
-366
364
1067
1525
2018
2231
1977
1336
566
-192
-753
-1345
-1788
-1991
-1831
-1554
-1237
-792
-352
167
489
430
304
118
-142
-649
-1047
-1243
-1385
-1362
-1322
-1107
-638
-204
38
240
466
487
245
-48
-338
-568
-727
-707
-756
-965
-790
-396
-83
-18
-84
-38
189
371
267
44
-109
-453
-1322
-2433
-3411
-4114
-4806
-5235
-5352
-5251
-5109
-4605
-3734
-2741
-1714
-987
-606
-487
-600
-999
-1732
-2546
-3405
-4023
-4377
-4289
-4066
-3645
-2901
-2032
-1211
-442
217
640
682
634
434
-25
-677
-1202
-1438
-1545
-1587
-1490
-955
-270
445
1108
1692
2207
2377
2342
2232
1873
1549
1339
1118
1239
1600
2098
2667
2947
2924
2692
2133
1768
1399
855
397
174
352
966
1656
2491
3357
4015
4244
3978
3242
2235
1418
657
58
-233
70
706
1655
2703
3974
5121
5977
6646
6750
6283
5566
4796
3897
3128
2614
2327
2321
2726
3659
5096
6880
8489
9709
10417
10224
9370
8145
6443
4695
3128
1854
938
485
514
1064
2138
3519
4801
5536
5968
5823
5163
4201
2972
1594
148
-850
-1475
-1662
-1664
-1399
-619
478
1421
2263
2680
2855
2728
2220
1237
183
-835
-1846
-2622
-3052
-3149
-2982
-2372
-1396
-529
24
435
828
1032
701
131
-421
-1053
-1696
-2344
-2681
-2629
-2377
-1895
-1195
-519
205
682
911
865
950
1033
777
433
178
1
22
171
502
1039
1343
1676
2079
2303
2438
2327
2096
1697
1354
1067
1021
1115
1190
1113
1060
1184
1271
1448
1334
1222
1218
1286
1293
1273
961
414
-150
-931
-1964
-2778
-3462
-4086
-4547
-4861
-4712
-4197
-3435
-2513
-1760
-1168
-738
-581
-775
-1383
-2099
-2888
-3703
-4417
-4917
-5219
-5152
-4595
-3696
-2938
-2181
-1462
-877
-454
-305
-592
-1068
-1578
-2241
-2879
-3554
-3931
-4003
-3602
-3111
-2519
-1850
-1207
-801
-315
166
285
193
75
-126
-612
-1186
-1587
-1878
-1963
-1707
-1169
-407
317
1005
1445
1777
1893
1672
1218
690
154
-577
-1101
-1168
-1027
-892
-617
-45
460
804
1140
1168
871
306
-477
-1464
-2107
-2440
-2721
-2845
-2747
-2410
-1880
-1379
-867
-665
-846
-1351
-2155
-3319
-4654
-5406
-5351
-4537
-3134
-1398
115
1348
1843
1726
1056
-201
-1920
-3873
-5680
-7160
-7954
-8002
-7206
-6001
-4314
-2495
-1084
-157
212
-13
-793
-1858
-3247
-4690
-6001
-6993
-7362
-7052
-6178
-4775
-3335
-2012
-816
96
521
532
68
-659
-1647
-2742
-3642
-4203
-4431
-4425
-4089
-3314
-2194
-1069
-193
515
967
1232
1041
561
1
-837
-1727
-2256
-2724
-2770
-2336
-1686
-1136
-799
-205
370
586
519
229
-102
-528
-926
-1254
-1466
-1558
-1537
-1405
-1102
-678
-155
240
383
295
148
-30
-191
-387
-670
-938
-1079
-981
-723
-608
-299
113
305
558
728
927
1066
1085
913
478
-34
-531
-1175
-2084
-3045
-3615
-3712
-3632
-3254
-2726
-1989
-1010
47
760
1349
1744
1861
1722
1420
781
-37
-753
-1173
-1428
-1345
-705
125
1085
2094
2909
3529
3841
4015
3897
3743
3370
2853
2274
1660
1177
1121
1457
1827
2270
2766
3218
3666
3943
4077
4265
4306
4065
3652
3218
2736
2491
2548
2697
2890
2998
3177
3510
3705
3743
3631
3510
3487
3454
3427
3333
3009
2832
2747
2741
2787
2775
2627
2578
2568
2571
2570
2395
2068
1803
1648
1436
1331
1223
1358
1603
1731
1863
2139
2382
2268
2256
2116
1528
647
-196
-583
-510
-87
756
1993
3461
4451
4968
4844
4363
3687
2743
1718
772
147
-194
-352
275
1388
2417
3497
4387
4982
5159
4899
4372
3407
2405
1344
345
-244
-499
-403
139
1173
2337
3400
4230
4777
5077
5088
4586
3705
2805
1876
1021
408
175
384
953
1605
2259
3100
3791
4349
4497
4344
3968
3409
2769
2113
1478
964
747
577
683
1076
1662
2241
2659
2882
2932
3033
2991
2647
2332
1694
1206
931
702
599
697
756
1010
1429
1649
1703
1718
1546
1457
1376
1195
1045
935
929
964
1098
1087
1167
1196
1369
1552
1653
1821
1989
2200
2147
1917
1503
787
-35
-1015
-1751
-2298
-2917
-3176
-2995
-2448
-1792
-1054
-255
584
1314
1659
1931
1941
1487
759
-61
-859
-1437
-1679
-1696
-1413
-703
77
779
1669
2413
2900
3182
3230
3008
2552
1988
1213
566
150
-160
-282
-127
361
924
1469
1899
2228
2555
2600
2339
1986
1730
1467
1097
835
601
402
487
599
951
1171
1335
1305
1409
1465
1553
1533
1213
1004
704
624
546
453
321
206
123
-13
21
53
-134
-314
-484
-763
-1036
-1127
-1110
-1156
-1214
-1268
-1309
-1160
-932
-871
-856
-858
-933
-1101
-1477
-1759
-1715
-1343
-470
974
2626
4039
4972
5250
4981
4163
2828
1011
-856
-2704
-4267
-5213
-5480
-5026
-3858
-2013
-98
1525
2832
3642
3797
3308
2298
858
-969
-2840
-4375
-5469
-6007
-5711
-4834
-3511
-2086
-896
128
799
999
791
229
-641
-1806
-3089
-4261
-5082
-5517
-5418
-4833
-3962
-3129
-2322
-1350
-619
-153
-170
-584
-1131
-1948
-2813
-3595
-4075
-4266
-4409
-4299
-4048
-3620
-3078
-2677
-2347
-2139
-2013
-2044
-2111
-2312
-2517
-2636
-2714
-2670
-2385
-1882
-1605
-1199
-852
-586
-319
-264
-383
-722
-932
-1098
-1322
-1350
-1138
-925
-720
-501
-87
345
671
911
1084
1187
1076
943
713
169
-628
-1370
-2096
-2859
-3513
-4077
-4339
-4314
-3811
-3266
-2497
-1435
-465
327
868
1045
857
595
-39
-948
-1780
-2390
-2857
-3088
-2927
-2357
-1519
-752
0
732
1260
1504
1592
1569
1127
641
-9
-670
-1206
-1501
-1747
-1937
-1682
-1035
-427
91
497
712
1035
1183
1143
760
359
108
-281
-251
-158
6
141
311
533
717
952
1182
1252
1313
1403
1309
1181
1023
1015
922
842
876
957
1025
994
920
801
654
508
346
328
206
-31
-280
-306
-216
-184
-103
125
307
350
248
235
303
305
5
-485
-966
-1087
-740
