-5274
-4887
-4488
-4031
-3855
-3990
-4104
-4187
-4287
-4404
-4667
-4958
-4936
-4773
-4568
-4343
-4148
-3875
-3524
-3296
-3240
-3070
-2971
-3159
-3448
-3814
-4235
-4932
-6009
-6983
-7721
-8306
-8517
-8497
-8030
-7305
-6704
-5950
-5085
-4350
-3745
-3350
-3425
-3794
-4506
-5246
-6050
-6705
-7049
-7294
-7131
-6519
-5531
-4419
-3594
-3016
-2473
-2099
-1909
-2091
-2586
-3306
-3995
-4627
-5041
-5311
-5432
-5251
-4927
-4462
-3887
-3254
-2971
-2714
-2701
-3099
-3758
-4577
-5351
-5707
-5792
-5528
-4706
-3557
-2268
-1290
-1048
-1532
-2777
-4333
-6172
-8040
-9668
-10972
-11912
-11988
-10992
-9250
-7467
-5948
-5003
-4573
-4784
-5623
-6928
-8772
-10647
-12284
-13077
-12900
-12001
-10318
-8100
-5491
-2938
-787
733
1407
1274
610
-567
-2034
-3725
-5395
-6618
-7084
-6390
-4779
-2315
494
3186
5328
6510
6464
5554
4214
2382
218
-2112
-4064
-5370
-6135
-6024
-5083
-3619
-1950
-457
559
979
392
-742
-2522
-4486
-6441
-8332
-9833
-10597
-10474
-9620
-8278
-6828
-5465
-4242
-3491
-3212
-3446
-4373
-5675
-7239
-8991
-10483
-11570
-11991
-11995
-11379
-10302
-9010
-7601
-6227
-5217
-4682
-4663
-5211
-6056
-7212
-8615
-9860
-10930
-11658
-11813
-11470
-10832
-9751
-8566
-7344
-6153
-5064
-4441
-4003
-3688
-3625
-3763
-4022
-4120
-4129
-3997
-3714
-3204
-2442
-1790
-1231
-899
-733
-770
-949
-1118
-1293
-1512
-1793
-1957
-2179
-2313
-2361
-2265
-2215
-2216
-2449
-2666
-2763
-2848
-2809
-2970
-3169
-3630
-4224
-4669
-5248
-5857
-6433
-6889
-7165
-7215
-6850
-6406
-5759
-5031
-4354
-3849
-3338
-3356
-3732
-4322
-4936
-5865
-6719
-7499
-8193
-8586
-8607
-8430
-7916
-7172
-6226
-5251
-4434
-3986
-3807
-3842
-4124
-4653
-5304
-5820
-6022
-5827
-5648
-5247
-4496
-3415
-2496
-1733
-1004
-287
464
913
1198
1374
1510
1638
1317
385
-648
-1562
-2728
-3973
-4772
-4666
-3538
-1976
-124
1782
3432
4585
5198
5123
4196
2601
727
-1134
-2676
-3791
-4308
-3913
-2409
-237
1819
3594
4994
5861
6077
5634
4444
2852
1244
-111
-1184
-1713
-1578
-604
1074
2968
4825
6144
6800
6893
6605
6143
5869
5757
5770
6061
6438
6637
6514
6260
5742
4965
4034
3067
1870
659
-177
-394
-69
518
1372
2393
3370
4229
4571
4503
3986
3103
2147
1140
-218
-1420
-2110
-2386
-2139
-1686
-906
-72
712
1173
1490
1500
1134
504
-279
-1188
-2116
-3092
-3856
-4102
-4173
-4125
-3981
-3765
-3581
-3439
-3225
-3230
-3358
-3552
-3933
-4230
-4366
-4560
-4724
-4641
-4190
-3895
-3791
-3566
-3309
-3016
-3030
-3225
-3275
-3344
-3419
-3575
-3695
-3792
-3780
-3409
-2860
-2395
-2017
-1630
-1308
-1152
-1011
-994
-1107
-1393
-1803
-2363
-2881
-3080
-3134
-3209
-2975
-2700
-2482
-2360
-2156
-1886
-1710
-1656
-1747
-2109
-2814
-3783
-5048
-6537
-7978
-9024
-9882
-10324
-10556
-10335
-9477
-8402
-7465
-6653
-5732
-5116
-4902
-4875
-5397
-6177
-6961
-7975
-9082
-9957
-10451
-10365
-9892
-9288
-8419
-7483
-6746
-6144
-5751
-5514
-5511
-5882
-6217
-6853
-7453
-7791
-8026
-8336
-8208
-7606
-6911
-6211
-5460
-4729
-4285
-3888
-3576
-3241
-3092
-2994
-3065
-3054
-2901
-2455
-2023
-1745
-1431
-1031
-752
-465
-343
-242
-337
-631
-897
-914
-1127
-1634
-1794
-1610
-1580
-1667
-1484
-1239
-1376
-1662
-1793
-1913
-2179
-2347
-2378
-2578
-2952
-3138
-3073
-3051
-3109
-2988
-2860
-2629
-2618
-2634
-2541
-2589
-3205
-3806
-4337
-4546
-4075
-3014
-1730
-561
338
771
755
95
-1187
-2557
-4127
-5728
-6997
-7948
-8340
-8025
-7221
-5945
-4523
-3072
-2007
-1444
-1364
-1809
-2824
-4250
-5749
-7161
-8332
-9060
-9296
-8903
-7840
-6554
-5331
-4110
-3102
-2502
-2293
-2619
-3246
-4094
-5439
-6800
-7885
-8314
-8473
-8455
-7869
-6831
-5794
-4735
-3840
-3267
-3045
-3180
-3527
-3930
-4660
-5606
-6303
-6728
-6922
-6919
-6820
-6508
-5947
-5437
-5164
-4876
-4552
-4458
-4661
-5182
-5676
-6081
-6471
-6619
-6640
-6537
-6426
-6181
-5949
-5781
-5571
-5449
-5491
-5565
-5757
-6070
-6497
-6746
-6848
-6908
-6823
-6507
-6188
-5910
-5585
-5518
-5363
-5113
-4974
-4903
-5019
-5331
-5838
-6664
-7585
-8500
-9487
-10183
-10610
-11016
-11027
-10647
-10092
-9351
-8359
-7283
-6271
-5745
-5625
-5771
-6061
-6553
-7324
-8197
-8939
-9405
-9560
-9364
-8699
-7771
-6807
-5898
-4982
-4224
-3711
-3416
-3480
-3791
-4172
-4496
-4969
-5635
-5992
-5859
-5470
-4922
-4378
-3679
-2858
-2193
-1625
-1158
-945
-1047
-1078
-954
-937
-1039
-1119
-995
-731
-581
-251
305
729
993
1254
1364
1391
1476
1609
1638
1529
1227
928
952
1133
1192
1125
987
929
780
656
588
535
327
39
-116
-239
-216
-42
-88
77
338
395
394
415
484
549
375
-96
-618
-1144
-1327
-881
115
1516
3002
4280
5141
5348
5041
4264
3156
1704
101
-1058
-2032
-2683
-2707
-2135
-891
514
1927
2966
3392
3553
3288
2439
1212
-133
-1324
-2512
-3467
-3736
-3390
-2694
-1883
-698
421
1225
1870
2092
1867
1263
300
-705
-1662
-2698
-3550
-3959
-3930
-3335
-2648
-1859
-1007
-173
325
487
454
-3
-697
-1412
-2351
-3126
-3516
-3690
-3813
-3832
-3642
-3120
-2463
-1831
-1319
-1237
-1294
-1469
-1922
-2387
-2614
-2870
-3148
-3393
-3394
-3203
-3061
-2704
-2379
-2156
-1939
-1808
-1877
-2031
-2361
-2696
-3010
-3236
-3249
-3162
-3096
-2941
-2648
-2367
-2330
-2319
-2194
-1882
-1849
-1956
-2238
-2637
-3177
-3797
-4623
-5687
-6570
-7133
-7579
-7691
-7498
-7067
-6312
-5491
-4666
-3889
-3368
-3123
-3153
-3465
-4140
-4980
-5619
-6429
-7188
-7568
-7509
-7123
-6292
-5381
-4486
-3645
-2982
-2465
-2183
-2338
-2708
-3199
-3602
-4131
-4540
-4696
-4827
-4801
-4442
-3881
-3214
-2577
-1966
-1433
-1016
-845
-679
-538
-644
-883
-972
-1068
-1169
-1248
-1143
-673
-258
12
361
688
1100
1246
1135
1148
1071
941
904
886
924
965
1067
1004
887
791
655
555
398
312
182
-144
-575
-781
-752
-623
-720
-869
-614
-424
-446
-397
-373
-370
-549
-900
-1535
-2194
-2428
-2201
-1425
-150
1268
2407
3403
3945
3777
3074
1948
506
-948
-2173
-3156
-4030
-4285
-3781
-2840
-1742
-579
657
1680
2104
1885
1232
224
-1174
-2716
-4005
-5054
-5688
-5678
-5011
-4100
-3135
-2185
-1261
-321
224
246
-312
-1191
-2184
-3407
-4537
-5320
-5675
-5644
-5429
-4770
-3921
-3151
-2244
-1500
-1126
-1085
-1320
-1989
-2914
-3733
-4445
-5106
-5558
-5859
-5909
-5714
-5190
-4599
-3955
-3435
-3257
-3261
-3326
-3519
-3912
-4495
-4861
-5208
-5503
-5548
-5194
-4668
-4363
-4000
-3671
-3554
-3679
-3785
-3975
-4133
-4316
-4516
-4762
-4882
-4893
-4881
-4778
-4569
-4299
-4058
-3975
-3919
-3727
-3634
-3758
-3815
-3907
-4232
-4901
-6020
-7092
-7891
-8741
-9302
-9369
-9336
-9028
-8494
-7663
-6572
-5614
-4957
-4663
-4456
-4666
-5296
-6055
-6675
-7463
-8298
-8745
-8831
-8476
-7958
-7246
-6282
-5143
-4350
-3767
-3365
-3201
-3193
-3509
-4036
-4508
-4871
-5149
-5433
-5363
-4844
-4110
-3482
-2961
-2368
-1796
-1305
-898
-776
-716
-849
-1148
-1168
-1090
-1076
-1074
-883
-498
-199
78
488
822
1131
1326
1418
1454
1455
1531
1360
1334
1395
1271
1275
1086
1049
1219
1215
1122
945
822
812
628
357
281
135
97
69
56
210
480
558
552
661
728
440
-24
-748
-1711
-2695
-3230
-3207
-2643
-1552
-247
734
1429
1704
1474
972
369
-434
-1380
-2051
-2405
-2402
-2093
-1453
-492
615
1390
1925
2036
1776
1294
410
-634
-1874
-3014
-3641
-3788
-3552
-2942
-2044
-752
316
1156
1920
2277
2210
1849
1212
401
-524
-1534
-2167
-2474
-2443
-2048
-1450
-604
380
1174
1802
2113
2214
1928
1343
506
-343
-954
-1464
-1848
-2062
-1967
-1488
-879
-338
215
617
811
818
748
480
42
-612
-1296
-1720
-2125
-2473
-2646
-2832
-2778
-2560
-2281
-2117
-2043
-2090
-2110
-2338
-2731
-2966
-3220
-3547
-3580
-3468
-3335
-3234
-3061
-2910
-3001
-3050
-2944
-2919
-2944
-3010
-3220
-3490
-4016
-4837
-5799
-6771
-7495
-7895
-8201
-8391
-8159
-7454
-6519
-5628
-4842
-3998
-3331
-3256
-3377
-3579
-4112
-4983
-5763
-6387
-6878
-7139
-6913
-6339
-5564
-4476
-3294
-2302
-1710
-1257
-1091
-1128
-1212
-1447
-1856
-2321
-2751
-2960
-2842
-2497
-2122
-1608
-1047
-425
212
782
1226
1315
1247
1258
1175
912
770
734
821
726
529
761
1306
1848
2241
2460
2620
2595
2451
2307
2319
2463
2234
2104
2150
1961
1672
1606
1562
1356
1301
1217
1172
1099
923
781
541
262
360
434
456
597
682
728
633
589
676
748
626
504
405
413
1070
2279
3731
5202
6567
7541
7915
7552
6514
4970
3060
889
-1303
-3156
-4264
-4529
-4183
-3028
-1275
873
2882
4643
5672
5947
5537
4499
2876
1003
-872
-2736
-4102
-4925
-4777
-3948
-2822
-1406
-60
964
1712
2224
2299
1632
421
-1006
-2528
-3868
-4942
-5678
-5821
-5517
-4740
-3685
-2775
-1933
-1153
-662
-377
-477
-1059
-1841
-2649
-3566
-4500
-5158
-5510
-5457
-5125
-4861
-4548
-4128
-3795
-3684
-3533
-3526
-3669
-3950
-4234
-4416
-4330
-4070
-3804
-3318
-3094
-2736
-2159
-1695
-1698
-1768
-1810
-1968
-2223
-2470
-2966
-3090
-2851
-2634
-2350
-2087
-1595
-1289
-1073
-985
-1054
-919
-813
-881
-1004
-1471
-2117
-3115
-4154
-5072
-5812
-6373
-6640
-6562
-6334
-5851
-5171
-4173
-3151
-2389
-1889
-1636
-1525
-1856
-2724
-3604
-4637
-5614
-6426
-6735
-6627
-6239
-5834
-5132
-4294
-3411
-2593
-2096
-1893
-1879
-2241
-2712
-3213
-3981
-4634
-5068
-5163
-5090
-4737
-4044
-3422
-2801
-2095
-1401
-997
-820
-788
-682
-613
-632
-858
-1028
-1043
-918
-695
-207
410
808
1148
1663
1938
2010
2095
2112
2100
2241
2041
2028
2101
2149
2030
1913
2012
2142
2102
2181
2196
1955
1725
1575
1366
1127
1136
1141
1129
1252
1370
1576
1509
1555
1709
1852
1766
1413
565
-277
-735
-972
-840
-113
880
1726
2552
3015
3046
2546
1671
518
-821
-1925
-2854
-3567
-3482
-2740
-1455
-15
1225
2388
3200
3589
3312
2563
1419
-38
-1617
-3153
-4288
-4782
-4653
-4104
-3113
-1778
-483
754
1710
2148
2173
1974
1263
413
-590
-1576
-2358
-2831
-2787
-2340
-1619
-799
23
948
1802
2219
2215
1996
1522
881
265
-482
-1148
-1728
-1896
-1794
-1522
-1035
-321
305
673
834
1142
1234
978
478
-59
-491
-724
-812
-1037
-1176
-1195
-1080
-846
-820
-745
-682
-760
-1095
-1555
-1890
-2005
-2228
-2383
-2389
-2406
-2355
-2184
-2027
-1860
-1883
-1959
-1890
-1895
-1868
-1909
-2363
-3050
-3679
-4367
-5190
-6164
-7009
-7489
-7595
-7572
-7188
-6539
-5762
-4897
-4071
-3288
-2953
-2858
-2866
-3106
-3794
-4687
-5543
-6133
-6676
-6673
-6215
-5451
-4281
-3191
-2252
-1526
-939
-353
-173
-444
-785
-1176
-1686
-2056
-2415
-2569
-2341
-1858
-1246
-382
365
980
1562
2024
2444
2765
2848
2683
2314
2194
2193
2177
2186
2255
2424
2743
3164
3504
3759
4017
4222
4243
4240
4179
3953
3687
3594
3637
3573
3384
3293
3468
3448
3286
3108
3029
2996
2704
2401
2203
2169
1956
1740
1781
1947
1885
1827
1952
2047
2091
2068
1950
1803
1201
446
-84
-62
690
1915
3245
4577
5570
6126
6142
5722
4987
3790
2283
854
-310
-1123
-1538
-1180
-276
836
2226
3527
4495
5039
5054
4511
3651
2607
1385
153
-945
-1646
-1889
-1531
-670
328
1510
2521
3222
3477
3529
3162
2521
1711
772
-323
-1307
-1857
-1947
-1695
-1215
-566
374
1234
1788
2061
2100
1959
1611
953
114
-774
-1521
-2022
-2290
-2376
-2267
-1949
-1429
-913
-374
-32
-66
-257
-556
-936
-1345
-1633
-1978
-2263
-2311
-2213
-1997
-1835
-1467
-1183
-1055
-745
-648
-776
-1007
-1284
-1595
-1771
-2065
-2173
-2243
-2220
-1983
-1549
-1166
-932
-885
-645
-518
-591
-703
-932
-1294
-1851
-2781
-3833
-4786
-5564
-6062
-6374
-6293
-5863
-5348
-4633
-3815
-2896
-2201
-1790
-1643
-1669
-1946
-2511
-3226
-3973
-4812
-5431
-5367
-5054
-4682
-4079
-3119
-2246
-1501
-897
-393
-313
-444
-829
-1385
-2048
-2555
-2960
-3068
-2882
-2659
-2336
-1754
-1109
-551
170
712
1150
1362
1375
1405
1209
1042
989
894
813
791
1034
1458
1832
2216
2500
2595
2775
2991
3259
3317
3325
3108
2919
2781
2753
2770
2651
2632
2773
2848
2866
2845
2776
2681
2408
2118
1852
1708
1619
1679
1864
1949
1876
1923
2067
2200
2209
1980
1729
1349
634
-20
-14
524
1424
2718
4051
5313
6084
6241
5971
5054
3963
2641
1204
-124
-1142
-1725
-1642
-950
240
1735
2940
3850
4402
4458
4117
3353
2350
1005
-334
-1527
-2342
-2590
-2378
-1783
-969
74
1154
2026
2588
2702
2382
1633
872
52
-1014
-2090
-2713
-2860
-2781
-2534
-1823
-668
250
925
1273
1416
1473
1155
669
-88
-919
-1547
-2142
-2466
-2636
-2625
-2312
-1772
-1092
-669
-356
-227
-205
-241
-503
-856
-1357
-1698
-1819
-1958
-1908
-1623
-1277
-1024
-695
-449
-288
-212
-325
-548
-693
-847
-1247
-1619
-1646
-1497
-1395
-1134
-841
-600
-443
-458
-330
-275
-228
-269
-456
-724
-1322
-2322
-3342
-4182
-4892
-5405
-5957
-6125
-5939
-5480
-4729
-3944
-3043
-2151
-1569
-1247
-1377
-1738
-2300
-2949
-3663
-4286
-4923
-5335
-5289
-4881
-4044
-3237
-2514
-1554
-718
-145
155
243
-123
-647
-1199
-1694
-2179
-2509
-2487
-2293
-1787
-1212
-538
154
939
1684
2017
2057
2081
1998
1898
1796
1766
1769
1844
1958
2146
2419
2768
3147
3557
3912
4023
4041
4034
4015
3966
3956
3948
3834
3649
3505
3396
3361
3393
3438
3489
3417
3259
3176
3035
2828
2661
2511
2565
2708
2572
2303
2474
2683
2716
2638
2671
2693
2648
2232
1501
954
756
1076
1916
2952
4256
5561
6431
6856
6757
5942
4779
3508
2188
1012
41
-582
-835
-323
628
1799
2976
4145
4998
5241
4880
4066
3156
2011
831
-380
-1338
-1920
-1945
-1389
-435
514
1537
2416
3206
3643
3604
3280
2429
1389
358
-538
-1271
-1835
-1925
-1580
-1067
-266
653
1554
2259
2656
2527
2184
1641
885
144
-569
-1283
-1795
-1827
-1615
-1378
-969
-280
232
488
670
883
924
691
226
-464
-792
-960
-1176
-1272
-1170
-875
-488
-281
43
245
475
519
334
13
-204
-404
-608
-817
-834
-824
-874
-603
-316
-23
60
102
268
312
229
126
-158
-724
-1402
-2156
-3068
-3985
-4661
-5161
-5650
-5590
-5148
-4291
-3401
-2665
-1838
-1146
-761
-686
-903
-1341
-1985
-2716
-3488
-4248
-4719
-4809
-4530
-3918
-3165
-2282
-1255
-503
160
661
711
387
0
-433
-940
-1392
-1838
-2065
-1826
-1507
-1058
-278
327
976
1542
1875
2103
2002
1705
1398
1029
884
889
1022
1332
1737
2141
2337
2338
2166
1845
1394
892
377
-23
-94
260
906
1578
2374
3073
3453
3672
3748
3218
2310
1223
304
-254
-557
-470
248
1603
3004
4263
5322
6087
6585
6513
6049
5241
4476
3758
2990
2386
2030
2096
2619
3663
5132
6637
8243
9447
9975
9738
8968
7765
6073
4398
2823
1554
705
225
352
1025
2191
3367
4458
5406
5975
5857
5163
4125
3060
1805
398
-930
-1889
-2265
-1983
-1210
-459
329
1237
2070
2605
2674
2301
1675
862
-152
-1234
-2199
-3014
-3422
-3474
-3043
-2566
-1973
-1168
-237
536
795
623
315
-173
-890
-1736
-2303
-2686
-2932
-2847
-2522
-2007
-1232
-653
-249
204
650
961
844
624
462
248
110
-18
11
119
422
733
1118
1600
1910
2223
2207
2111
1999
1652
1197
1054
871
772
655
677
788
937
1229
1433
1285
1323
1496
1457
1202
1070
895
402
-225
-1016
-1897
-2674
-3342
-4056
-4568
-4715
-4541
-4237
-3788
-2931
-1961
-1252
-597
-418
-544
-1051
-1913
-2867
-3682
-4490
-5144
-5360
-5177
-4818
-4099
-3075
-2210
-1609
-1128
-814
-792
-853
-1230
-1757
-2450
-3100
-3566
-3857
-3842
-3634
-3318
-2752
-2057
-1502
-918
-385
110
492
457
112
-296
-721
-1183
-1580
-1896
-2103
-2093
-1536
-641
234
836
1392
1709
1738
1541
1126
726
145
-486
-1029
-1272
-1242
-946
-437
39
532
963
1011
935
643
71
-558
-1384
-2294
-2702
-2737
-2789
-2637
-2281
-1707
-1150
-925
-798
-845
-1216
-2168
-3305
-4389
-5178
-5227
-4665
-3350
-1512
142
1264
1617
1600
848
-554
-2054
-3662
-5247
-6701
-7554
-7669
-7284
-6291
-4385
-2445
-1026
-32
434
301
-414
-1638
-3019
-4455
-5611
-6582
-7018
-6857
-6118
-4784
-3269
-1825
-707
-55
406
580
364
-290
-1387
-2735
-3816
-4403
-4590
-4431
-4017
-3229
-2057
-1064
-155
576
1042
1140
938
493
-124
-709
-1286
-1776
-2224
-2376
-2114
-1571
-1002
-494
-53
441
653
623
520
89
-262
-523
-884
-1202
-1321
-1270
-1119
-811
-463
-28
289
419
480
437
242
2
-165
-515
-915
-976
-851
-733
-502
-113
180
275
457
832
1134
1017
1058
1051
763
264
-580
-1459
-2185
-2860
-3488
-3732
-3655
-3315
-2729
-2029
-1210
-222
791
1489
1841
1961
1693
1307
735
56
-542
-860
-959
-862
-464
321
1223
2081
3102
3880
4218
4231
3969
3764
3284
2675
2168
1793
1493
1349
1415
1677
2067
2681
3321
3814
4010
4091
4227
4242
4107
3777
3330
3020
2787
2644
2512
2632
2889
3079
3402
3605
3590
3610
3609
3693
3690
3530
3372
3072
2804
2801
2857
2828
2844
2966
3022
2837
2611
2472
2479
2352
2189
1983
1692
1563
1482
1516
1693
1890
1919
1785
1693
1807
1929
1921
1503
812
246
71
306
1104
2350
3805
5260
6298
6685
6502
5779
4819
3754
2505
1205
116
-432
-318
198
1060
2245
3610
4789
5519
5902
5927
5520
4481
3012
1521
118
-751
-1008
-685
-37
783
1748
2695
3594
4370
4772
4699
4402
3797
2828
1643
556
-181
-514
-528
-250
302
1236
2071
2985
3669
3902
3880
3548
3130
2533
1700
798
134
-259
-532
-580
-249
227
733
1190
1651
2037
2034
1806
1542
1203
698
367
308
305
339
362
576
990
1241
1502
1747
1849
1990
1977
1602
1341
1141
978
867
936
1196
1517
1713
1946
2003
2054
2218
2386
2552
2519
2506
2258
1801
1154
308
-599
-1392
-1962
-2338
-2693
-2736
-2313
-1662
-803
190
986
1569
1936
2199
2112
1599
883
-60
-846
-1151
-1568
-1675
-1403
-861
-196
637
1461
2038
2735
3074
2874
2447
1902
1158
494
-30
-416
-769
-967
-662
-79
389
721
1238
1515
1692
1832
1828
1679
1218
865
676
280
52
105
170
270
408
735
1095
1352
1438
1315
1173
1075
911
737
665
711
642
372
185
163
285
480
371
127
13
-282
-375
-438
-713
-1048
-1068
-984
-1039
-1125
-1065
-902
-841
-976
-1027
-784
-783
-1137
-1604
-2404
-3017
-3038
-2377
-1222
361
2008
3064
3624
3741
3297
2345
1121
-263
-1787
-3093
-4012
-4449
-4139
-3379
-2260
-719
785
1855
2394
2440
2030
1101
-178
-1631
-3049
-4216
-4981
-5036
-4467
-3663
-2668
-1443
-291
472
952
1162
886
240
-738
-1932
-2941
-3751
-4374
-4502
-4148
-3482
-2589
-1675
-903
-170
292
382
182
-224
-733
-1548
-2204
-2648
-3130
-3392
-3234
-2942
-2540
-2041
-1441
-955
-705
-560
-671
-789
-896
-1357
-1860
-2080
-2304
-2201
-2005
-1889
-1577
-1184
-659
-326
-278
-108
-54
-268
-519
-792
-940
-948
-1006
-832
-651
-606
-494
-243
-166
-30
268
506
617
568
315
84
-448
-1322
-2191
-2992
-3692
-4167
-4523
-4517
-4185
-3711
-2941
-1882
-979
-261
225
470
657
371
-250
-1085
-1822
-2424
-2812
-2937
-2676
-2019
-1421
-675
266
1025
1649
1946
2093
1973
1578
1018
288
-498
-1090
-1418
-1365
-1112
-719
-226
344
862
1162
1403
1742
1808
1673
1322
1020
775
484
290
298
456
619
788
931
1177
1352
1567
1787
1837
1707
1455
1324
1407
1531
1315
1008
861
978
1134
1172
1080
1079
1066
851
494
295
238
99
-140
-266
-261
-248
-117
83
234
274
311
486
519
458
64
-318
-227
76
623
