-5142
-4816
-4535
-4303
-4099
-4171
-4198
-4339
-4638
-4877
-5167
-5427
-5465
-5397
-5454
-5368
-5106
-4772
-4586
-4391
-4026
-3920
-4006
-3982
-4024
-4336
-5087
-6096
-7046
-7750
-8179
-8596
-9076
-9280
-8975
-8302
-7558
-6710
-5787
-4949
-4418
-4151
-4125
-4341
-4971
-5735
-6406
-7101
-7404
-7492
-7223
-6512
-5549
-4513
-3532
-2712
-2130
-1697
-1477
-1593
-2024
-2656
-3541
-4318
-4677
-4661
-4707
-4568
-4093
-3448
-2679
-2031
-1645
-1548
-1698
-2017
-2623
-3448
-4209
-4556
-4535
-4352
-3864
-3037
-1935
-1003
-776
-1248
-2394
-3893
-5635
-7647
-9631
-11161
-11988
-11926
-10987
-9527
-7836
-6366
-5437
-5021
-5231
-5912
-7238
-8887
-10702
-12437
-13502
-13561
-12433
-10744
-8519
-5915
-3367
-1198
171
793
668
90
-960
-2358
-3710
-5026
-5888
-5746
-4372
-2152
544
3346
5890
7607
8207
7858
6807
4789
2124
-834
-3700
-6173
-7657
-8026
-7427
-5868
-3843
-1450
738
2247
2724
2250
1329
-322
-2512
-5058
-7540
-9544
-10780
-11074
-10419
-9106
-7532
-5860
-4448
-3559
-3080
-3095
-3914
-5294
-7261
-9319
-11116
-12345
-13125
-13411
-13057
-12218
-10963
-9438
-7799
-6559
-5940
-5821
-6241
-7012
-8062
-9123
-10306
-11423
-12287
-12715
-12670
-12357
-11395
-10301
-9179
-7978
-7034
-6322
-5606
-5188
-5049
-5105
-5099
-4925
-4809
-4426
-3958
-3443
-2813
-2238
-1638
-1262
-1114
-931
-964
-1347
-1670
-1876
-2082
-2076
-2040
-1993
-1731
-1509
-1476
-1380
-1226
-1464
-1682
-1859
-2078
-2366
-2751
-3136
-3512
-3892
-4492
-5111
-5585
-5820
-5991
-6033
-5970
-5470
-4677
-3958
-3305
-2676
-2331
-2233
-2531
-3310
-4225
-5090
-6060
-7039
-7881
-8411
-8518
-8220
-7697
-6897
-6044
-5298
-4760
-4559
-4325
-4253
-4498
-4902
-5361
-5872
-6228
-6246
-6096
-5624
-4959
-4244
-3423
-2371
-1393
-817
-253
324
726
949
1030
900
536
-131
-1044
-1889
-3095
-4227
-5188
-5396
-4372
-2566
-543
1444
3212
4380
5021
4937
4265
2722
797
-1081
-2799
-3947
-4188
-3654
-2197
-83
2141
4107
5538
6376
6555
6086
4870
3219
1513
143
-892
-1449
-1117
89
1872
3784
5603
7091
7930
8398
8737
9002
9041
8928
8837
8598
8208
7575
6932
6221
5187
3964
3008
1863
905
253
-200
-196
220
1024
2209
3353
4184
4914
5085
4991
4478
3395
2279
1092
-281
-1392
-1939
-2257
-2302
-1986
-1558
-1090
-417
145
316
112
-381
-1088
-2207
-3188
-4056
-4669
-5008
-5291
-5293
-5163
-4920
-4583
-4293
-3989
-3937
-4268
-4568
-4828
-4968
-4969
-5067
-5123
-5203
-5185
-4871
-4372
-4084
-4104
-4174
-4118
-4258
-4378
-4588
-4899
-4979
-4966
-4425
-3960
-3705
-3259
-2590
-1905
-1505
-1203
-934
-771
-819
-1071
-1281
-1695
-2056
-2436
-2794
-3044
-3049
-2922
-2692
-2227
-1990
-1827
-1415
-962
-787
-748
-842
-1349
-2181
-3144
-4517
-6084
-7473
-8627
-9393
-9962
-10186
-9918
-9355
-8549
-7537
-6391
-5536
-5081
-4666
-4572
-5180
-6116
-7215
-8133
-9088
-9975
-10520
-10573
-10241
-9766
-8962
-7918
-7028
-6443
-6048
-5824
-6023
-6337
-6919
-7551
-8109
-8552
-8777
-8908
-8730
-8440
-7879
-7137
-6208
-5400
-4928
-4450
-4035
-3822
-3779
-3686
-3444
-3311
-3242
-3162
-2937
-2530
-2103
-1571
-1199
-973
-885
-855
-800
-791
-818
-1096
-1431
-1623
-1589
-1348
-1349
-1460
-1494
-1388
-1268
-1261
-1449
-1644
-1957
-2369
-2572
-2566
-2523
-2835
-3021
-2868
-2563
-2305
-2272
-2146
-2046
-2042
-2065
-2354
-2817
-3464
-4105
-4393
-4055
-3172
-1894
-679
314
814
751
-16
-1208
-2631
-4185
-5682
-7092
-8030
-8389
-8251
-7451
-6157
-4598
-3080
-2075
-1515
-1379
-1845
-2778
-4179
-5753
-7323
-8675
-9374
-9562
-9014
-8132
-6762
-5264
-4105
-3183
-2528
-2362
-2721
-3441
-4349
-5459
-6720
-7786
-8395
-8729
-8497
-7791
-6846
-5757
-4733
-3857
-3346
-3147
-3092
-3200
-3583
-4382
-5309
-6175
-6565
-6775
-6865
-6696
-6327
-5698
-4957
-4514
-4299
-4331
-4445
-4543
-4866
-5309
-5735
-6094
-6427
-6560
-6479
-6373
-6149
-5747
-5498
-5339
-5324
-5324
-5634
-5974
-6077
-6216
-6551
-6800
-6629
-6500
-6337
-6066
-5733
-5439
-5343
-5246
-4877
-4574
-4589
-4991
-5389
-5826
-6255
-7128
-8322
-9493
-10210
-10764
-11060
-10883
-10446
-9913
-9224
-8249
-7115
-6127
-5503
-5418
-5813
-6216
-6970
-7742
-8609
-9298
-9596
-9637
-9367
-8885
-7970
-6866
-5980
-5165
-4255
-3552
-3202
-3263
-3569
-4019
-4480
-5045
-5680
-5925
-5793
-5342
-4829
-4184
-3424
-2821
-2126
-1427
-1006
-674
-462
-404
-354
-490
-719
-687
-668
-649
-538
-49
604
909
1158
1443
1760
1915
1895
1839
1706
1562
1446
1458
1316
1310
1351
1241
1335
1417
1459
1164
797
560
286
95
211
396
321
235
260
447
669
732
828
1009
1125
973
601
151
-393
-1039
-1362
-951
69
1395
2940
4398
5166
5226
4847
4270
3273
1919
398
-1057
-2100
-2693
-2780
-2068
-926
405
1778
2945
3764
3829
3415
2634
1587
361
-1050
-2370
-3179
-3530
-3546
-2890
-1766
-619
580
1470
2114
2259
1997
1292
387
-622
-1701
-2667
-3425
-3821
-3804
-3436
-2511
-1557
-808
-212
289
593
446
176
-169
-972
-1921
-2710
-3364
-3580
-3576
-3389
-2991
-2499
-1997
-1482
-1175
-1043
-1094
-1407
-1774
-2154
-2529
-2872
-3118
-3316
-3560
-3425
-2934
-2432
-1999
-1930
-1913
-1898
-1906
-2121
-2468
-2758
-2945
-3028
-3026
-3190
-3215
-2970
-2718
-2500
-2300
-2261
-2012
-1863
-1765
-1836
-2061
-2424
-3057
-3875
-4808
-5830
-6606
-7173
-7711
-7848
-7599
-6983
-6299
-5452
-4669
-4014
-3360
-2996
-3176
-3588
-4156
-4891
-5785
-6650
-7263
-7456
-7421
-7050
-6551
-5728
-4717
-3746
-2943
-2433
-2260
-2259
-2374
-2755
-3360
-4043
-4497
-4794
-4971
-4842
-4312
-3709
-3145
-2557
-1750
-945
-585
-495
-476
-437
-540
-729
-1007
-1366
-1409
-1274
-973
-653
-328
-122
186
586
798
1058
1212
1274
1336
1129
798
620
728
785
632
622
671
745
643
476
348
66
-186
-365
-398
-397
-462
-631
-642
-510
-590
-628
-599
-488
-411
-497
-766
-1246
-1924
-2524
-2865
-2583
-1728
-533
845
2321
3392
3843
3556
2729
1536
6
-1489
-2847
-3810
-4465
-4598
-4143
-3328
-2164
-698
570
1414
1587
1450
907
-116
-1417
-2809
-4132
-5338
-5986
-6119
-5661
-4550
-3326
-2229
-1314
-561
-296
-304
-536
-1252
-2252
-3523
-4634
-5593
-6159
-6126
-5755
-5218
-4377
-3357
-2449
-1944
-1638
-1539
-1717
-2234
-2874
-3524
-4358
-5084
-5569
-5846
-5846
-5686
-5011
-4273
-3782
-3520
-3317
-3213
-3419
-3822
-4195
-4472
-4665
-5089
-5465
-5577
-5496
-5092
-4610
-4227
-3789
-3506
-3496
-3614
-3752
-4082
-4472
-4660
-4760
-4692
-4782
-4796
-4707
-4537
-4362
-4283
-4029
-3805
-3645
-3275
-3229
-3378
-3749
-4452
-5204
-6203
-7275
-8113
-8788
-9325
-9508
-9364
-8949
-8344
-7561
-6444
-5490
-4788
-4389
-4546
-4909
-5190
-5674
-6465
-7305
-8185
-8743
-8883
-8484
-7588
-6781
-6025
-5178
-4232
-3413
-3081
-3059
-3147
-3448
-3795
-4196
-4827
-5317
-5489
-5291
-4845
-4137
-3541
-2800
-2021
-1380
-815
-494
-415
-483
-589
-717
-877
-1035
-1015
-855
-764
-471
-145
230
571
964
1373
1554
1509
1406
1475
1478
1354
1260
1069
1024
901
915
969
1068
1255
1329
1173
753
528
494
458
440
349
363
423
512
518
621
850
867
802
653
618
408
-159
-1096
-1759
-1692
-1174
-229
1184
2657
3801
4495
4593
4065
3110
1936
728
-535
-1701
-2528
-2820
-2526
-1708
-455
888
2162
2889
3294
3219
2793
1940
631
-705
-1954
-2958
-3733
-3964
-3640
-2778
-1565
-404
634
1430
1843
1914
1547
891
-40
-1020
-1974
-2809
-3359
-3484
-3129
-2440
-1534
-633
182
751
1059
1168
863
471
2
-785
-1577
-2411
-2994
-3106
-2991
-2687
-2131
-1484
-928
-617
-456
-359
-504
-763
-1215
-1894
-2382
-2718
-2847
-2807
-2772
-2674
-2368
-1983
-1571
-1381
-1486
-1550
-1522
-1621
-1795
-2137
-2352
-2552
-2860
-2940
-2645
-2397
-2179
-2085
-1920
-1753
-1538
-1287
-1234
-1544
-1999
-2420
-2913
-3651
-4393
-5315
-6244
-6707
-7002
-7307
-7148
-6436
-5664
-4882
-3973
-3115
-2503
-2151
-2083
-2520
-3357
-4227
-4967
-5797
-6556
-6795
-6523
-5884
-5153
-4080
-2976
-2175
-1619
-1259
-1004
-1039
-1243
-1603
-2029
-2578
-3117
-3375
-3436
-3142
-2478
-1891
-1347
-598
105
653
1004
1056
1002
820
724
573
377
443
431
496
792
1208
1618
1832
2172
2551
2841
2961
2856
2674
2646
2506
2352
2183
2069
2159
2083
1895
1867
1951
1982
1889
1631
1482
1412
1332
1084
913
824
760
820
770
798
877
843
822
854
915
850
374
-234
-609
-599
-78
1044
2437
3798
4877
5571
5609
5023
3934
2541
1012
-401
-1580
-2493
-3221
-3223
-2468
-1094
483
2150
3380
3977
3997
3574
2669
1394
110
-1379
-2714
-3592
-3935
-3819
-3452
-2540
-1325
-40
932
1459
1615
1432
932
101
-943
-2161
-3340
-4044
-4533
-4407
-3941
-3223
-2220
-1252
-512
-114
126
158
-118
-552
-1366
-2262
-2970
-3525
-3940
-4127
-3865
-3520
-3173
-2754
-2424
-2116
-1879
-1804
-2051
-2363
-2574
-2894
-3287
-3602
-3847
-3687
-3422
-2985
-2449
-2192
-1988
-1902
-1929
-1889
-1915
-2181
-2558
-2765
-2771
-2894
-2947
-2853
-2594
-2274
-1957
-1674
-1516
-1497
-1486
-1547
-1597
-1759
-2088
-2601
-3512
-4509
-5411
-6235
-6841
-7120
-7112
-6913
-6561
-6055
-5296
-4474
-3518
-2805
-2486
-2455
-2713
-3160
-3955
-5020
-5930
-6557
-6947
-7170
-6772
-5996
-5091
-4009
-2964
-2170
-1687
-1442
-1543
-1965
-2411
-2984
-3450
-3829
-4148
-4192
-4095
-3606
-3178
-2632
-1837
-1023
-512
-64
240
397
346
179
50
84
-113
-135
-22
240
457
764
1303
1766
2025
2167
2229
2370
2424
2371
2234
2051
2092
2166
2248
2188
2175
2130
2140
2275
2153
1922
1813
1643
1424
1381
1325
1247
1283
1193
1019
1103
1372
1600
1588
1658
1735
1498
967
378
-278
-637
-497
157
1191
2505
3821
4736
5320
5316
4547
3470
2143
861
-383
-1618
-2485
-2730
-2141
-993
359
1689
2868
3718
4023
3900
3123
1985
648
-713
-1895
-2899
-3531
-3571
-3105
-2119
-1037
36
1163
1883
2105
1996
1903
1262
213
-1006
-2068
-2781
-3294
-3386
-2989
-2314
-1375
-462
380
1029
1473
1685
1303
535
-237
-834
-1456
-2097
-2634
-2881
-2839
-2517
-2016
-1495
-973
-549
-298
-201
-352
-559
-946
-1494
-1863
-2179
-2278
-2270
-2240
-2022
-1737
-1450
-1170
-1110
-1108
-1029
-1072
-1423
-1871
-1951
-1904
-1943
-2068
-2140
-1804
-1541
-1493
-1357
-1192
-965
-938
-951
-1141
-1341
-1561
-2132
-2998
-3760
-4515
-5372
-6171
-6746
-6963
-6824
-6306
-5710
-4837
-3938
-2973
-2267
-1904
-1834
-1983
-2510
-3364
-4331
-5222
-5701
-5987
-6040
-5761
-5162
-4420
-3480
-2476
-1527
-966
-697
-566
-640
-980
-1523
-2150
-2486
-2665
-2840
-2852
-2561
-2050
-1503
-941
-280
272
861
1209
1343
1367
1224
1207
1306
1316
1226
1330
1450
1521
1892
2145
2575
2987
3146
3242
3488
3581
3524
3325
3264
3208
3161
3139
3055
3145
3281
3177
3106
3084
3038
2911
2637
2482
2503
2292
2058
1959
2055
2171
2353
2552
2606
2449
2470
2576
2569
2192
1498
842
454
546
1007
1995
3410
4850
5872
6523
6591
6022
5007
3634
2305
887
-288
-955
-1405
-1245
-436
830
2196
3454
4430
4811
4904
4496
3471
2266
969
-267
-1502
-2207
-2512
-2227
-1386
-496
651
1809
2633
2954
2953
2726
2134
1227
220
-1066
-1932
-2416
-2515
-2297
-1758
-1096
-269
625
1390
1989
2081
1851
1451
823
35
-821
-1541
-1949
-2371
-2412
-2004
-1632
-1279
-783
-272
-67
-84
-138
-356
-746
-1360
-1943
-2020
-2100
-2294
-2272
-2075
-1728
-1471
-1047
-676
-508
-464
-585
-929
-1292
-1565
-1792
-1863
-1821
-1928
-1977
-1786
-1586
-1457
-1289
-834
-559
-565
-704
-889
-1123
-1495
-2194
-3054
-3906
-4600
-5450
-6107
-6337
-6384
-6060
-5480
-4777
-3895
-2931
-2189
-1714
-1680
-1798
-2240
-2896
-3749
-4613
-5342
-5947
-5904
-5656
-5276
-4545
-3673
-2878
-2130
-1430
-849
-485
-499
-932
-1463
-2045
-2526
-2927
-3063
-3015
-2743
-2167
-1609
-934
-338
174
492
716
891
1089
1126
1046
963
727
519
506
663
981
1404
1855
2342
2534
2808
2957
2999
3034
2962
2899
2807
2467
2450
2492
2456
2473
2497
2455
2460
2431
2273
2137
2046
1899
1844
1618
1517
1565
1540
1422
1410
1427
1446
1511
1584
1713
1705
1464
1115
447
-293
-634
-387
654
2148
3566
4746
5592
5886
5530
4707
3560
2295
837
-550
-1562
-2026
-1860
-1338
-305
1140
2403
3400
4047
4097
3753
3128
2156
889
-569
-1782
-2675
-3263
-3105
-2498
-1490
-200
920
1534
2039
2184
2098
1677
893
-155
-1183
-2218
-2941
-3218
-3173
-2740
-1948
-933
-185
421
943
1250
1218
903
507
-104
-923
-1791
-2529
-2821
-2861
-2630
-2244
-1813
-1223
-893
-523
-391
-492
-593
-904
-1317
-1650
-2121
-2446
-2550
-2437
-2055
-1824
-1497
-1101
-640
-515
-680
-842
-900
-992
-1203
-1551
-1772
-1838
-1908
-1867
-1668
-1420
-1154
-940
-881
-776
-600
-561
-587
-711
-932
-1480
-2315
-3280
-4291
-5021
-5620
-6047
-6281
-6084
-5542
-4760
-3987
-3050
-2184
-1662
-1408
-1380
-1655
-2434
-3179
-3742
-4495
-5231
-5522
-5502
-5207
-4524
-3616
-2562
-1677
-1007
-364
110
175
-29
-593
-1226
-1615
-1971
-2356
-2544
-2280
-1833
-1402
-847
-28
889
1354
1580
1928
2107
1923
1707
1839
1751
1713
1889
1940
2065
2325
2617
3028
3247
3439
3572
3789
3976
3920
3889
3795
3484
3364
3478
3576
3457
3389
3482
3497
3546
3544
3416
3206
2994
2727
2584
2322
2288
2399
2373
2253
2447
2750
2872
2866
2901
2932
2889
2399
1620
765
433
726
1527
2813
4239
5461
6401
6751
6477
5737
4781
3558
2182
980
-53
-867
-1086
-705
213
1461
2822
3988
4806
5192
4918
4388
3499
2082
671
-573
-1356
-1845
-1807
-1424
-663
297
1222
2218
2956
3362
3165
2580
1986
1136
7
-1056
-1855
-2307
-2401
-2036
-1311
-286
679
1288
1800
2161
2209
1942
1333
706
-32
-784
-1405
-1797
-1946
-1918
-1627
-1036
-480
12
358
265
221
97
-86
-426
-785
-1053
-1370
-1608
-1668
-1526
-1340
-914
-436
-259
-135
-113
-98
-302
-488
-737
-985
-956
-990
-1047
-1053
-943
-742
-525
-430
-311
-113
55
204
121
9
-196
-685
-1514
-2460
-3363
-4223
-4877
-5313
-5574
-5651
-5185
-4286
-3491
-2890
-1953
-1330
-1019
-809
-1018
-1659
-2271
-2863
-3643
-4496
-4949
-5007
-4647
-4101
-3452
-2549
-1512
-595
38
245
318
318
-2
-482
-1145
-1770
-2315
-2497
-2345
-1974
-1505
-1001
-215
580
1095
1438
1515
1445
1324
1168
1012
804
632
639
929
1359
1770
2106
2174
1928
1475
881
467
30
-333
-492
-218
538
1388
2116
2799
3283
3364
3009
2446
1797
957
106
-535
-910
-602
158
1197
2273
3561
4834
5670
6112
6158
5613
4903
4146
3257
2569
2126
1786
1730
2086
3059
4599
6223
7710
8975
9581
9531
8760
7408
5882
4226
2498
959
46
-364
-50
734
1726
2875
4029
5030
5567
5425
4794
3833
2508
1071
-274
-1278
-1974
-2348
-2301
-1825
-1107
-96
815
1545
2190
2400
2215
1574
581
-403
-1380
-2376
-3260
-3711
-3809
-3500
-2968
-2339
-1468
-646
86
468
480
246
-387
-983
-1631
-2311
-2771
-2987
-3075
-2798
-2224
-1590
-891
-326
142
497
626
553
345
62
-215
-461
-584
-531
-290
21
558
973
1187
1382
1567
1757
1631
1418
1339
1102
788
672
498
409
509
593
593
750
854
1007
1057
1151
1247
1205
974
669
170
-513
-1240
-2116
-2994
-3811
-4507
-5030
-5094
-4831
-4336
-3758
-3026
-2258
-1699
-1208
-1006
-1060
-1413
-2145
-2943
-3680
-4537
-5296
-5621
-5366
-4780
-4216
-3545
-2809
-1969
-1248
-826
-705
-822
-1038
-1546
-2349
-3124
-3614
-3853
-3790
-3601
-3200
-2588
-2021
-1452
-739
-148
213
366
368
172
-174
-596
-1222
-1710
-2041
-2080
-1920
-1480
-608
132
677
1205
1476
1428
1367
1109
587
-185
-750
-965
-1126
-1169
-888
-348
291
810
1005
1188
1216
786
163
-533
-1165
-1832
-2430
-2765
-2833
-2600
-2010
-1480
-1135
-896
-672
-771
-1230
-2089
-3234
-4460
-5462
-5670
-4827
-3260
-1605
-131
1140
1966
1833
1063
-248
-1880
-3673
-5511
-6983
-7669
-7725
-7254
-6079
-4320
-2330
-920
53
625
595
-27
-1212
-2554
-3949
-5404
-6548
-7119
-6899
-5971
-4685
-3141
-1710
-574
304
783
848
289
-647
-1667
-2845
-3743
-4386
-4664
-4496
-3860
-2909
-1965
-1147
-238
550
1085
1179
839
363
-162
-849
-1499
-2146
-2605
-2681
-2329
-1826
-1178
-580
-127
136
342
402
237
46
-301
-852
-1330
-1555
-1684
-1647
-1370
-1010
-561
-64
188
335
370
270
-97
-432
-541
-674
-1021
-1238
-1180
-816
-664
-377
85
329
416
497
713
847
926
857
672
111
-658
-1244
-1944
-2892
-3434
-3728
-3732
-3322
-2738
-1935
-1013
-26
934
1561
2017
2110
1852
1303
735
18
-687
-1159
-1294
-1080
-608
-63
625
1642
2595
3286
3706
4013
3982
3778
3376
2844
2292
1804
1443
1354
1528
1815
2183
2722
3168
3630
4108
4347
4244
3945
3791
3498
3221
2900
2687
2505
2393
2603
2960
3168
3467
3708
3839
4050
4020
3826
3703
3536
3266
3082
2896
2825
2849
2865
2931
2979
2810
2664
2541
2345
2349
2351
2076
1769
1531
1465
1493
1653
1643
1773
1910
2008
2025
2072
2106
1925
1303
463
-228
-698
-839
-730
46
1286
2631
3670
4303
4267
3994
3476
2725
1680
721
46
-250
-123
450
1404
2418
3540
4438
4973
5037
4850
4334
3415
2211
1055
174
-542
-742
-446
276
1089
2236
3476
4365
4661
4875
4733
4369
3661
2735
1872
1165
702
448
544
882
1381
2102
3088
3846
4347
4580
4593
4156
3588
2944
2293
1558
1054
866
629
763
1195
1810
2397
2866
3308
3535
3461
3254
2924
2333
1766
1237
978
802
613
460
766
1116
1314
1541
1699
1738
1604
1497
1153
827
633
531
571
714
837
880
1037
1174
1179
1420
1549
1692
1899
1962
1703
1356
918
396
-294
-1164
-1928
-2572
-3045
-3406
-3268
-2930
-2346
-1513
-676
328
1136
1630
1648
1358
901
317
-400
-1054
-1475
-1748
-1862
-1674
-1125
-301
582
1467
2147
2679
3032
3156
2863
2366
1851
1258
606
199
-90
-167
116
594
1193
1752
2169
2447
2610
2597
2406
2198
2146
1788
1192
657
512
476
626
701
861
1057
1225
1497
1689
1569
1443
1295
1135
836
643
586
461
514
523
517
586
494
487
401
283
112
-60
-279
-641
-881
-950
-948
-917
-848
-900
-884
-834
-734
-626
-660
-869
-1021
-1223
-1396
-1062
-462
550
2123
3540
4793
5635
5852
5557
4505
2994
1082
-1049
-2853
-4418
-5464
-5763
-5189
-3809
-1810
235
2257
3767
4578
4737
4161
2921
1391
-277
-2020
-3638
-4962
-5439
-5200
-4263
-3021
-1623
-189
920
1514
1662
1358
675
-419
-1712
-3085
-4177
-5087
-5575
-5488
-4956
-4033
-2989
-1846
-843
-260
45
64
-156
-718
-1545
-2292
-3036
-3780
-4192
-4397
-4171
-3787
-3400
-2981
-2544
-2090
-1959
-1984
-2036
-2153
-2472
-2769
-2868
-2716
-2546
-2269
-1934
-1546
-1038
-566
-363
-367
-283
-140
-294
-537
-720
-759
-782
-779
-517
-199
124
521
811
1086
1279
1338
1534
1824
1792
1462
999
285
-505
-1161
-2036
-2894
-3464
-3431
-3210
-2927
-2226
-1308
-400
254
863
1387
1540
1477
1055
329
-496
-1175
-1861
-2517
-2971
-2854
-2158
-1444
-579
523
1266
1657
1904
1897
1657
1072
447
-140
-821
-1362
-1613
-1697
-1721
-1420
-918
-366
176
595
984
1120
1038
884
669
459
219
-115
-317
-322
-259
-114
135
499
820
839
1096
1299
1266
1392
1386
1324
1297
1057
948
1020
1083
1248
1266
1322
1335
1194
1176
1035
801
505
313
214
276
446
509
498
509
694
819
980
1052
980
878
641
324
-224
-1065
-1464
-1347
