-4879
-4420
-4017
-3848
-3664
-3503
-3673
-3836
-4016
-4259
-4490
-4688
-4820
-4811
-4547
-4300
-4103
-3798
-3495
-3373
-3424
-3149
-2955
-2984
-3242
-3641
-4266
-5147
-6243
-7156
-7884
-8395
-8692
-8670
-8373
-7789
-6971
-6033
-4997
-3989
-3342
-3308
-3413
-3806
-4417
-5250
-6109
-6613
-6888
-6998
-6627
-6097
-5294
-4294
-3456
-2737
-2205
-1859
-1679
-1855
-2289
-2924
-3799
-4520
-4876
-4985
-5015
-4752
-4206
-3642
-3300
-2842
-2295
-2104
-2274
-2622
-3401
-4260
-4943
-5298
-5273
-4988
-4313
-3308
-1942
-820
-702
-1139
-2249
-3825
-5493
-7393
-9411
-10961
-11650
-11472
-10636
-9270
-7692
-6169
-4979
-4441
-4768
-5703
-7034
-8773
-10677
-12248
-13205
-13311
-12404
-10611
-8116
-5525
-3151
-1057
526
1419
1376
482
-743
-2092
-3700
-5317
-6657
-7034
-6248
-4371
-1804
982
3775
5872
6874
6949
6058
4412
2474
87
-2362
-4410
-5958
-6505
-6167
-5119
-3542
-1939
-410
755
1107
744
-498
-2359
-4424
-6679
-8655
-10053
-10797
-10625
-9724
-8334
-6753
-5300
-4168
-3392
-3119
-3352
-4271
-5669
-7358
-9093
-10577
-11626
-12214
-12295
-11806
-10733
-9176
-7732
-6381
-5470
-5212
-5163
-5437
-6154
-7128
-8436
-9874
-11063
-11714
-11923
-11579
-11085
-10065
-8785
-7527
-6164
-5021
-4251
-3794
-3633
-3491
-3752
-3963
-3992
-4064
-3793
-3385
-2838
-2292
-1672
-1093
-794
-551
-604
-722
-895
-1084
-1371
-1664
-1899
-2113
-2156
-1981
-1834
-1739
-1801
-1971
-2222
-2492
-2518
-2631
-3079
-3417
-3649
-4012
-4679
-5340
-6113
-6620
-6866
-7054
-7114
-6985
-6625
-5932
-5237
-4451
-3722
-3388
-3261
-3401
-4135
-4833
-5726
-6702
-7496
-8048
-8371
-8432
-8345
-7944
-7242
-6228
-5138
-4528
-4278
-4183
-4087
-4015
-4443
-5102
-5549
-5624
-5532
-5350
-4883
-4188
-3326
-2320
-1437
-588
359
934
1142
1431
1736
1817
1680
1407
816
-122
-1095
-2187
-3358
-4228
-4315
-3382
-1726
244
1935
3562
4793
5387
5302
4517
3221
1407
-330
-2090
-3455
-3791
-3301
-2027
-193
1783
3699
5346
6244
6480
5981
4688
3120
1537
71
-1252
-1798
-1460
-496
1250
3474
5414
6494
7129
7439
7354
6928
6561
6596
6753
6907
7005
6942
6886
6696
6154
5419
4427
3337
2222
1229
499
79
262
884
1800
2782
3619
4403
4872
4856
4156
3338
2365
1197
-10
-935
-1524
-1692
-1600
-1343
-768
-177
663
1477
1699
1638
1372
634
-280
-1271
-2368
-3241
-3731
-3845
-3883
-3745
-3476
-3201
-3042
-2992
-3098
-3190
-3280
-3433
-3792
-4145
-4448
-4645
-4554
-4215
-3976
-3899
-3688
-3463
-3366
-3266
-3188
-3143
-3345
-3614
-3836
-4050
-3943
-3787
-3667
-3372
-3022
-2463
-1882
-1232
-823
-670
-644
-713
-1076
-1514
-1932
-2165
-2505
-2820
-2960
-2847
-2670
-2641
-2607
-2483
-2182
-1750
-1663
-1666
-1741
-2170
-2987
-4103
-5352
-6674
-7941
-9017
-9813
-10370
-10521
-10283
-9507
-8488
-7459
-6471
-5644
-4927
-4704
-4871
-5253
-6051
-6994
-8197
-8980
-9673
-10199
-10155
-9720
-9052
-8290
-7441
-6634
-5956
-5749
-5612
-5628
-6023
-6581
-7335
-8043
-8344
-8457
-8356
-8143
-7802
-7253
-6721
-6149
-5392
-4689
-4031
-3635
-3504
-3462
-3437
-3239
-3153
-3176
-2951
-2461
-1905
-1454
-1062
-775
-556
-293
-291
-460
-720
-721
-867
-1367
-1694
-1638
-1631
-1781
-1825
-1649
-1437
-1520
-1673
-1892
-2174
-2339
-2452
-2557
-2652
-2859
-3094
-3268
-3335
-3327
-3126
-2802
-2644
-2598
-2590
-2566
-2683
-3291
-3991
-4445
-4522
-4061
-3200
-1988
-782
344
1019
873
158
-857
-2400
-3982
-5550
-7022
-7943
-8318
-8094
-7290
-5952
-4394
-3053
-2206
-1902
-1877
-2190
-3053
-4385
-5997
-7554
-8911
-9662
-9836
-9372
-8252
-6909
-5485
-4130
-3102
-2635
-2774
-3140
-3735
-4674
-5705
-6898
-7871
-8543
-8734
-8357
-7803
-6956
-6076
-5179
-4303
-3700
-3427
-3476
-3866
-4507
-5126
-5757
-6310
-6720
-7139
-7418
-7351
-6792
-6082
-5651
-5226
-4842
-4667
-4790
-5055
-5473
-5976
-6372
-6675
-6882
-6819
-6519
-6279
-6095
-5938
-5647
-5501
-5464
-5528
-5627
-5892
-6105
-6324
-6517
-6713
-6822
-6632
-6486
-6267
-5909
-5676
-5588
-5429
-5308
-5171
-5159
-5224
-5569
-6161
-6833
-7585
-8609
-9575
-10515
-11083
-11377
-11251
-10747
-10248
-9420
-8328
-7257
-6416
-5863
-5540
-5566
-6020
-6725
-7531
-8367
-8924
-9376
-9420
-9200
-8673
-8015
-7113
-5940
-4824
-4010
-3551
-3369
-3299
-3593
-4223
-4759
-5311
-5652
-5808
-5691
-5476
-5089
-4372
-3591
-2863
-2174
-1516
-1021
-834
-846
-911
-962
-1068
-1111
-1040
-1041
-863
-536
-112
363
689
987
1292
1512
1689
1786
1625
1393
1186
1242
1227
1084
1069
1093
921
839
904
851
754
575
161
-196
-309
-429
-621
-655
-455
-264
-157
-152
22
319
404
425
391
267
-208
-908
-1464
-1724
-1291
-166
1143
2580
4051
4913
5089
4811
4053
2868
1468
70
-1076
-1987
-2708
-2862
-2248
-1067
239
1547
2735
3330
3443
3104
2290
1191
-175
-1611
-2796
-3567
-3880
-3740
-2917
-1775
-671
419
1359
2024
2223
1934
1323
459
-678
-1853
-2876
-3597
-3952
-4016
-3648
-2898
-2023
-1082
-216
300
305
207
-27
-576
-1381
-2270
-3031
-3635
-3972
-4158
-4258
-3928
-3304
-2702
-2155
-1767
-1543
-1356
-1611
-1931
-2195
-2555
-3115
-3433
-3441
-3421
-3170
-2891
-2523
-2135
-1946
-1761
-1598
-1676
-1890
-2171
-2393
-2660
-2946
-2973
-2863
-2724
-2657
-2483
-2258
-2064
-2020
-2027
-1856
-1759
-1901
-2072
-2523
-3277
-4213
-5116
-5978
-6745
-7383
-7835
-7990
-7866
-7438
-6689
-5682
-4784
-4049
-3440
-3094
-3089
-3438
-3900
-4631
-5487
-6379
-6937
-7272
-7285
-6985
-6292
-5394
-4399
-3474
-2729
-2198
-1901
-1836
-2107
-2732
-3520
-4165
-4502
-4599
-4498
-4259
-4061
-3672
-3211
-2622
-1737
-888
-468
-377
-277
-329
-620
-703
-786
-788
-575
-343
-84
132
404
757
1178
1439
1637
1762
1919
2028
1887
1677
1588
1449
1315
1288
1336
1295
1337
1279
1115
972
749
549
443
152
-41
-144
-207
-168
-89
120
94
68
84
-18
90
278
72
-561
-1095
-1570
-1729
-1526
-736
432
1854
3295
4253
4692
4590
3875
2653
1171
-330
-1771
-2980
-3894
-4050
-3481
-2522
-1141
233
1272
2000
2401
2179
1444
350
-983
-2364
-3715
-4765
-5259
-5294
-4775
-3672
-2520
-1344
-594
-28
408
511
80
-793
-1963
-3151
-4187
-4985
-5369
-5382
-5088
-4405
-3517
-2615
-1886
-1208
-874
-981
-1348
-1896
-2718
-3667
-4528
-5002
-5427
-5676
-5578
-5338
-4912
-4324
-3877
-3535
-3204
-3211
-3351
-3515
-4002
-4433
-4770
-4990
-5185
-5179
-5115
-4851
-4276
-3830
-3595
-3535
-3583
-3557
-3567
-3679
-4051
-4388
-4622
-4764
-4749
-4660
-4439
-4296
-4127
-4049
-4071
-4059
-3912
-3664
-3595
-3536
-3908
-4586
-5463
-6529
-7620
-8627
-9365
-9697
-9720
-9611
-9170
-8586
-7787
-6783
-5932
-5289
-4692
-4336
-4509
-5145
-5914
-6760
-7644
-8307
-8790
-8731
-8288
-7798
-7198
-6323
-5222
-4360
-3678
-3321
-3247
-3423
-3723
-4281
-4982
-5376
-5648
-5826
-5737
-5459
-4838
-4093
-3345
-2537
-1922
-1434
-915
-729
-783
-992
-1268
-1509
-1558
-1584
-1264
-1103
-941
-604
-211
339
682
930
1108
1149
1148
1106
968
909
765
691
653
654
648
626
683
806
775
555
179
-27
-189
-473
-621
-676
-641
-604
-456
-295
-220
-242
-184
-57
-52
-386
-816
-1449
-2337
-2980
-3448
-3338
-2709
-1617
-327
686
1372
1622
1342
620
-328
-1159
-1930
-2679
-3025
-3103
-2838
-2157
-1216
-110
892
1655
1884
1614
948
120
-860
-2140
-3286
-4075
-4381
-4152
-3589
-2531
-1304
-195
640
1231
1550
1648
1288
590
-309
-1288
-2143
-2826
-3147
-3051
-2640
-2034
-1192
-358
432
888
1192
1241
985
467
-89
-895
-1602
-2164
-2618
-2728
-2619
-2253
-1728
-1279
-672
-149
12
-30
-89
-390
-815
-1311
-1944
-2529
-2957
-3212
-3160
-2968
-2919
-2783
-2388
-2095
-2109
-2273
-2498
-2685
-2947
-3115
-3176
-3312
-3483
-3480
-3449
-3365
-3331
-3261
-3139
-2989
-2901
-2842
-2709
-2711
-2971
-3419
-4068
-4966
-5751
-6582
-7432
-8123
-8457
-8231
-7826
-7297
-6648
-5871
-4968
-4098
-3467
-3054
-3028
-3360
-4011
-4687
-5384
-6208
-6699
-6778
-6424
-5888
-5036
-3938
-2952
-2041
-1262
-803
-794
-989
-1210
-1667
-1996
-2339
-2476
-2492
-2619
-2491
-1815
-1172
-625
42
503
894
1238
1387
1494
1518
1324
1184
1049
895
911
977
1215
1487
1898
2249
2355
2497
2614
2736
2830
2652
2559
2551
2418
2268
2089
1998
1973
1920
1860
1880
1831
1816
1736
1529
1250
1019
858
669
684
622
460
595
655
547
533
638
878
1039
805
539
493
754
1349
2293
3530
4922
6380
7323
7711
7573
6745
5320
3387
1331
-736
-2464
-3632
-4157
-3773
-2666
-1097
927
3001
4621
5641
5877
5317
4164
2527
776
-928
-2439
-3698
-4478
-4567
-3870
-2669
-1439
-93
1196
2114
2543
2446
1835
660
-795
-2352
-3744
-4634
-5075
-5189
-4838
-4261
-3236
-2077
-1089
-429
-142
-148
-251
-826
-1649
-2551
-3538
-4397
-5037
-5261
-5000
-4784
-4449
-3915
-3610
-3388
-3256
-3129
-3108
-3318
-3461
-3604
-3726
-3706
-3500
-3374
-3164
-2817
-2326
-1780
-1395
-1239
-1281
-1409
-1703
-2048
-2162
-2390
-2679
-2603
-2245
-1966
-1729
-1413
-1114
-970
-735
-452
-500
-733
-841
-948
-1494
-2275
-3125
-4148
-4999
-5857
-6595
-6986
-6946
-6588
-6025
-5144
-4286
-3566
-2799
-2034
-1667
-1613
-2062
-2956
-4016
-5095
-5712
-6164
-6508
-6613
-6097
-5388
-4664
-3932
-3103
-2358
-2043
-1881
-1902
-2222
-2719
-3389
-4075
-4692
-5008
-4987
-4712
-4358
-3976
-3334
-2577
-1885
-1376
-964
-665
-460
-508
-635
-796
-843
-866
-898
-699
-361
47
376
698
1146
1544
1653
1814
2032
2046
2007
1941
1865
1783
1708
1848
2005
2080
2075
2016
1905
1580
1313
1198
1105
984
703
522
591
695
701
775
934
1024
1025
1100
1185
1267
1222
875
45
-815
-1240
-1319
-913
-196
741
1914
2975
3370
3277
2628
1691
430
-856
-1958
-2891
-3385
-3330
-2786
-1748
-248
1240
2417
3015
3278
3051
2333
1128
-267
-1653
-2965
-4084
-4780
-4906
-4374
-3274
-1851
-362
762
1530
2041
2149
1792
1117
155
-976
-2160
-2957
-3176
-3017
-2633
-1971
-1164
-276
596
1311
1864
2025
1644
1101
479
-296
-1039
-1782
-2179
-2250
-2091
-1792
-1544
-1122
-463
280
712
628
436
277
-4
-470
-984
-1336
-1451
-1471
-1407
-1434
-1322
-1076
-996
-1065
-1159
-1269
-1354
-1587
-1874
-2182
-2483
-2524
-2578
-2664
-2671
-2433
-2328
-2366
-2402
-2330
-2073
-1895
-1892
-2247
-2744
-3245
-3937
-4890
-5811
-6567
-7144
-7638
-7798
-7807
-7437
-6835
-6164
-5271
-4378
-3571
-3087
-2973
-3141
-3536
-4194
-4838
-5352
-5870
-6064
-6204
-6037
-5477
-4644
-3608
-2493
-1747
-1194
-581
-260
-377
-775
-1197
-1661
-2233
-2637
-2833
-2702
-2200
-1490
-760
-153
383
876
1272
1589
1835
1908
1977
1885
1690
1688
1672
1854
2120
2154
2295
2649
3016
3368
3622
3658
3661
3662
3651
3536
3324
3135
3010
3051
3163
3087
2912
2880
2778
2635
2500
2150
1929
1701
1380
1134
1163
1169
1288
1387
1388
1577
1739
1759
1775
1610
1427
1058
648
200
-59
29
620
1731
3149
4576
5772
6380
6446
5915
4929
3561
2098
683
-476
-1148
-1465
-1265
-474
774
2174
3431
4276
4782
4814
4323
3358
2268
1054
-379
-1434
-2112
-2434
-1971
-973
67
1130
2027
2817
3324
3338
2871
2144
1279
287
-692
-1423
-2045
-2340
-2183
-1688
-843
23
659
1418
1936
1911
1628
1189
418
-424
-1166
-1863
-2322
-2620
-2702
-2471
-1993
-1318
-940
-650
-447
-362
-160
-343
-908
-1602
-1939
-2139
-2497
-2609
-2434
-2197
-1851
-1365
-938
-660
-491
-603
-826
-1142
-1311
-1325
-1534
-1737
-1785
-1712
-1804
-1675
-1248
-877
-700
-699
-580
-437
-422
-605
-985
-1363
-2061
-2942
-3702
-4529
-5315
-5944
-6359
-6450
-6186
-5570
-4827
-3744
-2732
-2095
-1573
-1482
-1638
-2016
-2482
-3145
-4053
-4868
-5316
-5375
-5013
-4510
-3874
-2961
-2043
-1285
-616
-244
-233
-533
-976
-1509
-1879
-2280
-2636
-2930
-3015
-2809
-2193
-1549
-916
-251
341
775
1175
1400
1424
1251
1037
968
915
964
1104
1276
1376
1565
1993
2434
2766
2916
2888
2934
3097
3078
2898
2763
2744
2803
2848
2834
2762
2793
2835
2860
2780
2476
2201
2085
1962
1965
1948
1772
1626
1439
1472
1685
1972
2084
2138
2165
2135
1990
1781
1283
574
-27
-162
295
1288
2754
4419
5634
6369
6475
6002
5147
3958
2587
1321
-27
-1124
-1640
-1738
-1112
68
1462
2782
3783
4245
4326
4177
3558
2452
1129
-313
-1745
-2648
-2998
-2761
-2025
-1157
-154
826
1887
2628
2723
2452
1915
1133
55
-947
-1754
-2473
-2897
-2975
-2401
-1583
-797
10
670
1188
1559
1523
1192
670
-21
-762
-1531
-2236
-2625
-2751
-2620
-2193
-1649
-1085
-719
-427
-232
-236
-314
-507
-931
-1533
-1913
-2155
-2260
-2117
-1824
-1633
-1373
-1069
-760
-384
-384
-661
-880
-1129
-1312
-1566
-1588
-1591
-1659
-1628
-1492
-1323
-1178
-899
-739
-850
-753
-633
-748
-946
-1394
-1863
-2509
-3485
-4479
-5409
-6168
-6483
-6524
-6252
-5714
-5010
-4291
-3569
-2632
-1934
-1616
-1559
-1805
-2387
-3248
-4009
-4591
-5107
-5313
-5285
-5038
-4315
-3243
-2277
-1650
-1166
-763
-531
-476
-631
-858
-1128
-1658
-2204
-2573
-2686
-2526
-2125
-1523
-749
-31
700
1330
1661
1801
1830
1856
1834
1850
1829
1826
1715
1726
1838
2032
2463
2880
3252
3616
3837
3742
3603
3706
3735
3756
3718
3472
3333
3409
3390
3240
3162
3055
3168
3081
2858
2668
2542
2387
2267
2151
2025
2097
2057
1995
2048
2236
2372
2306
2330
2495
2445
2051
1492
746
331
697
1604
2831
4094
5436
6506
6855
6599
5853
4683
3280
1754
590
-315
-984
-1124
-649
269
1446
2668
3793
4820
5206
4960
4089
2887
1697
492
-649
-1575
-2104
-2179
-1697
-893
232
1488
2334
2951
3263
3228
2759
2050
1297
375
-723
-1679
-2092
-2082
-1790
-1110
-212
676
1392
2012
2239
2041
1815
1544
898
48
-766
-1418
-1795
-2001
-1995
-1729
-1178
-717
-243
290
499
511
347
204
-81
-510
-964
-1331
-1307
-1185
-1190
-1071
-721
-120
310
329
152
73
-68
-369
-582
-829
-1009
-1040
-1054
-981
-962
-698
-530
-406
-203
-291
-257
-62
-112
-195
-477
-961
-1697
-2503
-3348
-4304
-4949
-5308
-5589
-5634
-5342
-4595
-3873
-3002
-2015
-1290
-890
-724
-847
-1288
-2127
-2920
-3494
-4201
-4764
-4800
-4440
-3891
-3228
-2305
-1272
-514
58
432
379
-25
-330
-742
-1107
-1500
-1826
-1909
-1777
-1358
-854
-417
247
755
1390
1951
2131
2123
1982
1656
1325
1149
1095
1104
1408
1989
2487
2750
2703
2642
2434
1831
1213
655
360
409
566
1157
1878
2634
3430
4020
4154
3914
3478
2627
1677
1020
486
98
130
658
1716
3024
4373
5582
6376
6720
6707
6276
5644
4840
4120
3463
2798
2316
2364
2851
3929
5383
7108
8595
9754
10418
10254
9426
8103
6657
4899
3141
1805
942
613
784
1456
2706
3974
4919
5826
6241
6007
5254
4080
2896
1538
272
-810
-1535
-1779
-1699
-1291
-455
567
1555
2477
3210
3245
2755
2102
1243
227
-954
-1985
-2645
-2992
-3065
-2798
-2130
-1279
-514
15
532
838
911
651
61
-463
-1091
-1761
-2355
-2729
-2789
-2589
-1891
-1081
-368
313
763
1119
1208
1208
1126
775
399
145
83
152
313
584
1010
1594
2078
2282
2204
2153
2202
2104
1825
1377
1149
999
924
982
966
904
1000
1175
1146
1054
1187
1231
1201
1159
923
497
134
-439
-1290
-2130
-3024
-4077
-4735
-5053
-5023
-4714
-4368
-3920
-3267
-2371
-1577
-1147
-888
-981
-1509
-2261
-3158
-3907
-4513
-5045
-5244
-5256
-4953
-4243
-3420
-2692
-1805
-1225
-929
-720
-752
-1268
-1903
-2612
-3381
-4092
-4355
-4361
-4248
-3645
-2816
-2027
-1641
-1177
-614
-232
62
118
-110
-363
-841
-1412
-1785
-1944
-1961
-1849
-1315
-651
0
686
1211
1535
1565
1377
960
319
-313
-835
-1202
-1248
-1198
-986
-618
-99
403
818
933
776
417
-210
-881
-1532
-2290
-2969
-3383
-3402
-3135
-2654
-2259
-1804
-1406
-1183
-1225
-1786
-2817
-4130
-5289
-5993
-5901
-5121
-3799
-2097
-289
949
1551
1430
680
-661
-2331
-4072
-5958
-7359
-8083
-8240
-7751
-6443
-4666
-2976
-1484
-460
10
-176
-975
-2042
-3476
-4968
-6378
-7383
-7689
-7397
-6589
-5251
-3636
-2192
-1090
-334
54
107
-247
-986
-1893
-3073
-4066
-4725
-5047
-4866
-4220
-3344
-2306
-1278
-222
519
911
871
502
95
-621
-1350
-1834
-2268
-2706
-2842
-2495
-2034
-1455
-908
-449
-38
244
380
328
-2
-567
-1059
-1242
-1456
-1605
-1592
-1473
-1060
-740
-403
-47
110
170
228
137
-184
-385
-756
-1003
-1073
-1110
-974
-662
-263
70
173
320
531
669
851
846
598
215
-221
-840
-1666
-2513
-3015
-3375
-3675
-3710
-3420
-2752
-2006
-1218
-289
656
1236
1600
1906
1995
1651
1003
311
-374
-932
-924
-593
-269
384
1309
2209
3136
3855
4304
4495
4535
4269
3746
3149
2596
2058
1698
1543
1647
2022
2541
3011
3543
4027
4342
4635
4811
4763
4520
4247
3960
3466
3169
3102
3030
3172
3499
3674
3880
4091
4212
4262
4296
4333
4125
3767
3477
3225
3126
3080
3054
3160
3218
3197
3148
3045
2932
2822
2534
2305
2207
2048
1886
1777
1814
1862
1952
2142
2232
2313
2371
2301
2342
2216
1855
1299
720
471
752
1476
2664
4127
5590
6490
6851
6768
6215
5268
4106
2813
1539
501
-27
-46
484
1442
2698
4042
5164
5964
6196
5814
5057
4118
3039
1784
653
-133
-513
-494
66
954
2146
3251
4030
4601
4907
4902
4528
3831
2903
1874
883
202
-80
-2
376
1015
1734
2604
3395
3888
4121
4001
3875
3450
2738
1947
1080
349
-94
-126
178
419
816
1374
1821
2109
2237
2343
2285
2007
1627
1255
884
655
462
550
811
1079
1304
1676
2128
2340
2363
2440
2340
2036
1721
1632
1672
1739
1741
1509
1455
1629
2018
2304
2584
2671
2540
2593
2706
2668
2360
1886
1306
656
-245
-1131
-1743
-2161
-2438
-2297
-1994
-1409
-630
152
995
1642
2085
2257
2067
1681
1108
430
-343
-1042
-1554
-1620
-1319
-754
151
1108
1943
2643
3001
3220
3083
2651
2112
1576
903
120
-315
-519
-328
-131
82
528
1154
1596
1892
1994
1938
1820
1599
1328
1091
927
814
698
523
448
530
905
1336
1491
1575
1430
1416
1470
1472
1389
1260
1135
856
660
573
584
489
430
594
653
428
81
-264
-450
-588
-798
-1021
-1173
-1140
-959
-914
-939
-875
-786
-603
-510
-551
-736
-1124
-1682
-2221
-2682
-2601
-1837
-473
1040
2473
3665
4344
4302
3616
2564
1174
-307
-1681
-2932
-3973
-4451
-4305
-3517
-2062
-326
1202
1982
2438
2672
2307
1180
-211
-1698
-3169
-4357
-5162
-5486
-5053
-4075
-2913
-1576
-355
486
1009
1207
932
163
-789
-1840
-2929
-3766
-4390
-4652
-4411
-3814
-2877
-1756
-832
-201
159
392
275
-171
-665
-1253
-2066
-2914
-3523
-3667
-3528
-3337
-2883
-2267
-1604
-1169
-982
-1073
-1005
-1040
-1280
-1617
-1954
-2130
-2169
-2138
-1989
-1887
-1538
-1076
-628
-401
-360
-288
-309
-442
-746
-915
-883
-722
-783
-831
-892
-742
-433
-224
-47
134
391
595
728
519
260
-237
-942
-1648
-2532
-3332
-4038
-4599
-4842
-4781
-4497
-3895
-3046
-2062
-1107
-307
293
499
354
94
-367
-1190
-2040
-2789
-3304
-3311
-2852
-2283
-1604
-853
-144
736
1448
1890
1891
1612
1239
709
113
-536
-918
-1141
-1468
-1479
-1149
-621
25
647
1182
1451
1568
1486
1251
1072
775
398
225
222
58
133
348
736
1225
1522
1655
1740
1735
1712
1742
1611
1355
1233
1038
870
974
1100
1223
1177
981
856
826
665
617
614
385
171
-28
-50
-28
-159
-199
-140
43
114
111
262
439
399
316
88
-112
-260
-294
334
