-5165
-4760
-4465
-4294
-4270
-4343
-4343
-4395
-4604
-4963
-5273
-5380
-5312
-5112
-4961
-4794
-4727
-4563
-4212
-3918
-3754
-3674
-3632
-3813
-4082
-4322
-4917
-5699
-6686
-7470
-8303
-8919
-9244
-9150
-8706
-8028
-7417
-6667
-5635
-4639
-3815
-3496
-3644
-4097
-4772
-5530
-6364
-7116
-7399
-7281
-6932
-6434
-5679
-4711
-3639
-2630
-2005
-1771
-1686
-1915
-2403
-2953
-3595
-4329
-4852
-4944
-4914
-4689
-4375
-3934
-3355
-2852
-2496
-2258
-2269
-2739
-3402
-4092
-4852
-5366
-5351
-5073
-4403
-3433
-2155
-1275
-1219
-1738
-2703
-4310
-6116
-8049
-9893
-11290
-12036
-11867
-10858
-9241
-7475
-5942
-5027
-4761
-5125
-6049
-7372
-9074
-10903
-12381
-13419
-13655
-12891
-11258
-8767
-5847
-3153
-959
508
1088
1050
456
-713
-2253
-3880
-5327
-6306
-6348
-5333
-3326
-610
2345
5010
6799
7625
7467
6499
4681
2302
-202
-2812
-5028
-6515
-7244
-6877
-5501
-3523
-1352
416
1581
2098
1653
311
-1342
-3345
-5620
-7959
-9782
-10814
-10923
-10094
-8677
-7009
-5491
-4213
-3247
-3042
-3437
-4280
-5444
-7058
-8799
-10497
-11981
-12648
-12755
-12328
-11305
-10083
-8594
-7210
-6164
-5383
-5321
-5753
-6454
-7481
-8684
-10024
-11152
-11918
-12264
-12131
-11754
-10885
-9800
-8577
-7301
-6056
-5318
-4888
-4732
-4469
-4356
-4342
-4160
-4148
-3664
-3061
-2580
-2061
-1611
-1089
-712
-645
-574
-460
-613
-870
-1204
-1433
-1588
-1509
-1481
-1456
-1317
-1253
-1324
-1478
-1593
-1826
-2091
-2381
-2633
-2959
-3267
-3744
-4453
-5083
-5607
-6173
-6749
-7140
-7105
-6682
-6021
-5368
-4630
-3870
-3291
-2741
-2672
-3076
-3690
-4518
-5343
-6184
-7070
-7843
-8370
-8559
-8289
-7519
-6791
-6090
-5491
-4916
-4502
-4233
-4103
-4494
-4976
-5407
-5689
-5804
-6073
-6090
-5636
-4862
-3949
-2947
-1913
-746
-11
465
866
1145
1542
1647
1394
993
240
-555
-1425
-2630
-3705
-4424
-4351
-3475
-1976
-82
1740
3416
4657
5381
5523
4651
3111
1247
-711
-2424
-3653
-3841
-3120
-1828
-64
1983
3888
5358
6405
6492
5838
4839
3415
1649
94
-1089
-1681
-1278
-99
1582
3609
5579
7088
7741
7880
7919
7893
7930
7918
7961
8101
7989
7754
7507
7009
6120
5078
3981
2831
1735
869
453
167
83
622
1718
2948
4026
4710
4880
4610
4005
3139
2195
991
-24
-993
-1718
-2222
-2252
-1795
-1216
-331
574
1138
1234
1188
764
158
-684
-1802
-2753
-3398
-3774
-4072
-4186
-4114
-4035
-3954
-3817
-3759
-3710
-3609
-3629
-3686
-3948
-4256
-4605
-4751
-4628
-4501
-4338
-4156
-3849
-3657
-3669
-3657
-3769
-3819
-3917
-4150
-4228
-4371
-4332
-4038
-3687
-3271
-2674
-2007
-1447
-1049
-693
-530
-602
-877
-1217
-1552
-1777
-2227
-2597
-2781
-3051
-3044
-2757
-2444
-2273
-2067
-1778
-1532
-1373
-1436
-1628
-1933
-2625
-3697
-5083
-6422
-7689
-9043
-10026
-10515
-10611
-10305
-9604
-8684
-7676
-6700
-5704
-4983
-4612
-4725
-5405
-6352
-7431
-8479
-9300
-9956
-10339
-10262
-9869
-9207
-8279
-7490
-6773
-6216
-5771
-5604
-5622
-5990
-6751
-7394
-7821
-8209
-8515
-8693
-8501
-8083
-7568
-6975
-6163
-5264
-4641
-4163
-3917
-3864
-3700
-3502
-3327
-3093
-2942
-2793
-2508
-2069
-1705
-1326
-982
-574
-412
-396
-486
-634
-913
-1083
-1270
-1403
-1404
-1377
-1406
-1512
-1718
-1761
-1721
-1878
-2076
-2282
-2394
-2420
-2686
-3026
-3268
-3309
-3268
-3354
-3445
-3174
-2840
-2699
-2613
-2670
-2625
-2778
-3286
-4055
-4603
-4523
-4026
-3306
-2143
-821
395
1116
925
175
-1130
-2542
-4137
-5829
-7195
-7962
-8195
-8067
-7358
-6070
-4597
-3232
-2295
-1719
-1671
-2184
-3197
-4479
-5926
-7498
-8891
-9757
-9824
-9361
-8462
-7168
-5674
-4251
-3216
-2728
-2661
-2915
-3639
-4618
-5693
-6917
-7999
-8620
-8822
-8561
-8104
-7214
-6033
-4978
-4149
-3591
-3193
-3157
-3555
-4328
-4979
-5647
-6293
-6774
-7195
-7314
-7232
-6833
-6243
-5566
-4972
-4717
-4626
-4771
-4975
-5475
-5936
-6310
-6522
-6787
-6796
-6635
-6387
-6227
-6052
-5660
-5481
-5476
-5529
-5770
-6163
-6434
-6636
-6728
-6940
-7005
-6663
-6452
-6314
-6036
-5703
-5470
-5334
-5163
-5124
-5292
-5502
-5764
-6392
-7232
-8121
-8920
-9867
-10602
-11126
-11499
-11588
-11173
-10444
-9547
-8400
-7259
-6377
-5856
-5623
-5701
-5989
-6695
-7581
-8498
-9381
-9700
-9791
-9606
-8992
-8098
-7022
-6038
-5146
-4402
-3704
-3230
-3223
-3463
-4124
-4888
-5441
-5839
-5966
-6001
-5597
-4940
-4193
-3539
-2966
-2424
-1966
-1526
-1160
-958
-841
-959
-1125
-1161
-1114
-1025
-989
-834
-509
-86
141
511
861
987
1140
1183
1127
1071
966
833
849
940
1008
933
852
547
381
339
157
-51
-249
-528
-790
-822
-823
-740
-668
-603
-411
-307
-124
182
260
199
116
-42
-389
-1061
-1427
-1475
-1128
-67
1308
2773
4157
5061
5327
4836
3977
2809
1274
-208
-1453
-2388
-2995
-3142
-2557
-1204
219
1526
2550
3257
3466
2974
2283
1226
-18
-1368
-2573
-3508
-3939
-3893
-3211
-2061
-859
186
968
1744
2145
1970
1397
492
-544
-1624
-2701
-3467
-3746
-3696
-3325
-2709
-1989
-1138
-213
416
561
465
91
-607
-1452
-2198
-3015
-3537
-3812
-3915
-3669
-3276
-2972
-2470
-2010
-1678
-1387
-1449
-1641
-1898
-2225
-2528
-2872
-3163
-3360
-3303
-3041
-2757
-2442
-2242
-1865
-1562
-1493
-1576
-1639
-1883
-2455
-2846
-3021
-2979
-2812
-2711
-2472
-2377
-2203
-1966
-1759
-1721
-1850
-1939
-1962
-2124
-2533
-3043
-3712
-4725
-5702
-6367
-6744
-7353
-7775
-7553
-6872
-6134
-5358
-4536
-3737
-3121
-2804
-2740
-3071
-3584
-4314
-5272
-6295
-6924
-7143
-7097
-6728
-6023
-5062
-3926
-2921
-2200
-1722
-1522
-1617
-2034
-2475
-2885
-3388
-4018
-4367
-4403
-4233
-3726
-3147
-2411
-1647
-1145
-744
-398
14
286
141
-122
-288
-484
-578
-636
-545
-444
-124
317
792
1313
1708
1801
1826
1900
1974
1943
1736
1640
1710
1667
1394
1270
1444
1625
1588
1368
1162
865
581
341
246
224
95
94
96
-7
-74
-40
-23
100
168
225
99
-118
-502
-1101
-1627
-1971
-1797
-920
369
1786
3162
4175
4663
4492
3641
2561
1264
-214
-1608
-2914
-3720
-3707
-3292
-2450
-1346
-92
1124
2053
2379
2127
1562
564
-713
-2249
-3846
-4956
-5530
-5512
-5088
-4233
-3054
-1895
-865
144
536
413
-66
-936
-2058
-3229
-4390
-5241
-5584
-5561
-5299
-4655
-3785
-2857
-1877
-1198
-927
-1128
-1500
-1948
-2692
-3380
-4274
-5144
-5625
-5743
-5617
-5294
-4937
-4512
-4065
-3684
-3295
-3248
-3252
-3563
-4073
-4476
-4722
-5025
-5206
-5142
-5043
-4796
-4231
-3836
-3550
-3397
-3505
-3582
-3612
-3804
-4061
-4283
-4559
-4886
-4900
-4692
-4507
-4222
-3967
-3859
-3737
-3676
-3645
-3497
-3475
-3761
-4159
-4653
-5426
-6415
-7576
-8457
-8879
-9335
-9775
-9861
-9397
-8496
-7565
-6578
-5734
-5206
-4784
-4670
-4889
-5325
-6151
-7047
-7741
-8412
-8795
-8874
-8656
-8019
-7126
-6173
-5153
-4318
-3695
-3261
-3038
-3186
-3583
-4245
-4781
-5159
-5499
-5584
-5463
-5227
-4770
-4058
-3259
-2531
-1932
-1590
-1359
-1085
-982
-1065
-1066
-1108
-1165
-1112
-1132
-901
-492
-159
184
480
744
980
1215
1326
1369
1336
1218
1111
1037
998
1065
987
902
837
801
743
759
759
524
288
211
75
11
-216
-377
-363
-194
-28
155
227
254
166
148
282
72
-524
-1468
-2454
-2740
-2312
-1409
-206
1068
2188
2949
3074
2721
1949
909
-289
-1413
-2363
-2855
-3028
-2690
-1907
-807
386
1453
2219
2518
2557
2130
1070
-189
-1594
-2688
-3587
-3947
-3735
-3156
-2276
-1238
-112
884
1545
1995
2068
1791
1107
105
-979
-1892
-2614
-3009
-3114
-2512
-1789
-1258
-418
442
927
1346
1449
1233
842
230
-669
-1483
-1961
-2408
-2804
-2914
-2676
-2208
-1602
-1009
-602
-158
-44
-318
-763
-1081
-1435
-1894
-2336
-2694
-2941
-3046
-2985
-2718
-2298
-1844
-1608
-1640
-1853
-1826
-2011
-2289
-2566
-2771
-2995
-3195
-3254
-3280
-2991
-2697
-2490
-2300
-2206
-2054
-2054
-2095
-2281
-2428
-2752
-3491
-4306
-5315
-6337
-7125
-7594
-7881
-7911
-7714
-7190
-6373
-5467
-4509
-3607
-3031
-2741
-2794
-3331
-3975
-4732
-5573
-6237
-6700
-6719
-6384
-5907
-5171
-4100
-3168
-2503
-1865
-1355
-1098
-908
-1094
-1600
-2275
-2834
-3119
-3186
-3183
-2815
-2228
-1636
-1031
-424
287
805
1030
1123
1151
1189
979
763
651
517
651
795
884
1206
1594
1949
2239
2405
2437
2532
2630
2495
2445
2448
2272
2098
2044
2052
2012
1930
1838
1724
1756
1607
1423
1115
746
505
576
576
435
356
584
867
934
860
880
1062
1111
1122
841
464
110
66
618
1493
2620
4060
5611
6583
7060
7070
6331
4983
3304
1591
-241
-1989
-3302
-3819
-3611
-2568
-984
821
2569
3998
4877
5130
4763
3849
2355
439
-1331
-2789
-3848
-4234
-4282
-3917
-2877
-1531
-102
1006
1572
1882
1768
1305
527
-719
-2180
-3614
-4683
-5213
-5174
-4740
-3981
-3170
-2200
-1414
-725
-156
-91
-329
-882
-1563
-2436
-3207
-3873
-4399
-4606
-4747
-4439
-3981
-3590
-3295
-3131
-2884
-2818
-2796
-2957
-3250
-3450
-3707
-3700
-3633
-3525
-3047
-2531
-2252
-2067
-1857
-1785
-1873
-2067
-2099
-2199
-2470
-2820
-2922
-2755
-2545
-2450
-2284
-2042
-1754
-1521
-1345
-1313
-1416
-1200
-1178
-1525
-2198
-3018
-3717
-4544
-5608
-6473
-7056
-7351
-7427
-7191
-6685
-5982
-5190
-4248
-3326
-2777
-2511
-2462
-2759
-3446
-4354
-5257
-6192
-6860
-7184
-7166
-6775
-6020
-5150
-4532
-3673
-2747
-2159
-1984
-2118
-2476
-3044
-3591
-4329
-4871
-5034
-5137
-4977
-4607
-4118
-3536
-2794
-2052
-1429
-1007
-753
-588
-454
-698
-905
-1006
-1099
-1153
-1017
-773
-385
115
472
769
1159
1387
1605
1760
1771
1733
1643
1505
1366
1257
1399
1414
1330
1402
1436
1238
955
757
626
504
347
300
201
100
155
233
403
614
608
705
861
812
740
490
-4
-600
-1259
-1688
-1798
-1477
-415
862
2102
2983
3374
3351
2800
1859
639
-768
-2129
-3052
-3598
-3698
-3349
-2431
-989
605
1788
2648
3081
2749
2135
1113
-258
-1934
-3585
-4742
-5201
-4976
-4397
-3567
-2253
-780
416
1195
1562
1520
1247
699
-268
-1430
-2592
-3422
-3836
-3898
-3628
-2775
-1830
-939
-101
628
1056
1236
1077
515
-321
-1057
-1813
-2372
-2858
-3210
-3219
-2894
-2514
-1928
-1315
-693
-306
-318
-269
-515
-1063
-1595
-2027
-2336
-2361
-2352
-2390
-2301
-2167
-1856
-1504
-1169
-1223
-1568
-1684
-1980
-2294
-2503
-2774
-2879
-2947
-2970
-2910
-2598
-2380
-2237
-2086
-1993
-1918
-1879
-1910
-2071
-2485
-3068
-3805
-4548
-5274
-6331
-7277
-7773
-8016
-7667
-7142
-6514
-5797
-4833
-3856
-3152
-2678
-2442
-2676
-3361
-4180
-4966
-5797
-6547
-6812
-6708
-6230
-5371
-4516
-3635
-2568
-1589
-921
-565
-569
-856
-1273
-1660
-1932
-2296
-2745
-3021
-2951
-2608
-2076
-1400
-695
-40
764
1427
1766
1853
1857
1734
1569
1392
1186
1075
1169
1531
1856
2021
2379
2863
3181
3188
3159
3340
3550
3452
3336
3230
3100
3043
2986
2789
2719
2713
2809
2757
2596
2453
2245
1924
1750
1726
1752
1785
1531
1215
1380
1846
1983
1899
1996
2063
1844
1689
1398
765
56
-322
-156
532
1613
3088
4564
5699
6405
6617
6091
4916
3586
2125
690
-326
-1039
-1465
-1465
-815
431
1835
3214
4189
4831
4861
4265
3377
2246
884
-497
-1630
-2352
-2463
-2010
-1324
-440
811
2067
2912
3304
3395
3065
2364
1434
262
-861
-1679
-2207
-2443
-2430
-1939
-1053
-172
699
1441
1760
1809
1643
1260
664
-116
-916
-1563
-2101
-2524
-2669
-2486
-2143
-1731
-1183
-662
-350
-266
-273
-349
-868
-1458
-1712
-1916
-2095
-2336
-2347
-1871
-1356
-1184
-1072
-853
-785
-783
-850
-1163
-1361
-1584
-1875
-1964
-1925
-1741
-1570
-1331
-1158
-1120
-1052
-796
-619
-643
-645
-726
-965
-1520
-2174
-2927
-3899
-4951
-5735
-6305
-6509
-6496
-6073
-5479
-4759
-3848
-2850
-1990
-1586
-1387
-1490
-2008
-2637
-3285
-4085
-4823
-5255
-5351
-5344
-4873
-3967
-3010
-2214
-1457
-857
-312
-146
-282
-511
-1012
-1577
-2201
-2610
-2801
-2855
-2593
-2105
-1486
-790
-224
279
675
1079
1281
1300
1173
1137
1114
874
835
766
1027
1370
1703
2005
2246
2616
2988
3158
3248
3273
3182
3107
2983
2785
2798
2731
2670
2653
2696
2720
2722
2593
2441
2361
2078
1780
1571
1439
1280
1206
1253
1423
1673
1662
1718
1834
1855
1876
1814
1490
1070
527
-147
-365
205
1115
2546
4085
5318
6115
6375
6138
5263
3915
2542
1051
-385
-1286
-1629
-1688
-1067
60
1397
2786
3708
4349
4492
4070
3291
2211
965
-490
-1740
-2625
-3092
-2907
-2172
-1189
-55
1093
1917
2383
2795
2827
2257
1296
168
-852
-1785
-2494
-2908
-2932
-2435
-1710
-924
99
956
1430
1563
1408
1009
498
-186
-1072
-1812
-2464
-2997
-3122
-2799
-2265
-1692
-1234
-749
-269
-321
-435
-624
-757
-964
-1380
-1689
-1935
-2082
-2057
-1604
-1146
-918
-767
-607
-290
-30
-124
-466
-865
-1103
-1184
-1186
-1422
-1510
-1391
-1197
-1041
-869
-782
-725
-662
-528
-418
-442
-720
-1117
-1695
-2553
-3490
-4415
-5156
-5832
-6322
-6346
-6069
-5486
-4763
-4044
-3225
-2370
-1666
-1282
-1275
-1657
-2090
-2830
-3583
-4297
-4828
-5108
-4945
-4479
-4007
-3332
-2399
-1482
-688
-327
-51
-203
-393
-575
-981
-1380
-1890
-2396
-2512
-2318
-1778
-1186
-664
-50
657
1256
1571
1862
2039
2053
2002
1969
1661
1584
1675
1836
2229
2630
2793
3078
3501
3834
3935
3903
3992
4049
4020
3980
3732
3615
3695
3669
3680
3684
3636
3418
3282
3309
3187
2846
2628
2574
2415
2432
2387
2151
2077
2163
2247
2300
2555
2734
2640
2524
2489
2033
1321
831
775
1048
1607
2745
4302
5724
6591
7004
6836
6099
5044
3792
2382
1032
-136
-955
-1074
-566
472
1760
2961
3925
4816
5327
5068
4345
3398
2089
638
-703
-1705
-2323
-2256
-1769
-780
471
1670
2503
3089
3410
3264
2966
2354
1347
208
-676
-1283
-1870
-2061
-1741
-969
-79
741
1644
2259
2547
2618
2339
1704
941
173
-638
-1267
-1790
-2076
-1952
-1611
-1184
-707
-318
35
451
548
442
197
-184
-538
-934
-1307
-1475
-1471
-1193
-818
-550
-274
87
346
473
405
56
-258
-481
-611
-716
-856
-755
-632
-641
-508
-229
127
204
306
393
370
269
79
-236
-652
-1386
-2314
-3234
-4117
-4854
-5344
-5590
-5534
-5230
-4616
-3694
-2709
-1865
-1172
-673
-458
-679
-1230
-1865
-2518
-3300
-3961
-4443
-4486
-4177
-3454
-2727
-2042
-1207
-397
155
542
748
669
234
-167
-729
-1333
-1811
-2046
-1993
-1667
-1092
-380
250
805
1223
1638
2031
2073
1940
1519
1189
1055
957
1274
1610
1923
2325
2585
2735
2662
2221
1469
852
430
194
180
507
979
1635
2386
3048
3545
3674
3495
2901
2001
1037
312
-263
-455
-192
365
1274
2529
3841
5024
5961
6409
6371
5930
5228
4531
3809
3072
2342
1896
1842
2378
3334
4795
6533
8162
9484
9970
9675
8910
7865
6404
4657
2953
1513
579
177
339
1005
1972
3143
4315
5246
5657
5597
5090
4115
2736
1257
-248
-1385
-2122
-2666
-2559
-1938
-1007
131
1027
1872
2419
2591
2399
1864
1072
133
-913
-2192
-3141
-3516
-3466
-3273
-2715
-1830
-995
-335
141
311
315
205
-190
-904
-1672
-2428
-2864
-3031
-3159
-2922
-2178
-1490
-931
-263
413
690
768
729
698
581
198
-157
-280
-147
253
609
995
1230
1527
2010
2272
2249
2010
1730
1422
1116
925
638
475
404
420
661
904
1136
1190
1121
1281
1297
1105
979
862
684
185
-594
-1482
-2582
-3554
-4340
-4817
-5035
-5133
-5091
-4767
-4057
-3220
-2337
-1588
-1271
-1198
-1216
-1538
-2284
-3158
-4046
-4808
-5180
-5329
-5240
-4840
-4277
-3526
-2690
-1964
-1387
-967
-808
-1075
-1469
-2009
-2557
-3139
-3728
-4119
-4274
-4109
-3625
-3011
-2345
-1616
-983
-641
-309
-62
70
19
-474
-1124
-1579
-1937
-2215
-2177
-1670
-1144
-682
91
807
1330
1507
1506
1349
1134
573
-79
-663
-1206
-1452
-1363
-1137
-688
13
540
796
876
681
422
-35
-895
-1823
-2514
-3079
-3443
-3462
-3398
-3019
-2395
-1799
-1390
-1223
-1312
-1791
-2671
-3951
-5165
-5924
-5887
-4959
-3437
-1915
-293
1167
1804
1609
756
-566
-2075
-3814
-5772
-7246
-8054
-8210
-7617
-6261
-4352
-2604
-1277
-186
449
439
-369
-1605
-3172
-4650
-6048
-7207
-7596
-7308
-6486
-5258
-3763
-2242
-1009
-189
193
345
78
-704
-1739
-2749
-3701
-4444
-4782
-4819
-4340
-3438
-2369
-1220
-341
497
978
1019
830
313
-432
-1258
-2028
-2504
-2830
-2889
-2626
-2177
-1689
-990
-427
26
376
510
393
9
-470
-841
-1121
-1408
-1574
-1587
-1361
-1082
-606
-178
-10
139
185
184
12
-236
-512
-794
-1086
-1218
-1158
-1051
-904
-444
-134
28
386
727
985
873
813
658
155
-435
-1080
-1684
-2502
-3422
-3994
-4167
-4141
-3723
-3131
-2374
-1391
-416
492
1378
1636
1681
1559
991
268
-277
-735
-1051
-1266
-1220
-709
151
1010
1773
2567
3465
4133
4401
4231
3838
3325
2687
2046
1600
1386
1225
1200
1424
2008
2626
3152
3511
3773
3968
4093
4006
3755
3586
3339
2926
2482
2373
2465
2658
2857
3147
3438
3561
3766
3923
3957
3803
3501
3371
3181
3015
2824
2829
2930
2840
2589
2592
2661
2533
2466
2375
2160
2040
1943
1719
1492
1479
1371
1414
1352
1390
1623
1703
1861
1950
2040
1787
1307
800
122
-383
-390
198
1310
2579
3965
5101
5472
5353
4909
4053
3058
1963
935
118
-405
-322
133
950
2220
3545
4678
5336
5513
5293
4836
3959
2796
1517
320
-725
-1098
-780
-57
804
1722
2818
3936
4674
4987
4944
4545
3760
2913
1900
921
120
-271
-132
356
906
1755
2682
3409
3914
4136
4020
3719
3312
2828
2102
1392
670
274
10
100
592
1196
1590
2086
2485
2667
2667
2414
2122
1573
1148
972
753
676
605
658
933
1133
1331
1394
1561
1777
1855
1818
1620
1219
856
724
814
816
758
890
1244
1526
1467
1347
1530
1905
2116
2258
2192
1909
1388
792
54
-856
-1781
-2537
-3068
-3376
-3329
-2864
-2040
-1182
-317
595
1373
1903
2001
1786
1278
556
-97
-777
-1225
-1571
-1789
-1524
-926
7
849
1536
2169
2746
3055
3043
2738
2417
1838
1044
449
-60
-294
-305
-37
351
739
1251
1771
2106
2322
2429
2319
2067
1606
1195
865
608
356
226
362
614
745
852
1031
1155
1270
1296
1277
1328
1195
945
626
350
294
282
327
472
339
60
-66
-28
-157
-369
-490
-621
-820
-1125
-1346
-1348
-1409
-1376
-1146
-980
-970
-1030
-875
-815
-1084
-1413
-1766
-2212
-2317
-1787
-747
563
2121
3569
4477
4989
4799
4015
2824
1163
-826
-2688
-4030
-4882
-5065
-4635
-3634
-2092
-317
1316
2537
3249
3306
2789
1776
362
-1325
-2937
-4312
-5350
-5675
-5228
-4420
-3154
-1778
-594
231
848
1222
1020
307
-592
-1753
-3039
-4165
-4946
-5206
-5136
-4610
-3601
-2557
-1524
-651
-13
99
41
-346
-950
-1624
-2383
-3137
-3670
-4022
-3991
-3810
-3502
-3133
-2713
-2051
-1616
-1497
-1474
-1558
-1700
-1898
-2197
-2287
-2234
-2120
-1918
-1651
-1276
-785
-395
-245
-283
-223
-233
-320
-571
-767
-904
-1029
-1067
-690
-433
-341
-66
229
447
821
1096
1111
1041
880
758
237
-510
-1363
-2207
-2925
-3614
-4260
-4368
-4099
-3715
-3310
-2475
-1568
-708
91
620
875
868
519
-143
-889
-1775
-2443
-2850
-3010
-2860
-2540
-2029
-1114
53
1042
1666
1917
1974
1866
1405
729
-20
-703
-1165
-1486
-1566
-1412
-1162
-770
-277
312
929
1380
1451
1229
1129
1139
917
549
301
140
166
116
292
551
892
1228
1572
1964
1853
1574
1633
1654
1411
1242
1066
1029
1154
1110
1001
995
1028
1001
885
741
593
288
30
-65
-94
-134
-150
-164
-113
114
358
495
499
508
541
515
375
-43
-550
-819
-814
-508
