-5043
-4707
-4375
-4138
-3959
-3882
-3957
-4296
-4614
-4814
-4930
-4923
-4829
-4838
-4704
-4507
-4260
-4152
-4041
-3863
-3751
-3661
-3572
-3497
-3637
-4028
-4703
-5510
-6531
-7626
-8565
-9157
-9192
-8973
-8664
-8062
-7211
-6106
-5169
-4470
-3915
-3465
-3491
-3894
-4616
-5381
-6056
-6853
-7190
-7049
-6569
-5884
-5101
-4206
-3237
-2373
-1783
-1503
-1545
-1812
-2235
-2786
-3589
-4305
-4826
-5006
-5000
-4801
-4517
-3978
-3280
-2529
-1905
-1736
-2051
-2754
-3536
-4339
-4945
-5235
-5298
-4898
-4168
-3109
-1816
-779
-490
-1023
-2256
-4050
-6073
-7882
-9627
-11128
-11886
-11708
-10648
-9291
-7730
-6242
-5165
-4714
-4970
-5917
-7198
-9012
-11072
-12619
-13468
-13446
-12496
-10527
-8199
-5645
-3151
-1074
376
1062
994
358
-767
-2076
-3769
-5513
-6456
-6531
-5555
-3493
-666
2254
4792
6646
7649
7667
6697
4962
2637
-89
-2817
-5122
-6604
-7033
-6626
-5360
-3474
-1473
305
1443
1749
1360
189
-1642
-3843
-6328
-8411
-9950
-10892
-10922
-10183
-8772
-7062
-5389
-3876
-2995
-2925
-3328
-4212
-5532
-7286
-9043
-10701
-11978
-12740
-12804
-12361
-11540
-9926
-8290
-7152
-6237
-5477
-5124
-5745
-6791
-7871
-9093
-10225
-11294
-12019
-12414
-12184
-11547
-10427
-9140
-8030
-7041
-6074
-5431
-4752
-4431
-4472
-4717
-4656
-4400
-4264
-3772
-3376
-2847
-2150
-1621
-1100
-621
-375
-311
-553
-970
-1267
-1481
-1574
-1721
-1807
-1765
-1669
-1598
-1634
-1607
-1631
-1772
-1927
-2236
-2475
-2724
-3127
-3506
-3765
-4317
-5064
-5704
-6189
-6616
-7051
-7162
-6885
-6288
-5573
-4702
-3987
-3373
-2875
-2838
-3117
-3755
-4842
-5934
-6744
-7442
-7975
-8395
-8556
-8308
-7758
-6938
-6138
-5462
-5036
-4714
-4392
-4381
-4525
-4868
-5412
-5657
-5700
-5719
-5603
-5331
-4558
-3587
-2734
-1903
-1019
-226
339
823
1245
1459
1577
1450
1120
316
-677
-1629
-2766
-3760
-4303
-4304
-3270
-1640
140
2049
3738
4865
5471
5310
4464
3010
1159
-755
-2471
-3583
-3724
-3037
-1701
202
2260
4134
5627
6426
6534
5979
4672
3161
1593
70
-978
-1387
-1016
152
1930
3905
5750
7110
7603
7687
7712
7747
7890
8013
8073
8130
7874
7647
7419
6819
6021
5001
3745
2567
1446
657
168
86
436
1186
2271
3478
4374
4801
5085
4880
4196
3276
2099
859
-312
-1203
-1813
-2161
-1866
-1206
-417
97
471
1018
1381
1215
714
94
-865
-1997
-2923
-3700
-4151
-4302
-4385
-4384
-4190
-3966
-3720
-3511
-3516
-3763
-4042
-4318
-4537
-4504
-4589
-4835
-4939
-4741
-4474
-4166
-3971
-3730
-3497
-3583
-3871
-3953
-4004
-4032
-4153
-4163
-4079
-3858
-3616
-3193
-2635
-2093
-1578
-1191
-828
-547
-704
-1041
-1247
-1422
-1793
-2314
-2728
-2948
-2944
-2850
-2671
-2438
-2282
-2149
-1902
-1569
-1474
-1373
-1652
-2128
-2883
-3994
-5077
-6491
-7946
-9002
-9695
-10120
-10294
-10135
-9502
-8463
-7566
-6700
-5742
-4915
-4699
-4984
-5563
-6248
-7170
-8284
-9252
-9991
-10384
-10313
-9738
-8960
-8187
-7373
-6579
-6022
-5859
-5824
-5805
-6016
-6541
-7206
-7930
-8393
-8471
-8505
-8398
-8033
-7599
-7068
-6303
-5366
-4673
-4388
-4190
-3899
-3569
-3465
-3304
-3012
-2749
-2500
-2260
-1983
-1521
-1221
-885
-619
-522
-462
-558
-687
-739
-901
-1169
-1292
-1421
-1610
-1586
-1458
-1495
-1466
-1444
-1447
-1585
-1827
-2143
-2469
-2709
-2880
-3050
-3102
-3061
-3256
-3387
-3208
-2897
-2749
-2592
-2420
-2433
-2793
-3352
-3934
-4294
-4391
-3995
-2934
-1653
-340
508
835
850
170
-1109
-2659
-4267
-5729
-7045
-8090
-8506
-8049
-7109
-5889
-4450
-2975
-1886
-1308
-1467
-2228
-3471
-4736
-6100
-7640
-8908
-9523
-9510
-9061
-8164
-6840
-5385
-4183
-3340
-2688
-2453
-2789
-3558
-4599
-5763
-6936
-7854
-8448
-8538
-8120
-7575
-6788
-5650
-4660
-3899
-3469
-3484
-3493
-3634
-4062
-4915
-5539
-6194
-6815
-7113
-7190
-6869
-6443
-6011
-5408
-5014
-4559
-4183
-4231
-4378
-4908
-5534
-5745
-5994
-6255
-6347
-6283
-6119
-5798
-5475
-5316
-5162
-5269
-5399
-5408
-5665
-6131
-6523
-6819
-6946
-6743
-6703
-6575
-6223
-5712
-5494
-5444
-5051
-4771
-4761
-4854
-5131
-5459
-5946
-6615
-7552
-8693
-9616
-10365
-11018
-11242
-11046
-10786
-10104
-9193
-8141
-7077
-6200
-5741
-5488
-5538
-6062
-6635
-7312
-8083
-8903
-9435
-9528
-9272
-8601
-7682
-6751
-5807
-4893
-4087
-3445
-3183
-3335
-3705
-4222
-4862
-5335
-5591
-5696
-5640
-5572
-5185
-4407
-3666
-3009
-2330
-1596
-1103
-831
-649
-511
-577
-662
-806
-854
-831
-637
-346
70
420
653
962
1313
1609
1883
2021
1858
1476
1400
1409
1261
1144
941
892
995
1065
960
814
832
567
271
-82
-252
-347
-456
-522
-517
-412
-307
-77
161
200
288
374
472
218
-337
-992
-1371
-1206
-562
368
1721
3307
4572
5198
5265
4939
4156
2898
1383
-109
-1357
-2287
-2933
-2858
-2167
-1105
280
1671
2737
3273
3310
2831
2005
973
-380
-1834
-3210
-3814
-3775
-3514
-2879
-1900
-681
358
1130
1718
1987
1722
974
41
-1105
-2183
-3051
-3519
-3652
-3744
-3504
-2680
-1645
-882
-185
174
380
150
-379
-853
-1490
-2273
-3051
-3641
-3989
-3885
-3668
-3508
-3142
-2545
-2003
-1638
-1565
-1614
-1695
-1940
-2312
-2765
-3088
-3275
-3389
-3288
-3130
-2783
-2374
-2024
-1806
-1640
-1675
-1766
-1978
-2117
-2365
-2692
-2933
-3156
-3178
-3136
-2885
-2531
-2331
-2260
-2060
-1924
-1803
-1735
-1875
-2204
-2839
-3511
-4336
-5157
-5925
-6680
-7391
-7728
-7768
-7647
-7165
-6346
-5428
-4546
-3775
-3061
-2736
-2687
-3131
-3782
-4579
-5393
-6117
-6779
-7118
-7176
-6776
-5958
-5161
-4290
-3311
-2651
-2273
-2014
-1909
-2212
-2636
-3071
-3742
-4222
-4560
-4697
-4626
-4187
-3467
-2652
-1847
-1289
-797
-429
-159
-298
-505
-632
-803
-1082
-1201
-1070
-782
-513
-210
317
723
935
1141
1312
1552
1757
1719
1498
1332
1225
1218
1213
1021
889
995
870
776
712
577
478
308
170
-85
-356
-627
-758
-687
-624
-517
-466
-439
-435
-390
-280
-187
-208
-658
-1350
-2019
-2327
-1993
-1250
70
1655
3030
4054
4411
4154
3483
2396
839
-798
-2030
-3150
-3990
-4210
-3784
-2778
-1478
-217
939
1665
1851
1594
980
62
-1348
-2890
-4318
-5342
-5933
-5951
-4968
-3908
-2951
-1802
-724
-87
131
55
-370
-1154
-2255
-3436
-4437
-5186
-5653
-5782
-5383
-4652
-3831
-3122
-2431
-1754
-1253
-1180
-1510
-2261
-2975
-3755
-4603
-5318
-5856
-5937
-5782
-5495
-4974
-4438
-3922
-3561
-3329
-3101
-3306
-3767
-3942
-4224
-4631
-5116
-5335
-5083
-4855
-4636
-4249
-3904
-3540
-3385
-3518
-3481
-3557
-3724
-3951
-4084
-4295
-4500
-4589
-4590
-4597
-4444
-4137
-3905
-3784
-3643
-3510
-3564
-3640
-3737
-4049
-4707
-5294
-6124
-7226
-8307
-9032
-9469
-9786
-9661
-9069
-8239
-7405
-6582
-5706
-5015
-4491
-4402
-4669
-5215
-5889
-6615
-7435
-8192
-8466
-8487
-8319
-7713
-6731
-5747
-4866
-3938
-3160
-2806
-2867
-3185
-3566
-3985
-4373
-4727
-5071
-5193
-5071
-4856
-4351
-3704
-2831
-2140
-1451
-990
-637
-528
-596
-700
-681
-819
-1059
-903
-561
-319
-268
49
518
1013
1370
1712
1886
1899
1783
1628
1620
1801
1842
1676
1586
1566
1496
1535
1409
1474
1534
1566
1396
1015
779
870
794
494
475
594
587
695
865
1057
1132
1093
862
738
476
-107
-849
-1423
-1742
-1442
-634
442
1690
2885
3680
3799
3458
2884
1793
640
-461
-1164
-1660
-2081
-2004
-1233
12
1337
2344
3056
3288
3006
2403
1620
713
-575
-1895
-2923
-3373
-3194
-2526
-1466
-364
746
1856
2486
2771
2653
2238
1676
680
-240
-1108
-1898
-2266
-2270
-1896
-1279
-276
599
1209
1721
2043
2110
1773
1191
579
-272
-1032
-1680
-2186
-2408
-2288
-1842
-1264
-608
-121
174
369
355
249
-39
-587
-1102
-1617
-1966
-2240
-2321
-1993
-1945
-1899
-1602
-1293
-1078
-1165
-1432
-1510
-1679
-1975
-2121
-2215
-2451
-2762
-2875
-2818
-2532
-2186
-2229
-2310
-2215
-2029
-1696
-1703
-1996
-2237
-2689
-3407
-4362
-5345
-6184
-6797
-7410
-7720
-7789
-7582
-6993
-5914
-4937
-4058
-3256
-2573
-2384
-2734
-3133
-3684
-4460
-5220
-5720
-6033
-6337
-6329
-5733
-4928
-4108
-3180
-2266
-1418
-925
-777
-802
-1027
-1534
-2208
-2753
-2975
-2978
-2915
-2571
-2107
-1617
-911
-255
429
830
970
1173
1193
954
885
899
729
631
642
754
1024
1409
1743
1990
2266
2362
2605
2753
2954
2871
2600
2357
2169
1952
1898
2071
2079
1998
1832
1589
1642
1585
1394
1073
869
925
723
600
536
595
625
713
809
754
872
902
938
916
805
383
-19
59
624
1558
2699
4045
5540
6611
7016
6771
5909
4634
2878
942
-909
-2509
-3485
-3904
-3589
-2580
-1033
930
2696
4035
4732
4816
4501
3562
1964
174
-1571
-3326
-4645
-5189
-4909
-4061
-2839
-1333
-19
915
1554
1892
1851
1241
103
-1228
-2547
-3672
-4576
-5094
-5076
-4661
-4034
-3180
-2103
-949
-270
-76
27
-323
-989
-1757
-2647
-3597
-4391
-4780
-4937
-4810
-4553
-4255
-3729
-3262
-2902
-2759
-2698
-2810
-3149
-3338
-3386
-3503
-3637
-3814
-3736
-3342
-2895
-2410
-1923
-1809
-1745
-1745
-1879
-1944
-2069
-2409
-2705
-2861
-2924
-2760
-2489
-2326
-2122
-1785
-1442
-1293
-1299
-1289
-1298
-1480
-1594
-1961
-2740
-3554
-4621
-5661
-6487
-7040
-7485
-7533
-7148
-6527
-5807
-4794
-3843
-3170
-2600
-2302
-2284
-2597
-3282
-4117
-4975
-5699
-6197
-6674
-6613
-6048
-5358
-4628
-3984
-3306
-2606
-2015
-1547
-1555
-2067
-2788
-3318
-3927
-4483
-4657
-4710
-4544
-4230
-3751
-3006
-2269
-1540
-1085
-815
-507
-257
-310
-229
-244
-543
-698
-584
-237
155
446
636
928
1501
1751
1937
2023
2057
2261
2277
2078
1948
1994
1933
1832
1854
1930
1967
1883
1739
1653
1640
1423
1202
1288
1278
1051
800
616
615
728
984
1131
1219
1376
1401
1387
1302
874
242
-420
-932
-1017
-548
481
1836
3013
3826
4231
4126
3429
2487
1090
-369
-1375
-2293
-2840
-3016
-2474
-1348
-4
1580
2849
3659
3972
3506
2576
1523
204
-1302
-2534
-3496
-4087
-3937
-3205
-2313
-1142
153
1241
2098
2597
2562
2039
1234
324
-537
-1539
-2397
-2689
-2673
-2223
-1466
-666
81
698
1344
1739
1902
1774
1304
602
-232
-992
-1559
-1882
-2064
-2047
-1680
-1085
-605
-140
300
517
538
467
230
-160
-624
-1092
-1305
-1399
-1428
-1441
-1302
-1042
-622
-383
-300
-394
-618
-857
-1146
-1571
-1905
-2051
-2043
-2047
-1967
-1929
-1734
-1559
-1395
-1179
-1094
-1125
-1115
-1108
-1312
-1694
-2211
-2941
-3775
-4609
-5508
-6254
-6851
-7172
-7124
-6741
-6205
-5312
-4196
-3385
-2667
-2127
-1835
-1944
-2498
-3112
-3888
-4690
-5288
-5602
-5629
-5264
-4523
-3502
-2535
-1880
-1138
-358
103
170
83
-331
-918
-1369
-1677
-1884
-2089
-1997
-1578
-924
-341
368
1072
1577
2046
2251
2386
2513
2484
2464
2255
2000
1990
2150
2470
2796
3106
3517
3794
3979
4200
4205
4141
4139
4231
4343
4233
4008
3914
3836
3748
3644
3606
3506
3274
3168
3061
2916
2759
2520
2396
2226
2096
2147
2234
2383
2507
2502
2501
2611
2711
2618
2512
2211
1517
877
551
790
1471
2544
3974
5435
6521
6948
6882
6365
5370
4086
2708
1339
228
-306
-474
-427
337
1571
2995
4316
5119
5359
5208
4742
3726
2444
1062
-212
-1017
-1550
-1762
-1270
-381
500
1377
2336
3146
3585
3705
3430
2782
1803
654
-474
-1285
-1744
-2079
-1993
-1463
-486
542
1349
2009
2232
2213
1961
1474
753
-11
-759
-1474
-2072
-2241
-2133
-1979
-1669
-1243
-717
-270
-46
-99
-215
-459
-832
-1200
-1556
-1851
-1941
-1956
-1861
-1522
-1180
-882
-674
-581
-416
-415
-563
-801
-974
-1193
-1539
-1701
-1722
-1711
-1660
-1469
-1140
-897
-812
-882
-876
-690
-603
-694
-1036
-1365
-1999
-2915
-3978
-4876
-5654
-6391
-6648
-6327
-5767
-5309
-4668
-3686
-2786
-2131
-1699
-1377
-1510
-1865
-2413
-3306
-4127
-4801
-5274
-5386
-5270
-4849
-4188
-3428
-2363
-1420
-717
-219
-290
-561
-917
-1423
-1891
-2399
-2708
-2996
-3169
-2834
-2040
-1350
-769
-190
325
753
1096
1362
1292
1015
878
678
662
757
996
1265
1518
1711
1885
2047
2449
2856
3141
3318
3204
3035
2886
2598
2425
2568
2701
2757
2679
2666
2703
2591
2384
2307
2149
1896
1615
1359
1250
1336
1374
1433
1532
1618
1650
1468
1415
1589
1726
1722
1557
1216
632
-75
-289
163
1157
2620
4115
5358
6099
6283
5846
4829
3684
2276
939
-247
-1221
-1813
-1748
-1080
-54
1436
2759
3700
4169
4156
3849
3189
2125
830
-652
-1897
-2740
-3246
-3033
-2239
-1221
-54
1136
2093
2596
2649
2562
2000
1176
94
-1037
-1876
-2385
-2622
-2757
-2346
-1568
-445
449
877
1239
1488
1443
1028
378
-300
-970
-1719
-2375
-2762
-2791
-2555
-2139
-1460
-920
-657
-351
-104
-75
-359
-751
-1111
-1357
-1667
-1954
-2055
-2005
-1740
-1467
-1046
-641
-263
-205
-521
-632
-584
-777
-1048
-1345
-1511
-1606
-1531
-1281
-1125
-918
-740
-627
-610
-488
-331
-293
-349
-499
-960
-1646
-2559
-3537
-4372
-5203
-5918
-6325
-6468
-6079
-5531
-4914
-4147
-3190
-2188
-1392
-1157
-1187
-1502
-2249
-3071
-3807
-4486
-5151
-5401
-5195
-4727
-4012
-3064
-2210
-1460
-827
-307
-52
0
-184
-544
-924
-1312
-1677
-1973
-2242
-2131
-1713
-1089
-327
352
1044
1566
1880
1904
1921
2007
2134
2095
2037
2098
2068
2111
2250
2534
3056
3524
3756
3997
4249
4257
4072
4004
4021
4142
4122
3824
3642
3785
3862
3886
3901
3843
3605
3215
3047
3050
2922
2648
2496
2305
2230
2286
2324
2417
2617
2794
2722
2694
2838
2843
2611
2195
1557
1031
719
1130
2071
3374
4756
6106
6982
7264
6911
6109
5175
3928
2500
1195
56
-656
-814
-432
617
1972
3347
4392
5047
5327
5135
4399
3353
2084
781
-426
-1388
-1728
-1517
-921
12
1013
2011
2950
3563
3782
3657
3238
2555
1712
679
-448
-1413
-1820
-1600
-1072
-374
487
1302
1922
2388
2626
2584
2386
1865
1135
457
-319
-1098
-1445
-1468
-1235
-775
-557
-238
256
671
786
745
681
561
262
-354
-790
-1057
-1052
-915
-743
-566
-216
184
519
559
588
545
506
286
-35
-106
-237
-615
-726
-579
-413
-208
57
130
195
343
382
516
580
395
-42
-600
-1424
-2365
-3117
-3801
-4504
-5110
-5489
-5339
-4929
-4365
-3428
-2434
-1676
-957
-526
-456
-586
-941
-1684
-2571
-3495
-4136
-4568
-4658
-4376
-3737
-2727
-1884
-1263
-390
313
774
890
639
231
-217
-636
-1317
-1689
-1762
-1660
-1266
-617
23
675
1289
1744
2012
2156
2140
1896
1655
1481
1389
1279
1327
1929
2459
2844
3158
3262
2956
2545
2045
1501
952
487
400
720
1276
2089
2810
3580
4158
4356
4122
3494
2568
1758
976
323
-25
120
729
1753
3096
4463
5728
6540
6867
6869
6417
5761
4958
4189
3439
2716
2393
2491
2957
4080
5673
7267
8837
10053
10462
10317
9557
8356
6813
4927
3181
1722
710
293
760
1729
2763
4003
5268
6153
6460
6039
5290
4287
2936
1609
235
-849
-1456
-1502
-1467
-1052
-66
968
1806
2456
2892
3097
2716
2182
1427
167
-963
-1858
-2642
-3104
-3296
-2988
-2223
-1238
-269
299
660
900
841
564
195
-406
-1260
-2057
-2526
-2820
-2750
-2284
-1678
-1028
-501
-22
528
927
911
815
689
649
395
115
185
216
398
707
974
1196
1622
2111
2248
2254
2023
1861
1743
1519
1195
1018
841
946
1043
918
1082
1374
1510
1319
1014
885
1068
1206
1065
669
40
-632
-1340
-2340
-3373
-4107
-4549
-4896
-5016
-4815
-4452
-3892
-2955
-1956
-1224
-960
-1001
-1254
-1823
-2429
-3059
-3783
-4603
-5280
-5520
-5393
-4848
-4084
-3236
-2289
-1618
-1185
-928
-840
-1047
-1433
-2053
-2674
-3329
-3817
-4030
-4099
-3871
-3379
-2823
-2153
-1313
-694
-447
-118
112
134
-36
-405
-954
-1645
-2123
-2558
-2499
-1998
-1415
-714
131
800
1213
1581
1641
1326
735
92
-431
-986
-1475
-1577
-1378
-900
-477
-94
302
658
819
567
191
-272
-896
-1682
-2509
-3145
-3533
-3533
-3150
-2705
-2158
-1617
-1385
-1346
-1526
-2019
-3011
-4329
-5340
-5865
-5753
-4997
-3610
-1664
58
1198
1571
1330
603
-632
-2217
-3975
-5903
-7512
-8573
-8601
-7665
-6240
-4587
-2975
-1521
-402
72
2
-813
-2087
-3490
-4886
-6013
-6832
-7357
-7275
-6433
-5100
-3648
-2178
-944
-186
143
65
-384
-1192
-2142
-3100
-4076
-4822
-5014
-4736
-4076
-3176
-2203
-1211
-306
444
1006
1031
795
379
-193
-959
-1805
-2474
-2915
-2765
-2309
-1831
-1320
-839
-405
75
451
529
320
84
-429
-825
-1153
-1461
-1577
-1474
-1119
-618
-297
-5
293
391
379
354
205
-129
-500
-677
-787
-836
-771
-775
-731
-405
131
294
390
446
597
752
716
672
481
47
-725
-1754
-2650
-3243
-3547
-3781
-3869
-3552
-2967
-2163
-1301
-271
738
1384
1675
1816
1733
1298
595
-114
-592
-887
-1067
-803
-240
405
1230
2201
3128
3780
4220
4535
4323
3851
3538
3141
2479
1885
1523
1357
1463
1884
2498
2911
3307
3785
4273
4362
4235
4122
4066
3763
3380
3099
2863
2822
2838
2904
3123
3466
3783
3792
3900
3936
3895
3813
3690
3503
3324
3282
3207
3120
3028
3001
2961
2920
2905
2711
2646
2517
2213
2091
1906
1744
1833
1810
1782
1817
1758
1702
1727
1925
2090
2212
2288
2105
1752
1099
317
-122
-125
450
1613
3100
4587
5490
5915
5784
5249
4334
3140
2035
984
287
-35
-38
571
1511
2745
3942
4900
5624
5970
5717
4800
3764
2623
1489
453
-355
-722
-331
466
1458
2465
3403
4288
4937
5043
4923
4527
3836
3016
1796
773
203
11
133
464
1032
1901
2794
3521
3927
4230
4207
3917
3427
2661
1946
1369
778
400
358
575
999
1396
1796
2194
2584
2981
3041
2675
2269
1931
1431
1067
659
400
511
649
971
1397
1739
1838
1890
1941
2056
2011
1789
1584
1391
1117
938
1107
1275
1374
1557
1731
1837
1930
2160
2256
2292
2402
2452
2089
1417
815
198
-691
-1523
-2179
-2872
-3088
-3013
-2638
-1879
-906
-91
518
988
1549
1880
1795
1334
784
31
-569
-1053
-1392
-1414
-1271
-728
72
918
1635
2514
3090
3402
3289
2853
2259
1693
1152
609
161
-152
-256
-53
372
923
1464
1886
2116
2327
2396
2239
2020
1629
1289
943
610
432
397
572
855
1173
1282
1303
1565
1697
1673
1571
1389
1151
914
661
531
455
429
583
481
390
410
307
126
-161
-317
-415
-589
-717
-928
-1085
-1244
-1231
-1177
-1180
-1196
-1121
-931
-909
-1044
-1132
-1430
-1898
-2235
-2197
-1811
-937
422
1910
3397
4583
5024
4664
3896
2769
1285
-541
-2519
-4034
-4858
-5010
-4547
-3397
-1805
-137
1534
2889
3544
3373
2677
1694
311
-1315
-2948
-4284
-5308
-5729
-5345
-4365
-2970
-1606
-280
679
1203
1426
1078
159
-895
-1955
-3132
-4103
-4612
-4880
-4591
-3917
-3000
-2165
-1264
-452
145
428
351
-92
-762
-1686
-2579
-3392
-3757
-3852
-3946
-3823
-3323
-2761
-2322
-1839
-1567
-1470
-1358
-1478
-1644
-1831
-2086
-2299
-2432
-2422
-2113
-1668
-1308
-960
-667
-258
-42
-11
-17
-177
-414
-676
-767
-821
-740
-687
-488
-186
96
393
633
799
980
1117
1158
1037
748
275
-349
-1067
-2063
-2966
-3784
-4338
-4524
-4253
-3865
-3289
-2569
-1801
-833
-22
536
889
929
437
-312
-782
-1421
-2329
-2920
-3130
-2985
-2390
-1494
-736
184
1013
1539
1935
1940
1694
1234
659
62
-600
-1143
-1407
-1423
-1337
-1054
-557
100
718
1113
1416
1517
1524
1445
1197
733
379
68
110
225
212
242
382
762
1140
1441
1480
1459
1484
1630
1651
1507
1253
1016
988
997
960
1101
1255
1259
1135
907
873
812
563
324
198
69
-52
-174
-252
-146
33
100
244
284
126
243
493
437
66
-533
-942
-662
-50
