-5585
-5238
-4957
-4734
-4657
-4565
-4496
-4631
-4829
-5034
-5217
-5476
-5532
-5484
-5438
-5237
-5098
-4880
-4686
-4490
-4235
-3977
-3956
-4135
-4240
-4617
-5221
-5962
-6797
-7714
-8475
-9018
-9375
-9541
-9255
-8520
-7661
-6781
-5925
-5226
-4556
-4098
-3936
-4184
-4680
-5379
-6294
-6982
-7349
-7547
-7337
-6537
-5557
-4606
-3706
-2778
-1910
-1427
-1494
-1741
-2235
-2785
-3341
-3993
-4499
-4833
-4734
-4537
-4250
-3768
-3143
-2532
-2147
-1884
-2011
-2398
-2947
-3784
-4595
-5030
-5031
-4841
-4158
-2976
-1671
-822
-831
-1471
-2654
-4254
-6032
-8007
-9948
-11483
-12187
-12119
-11216
-9624
-7960
-6324
-5193
-4894
-5316
-6087
-7465
-9312
-11280
-12826
-13692
-13878
-13101
-11381
-8822
-6002
-3325
-1421
-66
652
725
209
-947
-2298
-3808
-5337
-6210
-5975
-4668
-2461
262
3194
5808
7682
8374
7977
6826
4915
2332
-491
-3412
-5842
-7575
-8111
-7528
-5969
-3889
-1544
559
1947
2405
2069
926
-759
-2925
-5555
-8086
-10045
-11112
-11367
-10833
-9616
-7852
-5975
-4574
-3657
-3182
-3410
-4222
-5517
-7214
-9165
-11023
-12457
-13290
-13475
-13253
-12191
-10665
-9135
-7853
-6873
-6099
-5795
-6147
-7041
-8057
-9348
-10728
-11784
-12507
-12957
-12720
-12184
-11250
-10247
-9110
-7831
-6869
-6171
-5673
-5319
-5040
-4847
-4714
-4621
-4540
-4113
-3558
-2908
-2275
-1874
-1400
-996
-762
-597
-543
-761
-1060
-1278
-1497
-1643
-1632
-1545
-1470
-1445
-1360
-1261
-1254
-1366
-1605
-1889
-2056
-2335
-2603
-2999
-3529
-4224
-4937
-5619
-6068
-6310
-6545
-6549
-6155
-5642
-5101
-4454
-3670
-3089
-2761
-2729
-2923
-3390
-4190
-5238
-6276
-7141
-7892
-8240
-8241
-8026
-7599
-6908
-6145
-5431
-4801
-4375
-4243
-4381
-4648
-4943
-5523
-6168
-6459
-6370
-6065
-5495
-4848
-3893
-2890
-2142
-1264
-461
215
663
940
1171
1283
1257
832
32
-966
-1914
-2911
-3920
-4678
-4649
-3669
-2055
-119
1795
3465
4644
5214
5035
4205
2736
921
-785
-2392
-3452
-3634
-3072
-1630
322
2345
4099
5534
6305
6530
5930
4635
3097
1556
181
-922
-1425
-1092
37
1766
3792
5788
7254
8068
8479
8648
8691
8775
8839
8929
8876
8388
7938
7369
6633
5710
4615
3411
2119
842
-34
-346
-411
92
918
2041
3207
4081
4640
4865
4700
3909
2985
1858
569
-583
-1597
-2337
-2754
-2633
-2126
-1392
-664
-26
405
575
413
-55
-865
-1729
-2545
-3418
-4091
-4556
-4805
-5005
-5007
-4752
-4373
-4227
-4248
-4161
-4311
-4499
-4655
-4877
-5100
-5191
-5170
-5082
-5093
-4913
-4638
-4518
-4246
-4190
-4155
-4144
-4333
-4495
-4682
-4733
-4511
-4262
-3839
-3399
-2929
-2312
-1834
-1285
-906
-656
-582
-651
-914
-1223
-1628
-2072
-2566
-2909
-2923
-2762
-2655
-2469
-2074
-1976
-1794
-1589
-1338
-1182
-1156
-1316
-1723
-2599
-3831
-5216
-6655
-7812
-8914
-9967
-10655
-10783
-10420
-9662
-8652
-7484
-6375
-5600
-5207
-5043
-5008
-5352
-6119
-7145
-8359
-9483
-10264
-10596
-10683
-10417
-9646
-8589
-7749
-7199
-6512
-5887
-5842
-6189
-6518
-6913
-7611
-8367
-8800
-8903
-9002
-8992
-8739
-8072
-7381
-6683
-6033
-5299
-4615
-4239
-3967
-3705
-3523
-3278
-3156
-2977
-2741
-2323
-1997
-1698
-1315
-899
-620
-583
-443
-398
-507
-701
-656
-716
-997
-1218
-1268
-1106
-1049
-1073
-1040
-1141
-1253
-1488
-1600
-1877
-2125
-2260
-2484
-2899
-3109
-3034
-2816
-2662
-2612
-2575
-2308
-2083
-2023
-2147
-2409
-2846
-3548
-4135
-4285
-3883
-2883
-1868
-505
538
974
889
213
-850
-2403
-3987
-5600
-6926
-7872
-8289
-8009
-7273
-5924
-4506
-3079
-2079
-1687
-1721
-2151
-3143
-4665
-6312
-7642
-8851
-9601
-9755
-9181
-8000
-6659
-5333
-4143
-3082
-2489
-2498
-2770
-3429
-4559
-5929
-7056
-7820
-8286
-8395
-8286
-7836
-7005
-5968
-5007
-4333
-3660
-3191
-3056
-3544
-4042
-4583
-5285
-6081
-6781
-7004
-7015
-6794
-6403
-6046
-5531
-5025
-4586
-4402
-4422
-4676
-4996
-5457
-5996
-6316
-6464
-6668
-6638
-6384
-5913
-5540
-5382
-5143
-5216
-5307
-5397
-5611
-5886
-6192
-6418
-6725
-6679
-6573
-6491
-6316
-6008
-5637
-5365
-5300
-5135
-5026
-5069
-5223
-5444
-5978
-6762
-7655
-8697
-9688
-10343
-10989
-11450
-11429
-10930
-10184
-9338
-8352
-7285
-6350
-5831
-5663
-5748
-5970
-6600
-7660
-8420
-8906
-9323
-9672
-9568
-8897
-7966
-6671
-5551
-4758
-4106
-3513
-3160
-3217
-3572
-4062
-4687
-5162
-5523
-5748
-5801
-5671
-5096
-4219
-3580
-2849
-1942
-1498
-1376
-1270
-944
-752
-710
-860
-1060
-1049
-888
-747
-543
-174
190
485
1005
1170
1199
1477
1679
1607
1397
1314
1241
1141
986
899
971
945
808
679
602
557
300
78
-45
-160
-352
-533
-588
-416
-273
-162
-33
-11
38
-51
-131
129
202
-236
-826
-1331
-1553
-1136
-188
1336
2923
4169
5022
5328
5010
4081
2884
1583
192
-1123
-2213
-2806
-2712
-2183
-1138
262
1660
2769
3400
3532
3193
2438
1189
-172
-1645
-2959
-3699
-3902
-3582
-2789
-1854
-714
474
1366
2036
2355
2096
1529
598
-725
-1948
-2852
-3535
-3862
-3791
-3401
-2784
-2060
-983
-152
315
598
606
206
-540
-1312
-2148
-2986
-3630
-4073
-4317
-4212
-3786
-3172
-2647
-2113
-1794
-1602
-1522
-1589
-1964
-2397
-2813
-3049
-3307
-3654
-3429
-3139
-3057
-2782
-2299
-1818
-1667
-1650
-1728
-2004
-2196
-2457
-2837
-3092
-3333
-3367
-3138
-2873
-2655
-2522
-2376
-2186
-1921
-1833
-1828
-1834
-2057
-2351
-2746
-3452
-4488
-5616
-6518
-7213
-7763
-7852
-7569
-7228
-6603
-5524
-4528
-3715
-3215
-2879
-2825
-3080
-3844
-4586
-5248
-6086
-6815
-7037
-6940
-6533
-5918
-5144
-4296
-3488
-2775
-2160
-1880
-1891
-2187
-2662
-3208
-3720
-4125
-4496
-4712
-4612
-4276
-3740
-2950
-2227
-1654
-1061
-521
-262
-179
-374
-564
-658
-723
-749
-661
-604
-412
-89
224
620
1049
1319
1509
1651
1445
1400
1467
1446
1382
1228
1165
1099
1115
1226
1281
1041
780
853
736
416
236
142
-97
-302
-538
-583
-345
-310
-212
-221
-191
-75
-50
-52
-231
-728
-1362
-1954
-2289
-2068
-1232
102
1604
3138
4175
4643
4458
3670
2394
916
-628
-2063
-3090
-3826
-4010
-3731
-2884
-1637
-293
1076
2096
2399
2062
1378
288
-1011
-2618
-4101
-4978
-5501
-5628
-5025
-3900
-2735
-1681
-674
115
505
508
107
-770
-1975
-3196
-4246
-5134
-5724
-5640
-5173
-4561
-3772
-2930
-1929
-1024
-649
-701
-1227
-1889
-2712
-3568
-4257
-5023
-5561
-5802
-5766
-5459
-4795
-4055
-3452
-3163
-2913
-2717
-2809
-3156
-3589
-4018
-4542
-4695
-4756
-4812
-4708
-4397
-4016
-3500
-3108
-3020
-3105
-3196
-3268
-3452
-3753
-3977
-4284
-4358
-4415
-4352
-4075
-3992
-3914
-3748
-3618
-3268
-3083
-3218
-3430
-3603
-3905
-4384
-4975
-5704
-6751
-7725
-8513
-8969
-9223
-9154
-8774
-8150
-7235
-6341
-5615
-4778
-4170
-3938
-4244
-4894
-5457
-6245
-7068
-7686
-8139
-8180
-7884
-7393
-6597
-5601
-4428
-3641
-3076
-2525
-2340
-2536
-3114
-3701
-4252
-4730
-5052
-5076
-4963
-4727
-4196
-3569
-2817
-2033
-1522
-1126
-843
-744
-599
-630
-730
-880
-1019
-1085
-1122
-1013
-641
-171
341
775
981
1189
1561
1733
1593
1410
1300
1156
964
1074
1129
1089
1138
1182
1203
1166
1024
899
771
624
449
84
-166
-284
-174
115
161
206
367
445
476
433
442
311
-13
-626
-1305
-1934
-2207
-1732
-711
742
2319
3671
4550
4577
3768
2699
1703
610
-706
-1841
-2598
-2831
-2495
-1694
-549
865
2019
2700
3100
3014
2428
1542
341
-854
-2113
-3303
-3964
-4058
-3506
-2554
-1526
-366
853
1762
2174
2168
1796
1089
186
-871
-1749
-2499
-3119
-3240
-2987
-2349
-1488
-680
62
756
1210
1248
1148
768
0
-787
-1689
-2516
-2963
-3082
-2825
-2532
-2281
-1856
-1360
-820
-375
-172
-320
-609
-921
-1475
-2123
-2453
-2661
-2854
-2767
-2551
-2214
-1768
-1421
-1361
-1168
-1076
-1294
-1555
-1799
-1962
-2268
-2477
-2412
-2426
-2318
-2264
-2071
-1936
-1750
-1547
-1382
-1452
-1671
-1770
-1887
-2308
-3095
-4037
-4943
-5697
-6364
-7022
-7238
-7148
-6791
-6470
-5819
-4796
-3894
-3151
-2536
-2158
-2108
-2511
-3287
-4126
-4811
-5629
-6331
-6518
-6151
-5386
-4889
-4021
-2907
-2007
-1274
-777
-679
-768
-911
-1116
-1712
-2413
-3009
-3136
-2917
-2550
-2116
-1688
-1041
-237
461
1030
1229
1439
1659
1617
1225
950
909
943
971
1109
1201
1512
1978
2419
2779
2906
2859
2897
3096
3084
3084
3030
2960
2713
2558
2611
2585
2581
2371
2221
2144
2018
1967
1919
1758
1653
1522
1371
1281
1263
1188
1285
1336
1385
1498
1497
1455
1394
1319
958
417
238
425
947
1811
3116
4678
5990
6613
6750
6324
5169
3759
2182
647
-718
-2091
-2825
-2644
-1728
-384
1215
2713
3960
4721
4777
4391
3592
2392
801
-807
-2191
-3163
-3694
-3739
-2953
-1921
-742
337
1413
2240
2558
2357
1749
793
-243
-1410
-2577
-3606
-4058
-3987
-3500
-2658
-1620
-730
31
671
784
586
325
-243
-952
-1695
-2567
-3215
-3816
-4089
-4003
-3639
-3078
-2516
-2203
-1905
-1663
-1539
-1576
-1790
-2331
-2712
-2888
-3143
-3199
-3202
-2913
-2462
-2116
-1700
-1223
-1221
-1339
-1241
-1338
-1700
-2027
-2116
-2310
-2616
-2773
-2675
-2377
-2042
-1789
-1699
-1446
-1248
-1273
-1198
-1074
-1342
-2006
-2889
-3698
-4493
-5541
-6547
-7248
-7649
-7580
-7320
-6863
-6169
-5304
-4269
-3368
-2760
-2327
-2212
-2573
-3270
-4120
-4995
-5853
-6462
-6673
-6647
-6148
-5474
-4725
-3801
-2934
-2285
-1726
-1366
-1397
-1709
-2279
-2758
-3335
-3950
-4289
-4383
-4277
-4028
-3629
-3014
-2113
-1332
-817
-302
-10
154
105
-72
-238
-558
-711
-506
-277
-84
73
509
934
1322
1628
1892
2167
2042
1839
1884
1986
1938
1714
1798
1795
1665
1598
1570
1552
1365
1286
1286
1230
1052
871
643
436
374
369
402
377
453
616
880
942
887
901
808
285
-452
-1139
-1440
-1300
-715
444
1843
3247
4241
4531
4398
3909
2711
1275
-102
-1405
-2389
-3012
-3187
-2806
-1876
-473
845
1963
2885
3401
3254
2511
1267
-63
-1575
-2962
-3895
-4422
-4317
-3632
-2732
-1671
-356
806
1476
1680
1663
1289
582
-312
-1356
-2415
-3256
-3763
-3706
-3144
-2416
-1479
-684
-88
409
900
996
790
434
-251
-1089
-1977
-2534
-2955
-3199
-3204
-2916
-2480
-1839
-1402
-1031
-688
-515
-686
-913
-1155
-1561
-1980
-2299
-2459
-2501
-2342
-2026
-1596
-1316
-1146
-1055
-935
-738
-840
-1260
-1644
-2009
-2274
-2073
-2001
-2091
-2090
-1871
-1597
-1446
-1371
-1361
-1370
-1369
-1359
-1311
-1548
-2226
-2838
-3654
-4615
-5538
-6318
-6922
-7103
-6997
-6549
-5863
-5113
-4149
-3248
-2523
-1954
-1782
-2018
-2403
-3061
-3922
-4745
-5401
-5686
-5663
-5241
-4642
-3812
-2991
-1953
-1208
-575
-282
-214
-359
-693
-1243
-1857
-2325
-2688
-2812
-2644
-2486
-2080
-1292
-496
231
895
1368
1712
1831
1895
2043
1836
1450
1351
1327
1366
1596
1990
2298
2667
3017
3248
3481
3521
3532
3702
3688
3470
3372
3217
3150
3108
3057
2963
2960
2913
2883
2764
2641
2511
2365
2140
1992
1863
1879
1898
1869
1797
1838
2029
2141
2104
2128
2180
2106
1894
1509
838
268
186
930
2166
3608
4945
5923
6554
6813
6307
5244
3934
2625
1268
-11
-851
-1200
-917
-87
1171
2477
3631
4587
5241
5238
4536
3568
2305
982
-270
-1435
-2059
-2090
-1615
-780
184
1069
2070
3014
3532
3573
3265
2516
1541
551
-498
-1366
-1960
-2262
-2054
-1490
-596
433
1315
1997
2437
2483
2242
1742
1087
334
-577
-1249
-1724
-2220
-2417
-2152
-1654
-1054
-516
-121
164
231
196
-73
-349
-719
-1073
-1421
-1663
-1614
-1507
-1355
-1220
-748
-332
-125
67
151
231
51
-460
-759
-786
-832
-890
-1090
-988
-847
-665
-387
-170
-55
-66
-70
-36
61
-132
-715
-1469
-2235
-3098
-4003
-4930
-5480
-5631
-5665
-5498
-4861
-4139
-3415
-2610
-1759
-1049
-862
-1065
-1396
-1939
-2711
-3546
-4206
-4780
-5035
-4804
-3988
-3169
-2373
-1638
-933
-207
122
370
380
96
-461
-1158
-1780
-2269
-2367
-2156
-1814
-1355
-639
-25
563
1222
1640
2031
2188
2004
2015
2034
1904
1647
1435
1332
1400
1865
2436
2955
3354
3610
3712
3773
4027
4060
4062
3924
3602
3495
3470
3390
3313
3390
3479
3459
3345
3305
3216
2997
2664
2282
2282
2220
1959
2004
2175
2142
2171
2271
2375
2554
2710
2657
2480
2155
1520
795
398
417
858
1863
3128
4628
6111
6867
6922
6504
5692
4508
3220
1925
440
-591
-1084
-1112
-775
168
1637
3130
4068
4716
4926
4418
3631
2561
1196
-131
-1382
-2251
-2544
-2283
-1671
-788
266
1449
2531
3008
2967
2757
2284
1583
411
-850
-1745
-2379
-2609
-2392
-1870
-1294
-482
536
1394
1771
1739
1715
1502
846
55
-650
-1417
-2097
-2566
-2653
-2274
-1877
-1480
-980
-585
-135
117
113
-29
-391
-956
-1442
-1828
-1962
-2123
-2224
-1956
-1540
-1186
-851
-497
-275
-239
-185
-433
-824
-1084
-1196
-1323
-1492
-1437
-1247
-1241
-1261
-1124
-727
-491
-429
-394
-451
-681
-981
-1209
-1613
-2382
-3318
-4336
-5206
-5969
-6414
-6527
-6301
-5656
-4966
-4043
-3163
-2483
-1913
-1591
-1354
-1490
-2030
-2825
-3874
-4544
-4969
-5098
-5089
-4829
-4124
-3333
-2385
-1524
-951
-454
-154
-143
-316
-729
-1345
-1764
-2042
-2361
-2613
-2576
-2358
-1794
-1010
-184
350
839
1237
1564
1682
1582
1451
1282
1223
1227
1190
1196
1523
1868
2187
2590
2894
3162
3339
3437
3632
3615
3477
3516
3378
3172
3066
3005
2903
2915
2869
2784
2760
2754
2643
2470
2256
2229
2143
2001
1964
1768
1622
1809
1909
1996
2141
2251
2356
2334
2087
1703
1083
512
399
738
1526
2549
3809
5252
6299
6683
6442
5797
4642
3320
2052
864
-323
-1156
-1333
-902
-192
1060
2587
3763
4465
4747
4590
3998
3113
1934
490
-1068
-2224
-2711
-2622
-1939
-907
258
1410
2219
2886
3429
3388
2910
2159
1220
259
-815
-1606
-2070
-2271
-1873
-1092
-219
765
1456
1985
2319
2376
2021
1207
491
-64
-843
-1552
-1903
-2105
-1993
-1675
-1234
-756
-225
249
492
670
572
228
-108
-456
-856
-1076
-1271
-1321
-1322
-1221
-639
-149
70
426
425
212
63
-54
-294
-481
-657
-875
-826
-763
-605
-304
-218
-216
-86
171
272
280
266
87
-292
-932
-1521
-2292
-3235
-4316
-5191
-5662
-5691
-5535
-5086
-4589
-3737
-2724
-2017
-1328
-742
-494
-659
-1150
-1847
-2638
-3548
-4279
-4565
-4549
-4215
-3646
-2794
-1993
-1164
-346
349
689
854
780
551
88
-575
-1121
-1456
-1543
-1458
-1074
-671
-143
495
1057
1501
1721
1832
1944
1774
1502
1250
1162
1290
1434
1636
2013
2400
2782
2849
2676
2273
1698
1177
655
365
249
378
909
1701
2528
3407
3888
4104
3899
3345
2420
1393
495
-53
-269
9
813
1918
3112
4174
5194
6092
6572
6637
6168
5349
4496
3768
3095
2630
2345
2284
2802
3882
5206
6870
8528
9656
10083
10027
9335
8148
6615
4739
3097
1758
717
229
540
1339
2496
3705
4918
5806
5950
5661
5184
4283
2926
1435
0
-1155
-1951
-2202
-1880
-1319
-475
503
1445
2362
2975
3122
2847
2120
1143
47
-1027
-2100
-2901
-3219
-3129
-2684
-2147
-1518
-768
-27
593
905
1074
855
144
-680
-1512
-2079
-2556
-2851
-2828
-2491
-1915
-1257
-507
184
591
819
883
897
810
711
520
351
284
295
237
458
794
1204
1670
2074
2190
2134
1918
1847
1766
1437
1139
1025
771
562
676
942
1209
1387
1314
1319
1282
1326
1305
1268
1154
903
457
-322
-1340
-2387
-3314
-3998
-4531
-4972
-5174
-4958
-4527
-3976
-3240
-2306
-1392
-888
-654
-756
-1227
-2044
-2855
-3635
-4395
-5000
-5230
-5046
-4555
-3857
-3040
-2091
-1287
-918
-694
-669
-830
-1223
-1709
-2260
-3025
-3735
-4166
-4167
-4028
-3638
-2936
-2177
-1578
-1086
-566
-104
250
269
-13
-451
-997
-1587
-2087
-2348
-2349
-1827
-1189
-557
259
941
1406
1697
1756
1504
982
434
10
-609
-1142
-1315
-1271
-990
-543
-145
338
767
1002
762
133
-470
-961
-1565
-2295
-2932
-3176
-3145
-3007
-2542
-2109
-1642
-1165
-921
-1140
-1793
-2767
-3823
-4924
-5643
-5719
-4965
-3516
-1788
-78
1193
1809
1670
898
-441
-2149
-3955
-5805
-7234
-8057
-8391
-7929
-6530
-4650
-2897
-1462
-474
-31
-1
-489
-1597
-3122
-4582
-6111
-7152
-7579
-7312
-6409
-5170
-3661
-2116
-946
-27
570
605
90
-930
-2088
-3078
-3906
-4475
-4765
-4637
-4134
-3219
-2056
-1035
-89
663
1096
1131
865
390
-238
-943
-1645
-2314
-2787
-2904
-2691
-2271
-1610
-966
-280
224
366
418
406
171
-247
-774
-1294
-1514
-1638
-1532
-1244
-948
-498
-213
-21
136
380
431
241
-132
-493
-758
-987
-1131
-1082
-826
-267
64
82
199
392
565
753
830
934
793
499
8
-721
-1617
-2352
-2955
-3527
-3834
-3828
-3471
-3011
-2207
-1159
-3
866
1353
1719
1894
1640
1317
831
6
-718
-1115
-1238
-1120
-578
258
1236
2117
3008
3614
3911
4243
4053
3738
3366
2890
2424
1954
1557
1401
1529
1858
2235
2833
3377
3714
4107
4302
4224
4127
3894
3667
3235
2998
2884
2801
2787
2929
3154
3432
3701
3821
3817
3834
3748
3729
3688
3562
3401
3210
3060
2987
3030
2966
3038
3147
3113
2995
2786
2544
2230
1961
1886
1838
1694
1636
1744
1760
1704
1763
1955
2124
2240
2326
2376
2050
1483
773
5
-650
-791
-410
580
1913
3282
4230
4718
4707
4296
3742
2947
1971
1122
397
-23
-1
534
1540
2806
3889
4796
5272
5447
5241
4573
3604
2475
1398
412
-117
-369
-176
352
1357
2703
3786
4617
5384
5697
5467
4772
4103
3274
2301
1469
866
471
462
912
1735
2751
3579
4222
4791
5156
5080
4680
4096
3409
2551
1783
1245
779
801
1152
1540
1969
2497
3102
3516
3756
3761
3432
2966
2504
2153
1869
1561
1140
800
700
868
1118
1285
1693
2178
2393
2235
1847
1417
1253
1169
1121
1172
1121
1140
1171
1265
1414
1545
1668
1703
1859
2041
2054
1920
1855
1637
994
166
-734
-1549
-2084
-2597
-2802
-2666
-2231
-1513
-828
29
884
1553
1912
2139
2074
1727
1181
402
-239
-788
-1130
-1127
-823
-224
480
1235
2266
3083
3504
3514
3558
3488
2986
2377
1821
1232
812
483
383
559
1018
1648
2134
2613
2998
3118
3074
3018
2742
2341
1966
1597
1340
1075
774
749
965
1320
1540
1709
1961
2064
2033
1804
1593
1429
1415
1189
916
760
821
845
809
854
785
542
135
-4
-74
-239
-311
-476
-803
-994
-1040
-1034
-992
-834
-638
-710
-653
-542
-423
-470
-691
-1092
-1341
-1102
-522
636
2089
3722
5149
6187
6443
6018
4945
3485
1645
-192
-2108
-3949
-5225
-5524
-4892
-3451
-1605
370
2039
3482
4437
4601
3996
2873
1170
-647
-2657
-4378
-5514
-5869
-5445
-4516
-3193
-1808
-389
637
1260
1783
1656
943
-167
-1383
-3026
-4422
-5329
-5556
-5335
-4781
-3876
-2822
-1848
-902
-336
-24
150
-112
-802
-1630
-2357
-3015
-3646
-4191
-4360
-4191
-3918
-3472
-3139
-2606
-2141
-1987
-1895
-1905
-2108
-2362
-2526
-2647
-2477
-2152
-1795
-1536
-1122
-535
-150
107
144
111
199
52
-299
-586
-709
-726
-563
-349
-19
352
558
674
713
824
1103
1321
1357
1229
820
445
-31
-1003
-1958
-2896
-3472
-3747
-3850
-3940
-3665
-2932
-2051
-1199
-360
591
1276
1369
1090
702
288
-353
-1290
-2069
-2568
-2783
-2617
-2058
-1315
-634
38
902
1689
1989
1960
1728
1298
720
74
-620
-1245
-1678
-1889
-1781
-1299
-713
-142
357
734
1087
1374
1373
1177
874
490
328
344
227
40
-58
154
425
587
812
1232
1419
1565
1641
1673
1558
1491
1311
1116
1077
1080
1081
1090
1098
1001
1016
1054
929
876
774
545
447
94
-19
-18
19
210
305
403
557
791
876
803
707
510
130
-552
-1193
-1456
-1283
