-4940
-4517
-4217
-3970
-3924
-3903
-3958
-4146
-4296
-4577
-4824
-4955
-4900
-4750
-4557
-4159
-3710
-3610
-3606
-3391
-3059
-2898
-3018
-3163
-3319
-3681
-4280
-5063
-5849
-6721
-7540
-8172
-8539
-8400
-7868
-7222
-6513
-5594
-4730
-4092
-3425
-2932
-2889
-3328
-4007
-5007
-5946
-6765
-7090
-7001
-6623
-6259
-5621
-4806
-3895
-2783
-1947
-1642
-1634
-1701
-2259
-3047
-3645
-4175
-4824
-5324
-5422
-4927
-4440
-4208
-3833
-3175
-2642
-2310
-2390
-2755
-3370
-4376
-5155
-5523
-5438
-5033
-4265
-3271
-2128
-1197
-989
-1732
-2964
-4432
-6140
-8044
-9764
-11124
-11659
-11491
-10585
-9071
-7270
-5845
-4746
-4243
-4515
-5411
-6821
-8473
-10360
-11879
-12627
-12776
-12010
-10375
-7972
-5138
-2589
-608
787
1487
1411
720
-497
-1940
-3423
-5127
-6407
-6984
-6515
-4682
-1933
1041
3612
5431
6504
6710
5942
4296
2178
-23
-2147
-3983
-5370
-6169
-5905
-4763
-3005
-1374
-11
956
1163
636
-621
-2334
-4193
-6308
-8133
-9514
-10275
-9962
-9039
-7802
-6328
-5022
-3910
-3080
-2923
-3455
-4318
-5592
-6967
-8641
-10212
-11289
-11817
-11678
-11133
-10182
-8752
-7195
-5930
-5162
-4765
-4656
-5153
-6093
-7069
-8288
-9553
-10481
-11079
-11352
-10988
-10310
-9250
-8222
-6911
-5432
-4433
-3976
-3735
-3549
-3339
-3484
-3651
-3605
-3754
-3557
-3154
-2638
-2009
-1562
-1160
-794
-593
-546
-692
-842
-975
-1186
-1354
-1455
-1631
-1843
-1829
-1610
-1525
-1572
-1805
-2167
-2458
-2650
-2607
-2737
-3033
-3470
-3972
-4378
-5036
-5677
-6113
-6306
-6496
-6578
-6410
-6035
-5488
-4871
-4306
-3768
-3159
-2898
-3146
-3741
-4555
-5616
-6490
-7119
-7671
-8130
-8267
-7901
-7258
-6602
-5884
-5311
-4664
-4214
-3892
-3882
-4190
-4521
-4933
-5289
-5428
-5324
-5109
-4760
-3982
-3010
-2122
-1289
-182
668
1175
1527
1857
2207
2110
1753
1480
903
10
-977
-2120
-3142
-3939
-4099
-3282
-1558
526
2487
4022
5017
5692
5637
4898
3298
1408
-640
-2429
-3589
-3950
-3335
-1693
210
2070
3806
5242
6232
6505
5896
4856
3474
1727
60
-1190
-1661
-1265
-86
1615
3591
5357
6475
7101
7247
7042
6619
6149
6033
6115
6375
6533
6661
6800
6647
6202
5405
4381
3310
2187
1109
353
75
258
931
1888
2768
3685
4467
4799
4736
4324
3607
2442
1313
100
-1000
-1693
-1968
-1848
-1310
-466
355
976
1439
1686
1648
1447
977
99
-904
-1981
-2953
-3581
-4035
-4160
-4139
-3886
-3388
-3123
-3081
-3080
-3121
-3202
-3404
-3757
-4064
-4426
-4750
-4750
-4389
-4108
-3777
-3485
-3252
-2925
-2693
-2664
-2917
-3257
-3552
-3931
-4110
-4041
-4005
-3841
-3589
-3292
-2845
-2157
-1632
-1275
-849
-719
-943
-1498
-1841
-2250
-2739
-3125
-3304
-3413
-3357
-3152
-2878
-2560
-2324
-2095
-2018
-1892
-1776
-1802
-2092
-2773
-3884
-5243
-6484
-7820
-9042
-9868
-10362
-10387
-10047
-9321
-8367
-7595
-6825
-5794
-4963
-4705
-5022
-5629
-6356
-7155
-8049
-8867
-9624
-10191
-10235
-9880
-9288
-8442
-7406
-6540
-5925
-5586
-5555
-5921
-6351
-6758
-7249
-7856
-8143
-8337
-8381
-8129
-7826
-7303
-6580
-5716
-4961
-4392
-3805
-3513
-3369
-3384
-3198
-3077
-3036
-2814
-2528
-2241
-1893
-1435
-945
-576
-394
-336
-248
-303
-487
-748
-1062
-1338
-1444
-1360
-1270
-1188
-1179
-1241
-1286
-1297
-1539
-1694
-1826
-1985
-2346
-2606
-2777
-3040
-3241
-3255
-2967
-2798
-2727
-2637
-2628
-2598
-2384
-2379
-2624
-3074
-3689
-4234
-4410
-4000
-3011
-1684
-590
298
821
776
183
-1075
-2619
-4222
-5703
-6990
-7814
-8161
-7883
-7049
-5929
-4448
-2945
-2054
-1636
-1683
-2216
-3164
-4525
-5835
-7156
-8508
-9344
-9320
-8936
-7980
-6757
-5412
-4323
-3421
-2847
-2698
-2831
-3362
-4428
-5763
-6963
-7851
-8480
-8819
-8753
-8107
-7065
-5957
-4984
-4084
-3489
-3269
-3389
-3727
-4211
-4807
-5611
-6548
-6989
-7005
-6877
-6738
-6300
-5859
-5450
-5108
-4793
-4579
-4781
-5133
-5470
-5989
-6306
-6617
-6830
-6885
-6635
-6506
-6394
-6118
-5818
-5509
-5394
-5463
-5614
-5874
-6083
-6403
-6583
-6710
-6883
-6825
-6503
-6241
-6108
-5954
-5727
-5430
-5152
-5037
-4976
-4947
-5335
-5834
-6553
-7337
-8324
-9307
-9949
-10392
-10652
-10719
-10521
-9995
-9075
-8071
-7219
-6480
-5824
-5405
-5445
-5892
-6540
-7412
-8132
-8754
-9233
-9470
-9256
-8729
-7912
-6932
-5849
-4851
-4045
-3525
-3373
-3429
-3810
-4297
-4759
-5129
-5404
-5669
-5720
-5525
-5123
-4485
-3733
-3042
-2240
-1666
-1366
-1124
-1079
-1167
-1205
-1282
-1277
-1124
-1057
-970
-865
-573
-82
277
628
786
755
908
1153
1186
1142
1111
1011
1146
1067
930
983
919
668
437
407
457
343
160
-104
-362
-311
-359
-651
-609
-285
45
166
171
346
491
396
157
-184
-687
-1284
-1653
-1712
-1238
-342
946
2513
3957
4746
4949
4529
3713
2521
1049
-437
-1659
-2556
-3066
-3027
-2323
-1218
240
1409
2306
2969
3182
2861
2054
887
-402
-1730
-2904
-3654
-3934
-3757
-3082
-2003
-750
334
1097
1543
1818
1538
824
-6
-1002
-1972
-2911
-3544
-3858
-3782
-3406
-2885
-2038
-1345
-573
189
496
268
-278
-853
-1435
-2217
-3072
-3511
-3645
-3749
-3632
-3442
-2997
-2360
-1863
-1576
-1508
-1468
-1529
-1869
-2396
-2672
-2938
-3383
-3580
-3482
-3183
-2865
-2439
-1982
-1729
-1733
-1863
-2108
-2289
-2394
-2583
-2586
-2900
-3177
-3149
-2947
-2750
-2617
-2474
-2317
-2054
-1938
-1783
-1608
-1630
-1910
-2343
-2744
-3514
-4472
-5457
-6359
-7009
-7320
-7383
-7334
-6981
-6200
-5387
-4453
-3660
-2889
-2434
-2603
-3237
-3814
-4394
-5228
-6211
-7068
-7354
-7093
-6593
-5879
-4959
-4031
-3152
-2492
-2082
-1912
-1929
-2115
-2590
-3108
-3475
-3871
-4317
-4534
-4338
-3797
-3242
-2661
-1953
-1284
-770
-404
-204
-232
-251
-336
-417
-568
-819
-681
-617
-397
-35
397
736
1078
1507
1770
1931
1985
1854
1783
1663
1605
1495
1375
1478
1513
1411
1419
1412
1502
1486
1254
887
598
444
245
212
242
308
224
202
283
291
371
504
601
487
152
-368
-926
-1573
-2087
-1841
-899
454
1849
3089
3933
4495
4424
3650
2510
930
-644
-1898
-2923
-3581
-3792
-3524
-2584
-1119
284
1391
2153
2339
2046
1400
345
-915
-2261
-3614
-4742
-5307
-5441
-4765
-3809
-2783
-1594
-647
65
410
194
-297
-1114
-2113
-3124
-4124
-4929
-5380
-5649
-5442
-4573
-3538
-2601
-1912
-1443
-973
-866
-1173
-1873
-2609
-3236
-4084
-4990
-5421
-5558
-5219
-4737
-4430
-4043
-3452
-3098
-2730
-2632
-2789
-3154
-3677
-4107
-4511
-4783
-4911
-4985
-4905
-4662
-4362
-4054
-3717
-3386
-3333
-3488
-3610
-3680
-3919
-4330
-4592
-4685
-4601
-4635
-4620
-4301
-4015
-3836
-3868
-3705
-3361
-3198
-3217
-3385
-3818
-4358
-5121
-6049
-7114
-8016
-8451
-8704
-8972
-9044
-8763
-8166
-7409
-6593
-5642
-4733
-4234
-4291
-4644
-5063
-5738
-6673
-7603
-8191
-8428
-8449
-8307
-7665
-6768
-5965
-5146
-4054
-3290
-3139
-3308
-3334
-3454
-4022
-4765
-5179
-5378
-5478
-5520
-5209
-4561
-3885
-3125
-2377
-1779
-1335
-1012
-859
-960
-1067
-1183
-1351
-1347
-1235
-1208
-849
-352
10
354
581
766
981
1243
1384
1304
1093
954
1016
1105
1076
1191
1163
1071
1134
1290
1392
1278
1123
965
797
610
325
285
215
214
291
272
410
439
353
496
616
618
298
-211
-892
-1748
-2698
-3490
-3535
-2737
-1444
-223
732
1428
1652
1567
985
40
-913
-1619
-2170
-2538
-2595
-2245
-1583
-603
534
1346
1896
2021
1833
1335
499
-590
-1770
-2728
-3399
-3786
-3595
-2895
-2067
-1026
79
1053
1774
2073
2236
1957
1304
369
-709
-1695
-2392
-2659
-2664
-2326
-1549
-629
163
908
1459
1901
2020
1592
1072
487
-160
-817
-1385
-1787
-2019
-1897
-1630
-1121
-358
451
884
965
945
748
240
-332
-889
-1346
-1881
-2361
-2601
-2815
-2921
-2728
-2534
-2141
-1689
-1659
-1782
-2022
-2357
-2516
-2790
-2976
-2998
-3061
-3279
-3387
-3181
-3137
-3078
-2952
-2957
-2943
-2719
-2547
-2587
-2885
-3306
-3909
-4613
-5536
-6457
-7228
-7704
-7857
-7884
-7590
-7013
-6350
-5496
-4615
-3879
-3320
-2971
-2894
-3298
-4145
-4937
-5631
-6162
-6629
-6724
-6517
-6056
-5248
-4210
-3179
-2290
-1623
-1190
-919
-841
-1051
-1528
-2019
-2501
-2747
-2676
-2622
-2480
-1976
-1143
-345
162
655
1184
1478
1769
1851
1605
1330
1191
1094
956
923
969
1135
1338
1774
2287
2521
2669
2675
2739
2951
2877
2601
2484
2494
2390
2254
2229
2179
2119
1974
1813
1595
1408
1286
1249
1184
1114
875
584
421
577
804
694
510
525
663
733
777
856
779
548
550
735
1423
2580
3933
5400
6646
7410
7702
7389
6288
4650
2638
437
-1538
-3171
-4345
-4814
-4450
-3170
-1225
982
3200
4902
5856
6121
5589
4287
2552
707
-1099
-2766
-4114
-4819
-4604
-3778
-2737
-1405
39
1278
1952
2168
1959
1320
329
-1045
-2531
-3783
-4762
-5464
-5624
-5261
-4499
-3612
-2524
-1619
-1039
-584
-350
-541
-974
-1551
-2380
-3218
-4009
-4546
-5053
-5329
-5059
-4494
-4219
-4128
-3880
-3766
-3718
-3698
-3716
-3836
-3912
-3788
-3831
-3881
-3495
-2980
-2725
-2556
-2318
-1980
-1729
-1754
-1889
-1996
-2188
-2400
-2591
-2730
-2622
-2483
-2234
-1894
-1375
-1055
-774
-595
-433
-310
-246
-332
-583
-1069
-1918
-2942
-3931
-4603
-5214
-5775
-6309
-6428
-6115
-5518
-4690
-3611
-2579
-1994
-1643
-1522
-1529
-1837
-2647
-3508
-4497
-5316
-6096
-6535
-6269
-5761
-5248
-4837
-4154
-3033
-2122
-1666
-1533
-1648
-2079
-2769
-3346
-3844
-4435
-4933
-4986
-4684
-4242
-3861
-3405
-2571
-1828
-1183
-702
-366
-296
-333
-535
-683
-839
-887
-842
-813
-604
-214
148
573
998
1379
1652
1781
1831
1910
1947
1876
1809
1880
1958
1981
2012
2005
2151
2083
2068
2066
2012
1767
1459
1355
1370
1363
1315
1327
1224
1161
1341
1646
1847
1829
1862
1925
1714
1138
403
-359
-897
-1064
-965
-328
688
1605
2447
3141
3243
2541
1571
363
-921
-1984
-2816
-3390
-3390
-2735
-1652
-211
1282
2576
3362
3624
3279
2460
1297
-118
-1701
-3096
-4020
-4599
-4623
-4086
-3125
-1740
-585
570
1531
1992
2085
1800
1099
132
-859
-1834
-2635
-2910
-2737
-2161
-1502
-687
200
997
1673
1973
2047
1923
1400
744
100
-693
-1249
-1600
-1655
-1465
-1152
-794
-290
89
513
861
972
1038
885
305
-203
-372
-623
-925
-1201
-1250
-1081
-911
-710
-631
-607
-745
-1045
-1185
-1443
-1747
-2059
-2270
-2608
-2651
-2561
-2506
-2372
-2164
-2124
-1938
-1782
-1643
-1723
-2032
-2189
-2340
-2700
-3416
-4372
-5443
-6292
-7006
-7609
-7927
-7697
-7159
-6542
-5684
-4752
-3789
-3121
-2727
-2670
-2920
-3506
-4363
-5153
-5859
-6500
-6925
-6882
-6526
-5712
-4660
-3593
-2625
-1727
-1086
-708
-565
-619
-751
-1097
-1734
-2171
-2306
-2482
-2526
-2115
-1423
-509
313
1013
1755
2226
2470
2587
2417
2304
2305
2186
2029
1923
1943
2101
2400
2756
3096
3249
3563
3760
3912
3912
3766
3712
3629
3464
3423
3392
3330
3196
3107
3070
3253
3224
3036
2824
2650
2470
2342
2158
2002
1919
1994
2090
2093
2161
2206
2177
2002
1831
1944
1873
1493
1023
453
1
-61
481
1582
2924
4273
5617
6317
6206
5529
4604
3539
2223
750
-475
-1228
-1553
-1439
-556
768
2271
3598
4687
5005
4809
4327
3573
2486
1135
-166
-1166
-1751
-1938
-1587
-757
319
1375
2308
3015
3401
3403
3019
2313
1460
474
-539
-1434
-2069
-2173
-1931
-1355
-531
429
1181
1773
2203
2221
1946
1492
817
-44
-891
-1642
-2005
-2235
-2281
-2147
-1863
-1417
-994
-486
-53
98
2
-308
-894
-1474
-1833
-2029
-2252
-2419
-2418
-2174
-1837
-1583
-1317
-1128
-968
-892
-943
-1052
-1329
-1640
-1960
-2134
-2129
-2101
-2108
-1901
-1518
-1327
-1317
-1236
-900
-729
-653
-556
-732
-1167
-1840
-2719
-3697
-4571
-5272
-5891
-6111
-6108
-5899
-5366
-4580
-3550
-2648
-1885
-1422
-1299
-1245
-1615
-2381
-3264
-4194
-4820
-5257
-5377
-5124
-4699
-4129
-3296
-2302
-1381
-567
-174
-114
-387
-727
-1166
-1678
-2098
-2600
-2925
-2822
-2466
-2051
-1468
-671
-34
503
855
1222
1473
1384
1251
1070
1110
1030
908
843
868
1109
1494
1835
2177
2417
2654
2865
3023
2925
2833
2852
2742
2599
2474
2340
2195
2177
2228
2287
2369
2372
2335
2182
1994
1890
2002
1930
1718
1706
1623
1567
1572
1705
1708
1779
1822
1885
1798
1637
1221
579
68
-175
281
1209
2380
3730
5031
5807
5949
5548
4805
3739
2323
918
-376
-1276
-1696
-1635
-996
-76
1151
2448
3654
4422
4464
3915
3009
2027
764
-470
-1529
-2479
-2955
-2784
-2104
-1157
-134
987
1804
2265
2484
2164
1672
901
-104
-1278
-2287
-2875
-3004
-2870
-2513
-1794
-1021
-291
376
1052
1401
1297
836
123
-510
-1166
-1918
-2464
-2821
-2893
-2597
-2086
-1648
-1225
-761
-470
-346
-347
-465
-812
-1296
-1607
-1839
-2036
-2198
-2122
-1858
-1561
-1226
-940
-675
-455
-416
-435
-702
-1087
-1339
-1431
-1556
-1638
-1505
-1379
-1314
-1239
-1000
-781
-603
-445
-399
-259
-166
-473
-1055
-1820
-2533
-3084
-3900
-4850
-5610
-6104
-6309
-6119
-5529
-4728
-3872
-2931
-2221
-1800
-1299
-1104
-1364
-2124
-3031
-3781
-4538
-5123
-5477
-5448
-4852
-4188
-3345
-2234
-1243
-592
-333
-247
-222
-232
-434
-954
-1578
-1905
-1995
-2073
-2040
-1676
-956
-192
420
1083
1694
2028
2124
2259
2243
2049
1949
1923
2003
2149
2345
2544
2893
3096
3344
3702
4073
4448
4641
4533
4313
4020
3939
4020
4104
4071
4047
4087
4094
4076
4038
3929
3736
3520
3416
3280
3044
2988
2845
2772
2856
3021
3159
3235
3264
3181
3226
3202
3166
2934
2378
1775
1383
1282
1419
2157
3417
4765
5928
6645
7107
7037
6356
5362
4177
2762
1328
253
-461
-535
151
1165
2322
3615
4733
5467
5606
5232
4676
3695
2442
1169
29
-948
-1539
-1544
-950
-6
1153
2260
3154
3711
3975
3862
3392
2633
1612
569
-345
-962
-1177
-1234
-932
-374
414
1320
2111
2629
2832
2766
2453
1869
1224
513
-162
-725
-1047
-1248
-1184
-934
-432
129
406
651
865
784
705
629
308
-60
-452
-713
-788
-744
-674
-504
-353
-83
335
532
494
385
219
-53
-315
-546
-665
-854
-889
-693
-584
-447
-276
-1
151
361
506
470
369
388
74
-608
-1443
-2222
-3116
-3932
-4582
-5056
-5247
-5067
-4595
-3942
-3254
-2470
-1684
-1041
-467
-376
-684
-1240
-1940
-2725
-3439
-4042
-4522
-4515
-4148
-3610
-2888
-2130
-1323
-514
180
527
487
320
-1
-507
-1003
-1559
-1933
-2130
-2065
-1610
-1059
-455
200
992
1705
2074
2116
1823
1573
1399
1344
1183
1037
1034
1211
1527
1885
2203
2369
2159
1640
1097
557
113
-103
-140
72
484
1117
2015
2915
3507
3723
3330
2660
1927
1102
181
-628
-751
-422
408
1463
2514
3668
4798
5644
6036
6009
5589
4993
4132
3422
2809
2264
1671
1504
2196
3307
4777
6509
8170
9285
9759
9544
8603
7101
5379
3837
2351
953
7
-367
-232
526
1850
3090
4212
5105
5474
5180
4601
3607
2357
1064
-201
-1274
-2121
-2404
-2155
-1674
-1070
-287
622
1518
2103
2142
1955
1441
567
-495
-1554
-2507
-3315
-3850
-3928
-3557
-2921
-2172
-1325
-608
-78
330
311
22
-529
-1204
-1860
-2480
-2976
-3137
-3010
-2716
-2239
-1729
-1067
-425
79
442
701
753
570
248
27
-163
-336
-477
-267
119
449
840
1238
1775
1992
1918
1707
1491
1243
847
476
235
156
264
322
442
757
990
1060
1043
1060
1085
1138
1042
1003
789
234
-581
-1340
-2229
-3170
-3883
-4394
-4582
-4722
-4697
-4132
-3422
-2734
-2121
-1412
-805
-604
-889
-1489
-2217
-2905
-3635
-4413
-5095
-5330
-5060
-4577
-3997
-3280
-2416
-1500
-1007
-796
-820
-948
-1140
-1641
-2429
-3185
-3581
-3852
-3917
-3735
-3317
-2753
-2061
-1293
-745
-406
-134
138
333
285
17
-415
-1052
-1620
-1925
-1927
-1660
-989
-205
506
999
1365
1822
2026
1848
1403
787
193
-446
-931
-1059
-945
-760
-314
354
784
1063
1408
1159
712
270
-281
-952
-1592
-2169
-2418
-2396
-2278
-1948
-1478
-1203
-807
-600
-567
-1020
-1979
-3298
-4656
-5396
-5494
-4679
-3278
-1505
301
1579
1950
1649
821
-336
-1842
-3616
-5313
-6630
-7550
-7765
-7078
-5597
-3863
-2175
-783
265
819
823
-39
-1355
-2802
-4142
-5254
-6377
-6864
-6636
-5947
-4463
-2879
-1658
-445
494
982
930
321
-450
-1401
-2437
-3356
-4083
-4364
-4274
-3833
-2850
-1513
-496
255
910
1429
1533
1240
726
153
-527
-1285
-1934
-2230
-2155
-1731
-1261
-780
-385
242
772
991
1034
902
543
34
-481
-734
-903
-1175
-1363
-1160
-692
-289
-24
143
445
520
459
376
201
-171
-565
-858
-866
-710
-636
-271
248
520
797
1134
1327
1394
1394
1316
1201
1077
624
-114
-863
-1685
-2446
-2937
-3240
-3115
-2800
-2325
-1581
-614
324
1220
1913
2203
2272
2063
1603
1046
438
-118
-608
-758
-669
-183
613
1609
2495
3266
3812
4191
4342
4339
3997
3503
3013
2596
2164
1919
1822
1751
1986
2435
2864
3418
3854
4166
4438
4483
4275
3971
3660
3350
3123
2849
2759
2776
2971
3212
3434
3586
3647
3746
3848
3805
3782
3710
3432
3049
2933
3103
3191
3090
2916
2758
2797
2970
3165
3217
3069
2758
2412
2189
1917
1758
1749
1795
1868
1906
2107
2222
2290
2386
2496
2427
2151
1732
1132
444
164
653
1520
2673
3996
5439
6351
6748
6450
5787
4813
3577
2357
1049
90
-322
-397
-13
920
2090
3460
4763
5617
5870
5780
5210
4268
2988
1496
568
-178
-661
-814
-371
647
1709
2733
3588
4238
4504
4425
4114
3339
2523
1558
466
-277
-694
-724
-403
295
1173
1973
2733
3291
3727
3665
3255
2766
2113
1337
542
-28
-331
-477
-344
-84
330
876
1263
1611
1843
1986
1917
1552
1023
642
379
180
104
101
158
547
849
1187
1504
1775
2023
2023
1685
1345
1239
1233
1141
1058
1254
1328
1373
1414
1740
2090
2229
2391
2572
2691
2677
2657
2342
1809
1147
643
-195
-1115
-1793
-2197
-2255
-2216
-1979
-1349
-415
360
1041
1476
1858
2157
1898
1371
790
55
-663
-1333
-1744
-1715
-1489
-972
-18
867
1468
2113
2586
2848
2809
2351
1960
1345
532
-82
-586
-782
-865
-696
-241
306
774
1306
1827
2021
1974
1644
1310
1072
793
487
207
135
260
341
608
822
1025
1181
1347
1487
1472
1278
1195
1080
1000
980
804
751
784
751
676
624
679
629
520
289
65
26
-24
-205
-367
-487
-571
-569
-580
-378
-292
-325
-628
-677
-482
-552
-901
-1479
-1994
-2482
-2519
-1878
-814
736
2349
3460
4010
4045
3474
2435
1205
-59
-1367
-2585
-3471
-4121
-3985
-2903
-1529
-138
1094
2049
2565
2709
2292
1311
159
-1241
-2708
-3890
-4651
-4820
-4450
-3611
-2418
-1037
65
857
1358
1353
993
352
-431
-1484
-2505
-3416
-4119
-4241
-3786
-3016
-2174
-1258
-277
445
706
650
467
174
-346
-917
-1587
-2164
-2773
-3145
-2999
-2605
-2090
-1584
-1090
-655
-454
-374
-392
-540
-924
-1323
-1699
-1995
-1886
-1743
-1851
-1646
-1261
-832
-605
-233
37
54
-52
-231
-370
-628
-719
-695
-766
-756
-532
-300
25
213
300
559
749
780
773
853
703
293
-238
-894
-1663
-2619
-3533
-4107
-4195
-4067
-3796
-3215
-2424
-1524
-754
-20
632
848
778
465
-106
-824
-1555
-2165
-2589
-2740
-2517
-2046
-1321
-392
598
1480
2010
2539
2694
2316
1848
1345
729
76
-589
-878
-864
-613
-98
305
702
1172
1687
2001
2027
2020
1871
1585
1228
916
752
516
509
592
666
829
1102
1562
1882
1975
2059
2059
1944
1700
1672
1600
1287
1248
1219
1252
1330
1240
1238
1270
1245
1071
920
792
684
644
518
302
205
174
244
397
407
497
498
487
475
536
576
368
80
19
502
1361
