-4919
-4631
-4319
-3949
-3669
-3792
-3918
-4242
-4545
-4594
-4697
-4906
-4979
-4939
-4695
-4383
-4040
-3703
-3552
-3377
-3248
-3157
-2935
-3058
-3374
-3935
-4594
-5273
-6112
-6980
-7594
-8142
-8677
-8763
-8272
-7578
-6768
-5778
-4795
-4013
-3390
-3133
-3232
-3807
-4609
-5433
-6060
-6690
-7197
-7316
-6945
-6347
-5651
-4763
-3873
-3021
-2407
-2022
-1826
-2017
-2481
-3185
-3915
-4510
-5086
-5550
-5755
-5383
-4772
-4261
-3562
-2967
-2699
-2586
-2664
-3131
-3646
-4404
-5174
-5590
-5750
-5429
-4496
-3324
-2063
-1118
-1004
-1535
-2793
-4505
-6136
-7929
-9815
-11331
-12049
-11817
-10727
-9122
-7496
-5951
-4738
-4273
-4662
-5653
-7189
-8958
-10774
-12208
-13047
-13096
-12083
-10464
-8282
-5747
-3326
-1016
659
1243
1120
528
-549
-1802
-3581
-5471
-6799
-7209
-6561
-4877
-2455
382
3214
5307
6260
6433
5686
4230
2137
-254
-2657
-4679
-6149
-6674
-6336
-5261
-3777
-2116
-641
462
970
534
-652
-2356
-4249
-6490
-8597
-9965
-10613
-10351
-9582
-8198
-6739
-5451
-4269
-3381
-3157
-3593
-4506
-6049
-7711
-9196
-10483
-11538
-12234
-12169
-11492
-10410
-9127
-7783
-6467
-5434
-4839
-4784
-5257
-6171
-7319
-8713
-10005
-10934
-11457
-11637
-11406
-10886
-9893
-8507
-7157
-5966
-4869
-4299
-3945
-3756
-3686
-3797
-3961
-3882
-3737
-3681
-3494
-3124
-2564
-2028
-1380
-936
-759
-869
-923
-1089
-1479
-1723
-1772
-1941
-2201
-2264
-2265
-2220
-2102
-2156
-2256
-2397
-2545
-2698
-2773
-2838
-3018
-3477
-4196
-4910
-5505
-6143
-6642
-7003
-7005
-6916
-6714
-6312
-5595
-4730
-3945
-3362
-3100
-2970
-3248
-4010
-4855
-5730
-6691
-7517
-8097
-8367
-8635
-8473
-7740
-6937
-6091
-5308
-4636
-4238
-4138
-4385
-4575
-4820
-5115
-5629
-5916
-5661
-5425
-4966
-4270
-3493
-2559
-1607
-615
36
600
1180
1434
1448
1422
1412
1127
392
-545
-1588
-2655
-3670
-4507
-4648
-3825
-2207
-219
1722
3286
4463
5154
5177
4315
2738
666
-1237
-2709
-3862
-4206
-3701
-2261
-149
1705
3351
4969
6078
6328
5500
4140
2830
1320
-246
-1528
-2100
-1733
-496
1156
3052
4879
6252
6866
6875
6634
6190
5860
5682
5675
5979
6230
6290
6343
6177
5475
4645
3718
2675
1556
360
-398
-679
-384
128
1042
2200
3395
4114
4289
4140
3617
2842
1878
606
-623
-1491
-2256
-2711
-2581
-2082
-1192
-291
446
864
1087
1087
894
283
-652
-1541
-2608
-3519
-3936
-4261
-4525
-4558
-4440
-3990
-3646
-3553
-3480
-3508
-3658
-3990
-4165
-4385
-4575
-4784
-4911
-4817
-4369
-3999
-3831
-3713
-3698
-3489
-3465
-3574
-3843
-4160
-4388
-4599
-4570
-4451
-4168
-3694
-3238
-2667
-2063
-1696
-1626
-1483
-1371
-1354
-1675
-2250
-2653
-3158
-3405
-3438
-3538
-3691
-3657
-3401
-3016
-2629
-2349
-2073
-1962
-2055
-2109
-2266
-3054
-4148
-5407
-6809
-7945
-9060
-10110
-10762
-10693
-10230
-9455
-8634
-7608
-6455
-5506
-4932
-4718
-4786
-5328
-6227
-7257
-8352
-9277
-10099
-10340
-10071
-9531
-8951
-8215
-7427
-6674
-5995
-5616
-5598
-5767
-6036
-6524
-7064
-7574
-8000
-8303
-8254
-8171
-7728
-7039
-6271
-5450
-4865
-4390
-3904
-3536
-3240
-3176
-3149
-3201
-3160
-2890
-2599
-2248
-1707
-1233
-967
-747
-438
-231
-294
-490
-538
-599
-811
-1087
-1278
-1320
-1586
-1544
-1325
-1267
-1249
-1253
-1311
-1511
-1783
-2125
-2447
-2615
-2807
-3030
-3051
-2992
-2787
-2689
-2763
-2574
-2315
-2246
-2289
-2357
-2630
-3127
-3959
-4460
-4591
-4338
-3212
-1866
-533
514
958
800
-11
-1214
-2688
-4323
-5922
-7422
-8309
-8596
-8148
-7231
-5881
-4469
-3422
-2445
-1690
-1500
-1983
-2930
-4253
-5853
-7347
-8499
-9061
-9220
-8948
-8066
-6849
-5516
-4260
-3246
-2632
-2454
-2573
-3239
-4289
-5620
-6863
-7986
-8692
-8703
-8343
-7787
-6963
-5965
-4952
-4084
-3503
-3173
-3357
-3769
-4270
-5069
-5695
-6355
-6932
-7268
-7218
-6857
-6268
-5747
-5293
-4966
-4724
-4399
-4426
-4602
-5030
-5813
-6315
-6635
-6836
-6794
-6706
-6542
-6395
-6163
-6015
-5764
-5607
-5687
-5802
-5955
-6284
-6736
-7136
-7259
-6982
-6931
-6918
-6603
-6254
-6035
-5980
-5758
-5398
-5205
-5131
-5358
-5651
-5980
-6754
-7663
-8645
-9585
-10326
-11038
-11449
-11282
-10739
-10143
-9279
-8254
-7203
-6247
-5658
-5425
-5542
-6027
-6673
-7549
-8561
-9426
-9920
-10017
-9826
-9285
-8450
-7450
-6296
-5257
-4221
-3634
-3593
-3734
-4029
-4386
-4788
-5453
-5962
-6014
-5934
-5729
-5256
-4522
-3825
-3216
-2613
-2108
-1736
-1576
-1443
-1349
-1246
-1287
-1474
-1439
-1233
-1086
-905
-473
35
281
378
675
1090
1389
1331
1192
1118
1061
965
721
636
842
946
956
932
874
749
478
171
51
41
-56
-169
-389
-377
-126
-44
64
133
178
250
201
200
282
163
-259
-1020
-1677
-1676
-949
132
1264
2600
4051
4888
5061
4679
3639
2409
1241
-25
-1316
-2301
-2805
-2756
-2201
-1157
149
1513
2679
3305
3553
3222
2488
1331
-148
-1554
-2509
-3309
-3670
-3597
-2996
-2099
-958
192
1014
1407
1587
1551
924
-2
-978
-2009
-3035
-3925
-4286
-4039
-3649
-3032
-2237
-1455
-667
-117
35
-109
-385
-814
-1567
-2393
-3129
-3771
-4148
-4169
-3751
-3227
-2872
-2428
-1927
-1609
-1579
-1640
-1803
-2081
-2474
-2888
-3305
-3631
-3791
-3743
-3539
-3262
-2901
-2593
-2308
-2199
-2269
-2403
-2467
-2672
-2848
-3102
-3310
-3465
-3391
-3150
-2986
-2839
-2798
-2570
-2137
-1865
-1900
-1900
-1912
-2179
-2639
-3336
-4248
-5201
-6265
-6932
-7484
-8088
-8263
-7941
-7432
-6783
-5954
-5081
-4217
-3461
-2974
-3015
-3526
-4249
-5184
-6110
-7054
-7665
-7923
-7857
-7363
-6561
-5600
-4682
-3949
-3216
-2607
-2428
-2455
-2681
-3045
-3404
-3928
-4467
-4897
-4940
-4798
-4602
-4164
-3314
-2411
-1735
-1177
-821
-690
-730
-786
-912
-1050
-1181
-1367
-1229
-1130
-960
-746
-398
-78
222
568
778
853
835
972
962
865
638
506
573
660
600
512
469
401
220
129
143
-87
-299
-469
-687
-771
-757
-737
-734
-606
-513
-432
-384
-419
-566
-581
-781
-1223
-1940
-2521
-2875
-2765
-1931
-630
766
2066
3036
3534
3327
2582
1560
161
-1432
-2884
-4111
-4715
-4857
-4412
-3454
-2064
-639
488
1315
1647
1503
867
-186
-1685
-3226
-4596
-5543
-6086
-6221
-5811
-4940
-3878
-2790
-1637
-730
-326
-275
-755
-1545
-2575
-3775
-4904
-5626
-5950
-6062
-5732
-5226
-4420
-3377
-2472
-1983
-1834
-1784
-1975
-2602
-3451
-4145
-4781
-5433
-5980
-6348
-6202
-5735
-5273
-4794
-4092
-3649
-3506
-3513
-3779
-4211
-4636
-5082
-5397
-5464
-5576
-5673
-5494
-5189
-4935
-4752
-4472
-4251
-4198
-4200
-4193
-4496
-4813
-5042
-5395
-5676
-5627
-5361
-5204
-5062
-4702
-4301
-4085
-3968
-3912
-3929
-4034
-4103
-4274
-4753
-5530
-6458
-7432
-8340
-9050
-9542
-9833
-9840
-9325
-8395
-7525
-6525
-5550
-4850
-4618
-4684
-4958
-5468
-6109
-6833
-7654
-8383
-8859
-8870
-8393
-7869
-7064
-6049
-5088
-4153
-3404
-3062
-2975
-3059
-3432
-4024
-4761
-5259
-5504
-5750
-5674
-5066
-4277
-3640
-2977
-2218
-1655
-1210
-854
-749
-753
-776
-981
-1179
-1127
-1058
-1070
-1035
-637
-177
117
476
974
1242
1443
1434
1339
1369
1262
1116
1286
1443
1521
1559
1478
1371
1394
1293
1025
978
985
899
628
390
232
356
328
210
158
418
641
620
705
616
677
488
-2
-704
-1750
-2708
-3131
-3049
-2454
-1500
-369
754
1623
1844
1588
1130
380
-397
-1312
-2006
-2317
-2213
-1873
-1149
-88
983
1727
2229
2473
2247
1532
529
-528
-1405
-2513
-3367
-3601
-3395
-2556
-1472
-508
500
1386
2173
2482
2300
1861
1100
377
-490
-1403
-2054
-2200
-2119
-1703
-1089
-339
536
1306
1932
2252
2463
2282
1703
783
-90
-845
-1480
-1867
-2038
-1794
-1365
-835
-242
326
764
1081
1089
878
443
-147
-746
-1393
-1883
-2229
-2443
-2598
-2525
-2316
-2148
-1978
-1845
-1716
-1695
-1838
-2018
-2241
-2470
-2755
-2804
-2891
-2917
-2965
-2912
-2668
-2543
-2640
-2699
-2579
-2571
-2556
-2550
-2715
-2988
-3554
-4394
-5367
-6291
-7040
-7669
-8108
-8167
-7722
-7112
-6372
-5421
-4542
-3788
-3231
-2887
-2907
-3376
-4166
-5038
-5893
-6606
-6815
-6819
-6564
-5861
-4989
-3992
-3086
-2265
-1541
-1101
-775
-745
-850
-1393
-2211
-2851
-3193
-3312
-3285
-2987
-2338
-1645
-1048
-322
339
812
1024
1222
1147
808
560
348
211
165
373
675
894
910
1086
1409
1578
1667
1886
2002
1915
1805
1663
1420
1399
1451
1400
1366
1213
1092
1052
1065
1047
816
574
289
162
-54
-330
-369
-333
-242
-109
-159
-98
34
-28
-3
-38
-19
-14
-359
-458
-38
610
1694
3070
4577
6005
6925
7203
6821
5661
4004
1997
-222
-2404
-4314
-5530
-5851
-5238
-3747
-1766
324
2429
4093
5247
5519
4996
3964
2449
469
-1667
-3394
-4742
-5620
-5698
-4983
-3746
-2341
-946
167
931
1350
1396
752
-266
-1658
-3172
-4632
-5639
-6217
-6508
-6319
-5558
-4430
-3369
-2508
-1701
-1192
-769
-894
-1413
-2164
-3082
-3883
-4658
-5271
-5766
-5786
-5548
-5345
-5037
-4729
-4341
-4140
-4262
-4219
-4280
-4487
-4747
-4784
-4619
-4396
-4227
-3766
-3388
-3105
-2688
-2202
-2078
-2203
-2339
-2503
-2798
-3019
-3067
-3006
-2819
-2751
-2584
-2124
-1586
-1206
-1062
-957
-789
-642
-746
-811
-1048
-1615
-2208
-3033
-4001
-4945
-5931
-6632
-6828
-6858
-6490
-5913
-4989
-3902
-2930
-2214
-1672
-1374
-1499
-1953
-2689
-3494
-4495
-5471
-6244
-6695
-6732
-6353
-5586
-4752
-3853
-2976
-2432
-2000
-1766
-1784
-2191
-2690
-3226
-3865
-4530
-5028
-5073
-4856
-4450
-3885
-3217
-2495
-1722
-1158
-900
-653
-436
-370
-505
-746
-876
-846
-723
-612
-518
-320
4
499
1187
1722
1834
1885
2035
2158
2168
2055
2079
2067
1983
1928
2051
2153
2179
2305
2300
2113
1915
1738
1485
1343
1299
1373
1518
1515
1421
1418
1553
1750
1837
1809
1927
1937
1818
1313
447
-445
-994
-1133
-791
-78
1020
2211
3174
3547
3311
2687
1762
674
-570
-1750
-2562
-3055
-2954
-2313
-1375
20
1427
2731
3478
3682
3524
2913
1762
284
-1232
-2762
-4033
-4534
-4513
-4029
-2922
-1501
-222
795
1791
2428
2486
2134
1356
445
-610
-1613
-2234
-2486
-2614
-2346
-1620
-699
176
1013
1751
2432
2738
2572
2023
1418
657
-62
-746
-1280
-1537
-1455
-1040
-619
-160
416
972
1252
1269
1261
1150
857
266
-244
-486
-718
-779
-701
-623
-631
-794
-698
-547
-679
-828
-1131
-1424
-1611
-1752
-1988
-2295
-2403
-2213
-2018
-1961
-1726
-1575
-1580
-1485
-1457
-1390
-1461
-1748
-2092
-2648
-3572
-4443
-5258
-6083
-6939
-7572
-7670
-7452
-7073
-6374
-5476
-4573
-3784
-3266
-2784
-2587
-2756
-3262
-3929
-4741
-5584
-6252
-6704
-6653
-6173
-5348
-4396
-3354
-2282
-1348
-746
-248
-95
-304
-623
-992
-1463
-2062
-2482
-2460
-2298
-2155
-1542
-689
126
806
1512
1959
2129
2416
2643
2670
2414
2146
1959
1826
1944
2167
2375
2727
2997
3349
3679
3956
4130
4162
4135
4111
3832
3588
3531
3439
3467
3336
3334
3234
3397
3424
3149
2917
2795
2647
2419
2173
1991
2031
1980
1941
2082
2116
2156
2175
2188
2241
2141
1842
1339
739
61
-446
-296
383
1464
2781
4214
5443
6137
6006
5374
4515
3370
2007
689
-346
-1170
-1437
-1276
-593
707
2131
3405
4375
4882
4893
4635
3825
2513
1095
-276
-1375
-1949
-1987
-1561
-836
8
1107
2102
2738
3132
3284
2972
2170
1250
231
-670
-1604
-2313
-2437
-2147
-1621
-829
74
893
1447
1881
1978
1767
1327
614
-193
-1021
-1793
-2322
-2547
-2545
-2307
-1832
-1378
-927
-532
-341
-356
-405
-757
-1192
-1619
-2032
-2435
-2683
-2840
-2772
-2514
-2143
-1770
-1430
-1120
-981
-1029
-1231
-1414
-1683
-1972
-2251
-2469
-2484
-2349
-2061
-1989
-1830
-1659
-1366
-1138
-1133
-1055
-908
-919
-1031
-1411
-2002
-2942
-3822
-4569
-5402
-6096
-6414
-6350
-6014
-5398
-4618
-3778
-2929
-2110
-1683
-1569
-1755
-2086
-2538
-3350
-4371
-5169
-5479
-5589
-5437
-4971
-4337
-3485
-2553
-1710
-1045
-686
-587
-651
-936
-1446
-2066
-2634
-3149
-3444
-3466
-3188
-2513
-1847
-1124
-357
215
648
1026
1085
1043
951
748
571
531
473
429
527
823
1129
1534
1978
2328
2547
2715
2771
2728
2615
2476
2408
2396
2312
2193
2242
2435
2533
2567
2473
2434
2439
2268
1959
1703
1599
1538
1345
1332
1361
1397
1433
1637
1785
1960
2025
1974
1914
1713
1153
453
-145
-514
-175
738
2245
3900
5239
6096
6212
5727
4770
3433
2078
741
-433
-1529
-2133
-1970
-1354
-235
1029
2396
3522
4235
4536
4351
3552
2284
675
-720
-1710
-2599
-3037
-2896
-2190
-1142
-191
629
1525
2358
2569
2273
1734
998
-90
-1185
-2153
-2923
-3167
-2970
-2475
-1812
-968
-60
731
1336
1605
1471
1066
612
-243
-1089
-1632
-2180
-2548
-2626
-2417
-2017
-1471
-1098
-812
-553
-326
-307
-441
-825
-1246
-1664
-1959
-2240
-2272
-2120
-1982
-1754
-1366
-741
-348
-369
-454
-582
-687
-729
-866
-1063
-1432
-1720
-1648
-1395
-1122
-886
-573
-581
-700
-405
-139
-138
-285
-391
-502
-962
-1770
-2630
-3528
-4622
-5683
-6178
-6268
-5947
-5430
-4588
-3638
-2716
-1960
-1489
-1155
-1305
-1621
-2203
-2933
-3749
-4554
-5014
-5203
-5119
-4828
-4322
-3375
-2296
-1390
-754
-331
-124
57
-27
-355
-852
-1403
-1823
-2069
-2189
-2032
-1738
-1234
-594
-7
731
1421
1953
2088
2213
2262
2277
2053
1754
1696
1760
1963
2094
2382
2889
3310
3555
3829
4016
4085
4110
4084
4101
3986
3896
3746
3691
3682
3723
3656
3665
3661
3590
3525
3465
3226
3022
2886
2776
2851
2761
2652
2623
2640
2647
2702
2757
2814
2845
2795
2744
2304
1542
1009
850
1012
1655
2941
4413
5815
6617
6883
6774
6092
5027
3795
2336
1067
7
-641
-983
-739
364
1930
3214
4323
5147
5436
5224
4549
3494
2179
908
-350
-1316
-1814
-1913
-1461
-665
328
1498
2468
3068
3291
3200
2863
2113
1269
398
-632
-1516
-1993
-2013
-1718
-1160
-281
607
1350
1989
2329
2289
1927
1520
948
183
-702
-1345
-1640
-1620
-1538
-1267
-886
-446
-74
297
500
523
371
53
-244
-614
-950
-1120
-1310
-1332
-1223
-1018
-856
-627
-201
56
215
82
-84
-312
-646
-819
-1008
-1076
-1285
-1126
-743
-519
-349
-88
19
26
68
206
236
50
-340
-826
-1452
-2307
-3254
-4271
-5025
-5431
-5533
-5598
-5330
-4745
-3805
-2709
-1726
-1094
-903
-884
-942
-1458
-2261
-2969
-3692
-4282
-4720
-4937
-4679
-4081
-3182
-2206
-1274
-604
11
375
399
70
-207
-521
-945
-1345
-1705
-1854
-1805
-1732
-1305
-531
304
1018
1473
1809
1952
1930
1746
1469
1179
923
784
982
1461
1794
2096
2531
2731
2586
2178
1502
836
305
27
37
309
884
1389
2012
2779
3413
3632
3499
3058
2352
1386
479
-169
-375
-156
391
1382
2752
4000
5107
6048
6624
6702
6177
5483
4576
3798
2939
2288
1822
1676
2248
3436
4885
6562
8235
9412
9971
9904
9178
7889
6189
4314
2500
1033
216
52
267
993
2217
3493
4556
5341
5853
5744
5079
4168
2991
1453
-39
-1186
-1863
-2334
-2250
-1487
-664
280
1166
1921
2389
2361
2007
1455
635
-376
-1494
-2466
-3240
-3483
-3519
-3416
-2908
-2075
-974
-245
105
424
551
391
-185
-966
-1733
-2206
-2648
-2893
-2963
-2693
-2141
-1433
-813
-290
200
688
836
707
526
364
161
-40
-289
-219
19
410
792
1196
1552
1749
1771
1788
1696
1478
1182
984
866
602
371
257
227
314
597
956
1093
1093
1186
1220
1058
847
626
500
141
-554
-1457
-2530
-3517
-4273
-4777
-5134
-5227
-4987
-4587
-3902
-3230
-2519
-1845
-1319
-1110
-1315
-1806
-2510
-3338
-4205
-4972
-5373
-5630
-5603
-5214
-4442
-3636
-2870
-2043
-1465
-1096
-942
-1164
-1705
-2332
-2968
-3665
-4080
-4268
-4327
-4326
-3967
-3333
-2728
-2129
-1487
-924
-414
-139
-133
-383
-805
-1378
-1825
-2091
-2480
-2637
-2327
-1828
-1197
-493
241
1022
1436
1289
1030
583
49
-587
-1263
-1664
-1775
-1528
-1249
-786
-128
493
806
840
814
501
-68
-822
-1804
-2554
-2935
-3239
-3225
-2914
-2355
-1842
-1471
-1237
-1098
-1098
-1565
-2694
-4061
-5207
-5916
-5848
-4904
-3511
-1949
-289
898
1503
1470
673
-695
-2349
-4067
-5834
-7372
-8170
-8228
-7562
-6280
-4562
-2827
-1365
-297
125
0
-518
-1516
-2997
-4794
-6311
-7204
-7501
-7124
-6388
-5040
-3422
-2199
-974
4
365
387
-6
-886
-1890
-2994
-3924
-4485
-4766
-4604
-4038
-2939
-1946
-999
-32
682
1177
1271
976
549
-72
-830
-1391
-1913
-2331
-2476
-2361
-1939
-1184
-425
26
405
668
663
468
94
-216
-768
-1172
-1312
-1454
-1357
-1114
-828
-393
-142
13
206
294
300
140
-250
-671
-1063
-1283
-1185
-1149
-835
-440
-309
19
374
540
733
906
1038
1215
1295
969
152
-750
-1482
-2184
-2724
-3193
-3477
-3477
-3324
-2745
-1766
-767
224
986
1402
1942
2166
2055
1508
784
162
-332
-657
-808
-839
-492
247
1268
2086
3009
3739
4133
4262
4309
4076
3517
2903
2206
1762
1648
1462
1618
1987
2517
3092
3534
3876
4145
4451
4531
4199
3781
3633
3473
3081
2870
2721
2721
2895
3103
3337
3504
3638
3766
3905
3931
3737
3686
3634
3412
3256
3106
3011
3023
3141
3222
3212
2999
2797
2637
2497
2405
2378
2219
2074
1934
1848
1754
1727
1881
2049
2225
2334
2251
2072
2102
2096
1641
1047
605
487
870
1805
2832
4019
5398
6502
6921
6705
6053
5051
3722
2396
1189
60
-524
-418
235
1159
2330
3742
5116
5912
6161
5974
5380
4393
3250
1989
898
159
-372
-556
-32
837
1829
2960
3955
4575
4797
4577
4170
3433
2473
1468
645
46
-293
-285
-70
394
1085
2035
2957
3666
3899
3817
3474
2948
2296
1632
802
77
-122
-95
46
348
891
1342
1826
2125
2210
2146
1933
1788
1453
947
564
368
411
547
720
790
1017
1508
1953
2067
1992
1957
1878
1631
1302
1108
1011
998
1167
1432
1550
1631
1879
2067
2290
2319
2477
2693
2869
2818
2508
1897
1086
297
-451
-1256
-1834
-2242
-2472
-2423
-1912
-1243
-605
167
962
1568
2040
2150
2034
1604
992
251
-560
-1236
-1646
-1715
-1420
-897
-409
456
1309
2121
2532
2636
2714
2417
2046
1353
579
39
-470
-823
-816
-639
-255
193
710
1176
1695
1890
1922
1805
1473
1211
901
604
324
142
126
155
321
621
1038
1401
1344
1272
1257
1244
1206
1192
1091
870
775
781
716
627
412
382
498
513
486
422
284
147
61
-199
-548
-916
-943
-786
-739
-682
-660
-667
-468
-333
-345
-497
-835
-1608
-2584
-3151
-2821
-1961
-927
438
2018
3373
3962
3796
3042
2071
986
-380
-1975
-3046
-3639
-4065
-4147
-3284
-1931
-598
638
1747
2497
2605
1925
983
-55
-1374
-2826
-4023
-4673
-4843
-4600
-3818
-2648
-1505
-562
371
1074
1223
870
183
-672
-1598
-2457
-3370
-4207
-4486
-4266
-3536
-2597
-1726
-803
28
478
662
585
71
-598
-1317
-2109
-2836
-3252
-3359
-3124
-2844
-2552
-2052
-1596
-1062
-778
-704
-681
-775
-1064
-1678
-2250
-2374
-2319
-2151
-2019
-1911
-1558
-975
-569
-307
-257
-117
-152
-381
-526
-676
-936
-1301
-1487
-1329
-943
-633
-307
-16
253
506
614
682
641
599
504
69
-659
-1447
-2235
-3061
-3879
-4545
-4650
-4489
-4350
-3878
-2928
-1923
-1097
-264
400
639
508
31
-544
-1163
-1759
-2392
-2983
-3219
-3085
-2630
-1775
-808
201
1110
1855
2113
1965
1779
1378
779
212
-117
-591
-1063
-1227
-1096
-644
-125
575
1160
1369
1529
1559
1740
1773
1457
1085
818
613
383
257
428
731
763
908
1283
1564
1743
1762
1812
1814
1844
1697
1424
1215
1158
1094
1178
1475
1517
1458
1284
1050
863
631
340
200
100
92
73
-87
49
271
303
352
488
612
615
540
397
268
96
-145
-62
440
1168
