-5287
-4740
-4305
-3932
-3742
-3731
-3851
-4180
-4376
-4434
-4753
-5026
-4988
-5083
-4901
-4528
-4209
-3916
-3620
-3483
-3419
-3238
-3089
-3183
-3447
-3813
-4286
-5213
-6219
-6935
-7704
-8449
-8782
-8676
-8222
-7532
-6750
-5891
-4954
-4177
-3561
-3203
-3178
-3580
-4404
-5240
-6185
-6873
-7220
-7269
-7039
-6602
-5899
-4795
-3618
-2549
-1858
-1521
-1413
-1671
-2242
-2929
-3568
-4061
-4702
-5266
-5421
-5105
-4486
-3898
-3456
-3018
-2479
-2084
-2051
-2378
-3109
-4007
-4917
-5325
-5292
-5071
-4332
-3284
-2114
-1203
-945
-1475
-2540
-4016
-5880
-7953
-9850
-11208
-11916
-11616
-10548
-9008
-7533
-6109
-4869
-4312
-4562
-5607
-7141
-8923
-10532
-11917
-12872
-13000
-12097
-10404
-8175
-5453
-2734
-684
759
1418
1277
497
-576
-1813
-3409
-4976
-6039
-6555
-5961
-4097
-1432
1520
4097
6019
7196
7250
6301
4603
2357
-114
-2537
-4590
-6052
-6803
-6577
-5302
-3461
-1606
-2
1028
1347
958
-133
-1708
-3786
-5904
-7920
-9534
-10426
-10620
-10074
-8726
-7027
-5471
-4191
-3355
-3145
-3449
-4311
-5566
-7230
-8891
-10314
-11676
-12523
-12626
-11946
-10845
-9521
-8041
-6553
-5627
-5261
-5029
-5235
-6029
-7233
-8614
-9841
-10918
-11722
-11981
-11637
-11090
-10078
-8600
-7401
-6221
-5032
-4412
-4046
-3815
-3642
-3741
-3821
-3891
-3899
-3677
-3287
-2927
-2490
-1962
-1334
-754
-542
-521
-583
-843
-1213
-1445
-1607
-1880
-2002
-1968
-1886
-1881
-1738
-1597
-1730
-2086
-2377
-2522
-2629
-2979
-3266
-3512
-3937
-4467
-5104
-5754
-6307
-6635
-6882
-6984
-6798
-6524
-5795
-4924
-4068
-3596
-3354
-3125
-3321
-3980
-4760
-5567
-6621
-7471
-8066
-8566
-8717
-8453
-7767
-7003
-6088
-5261
-4712
-4254
-3988
-4025
-4432
-4756
-5134
-5392
-5561
-5637
-5487
-5086
-4393
-3492
-2666
-1715
-755
110
860
1189
1300
1453
1650
1554
1205
569
-460
-1753
-3014
-4083
-4770
-4753
-3765
-1858
126
1942
3484
4499
5096
5203
4343
2595
587
-1327
-2978
-4063
-4388
-3709
-2226
-271
1748
3593
5090
6028
6040
5248
4100
2789
1156
-543
-1576
-1724
-1463
-435
1302
3189
4962
6415
6991
7032
6887
6622
6526
6338
6368
6765
7077
7103
6764
6316
5732
4701
3524
2516
1547
734
-55
-521
-494
221
1333
2472
3603
4517
4833
4637
4194
3406
2254
913
-340
-1561
-2380
-2620
-2483
-2076
-1473
-550
421
1105
1405
1466
1263
502
-533
-1574
-2674
-3561
-4330
-4634
-4505
-4323
-4156
-3815
-3571
-3599
-3605
-3655
-3768
-3925
-4040
-4212
-4538
-4739
-4577
-4396
-4340
-4272
-3822
-3425
-3239
-3141
-3025
-3102
-3393
-3684
-3896
-4147
-4317
-4186
-3761
-3515
-3156
-2533
-1806
-1197
-932
-784
-719
-806
-1136
-1656
-2116
-2466
-2850
-3239
-3376
-3370
-3100
-2687
-2541
-2500
-2139
-1672
-1427
-1420
-1604
-1977
-2686
-3663
-4949
-6303
-7467
-8705
-9757
-10291
-10388
-10096
-9409
-8464
-7261
-5994
-5160
-4746
-4459
-4560
-5257
-6089
-7128
-7963
-8864
-9756
-10179
-10023
-9598
-9046
-8236
-7297
-6535
-6034
-5676
-5383
-5445
-5712
-6282
-6991
-7619
-8104
-8280
-8203
-8002
-7606
-6953
-6115
-5223
-4565
-4075
-3611
-3208
-2761
-2680
-2724
-2681
-2400
-2286
-2321
-2004
-1497
-1029
-679
-352
-75
89
219
114
-210
-274
-380
-537
-830
-1063
-1065
-1031
-1096
-1118
-993
-928
-892
-905
-1149
-1533
-1757
-1769
-1878
-2155
-2419
-2542
-2526
-2479
-2306
-2028
-1861
-1989
-2116
-1947
-2039
-2530
-3196
-3640
-3631
-3214
-2267
-1116
188
1210
1621
1447
835
-336
-1917
-3583
-5093
-6512
-7461
-7777
-7412
-6450
-5142
-3670
-2317
-1329
-778
-718
-1322
-2356
-3605
-5051
-6598
-7803
-8662
-8903
-8486
-7476
-6182
-5010
-3879
-2931
-2294
-1945
-2318
-3125
-4017
-4997
-6255
-7406
-8160
-8511
-8311
-7523
-6491
-5584
-4700
-3719
-3226
-3058
-3086
-3295
-3660
-4398
-5260
-6128
-6566
-6643
-6578
-6493
-6076
-5585
-4941
-4254
-3962
-3980
-4097
-4456
-4850
-5297
-5661
-6115
-6365
-6331
-6228
-6057
-5682
-5384
-5252
-5265
-5145
-5023
-5221
-5569
-5980
-6504
-6608
-6536
-6768
-6952
-6767
-6245
-5826
-5466
-5250
-5030
-4811
-4579
-4567
-4827
-5030
-5542
-6415
-7445
-8475
-9387
-10148
-10623
-10795
-10792
-10514
-9790
-8818
-7898
-6992
-6136
-5558
-5282
-5602
-6232
-6698
-7326
-8018
-8995
-9657
-9761
-9477
-8956
-8096
-6883
-5976
-5205
-4346
-3677
-3245
-3162
-3570
-4182
-4873
-5409
-5756
-5946
-5981
-5728
-5186
-4380
-3657
-2935
-2210
-1568
-1130
-831
-718
-898
-1120
-1263
-1202
-1056
-1064
-1110
-889
-510
6
373
820
1120
1259
1277
1416
1428
1208
1101
1074
990
849
647
647
630
603
657
538
346
112
-218
-389
-536
-558
-493
-528
-527
-524
-291
-44
38
173
247
279
150
-78
-574
-1194
-1735
-1831
-1479
-504
923
2369
3649
4631
4731
4288
3699
2801
1272
-363
-1862
-2953
-3338
-3232
-2732
-1684
-278
1102
2264
2992
3190
2822
2076
980
-307
-1745
-3116
-4031
-4287
-4050
-3396
-2523
-1465
-296
779
1507
1649
1433
863
-14
-1180
-2460
-3495
-4174
-4412
-4400
-3867
-3122
-2451
-1508
-725
-311
-127
-40
-416
-1149
-1966
-2775
-3412
-3941
-4238
-4376
-4096
-3613
-3253
-2946
-2434
-1983
-1749
-1810
-1804
-2023
-2449
-2960
-3352
-3636
-3932
-3915
-3401
-3148
-3008
-2685
-2498
-2312
-2079
-2155
-2538
-2879
-3163
-3296
-3469
-3541
-3238
-3036
-2966
-2767
-2586
-2471
-2331
-1886
-1588
-1620
-1716
-1964
-2464
-3235
-4185
-5110
-5757
-6665
-7439
-7805
-7922
-7815
-7499
-6741
-5828
-5070
-4313
-3574
-3098
-3122
-3570
-4170
-4976
-5925
-6646
-7249
-7569
-7485
-7089
-6491
-5701
-4738
-3803
-2919
-2276
-2084
-2153
-2545
-2957
-3384
-3864
-4400
-4831
-4867
-4689
-4190
-3576
-2931
-2180
-1479
-980
-639
-472
-426
-466
-597
-588
-765
-1019
-1015
-828
-767
-496
-29
467
890
1166
1183
1241
1328
1357
1398
1386
1377
1304
1356
1336
1135
933
894
953
977
981
709
388
180
134
18
-289
-327
-235
-202
-174
-54
-19
80
80
42
-4
-272
-798
-1364
-1811
-2136
-1887
-1096
46
1596
3125
4191
4477
4327
3694
2526
1068
-660
-2250
-3381
-4044
-4345
-4059
-3067
-1666
-75
1200
1937
2221
2146
1486
543
-770
-2308
-3674
-4745
-5343
-5394
-5036
-4237
-3008
-1822
-586
259
460
447
200
-562
-1750
-3071
-4180
-4877
-5347
-5436
-5192
-4606
-3766
-3025
-2242
-1484
-957
-799
-1151
-1697
-2525
-3427
-4360
-4923
-5289
-5578
-5523
-5247
-4763
-4242
-3803
-3278
-2890
-2862
-3027
-3268
-3647
-4249
-4746
-5153
-5283
-5166
-5012
-4817
-4437
-3975
-3585
-3439
-3513
-3617
-3755
-3899
-4029
-4261
-4501
-4529
-4528
-4616
-4509
-4284
-3897
-3529
-3488
-3614
-3445
-3234
-3365
-3542
-3996
-4535
-5354
-6346
-7219
-8128
-8845
-9296
-9666
-9510
-8859
-8124
-7284
-6312
-5576
-4897
-4371
-4120
-4437
-5046
-5900
-6873
-7640
-8149
-8684
-8857
-8568
-8077
-7165
-6010
-4861
-3945
-3225
-2932
-3027
-3204
-3539
-3930
-4543
-5111
-5325
-5340
-5332
-4964
-4369
-3605
-2841
-2066
-1531
-1183
-906
-816
-858
-933
-929
-1057
-1223
-1258
-1173
-858
-532
-141
207
590
799
1034
1265
1485
1494
1261
1197
1315
1256
1288
1329
1176
1237
1208
1162
1123
1006
871
680
510
449
364
237
119
-17
-8
-62
81
211
227
320
479
745
715
232
-785
-1841
-2701
-3207
-3036
-2283
-1043
268
1391
2088
2311
2118
1443
601
-307
-1207
-1969
-2500
-2500
-2020
-1320
-345
624
1617
2435
2664
2401
1773
923
-231
-1648
-2773
-3356
-3678
-3522
-3041
-2150
-909
208
1226
1940
2291
2093
1771
1134
128
-879
-1919
-2606
-2956
-2857
-2411
-1740
-887
108
1003
1718
1998
1901
1659
1237
475
-476
-1276
-1879
-2359
-2538
-2370
-1927
-1460
-803
-69
428
669
791
574
94
-486
-1056
-1594
-2203
-2574
-2721
-2807
-2742
-2763
-2676
-2290
-2020
-1859
-1810
-1782
-2042
-2454
-2948
-3273
-3242
-3126
-3253
-3298
-3144
-3113
-3066
-2922
-2733
-2520
-2426
-2345
-2368
-2641
-3169
-3855
-4676
-5540
-6354
-7166
-7785
-8235
-8313
-8044
-7542
-6825
-5861
-4882
-4041
-3439
-3172
-3251
-3734
-4547
-5319
-6017
-6588
-6881
-7001
-6952
-6379
-5590
-4512
-3439
-2475
-1628
-1015
-873
-950
-1189
-1650
-2157
-2597
-2893
-3076
-3094
-2806
-2339
-1662
-939
-286
352
984
1497
1667
1558
1385
1084
649
533
616
754
903
957
1165
1403
1789
2144
2450
2702
2782
2750
2512
2356
2337
2220
2136
2091
1970
1758
1798
1890
1821
1590
1462
1293
989
936
834
596
556
517
369
412
582
820
863
712
740
838
857
855
557
366
425
919
2109
3576
5049
6357
7218
7479
7261
6415
4979
2892
645
-1450
-3261
-4449
-4793
-4288
-3212
-1477
782
2882
4582
5677
6035
5624
4667
3179
1367
-527
-2305
-3798
-4588
-4483
-3762
-2787
-1693
-381
796
1702
2305
2249
1593
640
-543
-1898
-3356
-4765
-5564
-5604
-5354
-4807
-3740
-2617
-1583
-762
-170
29
-172
-650
-1348
-2175
-3098
-3924
-4424
-4781
-4939
-4730
-4318
-3922
-3610
-3286
-3021
-2964
-3043
-3142
-3274
-3476
-3550
-3622
-3569
-3289
-2937
-2588
-2179
-1876
-1644
-1526
-1541
-1541
-1620
-1984
-2349
-2332
-2385
-2364
-2186
-2079
-1842
-1475
-1072
-758
-498
-377
-368
-318
-423
-799
-1365
-2003
-2860
-3735
-4579
-5377
-6059
-6400
-6305
-5984
-5549
-4886
-3859
-2803
-2101
-1547
-1194
-1277
-1775
-2553
-3576
-4576
-5444
-6072
-6439
-6374
-5877
-5040
-4244
-3741
-3004
-2163
-1709
-1386
-1451
-1888
-2343
-2959
-3641
-4082
-4328
-4596
-4549
-4195
-3621
-3038
-2339
-1629
-794
-284
-216
-145
-261
-443
-454
-427
-593
-708
-582
-423
-351
-148
243
830
1273
1558
1653
1703
1801
1583
1538
1689
1586
1362
1362
1556
1522
1623
1707
1497
1452
1439
1283
1100
869
679
497
322
276
503
738
1049
1218
1199
1145
1062
1010
986
561
-216
-1000
-1588
-1809
-1517
-540
595
1704
2576
3067
3010
2437
1429
135
-1316
-2643
-3486
-3879
-3856
-3301
-2065
-492
1122
2324
3071
3360
3091
2374
1189
-406
-2063
-3525
-4640
-5252
-5184
-4646
-3676
-2312
-1014
82
1011
1614
1824
1616
884
-103
-1184
-2182
-3096
-3651
-3794
-3312
-2517
-1676
-695
362
1173
1641
1762
1572
1240
708
-119
-1020
-1707
-1997
-2222
-2234
-2268
-1932
-1097
-419
158
420
604
774
592
44
-497
-831
-1219
-1511
-1688
-1764
-1577
-1315
-976
-818
-891
-810
-868
-1217
-1667
-1884
-2039
-2301
-2490
-2574
-2551
-2398
-2171
-2012
-2009
-1907
-1732
-1692
-1673
-1594
-1718
-2028
-2713
-3583
-4410
-5411
-6387
-7249
-7633
-7734
-7678
-7310
-6633
-5712
-4823
-3789
-2790
-2280
-2147
-2525
-3198
-3818
-4653
-5411
-6010
-6312
-6258
-5910
-5161
-4250
-3262
-2297
-1327
-597
-144
-86
-204
-504
-939
-1399
-1830
-2062
-2086
-1951
-1618
-1152
-459
312
1152
1837
2347
2754
2902
2932
2880
2642
2383
2260
2258
2531
2764
2931
3036
3223
3531
3916
4151
4293
4474
4522
4527
4464
4252
4007
3857
3769
3725
3774
3925
3888
3743
3599
3494
3447
3398
3071
2765
2575
2487
2483
2538
2603
2725
2805
2679
2492
2360
2398
2303
2006
1486
837
574
550
1112
2318
3867
5202
6200
6801
6942
6407
5278
3927
2552
1317
195
-650
-880
-532
337
1693
2948
4216
5181
5758
5773
5184
4233
3131
1906
653
-414
-1128
-1264
-956
-286
739
1906
2814
3636
4156
4182
3745
3217
2463
1221
-57
-900
-1351
-1560
-1436
-1019
-263
568
1319
2024
2527
2737
2642
2112
1341
489
-300
-1031
-1733
-2103
-1953
-1550
-1104
-626
-243
-30
178
329
218
-49
-423
-882
-1380
-1710
-1892
-1895
-1834
-1602
-1317
-1088
-768
-524
-411
-408
-577
-742
-1068
-1353
-1535
-1670
-1836
-1847
-1722
-1543
-1226
-912
-683
-609
-487
-220
-71
-136
-344
-786
-1533
-2388
-3340
-4251
-5096
-5671
-5964
-5883
-5642
-5040
-4134
-3250
-2402
-1655
-1246
-1067
-1328
-1917
-2717
-3448
-4116
-4605
-5076
-5312
-5169
-4728
-4006
-3207
-2357
-1450
-768
-235
-14
-92
-491
-1082
-1698
-2255
-2689
-3027
-3118
-2846
-2356
-1831
-1171
-384
364
878
1018
1022
1100
1153
1088
918
777
660
632
693
935
1411
1797
2108
2446
2601
2736
2835
2869
2820
2783
2619
2337
2206
2295
2561
2571
2390
2318
2314
2274
2220
2041
1804
1643
1570
1610
1440
1276
1273
1331
1319
1378
1419
1431
1348
1391
1578
1508
968
114
-452
-524
38
1053
2282
3597
4699
5510
5899
5619
4701
3296
1936
758
-505
-1507
-1892
-1922
-1356
-370
839
2208
3442
4144
4279
4079
3342
2055
655
-771
-2087
-3119
-3400
-2995
-2377
-1547
-548
463
1320
1970
2204
2037
1587
802
-208
-1264
-2304
-3118
-3550
-3469
-2984
-2336
-1357
-325
437
1029
1214
974
631
145
-556
-1405
-2058
-2703
-3118
-3135
-3007
-2575
-2046
-1558
-1056
-662
-465
-423
-639
-1074
-1473
-1756
-2029
-2299
-2489
-2407
-2206
-1839
-1226
-816
-617
-423
-470
-801
-1020
-1216
-1442
-1679
-1948
-2027
-1951
-1936
-1821
-1512
-1089
-870
-862
-821
-598
-495
-572
-702
-1066
-1722
-2674
-3611
-4536
-5228
-5806
-6347
-6430
-6102
-5649
-4871
-3940
-3069
-2393
-1832
-1407
-1330
-1687
-2252
-2956
-3909
-4727
-5334
-5687
-5433
-4832
-4058
-3333
-2552
-1754
-997
-326
51
-85
-374
-706
-1153
-1662
-2143
-2513
-2628
-2337
-1787
-1286
-608
234
935
1474
1833
2060
2354
2361
2030
1718
1585
1703
1813
1865
1995
2335
2850
3288
3530
3742
3978
4126
4141
4175
4241
3972
3667
3577
3490
3600
3763
3734
3685
3677
3584
3422
3387
3214
3048
2882
2747
2584
2406
2343
2345
2533
2683
2774
2820
2902
2929
2752
2606
2256
1643
1020
852
1052
1713
3048
4480
5807
6814
7064
6830
6171
5100
3818
2570
1255
56
-707
-793
-245
642
1845
3334
4532
5200
5466
5415
4821
3746
2505
1227
-21
-970
-1602
-1678
-1336
-566
531
1663
2669
3294
3630
3878
3488
2702
1692
524
-412
-1214
-1644
-1731
-1508
-897
-23
940
1651
2194
2625
2787
2596
2053
1281
682
-31
-850
-1438
-1565
-1408
-1066
-747
-311
368
942
1170
1116
778
446
118
-265
-693
-1006
-1200
-1236
-968
-598
-226
174
451
471
503
599
435
267
-87
-408
-609
-754
-838
-849
-703
-245
100
307
379
341
458
643
576
469
-11
-631
-1330
-2283
-3204
-3913
-4574
-5047
-5287
-5329
-4824
-4107
-3369
-2481
-1557
-873
-422
-324
-582
-1118
-1748
-2663
-3614
-4345
-4552
-4469
-4150
-3475
-2773
-1863
-962
-304
338
862
1068
865
356
-218
-804
-1285
-1697
-1840
-1637
-1331
-942
-163
530
1219
1684
2143
2457
2420
2186
1729
1310
1049
835
946
1350
1676
2260
2676
2740
2566
2210
1613
997
408
87
109
371
856
1673
2577
3339
3756
3768
3675
3220
2327
1453
525
-98
-297
19
797
1891
2964
4176
5350
6157
6551
6558
6140
5481
4784
3911
3054
2514
2223
2122
2602
3614
5117
6901
8490
9665
10193
9941
9235
8003
6301
4500
2938
1436
403
62
272
1112
2244
3304
4489
5441
5797
5637
5120
4144
2952
1630
311
-855
-1887
-2387
-2267
-1695
-891
163
1139
1809
2398
2579
2363
1786
851
-166
-1283
-2221
-2911
-3333
-3442
-3319
-2925
-2249
-1366
-387
268
472
398
253
-198
-873
-1565
-2169
-2703
-2968
-2853
-2417
-1841
-1446
-885
-168
451
842
1093
992
772
533
96
-308
-326
-288
-101
260
732
1130
1397
1795
1914
1762
1733
1572
1342
1098
890
796
644
560
594
615
773
940
1101
1176
1101
1167
1158
1035
887
631
263
-391
-1377
-2366
-3192
-4036
-4650
-4921
-5037
-4802
-4229
-3440
-2676
-1963
-1399
-1088
-874
-964
-1376
-2024
-2857
-3828
-4766
-5314
-5409
-5319
-4895
-4262
-3455
-2533
-1510
-818
-614
-736
-824
-1024
-1694
-2648
-3366
-3675
-3772
-4049
-4101
-3615
-2918
-2080
-1380
-758
-202
292
463
400
240
-104
-639
-1233
-1761
-2089
-2027
-1771
-1317
-423
472
1067
1470
1650
1696
1419
982
521
-9
-672
-1010
-1142
-1014
-628
-144
365
693
1148
1432
1223
704
119
-400
-1219
-1948
-2421
-2604
-2555
-2484
-2145
-1651
-1229
-1000
-897
-937
-1344
-2291
-3537
-4751
-5399
-5407
-4629
-3232
-1457
309
1473
1863
1862
1189
-258
-2063
-3855
-5532
-7013
-7789
-7859
-7235
-6095
-4465
-2582
-1014
48
590
579
68
-949
-2311
-4014
-5552
-6644
-7050
-6722
-5887
-4546
-3192
-1958
-807
-60
459
511
162
-525
-1432
-2520
-3631
-4352
-4818
-4701
-4009
-2976
-1982
-989
24
849
1389
1425
1097
500
-91
-688
-1353
-2032
-2472
-2523
-2200
-1692
-1210
-565
13
339
471
620
529
269
-37
-521
-1042
-1387
-1395
-1318
-1052
-624
-339
-101
256
479
502
455
326
45
-232
-444
-491
-672
-773
-624
-320
-102
98
338
794
1196
1302
1235
1230
1200
892
348
-352
-1014
-1707
-2437
-3100
-3414
-3377
-3086
-2494
-1759
-909
134
1253
1902
2155
2200
2055
1628
946
191
-405
-897
-1061
-789
-289
267
1215
2506
3408
3887
4342
4652
4491
4115
3764
3232
2582
2010
1710
1514
1498
1816
2428
3049
3424
3838
4320
4581
4628
4414
4120
3768
3479
3111
2975
2799
2879
3191
3426
3636
3704
3716
3886
4155
4243
4216
3907
3618
3511
3357
3201
3130
3106
3065
3013
3065
3061
2997
2883
2839
2760
2531
2279
2169
2059
2010
1914
1917
2054
2221
2330
2577
2548
2355
2282
2089
1796
1181
480
247
554
1313
2379
3788
5221
6246
6698
6610
5952
4962
3759
2461
1371
366
-197
-146
303
1273
2508
3866
4922
5550
5905
5864
5350
4440
3337
2031
768
-327
-913
-909
-333
696
1961
3149
4032
4710
4956
4836
4416
3580
2693
1680
813
29
-531
-471
4
737
1576
2391
3156
3727
3902
3899
3765
3242
2664
1859
1163
659
239
-54
4
383
884
1485
1977
2223
2314
2377
2254
1958
1733
1393
939
559
329
312
649
994
1196
1591
1933
2118
2125
2229
2187
1916
1567
1384
1266
1327
1267
1327
1532
1754
2053
2377
2518
2540
2653
2780
2838
2753
2364
1868
1277
400
-516
-1323
-1928
-2305
-2524
-2517
-2084
-1373
-607
118
929
1682
2138
2222
2028
1703
1134
286
-528
-1200
-1775
-1851
-1461
-901
-152
794
1709
2482
2982
3176
3010
2620
2134
1608
849
197
-147
-453
-489
-213
163
589
1133
1589
1855
2027
2051
1964
1623
1302
989
794
537
405
400
427
597
865
1087
1270
1469
1698
1668
1345
1137
1041
1063
959
548
362
424
394
396
470
546
398
318
324
213
-73
-466
-836
-910
-921
-962
-969
-887
-792
-740
-727
-633
-602
-629
-682
-1101
-1701
-2073
-2295
-2251
-1642
-396
1132
2608
3735
4260
4172
3660
2543
1099
-531
-2060
-3407
-4404
-4604
-4234
-3330
-2002
-533
1010
2120
2800
2999
2538
1548
252
-1141
-2647
-4041
-4904
-4900
-4580
-3930
-2856
-1558
-420
604
1298
1429
1164
623
-324
-1554
-2701
-3573
-4086
-4335
-4300
-3811
-2890
-1801
-981
-244
271
549
586
233
-293
-897
-1772
-2405
-2827
-3285
-3231
-2882
-2602
-2208
-1682
-1255
-1057
-861
-662
-780
-1127
-1459
-1837
-2055
-2141
-2081
-1867
-1719
-1502
-1052
-458
-32
165
173
58
-203
-467
-599
-762
-928
-945
-743
-518
-315
-57
217
644
828
954
1018
1082
1265
1121
529
-283
-1071
-1938
-2717
-3364
-3944
-4291
-4130
-3656
-2997
-2279
-1525
-627
147
685
945
932
619
22
-676
-1497
-2362
-2740
-2677
-2453
-1963
-1150
-284
493
1219
1852
2093
2116
1992
1795
1382
681
61
-465
-883
-1111
-901
-474
113
655
1145
1539
1794
2000
2093
2087
1866
1371
923
567
415
484
531
564
818
1319
1644
1790
1940
2101
2156
1996
1753
1555
1387
1310
1223
1281
1354
1451
1471
1480
1383
1400
1327
1096
872
761
620
435
224
78
106
206
323
372
594
767
697
591
576
558
336
-57
-229
78
753
