-4755
-4345
-3912
-3529
-3333
-3303
-3388
-3801
-4152
-4316
-4461
-4616
-4474
-4306
-4143
-3972
-3948
-3799
-3438
-3170
-3070
-3059
-2971
-2903
-3284
-3712
-4443
-5358
-6147
-6966
-7603
-8014
-8340
-8484
-8206
-7514
-6672
-5645
-4637
-3794
-3313
-3209
-3326
-3627
-4209
-5047
-5811
-6397
-6789
-7077
-6763
-6206
-5432
-4370
-3081
-2130
-1792
-1581
-1603
-1862
-2302
-2902
-3605
-4337
-4987
-5338
-5290
-4979
-4686
-4222
-3629
-3085
-2717
-2592
-2763
-3014
-3417
-4005
-4783
-5307
-5506
-5293
-4558
-3266
-1943
-1059
-960
-1388
-2493
-4082
-6058
-8112
-9891
-11280
-12014
-11774
-10687
-9165
-7414
-5998
-4859
-4350
-4817
-5911
-7408
-9072
-10610
-12145
-13028
-13112
-12342
-10619
-8179
-5578
-2996
-754
601
1324
1463
765
-490
-1971
-3591
-5252
-6437
-6824
-6283
-4619
-2028
1029
3837
5824
6866
6931
6012
4518
2624
280
-2198
-4283
-5833
-6400
-6006
-4937
-3385
-1733
-140
826
936
338
-708
-2117
-3979
-6057
-7856
-9420
-10388
-10399
-9472
-8126
-6744
-5194
-3898
-3351
-3304
-3669
-4393
-5588
-7150
-8841
-10278
-11301
-11842
-11810
-11301
-10316
-8920
-7251
-6092
-5391
-4837
-4735
-5183
-6005
-7144
-8502
-9819
-10850
-11430
-11552
-11280
-10808
-9742
-8289
-7145
-6031
-5034
-4240
-3681
-3581
-3572
-3703
-3937
-3971
-3878
-3644
-3380
-3016
-2394
-1725
-1174
-909
-760
-529
-550
-729
-1072
-1326
-1552
-1723
-1755
-1761
-1827
-1693
-1599
-1789
-2075
-2251
-2509
-2656
-2902
-3115
-3140
-3529
-4071
-4656
-5333
-6056
-6547
-6783
-7036
-7152
-6890
-6245
-5612
-4880
-4167
-3658
-3364
-3325
-3510
-3968
-4842
-5815
-6773
-7589
-8235
-8656
-8543
-8240
-7763
-6961
-6147
-5323
-4578
-4177
-3948
-4064
-4336
-4592
-5080
-5418
-5570
-5569
-5385
-4966
-4295
-3449
-2385
-1335
-601
85
664
1042
1278
1440
1582
1530
1138
386
-663
-1822
-2893
-3839
-4565
-4633
-3791
-2199
-273
1744
3429
4446
4928
4987
4209
2632
617
-1588
-3172
-4041
-4203
-3569
-2018
-116
1755
3478
4975
6042
6134
5334
4257
2721
951
-541
-1489
-2054
-1815
-671
978
3047
4821
5997
6641
6781
6541
6254
6146
6101
6294
6561
6741
6687
6479
6221
5726
5076
4072
2764
1506
467
-188
-495
-398
245
1251
2322
3482
4287
4532
4452
4033
3190
2064
752
-415
-1261
-2082
-2589
-2456
-2014
-1298
-375
514
1161
1540
1497
1046
335
-518
-1456
-2354
-3226
-3876
-4210
-4357
-4285
-3935
-3573
-3437
-3513
-3398
-3237
-3411
-3603
-3779
-4078
-4351
-4463
-4381
-4366
-4317
-4023
-3611
-3380
-3230
-3151
-3237
-3211
-3334
-3619
-3831
-4008
-4142
-4022
-3617
-3258
-2920
-2431
-1924
-1598
-1189
-874
-820
-811
-958
-1370
-1811
-2308
-2672
-2912
-3121
-3086
-3016
-2799
-2447
-2093
-1933
-1880
-1695
-1452
-1426
-1821
-2699
-3950
-5178
-6358
-7532
-8590
-9419
-9959
-10361
-10241
-9584
-8626
-7369
-6215
-5335
-4678
-4415
-4457
-4830
-5744
-6972
-7967
-8726
-9272
-9458
-9477
-9141
-8628
-7907
-7181
-6378
-5725
-5327
-5246
-5421
-5817
-6285
-6864
-7357
-8008
-8453
-8413
-7910
-7358
-6817
-6039
-5163
-4672
-4126
-3676
-3314
-2880
-2652
-2743
-2854
-2761
-2392
-2107
-1839
-1448
-1057
-624
-137
114
94
84
60
-80
-274
-522
-649
-827
-975
-1032
-1116
-1049
-834
-852
-985
-1018
-1137
-1387
-1740
-2200
-2512
-2589
-2676
-2733
-2636
-2680
-2582
-2285
-2096
-1990
-1972
-2014
-2042
-2279
-2781
-3443
-3952
-4121
-3700
-2552
-1201
96
1121
1416
1117
488
-477
-2006
-3762
-5267
-6519
-7329
-7649
-7469
-6616
-5333
-4034
-2666
-1519
-1060
-1079
-1476
-2524
-3972
-5441
-6757
-7997
-8680
-8870
-8519
-7640
-6288
-4946
-3859
-2788
-2022
-1804
-2091
-2869
-3969
-5130
-6189
-7174
-7921
-8053
-7800
-7459
-6731
-5785
-4856
-3809
-2964
-2635
-2772
-3206
-3965
-4836
-5487
-5833
-6298
-6483
-6509
-6348
-6006
-5597
-5070
-4692
-4306
-4323
-4424
-4441
-4798
-5319
-5811
-5977
-6119
-6319
-6400
-6167
-5660
-5335
-5121
-5048
-4963
-5028
-5313
-5516
-5774
-6081
-6270
-6259
-6126
-6078
-5883
-5626
-5589
-5515
-5208
-4997
-4768
-4681
-4663
-4915
-5326
-5835
-6478
-7282
-8106
-9035
-9908
-10548
-10870
-10798
-10390
-9586
-8750
-8003
-7103
-6026
-5338
-5127
-5223
-5737
-6369
-7223
-7991
-8584
-9141
-9436
-9293
-8741
-7753
-6710
-5853
-4941
-3979
-3428
-3315
-3386
-3511
-3940
-4597
-5255
-5698
-5899
-5872
-5488
-4828
-4186
-3562
-2835
-2206
-1683
-1116
-797
-656
-646
-714
-819
-1101
-1141
-848
-471
-299
-98
346
722
1096
1261
1391
1617
1589
1556
1611
1362
1137
1269
1471
1401
1228
1122
1012
832
583
612
637
382
-51
-221
-271
-122
-127
-245
-37
190
361
507
573
639
493
373
167
-248
-896
-1436
-1372
-953
-26
1371
2957
4377
5297
5401
4968
4103
2976
1610
33
-1253
-2203
-2697
-2702
-1985
-829
398
1793
2949
3403
3353
3131
2432
1482
206
-1236
-2391
-3215
-3635
-3562
-2770
-1579
-305
798
1582
2256
2375
1988
1345
530
-402
-1504
-2529
-3314
-3633
-3462
-2877
-2163
-1555
-823
-45
536
635
557
151
-560
-1398
-2254
-2929
-3403
-3864
-4186
-3926
-3203
-2651
-2268
-1887
-1463
-1229
-1312
-1508
-1799
-2184
-2490
-2812
-3057
-3096
-3112
-3010
-2710
-2360
-2238
-2125
-1856
-1703
-1798
-2029
-2276
-2490
-2715
-2861
-3039
-3124
-3039
-2680
-2534
-2459
-2258
-2019
-1828
-1691
-1686
-1879
-2160
-2408
-3105
-3868
-4638
-5604
-6635
-7228
-7445
-7598
-7527
-7047
-6264
-5410
-4582
-3677
-3300
-3133
-3025
-3268
-3882
-4757
-5772
-6562
-7036
-7233
-7256
-6934
-6246
-5388
-4431
-3583
-2847
-2245
-1912
-1782
-1963
-2486
-3268
-3854
-4262
-4561
-4593
-4374
-3954
-3556
-3003
-2358
-1794
-1331
-900
-467
-358
-352
-424
-655
-1017
-1303
-1238
-898
-560
-242
-47
360
768
1012
1181
1431
1520
1503
1406
1303
1250
1233
1225
1244
1232
1165
1007
822
779
713
451
176
-24
-87
-51
-318
-634
-630
-493
-510
-391
-237
-272
-192
-246
-310
-361
-644
-1394
-2222
-2633
-2261
-1271
-52
1386
2922
4049
4395
4079
3335
2381
971
-461
-2003
-3350
-4091
-4175
-3913
-3159
-1820
-455
645
1502
1942
1868
1263
140
-1273
-2723
-4178
-5143
-5525
-5394
-5019
-4332
-3281
-2074
-1065
-320
170
-53
-508
-1217
-2180
-3244
-4324
-5313
-5806
-5814
-5373
-4677
-3716
-2816
-1986
-1440
-1077
-1002
-1315
-1739
-2556
-3600
-4444
-5055
-5493
-5625
-5385
-4943
-4464
-4121
-3776
-3510
-3244
-3165
-3218
-3393
-3800
-4291
-4523
-4770
-4905
-4874
-4830
-4610
-4195
-3532
-3210
-3157
-3433
-3536
-3664
-3987
-4085
-4245
-4362
-4575
-4740
-4739
-4491
-4053
-3807
-3786
-3869
-3752
-3612
-3556
-3553
-3649
-4061
-4667
-5408
-6111
-7104
-8105
-8919
-9239
-9345
-9197
-8675
-8136
-7407
-6389
-5522
-4805
-4362
-4174
-4562
-5309
-6015
-6667
-7470
-8050
-8166
-8177
-8041
-7433
-6673
-5704
-4677
-3862
-3300
-2998
-2857
-2970
-3374
-3948
-4458
-4953
-5257
-5462
-5313
-4677
-4045
-3491
-2937
-2199
-1411
-890
-730
-593
-402
-421
-505
-674
-759
-734
-679
-493
-227
198
698
1034
1371
1470
1586
1779
1917
1999
1907
1776
1521
1400
1403
1494
1695
1820
1746
1575
1492
1250
905
745
726
577
443
390
498
648
569
649
735
834
845
892
824
691
309
-433
-1471
-2467
-2831
-2673
-1982
-881
440
1489
2107
2425
2359
1711
810
-71
-943
-1619
-1945
-2037
-1842
-1065
43
1118
2110
2644
2770
2317
1649
801
-344
-1472
-2264
-2945
-3266
-3062
-2549
-1731
-512
754
1631
2199
2477
2616
2297
1521
693
-194
-977
-1722
-2205
-2190
-1677
-899
-122
711
1330
1791
2202
2202
2041
1638
981
158
-723
-1331
-1740
-1761
-1573
-1245
-912
-480
228
796
1067
972
732
492
35
-558
-1181
-1711
-2059
-2424
-2567
-2645
-2598
-2180
-1954
-1798
-1754
-1774
-1814
-2149
-2527
-2662
-2776
-2954
-3039
-3150
-3132
-3015
-2899
-2877
-2894
-2747
-2414
-2212
-2278
-2605
-2856
-3212
-3999
-4834
-5606
-6443
-7133
-7676
-8003
-8102
-7715
-6945
-6315
-5539
-4565
-3715
-3189
-2906
-2798
-3147
-3924
-4713
-5355
-5962
-6577
-6872
-6541
-5947
-5057
-4073
-3029
-2192
-1631
-1202
-845
-792
-833
-1331
-1919
-2324
-2599
-2917
-2899
-2509
-2130
-1680
-1075
-203
689
1225
1423
1258
1216
1491
1510
1248
959
843
867
1010
1380
1649
1875
2190
2355
2479
2568
2614
2671
2744
2510
2260
2088
1912
1697
1770
2036
1993
1876
1766
1661
1516
1322
1040
660
548
493
334
310
381
470
434
485
477
375
577
678
780
674
458
296
502
1294
2369
3753
5372
6714
7584
7885
7671
6681
5074
2984
614
-1707
-3568
-4776
-5291
-4879
-3513
-1469
714
2782
4466
5743
6105
5544
4364
2694
785
-1114
-2942
-4491
-5365
-5377
-4576
-3390
-1998
-581
696
1532
1901
1905
1174
167
-1117
-2533
-4116
-5206
-5711
-5802
-5617
-5042
-3930
-2822
-1839
-1040
-479
-513
-788
-1312
-2033
-2687
-3421
-4160
-4735
-5239
-5561
-5557
-5268
-4729
-4222
-3834
-3862
-3870
-3751
-3707
-3806
-3933
-3955
-4004
-3977
-3726
-3340
-2873
-2561
-2387
-2053
-1618
-1471
-1624
-1737
-1974
-2371
-2787
-2900
-2833
-2667
-2349
-1847
-1315
-1039
-883
-842
-703
-474
-455
-638
-1177
-1660
-2337
-3343
-4300
-5058
-5780
-6429
-6865
-6785
-6523
-6190
-5453
-4307
-3145
-2370
-1755
-1364
-1394
-1885
-2642
-3650
-4634
-5461
-6188
-6498
-6607
-6421
-5794
-4686
-3726
-2905
-2258
-1847
-1650
-1729
-2041
-2578
-3313
-4024
-4787
-5298
-5297
-4874
-4554
-3812
-3056
-2457
-1835
-1185
-501
-232
-196
-333
-392
-557
-755
-784
-574
-337
-160
113
351
755
1163
1534
1852
1871
2041
2297
2359
2274
2057
1990
2079
2082
1917
1881
2030
2135
1961
1845
1863
1687
1419
1343
1379
1225
1194
1267
1256
1213
1290
1598
1826
1837
1774
1665
1486
1186
678
10
-686
-1142
-1002
-215
846
2083
3150
3571
3386
2689
1779
616
-697
-1890
-2691
-3098
-3160
-2519
-1403
3
1584
2839
3644
3840
3605
2833
1581
122
-1488
-2936
-4128
-4716
-4685
-4098
-3058
-1675
-254
873
1757
2318
2544
2349
1570
527
-614
-1624
-2234
-2701
-2792
-2440
-1796
-808
305
1205
1895
2314
2328
1978
1416
843
65
-659
-1396
-1812
-2024
-1902
-1472
-986
-512
132
734
1023
1047
1097
1013
694
233
-237
-609
-767
-839
-988
-1037
-972
-758
-647
-665
-597
-481
-737
-1157
-1656
-2082
-2361
-2426
-2410
-2409
-2470
-2244
-1873
-1665
-1633
-1572
-1605
-1598
-1696
-1830
-2136
-2813
-3723
-4548
-5405
-6184
-6979
-7690
-7929
-7715
-7183
-6489
-5842
-4960
-3903
-3049
-2419
-2308
-2739
-3455
-4130
-4865
-5547
-6069
-6447
-6546
-6137
-5313
-4380
-3306
-2201
-1324
-793
-353
-192
-297
-633
-1140
-1703
-2045
-2218
-2326
-2247
-1908
-1285
-433
182
849
1548
2165
2539
2671
2643
2517
2247
2072
1951
2086
2112
2220
2625
3041
3390
3657
3704
3906
4191
4157
3893
3739
3687
3613
3450
3224
3138
3091
3058
3127
3233
3086
2859
2692
2571
2313
2076
1885
1822
1760
1592
1521
1600
1635
1772
1876
1850
1867
1895
1717
1348
806
144
-399
-528
150
1426
2978
4367
5490
6069
6041
5528
4679
3510
2006
479
-654
-1217
-1547
-1411
-591
581
1852
3090
4135
4751
4810
4361
3515
2346
1093
-195
-1286
-2143
-2439
-2034
-1000
288
1411
2252
2851
3263
3319
2959
2437
1449
235
-704
-1372
-1950
-2286
-1898
-1398
-787
-79
776
1390
1824
2022
1838
1368
663
-91
-1040
-1825
-2222
-2448
-2443
-2367
-2148
-1646
-1075
-665
-403
-304
-517
-875
-1029
-1355
-1744
-1905
-2135
-2308
-2360
-2142
-1852
-1542
-1121
-958
-811
-721
-751
-883
-1242
-1556
-1718
-1871
-2034
-2120
-1955
-1820
-1538
-1265
-1323
-1195
-939
-748
-739
-769
-1017
-1546
-2321
-3124
-3859
-4580
-5343
-5860
-6294
-6400
-6054
-5474
-4625
-3771
-2949
-2165
-1583
-1284
-1359
-1893
-2520
-3468
-4335
-4984
-5372
-5565
-5454
-4828
-4044
-3152
-2322
-1244
-341
34
25
-224
-609
-1214
-1830
-2341
-2623
-2868
-2987
-2935
-2609
-1836
-996
-202
428
819
1073
1247
1237
1132
1032
829
723
583
622
857
1324
1690
1998
2270
2566
2781
2797
3023
3339
3368
2996
2722
2602
2493
2454
2418
2581
2744
2690
2581
2454
2388
2402
2208
1944
1845
1647
1346
1278
1297
1375
1547
1729
1898
1837
1754
1834
1971
1739
1074
397
23
-49
318
1330
2676
4126
5451
6249
6381
6071
5187
3995
2662
1312
59
-958
-1740
-1927
-1125
62
1361
2691
3682
4444
4801
4406
3515
2335
923
-356
-1457
-2345
-2832
-2847
-2294
-1294
-105
980
1834
2441
2688
2510
2051
1288
322
-750
-1814
-2542
-2974
-2902
-2468
-1871
-1006
-67
581
1078
1501
1512
1115
553
-73
-834
-1732
-2431
-2721
-2747
-2633
-2302
-1986
-1343
-749
-393
-321
-325
-415
-707
-1117
-1526
-1706
-1843
-2008
-1905
-1695
-1435
-973
-516
-350
-264
-77
-2
-301
-674
-1003
-1210
-1354
-1593
-1621
-1397
-1151
-932
-774
-606
-454
-515
-420
-402
-293
-498
-903
-1477
-2245
-3057
-4108
-5201
-5801
-6116
-6226
-6046
-5506
-4606
-3633
-2841
-2332
-1702
-1327
-1325
-1607
-2146
-2867
-3575
-4238
-4852
-5291
-5192
-4647
-3994
-3134
-2313
-1501
-739
-187
109
-4
-162
-579
-1009
-1526
-2013
-2349
-2423
-2201
-1747
-959
-336
52
651
1224
1600
1861
2065
2114
1994
1878
1704
1731
1823
1745
1873
2223
2666
3052
3418
3746
3811
3988
4081
4058
3995
3853
3581
3411
3462
3455
3482
3465
3477
3434
3449
3303
3099
2910
2724
2529
2407
2327
2356
2281
2352
2416
2580
2618
2632
2646
2617
2580
2493
2137
1572
903
564
770
1615
2950
4335
5676
6727
6971
6640
5909
4922
3606
2186
910
-296
-1139
-1311
-875
40
1331
2726
3822
4687
5106
4996
4423
3446
2035
573
-686
-1650
-2220
-2277
-1685
-717
371
1386
2227
3015
3381
3303
2935
2346
1475
445
-771
-1669
-1836
-1718
-1346
-637
226
966
1505
1908
2154
2355
2232
1723
1017
234
-468
-1080
-1557
-1697
-1437
-1232
-973
-450
4
347
652
601
441
143
-46
-443
-805
-994
-1210
-1249
-1090
-797
-475
-73
356
587
616
429
222
94
-267
-448
-697
-851
-867
-794
-723
-517
-253
-106
79
142
277
416
577
615
214
-472
-1301
-2190
-3119
-4031
-4691
-5139
-5340
-5311
-4822
-4164
-3433
-2490
-1581
-1037
-590
-371
-533
-997
-1638
-2401
-3201
-3896
-4344
-4407
-4134
-3527
-2589
-1549
-806
-157
452
830
968
783
323
-236
-699
-1155
-1468
-1444
-1319
-1232
-776
-169
508
1217
1780
2262
2404
2297
2159
2062
1862
1639
1487
1526
1936
2398
2669
2997
3192
3067
2560
2023
1385
757
543
721
942
1334
2102
2895
3590
4043
4261
4154
3669
2794
1933
1089
271
12
170
828
1877
3168
4602
5731
6322
6791
6886
6545
5894
5138
4356
3577
2966
2643
2638
3075
4126
5665
7352
8900
9994
10408
10198
9570
8332
6582
4821
3356
1923
793
458
747
1378
2471
3950
5200
5939
6283
6103
5473
4640
3455
1925
488
-507
-1244
-1678
-1651
-1096
-186
872
1667
2201
2561
2747
2612
2046
1285
304
-728
-1621
-2426
-3073
-3155
-2831
-2166
-1484
-833
-116
396
818
1011
741
260
-402
-1180
-1817
-2244
-2487
-2518
-2266
-1683
-880
-319
164
686
908
822
847
908
773
459
134
27
216
270
524
1035
1456
1751
1963
2114
2297
2237
2121
1769
1292
1061
989
982
977
957
1146
1282
1307
1350
1378
1313
1287
1311
1220
975
570
232
-300
-1157
-2043
-2921
-3823
-4522
-4935
-5255
-5022
-4400
-3754
-3018
-2134
-1394
-1031
-1067
-1316
-1603
-2251
-3134
-3840
-4380
-5099
-5612
-5492
-4879
-4011
-3180
-2461
-1661
-1034
-727
-741
-1023
-1372
-2016
-2879
-3506
-3894
-4339
-4295
-3795
-3426
-2984
-2474
-1829
-1217
-733
-309
-46
86
-118
-612
-1159
-1547
-1929
-2359
-2456
-2232
-1563
-739
76
826
1243
1522
1539
1352
884
333
-345
-940
-1247
-1428
-1546
-1314
-742
-182
192
346
604
659
281
-194
-933
-1835
-2596
-3028
-3199
-3320
-3182
-2895
-2170
-1379
-1098
-1147
-1348
-1799
-2719
-4001
-5250
-6135
-6361
-5573
-3869
-1886
-105
1097
1509
1267
433
-885
-2416
-4072
-5896
-7434
-8289
-8386
-7745
-6435
-4798
-3086
-1556
-492
-23
-84
-722
-1813
-3139
-4675
-6252
-7435
-7770
-7398
-6624
-5329
-3925
-2596
-1361
-399
90
146
-359
-1133
-1956
-2942
-3863
-4442
-4818
-4955
-4360
-3365
-2260
-1102
-146
467
845
1018
783
122
-473
-1129
-1590
-2127
-2622
-2731
-2563
-2147
-1654
-938
-149
384
451
318
287
53
-411
-801
-1156
-1520
-1642
-1515
-1325
-1036
-589
-240
93
306
372
293
168
-254
-770
-1033
-1136
-1115
-1035
-958
-759
-569
-236
5
249
551
744
858
1001
769
199
-344
-990
-1719
-2514
-3276
-3809
-4129
-4014
-3552
-2935
-2052
-1205
-261
705
1467
1795
1736
1469
1022
408
-5
-331
-804
-1107
-1078
-607
275
1222
2161
2951
3505
3909
4084
4048
3927
3487
2897
2204
1573
1305
1101
1019
1465
2215
2969
3554
3763
3990
4070
4232
4242
3797
3367
3079
2895
2678
2666
2803
2961
3051
3221
3502
3746
3943
3954
3977
3747
3562
3543
3472
3360
3145
3019
3057
2986
2914
2925
2973
3100
2945
2764
2594
2386
2006
1735
1789
1918
1920
1949
1951
2033
2035
2044
2135
2196
2303
2199
1613
1009
676
510
699
1537
2924
4472
5803
6658
7027
6940
6359
5271
3947
2671
1534
629
-12
-148
170
955
2405
3884
5098
5978
6178
5956
5329
4277
3045
1784
743
-23
-511
-523
-69
957
2202
3321
4206
4828
5236
5215
4624
3805
2850
1983
1125
336
-246
-378
86
722
1541
2582
3334
3794
4034
3841
3661
3176
2517
1804
1114
667
294
23
114
428
842
1327
1794
2261
2431
2347
2179
1946
1714
1415
1058
847
719
747
976
1410
1742
2015
2303
2419
2363
2339
2216
2017
1770
1603
1621
1572
1447
1428
1623
1838
2173
2402
2565
2648
2552
2614
2679
2508
2189
1786
1275
499
-419
-1232
-1948
-2431
-2635
-2594
-2264
-1646
-692
298
1194
1948
2382
2423
2151
1562
790
79
-391
-941
-1405
-1520
-1110
-558
152
944
1797
2474
2954
3288
3226
2800
2173
1436
830
296
-206
-588
-654
-465
-193
307
1003
1484
1718
1763
1786
1796
1662
1421
984
618
450
455
487
419
495
740
995
1139
1278
1377
1421
1548
1332
1077
869
807
734
624
560
582
688
732
637
436
297
241
-24
-472
-823
-906
-906
-1069
-1165
-1087
-1118
-1011
-850
-810
-764
-851
-863
-879
-1191
-1785
-2301
-2661
-2645
-2123
-933
572
2067
3334
4011
4104
3455
2335
989
-419
-1870
-3321
-4233
-4501
-4293
-3491
-2122
-586
800
1864
2360
2254
1830
899
-311
-1660
-3126
-4162
-4964
-5295
-4869
-3928
-2757
-1571
-589
259
815
942
644
-68
-899
-1714
-2634
-3549
-4203
-4338
-4044
-3443
-2632
-1711
-922
-339
245
525
411
-94
-750
-1464
-2263
-2932
-3502
-3718
-3710
-3335
-2831
-2276
-1722
-1238
-1055
-937
-856
-1053
-1316
-1532
-2004
-2353
-2408
-2237
-2042
-1829
-1390
-1028
-816
-686
-469
-261
-393
-720
-1088
-1236
-1239
-1221
-1187
-965
-849
-739
-503
-279
-113
120
284
363
442
601
437
-120
-899
-1581
-2445
-3241
-3982
-4588
-4853
-4910
-4531
-3894
-3032
-2145
-1349
-526
175
485
424
121
-422
-1141
-1833
-2520
-2984
-3115
-2868
-2318
-1714
-679
348
1249
1837
1908
1789
1589
1267
798
89
-518
-864
-1208
-1331
-1294
-1114
-663
-27
625
1146
1395
1557
1629
1390
1047
949
867
595
213
-22
151
476
753
948
1009
1197
1407
1539
1626
1680
1616
1438
1227
1046
1036
883
739
866
979
913
815
690
618
523
324
207
36
-299
-392
-235
-153
-91
-105
-134
-14
115
212
394
393
266
9
-171
-38
227
857
