-5085
-4452
-4048
-3730
-3641
-3754
-3918
-4058
-4252
-4418
-4635
-4959
-5020
-4830
-4603
-4432
-4221
-3887
-3697
-3569
-3268
-3013
-2917
-3005
-3225
-3678
-4316
-5117
-6057
-6924
-7720
-8114
-8506
-8659
-8181
-7395
-6476
-5787
-5111
-4304
-3561
-3342
-3376
-3682
-4340
-5277
-6129
-6652
-6843
-6881
-6776
-6232
-5502
-4633
-3725
-2808
-2063
-1739
-1629
-1700
-2126
-2766
-3543
-3981
-4509
-5051
-5217
-4914
-4561
-4029
-3443
-2850
-2360
-2154
-2146
-2563
-3291
-4097
-4951
-5493
-5567
-5097
-4227
-3010
-1860
-1021
-716
-1418
-2676
-4068
-5738
-7776
-9620
-10882
-11563
-11353
-10415
-8778
-7001
-5710
-4916
-4593
-4542
-5330
-6753
-8611
-10446
-11947
-12825
-12916
-11916
-9933
-7705
-5273
-2939
-742
933
1635
1486
692
-443
-1876
-3570
-5112
-6301
-6650
-5841
-4118
-1693
1081
3625
5602
6793
6918
6013
4318
2091
-142
-2457
-4453
-5746
-6297
-5953
-4961
-3404
-1551
-16
885
1253
941
-195
-1888
-3995
-6015
-7854
-9328
-10157
-10200
-9409
-8105
-6772
-5345
-4232
-3315
-3105
-3579
-4356
-5539
-6992
-8693
-10289
-11433
-12019
-11987
-11509
-10563
-9385
-7908
-6675
-5548
-4872
-5053
-5480
-6170
-7114
-8476
-9859
-10843
-11300
-11491
-11203
-10660
-9596
-8409
-7121
-5929
-5090
-4385
-3889
-3800
-3665
-3714
-3908
-4145
-4237
-3913
-3410
-2893
-2472
-1967
-1306
-676
-380
-377
-494
-574
-841
-1315
-1724
-1868
-1799
-1847
-1978
-2032
-1852
-1718
-1749
-1886
-2017
-2381
-2585
-2542
-2659
-3143
-3605
-4211
-4889
-5623
-6199
-6524
-6645
-6520
-6230
-5705
-4998
-4355
-3790
-3342
-2963
-2871
-3125
-3773
-4458
-5204
-6246
-7183
-7990
-8323
-8369
-8049
-7447
-6668
-5907
-5317
-4642
-4057
-3959
-4031
-4280
-4480
-4728
-5198
-5538
-5669
-5492
-4931
-4114
-3052
-2083
-1290
-467
247
761
1118
1502
1696
1683
1419
987
427
-346
-1452
-2689
-3833
-4568
-4584
-3598
-1982
-149
1682
3261
4445
5103
5016
4203
2675
822
-1111
-2826
-4123
-4444
-3702
-2276
-457
1613
3628
5146
5892
5873
5422
4446
2963
1308
-93
-1239
-1838
-1615
-541
1279
3229
5129
6447
6948
7071
6833
6585
6370
6229
6335
6563
6680
6638
6530
6178
5582
4584
3555
2540
1459
563
-153
-489
-393
105
1177
2433
3515
4442
4810
4563
4058
3341
2336
922
-334
-1311
-1963
-2317
-2259
-1732
-829
-5
426
918
1430
1503
1247
509
-429
-1395
-2606
-3730
-4337
-4508
-4651
-4609
-4374
-3969
-3665
-3450
-3331
-3348
-3448
-3632
-4058
-4365
-4645
-4770
-4784
-4800
-4337
-3933
-3723
-3487
-3213
-3210
-3485
-3586
-3750
-3921
-4239
-4238
-4130
-3964
-3798
-3538
-2982
-2482
-2098
-1545
-1100
-865
-876
-1173
-1336
-1674
-2188
-2630
-2901
-3085
-3248
-3235
-3083
-2720
-2396
-2209
-2012
-1798
-1651
-1771
-1801
-2040
-2888
-3923
-5052
-6369
-7617
-8643
-9635
-10228
-10373
-9901
-8957
-8009
-7109
-6213
-5508
-4959
-4512
-4582
-5056
-5807
-6748
-7686
-8563
-9437
-10014
-10053
-9615
-8898
-7948
-7204
-6560
-5756
-5438
-5319
-5382
-5713
-6282
-6935
-7510
-8060
-8213
-8072
-7764
-7368
-6959
-6331
-5512
-4874
-4259
-3665
-3078
-2852
-2925
-3077
-3060
-2796
-2537
-2361
-2226
-1793
-1180
-667
-359
-153
2
-90
-294
-399
-469
-690
-1129
-1205
-1019
-992
-1148
-1362
-1434
-1326
-1347
-1376
-1332
-1463
-1720
-1984
-2150
-2433
-2736
-2813
-2897
-2816
-2728
-2592
-2311
-2192
-2281
-2227
-2247
-2614
-3231
-3908
-4355
-4225
-3888
-3188
-1896
-623
347
1001
948
197
-1046
-2525
-4117
-5623
-6977
-7828
-8063
-7704
-6902
-5645
-4287
-2842
-1765
-1214
-1092
-1736
-2815
-4172
-5608
-7036
-8359
-8993
-8880
-8423
-7651
-6569
-5152
-3863
-2999
-2321
-2219
-2492
-3180
-4262
-5364
-6465
-7529
-8280
-8458
-8144
-7477
-6669
-5774
-4759
-3840
-3120
-2876
-2972
-3238
-3819
-4579
-5339
-5965
-6543
-6600
-6575
-6492
-6162
-5681
-5031
-4610
-4383
-4135
-4248
-4774
-5244
-5596
-5823
-6176
-6458
-6459
-6363
-6244
-6014
-5778
-5680
-5566
-5222
-5019
-5252
-5699
-6084
-6328
-6707
-6815
-6605
-6581
-6525
-6265
-5855
-5493
-5259
-5032
-4744
-4749
-5003
-5211
-5478
-6017
-6881
-7679
-8494
-9429
-10189
-10740
-10933
-10896
-10644
-10081
-9304
-8242
-7086
-6237
-5553
-5317
-5490
-5901
-6644
-7447
-8067
-8824
-9566
-9860
-9508
-8905
-8147
-7105
-5998
-5018
-4317
-3832
-3534
-3605
-3922
-4201
-4731
-5377
-5832
-6104
-6033
-5766
-5272
-4637
-3787
-2910
-2254
-1658
-1019
-696
-728
-771
-851
-1033
-1214
-1107
-912
-719
-535
-275
-31
332
700
1043
1276
1498
1687
1718
1604
1545
1361
1260
1216
1162
1154
1005
1074
1121
973
797
698
554
363
188
24
-140
-66
45
186
188
293
620
836
760
806
598
384
28
-642
-1142
-1387
-1014
73
1529
2998
4159
5086
5308
4744
3923
2938
1541
92
-1126
-2173
-2860
-2844
-2276
-1295
83
1542
2785
3474
3574
3357
2516
1447
241
-971
-2090
-3146
-3713
-3589
-2839
-1650
-551
368
1082
1613
1844
1814
1341
449
-674
-1935
-3059
-3747
-4017
-3983
-3545
-2968
-2222
-1357
-406
173
276
113
-112
-638
-1290
-2101
-2999
-3685
-4070
-4046
-3709
-3400
-3032
-2524
-1902
-1575
-1617
-1644
-1834
-2317
-2843
-3148
-3464
-3665
-3845
-3809
-3540
-3369
-3061
-2730
-2333
-1938
-1979
-2093
-2350
-2716
-2999
-3151
-3374
-3419
-3378
-3280
-3147
-2978
-2686
-2425
-2135
-2006
-2105
-2106
-2178
-2448
-2964
-3553
-4226
-5012
-5876
-6705
-7335
-7944
-8069
-7745
-7335
-6809
-6020
-5026
-4087
-3519
-3260
-3319
-3575
-4267
-5256
-6183
-7073
-7753
-8144
-8085
-7486
-6541
-5612
-4899
-3989
-3096
-2486
-2318
-2449
-2701
-3206
-3611
-3930
-4520
-5142
-5154
-4804
-4274
-3899
-3248
-2515
-1871
-1262
-855
-600
-431
-410
-608
-909
-1135
-1173
-1162
-1114
-968
-726
-351
40
397
779
1115
1277
1307
1238
979
903
858
813
877
792
780
697
754
1035
1032
724
409
153
-141
-355
-520
-577
-620
-754
-727
-601
-477
-544
-565
-419
-430
-397
-480
-854
-1456
-2138
-2474
-2431
-1937
-712
888
2468
3450
3729
3588
2985
1851
423
-983
-2383
-3735
-4609
-4863
-4443
-3377
-1995
-642
597
1491
1715
1528
986
-49
-1432
-2927
-4255
-5401
-6098
-6127
-5504
-4578
-3476
-2348
-1415
-716
-209
-237
-791
-1662
-2801
-3952
-4809
-5712
-6324
-6402
-5915
-5166
-4317
-3535
-2787
-2105
-1847
-1832
-1963
-2425
-3040
-3916
-4742
-5335
-5677
-5848
-5795
-5573
-5081
-4504
-4161
-3799
-3487
-3271
-3273
-3713
-4255
-4829
-5259
-5432
-5608
-5603
-5455
-5228
-4855
-4575
-4302
-3949
-3741
-3791
-4098
-4417
-4699
-4979
-5215
-5328
-5281
-5141
-5004
-4607
-4380
-4403
-4318
-4096
-3712
-3602
-3777
-3909
-4163
-4619
-5348
-6073
-7331
-8441
-9380
-9882
-9852
-9595
-9174
-8461
-7477
-6435
-5658
-4999
-4455
-4436
-4686
-5204
-6011
-6902
-7685
-8335
-8800
-9094
-8793
-7970
-7033
-6149
-5420
-4418
-3655
-3260
-3055
-3267
-3628
-4196
-4733
-5220
-5590
-5634
-5581
-5311
-4614
-3763
-3022
-2402
-1788
-1344
-1069
-875
-880
-1012
-1132
-1161
-1142
-1084
-1068
-1016
-792
-388
4
411
881
1191
1249
1570
1623
1347
1261
1441
1558
1540
1363
1315
1357
1340
1454
1419
1259
1169
1017
899
615
332
391
442
256
159
376
751
879
805
809
743
693
525
70
-742
-1730
-2729
-3184
-2832
-2008
-904
302
1401
2222
2489
2176
1652
884
-196
-1193
-2063
-2673
-2806
-2288
-1519
-364
773
1756
2460
2713
2412
1633
848
21
-1344
-2534
-3375
-3661
-3667
-3274
-2292
-1049
72
1114
1903
2268
2186
1744
1099
425
-415
-1297
-2114
-2513
-2510
-2240
-1601
-640
129
818
1572
1972
2054
1947
1510
759
-138
-927
-1367
-1869
-2103
-2019
-1698
-1134
-489
-149
267
625
682
595
313
-207
-766
-1382
-2035
-2558
-2634
-2611
-2628
-2471
-2358
-2035
-1782
-1745
-1658
-1737
-1957
-2244
-2502
-2972
-3315
-3470
-3432
-3288
-3183
-2962
-2713
-2805
-2743
-2416
-2329
-2427
-2547
-2835
-3253
-3784
-4577
-5408
-6189
-6774
-7359
-7859
-7884
-7293
-6714
-6256
-5498
-4526
-3697
-3109
-2948
-3201
-3513
-3994
-4961
-5921
-6401
-6703
-6866
-6667
-6030
-5284
-4467
-3385
-2320
-1603
-1287
-998
-939
-1277
-1860
-2321
-2642
-2853
-3005
-3139
-2892
-2379
-1710
-949
-419
171
721
1106
1315
1307
1258
1136
916
529
324
309
450
627
866
1253
1715
2150
2303
2391
2745
2840
2740
2597
2308
2053
2051
2117
1940
1704
1690
1715
1582
1472
1372
1440
1416
1213
1046
914
759
521
463
502
622
590
601
683
666
765
807
719
432
15
27
606
1634
3081
4529
5878
6841
7271
6975
5969
4464
2670
646
-1642
-3471
-4337
-4618
-4262
-3303
-1534
560
2620
4320
5338
5638
5356
4361
2840
1063
-753
-2461
-3856
-4821
-4890
-4306
-3382
-1985
-467
691
1468
1797
1626
1133
257
-1064
-2573
-3994
-5037
-5637
-5844
-5525
-4784
-3898
-2903
-1916
-1108
-683
-571
-633
-1104
-1775
-2511
-3239
-4029
-4733
-5148
-5236
-5013
-4828
-4484
-3869
-3520
-3398
-3330
-3279
-3330
-3554
-3992
-4269
-4198
-3852
-3509
-3414
-3209
-2940
-2515
-2227
-2060
-1938
-1889
-2259
-2615
-3027
-3279
-3264
-3246
-3120
-2849
-2373
-1953
-1755
-1600
-1343
-926
-801
-819
-940
-1241
-1769
-2605
-3323
-4101
-5129
-5914
-6370
-6570
-6671
-6752
-6240
-5394
-4412
-3502
-2544
-1959
-1829
-1954
-2396
-3179
-4003
-4991
-6009
-6693
-6997
-6974
-6762
-6275
-5355
-4350
-3408
-2553
-2018
-1878
-2013
-2198
-2582
-3171
-3918
-4485
-4737
-4871
-4754
-4393
-3848
-3226
-2598
-2063
-1623
-967
-465
-307
-466
-710
-847
-1016
-1153
-1182
-1019
-801
-585
-125
503
955
1223
1528
1780
1973
1915
1867
1643
1589
1781
1765
1679
1696
1760
1882
1850
1701
1750
1794
1591
1373
1189
910
606
547
767
964
966
1037
1212
1216
1383
1516
1492
1215
812
224
-509
-1059
-1248
-1105
-390
665
1861
2887
3405
3155
2376
1411
393
-745
-1833
-2881
-3394
-3307
-2835
-1775
-390
1084
2311
3189
3528
3328
2608
1397
-128
-1652
-2937
-4118
-4769
-4795
-4125
-3052
-1908
-724
316
1089
1668
2009
1826
1116
97
-831
-1766
-2596
-3025
-3010
-2806
-2241
-1444
-502
517
1309
1685
1854
1710
1187
635
-54
-993
-1771
-2244
-2285
-2132
-1718
-1043
-536
-222
94
652
896
821
518
208
-188
-585
-924
-1297
-1376
-1400
-1431
-1262
-949
-919
-911
-753
-734
-854
-1264
-1673
-2003
-2204
-2183
-2263
-2461
-2424
-2116
-1830
-1757
-1736
-1545
-1431
-1462
-1645
-1910
-2177
-2671
-3314
-4117
-5026
-5960
-6882
-7281
-7402
-7493
-7073
-6369
-5608
-4751
-3749
-3001
-2599
-2602
-2894
-3368
-4099
-4837
-5678
-6302
-6580
-6450
-5967
-5039
-4159
-3127
-2191
-1399
-716
-268
-252
-592
-913
-1101
-1468
-1916
-2180
-2125
-2100
-1684
-1125
-520
306
1027
1626
1885
2148
2422
2489
2383
2249
2140
2038
2009
2024
2172
2443
2735
2861
3234
3514
3727
3895
4044
4184
4173
3963
3763
3543
3330
3362
3450
3383
3290
3244
3206
3148
2981
2779
2640
2595
2336
2058
1991
1961
2000
1949
1992
1984
2053
2114
2145
2173
2133
1690
1007
313
-67
19
409
1568
3055
4703
5838
6245
6237
5767
4677
3388
2167
994
-260
-1212
-1569
-1289
-616
702
2163
3493
4382
4992
5178
4669
3703
2448
1165
151
-882
-1854
-2211
-1825
-942
143
1192
2098
2864
3483
3696
3240
2409
1439
364
-653
-1599
-2219
-2394
-2274
-1636
-575
329
993
1529
1855
1883
1828
1400
621
23
-579
-1239
-1763
-2228
-2369
-2168
-1721
-1378
-981
-505
-212
-33
-328
-787
-1066
-1387
-1737
-2044
-2423
-2483
-2365
-2187
-1917
-1664
-1319
-1013
-653
-447
-574
-921
-1280
-1617
-1805
-1976
-2115
-2044
-1863
-1595
-1349
-1198
-1094
-958
-956
-705
-516
-597
-791
-1280
-1992
-2746
-3573
-4370
-5218
-5879
-6156
-6123
-5881
-5353
-4645
-3847
-2884
-2072
-1425
-1190
-1491
-2146
-2756
-3346
-4023
-4715
-5462
-5796
-5602
-4973
-4139
-3222
-2403
-1520
-741
-482
-339
-373
-576
-1228
-1808
-2301
-2651
-2809
-2789
-2510
-2020
-1432
-861
-198
552
904
972
1206
1374
1241
1049
790
518
554
711
807
1016
1373
1823
2184
2397
2648
2937
3194
3061
2822
2788
2723
2571
2546
2447
2469
2485
2576
2716
2746
2790
2687
2238
1982
1977
1910
1815
1848
1822
1739
1615
1657
1923
2028
2003
2113
2185
1966
1543
1178
608
155
-31
56
795
2292
3972
5281
5937
6090
5647
4833
3631
2155
754
-272
-1022
-1564
-1654
-1171
-83
1158
2323
3604
4523
4578
4213
3421
2230
820
-585
-1772
-2620
-2894
-2817
-2200
-1230
-141
987
1992
2734
2871
2387
1769
987
-59
-1192
-2125
-2708
-2930
-2764
-2329
-1805
-944
-118
734
1461
1594
1490
1134
640
87
-628
-1363
-2087
-2570
-2742
-2687
-2249
-1626
-1175
-836
-408
-158
-124
-383
-823
-1210
-1680
-2066
-2321
-2283
-1989
-1808
-1658
-1386
-1077
-690
-433
-433
-576
-736
-1065
-1364
-1668
-1875
-1786
-1718
-1650
-1416
-1124
-838
-688
-658
-461
-228
-148
-207
-590
-1093
-1744
-2446
-3247
-4306
-5084
-5658
-6022
-6136
-5847
-5375
-4823
-3991
-3102
-2283
-1607
-1337
-1407
-1678
-2118
-2840
-3780
-4579
-5170
-5326
-5220
-4787
-4168
-3383
-2374
-1408
-688
-243
16
128
-14
-504
-1052
-1556
-1929
-2122
-2171
-2069
-1740
-1170
-466
280
877
1329
1765
2152
2274
2194
2008
1953
1716
1624
1649
1715
1999
2317
2876
3308
3395
3530
3821
3891
3985
4007
3864
3897
3950
3755
3547
3557
3497
3482
3636
3724
3632
3361
3082
3007
2982
2875
2701
2527
2606
2768
2771
2763
2800
2722
2730
2705
2776
2829
2422
2023
1518
1011
664
997
1935
3014
4367
5602
6426
6666
6388
5676
4653
3331
2000
811
-243
-903
-980
-527
433
1468
2648
3914
4859
5192
4940
4407
3608
2329
929
-360
-1482
-2065
-2048
-1633
-857
61
1268
2468
3201
3506
3378
3047
2305
1385
391
-651
-1403
-1918
-2016
-1681
-1042
-334
330
1164
1961
2345
2357
2006
1565
1022
12
-846
-1343
-1664
-1752
-1772
-1620
-1110
-429
7
442
793
727
544
245
-308
-913
-1202
-1386
-1492
-1480
-1263
-1033
-728
-360
-58
69
117
23
-93
-197
-584
-957
-1066
-1317
-1509
-1483
-1161
-751
-372
-262
-195
-6
175
294
193
-24
-362
-964
-1570
-2235
-3099
-4078
-4852
-5501
-5781
-5624
-5017
-4291
-3690
-2935
-1952
-1079
-628
-722
-922
-1263
-1981
-2977
-3873
-4336
-4578
-4691
-4499
-4040
-3241
-2354
-1457
-683
127
552
678
555
264
-209
-808
-1318
-1791
-2029
-1958
-1690
-1245
-594
168
862
1440
1840
2045
2080
1959
1560
1125
844
916
1079
1378
1869
2242
2545
2622
2441
2048
1498
1101
679
372
348
648
1062
1727
2597
3475
4175
4188
3710
3057
2451
1828
816
106
-16
305
1002
2146
3396
4591
5608
6350
6826
6875
6480
5730
4774
4036
3381
2766
2370
2339
2760
3712
5161
6860
8491
9757
10266
10024
9233
7922
6158
4459
2907
1444
536
225
507
1309
2415
3662
4883
5627
5920
5799
5175
4153
3054
1778
452
-530
-1218
-1754
-1847
-1402
-568
532
1441
1984
2398
2582
2458
1960
1174
243
-815
-1988
-2834
-3307
-3509
-3185
-2513
-1786
-982
-160
457
649
591
486
80
-530
-1187
-1927
-2453
-2659
-2586
-2187
-1713
-1147
-491
138
730
1169
1320
1179
895
524
359
277
233
126
299
590
880
1110
1329
1761
2104
2274
2150
1975
1673
1272
961
813
665
555
554
809
954
1029
1054
1001
1101
1193
1362
1268
887
677
344
-334
-1229
-2195
-3063
-3763
-4536
-5030
-5089
-4797
-4357
-3697
-2817
-1975
-1353
-1074
-863
-1000
-1528
-2193
-3021
-3838
-4705
-5419
-5694
-5366
-4832
-4264
-3580
-2558
-1632
-1124
-898
-862
-1136
-1666
-2233
-2863
-3551
-4072
-4436
-4333
-3951
-3697
-3379
-2685
-1996
-1255
-684
-228
123
0
-238
-584
-1247
-1738
-2131
-2415
-2375
-2101
-1656
-933
34
909
1357
1471
1542
1355
835
111
-583
-1143
-1512
-1686
-1678
-1265
-544
92
650
1035
1250
973
490
-22
-543
-1228
-1971
-2763
-3046
-2990
-2821
-2406
-1895
-1579
-1315
-1146
-1149
-1639
-2796
-4135
-5186
-5850
-5930
-5188
-3746
-2037
-276
772
1331
1256
493
-632
-2269
-4201
-6122
-7565
-8309
-8221
-7563
-6327
-4583
-2734
-1178
-54
293
-6
-696
-1763
-3133
-4576
-6029
-7157
-7651
-7454
-6606
-5266
-3759
-2283
-1162
-312
103
242
-157
-979
-1973
-2983
-3746
-4444
-4808
-4680
-4231
-3380
-2275
-1120
-222
512
832
917
592
54
-479
-1128
-1786
-2407
-2724
-2660
-2341
-1805
-1295
-770
-329
97
415
542
397
143
-299
-845
-1214
-1591
-1816
-1703
-1288
-976
-628
-75
177
224
170
-106
-361
-575
-696
-863
-1111
-1230
-994
-741
-640
-502
-197
243
441
730
1065
1153
1083
968
659
-73
-633
-1275
-2111
-2902
-3572
-3966
-3899
-3624
-3008
-2202
-1207
-90
898
1548
2000
1936
1658
1227
639
-59
-722
-1141
-1266
-1171
-746
18
1065
2180
3039
3603
4005
4233
4110
3794
3414
3061
2478
1665
1139
1159
1449
1830
2286
2798
3343
3738
4074
4396
4443
4233
4010
3825
3371
3024
2815
2673
2696
2706
2916
3164
3453
3587
3786
3863
3883
3605
3309
3392
3414
3360
3222
3140
3073
3012
2928
2793
2939
3110
2934
2697
2525
2485
2238
1946
1839
1783
1767
1764
1871
2039
2390
2464
2415
2318
2169
2089
1753
1152
569
454
563
1157
2286
3645
5008
6043
6467
6220
5579
4799
3727
2521
1373
345
-189
-117
197
1179
2499
3843
4955
5680
5883
5831
5361
4317
3088
1790
630
-169
-545
-297
174
976
2107
3190
4123
4801
4974
4857
4460
3757
2891
1872
919
97
-534
-613
-284
478
1310
2291
3057
3511
3821
3964
3851
3320
2522
1662
830
239
5
49
103
272
515
1159
1756
2067
2224
2330
2261
1962
1506
946
714
556
344
258
399
701
1108
1372
1642
1987
2250
2294
2048
1790
1460
1288
1259
1162
1187
1244
1604
1736
1834
2013
2068
2146
2284
2542
2745
2654
2341
1805
1215
427
-502
-1341
-1929
-2288
-2445
-2336
-2047
-1539
-711
251
1062
1768
2304
2365
2048
1627
850
53
-722
-1286
-1514
-1555
-1338
-919
-150
903
1778
2440
2997
3354
3258
2864
2304
1589
1021
404
-263
-590
-562
-404
-192
284
854
1367
1992
2246
2159
1932
1741
1495
1037
610
335
69
81
396
558
747
962
1101
1213
1359
1478
1420
1287
1174
983
829
695
754
786
655
540
501
439
385
383
318
118
-33
-273
-560
-831
-1018
-1014
-894
-724
-548
-487
-497
-428
-436
-434
-712
-1072
-1518
-2168
-2511
-2323
-1455
-332
1137
2612
3666
4149
3936
3512
2668
1533
-134
-1769
-3121
-4092
-4602
-4450
-3605
-2132
-467
958
2025
2649
2724
2211
1333
172
-1334
-2839
-3824
-4584
-4889
-4569
-3777
-2799
-1683
-539
515
1179
1330
947
191
-914
-1997
-2838
-3590
-4325
-4726
-4364
-3670
-2932
-1985
-954
-209
364
729
782
400
-346
-1069
-2036
-2869
-3316
-3583
-3584
-3393
-3067
-2342
-1620
-955
-750
-847
-931
-861
-894
-1353
-1789
-2133
-2375
-2389
-2264
-1955
-1493
-1066
-813
-591
-316
-199
-215
-372
-583
-847
-1003
-1132
-1086
-946
-843
-624
-279
-2
333
481
683
814
846
802
661
325
-277
-1088
-1988
-2908
-3568
-4018
-4182
-4131
-3905
-3433
-2636
-1641
-817
-72
494
583
354
23
-285
-923
-1888
-2621
-2971
-3000
-2720
-2218
-1366
-391
469
1228
1775
2024
1993
1743
1391
902
408
-293
-920
-1341
-1502
-1270
-835
-350
81
531
976
1447
1690
1570
1375
1136
897
606
288
88
94
248
401
551
811
1173
1426
1679
1724
1586
1407
1292
1267
1054
871
884
932
959
962
1121
1362
1496
1415
1071
696
482
308
290
279
120
-8
-18
21
65
261
258
189
304
401
448
273
-100
-370
-413
-33
688
