-5354
-4936
-4632
-4307
-4267
-4313
-4347
-4387
-4496
-4742
-4860
-5002
-5316
-5477
-5246
-4989
-4670
-4629
-4582
-4354
-4023
-3772
-3687
-3696
-3783
-4156
-4687
-5454
-6480
-7405
-8038
-8526
-8839
-8907
-8610
-8149
-7558
-6748
-5923
-4990
-4111
-3818
-4013
-4390
-4961
-5643
-6324
-6853
-7144
-7312
-7170
-6519
-5577
-4539
-3469
-2632
-2018
-1413
-1232
-1520
-1873
-2282
-3063
-3837
-4352
-4785
-4723
-4400
-3975
-3292
-2698
-2203
-1893
-1566
-1510
-1947
-2600
-3358
-4071
-4573
-4820
-4665
-3964
-2921
-1847
-855
-581
-1208
-2284
-3706
-5581
-7696
-9629
-11051
-11590
-11374
-10554
-9036
-7307
-5953
-4990
-4594
-4830
-5720
-7142
-8932
-10790
-12275
-12941
-12856
-12145
-10479
-8090
-5497
-3074
-1121
279
1030
1027
325
-821
-2211
-3524
-4773
-5716
-5604
-4422
-2391
259
3283
5902
7667
8204
7800
6718
4805
2195
-677
-3473
-5838
-7311
-7747
-7106
-5612
-3360
-1000
876
2088
2587
2459
1591
-218
-2508
-5076
-7427
-9210
-10332
-10603
-10069
-8814
-7252
-5672
-4077
-2987
-2678
-3116
-4156
-5406
-7045
-8952
-10636
-11998
-12802
-12973
-12547
-11722
-10516
-9107
-7597
-6437
-5848
-5576
-5711
-6357
-7463
-8814
-10310
-11490
-12049
-12284
-12120
-11820
-11002
-9946
-8722
-7615
-6532
-5705
-5328
-5245
-5012
-4964
-5109
-5173
-4788
-4238
-3779
-3268
-2558
-1876
-1530
-1313
-1217
-1176
-1120
-1252
-1417
-1657
-1704
-1715
-1718
-1586
-1298
-1251
-1253
-1107
-1201
-1422
-1623
-1737
-1902
-2014
-2289
-2576
-2986
-3681
-4389
-4922
-5320
-5770
-6089
-6113
-5564
-4826
-4309
-3839
-3187
-2419
-2035
-2199
-2634
-3237
-4054
-5138
-6081
-6843
-7530
-8026
-8224
-8124
-7595
-6948
-6113
-5288
-4661
-4269
-4073
-4098
-4428
-4787
-5222
-5695
-6011
-6086
-5809
-5444
-5023
-4163
-3219
-2286
-1234
-440
-28
398
748
857
900
830
662
-32
-1077
-2057
-3114
-4259
-5145
-5152
-4231
-2586
-637
1241
2967
4312
4860
4777
4058
2709
817
-1276
-2794
-3887
-4207
-3647
-2117
33
2274
4138
5446
6316
6559
5945
4680
3167
1573
131
-864
-1390
-1198
-91
1681
3889
5888
7156
8057
8539
8776
8820
8710
8564
8534
8529
8282
7702
7035
6232
5255
4099
2825
1700
834
187
-229
-230
344
1115
2310
3568
4525
5138
5264
4816
4202
3373
2298
991
-323
-1197
-1951
-2183
-2064
-1752
-1159
-599
-240
-18
151
-5
-422
-1037
-1934
-2952
-3799
-4438
-4774
-4898
-4873
-4805
-4534
-4351
-4240
-4286
-4382
-4311
-4373
-4573
-4774
-4856
-5044
-5225
-5164
-4988
-4780
-4526
-4224
-3990
-4038
-4280
-4489
-4632
-4741
-4847
-4785
-4584
-4345
-4220
-3893
-3358
-2686
-2033
-1491
-1107
-921
-773
-860
-1096
-1488
-1740
-2048
-2382
-2695
-2820
-2937
-2998
-2551
-2185
-1975
-1674
-1200
-731
-593
-799
-1193
-1568
-2060
-3130
-4496
-5853
-6988
-8008
-8800
-9489
-9678
-9600
-9070
-7961
-6947
-6083
-5304
-4622
-4157
-4325
-4926
-5867
-6930
-8140
-9159
-9801
-10380
-10310
-9821
-9143
-8267
-7452
-6859
-6304
-5866
-5668
-5710
-6055
-6732
-7306
-7855
-8369
-8561
-8557
-8129
-7526
-7074
-6593
-5945
-5424
-4848
-4386
-4029
-3630
-3410
-3248
-3000
-2826
-2653
-2449
-2194
-1862
-1428
-926
-621
-401
-354
-319
-273
-281
-394
-433
-542
-869
-1095
-1018
-881
-790
-614
-580
-561
-624
-699
-854
-1143
-1345
-1641
-1867
-1986
-2006
-2111
-2246
-2273
-2103
-1760
-1468
-1432
-1405
-1468
-1797
-2467
-3272
-3755
-3839
-3485
-2667
-1534
-363
693
1110
864
196
-858
-2169
-3752
-5164
-6403
-7222
-7566
-7536
-6809
-5479
-3845
-2476
-1597
-1069
-1055
-1704
-2740
-3926
-5394
-6835
-7985
-8827
-9045
-8609
-7636
-6303
-5030
-4101
-3296
-2588
-2349
-2507
-3243
-4256
-5382
-6457
-7458
-8279
-8450
-8339
-7672
-6489
-5378
-4448
-3688
-3057
-2585
-2604
-3010
-3633
-4374
-5152
-5980
-6477
-6565
-6560
-6424
-6055
-5573
-5059
-4485
-4046
-3901
-3904
-4127
-4671
-5227
-5526
-5933
-6345
-6549
-6417
-6162
-5759
-5323
-5191
-5108
-5046
-5218
-5362
-5745
-6072
-6235
-6474
-6539
-6636
-6734
-6448
-6081
-5826
-5529
-5256
-5079
-5035
-4872
-4863
-4988
-5126
-5587
-6404
-7305
-8163
-9062
-9829
-10517
-10868
-10843
-10436
-9671
-8851
-7928
-7280
-6654
-5911
-5495
-5607
-6262
-6985
-7778
-8601
-9211
-9522
-9604
-9545
-9112
-8240
-7142
-5894
-4772
-4135
-3846
-3533
-3463
-3761
-4234
-4727
-5047
-5363
-5772
-5902
-5704
-5191
-4390
-3740
-3165
-2600
-1851
-1246
-994
-879
-841
-830
-1083
-1218
-1229
-1242
-1132
-882
-504
-155
148
452
724
853
1075
1185
1095
900
884
927
728
606
725
738
618
434
336
375
403
277
-24
-258
-667
-793
-676
-625
-595
-564
-483
-267
-211
98
269
182
274
64
-574
-1317
-1842
-2153
-1891
-806
747
2234
3516
4470
4621
4030
3191
1973
717
-627
-1917
-2946
-3420
-3237
-2651
-1580
-119
1183
2066
2669
2915
2799
2170
1115
-103
-1514
-2855
-3697
-4021
-3744
-3008
-2277
-1340
-217
685
1305
1512
1336
786
-136
-1300
-2302
-3277
-3996
-4216
-4038
-3565
-2914
-2076
-1251
-618
-120
97
-9
-194
-814
-1727
-2551
-3216
-3669
-4003
-4260
-4105
-3718
-3335
-2809
-2236
-1709
-1395
-1544
-1793
-2148
-2637
-3182
-3408
-3569
-3740
-3845
-3767
-3311
-2799
-2484
-2402
-2352
-2234
-2230
-2379
-2789
-3099
-3234
-3454
-3485
-3434
-3280
-2961
-2542
-2446
-2438
-2110
-1878
-1758
-1632
-1626
-1923
-2463
-3048
-3753
-4568
-5508
-6398
-6908
-7172
-7410
-7333
-6784
-6147
-5512
-4592
-3562
-2960
-2695
-2566
-2955
-3655
-4440
-5385
-6226
-6843
-7179
-7149
-6738
-6236
-5561
-4617
-3784
-2836
-2085
-1865
-2050
-2252
-2462
-2960
-3570
-3947
-4189
-4245
-4180
-3742
-3201
-2749
-2069
-1244
-536
-250
-192
-88
-130
-262
-596
-902
-889
-847
-694
-337
-151
200
672
1113
1384
1682
1940
2059
1943
1689
1621
1674
1574
1603
1613
1465
1395
1430
1524
1533
1470
1278
1104
967
743
533
366
287
219
230
227
410
711
829
821
711
632
367
-95
-723
-1191
-1623
-1717
-909
446
1924
3137
4019
4505
4403
3702
2474
1240
-150
-1498
-2696
-3668
-3844
-3485
-2605
-1147
378
1516
2199
2585
2618
2002
981
-316
-1593
-2878
-4009
-4681
-4858
-4388
-3490
-2268
-1077
-213
289
619
543
181
-686
-1769
-2902
-4096
-4883
-5191
-5141
-4828
-4187
-3322
-2514
-1854
-1311
-918
-850
-1025
-1389
-2103
-3160
-4079
-4846
-5221
-5353
-5225
-4768
-4309
-3867
-3365
-2927
-2656
-2693
-2710
-2874
-3193
-3812
-4494
-4941
-5013
-5034
-5015
-4652
-4041
-3687
-3458
-3277
-3274
-3353
-3516
-3836
-4140
-4383
-4596
-4758
-4792
-4662
-4491
-4227
-3877
-3640
-3446
-3301
-3236
-3322
-3336
-3413
-3619
-4118
-4892
-5737
-6697
-7657
-8412
-8846
-9127
-9301
-8985
-8157
-7235
-6301
-5578
-4991
-4469
-4365
-4591
-4995
-5697
-6608
-7554
-8303
-8661
-8664
-8446
-7800
-6954
-6287
-5376
-4561
-3819
-3117
-2874
-3061
-3484
-3974
-4426
-4972
-5518
-5709
-5475
-5043
-4580
-3983
-3105
-2311
-1769
-1323
-945
-674
-691
-851
-1008
-1206
-1429
-1377
-1333
-1115
-678
-270
154
440
604
888
1135
1310
1451
1378
1158
1050
881
934
1134
1099
998
971
1012
1267
1088
786
759
592
503
422
298
258
199
242
273
310
289
360
573
521
353
288
11
-489
-1259
-1876
-2220
-1999
-1031
413
1824
2822
3617
3935
3516
2634
1529
202
-1227
-2229
-2798
-3021
-3036
-2356
-1060
258
1375
2180
2468
2456
2075
1180
62
-1348
-2549
-3456
-3877
-3818
-3502
-2999
-2122
-1042
-31
803
1337
1442
1180
601
-375
-1465
-2391
-3245
-3891
-4023
-3643
-2927
-2188
-1392
-579
81
527
682
703
378
-431
-1375
-2165
-2869
-3246
-3239
-3008
-2842
-2588
-2115
-1626
-1132
-788
-684
-805
-1207
-1697
-2169
-2623
-2988
-3045
-3297
-3468
-3425
-3012
-2510
-2214
-2048
-1945
-1941
-2126
-2320
-2503
-2776
-2945
-3037
-3090
-3085
-3044
-2802
-2616
-2516
-2327
-2189
-2016
-1772
-1795
-1924
-2171
-2609
-3380
-4306
-5320
-6116
-6891
-7516
-7801
-7791
-7602
-6971
-6082
-5148
-4236
-3468
-2964
-2712
-2993
-3370
-3984
-4670
-5603
-6377
-6744
-6876
-6825
-6368
-5601
-4669
-3611
-2552
-1850
-1471
-1348
-1473
-1730
-2099
-2587
-3023
-3430
-3655
-3467
-3141
-2788
-2350
-1524
-796
-196
384
784
897
756
566
516
381
277
237
368
417
631
1004
1419
1811
2075
2266
2352
2468
2540
2610
2465
2240
2140
2217
2340
2233
2060
2162
2089
2045
1979
1791
1719
1564
1286
1199
1147
1017
799
667
681
672
747
1026
1197
1325
1268
1163
970
353
-206
-459
-433
146
1197
2518
3996
5263
6003
5911
5299
4251
2877
1297
-451
-1802
-2887
-3430
-3397
-2699
-1251
540
2221
3379
4104
4355
4100
3159
1799
408
-964
-2356
-3447
-3954
-3860
-3018
-2004
-872
318
1332
2025
2127
1742
1254
464
-680
-2007
-3119
-3853
-4239
-4186
-3931
-3205
-2320
-1363
-498
256
566
476
150
-362
-929
-1781
-2727
-3371
-3738
-3923
-3945
-3578
-3078
-2567
-2043
-1786
-1769
-1876
-2007
-2392
-2936
-3405
-3562
-3527
-3529
-3307
-3099
-2876
-2576
-2209
-1856
-1640
-1569
-1613
-1643
-1914
-2224
-2562
-2936
-3122
-2880
-2574
-2267
-2122
-2010
-1801
-1522
-1248
-1086
-989
-960
-1159
-1639
-2306
-3097
-4010
-4922
-5684
-6356
-6788
-6978
-6737
-6155
-5453
-4676
-3847
-2848
-2044
-1581
-1579
-2106
-3009
-3820
-4708
-5371
-5963
-6497
-6280
-5944
-5537
-4719
-3810
-2793
-2021
-1472
-1332
-1454
-1707
-2038
-2455
-3062
-3548
-3922
-4136
-3925
-3559
-2948
-2345
-1687
-1019
-567
-15
385
475
389
346
382
287
168
74
101
279
568
1002
1323
1596
2019
2285
2469
2632
2741
2672
2469
2233
2087
1967
2092
2193
2225
2251
2177
2039
2003
1890
1725
1685
1557
1321
1095
993
1045
1171
1274
1306
1461
1619
1751
1796
1736
1513
1090
476
-123
-616
-731
-209
830
2256
3551
4552
4951
4703
4154
3189
1911
616
-792
-1890
-2521
-2664
-2268
-1305
142
1646
2714
3421
3686
3649
3108
2137
879
-700
-2303
-3369
-3798
-3609
-2959
-2130
-1136
-116
862
1764
2231
2055
1598
983
47
-1168
-2340
-3194
-3494
-3355
-2927
-2219
-1331
-518
78
659
1111
1188
1009
477
-172
-1004
-1656
-2238
-2688
-2819
-2778
-2491
-2044
-1483
-920
-464
-265
-139
-122
-512
-943
-1433
-1829
-2088
-2337
-2353
-2279
-2064
-1665
-1359
-1200
-1140
-1057
-1055
-1271
-1463
-1568
-1840
-2106
-2224
-2343
-2310
-2236
-1961
-1596
-1448
-1327
-1197
-1009
-947
-1120
-1318
-1641
-2225
-2832
-3558
-4399
-5252
-5982
-6415
-6779
-6833
-6437
-5773
-4969
-4138
-3337
-2583
-2090
-2111
-2288
-2653
-3335
-4241
-5203
-5972
-6239
-6043
-5578
-5087
-4484
-3514
-2455
-1613
-1036
-719
-702
-976
-1202
-1431
-1848
-2386
-2774
-2814
-2695
-2330
-1831
-1217
-295
455
896
1310
1644
1935
1925
1705
1374
1146
1163
1138
1159
1428
1791
2106
2413
2755
3041
3199
3321
3335
3473
3679
3688
3521
3349
3111
3008
3098
3253
3213
3068
3003
3041
3027
2856
2744
2526
2323
2311
2228
1978
1866
2089
2289
2271
2235
2275
2238
2117
2083
1903
1274
493
8
-53
500
1688
2992
4338
5456
6150
6347
5827
4743
3503
2196
789
-374
-1113
-1502
-1272
-565
719
1892
3057
4157
4591
4551
4098
3385
2327
1056
-369
-1634
-2489
-2681
-2261
-1386
-310
721
1604
2293
2672
2793
2447
1818
1038
31
-1021
-1876
-2465
-2670
-2450
-1844
-974
-124
589
1213
1597
1746
1755
1336
648
-225
-929
-1644
-2310
-2648
-2550
-2200
-1752
-1313
-701
-189
59
107
42
-292
-943
-1478
-1771
-1990
-2148
-2265
-2248
-2142
-1928
-1590
-1220
-826
-649
-629
-837
-1159
-1477
-1768
-1972
-1999
-2074
-2036
-1905
-1546
-1460
-1316
-1051
-942
-831
-801
-771
-868
-1099
-1481
-1952
-2875
-4075
-4953
-5481
-5850
-6192
-6466
-6204
-5523
-4873
-3996
-3165
-2402
-1775
-1582
-1644
-1996
-2676
-3534
-4416
-5099
-5508
-5604
-5500
-5106
-4333
-3554
-2638
-1877
-1193
-649
-461
-394
-516
-908
-1438
-2071
-2687
-2936
-2819
-2392
-1918
-1421
-723
-59
474
1058
1350
1570
1716
1722
1513
1196
1137
1221
1233
1269
1435
1694
1893
2283
2675
2978
3152
3205
3252
3236
3050
2949
3004
2982
2870
2844
2896
2942
2987
2929
2967
3023
2889
2582
2328
1979
1865
2051
2078
1966
1804
1977
2257
2460
2479
2416
2540
2573
2322
1790
1133
611
261
426
1297
2647
4004
5174
5993
6317
6007
5239
4306
2871
1273
18
-918
-1429
-1407
-787
217
1441
2678
3822
4639
4919
4599
3864
2695
1256
-8
-1133
-2137
-2521
-2351
-1751
-724
431
1383
2132
2612
2841
2780
2285
1491
526
-591
-1618
-2212
-2523
-2509
-2108
-1464
-592
381
1105
1567
1782
1786
1587
984
244
-588
-1333
-1922
-2255
-2301
-2189
-1734
-1201
-552
-42
188
183
181
13
-286
-861
-1279
-1616
-1914
-2061
-2021
-1796
-1583
-1361
-1019
-633
-483
-335
-316
-431
-740
-1036
-1284
-1489
-1620
-1690
-1685
-1386
-972
-851
-687
-462
-277
-273
-384
-455
-576
-813
-1454
-2186
-2948
-3922
-4849
-5466
-5672
-5610
-5677
-5409
-4794
-3827
-2991
-2316
-1576
-1162
-1206
-1387
-1866
-2618
-3726
-4736
-5242
-5468
-5560
-5331
-4679
-3652
-2656
-1893
-1115
-352
-83
-277
-561
-827
-1164
-1559
-1997
-2285
-2448
-2353
-2022
-1407
-692
-45
730
1384
1765
1865
1890
1918
1784
1605
1513
1332
1311
1557
1905
1995
2204
2492
2785
3127
3362
3483
3573
3653
3585
3435
3218
3269
3416
3291
3050
3000
2845
2819
2803
2686
2556
2508
2417
2191
2162
2141
2082
1993
1909
1893
2012
2247
2242
2247
2217
2222
2037
1558
1049
514
66
147
918
2015
3496
5025
6011
6330
6056
5290
4204
2898
1574
271
-752
-1437
-1620
-1298
-338
926
2210
3507
4422
4823
4739
4090
3056
1646
275
-883
-1755
-2166
-2233
-1895
-962
155
1187
2085
2631
2900
2953
2541
1868
933
-152
-1069
-1988
-2502
-2559
-2120
-1526
-611
332
973
1427
1769
1838
1416
797
293
-341
-991
-1591
-1932
-1944
-1975
-1690
-1362
-889
-358
82
291
311
79
-188
-628
-1027
-1450
-1761
-1913
-2096
-1886
-1454
-1071
-679
-428
-264
-215
-96
-112
-524
-897
-1081
-1194
-1390
-1526
-1486
-1247
-841
-444
-253
-231
-121
57
178
229
169
-197
-646
-1347
-2282
-3220
-3999
-4616
-5100
-5298
-5142
-4763
-4176
-3463
-2674
-1868
-1293
-806
-614
-722
-1203
-2091
-2986
-3700
-4303
-4726
-4757
-4488
-3868
-3026
-2320
-1547
-735
-112
419
658
616
158
-494
-987
-1379
-1619
-1653
-1617
-1393
-882
-164
486
1068
1641
2175
2512
2393
1980
1606
1369
1335
1307
1370
1540
1839
2269
2745
3008
2801
2483
2090
1545
1026
765
789
923
1393
2147
2851
3680
4366
4459
4217
3817
3041
2166
1343
755
602
662
1162
2208
3483
4636
5771
6588
7009
7087
6666
5996
5255
4550
3856
3144
2689
2638
3080
4068
5495
7099
8606
9752
10384
10254
9449
8191
6576
5033
3573
2290
1387
951
1149
1688
2775
4199
5458
6150
6278
6086
5514
4592
3395
2172
955
-269
-1100
-1283
-883
-390
232
1023
1881
2627
3004
3174
2980
2401
1593
522
-669
-1661
-2385
-2806
-2810
-2417
-1862
-1104
-297
317
861
1134
1142
905
459
-181
-819
-1383
-1895
-2185
-2271
-2119
-1619
-961
-62
606
1106
1469
1426
1301
1059
843
608
503
411
277
392
821
1331
1664
1876
2033
2305
2531
2376
2049
1697
1357
1228
1165
958
767
717
807
1080
1273
1427
1431
1476
1403
1452
1414
1137
842
478
-127
-960
-1748
-2545
-3434
-4123
-4441
-4630
-4618
-4222
-3527
-2746
-1945
-1153
-569
-475
-851
-1433
-2240
-2950
-3595
-4387
-5003
-5225
-5217
-4933
-4327
-3586
-2739
-1909
-1221
-765
-893
-1161
-1567
-2093
-2714
-3316
-3856
-4203
-4255
-4029
-3712
-3121
-2327
-1818
-1282
-792
-278
165
56
-261
-582
-1152
-1696
-2068
-2375
-2395
-2014
-1654
-1085
-296
444
1079
1432
1619
1401
939
369
-373
-1044
-1404
-1517
-1424
-1135
-598
-20
332
711
948
967
477
-266
-899
-1704
-2448
-3031
-3348
-3360
-3166
-2694
-2132
-1661
-1324
-990
-1127
-1779
-2902
-4200
-5392
-6193
-6321
-5662
-4209
-2393
-706
478
1012
868
213
-1162
-2869
-4667
-6456
-7829
-8661
-8799
-8277
-7002
-5157
-3134
-1595
-732
-302
-357
-902
-1966
-3486
-5129
-6492
-7504
-7868
-7405
-6672
-5597
-4180
-2652
-1528
-769
-455
-336
-586
-1331
-2319
-3318
-4316
-5076
-5345
-5049
-4503
-3630
-2684
-1630
-567
98
515
651
502
33
-593
-1329
-2068
-2711
-3143
-3096
-2637
-1944
-1441
-1057
-580
-155
177
232
129
-212
-727
-1108
-1575
-1915
-2138
-2124
-1882
-1532
-1099
-603
-247
-95
-28
-121
-351
-640
-852
-1182
-1367
-1576
-1582
-1347
-939
-559
-207
66
124
205
432
695
794
557
-14
-443
-936
-1610
-2335
-3007
-3455
-3708
-3820
-3477
-2886
-2097
-1277
-236
738
1411
1778
1765
1460
1039
647
88
-677
-1154
-1298
-1306
-1092
-393
589
1515
2447
3383
3966
4270
4307
3910
3433
2899
2384
1844
1412
1239
1430
1714
2166
2724
3234
3644
4014
4217
4233
4113
3780
3531
3218
2761
2380
2180
2207
2290
2597
2933
3171
3418
3555
3658
3584
3547
3360
3281
3171
3102
3003
2883
2841
2842
2995
3036
3029
3014
2845
2502
2190
2188
2103
1921
1801
1638
1676
1761
2041
2068
2012
2132
2131
2215
2346
2380
1881
815
-144
-670
-766
-404
369
1752
3020
3923
4304
4400
4144
3588
2723
1607
694
49
-180
-151
422
1377
2471
3558
4425
4842
4996
4889
4308
3497
2433
1378
247
-566
-600
-195
511
1286
2325
3269
4069
4672
4879
4802
4555
3875
2886
1951
1109
491
166
341
910
1670
2321
3041
3680
4253
4560
4481
4070
3474
2811
2216
1772
1407
1029
862
1012
1364
1898
2608
3058
3266
3456
3606
3461
3232
2735
2115
1628
1254
975
815
673
856
1080
1203
1355
1588
1926
2138
1909
1494
1214
977
787
741
743
668
815
1093
1254
1379
1551
1801
1873
1860
1914
1981
1764
1286
696
-74
-885
-1590
-2321
-2802
-2898
-2749
-2505
-2114
-1401
-388
535
1274
1732
1654
1259
862
235
-230
-806
-1365
-1731
-1855
-1587
-884
-68
802
1621
2231
2802
3231
3386
3081
2379
1609
966
562
96
-188
-8
262
694
1020
1362
2024
2754
3001
2773
2531
2356
1961
1537
1237
1017
854
763
551
541
783
1186
1571
1780
1749
1674
1548
1449
1172
590
388
417
433
468
432
400
390
329
270
189
40
-185
-399
-735
-891
-1123
-1348
-1368
-1270
-1165
-1216
-1263
-1164
-1213
-1236
-1013
-1010
-1128
-1367
-1674
-1651
-1051
16
1451
2882
4209
4923
5166
4885
3777
2285
439
-1453
-3364
-5081
-5907
-5831
-5171
-4093
-2249
-235
1750
3385
4139
4024
3429
2340
941
-757
-2534
-3961
-4988
-5449
-5285
-4487
-3268
-1924
-550
528
1039
1073
776
13
-1021
-2210
-3588
-4851
-5782
-6261
-6032
-5469
-4586
-3551
-2653
-1895
-1194
-543
-212
-613
-1341
-2084
-2807
-3516
-4086
-4561
-4718
-4621
-4309
-3879
-3381
-2813
-2585
-2459
-2538
-2686
-2724
-2776
-3058
-3210
-3171
-3177
-2948
-2476
-1920
-1586
-1244
-838
-774
-754
-711
-922
-1182
-1089
-1157
-1335
-1278
-1119
-860
-439
-77
282
645
915
1075
1187
1268
1043
713
209
-438
-1106
-1981
-2753
-3307
-3792
-4048
-3951
-3527
-2972
-2254
-1223
-271
431
808
942
819
490
-149
-981
-1621
-2244
-3006
-3455
-3336
-2762
-1882
-1047
-206
603
1073
1247
1152
887
569
112
-456
-1133
-1846
-2129
-2169
-1985
-1624
-1291
-747
-317
-10
350
585
713
467
172
-39
-299
-505
-770
-801
-719
-685
-380
-141
127
659
1090
1197
1093
953
842
924
983
958
1011
953
987
1197
1275
1031
898
952
885
839
623
335
227
110
75
80
202
374
434
526
483
630
646
530
479
339
-5
-588
-1243
-1656
-1632
