-4722
-4550
-4435
-4191
-3948
-3857
-4200
-4524
-4641
-4704
-4951
-5280
-5326
-5267
-5125
-4944
-4698
-4509
-4423
-4121
-3893
-3735
-3676
-3613
-3602
-4218
-5047
-5801
-6551
-7479
-8390
-9024
-9200
-9053
-8704
-8124
-7415
-6582
-5727
-4764
-4095
-3731
-3626
-4072
-4864
-5634
-6320
-6940
-7247
-7202
-6976
-6446
-5579
-4389
-3248
-2366
-1672
-1413
-1638
-1826
-2056
-2548
-3123
-3810
-4293
-4562
-4543
-4349
-4049
-3392
-2555
-1996
-1674
-1501
-1741
-2135
-2645
-3350
-4238
-4829
-4883
-4524
-3863
-2824
-1726
-769
-496
-990
-2210
-3851
-5632
-7718
-9794
-11329
-11845
-11435
-10454
-8908
-7350
-6083
-5153
-4783
-4860
-5711
-7328
-9177
-11019
-12378
-13098
-13165
-12266
-10466
-7895
-5297
-2976
-996
513
1258
1122
338
-777
-2112
-3583
-4897
-5688
-5452
-4319
-2260
551
3451
5974
7801
8449
8165
6793
4693
2191
-716
-3472
-5844
-7504
-8127
-7572
-5858
-3585
-1258
810
2165
2873
2591
1569
-64
-2295
-5016
-7623
-9539
-10699
-10816
-10179
-9005
-7237
-5457
-4009
-3085
-2766
-3144
-4134
-5541
-7300
-9183
-10767
-12050
-12962
-13132
-12722
-11831
-10681
-9153
-7595
-6454
-5821
-5478
-5783
-6543
-7742
-9160
-10335
-11410
-12294
-12575
-12375
-11927
-11044
-10114
-8955
-7536
-6550
-5798
-5340
-5261
-5035
-4911
-4817
-4684
-4513
-4131
-3736
-3225
-2492
-1892
-1449
-1093
-991
-873
-964
-1075
-1142
-1451
-1657
-1688
-1550
-1455
-1479
-1408
-1226
-1096
-1129
-1226
-1440
-1685
-1932
-2187
-2534
-2870
-3293
-3852
-4475
-5075
-5654
-5882
-5948
-5972
-5671
-5046
-4254
-3530
-2932
-2414
-2161
-2144
-2346
-2849
-3805
-4873
-5786
-6729
-7480
-7881
-8068
-8003
-7549
-6850
-6028
-5273
-4643
-4182
-4030
-4243
-4463
-4922
-5441
-5714
-5699
-5592
-5492
-5162
-4577
-3713
-2789
-1831
-882
-123
443
938
1220
1375
1436
1333
916
106
-668
-1551
-2680
-3888
-4739
-4705
-3609
-2015
-93
1870
3583
4720
5385
5296
4411
2971
1051
-948
-2501
-3357
-3479
-2845
-1352
679
2759
4640
6148
6836
6807
6328
5222
3617
1798
340
-552
-923
-586
524
2283
4402
6360
7650
8419
8769
8814
8916
8981
9018
8961
8813
8562
8153
7583
6938
5901
4733
3546
2409
1242
316
-145
-77
530
1482
2554
3685
4779
5485
5616
5435
4642
3433
2214
1122
113
-929
-1602
-1899
-1799
-1449
-983
-357
142
548
649
331
-149
-671
-1376
-2470
-3478
-4102
-4579
-4725
-4709
-4498
-4469
-4312
-3943
-3879
-4049
-4232
-4372
-4441
-4581
-4836
-4949
-4905
-4847
-4729
-4582
-4300
-3961
-3911
-3776
-3717
-3817
-4132
-4543
-4807
-4701
-4478
-4183
-3827
-3445
-2920
-2417
-1877
-1324
-805
-382
-437
-600
-854
-1248
-1681
-2038
-2190
-2275
-2482
-2557
-2592
-2273
-1753
-1412
-1294
-1103
-857
-794
-784
-974
-1332
-1855
-2901
-4166
-5423
-6693
-7985
-9000
-9582
-9773
-9811
-9389
-8240
-6930
-5771
-4919
-4469
-4389
-4604
-5049
-5770
-6843
-7918
-8908
-9617
-9893
-9856
-9612
-9162
-8461
-7710
-6924
-6258
-5906
-5773
-5870
-6209
-6743
-7410
-8072
-8515
-8780
-8824
-8918
-8579
-7851
-7043
-6271
-5700
-5112
-4699
-4358
-4015
-3858
-3838
-3713
-3678
-3538
-3262
-3006
-2681
-2344
-1928
-1586
-1256
-987
-976
-1160
-1329
-1456
-1532
-1636
-1929
-2173
-2094
-1969
-1905
-1729
-1445
-1469
-1781
-1994
-2177
-2307
-2564
-2857
-3084
-3309
-3318
-3306
-3317
-3144
-2910
-2819
-2616
-2486
-2479
-2534
-2838
-3337
-4018
-4781
-4911
-4319
-3364
-2165
-954
-9
470
232
-722
-1948
-3052
-4487
-6037
-7249
-8159
-8632
-8439
-7624
-6292
-4818
-3584
-2568
-1929
-2021
-2626
-3615
-4898
-6246
-7649
-8771
-9479
-9768
-9471
-8467
-7066
-5729
-4474
-3743
-3265
-2954
-3229
-3979
-4941
-5959
-7110
-7980
-8591
-8838
-8692
-8037
-7083
-6205
-5152
-4232
-3636
-3173
-3154
-3476
-3906
-4655
-5577
-6334
-6675
-6933
-6890
-6348
-6021
-5737
-5264
-4768
-4445
-4401
-4508
-4884
-5264
-5533
-5803
-6050
-6119
-6111
-6251
-6248
-6098
-5777
-5451
-5309
-5305
-5205
-5274
-5543
-5805
-6175
-6468
-6556
-6321
-6188
-6040
-6062
-5817
-5436
-5023
-4756
-4630
-4652
-4664
-4670
-4921
-5436
-6186
-6975
-7986
-8968
-9613
-10271
-10676
-10602
-10239
-9668
-8812
-7814
-6804
-5933
-5316
-4981
-5016
-5573
-6221
-6915
-7692
-8418
-8829
-8945
-8839
-8285
-7373
-6237
-5217
-4350
-3671
-3121
-2726
-2646
-3059
-3610
-4132
-4496
-4770
-5013
-5013
-4811
-4140
-3420
-2801
-2086
-1418
-847
-459
-211
22
41
9
3
-20
-59
-94
131
269
443
908
1436
1802
1958
2033
2189
2319
2456
2512
2387
2253
2143
2143
2200
2226
2118
1909
1829
1856
1927
1708
1359
1195
940
733
690
709
791
856
882
895
1168
1336
1461
1611
1638
1301
684
146
-307
-394
-96
816
2188
3578
4918
5697
5767
5363
4616
3627
2354
898
-384
-1398
-1863
-1681
-1012
46
1312
2640
3579
4033
4095
3867
3229
2230
978
-380
-1569
-2447
-2726
-2442
-1761
-774
470
1476
2266
2794
2805
2488
1983
1156
-47
-1064
-1953
-2558
-3004
-3059
-2624
-1924
-1031
-102
738
1203
1133
924
688
153
-514
-1321
-2081
-2582
-3003
-3165
-3097
-2674
-2055
-1649
-1257
-889
-763
-929
-1008
-1333
-1888
-2383
-2734
-2879
-2884
-2858
-2561
-2391
-2275
-1914
-1566
-1351
-1391
-1502
-1804
-2063
-2251
-2563
-2883
-2934
-2886
-2673
-2421
-2286
-2204
-2048
-1804
-1656
-1541
-1536
-1527
-1722
-2141
-2755
-3527
-4348
-5428
-6306
-6880
-7214
-7291
-7135
-6640
-5998
-5312
-4505
-3861
-3174
-2656
-2629
-2982
-3667
-4699
-5780
-6453
-6913
-7246
-7235
-6958
-6382
-5646
-4766
-3808
-3087
-2488
-2154
-2180
-2386
-2913
-3518
-4089
-4462
-4700
-4992
-4897
-4479
-4017
-3356
-2611
-1949
-1547
-1250
-881
-548
-628
-813
-998
-1271
-1532
-1573
-1469
-1186
-878
-593
-73
260
503
717
906
968
895
922
852
590
366
257
254
341
381
238
215
133
28
-94
-336
-614
-727
-760
-744
-949
-1054
-1079
-972
-860
-754
-649
-717
-765
-804
-1013
-1632
-2411
-3105
-3328
-2938
-2225
-1135
325
1791
2916
3501
3379
2612
1318
-258
-1630
-2920
-4027
-4927
-5283
-4824
-3863
-2663
-1237
170
980
1250
1031
371
-667
-1857
-3247
-4687
-5731
-6283
-6268
-5765
-4743
-3607
-2554
-1527
-741
-490
-750
-1249
-1973
-2978
-4034
-4959
-5799
-6384
-6674
-6348
-5659
-4795
-3702
-2751
-2270
-2168
-2178
-2304
-2622
-3462
-4475
-5323
-5878
-6254
-6429
-6340
-5967
-5526
-5066
-4435
-3941
-3814
-3981
-4105
-4207
-4708
-5184
-5514
-5907
-6088
-6020
-5842
-5601
-5284
-4864
-4460
-4242
-4075
-4059
-4066
-4271
-4627
-5065
-5553
-5676
-5541
-5492
-5295
-5047
-4813
-4604
-4439
-4198
-4052
-4015
-3993
-4087
-4460
-5107
-5560
-6251
-7201
-8227
-9123
-9696
-9923
-9732
-9119
-8314
-7678
-6791
-5780
-5101
-4631
-4500
-4751
-5402
-6311
-7109
-7951
-8576
-8887
-9010
-8745
-8105
-7139
-6215
-5421
-4624
-4020
-3550
-3392
-3453
-3759
-4292
-4833
-5199
-5562
-5725
-5562
-5100
-4479
-3710
-2943
-2208
-1671
-1339
-1138
-994
-755
-819
-1017
-1203
-1326
-1223
-851
-678
-541
-140
345
719
995
1275
1555
1584
1457
1555
1658
1499
1485
1403
1451
1579
1631
1625
1767
1913
1741
1430
1101
964
942
906
681
589
610
703
819
949
941
1013
1241
1273
1143
910
479
-128
-810
-1229
-1256
-1056
-178
1269
2780
3982
4664
4664
4223
3468
2485
1049
-417
-1439
-2056
-2203
-1959
-1264
-208
1057
2342
3245
3594
3462
3021
2090
948
-310
-1564
-2548
-3067
-3092
-2692
-1730
-580
368
1182
1929
2268
2363
2095
1312
388
-607
-1604
-2341
-2797
-2861
-2560
-1825
-1086
-277
433
1153
1586
1573
1399
1017
456
-384
-1048
-1444
-1935
-2349
-2416
-2085
-1579
-1036
-514
-180
79
250
42
-366
-759
-1206
-1745
-2091
-2279
-2270
-2302
-2209
-1809
-1444
-1148
-753
-617
-734
-931
-1301
-1613
-1722
-1988
-2179
-2336
-2436
-2242
-2110
-1927
-1701
-1588
-1505
-1463
-1321
-1212
-1262
-1333
-1773
-2533
-3430
-4360
-5276
-5975
-6485
-6983
-7115
-6707
-6120
-5452
-4594
-3905
-3215
-2324
-1827
-2019
-2442
-3162
-3993
-4810
-5632
-6324
-6547
-6358
-5661
-4810
-4057
-3150
-2177
-1248
-672
-582
-710
-1081
-1638
-2234
-2815
-3263
-3431
-3466
-3234
-2744
-2155
-1489
-922
-217
360
675
712
697
692
543
305
275
392
468
573
591
886
1404
1700
2003
2174
2191
2377
2577
2559
2405
2185
2037
1846
1778
1785
1892
2055
1957
1833
1863
1764
1335
924
710
627
658
561
484
508
509
422
369
517
727
824
849
738
648
182
-496
-894
-763
-136
931
2171
3649
4937
5599
5649
5123
4093
2539
1046
-401
-1855
-3033
-3637
-3384
-2441
-1093
354
1685
2796
3442
3606
3428
2600
1247
-170
-1624
-3139
-4054
-4330
-4294
-3887
-2852
-1497
-358
584
1170
1328
1181
687
-300
-1429
-2481
-3695
-4430
-4733
-4917
-4579
-3799
-2819
-1821
-1043
-427
-241
-418
-665
-1247
-2059
-2777
-3555
-4279
-4615
-4701
-4606
-4237
-3848
-3212
-2770
-2613
-2418
-2267
-2329
-2680
-3206
-3653
-3906
-4098
-4328
-4135
-3542
-3211
-2982
-2725
-2350
-2157
-2118
-2189
-2453
-2770
-3141
-3363
-3438
-3475
-3345
-3118
-2766
-2520
-2436
-2262
-2140
-1892
-1723
-1721
-1775
-1958
-2389
-3007
-3903
-4784
-5551
-6367
-7109
-7550
-7707
-7490
-6864
-6051
-5230
-4312
-3368
-2670
-2432
-2539
-2986
-3653
-4315
-4994
-5862
-6629
-6984
-7001
-6682
-5878
-4792
-3955
-3315
-2689
-2104
-1713
-1712
-1930
-2288
-2934
-3577
-3944
-4130
-4219
-4121
-3860
-3293
-2624
-1974
-1335
-704
-333
-220
-74
2
16
-104
-322
-295
-373
-295
-48
309
735
1227
1722
1929
2099
2338
2438
2462
2500
2421
2190
2088
2108
2221
2256
2138
2171
2272
2227
1999
2006
1978
1734
1464
1286
1296
1210
1096
1190
1481
1542
1583
1689
1792
1901
1769
1427
1111
544
-101
-533
-550
-55
996
2390
3695
4657
5145
5151
4479
3330
2099
549
-622
-1575
-2094
-2043
-1650
-926
253
1679
3014
3801
4073
4041
3404
2340
1003
-446
-1639
-2597
-3223
-3521
-2961
-1807
-653
449
1337
1966
2274
2327
1969
1247
339
-735
-1878
-2578
-2812
-2809
-2508
-1823
-983
-271
320
863
1216
1253
1025
671
136
-639
-1357
-2004
-2367
-2407
-2372
-2072
-1468
-972
-509
-257
-65
-8
-146
-494
-939
-1192
-1524
-1880
-2109
-2113
-1923
-1541
-1310
-1110
-882
-705
-657
-757
-932
-1105
-1219
-1491
-1620
-1813
-1815
-1725
-1578
-1531
-1455
-1226
-1049
-905
-758
-890
-1188
-1217
-1287
-1760
-2410
-3159
-4130
-5113
-5869
-6308
-6460
-6314
-6000
-5508
-4728
-3848
-2911
-2211
-1762
-1620
-1857
-2374
-3009
-3893
-4803
-5430
-5785
-5825
-5482
-4869
-4067
-3195
-2307
-1472
-813
-465
-445
-501
-701
-1007
-1585
-2257
-2542
-2585
-2463
-2127
-1538
-942
-276
470
1143
1651
1947
2135
2343
2489
2361
1986
1694
1595
1757
2002
2254
2653
3093
3399
3599
3765
3885
4116
4115
3978
3898
3932
3741
3704
3752
3769
3637
3612
3653
3748
3882
3641
3396
3195
2935
2692
2476
2511
2520
2495
2489
2520
2630
2690
2832
2933
2831
2721
2465
1886
1142
659
617
1115
2213
3657
4959
5904
6624
6744
6196
5098
3888
2574
1155
-89
-909
-1202
-1042
-347
829
2339
3753
4501
4823
4818
4325
3416
2352
1108
-124
-1160
-1993
-2261
-1876
-1014
49
1009
1876
2547
3049
3180
2949
2344
1489
437
-594
-1502
-2074
-2284
-2169
-1678
-921
2
901
1546
1825
1911
1848
1433
809
-56
-966
-1669
-2054
-2346
-2366
-1974
-1590
-1144
-770
-508
-292
-211
-346
-505
-785
-1274
-1703
-1947
-2153
-2426
-2359
-2046
-1686
-1267
-873
-669
-629
-749
-838
-1012
-1219
-1568
-1971
-2086
-2076
-2071
-1921
-1672
-1500
-1439
-1247
-1037
-955
-811
-740
-754
-864
-1361
-2056
-2953
-3908
-4853
-5695
-6331
-6617
-6673
-6467
-5880
-5060
-4133
-3131
-2336
-1948
-1763
-1656
-2062
-2838
-3761
-4695
-5413
-5930
-6112
-5954
-5595
-4893
-3984
-2890
-1940
-1358
-1118
-938
-910
-1147
-1659
-2329
-2789
-3086
-3508
-3531
-3140
-2550
-1944
-1354
-760
-170
293
645
903
1011
935
766
634
466
328
373
488
705
917
1298
1916
2471
2681
2723
2805
2807
2779
2753
2723
2760
2546
2397
2472
2475
2532
2506
2426
2457
2249
2013
1874
1695
1527
1525
1458
1335
1215
1250
1303
1453
1692
1682
1617
1603
1592
1480
909
117
-391
-482
-98
760
2189
3671
4966
5632
5726
5452
4686
3492
2168
744
-418
-1352
-2154
-2264
-1502
-400
913
2404
3356
3804
3942
3550
3034
2056
635
-786
-1982
-2766
-3220
-3068
-2326
-1144
-93
832
1679
2290
2387
2115
1541
792
-141
-1204
-2008
-2562
-2895
-2700
-2151
-1555
-850
-19
747
1387
1729
1525
1030
595
-76
-903
-1633
-2274
-2715
-2810
-2521
-2002
-1408
-963
-752
-511
-342
-208
-385
-767
-1143
-1451
-1930
-2272
-2406
-2236
-1793
-1394
-1174
-905
-453
-265
-412
-529
-646
-769
-957
-1294
-1535
-1550
-1628
-1570
-1288
-1000
-857
-929
-846
-506
-300
-190
-60
-221
-677
-1314
-2240
-3186
-3921
-4625
-5175
-5574
-5665
-5327
-4799
-4331
-3639
-2721
-1940
-1272
-819
-828
-1369
-2015
-2731
-3522
-4350
-4921
-5073
-5010
-4631
-3912
-3012
-2025
-1180
-564
-131
220
421
103
-142
-446
-901
-1144
-1501
-1752
-1665
-1266
-583
77
686
1321
1842
2286
2415
2352
2352
2378
2319
2217
2144
2156
2265
2443
2632
2908
3121
3491
3820
4102
4321
4427
4430
4229
4154
4050
4037
3997
3951
3983
3950
3952
3924
3787
3707
3696
3685
3455
3208
3052
2895
2847
2893
2856
2956
3025
3055
3171
3296
3338
3259
3063
2695
1963
1461
1359
1549
2309
3300
4426
5632
6739
7241
6973
6332
5464
4143
2602
1021
-2
-444
-488
-107
688
1949
3294
4351
5095
5425
5326
4821
3935
2805
1457
149
-706
-1238
-1509
-1009
-41
978
1844
2730
3498
3791
3510
3001
2358
1414
536
-491
-1300
-1671
-1773
-1430
-699
322
1175
1719
2139
2432
2453
2149
1738
1191
494
-279
-867
-1144
-1403
-1374
-934
-416
-7
348
795
1055
935
861
630
95
-372
-742
-1030
-1182
-1157
-997
-635
-286
29
326
508
496
489
511
415
-28
-510
-714
-775
-685
-444
-387
-453
-320
140
599
668
638
498
317
186
-79
-495
-1227
-2041
-2780
-3603
-4498
-4999
-5178
-5157
-4853
-4276
-3428
-2649
-1886
-1207
-671
-521
-958
-1577
-2253
-2857
-3526
-4134
-4447
-4655
-4519
-3866
-2977
-2063
-1168
-421
206
594
544
380
204
-232
-804
-1284
-1622
-1763
-1750
-1506
-1036
-503
124
815
1373
1717
1940
1989
1748
1361
1148
998
882
1023
1398
1923
2382
2647
2572
2250
1906
1449
845
425
396
423
653
1160
1784
2606
3420
3990
4150
3926
3319
2401
1361
519
27
-153
-44
661
1744
3094
4504
5569
6265
6550
6521
6163
5500
4594
3726
3062
2476
2104
2054
2591
3707
5091
6715
8373
9515
9840
9588
8955
7799
6197
4299
2581
1235
268
43
351
1073
2127
3328
4382
5267
5657
5497
4714
3782
2670
1325
46
-1081
-1722
-1865
-1774
-1408
-727
92
997
1771
2161
2081
1766
1355
756
-122
-1240
-2329
-3138
-3536
-3510
-3166
-2611
-1915
-1152
-421
87
387
451
271
-162
-906
-1741
-2330
-2753
-2908
-2705
-2294
-1935
-1454
-861
-282
256
659
828
786
579
344
173
-69
-172
5
198
480
753
1009
1278
1577
1802
1940
1886
1685
1460
1295
1004
872
706
728
831
810
860
1098
1316
1323
1190
1090
1089
1167
1172
911
268
-404
-1345
-2138
-2952
-3739
-4223
-4406
-4655
-4671
-4106
-3339
-2642
-2094
-1433
-998
-1011
-1029
-1251
-1798
-2443
-3232
-4278
-5019
-5268
-5108
-4718
-4163
-3363
-2433
-1701
-1103
-636
-510
-740
-1213
-1693
-2285
-2813
-3244
-3650
-3758
-3440
-2949
-2473
-1736
-1081
-575
-90
206
409
390
35
-282
-755
-1447
-1878
-2119
-2073
-1760
-1157
-412
482
1125
1556
1970
2063
1574
1124
625
39
-511
-1057
-1165
-897
-540
-137
415
915
1207
1341
1352
967
192
-566
-1281
-1849
-2159
-2492
-2738
-2644
-2080
-1398
-1099
-1029
-656
-564
-1254
-2515
-3636
-4563
-5264
-5526
-4743
-3362
-1635
30
1211
1852
1777
1014
-224
-2041
-3902
-5402
-6575
-7332
-7606
-6979
-5651
-4073
-2411
-845
125
505
484
-136
-1301
-2769
-4260
-5545
-6415
-6907
-6615
-5693
-4528
-3104
-1620
-617
-2
412
422
72
-546
-1375
-2531
-3610
-4374
-4664
-4362
-3833
-2996
-1905
-859
-2
649
1152
1178
916
433
-185
-840
-1438
-1989
-2263
-2298
-1970
-1377
-806
-399
-126
218
551
716
568
170
-328
-841
-1164
-1284
-1381
-1354
-1151
-817
-374
3
118
149
267
241
16
-233
-412
-607
-723
-707
-682
-612
-393
-177
84
383
648
876
958
997
1080
909
650
85
-807
-1534
-2106
-2630
-3159
-3639
-3592
-3270
-2639
-1827
-741
318
971
1534
1864
1975
1934
1486
863
129
-569
-969
-1084
-880
-525
2
996
1991
2748
3507
4084
4204
4054
3764
3404
2976
2334
1720
1443
1213
1378
1738
2249
2743
3079
3528
4090
4292
4283
4160
3825
3458
3162
2921
2763
2553
2470
2569
2674
3019
3452
3697
3666
3629
3780
3769
3464
3313
3242
2969
2755
2882
3024
3009
2886
2812
2941
2834
2617
2509
2293
2080
1929
1813
1784
1796
1842
1653
1666
1767
1897
2119
2140
1963
1956
1914
1433
701
-198
-933
-1089
-513
359
1503
2743
3671
4091
4136
3867
3232
2333
1634
956
166
-357
-301
262
1176
2223
3390
4370
4817
4831
4635
4042
3117
2076
1049
72
-411
-671
-604
25
1038
2186
3226
3926
4414
4675
4539
4158
3526
2692
1852
1176
713
442
490
882
1530
2290
2933
3608
4208
4429
4217
3819
3373
2940
2333
1619
1112
870
768
942
1294
1769
2365
2837
2953
2930
2973
2919
2691
2231
1578
1158
959
640
389
418
579
848
1040
1218
1407
1626
1573
1357
1181
851
733
565
408
562
522
674
837
1015
1143
1192
1388
1596
1735
1748
1685
1494
959
120
-648
-1335
-1958
-2543
-2992
-3314
-3250
-2782
-2191
-1570
-663
217
980
1448
1419
1058
632
93
-531
-1206
-1790
-2136
-2263
-1954
-1219
-267
578
1469
2243
2719
3071
3120
2838
2384
1780
1186
671
191
-183
-306
-30
404
913
1382
1865
2429
2651
2506
2244
1931
1502
1100
814
679
473
251
184
435
662
905
1197
1440
1540
1642
1650
1448
1157
804
568
470
366
202
49
-19
39
218
278
227
117
-94
-424
-667
-932
-1207
-1375
-1344
-1152
-1077
-919
-946
-1092
-1111
-1052
-948
-941
-1070
-1364
-1600
-1557
-938
299
1705
3170
4412
5347
5680
5321
4262
2580
637
-1448
-3407
-4885
-5804
-6034
-5556
-4068
-1982
49
1981
3390
4095
4151
3575
2496
1086
-759
-2719
-4331
-5357
-5849
-5499
-4553
-3297
-2037
-666
566
1278
1253
885
316
-552
-1905
-3379
-4658
-5612
-5993
-5941
-5329
-4323
-3286
-2192
-1177
-593
-367
-352
-539
-1102
-1859
-2572
-3270
-3885
-4140
-4352
-4394
-4134
-3695
-3168
-2780
-2459
-2299
-2178
-2259
-2628
-2919
-3103
-3132
-2904
-2502
-2023
-1685
-1410
-993
-642
-392
-364
-475
-532
-703
-839
-976
-1059
-991
-957
-721
-536
-295
132
608
909
1177
1488
1626
1470
1257
801
391
-118
-739
-1604
-2430
-2968
-3441
-3541
-3370
-2998
-2458
-1822
-943
-187
529
1115
1450
1426
968
264
-642
-1525
-2103
-2594
-2853
-2891
-2474
-1749
-844
-12
688
1406
1812
1768
1501
1115
560
-135
-816
-1414
-1790
-1901
-1790
-1450
-1083
-669
-172
400
861
1157
1144
830
541
155
-60
-254
-402
-421
-211
53
165
342
598
815
1006
1140
1219
1310
1357
1213
928
922
1164
1272
1094
1025
1192
1359
1272
1185
1107
935
818
623
468
356
152
103
285
452
663
726
707
776
882
1039
911
632
276
-316
-831
-1100
-1025
