-5070
-4761
-4477
-4015
-3695
-3709
-3568
-3640
-4014
-4458
-4642
-4582
-4623
-4656
-4397
-4029
-3863
-3771
-3519
-3201
-2988
-2987
-2813
-2791
-2926
-3476
-4176
-4902
-5883
-6892
-7782
-8188
-8294
-8181
-7937
-7478
-6654
-5749
-4983
-4086
-3375
-2974
-3071
-3562
-4327
-5234
-6034
-6459
-6807
-6994
-6906
-6492
-5617
-4345
-3361
-2659
-2130
-1605
-1523
-1604
-1932
-2562
-3504
-4193
-4673
-4996
-5142
-4978
-4485
-3954
-3626
-3009
-2496
-2272
-2458
-2850
-3440
-4174
-4981
-5313
-5306
-5097
-4420
-3496
-2228
-1158
-879
-1409
-2463
-3756
-5664
-7977
-9937
-11210
-11845
-11658
-10790
-9095
-7081
-5509
-4619
-4345
-4647
-5511
-6805
-8536
-10374
-11994
-12890
-12795
-11665
-10051
-7735
-5215
-2940
-779
819
1535
1366
634
-344
-1833
-3463
-4876
-6103
-6751
-6287
-4689
-2104
742
3454
5542
6695
6932
6155
4608
2506
191
-2178
-4143
-5490
-6112
-5822
-4746
-3270
-1759
-363
837
1116
520
-392
-1694
-3404
-5677
-7761
-9228
-10041
-9996
-9206
-8076
-6724
-5291
-3950
-3175
-3172
-3518
-4229
-5330
-6873
-8652
-10187
-11232
-11913
-12024
-11460
-10323
-8929
-7706
-6464
-5441
-4860
-4794
-5339
-6285
-7372
-8563
-9898
-11039
-11667
-11749
-11390
-10782
-9801
-8622
-7272
-5977
-4799
-3893
-3389
-3306
-3282
-3402
-3705
-3959
-4047
-3746
-3179
-2699
-2087
-1564
-1255
-915
-651
-470
-533
-890
-1130
-1157
-1426
-1755
-2021
-2043
-2084
-1881
-1792
-1892
-1999
-2055
-2212
-2450
-2717
-2854
-2992
-3397
-3927
-4435
-5063
-5815
-6376
-6647
-6933
-6976
-6844
-6184
-5268
-4681
-4134
-3492
-2994
-2956
-3182
-3634
-4601
-5683
-6559
-7332
-7962
-8301
-8447
-8353
-7823
-7064
-6297
-5472
-4812
-4238
-3882
-3783
-4035
-4521
-4948
-5509
-5745
-5494
-5105
-4604
-3817
-2986
-2020
-1284
-598
195
929
1435
1710
1904
2052
1876
1391
589
-269
-1240
-2379
-3739
-4506
-4347
-3489
-1878
90
1976
3762
4908
5496
5449
4677
3112
992
-1134
-2798
-3838
-4249
-3737
-2299
-251
2008
3959
5437
6235
6386
5796
4578
3067
1287
-241
-1238
-1561
-1414
-598
1123
3153
5034
6357
7040
7087
6677
6355
6174
5965
5948
6259
6508
6791
6951
6686
6152
5336
4200
2996
1805
796
2
-610
-469
326
1381
2390
3368
4369
5046
5048
4449
3653
2571
1308
-126
-1321
-2003
-2419
-2411
-1907
-1193
-465
358
1233
1669
1627
1268
709
-89
-1172
-2387
-3378
-4018
-4283
-4318
-4335
-4263
-3924
-3602
-3451
-3429
-3247
-3348
-3658
-3920
-4098
-4332
-4432
-4577
-4617
-4408
-4068
-3801
-3605
-3344
-3073
-2957
-2900
-3133
-3577
-4036
-4226
-4269
-4171
-3786
-3458
-3149
-2636
-2114
-1712
-1319
-990
-750
-843
-1192
-1710
-2149
-2560
-2897
-3084
-3165
-3187
-3218
-3067
-2971
-2723
-2332
-1787
-1417
-1423
-1684
-2241
-3037
-3979
-5159
-6546
-7863
-8877
-9701
-10351
-10738
-10467
-9664
-8519
-7493
-6594
-5566
-5016
-4728
-4848
-5327
-6093
-7073
-8191
-9242
-9969
-10407
-10621
-10235
-9357
-8447
-7566
-6861
-6203
-5822
-5669
-5713
-6064
-6536
-7220
-7835
-8132
-8352
-8324
-7970
-7523
-6814
-6038
-5398
-4893
-4364
-4044
-3694
-3380
-3042
-2866
-2852
-2811
-2805
-2615
-2274
-1823
-1436
-978
-767
-677
-613
-552
-497
-681
-924
-1119
-1292
-1401
-1386
-1348
-1385
-1317
-1179
-1255
-1445
-1555
-1536
-1585
-1830
-2183
-2641
-2921
-3084
-3104
-3042
-2922
-2923
-2892
-2680
-2272
-1943
-2038
-2205
-2413
-2971
-3609
-4179
-4343
-3854
-3118
-1945
-516
425
895
797
242
-738
-2230
-3931
-5409
-6650
-7604
-8012
-7740
-6899
-5630
-4118
-2772
-1790
-1268
-1238
-1745
-2701
-4000
-5548
-6999
-8117
-8869
-9038
-8708
-8029
-6781
-5440
-4159
-3087
-2519
-2400
-2591
-3123
-4119
-5320
-6538
-7562
-8134
-8397
-8353
-7756
-6822
-5875
-4937
-4023
-3202
-2819
-2872
-3276
-3869
-4619
-5369
-6032
-6668
-7011
-6995
-6693
-6255
-5873
-5566
-5179
-4743
-4641
-4687
-4936
-5159
-5430
-6050
-6518
-6619
-6645
-6704
-6721
-6430
-5914
-5469
-5304
-5343
-5478
-5792
-6030
-6240
-6471
-6632
-6778
-6940
-6910
-6622
-6254
-5951
-5712
-5436
-5216
-4990
-5077
-5129
-5202
-5496
-6085
-6744
-7587
-8559
-9513
-10488
-10986
-11203
-11264
-10814
-10002
-8969
-8059
-7370
-6607
-5956
-5579
-5561
-5942
-6669
-7574
-8630
-9278
-9562
-9816
-9859
-9159
-8068
-7021
-5947
-5188
-4533
-3922
-3623
-3760
-3990
-4204
-4760
-5551
-6122
-6332
-6190
-5917
-5387
-4493
-3910
-3401
-2681
-1953
-1284
-1014
-1083
-1223
-1350
-1491
-1462
-1500
-1598
-1485
-1214
-791
-352
-43
151
483
744
910
988
1016
928
569
197
114
219
268
340
347
454
290
66
-135
-338
-527
-793
-864
-886
-990
-1090
-1158
-965
-700
-416
-336
-314
-352
-418
-442
-530
-1020
-1573
-1975
-2056
-1654
-612
769
2014
3193
4099
4526
4264
3283
2000
766
-588
-1891
-2918
-3498
-3633
-3120
-2150
-883
651
1864
2589
2820
2483
1808
736
-483
-1712
-2978
-3986
-4374
-4332
-3731
-2774
-1710
-596
257
1000
1422
1346
790
-74
-1035
-2305
-3538
-4408
-4715
-4718
-4358
-3693
-2737
-1768
-1043
-430
-139
-115
-437
-1042
-1774
-2435
-3135
-3782
-4368
-4702
-4470
-3879
-3376
-3011
-2618
-2211
-1873
-1936
-2109
-2181
-2455
-2907
-3331
-3627
-3737
-3824
-3692
-3358
-2970
-2539
-2375
-2246
-2132
-2320
-2493
-2793
-3032
-3167
-3340
-3526
-3650
-3551
-3388
-3062
-2725
-2470
-2300
-2097
-1918
-1793
-1782
-2123
-2588
-3091
-3809
-4746
-5739
-6830
-7640
-7900
-7992
-7805
-7437
-6797
-5834
-4961
-4232
-3472
-2956
-2969
-3399
-4144
-5010
-5871
-6744
-7307
-7583
-7376
-7045
-6551
-5706
-4763
-3998
-3285
-2432
-1873
-1957
-2368
-2881
-3584
-4110
-4449
-4746
-4989
-4819
-4364
-3910
-3383
-2637
-1938
-1352
-761
-409
-274
-147
-88
-221
-572
-851
-835
-762
-687
-338
143
630
1002
1291
1458
1707
1816
1862
1874
1717
1546
1556
1609
1548
1446
1335
1132
1154
1219
1133
1025
790
511
501
292
213
200
209
122
17
41
164
59
115
343
365
121
-344
-1024
-1634
-2055
-2001
-1157
200
1718
3075
4093
4610
4437
3564
2357
1096
-355
-1792
-2920
-3519
-3688
-3536
-2816
-1351
137
1223
2044
2490
2368
1887
967
-285
-1790
-3449
-4793
-5419
-5324
-4842
-3958
-2831
-1758
-789
-49
342
383
112
-654
-1740
-2895
-4072
-5045
-5451
-5460
-5366
-4775
-3876
-2788
-1785
-1130
-907
-911
-1255
-1757
-2406
-3284
-4186
-4863
-5096
-5330
-5364
-5209
-4784
-4160
-3589
-3262
-3083
-2999
-3193
-3478
-3958
-4345
-4578
-4850
-5072
-5238
-5117
-4610
-4294
-4062
-3636
-3453
-3431
-3453
-3759
-4096
-4394
-4531
-4603
-4697
-4849
-4760
-4591
-4346
-4025
-4043
-3939
-3765
-3543
-3354
-3411
-3671
-4022
-4608
-5393
-6443
-7424
-8259
-8956
-9478
-9660
-9614
-9337
-8582
-7657
-6652
-5750
-5080
-4543
-4412
-4669
-5213
-5990
-6866
-7797
-8582
-8999
-9083
-8808
-8294
-7535
-6365
-5148
-4272
-3627
-3281
-3215
-3430
-3834
-4337
-4849
-5333
-5684
-5801
-5726
-5585
-5001
-4192
-3514
-2818
-2099
-1686
-1307
-974
-953
-1200
-1387
-1505
-1580
-1523
-1409
-1143
-853
-531
-151
337
620
721
940
1183
1296
1345
1136
989
961
964
994
984
991
1093
1183
1143
961
690
442
296
275
72
-69
-50
23
-57
-241
-27
267
370
298
183
146
-19
-246
-761
-1799
-2979
-3664
-3551
-2784
-1723
-596
536
1321
1518
1355
792
96
-644
-1381
-2010
-2405
-2454
-2119
-1454
-511
590
1534
2055
2202
1915
1385
622
-307
-1573
-2740
-3565
-4073
-4091
-3527
-2385
-1178
-94
817
1538
1943
2064
1693
880
-52
-884
-1636
-2387
-2719
-2600
-2308
-1678
-755
275
1088
1640
1931
1979
1703
1087
333
-336
-907
-1537
-2104
-2312
-2150
-1742
-1209
-635
41
565
768
714
529
163
-420
-1078
-1653
-2054
-2327
-2697
-3090
-3040
-2753
-2564
-2415
-2278
-2102
-1986
-1892
-2064
-2543
-2894
-2970
-3190
-3511
-3723
-3804
-3862
-3720
-3407
-3019
-2835
-2759
-2806
-2664
-2718
-3067
-3420
-4063
-4794
-5822
-6858
-7386
-7839
-8318
-8485
-8297
-7745
-6967
-6115
-5102
-4310
-3710
-3233
-3116
-3610
-4300
-4995
-5726
-6334
-6829
-7050
-6929
-6225
-5253
-4330
-3228
-2267
-1653
-1207
-932
-839
-912
-1160
-1609
-2157
-2507
-2800
-2941
-2712
-2133
-1480
-794
-28
642
1249
1417
1504
1696
1620
1378
1138
813
515
380
552
816
1178
1577
1884
2327
2503
2625
2762
2729
2680
2544
2265
1988
1938
1934
1906
1806
1865
1840
1733
1575
1335
1157
1097
964
811
581
442
406
451
448
455
661
761
859
745
683
782
664
353
192
516
1257
2125
3318
4894
6360
7467
7903
7595
6635
4950
2851
698
-1310
-3149
-4607
-5056
-4602
-3578
-1851
350
2545
4432
5704
6247
5957
4994
3471
1498
-520
-2419
-3932
-4944
-5106
-4590
-3658
-2378
-825
600
1613
2090
1984
1476
529
-781
-2321
-3740
-5018
-5900
-6228
-6067
-5372
-4341
-3144
-2100
-1153
-358
-120
-305
-646
-1315
-2269
-3108
-4044
-4767
-5013
-5191
-5210
-4953
-4705
-4456
-4146
-3833
-3552
-3429
-3371
-3504
-3658
-3922
-4011
-3801
-3484
-3076
-2671
-2433
-2160
-1963
-1847
-1783
-1818
-1916
-2177
-2310
-2449
-2629
-2705
-2670
-2295
-1881
-1620
-1307
-927
-665
-508
-347
-369
-537
-771
-1122
-1770
-2587
-3429
-4449
-5393
-6212
-6738
-6712
-6216
-5488
-4819
-4027
-2970
-1959
-1478
-1386
-1586
-1895
-2563
-3498
-4458
-5303
-6082
-6604
-6700
-6499
-6052
-5132
-4108
-3121
-2394
-1913
-1379
-1489
-1941
-2560
-3228
-3981
-4568
-4931
-4895
-4807
-4760
-4410
-3517
-2605
-1875
-1318
-928
-532
-289
-274
-405
-707
-880
-968
-875
-776
-648
-390
-11
350
793
1260
1615
1826
1916
1979
1987
2089
2053
1838
1907
1983
1887
1829
1885
1934
1884
1745
1681
1485
1373
1451
1416
1312
1200
1189
1349
1333
1363
1450
1401
1432
1566
1663
1482
1034
411
-324
-848
-1259
-1165
-467
530
1585
2468
3095
3062
2505
1533
357
-958
-2172
-3071
-3616
-3519
-2857
-1795
-392
1212
2479
3290
3673
3451
2703
1566
55
-1549
-2947
-4271
-5080
-5289
-4847
-3684
-2248
-851
255
1246
2189
2481
2062
1380
518
-585
-1669
-2669
-3220
-3157
-2701
-1985
-1246
-222
791
1545
2014
2136
2055
1651
1033
248
-553
-1137
-1648
-1929
-1809
-1592
-1219
-690
-43
582
842
811
772
634
274
-172
-487
-731
-995
-1227
-1339
-1490
-1514
-1263
-964
-714
-724
-908
-1185
-1671
-1987
-2271
-2555
-2671
-2706
-2721
-2688
-2555
-2251
-2043
-1870
-1805
-1765
-1713
-1793
-2163
-2612
-3065
-3728
-4520
-5516
-6371
-7097
-7778
-8175
-8030
-7476
-6903
-6133
-5234
-4246
-3375
-2830
-2740
-3048
-3512
-4226
-5005
-5723
-6274
-6763
-6913
-6575
-5782
-4724
-3672
-2726
-1861
-1209
-819
-512
-492
-741
-1132
-1735
-2232
-2567
-2683
-2437
-2052
-1550
-839
-96
725
1438
1900
2230
2420
2514
2458
2183
2009
1981
1936
1967
1984
2235
2588
2821
3029
3385
3705
3794
3743
3741
3669
3590
3549
3445
3346
3170
3113
3157
3036
2832
2833
2798
2764
2545
2266
2134
2131
1892
1632
1537
1529
1677
1666
1758
2020
2181
1990
1843
1805
1657
976
96
-479
-518
56
1242
2855
4341
5395
6110
6104
5605
4801
3740
2259
714
-434
-1192
-1603
-1415
-670
427
1902
3304
4377
4789
4914
4651
3750
2515
1182
-110
-1236
-1983
-2291
-2001
-1294
-291
881
1904
2667
3113
3153
2947
2542
1538
412
-738
-1748
-2385
-2595
-2429
-1896
-1079
-16
765
1287
1717
1849
1727
1312
586
-185
-959
-1582
-2127
-2499
-2555
-2440
-2096
-1656
-1157
-747
-516
-439
-473
-727
-1218
-1714
-1983
-2247
-2493
-2633
-2475
-2211
-1917
-1623
-1283
-1126
-1079
-1222
-1263
-1346
-1516
-1891
-2283
-2423
-2363
-2391
-2272
-1935
-1667
-1522
-1387
-1278
-1066
-864
-825
-844
-1009
-1553
-2140
-2689
-3619
-4618
-5489
-6210
-6580
-6507
-6114
-5567
-4956
-4132
-3202
-2154
-1409
-1157
-1350
-1779
-2498
-3278
-4130
-4902
-5434
-5704
-5535
-5012
-4251
-3336
-2393
-1492
-833
-326
-217
-426
-753
-1265
-1802
-2243
-2739
-2997
-2949
-2635
-2426
-2014
-1288
-466
257
818
1181
1411
1284
1137
971
686
574
607
779
991
988
1226
1740
2084
2211
2413
2431
2552
2583
2558
2760
2816
2542
2400
2338
2312
2443
2509
2455
2414
2285
2155
2068
1896
1780
1613
1544
1500
1494
1472
1508
1570
1655
1757
1731
1629
1558
1663
1621
1257
601
58
-189
103
778
2027
3717
5072
5938
6131
5761
4981
3803
2415
988
-197
-1274
-1803
-1724
-1216
-380
897
2291
3422
4174
4450
4233
3470
2411
1154
-333
-1594
-2507
-2964
-2992
-2481
-1540
-340
771
1633
2061
2324
2403
2033
1107
-114
-1228
-2034
-2637
-2944
-2837
-2482
-1688
-854
29
627
1126
1375
1243
1077
654
-44
-872
-1699
-2240
-2504
-2611
-2314
-1880
-1478
-980
-525
-260
-117
25
-9
-383
-953
-1387
-1735
-1911
-1884
-1850
-1716
-1386
-1037
-659
-236
-88
-215
-522
-774
-1113
-1366
-1554
-1568
-1507
-1589
-1548
-1266
-1006
-837
-571
-379
-270
-138
-172
-257
-463
-734
-1267
-2039
-2914
-3876
-4876
-5567
-5790
-5944
-6001
-5572
-4718
-3773
-2926
-2090
-1589
-1409
-1382
-1592
-1972
-2697
-3586
-4494
-5151
-5414
-5459
-5171
-4486
-3645
-2561
-1508
-661
-188
130
191
-11
-374
-1002
-1485
-1820
-2087
-2253
-2085
-1722
-1356
-536
245
989
1607
1896
2134
2134
2155
2132
2103
1899
1867
1974
1999
2039
2252
2733
3081
3497
3787
3903
3972
4063
4169
4021
3948
3836
3472
3479
3488
3436
3314
3204
3277
3340
3265
3046
2880
2871
2768
2480
2328
2253
2235
2315
2417
2498
2505
2490
2415
2437
2537
2378
1808
1266
850
532
693
1334
2528
3956
5300
6464
6927
6735
6015
4722
3514
2139
769
-347
-1088
-1282
-1020
80
1531
2787
3889
4733
5120
5096
4513
3492
2239
1108
-69
-1291
-2088
-2231
-1698
-796
145
1320
2383
3013
3369
3477
3271
2514
1557
474
-388
-1118
-1784
-2045
-1740
-1068
-247
625
1437
2196
2645
2585
2196
1731
1172
563
-212
-884
-1356
-1602
-1386
-1051
-718
-266
226
622
729
732
723
482
93
-305
-610
-911
-1138
-1234
-1014
-695
-412
-9
262
299
306
236
164
-51
-366
-525
-728
-954
-956
-891
-643
-239
127
336
331
370
556
846
735
442
54
-411
-1082
-2037
-2903
-3630
-4522
-5149
-5296
-5132
-4539
-3858
-3125
-2218
-1364
-716
-305
-228
-422
-832
-1653
-2452
-3188
-3787
-4089
-4042
-3764
-3473
-2879
-2007
-1057
-48
559
893
1098
885
430
-16
-454
-821
-1045
-1345
-1465
-1185
-718
-47
690
1441
1859
2174
2475
2490
2230
2041
1729
1365
1312
1661
2098
2223
2470
2877
3008
2981
2581
2039
1436
1004
786
726
861
1431
2211
3038
3823
4213
4351
4183
3682
2884
1966
1072
519
325
670
1402
2375
3421
4560
5695
6439
6970
7075
6783
5977
4965
4101
3492
3015
2614
2515
2974
3982
5403
6823
8407
9690
10327
10330
9776
8622
6855
5008
3321
2009
1132
645
779
1502
2486
3778
4911
5903
6323
6091
5409
4490
3424
2149
782
-375
-1151
-1694
-1813
-1290
-383
648
1454
2125
2642
2840
2696
2072
1256
266
-722
-1783
-2600
-3070
-3277
-2987
-2382
-1773
-937
-174
461
846
819
648
98
-494
-1109
-1750
-2305
-2793
-2731
-2348
-1887
-1364
-776
-12
755
1046
935
1049
997
791
415
-59
-308
-213
104
562
895
1225
1702
2027
2285
2354
2075
1799
1664
1480
1192
930
673
731
973
1104
1127
1051
1107
1284
1308
1448
1505
1452
1247
812
352
-252
-1072
-2102
-3032
-3824
-4520
-4874
-4973
-4958
-4452
-3662
-2991
-2292
-1666
-1268
-1052
-1086
-1575
-2251
-3026
-3845
-4669
-5442
-5694
-5589
-5142
-4509
-3696
-2856
-1985
-1355
-919
-868
-1212
-1739
-2233
-2708
-3370
-4049
-4312
-4409
-4361
-3914
-3198
-2424
-1690
-1086
-572
-378
-65
77
-207
-762
-1233
-1686
-2096
-2228
-2316
-2065
-1619
-989
-231
452
868
1114
1083
911
415
14
-437
-1142
-1636
-1711
-1540
-1412
-1164
-544
82
525
775
752
601
73
-843
-1843
-2586
-3093
-3214
-3149
-2845
-2431
-2116
-1621
-1282
-1129
-1173
-1609
-2480
-3765
-4909
-5848
-6111
-5196
-3672
-1970
-484
646
1497
1455
565
-791
-2543
-4247
-5987
-7294
-8148
-8386
-7759
-6628
-5017
-3236
-1587
-534
-34
-149
-809
-1681
-3054
-4815
-6249
-7237
-7721
-7749
-6917
-5440
-4087
-2790
-1558
-530
-21
219
95
-679
-1812
-2859
-3948
-4729
-5078
-4939
-4476
-3622
-2563
-1498
-549
290
832
1010
823
371
-175
-837
-1551
-2122
-2525
-2750
-2466
-1986
-1468
-925
-459
9
525
642
349
12
-432
-775
-1189
-1592
-1862
-1781
-1477
-1026
-576
-302
-113
-35
28
-110
-390
-555
-694
-851
-910
-1047
-1191
-1219
-1058
-646
-191
203
449
629
781
971
969
829
496
-179
-992
-1617
-2192
-2906
-3472
-3701
-3666
-3535
-3113
-2247
-1280
-260
710
1487
2013
1940
1680
1291
698
76
-489
-997
-1169
-1166
-765
110
1054
1987
2919
3621
3985
4157
4153
3942
3556
2949
2334
1803
1496
1449
1711
2135
2628
2948
3251
3619
4117
4427
4458
4434
4198
3860
3456
3092
2837
2737
2657
2590
2775
3163
3515
3710
3749
3672
3745
3727
3521
3348
3317
3233
3130
3084
3098
3033
2878
2838
2944
2897
2831
2785
2573
2429
2291
2058
1916
1897
1989
2116
2191
2262
2314
2450
2472
2545
2507
2326
1912
1324
626
284
453
1208
2470
3994
5475
6524
7048
6929
6308
5347
4125
2683
1394
382
-371
-458
3
984
2275
3709
5008
5849
6068
5818
5364
4765
3758
2294
946
14
-497
-457
-46
799
1889
2902
3661
4500
4882
4824
4544
4001
3156
1913
811
79
-283
-415
-135
474
1156
2041
2906
3463
3707
3701
3502
3111
2600
1887
1181
636
88
-237
-81
368
908
1280
1632
1959
2255
2391
2232
2063
1715
1189
812
728
588
521
594
865
1368
1991
2479
2616
2533
2351
2210
2045
1702
1513
1538
1490
1410
1414
1564
1941
2285
2446
2690
2760
2938
3061
2910
2784
2617
2224
1511
499
-243
-945
-1552
-1986
-2239
-2086
-1809
-1332
-478
388
1164
1749
2228
2320
2115
1713
1136
515
-413
-1307
-1679
-1701
-1460
-656
35
758
1627
2454
3079
3280
3202
2903
2412
1729
984
403
-119
-485
-658
-538
-197
315
880
1524
2008
2156
2109
1807
1530
1398
1204
887
580
385
241
293
356
577
827
965
1214
1491
1493
1495
1524
1255
1073
954
722
499
364
475
586
585
604
623
628
329
-38
-354
-510
-502
-626
-714
-788
-704
-659
-729
-802
-818
-656
-495
-515
-746
-966
-1433
-2249
-2760
-2793
-2346
-1268
368
1938
3077
3758
3790
3375
2589
1232
-271
-1711
-3106
-3972
-4176
-3918
-3244
-2261
-941
546
1773
2479
2675
2396
1478
-29
-1549
-2837
-3952
-4873
-5310
-5007
-4124
-3181
-1964
-730
113
558
876
792
332
-484
-1672
-2794
-3678
-4237
-4442
-4306
-3812
-2964
-2039
-1167
-355
228
360
338
116
-420
-1215
-2124
-2887
-3307
-3603
-3592
-3289
-2826
-2236
-1637
-1276
-1117
-871
-578
-782
-1337
-1582
-1847
-2062
-2417
-2568
-2329
-1920
-1536
-1228
-808
-488
-267
-129
-261
-370
-606
-954
-1151
-1167
-1293
-1319
-1054
-644
-282
-199
34
252
371
388
562
758
406
-184
-667
-1256
-2071
-3047
-4068
-4596
-4634
-4482
-4212
-3709
-3024
-2125
-1250
-434
110
461
435
57
-595
-1348
-2050
-2722
-3061
-3130
-3021
-2575
-1750
-718
74
871
1530
1829
1994
1723
1420
1110
477
-409
-1093
-1538
-1437
-1206
-1112
-640
139
735
1099
1501
1838
1913
1633
1279
944
492
232
55
168
281
520
705
770
1139
1488
1522
1542
1571
1684
1703
1517
1364
1253
1129
1130
1201
1137
977
1016
1215
1205
1165
864
386
144
105
99
177
128
102
105
36
176
215
228
347
434
428
264
81
-118
-170
260
1156
