-4974
-4589
-4357
-4200
-4075
-3931
-3951
-4114
-4321
-4589
-4730
-4883
-4850
-4699
-4556
-4599
-4475
-4298
-4114
-4040
-3947
-3646
-3462
-3466
-3671
-4143
-4873
-5674
-6451
-7329
-8053
-8629
-8838
-8743
-8325
-7704
-7076
-6410
-5581
-4643
-3906
-3517
-3347
-3661
-4511
-5495
-6266
-6789
-7067
-7170
-6973
-6363
-5583
-4629
-3703
-2811
-2150
-1805
-1717
-1986
-2342
-2783
-3419
-4124
-4785
-5043
-5062
-4833
-4348
-3641
-3118
-2716
-2240
-2084
-2164
-2471
-2970
-4054
-4942
-5225
-5018
-4776
-4091
-2835
-1645
-843
-733
-1365
-2660
-4349
-6236
-8077
-9761
-11273
-11965
-11714
-10701
-9131
-7435
-5970
-5009
-4637
-4932
-5813
-7268
-9221
-11095
-12466
-13208
-13260
-12276
-10409
-8052
-5481
-2948
-693
671
1253
1177
503
-639
-2212
-3935
-5415
-6421
-6597
-5680
-3873
-1070
2095
4725
6703
7515
7297
6260
4705
2446
-198
-2807
-5002
-6417
-6883
-6496
-5150
-3376
-1547
192
1429
1647
1196
77
-1708
-3920
-6043
-8108
-9817
-10625
-10546
-9714
-8428
-6872
-5230
-3829
-2994
-2691
-3127
-4077
-5414
-7231
-9026
-10493
-11599
-12316
-12342
-11576
-10593
-9357
-7892
-6670
-5759
-5084
-4864
-5308
-6345
-7638
-8914
-10069
-10925
-11658
-12112
-11778
-11114
-9970
-8820
-7698
-6489
-5405
-4877
-4593
-4258
-3990
-4037
-4328
-4268
-4130
-3902
-3474
-2821
-2091
-1454
-995
-729
-575
-475
-575
-819
-1010
-1206
-1540
-1851
-1882
-1724
-1491
-1416
-1566
-1641
-1694
-1781
-2125
-2321
-2505
-2655
-2948
-3462
-3838
-4179
-4851
-5527
-6054
-6392
-6472
-6546
-6441
-6033
-5370
-4643
-3967
-3236
-2817
-2826
-3199
-3984
-4846
-5710
-6472
-7178
-7917
-8486
-8562
-8119
-7666
-6985
-6141
-5382
-4848
-4354
-3989
-3942
-4265
-4788
-5252
-5722
-5850
-5826
-5607
-5260
-4711
-3762
-2675
-1657
-1010
-395
205
562
783
1113
1299
1171
860
183
-829
-1901
-2919
-4011
-4774
-4767
-3865
-2181
-261
1583
3321
4521
5055
4909
4033
2523
708
-1209
-2969
-4078
-4155
-3425
-1924
134
2174
3854
5155
5948
6039
5545
4504
2883
1043
-409
-1419
-1958
-1578
-380
1383
3383
5167
6547
7280
7461
7342
7066
6801
6804
7132
7397
7271
6977
6755
6207
5467
4556
3391
2271
1230
260
-347
-597
-356
501
1599
2824
3732
4188
4402
4210
3524
2736
1705
517
-590
-1641
-2263
-2440
-2382
-1842
-1076
-309
257
655
894
963
641
-127
-1109
-2161
-2958
-3596
-4258
-4536
-4680
-4685
-4346
-4024
-3703
-3687
-3686
-3693
-4009
-4281
-4635
-4929
-5019
-5128
-5141
-4902
-4623
-4441
-4154
-3917
-3764
-3670
-3715
-3862
-3927
-4112
-4448
-4586
-4416
-4242
-3960
-3494
-3013
-2391
-1608
-1085
-915
-820
-827
-941
-1435
-1802
-2149
-2575
-2839
-2958
-3019
-3154
-3304
-3101
-2820
-2503
-2167
-1822
-1625
-1589
-1856
-2407
-3040
-4013
-5301
-6850
-8205
-9189
-9962
-10324
-10528
-10398
-9703
-8634
-7361
-6370
-5704
-5156
-4795
-4996
-5724
-6534
-7384
-8264
-9229
-9986
-10217
-10092
-9707
-9107
-8301
-7489
-6781
-6141
-5803
-5700
-6021
-6415
-6834
-7451
-7960
-8440
-8779
-8833
-8406
-7931
-7479
-6799
-6087
-5392
-4665
-4057
-3644
-3499
-3329
-3297
-3205
-3057
-2878
-2642
-2332
-1990
-1643
-1297
-945
-619
-398
-418
-529
-689
-844
-1076
-1405
-1578
-1613
-1561
-1531
-1615
-1613
-1423
-1428
-1524
-1730
-1777
-2065
-2434
-2574
-2847
-2968
-2925
-2922
-2843
-2659
-2617
-2471
-2435
-2348
-2332
-2295
-2638
-3338
-3925
-4369
-4278
-3850
-2983
-1690
-361
553
960
891
136
-1075
-2469
-4112
-5652
-6964
-7721
-8092
-7805
-6894
-5600
-4086
-2836
-2004
-1547
-1660
-2400
-3328
-4470
-5851
-7234
-8422
-9218
-9250
-8775
-7899
-6666
-5293
-4042
-3238
-2833
-2686
-2831
-3523
-4560
-5757
-7017
-8080
-8659
-8632
-8308
-7934
-7156
-5953
-4873
-4114
-3487
-3298
-3511
-3770
-4326
-5094
-5823
-6521
-7150
-7527
-7460
-7018
-6403
-5972
-5701
-5295
-4801
-4668
-4666
-4979
-5359
-5806
-6218
-6489
-6541
-6599
-6647
-6587
-6440
-6091
-5740
-5537
-5489
-5605
-5814
-5940
-6093
-6385
-6717
-7080
-7088
-6861
-6747
-6459
-6090
-5703
-5426
-5151
-5015
-4953
-5008
-5207
-5576
-6063
-6875
-7813
-8857
-9750
-10499
-11071
-11364
-11052
-10540
-9862
-9006
-8167
-7287
-6550
-5916
-5532
-5355
-5688
-6636
-7713
-8624
-9350
-9716
-9637
-9363
-8860
-8169
-7042
-5931
-4864
-3880
-3351
-3217
-3410
-3846
-4268
-4693
-5227
-5750
-5971
-6022
-5700
-4986
-4268
-3584
-2891
-2211
-1745
-1395
-1223
-1184
-1142
-1086
-982
-1132
-1348
-1290
-1019
-761
-505
-114
382
744
975
1057
1151
1450
1521
1310
1134
1031
911
780
669
635
682
795
749
624
436
97
-179
-356
-575
-706
-659
-522
-546
-616
-600
-418
-134
112
262
406
448
223
-349
-927
-1529
-1767
-1207
-141
1197
2659
3977
4912
5172
4676
3788
2768
1310
-201
-1430
-2494
-3105
-3014
-2358
-1277
-23
1431
2631
3145
3162
2816
1914
804
-418
-1852
-3044
-3769
-3994
-3620
-2747
-1897
-991
78
1061
1705
1755
1435
850
85
-872
-2019
-3128
-3852
-4132
-3821
-3287
-2725
-2040
-1212
-325
121
49
-134
-316
-906
-1748
-2489
-3186
-3713
-4095
-4295
-4144
-3672
-3132
-2623
-2311
-2018
-1861
-1890
-1999
-2180
-2603
-3075
-3469
-3818
-3952
-3727
-3522
-3180
-2816
-2634
-2479
-2189
-1941
-1964
-2171
-2542
-2698
-2841
-3054
-3308
-3509
-3312
-2955
-2623
-2615
-2550
-2407
-2251
-2130
-1976
-1976
-2294
-2750
-3435
-4319
-5202
-6084
-6946
-7665
-8041
-8077
-7837
-7567
-6956
-5861
-5002
-4351
-3674
-3098
-3159
-3574
-4134
-4930
-5747
-6521
-7203
-7542
-7437
-7008
-6232
-5358
-4514
-3677
-3029
-2559
-2213
-2148
-2549
-3084
-3645
-4291
-4750
-5016
-5064
-4777
-4347
-3688
-2950
-2353
-1758
-1263
-976
-786
-684
-648
-663
-832
-1057
-1047
-995
-814
-575
-414
-31
496
858
1085
1228
1464
1540
1486
1307
1257
1239
1123
1097
1036
1037
957
850
744
781
911
707
374
176
65
-95
-289
-390
-428
-435
-518
-590
-526
-140
190
178
-115
-475
-825
-1458
-2115
-2440
-2171
-1253
-76
1165
2487
3621
4187
4024
3254
2103
717
-853
-2319
-3460
-4178
-4346
-3907
-2967
-1688
-420
795
1631
1897
1629
950
14
-1316
-2839
-4242
-5306
-5740
-5690
-5079
-4139
-3109
-2080
-1028
-225
173
24
-565
-1343
-2327
-3525
-4547
-5357
-5757
-5945
-5620
-4864
-4005
-3104
-2204
-1550
-1157
-1216
-1635
-2158
-2929
-3650
-4450
-5247
-5871
-6014
-5744
-5320
-4960
-4585
-4035
-3705
-3607
-3635
-3559
-3639
-3987
-4511
-4865
-5109
-5282
-5196
-4949
-4747
-4569
-4084
-3567
-3354
-3524
-3562
-3636
-3875
-4256
-4511
-4515
-4552
-4715
-4807
-4657
-4496
-4071
-3846
-3912
-3850
-3711
-3594
-3692
-3801
-4100
-4659
-5386
-6218
-7250
-8192
-8871
-9413
-9865
-9880
-9255
-8504
-7781
-6740
-5734
-5131
-4718
-4507
-4621
-5095
-5998
-6917
-7806
-8418
-8791
-8725
-8356
-7655
-6994
-5989
-4867
-4014
-3383
-3104
-2983
-3238
-3596
-4038
-4494
-5053
-5488
-5652
-5605
-5190
-4654
-4108
-3279
-2547
-1878
-1434
-1181
-908
-872
-939
-1054
-1172
-1231
-1237
-1162
-1001
-789
-392
64
373
626
988
1262
1315
1198
1053
994
968
1042
980
918
1060
1062
969
903
963
918
669
510
494
222
-118
-302
-380
-234
-137
-107
13
156
314
223
233
393
254
-129
-892
-1888
-2598
-2850
-2691
-2179
-1232
284
1489
2060
2382
2374
1706
813
-303
-1371
-2316
-2890
-2811
-2325
-1612
-678
464
1456
1959
2193
2060
1396
387
-626
-1759
-2867
-3697
-4088
-3869
-3305
-2449
-1389
-297
733
1544
1848
1794
1415
651
-196
-1029
-1916
-2652
-3081
-3006
-2499
-1785
-1034
-228
550
1149
1524
1447
950
521
-39
-731
-1408
-1984
-2474
-2678
-2457
-2256
-1816
-1062
-436
40
191
144
31
-125
-525
-1269
-1954
-2295
-2549
-2786
-2848
-2701
-2578
-2303
-2047
-1908
-1876
-1997
-2024
-2098
-2412
-2795
-3030
-3006
-2986
-3100
-3190
-3031
-2725
-2704
-2730
-2521
-2355
-2337
-2280
-2406
-2744
-3261
-3868
-4550
-5259
-6142
-6995
-7550
-7951
-8191
-7831
-7032
-6325
-5730
-4807
-3918
-3397
-3182
-3164
-3588
-4320
-5018
-5508
-6131
-6670
-6804
-6587
-5989
-5367
-4458
-3357
-2329
-1417
-890
-768
-766
-1124
-1703
-1988
-2382
-2735
-2905
-3000
-2763
-2313
-1718
-1057
-418
310
877
1221
1349
1334
1322
1187
944
718
778
878
1065
1371
1573
1773
1991
2304
2656
2894
2926
2836
2752
2634
2378
2201
2185
2134
2007
1923
2086
2206
2023
1813
1673
1454
1360
1341
1040
667
526
499
455
550
734
783
800
848
833
867
851
828
494
179
266
761
1788
3186
4559
5951
6952
7324
7073
6092
4654
2933
1050
-731
-2225
-3344
-3885
-3743
-2661
-892
1202
3057
4351
5211
5577
5132
3918
2345
501
-1322
-2907
-4133
-4719
-4533
-3755
-2677
-1234
186
1246
1954
2383
2183
1408
329
-899
-2183
-3528
-4542
-4921
-5009
-4778
-4070
-3140
-2244
-1211
-371
-6
-150
-477
-1109
-1766
-2505
-3301
-3995
-4611
-4950
-4885
-4691
-4282
-3755
-3290
-3015
-3056
-3077
-3098
-3304
-3504
-3644
-3826
-3871
-3780
-3621
-3292
-2807
-2258
-1848
-1658
-1570
-1647
-1815
-2008
-2468
-2703
-2636
-2657
-2728
-2636
-2299
-1903
-1641
-1357
-1068
-943
-834
-913
-1041
-1176
-1417
-1832
-2484
-3495
-4537
-5358
-6113
-6743
-7113
-7127
-6691
-6049
-5391
-4493
-3512
-2690
-2116
-1913
-2023
-2483
-3280
-4191
-5010
-5726
-6316
-6651
-6702
-6375
-5646
-4696
-3783
-3063
-2473
-2097
-1862
-1836
-2058
-2653
-3505
-4148
-4571
-4773
-4772
-4713
-4451
-3884
-3107
-2339
-1681
-1105
-771
-448
-186
-92
-275
-583
-829
-863
-648
-233
-4
236
455
751
1125
1613
1894
1989
2031
2137
2280
2198
1956
1862
1887
1848
1628
1651
1900
1953
1803
1649
1560
1423
1270
1039
889
885
982
994
900
739
740
926
1171
1273
1324
1266
1057
488
-197
-832
-1290
-1381
-979
-125
1086
2295
3159
3520
3287
2634
1668
456
-810
-1766
-2626
-3258
-3387
-2744
-1485
-112
1270
2236
2843
3156
2841
2254
1241
-238
-1791
-3112
-4111
-4711
-4634
-3956
-3006
-1831
-587
456
1351
1893
1990
1642
786
-226
-1336
-2318
-2957
-3260
-3234
-2840
-2091
-1170
-194
642
1124
1332
1407
1207
673
14
-613
-1224
-1922
-2423
-2660
-2501
-2183
-1636
-1021
-526
-179
-66
-38
-96
-292
-686
-1190
-1564
-1784
-1831
-1806
-1881
-1741
-1605
-1320
-1127
-1144
-1178
-1094
-1395
-2005
-2289
-2300
-2388
-2636
-2831
-2757
-2668
-2473
-2227
-2075
-2047
-2105
-2110
-2013
-2002
-2051
-2200
-2798
-3695
-4672
-5699
-6437
-7084
-7608
-7880
-7840
-7311
-6537
-5856
-5068
-4134
-3359
-2887
-2616
-2807
-3372
-4423
-5269
-5777
-6185
-6528
-6544
-6123
-5327
-4425
-3611
-2703
-1749
-1036
-654
-635
-884
-1080
-1377
-1852
-2257
-2467
-2468
-2406
-2170
-1676
-1055
-320
305
948
1547
1891
2069
1985
1920
1750
1618
1536
1426
1515
1910
2290
2540
2758
3064
3154
3228
3249
3210
3282
3298
3217
3091
3048
3033
3052
3016
2801
2843
2877
2761
2588
2428
2293
2099
1892
1672
1525
1473
1420
1362
1208
1377
1650
1934
1970
1743
1644
1534
1281
717
59
-392
-316
442
1577
3015
4528
5542
6044
6002
5413
4417
3121
1909
540
-699
-1567
-1812
-1400
-611
706
2233
3409
4243
4625
4478
3987
3070
2086
884
-506
-1668
-2362
-2453
-1976
-1102
108
1195
2023
2657
3109
3183
2898
2260
1316
220
-790
-1755
-2363
-2390
-1954
-1433
-825
-68
602
1326
1814
1977
1719
1276
735
-80
-1086
-1726
-2143
-2505
-2577
-2345
-1896
-1442
-990
-517
-151
-133
-353
-521
-728
-1225
-1683
-2064
-2437
-2511
-2199
-1804
-1444
-1076
-768
-737
-878
-997
-1048
-1105
-1321
-1535
-1772
-1926
-1998
-1942
-1767
-1513
-1370
-1259
-1174
-1088
-784
-547
-572
-641
-869
-1525
-2218
-2829
-3560
-4465
-5283
-5949
-6376
-6449
-6146
-5411
-4710
-3862
-2914
-2186
-1703
-1342
-1429
-1973
-2746
-3560
-4217
-4668
-5099
-5300
-5176
-4758
-3992
-3203
-2424
-1669
-943
-407
-184
-327
-739
-1277
-1919
-2344
-2629
-2997
-3042
-2643
-1976
-1261
-653
4
565
1149
1548
1770
1692
1525
1270
1072
985
983
1250
1533
1722
1844
2207
2671
3043
3292
3297
3412
3381
3367
3326
3239
3117
3171
3221
3206
3178
3139
3266
3346
3266
3110
2870
2693
2606
2471
2336
2293
2298
2147
2062
2226
2442
2609
2614
2659
2665
2574
2282
1901
1400
684
420
902
1971
3300
4729
6013
6684
6759
6428
5557
4320
2943
1491
407
-461
-959
-934
-451
582
1915
3151
4151
4822
4893
4416
3513
2475
1229
-144
-1168
-1823
-2241
-2240
-1545
-472
633
1721
2507
3029
3166
2986
2524
1691
585
-491
-1377
-2160
-2630
-2473
-1960
-1319
-546
302
1158
1875
1999
1774
1405
850
89
-725
-1490
-1939
-2151
-2197
-2134
-1843
-1372
-866
-362
-103
-32
-49
-194
-568
-1033
-1343
-1668
-1945
-2036
-1947
-1641
-1325
-1103
-769
-450
-323
-263
-457
-676
-873
-1092
-1195
-1382
-1569
-1604
-1688
-1553
-1034
-737
-568
-452
-398
-561
-695
-544
-604
-1112
-1852
-2642
-3566
-4521
-5347
-6063
-6454
-6473
-6300
-5805
-4999
-4052
-3283
-2555
-2158
-1952
-1808
-2141
-2693
-3398
-4208
-4814
-5399
-5633
-5371
-4975
-4467
-3791
-2945
-2035
-1143
-505
-384
-579
-808
-1019
-1425
-2050
-2496
-2610
-2599
-2416
-2353
-1926
-1137
-309
268
871
1369
1491
1604
1727
1667
1439
1331
1328
1337
1391
1600
1864
2100
2344
2664
3014
3283
3413
3542
3575
3504
3428
3358
3110
2985
2931
2967
2961
2972
2904
2786
2649
2574
2350
2058
1905
1806
1708
1668
1822
2037
2091
1984
2111
2296
2272
2193
2077
1889
1477
1056
526
108
336
1319
2620
3950
5144
6080
6509
6269
5495
4418
3175
1722
229
-873
-1440
-1447
-1053
-232
1047
2562
3677
4358
4613
4339
3638
2633
1389
-49
-1249
-2109
-2581
-2538
-2036
-1109
98
1241
2142
2794
3070
2937
2567
1828
875
-224
-1114
-1836
-2295
-2328
-1855
-1140
-400
511
1373
1860
2131
1986
1620
1095
490
-240
-941
-1503
-1949
-2115
-2016
-1726
-1264
-660
-168
177
314
64
-1
-69
-397
-910
-1280
-1464
-1418
-1281
-1207
-1149
-863
-406
-60
116
116
107
99
-170
-597
-687
-731
-798
-888
-863
-718
-373
-83
1
-59
27
360
440
342
117
-55
-497
-1385
-2374
-3276
-4067
-4910
-5571
-5765
-5566
-5026
-4268
-3501
-2584
-1787
-934
-432
-289
-492
-1043
-1824
-2567
-3190
-3890
-4322
-4251
-3777
-3155
-2584
-1795
-835
-57
540
731
899
814
387
-208
-827
-1328
-1628
-1580
-1442
-1055
-631
-111
627
1326
1796
2072
2038
2138
2191
1876
1395
1079
1182
1438
1872
2313
2690
2880
2954
2803
2401
1875
1329
823
463
418
667
1352
2251
2986
3706
4360
4496
4276
3671
2813
1920
1113
526
272
366
1034
2266
3477
4576
5665
6557
7023
7049
6682
6088
5235
4381
3692
3194
2773
2661
3059
4092
5720
7405
8926
10034
10511
10344
9605
8285
6819
5171
3540
2059
1001
755
1131
1977
3002
4057
5326
6253
6614
6473
5661
4420
3058
1668
335
-691
-1362
-1498
-1331
-872
84
1068
1896
2805
3307
3342
2916
2305
1565
499
-500
-1447
-2089
-2548
-2688
-2498
-2016
-1209
-283
500
987
1232
1132
756
283
-378
-1057
-1569
-1929
-2206
-2366
-2006
-1406
-838
-280
339
843
1316
1626
1631
1523
1162
804
611
508
555
621
900
1295
1627
2057
2563
2599
2406
2231
2034
1754
1693
1498
1201
970
964
1118
1269
1352
1474
1638
1573
1521
1500
1340
1331
1377
1112
655
-21
-845
-1845
-2928
-3800
-4291
-4631
-4645
-4367
-3852
-3282
-2597
-1783
-1159
-783
-682
-786
-1032
-1724
-2663
-3596
-4478
-4965
-5072
-4858
-4300
-3661
-2948
-2199
-1545
-980
-627
-586
-835
-1160
-1607
-2128
-2921
-3546
-3724
-3636
-3563
-3250
-2758
-2200
-1641
-1021
-435
-79
90
176
113
-345
-840
-1361
-1773
-2173
-2193
-1834
-1308
-508
134
676
1307
1679
1891
1814
1197
384
-371
-933
-1220
-1259
-1193
-862
-381
143
643
937
1082
1062
754
60
-722
-1527
-2213
-2857
-3238
-3100
-2780
-2370
-1898
-1441
-1075
-928
-1022
-1634
-2655
-3853
-5007
-5757
-5717
-4885
-3493
-1758
-30
1009
1375
1245
388
-976
-2438
-4141
-5953
-7413
-8261
-8221
-7297
-5885
-4336
-2746
-1382
-244
239
18
-688
-1818
-3227
-4860
-6302
-7016
-7204
-6917
-6223
-5031
-3514
-1894
-722
-14
273
311
-184
-1083
-2095
-3026
-3812
-4449
-4784
-4528
-3886
-2959
-1900
-927
-161
476
760
1028
900
204
-517
-1321
-1958
-2472
-2782
-2667
-2369
-1743
-1222
-867
-466
-82
308
352
224
-42
-499
-908
-1151
-1367
-1540
-1495
-1302
-1071
-732
-426
-80
257
392
297
10
-291
-547
-780
-981
-1041
-934
-810
-624
-286
277
512
430
553
861
1034
1031
882
466
-84
-746
-1585
-2325
-3049
-3454
-3714
-3728
-3434
-2791
-1999
-1202
-316
655
1515
1842
1738
1537
1194
549
-242
-937
-1372
-1441
-1063
-470
312
1212
2118
2870
3456
3899
4203
4119
3814
3263
2733
2239
1904
1577
1371
1562
1905
2359
2966
3558
4000
4279
4369
4225
4095
3932
3656
3119
2822
2813
2787
2886
3052
3073
3265
3622
3764
3843
3909
4044
3934
3647
3427
3308
3211
3039
3051
2948
2842
2919
3015
3053
2933
2714
2503
2338
2115
1990
1862
1800
1651
1550
1641
1851
2064
2164
2274
2264
2297
2294
2020
1484
821
188
-201
102
928
2034
3381
4737
5716
6044
5926
5415
4614
3484
2135
963
181
-19
192
731
1540
2641
3808
4886
5632
5766
5414
4754
3819
2643
1432
560
-120
-449
-249
400
1366
2394
3302
4175
4859
5046
4887
4377
3785
2992
2011
969
432
132
94
392
1280
2250
2824
3357
3915
4278
4264
4092
3489
2739
1916
1198
544
184
298
447
738
1261
1798
2337
2620
2709
2860
2824
2548
2019
1396
1042
887
616
452
631
1027
1305
1648
1857
2056
2171
2046
1926
1783
1536
1301
1189
1280
1253
1166
1261
1520
1833
1954
2197
2331
2369
2402
2509
2705
2459
1933
1163
336
-651
-1588
-2063
-2438
-2570
-2477
-2123
-1486
-708
241
1153
1823
2123
2184
2105
1665
1019
247
-548
-1106
-1478
-1356
-871
-280
181
867
1725
2439
2943
3339
3414
2988
2347
1695
1102
640
355
-69
-243
30
483
833
1168
1643
2181
2298
2193
2155
1978
1721
1297
714
308
159
367
580
809
1152
1390
1281
1405
1610
1587
1606
1387
1086
1011
857
737
776
698
516
572
626
544
469
344
152
-53
-272
-543
-641
-700
-837
-966
-1048
-1069
-952
-840
-767
-782
-758
-640
-666
-1016
-1468
-1871
-2169
-1912
-1061
177
1708
3093
4188
4823
4674
3817
2505
880
-747
-2363
-3789
-4672
-5043
-4549
-3336
-1841
-126
1386
2577
3151
3140
2513
1543
194
-1406
-3056
-4460
-5344
-5553
-4993
-4017
-2741
-1479
-322
679
1233
1244
881
171
-863
-1980
-3166
-4125
-4703
-4917
-4793
-4273
-3361
-2296
-1187
-416
-16
75
40
-319
-968
-1694
-2595
-3203
-3668
-4100
-4045
-3670
-3207
-2671
-2279
-2052
-1623
-1325
-1333
-1385
-1692
-1982
-2134
-2431
-2510
-2325
-1938
-1654
-1441
-1081
-602
-357
-349
-382
-416
-531
-767
-1040
-1162
-1201
-1128
-1026
-890
-440
17
332
471
455
561
872
918
719
495
147
-660
-1679
-2502
-3215
-3906
-4445
-4691
-4468
-4145
-3603
-2754
-1718
-745
64
470
493
313
85
-331
-1084
-1953
-2646
-3135
-3278
-3081
-2448
-1631
-818
41
778
1197
1557
1752
1491
1102
478
-233
-937
-1461
-1665
-1722
-1600
-1236
-690
-91
504
941
1121
1214
1193
1045
1023
721
402
300
73
-39
-64
47
342
735
1102
1249
1335
1419
1502
1482
1359
1264
1185
1015
821
885
987
1015
983
1025
1103
937
711
621
530
390
161
10
-13
38
-3
-150
-224
91
379
373
328
177
185
116
-228
-499
-612
-413
139
