-4843
-4528
-4233
-3973
-3817
-3772
-3756
-3912
-4265
-4661
-4734
-4740
-4850
-4820
-4686
-4485
-4274
-4083
-3962
-3752
-3655
-3614
-3488
-3638
-3828
-4128
-4648
-5418
-6409
-7417
-8278
-8881
-8961
-8684
-8288
-7725
-7037
-6093
-5334
-4645
-3965
-3573
-3511
-3855
-4480
-5300
-5889
-6440
-6839
-6904
-6698
-6269
-5550
-4651
-3592
-2682
-2090
-1749
-1615
-1767
-2144
-2803
-3672
-4492
-5026
-5311
-5208
-4970
-4635
-4166
-3630
-2803
-2270
-2125
-2278
-2783
-3393
-3910
-4625
-5299
-5355
-4994
-4213
-3264
-2024
-967
-724
-1382
-2706
-4422
-6438
-8441
-10102
-11410
-11981
-11818
-10841
-9288
-7718
-6255
-5201
-4664
-4847
-5812
-7251
-9001
-10941
-12411
-13249
-13169
-12192
-10570
-8390
-5812
-3218
-1140
354
1051
1043
443
-708
-2165
-3860
-5390
-6505
-6727
-5836
-3828
-1173
1749
4349
6249
7261
7156
6049
4261
2112
-288
-2894
-5039
-6311
-6894
-6644
-5456
-3571
-1621
53
1081
1399
935
-238
-1984
-4216
-6501
-8498
-9996
-10958
-11028
-10093
-8763
-7270
-5436
-4084
-3351
-3138
-3428
-4245
-5772
-7640
-9403
-10915
-11927
-12560
-12531
-11990
-11024
-9767
-8517
-7226
-6119
-5440
-5326
-5729
-6615
-7806
-9055
-10453
-11522
-12403
-12655
-12204
-11498
-10318
-9061
-7736
-6570
-5563
-4919
-4428
-4400
-4384
-4497
-4539
-4414
-4311
-4004
-3602
-3139
-2597
-2016
-1496
-1201
-1124
-973
-835
-932
-1185
-1443
-1646
-1790
-2062
-2105
-1915
-1817
-1935
-1974
-1913
-2158
-2501
-2628
-2820
-2983
-3217
-3684
-4314
-4848
-5416
-6159
-6543
-6833
-7200
-7403
-7273
-6694
-5914
-5058
-4365
-3702
-3224
-3204
-3454
-4062
-5020
-5957
-6811
-7564
-8144
-8469
-8569
-8378
-7883
-7002
-6111
-5330
-4732
-4492
-4420
-4363
-4638
-4996
-5404
-5902
-6118
-6175
-5873
-5368
-4629
-3747
-2833
-1828
-963
-280
301
715
1083
1344
1459
1360
940
53
-928
-1753
-2614
-3507
-4400
-4557
-3639
-1956
91
2014
3460
4502
5031
4998
4195
2836
1035
-1004
-2750
-3911
-4252
-3524
-2152
-280
1651
3538
4937
5779
5893
5485
4337
2795
1307
-180
-1485
-2013
-1707
-631
1166
3060
4772
6158
6919
7280
7252
6930
6720
6689
6772
6895
7121
7106
6852
6390
5680
4758
3555
2419
1344
392
-281
-539
-305
357
1453
2598
3726
4365
4601
4429
3846
2949
1715
469
-553
-1529
-2247
-2398
-2261
-1793
-1129
-549
140
626
898
874
637
57
-817
-1841
-2759
-3545
-4098
-4338
-4471
-4484
-4271
-3984
-3852
-3703
-3463
-3504
-3625
-3870
-4246
-4621
-4956
-5245
-5164
-4980
-4703
-4394
-4151
-4019
-3736
-3517
-3548
-3661
-3922
-4327
-4459
-4350
-4231
-4102
-3895
-3484
-3001
-2467
-1869
-1440
-1099
-973
-877
-894
-1260
-1899
-2458
-2529
-2605
-2940
-3280
-3318
-3009
-2895
-2717
-2505
-2136
-1713
-1601
-1546
-1651
-1915
-2656
-3837
-5374
-6754
-7900
-8893
-9805
-10458
-10777
-10582
-9776
-8678
-7549
-6591
-5677
-5194
-4987
-4876
-5323
-6204
-7199
-8220
-9192
-10012
-10345
-10114
-9553
-8957
-8236
-7325
-6581
-6169
-5862
-5824
-5947
-6329
-7088
-7620
-7992
-8278
-8542
-8783
-8502
-7911
-7217
-6630
-6008
-5385
-4749
-4315
-4230
-4084
-3842
-3564
-3514
-3595
-3372
-2809
-2392
-2080
-1863
-1550
-1182
-930
-930
-828
-746
-908
-1069
-1253
-1510
-1534
-1626
-1759
-1772
-1610
-1500
-1551
-1734
-1889
-1880
-2191
-2603
-2858
-3040
-3281
-3631
-3783
-3625
-3322
-3221
-3324
-3098
-2789
-2727
-2635
-2670
-2844
-3635
-4433
-4825
-4856
-4479
-3491
-2142
-723
435
861
627
-131
-1309
-2808
-4464
-6135
-7522
-8280
-8404
-8067
-7223
-5878
-4347
-3121
-2122
-1535
-1796
-2631
-3611
-4811
-6189
-7714
-9005
-9761
-9751
-9166
-8134
-6807
-5438
-4269
-3318
-2637
-2307
-2601
-3556
-4707
-5841
-7021
-8058
-8650
-8814
-8423
-7672
-6723
-5921
-5056
-4125
-3540
-3286
-3293
-3673
-4333
-5211
-6035
-6661
-7034
-7230
-7155
-6845
-6504
-6058
-5578
-5186
-4901
-4613
-4661
-4996
-5336
-5779
-6195
-6261
-6303
-6370
-6256
-6045
-5996
-5919
-5720
-5562
-5464
-5439
-5549
-5767
-6202
-6578
-6937
-6995
-6745
-6434
-6174
-5941
-5685
-5416
-5235
-5334
-5123
-5149
-5262
-5209
-5377
-5955
-6864
-7888
-8707
-9559
-10396
-10980
-11351
-11133
-10614
-10176
-9429
-8257
-7017
-6086
-5646
-5552
-5607
-5811
-6534
-7372
-8129
-8735
-9272
-9538
-9300
-8650
-7792
-6729
-5595
-4603
-3779
-3353
-3213
-3264
-3516
-3903
-4546
-5165
-5418
-5582
-5542
-5232
-4630
-4107
-3418
-2569
-2085
-1686
-1190
-866
-768
-940
-1133
-1112
-1006
-910
-857
-745
-487
-153
287
713
1031
1210
1344
1446
1464
1588
1657
1592
1425
1346
1239
1233
1281
1121
1112
974
743
465
314
145
-49
-136
-204
-299
-451
-419
-325
-117
86
239
353
344
356
372
365
65
-569
-1311
-1470
-936
152
1573
3105
4541
5390
5405
4889
3978
2795
1470
169
-1159
-2216
-2948
-2891
-2113
-981
358
1588
2576
3208
3253
2971
2345
1255
-219
-1607
-2782
-3671
-3906
-3591
-2834
-1719
-440
767
1600
1980
2023
1854
1356
471
-676
-1953
-3070
-3850
-4129
-3923
-3403
-2731
-1924
-952
-119
383
591
545
90
-731
-1576
-2291
-3066
-3627
-4052
-4184
-4009
-3772
-3292
-2705
-2135
-1769
-1618
-1594
-1779
-2086
-2395
-2896
-3281
-3511
-3641
-3545
-3350
-3103
-2756
-2365
-2168
-1876
-1686
-1822
-2121
-2463
-2741
-3192
-3298
-3177
-3161
-3037
-2852
-2679
-2415
-2263
-2197
-2111
-1920
-1916
-1972
-2307
-2715
-3285
-4270
-5136
-5964
-6865
-7549
-8045
-8224
-8112
-7588
-6700
-5815
-4929
-4023
-3414
-3154
-3279
-3687
-4177
-4934
-5789
-6491
-6931
-7313
-7517
-7375
-6576
-5609
-4608
-3738
-2978
-2427
-2305
-2459
-2858
-3387
-3773
-4275
-4756
-5188
-5235
-5013
-4604
-3958
-3373
-2764
-2092
-1435
-911
-731
-763
-853
-1049
-1252
-1260
-1136
-987
-1057
-1028
-804
-246
252
440
713
935
1090
1153
1098
1131
1051
878
738
655
614
548
559
787
773
486
386
366
133
-224
-530
-620
-827
-1097
-1054
-958
-871
-840
-670
-615
-525
-469
-542
-543
-1053
-1772
-2545
-2801
-2494
-1546
-213
1238
2524
3372
3975
3912
3079
1774
396
-1117
-2493
-3662
-4463
-4601
-4194
-3369
-2090
-613
674
1505
1678
1489
866
-202
-1603
-3206
-4606
-5564
-6039
-6009
-5470
-4593
-3520
-2378
-1184
-372
-12
-28
-615
-1503
-2665
-3919
-4981
-5829
-6259
-6136
-5684
-5029
-4179
-3375
-2605
-1912
-1570
-1629
-1995
-2540
-3287
-4193
-5168
-5862
-6089
-6034
-5924
-5543
-5133
-4660
-4251
-3830
-3300
-3348
-3642
-4037
-4510
-4873
-5128
-5198
-5278
-5482
-5626
-5282
-4702
-4215
-3777
-3518
-3523
-3631
-3759
-4032
-4444
-4855
-5029
-5071
-5198
-5233
-5107
-4886
-4389
-4154
-4100
-4011
-3906
-3868
-4029
-4108
-4455
-5137
-5871
-6712
-7549
-8492
-9278
-9651
-9947
-9998
-9568
-8703
-7617
-6774
-5927
-5092
-4665
-4641
-4950
-5438
-6072
-6943
-7630
-8169
-8583
-8698
-8517
-7767
-6861
-5976
-4997
-4090
-3593
-3208
-3091
-3357
-3791
-4282
-4810
-5221
-5501
-5654
-5577
-5425
-4947
-4175
-3332
-2563
-2006
-1451
-1165
-1019
-1009
-1077
-1257
-1397
-1390
-1281
-1193
-1071
-742
-315
131
526
774
924
1098
1184
1166
1179
1167
1073
918
855
904
1004
1013
924
932
1032
1060
879
496
112
-34
24
-123
-247
-363
-318
-172
-82
58
215
240
218
267
219
-252
-1108
-2005
-2798
-3008
-2839
-2120
-984
291
1491
2262
2486
2201
1573
668
-430
-1504
-2252
-2707
-2708
-2283
-1434
-307
813
1785
2274
2465
2321
1688
757
-418
-1703
-2881
-3749
-4109
-3868
-3191
-2330
-1174
16
1008
1742
2026
1961
1743
1096
167
-888
-1747
-2320
-2728
-2966
-2603
-1836
-928
-36
628
1221
1538
1582
1338
825
220
-616
-1358
-2087
-2460
-2506
-2364
-1908
-1431
-914
-342
-6
114
239
135
-179
-531
-1097
-1706
-2175
-2645
-2835
-2724
-2603
-2479
-2331
-2182
-2011
-1955
-1966
-1958
-2161
-2565
-2724
-3011
-3216
-3262
-3135
-3091
-2795
-2655
-2764
-2702
-2482
-2202
-2139
-2237
-2310
-2517
-2953
-3552
-4366
-5298
-6181
-6977
-7711
-7904
-7765
-7453
-6983
-6238
-5257
-4455
-3677
-3024
-2753
-2893
-3340
-3988
-4662
-5402
-6287
-6821
-6850
-6361
-5615
-4890
-4022
-3103
-2246
-1424
-877
-586
-668
-1145
-1699
-2235
-2728
-3122
-3254
-2936
-2429
-2045
-1569
-923
-235
383
877
1158
1423
1491
1315
1111
732
426
465
608
814
904
1122
1449
1776
2111
2359
2462
2504
2546
2449
2363
2127
1966
1810
1790
1674
1560
1621
1638
1418
1385
1373
1239
939
632
534
400
375
229
207
191
308
455
630
656
570
542
624
478
87
-279
-215
417
1449
2823
4359
5561
6596
7215
7018
6201
4714
2834
918
-964
-2632
-3852
-4431
-4058
-2996
-1492
412
2202
3785
4806
5010
4547
3540
2149
277
-1757
-3454
-4510
-5179
-5075
-4288
-3115
-1785
-532
723
1498
1795
1734
1021
216
-916
-2544
-4036
-4887
-5351
-5473
-5220
-4598
-3592
-2677
-1755
-937
-469
-374
-647
-1206
-1872
-2784
-3758
-4619
-5122
-5167
-5273
-5147
-4607
-4206
-3822
-3514
-3455
-3356
-3426
-3524
-3626
-3732
-3713
-3646
-3766
-3737
-3315
-2719
-2216
-1883
-1681
-1669
-1602
-1630
-1904
-2075
-2371
-2625
-2892
-2929
-2736
-2563
-2329
-1919
-1630
-1478
-1323
-1138
-1116
-1126
-1278
-1523
-1978
-2752
-3604
-4642
-5713
-6417
-6878
-7352
-7559
-7365
-6652
-5667
-4836
-3908
-3086
-2512
-2322
-2311
-2815
-3532
-4302
-5079
-5850
-6554
-6932
-6729
-6254
-5767
-4858
-3989
-3305
-2676
-2244
-2079
-1928
-2248
-2712
-3298
-3903
-4389
-4869
-5209
-5095
-4694
-4178
-3529
-2839
-2129
-1618
-1189
-839
-577
-564
-683
-823
-810
-874
-1001
-1004
-724
-417
-60
505
1073
1377
1396
1340
1401
1549
1598
1625
1722
1688
1640
1520
1479
1614
1769
1790
1560
1277
1034
813
644
595
669
607
517
448
384
512
774
893
862
744
821
887
830
481
-275
-1092
-1480
-1468
-1071
-237
886
2234
3104
3466
3332
2592
1617
443
-810
-1999
-3021
-3493
-3463
-2808
-1532
-142
1055
2099
2907
3141
2740
1869
742
-599
-2096
-3402
-4447
-5027
-5023
-4360
-3033
-1603
-310
810
1772
2204
1993
1521
841
-112
-1072
-1982
-2781
-3340
-3510
-3016
-2114
-1226
-278
630
1216
1551
1643
1372
886
62
-808
-1508
-2020
-2460
-2675
-2525
-2116
-1518
-965
-434
82
504
628
515
53
-420
-866
-1224
-1337
-1518
-1615
-1713
-1488
-1212
-1035
-790
-589
-716
-991
-1239
-1606
-1820
-2047
-2214
-2443
-2525
-2291
-2147
-2045
-1928
-1809
-1674
-1557
-1674
-1695
-1801
-1956
-2215
-2689
-3408
-4393
-5274
-6092
-6821
-7374
-7790
-7759
-7304
-6487
-5565
-4678
-3688
-2885
-2456
-2478
-2717
-3256
-3984
-4482
-5159
-5628
-6009
-6174
-5788
-5160
-4270
-3336
-2390
-1537
-773
-338
-210
-264
-529
-992
-1507
-2051
-2587
-2777
-2494
-1849
-1314
-508
377
938
1441
1959
2471
2539
2360
2300
2384
2381
2264
2255
2365
2462
2756
2940
3210
3607
3839
4045
4211
4278
4241
4024
3800
3707
3725
3772
3795
3638
3597
3570
3484
3545
3509
3309
2990
2659
2454
2417
2343
2226
1987
1888
2048
2232
2461
2400
2410
2376
2297
2205
1858
1347
885
644
765
1200
2174
3611
4957
6024
6738
6886
6273
5196
3992
2817
1381
131
-643
-869
-720
45
1263
2684
3881
4614
5137
5156
4719
3642
2324
1038
-168
-1078
-1473
-1584
-1323
-560
441
1571
2583
3477
3925
3927
3616
2887
1871
709
-352
-1299
-1748
-1976
-1815
-1241
-515
380
1241
1863
2223
2227
1963
1535
957
44
-914
-1653
-2170
-2372
-2421
-2154
-1690
-1172
-733
-326
-138
25
-40
-256
-667
-1354
-1921
-2086
-2035
-2118
-2073
-1849
-1518
-1119
-895
-715
-785
-622
-534
-719
-1078
-1289
-1360
-1421
-1739
-1938
-1862
-1570
-1265
-1085
-1081
-1116
-945
-807
-775
-891
-1073
-1456
-2171
-3118
-4160
-4996
-5671
-6251
-6634
-6765
-6396
-5649
-4688
-3942
-3254
-2625
-2175
-1909
-1913
-2202
-2659
-3526
-4392
-5140
-5675
-5912
-5730
-5126
-4334
-3326
-2526
-1965
-1388
-978
-769
-839
-1190
-1684
-2402
-3030
-3376
-3637
-3729
-3331
-2780
-2143
-1480
-935
-396
3
482
665
591
373
238
208
156
50
173
490
851
1167
1296
1555
2014
2251
2347
2427
2464
2436
2386
2388
2271
2122
1974
2024
2002
2090
2144
2036
2014
1868
1730
1544
1311
1097
854
711
739
942
1133
1209
1196
1194
1170
1172
1241
1346
1121
604
-34
-525
-606
-210
837
2316
3831
5044
5633
5798
5428
4481
3125
1833
616
-611
-1586
-2160
-2175
-1631
-458
965
2118
3211
3928
4050
3607
2691
1481
106
-1129
-2199
-3092
-3432
-3230
-2426
-1521
-392
883
1846
2359
2377
2036
1596
795
-451
-1642
-2467
-3132
-3549
-3485
-2811
-1839
-1096
-388
362
1029
1163
833
551
38
-720
-1570
-2259
-2694
-3094
-3342
-3362
-2879
-2185
-1583
-1087
-634
-349
-407
-700
-1199
-1490
-1816
-2207
-2397
-2496
-2392
-2168
-1928
-1553
-1150
-829
-720
-614
-543
-853
-1165
-1418
-1672
-1868
-1906
-1823
-1609
-1404
-1212
-1054
-994
-928
-693
-560
-505
-484
-658
-1144
-1826
-2534
-3459
-4578
-5475
-5967
-6255
-6421
-6314
-5959
-5265
-4270
-3332
-2527
-1988
-1743
-1729
-2024
-2478
-3232
-4024
-4720
-5328
-5500
-5315
-4980
-4345
-3501
-2565
-1656
-921
-306
-16
-22
-261
-603
-1158
-1791
-2170
-2301
-2323
-2105
-1718
-1196
-518
67
500
977
1390
1691
2017
2219
2122
1859
1535
1495
1693
1749
1898
2295
2683
2947
3242
3603
3801
3991
3977
3702
3558
3396
3366
3402
3298
3205
3297
3361
3324
3151
3119
3194
2999
2661
2363
2330
2370
2292
2188
2172
2255
2323
2454
2438
2452
2479
2398
2385
2425
2064
1313
703
356
527
1371
2750
4291
5615
6490
6845
6754
6113
4991
3643
2216
940
-164
-784
-843
-481
468
1733
2965
4177
4991
5375
5190
4296
3149
1861
547
-720
-1646
-2210
-2163
-1488
-521
698
1831
2563
3049
3332
3384
2987
2223
1225
201
-927
-1890
-2202
-1943
-1464
-823
-33
865
1668
2291
2459
2375
2196
1694
1005
89
-780
-1399
-1698
-1772
-1659
-1345
-849
-394
49
500
585
565
365
73
-132
-418
-709
-903
-1067
-1138
-960
-840
-559
-202
137
240
368
452
580
474
154
-182
-597
-880
-873
-690
-539
-481
-300
41
250
438
555
532
313
131
-52
-633
-1483
-2452
-3359
-4100
-4831
-5367
-5541
-5345
-4931
-4307
-3297
-2431
-1774
-1194
-728
-500
-680
-1283
-2046
-2725
-3403
-4075
-4490
-4532
-4125
-3471
-2742
-1974
-1041
-100
510
706
834
752
204
-368
-950
-1316
-1428
-1493
-1473
-1285
-764
-63
606
1098
1532
1941
2098
2078
1895
1715
1535
1148
935
1121
1487
2017
2380
2664
2695
2439
2193
1709
1069
617
296
230
443
902
1560
2424
3327
3940
3879
3610
3160
2324
1387
586
-131
-427
-324
420
1575
2801
4124
5306
6071
6394
6420
6075
5490
4671
3865
3180
2575
2154
2111
2520
3505
4969
6811
8596
9765
10308
10168
9417
8048
6443
4703
3113
1779
625
171
531
1378
2448
3683
4942
5698
5797
5667
5076
4010
2845
1323
-38
-1102
-2013
-2416
-2310
-1745
-703
389
1320
2148
2714
2716
2339
1783
881
-306
-1338
-2171
-3092
-3632
-3604
-3227
-2646
-1944
-1020
-292
170
498
607
287
-383
-1024
-1699
-2374
-2949
-3345
-3233
-2832
-2335
-1716
-901
-283
133
529
687
730
648
355
186
96
58
18
150
410
893
1285
1677
1909
1918
1970
1967
1861
1705
1400
1106
695
506
421
550
639
783
931
824
981
1212
1214
1104
910
651
402
-112
-1003
-1766
-2574
-3595
-4469
-5127
-5508
-5495
-5350
-4865
-4081
-3302
-2514
-1814
-1382
-1301
-1422
-1813
-2549
-3351
-4112
-4933
-5500
-5689
-5490
-4938
-4228
-3482
-2723
-2036
-1402
-832
-639
-1098
-1544
-2185
-2982
-3643
-4075
-4399
-4561
-4222
-3755
-3411
-2799
-1955
-1273
-809
-447
-156
-120
-211
-655
-1281
-1734
-2102
-2294
-2395
-2278
-1714
-908
-66
569
1079
1291
1237
1047
739
184
-436
-995
-1448
-1488
-1431
-1257
-834
-221
227
635
755
552
206
-413
-1214
-2026
-2722
-3303
-3716
-3698
-3406
-2742
-2156
-1712
-1441
-1511
-1729
-2054
-2837
-3991
-5213
-6066
-6124
-5299
-3859
-2147
-381
907
1429
1086
306
-826
-2379
-4327
-6204
-7627
-8410
-8424
-7712
-6384
-4675
-3013
-1630
-551
-75
-282
-1036
-2184
-3550
-5028
-6254
-7168
-7682
-7639
-6768
-5342
-3740
-2253
-1013
-117
335
405
-187
-1080
-2154
-3336
-4328
-4908
-4978
-4698
-4228
-3449
-2341
-1219
-416
336
875
923
645
186
-414
-1139
-1891
-2666
-2994
-2994
-2737
-2279
-1619
-962
-458
-155
58
153
45
-382
-807
-1095
-1384
-1585
-1650
-1670
-1528
-1155
-694
-278
-192
-62
215
186
-33
-307
-566
-886
-1152
-1149
-883
-658
-605
-423
-185
29
296
401
515
810
950
702
239
-418
-1104
-1885
-2648
-3252
-3793
-3998
-4105
-3896
-3252
-2383
-1447
-459
398
1207
1797
1824
1645
1219
564
-203
-881
-1185
-1306
-1245
-679
79
954
1975
2900
3507
3866
4077
4037
3731
3250
2724
2233
1672
1110
925
1115
1629
2112
2511
3033
3408
3680
3851
4057
4087
3972
3534
3133
2687
2559
2660
2734
2929
3162
3392
3479
3442
3567
3646
3732
3722
3472
3253
3080
2859
2664
2556
2524
2543
2566
2664
2797
2726
2575
2316
2191
2040
1837
1649
1401
1370
1439
1464
1547
1796
2154
2184
2135
2178
2226
2026
1485
795
207
-99
6
774
2013
3328
4592
5681
6351
6063
5411
4489
3333
2073
954
224
-302
-327
202
1327
2537
3730
4772
5596
5814
5427
4688
3574
2553
1432
268
-485
-734
-652
-39
1033
2079
3144
4144
4750
4918
4794
4385
3501
2506
1578
784
62
-323
-293
88
835
1773
2589
3328
3857
3939
3780
3496
3049
2363
1535
716
149
-91
-118
-23
187
637
1331
1767
2179
2443
2282
2060
1772
1628
1443
1111
744
562
528
568
674
1103
1493
1875
1862
1880
2013
1947
1615
1260
955
912
1074
1238
1427
1495
1485
1532
1670
1812
2017
2330
2392
2388
2295
2037
1798
1167
321
-630
-1474
-2151
-2649
-3039
-2928
-2468
-1807
-1118
-313
540
1286
1805
2005
1844
1264
597
-22
-715
-1302
-1693
-1717
-1607
-1156
-172
749
1704
2517
3017
3271
3076
2829
2391
1599
866
136
-456
-754
-713
-466
48
619
1030
1308
1736
2076
2148
1973
1627
1108
654
507
457
413
297
297
383
581
742
912
1159
1190
1206
1180
1054
933
859
617
403
377
433
503
294
-22
-98
63
96
-128
-507
-664
-736
-854
-1018
-1057
-1201
-1223
-1165
-958
-818
-852
-1006
-1149
-1258
-1239
-1453
-1929
-2353
-2568
-2248
-1490
-147
1481
3001
3915
4487
4546
3891
2664
1002
-758
-2322
-3833
-4755
-4811
-4364
-3341
-2004
-519
863
2114
2863
2725
2139
1193
-331
-1893
-3426
-4813
-5651
-5668
-5249
-4299
-3094
-1827
-768
199
884
941
644
-94
-1217
-2415
-3331
-4146
-4817
-4956
-4712
-4358
-3499
-2420
-1525
-667
-133
-1
-37
-274
-964
-1829
-2768
-3321
-3697
-4053
-4166
-3990
-3391
-2706
-2259
-1963
-1563
-1294
-1340
-1489
-1648
-1904
-2238
-2519
-2626
-2519
-2193
-1891
-1553
-1192
-761
-491
-249
-202
-323
-597
-1052
-1298
-1369
-1177
-974
-963
-951
-702
-286
9
149
355
597
571
522
445
206
-229
-856
-1653
-2604
-3340
-4087
-4627
-4746
-4479
-4209
-3830
-3051
-2014
-1025
-257
156
401
401
134
-491
-1064
-1721
-2593
-3046
-3100
-2893
-2309
-1479
-613
206
922
1385
1620
1702
1488
1061
525
-295
-954
-1523
-1677
-1649
-1430
-1067
-528
-137
260
631
1001
1428
1506
1418
1077
569
241
153
31
-1
38
299
494
812
1083
1187
1325
1551
1622
1583
1390
1197
953
892
956
1015
958
1101
888
664
720
876
833
597
324
175
-45
-297
-476
-543
-421
-243
-132
-16
8
-29
46
266
306
109
-144
-374
-600
-292
314
