-5135
-4760
-4301
-3906
-3749
-3646
-3725
-3968
-4355
-4648
-4794
-4727
-4570
-4281
-4253
-4142
-3996
-3859
-3676
-3501
-3189
-2995
-2973
-3122
-3459
-3944
-4563
-5331
-6225
-7008
-7925
-8440
-8697
-8655
-8203
-7697
-7034
-6221
-5121
-4341
-3806
-3366
-3426
-3810
-4657
-5564
-6339
-6957
-7367
-7435
-7031
-6626
-5884
-4844
-3848
-2949
-2227
-1898
-2024
-2149
-2322
-2999
-4077
-4707
-5125
-5485
-5556
-5419
-5074
-4428
-3641
-2869
-2472
-2500
-2531
-2861
-3679
-4590
-5283
-5541
-5562
-5339
-4674
-3429
-2098
-1163
-1033
-1752
-3163
-4777
-6437
-8164
-9871
-11190
-11889
-11743
-10782
-9287
-7658
-6031
-4826
-4573
-5014
-6078
-7647
-9424
-11034
-12422
-13192
-13130
-12280
-10555
-8107
-5524
-3087
-892
688
1432
1321
642
-535
-2025
-3669
-5349
-6623
-7001
-6448
-4797
-2228
653
3291
5455
6543
6555
5787
4150
2248
136
-2091
-4110
-5721
-6424
-6041
-4836
-3171
-1572
-233
596
964
477
-533
-2243
-4299
-6376
-8313
-9703
-10274
-10219
-9370
-8146
-6741
-5202
-3954
-3238
-2936
-3446
-4575
-5863
-7370
-8955
-10270
-11306
-11912
-12022
-11384
-9986
-8635
-7350
-6198
-5313
-4888
-4972
-5285
-6119
-7270
-8494
-9669
-10625
-11333
-11674
-11257
-10461
-9277
-8142
-7178
-6257
-5216
-4243
-3732
-3434
-3317
-3511
-3764
-3950
-3942
-3629
-3129
-2752
-2278
-1670
-1272
-911
-746
-571
-663
-889
-998
-1256
-1557
-1833
-1876
-1941
-1992
-2063
-2053
-1950
-1948
-2084
-2402
-2745
-2919
-3159
-3410
-3529
-3752
-4278
-4922
-5500
-6199
-6788
-7041
-6910
-6563
-6175
-5674
-4921
-4236
-3664
-3220
-3027
-3425
-4065
-4588
-5234
-6245
-7328
-7862
-8150
-8425
-8393
-7776
-6899
-5994
-5179
-4395
-3952
-3826
-3836
-3894
-4179
-4736
-5251
-5632
-5632
-5345
-4882
-4212
-3414
-2548
-1535
-629
208
899
1199
1449
1708
1764
1607
1275
668
-281
-1280
-2443
-3557
-4479
-4441
-3420
-1819
104
1948
3492
4779
5431
5304
4470
2853
795
-1220
-2940
-4137
-4517
-3798
-2222
-268
1542
3424
5047
6038
6229
5565
4214
2666
1023
-576
-1727
-2104
-1717
-639
984
2987
4955
6434
7091
7092
6677
6192
6016
5920
5981
6210
6391
6494
6543
6265
5778
5079
4162
3004
1749
721
-23
-467
-410
220
1198
2268
3236
4021
4508
4465
3921
3233
2203
992
-393
-1576
-2265
-2522
-2326
-1812
-1162
-322
421
1086
1631
1726
1257
555
-309
-1319
-2397
-3336
-4118
-4636
-4646
-4511
-4352
-4069
-3622
-3419
-3300
-3312
-3441
-3704
-3995
-4407
-4734
-4902
-4975
-4942
-4685
-4520
-4207
-3801
-3451
-3170
-3170
-3265
-3537
-3730
-4048
-4286
-4372
-4311
-4084
-3637
-3127
-2505
-2017
-1809
-1498
-1149
-1246
-1495
-1571
-1698
-2081
-2556
-2971
-3236
-3373
-3289
-3087
-2937
-2769
-2657
-2337
-2128
-2021
-1972
-2037
-2383
-3159
-4249
-5350
-6734
-8083
-9100
-9864
-10336
-10593
-10391
-9722
-8750
-7731
-6660
-5561
-4978
-4934
-5093
-5331
-6075
-7163
-8199
-9241
-9942
-10152
-9993
-9738
-9119
-8120
-7434
-6745
-6030
-5467
-5108
-5206
-5818
-6530
-7093
-7599
-7842
-7911
-7936
-7891
-7669
-7008
-6120
-5249
-4565
-3931
-3487
-3191
-2840
-2719
-2628
-2543
-2404
-2080
-1716
-1424
-1143
-902
-447
-49
96
217
368
223
35
-62
-414
-636
-714
-708
-607
-608
-711
-799
-770
-939
-1049
-1152
-1442
-1769
-1994
-2014
-2127
-2539
-2810
-2691
-2488
-2257
-2135
-1992
-1790
-1665
-1743
-1729
-1852
-2661
-3539
-4074
-4150
-3549
-2635
-1301
81
934
1368
1350
656
-354
-1794
-3552
-5192
-6527
-7281
-7539
-7310
-6522
-5253
-3830
-2561
-1535
-1065
-1023
-1422
-2269
-3593
-5252
-6855
-8035
-8755
-9011
-8562
-7661
-6491
-5112
-3867
-2958
-2334
-1976
-2190
-2867
-3859
-5109
-6472
-7530
-8212
-8379
-8032
-7245
-6339
-5402
-4501
-3611
-3073
-2767
-2847
-3280
-3864
-4587
-5265
-5959
-6543
-6829
-6788
-6633
-6412
-5864
-5239
-4667
-4428
-4433
-4495
-4698
-4995
-5460
-5826
-6181
-6542
-6565
-6544
-6525
-6171
-5686
-5250
-5102
-5156
-5330
-5561
-5902
-6314
-6644
-6686
-6739
-6865
-6822
-6523
-5954
-5771
-5780
-5643
-5253
-5022
-5148
-5236
-5276
-5483
-6053
-6816
-7779
-8810
-9748
-10513
-11046
-11218
-11011
-10715
-10320
-9398
-8295
-7263
-6393
-5986
-5819
-6053
-6415
-7009
-7731
-8612
-9284
-9907
-10037
-9718
-9095
-8240
-7339
-6251
-5177
-4322
-3857
-3699
-3719
-4053
-4522
-5060
-5587
-6075
-6389
-6499
-6154
-5499
-4609
-3805
-3196
-2601
-1927
-1505
-1436
-1533
-1397
-1260
-1251
-1369
-1448
-1457
-1221
-968
-658
-234
284
651
837
1070
1250
1157
1059
988
779
869
816
796
620
545
554
498
413
403
306
144
-128
-516
-642
-765
-758
-763
-816
-782
-566
-403
-195
-79
-111
-21
27
-118
-532
-1087
-1721
-2000
-1485
-406
1100
2558
3669
4476
4804
4374
3427
2293
1002
-578
-1981
-2847
-3437
-3456
-2798
-1621
-349
946
2204
2909
3065
2726
1864
692
-724
-2057
-3139
-4118
-4701
-4460
-3642
-2530
-1351
-129
713
1248
1579
1409
891
51
-1013
-2235
-3496
-4588
-5043
-4634
-4061
-3427
-2507
-1697
-1034
-418
-10
48
-350
-985
-1641
-2390
-3297
-4105
-4649
-4774
-4454
-3851
-3230
-2825
-2430
-2173
-2116
-2177
-2303
-2502
-2745
-3103
-3424
-3545
-3592
-3676
-3500
-3205
-2842
-2584
-2476
-2423
-2400
-2406
-2404
-2670
-2993
-3038
-3155
-3371
-3419
-3435
-3297
-3044
-2739
-2477
-2383
-2447
-2493
-2276
-2229
-2405
-2886
-3668
-4612
-5525
-6265
-7057
-7653
-8040
-8313
-8239
-7694
-6985
-6234
-5314
-4482
-3819
-3505
-3501
-3718
-4292
-5061
-5922
-6740
-7371
-7817
-7910
-7572
-6799
-5920
-4987
-3998
-3265
-2717
-2398
-2378
-2572
-3222
-3848
-4360
-4718
-5041
-5174
-5015
-4732
-4342
-3682
-2841
-1994
-1486
-1042
-763
-744
-769
-1009
-1274
-1373
-1407
-1230
-1040
-951
-633
-249
-67
264
758
1204
1366
1251
1296
1289
1250
1176
1151
1066
901
858
856
777
761
853
980
774
359
54
-77
-120
-274
-409
-468
-458
-261
-291
-317
-123
6
193
178
-156
-757
-1380
-1953
-2379
-2253
-1374
-73
1560
3068
4149
4528
4276
3530
2363
975
-459
-1934
-3193
-4028
-4136
-3724
-2934
-1590
20
1379
2094
2391
2181
1516
364
-1194
-2798
-4096
-4942
-5367
-5408
-5038
-4121
-2866
-1788
-838
22
415
287
-181
-846
-1877
-3097
-4248
-4955
-5407
-5393
-5124
-4516
-3778
-2986
-2160
-1550
-1038
-955
-1271
-1913
-2573
-3388
-4218
-4797
-5162
-5405
-5355
-5069
-4774
-4264
-3601
-3290
-3162
-3006
-3093
-3300
-3563
-4002
-4423
-4782
-5071
-5095
-4873
-4478
-4190
-3920
-3506
-3248
-3243
-3430
-3688
-4005
-4198
-4346
-4554
-4841
-4837
-4725
-4671
-4522
-4293
-3989
-3771
-3656
-3467
-3475
-3513
-3743
-4214
-4642
-5293
-6356
-7439
-8257
-8999
-9727
-9937
-9765
-9389
-8774
-7941
-7046
-5979
-5004
-4594
-4512
-4678
-5183
-5930
-6699
-7395
-8162
-8836
-8931
-8524
-7896
-7040
-6180
-5255
-4360
-3638
-3230
-3072
-3165
-3434
-4010
-4608
-5299
-5891
-6014
-5699
-5143
-4558
-3870
-3056
-2352
-1852
-1312
-949
-757
-795
-908
-1128
-1436
-1631
-1525
-1304
-1047
-600
-223
84
373
698
822
1039
1109
1206
1149
965
1023
1145
1171
1087
1086
1102
962
913
1088
1045
895
628
110
-139
-149
-220
-190
-133
-140
-80
-88
-163
-38
178
247
254
62
-426
-1052
-2031
-3198
-3747
-3596
-2856
-1744
-715
163
945
1464
1398
946
296
-676
-1732
-2557
-2849
-2829
-2682
-1897
-799
316
1252
1938
2024
1625
1049
174
-819
-2015
-3076
-3771
-4064
-3891
-3157
-2105
-1019
38
1029
1742
2068
2089
1851
1286
297
-819
-1779
-2459
-2813
-2810
-2303
-1656
-762
98
818
1526
1963
1879
1564
828
34
-631
-1258
-1704
-2194
-2455
-2386
-2086
-1596
-966
-333
172
439
541
337
-43
-522
-1184
-1713
-2190
-2591
-3029
-3293
-3234
-3014
-2613
-2394
-2313
-2312
-2271
-2267
-2615
-2955
-3050
-3245
-3402
-3642
-3772
-3735
-3687
-3566
-3359
-3135
-3122
-3175
-3053
-2890
-3032
-3417
-3761
-4266
-4928
-5831
-6763
-7606
-8234
-8550
-8607
-8525
-7946
-6936
-6137
-5249
-4218
-3516
-3349
-3588
-3914
-4391
-5093
-5845
-6652
-7163
-7156
-6832
-6295
-5559
-4630
-3534
-2636
-1941
-1320
-918
-963
-1195
-1729
-2263
-2758
-3031
-3013
-2821
-2547
-2150
-1594
-840
-285
348
822
1143
1509
1592
1407
1164
1058
831
611
602
652
959
1505
1753
1933
2192
2461
2498
2440
2430
2392
2279
2134
2057
2003
1916
1773
1749
1647
1626
1583
1406
1536
1378
969
678
571
562
452
461
483
584
565
566
680
728
702
746
793
792
633
584
755
1237
2265
3797
5620
6939
7639
7893
7674
6687
5128
3239
1088
-1125
-2962
-4207
-4760
-4421
-3094
-1179
890
2850
4530
5725
6076
5727
4640
3092
1087
-892
-2658
-3956
-4654
-4886
-4350
-3203
-1912
-395
859
1775
2292
2232
1790
790
-588
-2241
-3691
-4864
-5460
-5658
-5611
-5037
-4048
-2966
-1972
-1033
-425
-244
-370
-775
-1507
-2310
-3108
-3901
-4707
-5289
-5334
-4895
-4642
-4286
-3840
-3473
-3312
-3258
-3360
-3496
-3581
-3654
-3664
-3806
-3871
-3595
-3008
-2467
-2216
-1927
-1532
-1384
-1313
-1457
-1727
-1979
-2257
-2543
-2629
-2462
-2268
-1932
-1533
-1271
-1038
-849
-736
-649
-586
-459
-522
-869
-1505
-2280
-3119
-4019
-4825
-5677
-6370
-6749
-6841
-6479
-5812
-5092
-4164
-3053
-2256
-1673
-1551
-1787
-2145
-2827
-3753
-4616
-5500
-6206
-6678
-6665
-6323
-5744
-5023
-4222
-3282
-2498
-2082
-1950
-1931
-2119
-2544
-3186
-4061
-4750
-4987
-5043
-4876
-4623
-4184
-3448
-2651
-1924
-1365
-828
-500
-427
-450
-529
-795
-1068
-1209
-1077
-810
-702
-509
-63
471
944
1206
1436
1706
1859
1843
1802
1801
1746
1621
1573
1661
1721
1672
1881
1878
1763
1597
1333
953
834
789
782
723
630
588
633
753
837
912
1074
1210
1262
1250
1072
578
28
-499
-1346
-1653
-1368
-661
497
1749
2643
2880
2762
2189
1228
137
-1011
-2303
-3359
-3895
-3768
-3074
-1983
-554
988
2315
3185
3534
3207
2350
1110
-340
-1903
-3486
-4732
-5350
-5152
-4310
-3293
-2041
-598
633
1475
2027
2312
2083
1316
227
-923
-1934
-2697
-3110
-3132
-2612
-1915
-1051
-127
768
1678
2284
2449
2078
1424
842
132
-711
-1321
-1743
-1890
-1948
-1617
-1009
-532
-138
348
832
1037
1032
784
383
131
-210
-799
-1068
-1276
-1293
-1200
-1136
-901
-675
-481
-567
-748
-984
-1531
-2008
-2210
-2499
-2734
-2617
-2484
-2309
-2219
-2101
-2051
-2099
-1963
-1754
-1785
-1758
-1824
-2087
-2687
-3634
-4626
-5384
-6128
-6729
-7382
-7763
-7476
-7171
-6619
-5737
-4791
-4022
-3206
-2592
-2280
-2326
-2943
-3792
-4770
-5679
-6414
-6736
-6459
-5964
-5256
-4358
-3384
-2556
-1547
-649
-154
-120
-342
-513
-770
-1220
-1913
-2352
-2384
-2201
-1715
-1246
-652
148
1143
1904
2319
2631
2811
2793
2724
2578
2240
2091
2076
2215
2335
2464
2904
3307
3592
3764
3875
4022
4067
4195
4206
4168
3871
3674
3697
3638
3424
3358
3488
3489
3336
3126
2890
2663
2507
2500
2561
2435
2019
1916
1909
1957
2088
2051
1929
1954
2145
2016
1808
1493
1056
543
201
298
841
1832
3241
4689
5829
6485
6618
6133
5198
3938
2456
1033
-34
-817
-1081
-884
-23
1250
2613
3840
4714
5364
5356
4745
3931
2775
1438
199
-762
-1294
-1471
-1287
-544
447
1428
2398
3240
3708
3744
3485
2895
1936
988
-50
-894
-1461
-1632
-1498
-1124
-525
335
1183
1892
2267
2417
2325
1939
1321
452
-578
-1294
-1890
-2153
-2180
-2018
-1529
-1014
-512
-123
165
292
101
-54
-469
-1070
-1609
-1774
-1898
-2026
-2133
-1947
-1551
-1135
-788
-587
-495
-311
-397
-629
-901
-1038
-1318
-1472
-1500
-1512
-1483
-1303
-1124
-802
-546
-458
-356
-252
-251
-216
-512
-1209
-1774
-2509
-3468
-4412
-5102
-5586
-5853
-6008
-5816
-5234
-4424
-3502
-2541
-1690
-1085
-807
-1028
-1525
-2189
-3020
-3827
-4569
-4935
-4969
-4730
-4227
-3581
-2833
-1999
-1163
-636
-164
94
16
-288
-901
-1563
-2104
-2482
-2877
-2998
-2748
-2340
-1870
-1311
-602
175
845
1097
1314
1436
1323
1095
942
783
912
965
924
1239
1732
2088
2268
2464
2629
2787
2964
3032
2988
2801
2658
2621
2636
2736
2713
2697
2662
2655
2650
2580
2494
2414
2216
2128
2006
1774
1521
1441
1636
1579
1522
1677
1666
1659
1823
1930
1861
1664
1044
302
-19
31
361
1142
2597
4234
5598
6160
6178
5872
5065
3974
2553
1221
-54
-1062
-1598
-1641
-1049
-102
1208
2515
3675
4363
4518
4186
3465
2429
1131
-283
-1613
-2600
-2948
-2699
-1863
-810
124
1174
2155
2730
2840
2589
2126
1379
384
-766
-1775
-2388
-2545
-2559
-2323
-1816
-889
148
959
1545
1736
1613
1362
807
57
-849
-1747
-2304
-2560
-2492
-2370
-2046
-1697
-1250
-700
-259
-49
8
-312
-882
-1176
-1412
-1665
-1920
-1952
-1841
-1539
-1222
-934
-832
-658
-447
-267
-218
-488
-875
-1234
-1328
-1310
-1432
-1354
-1260
-1199
-843
-520
-459
-370
-332
-187
-2
54
-196
-725
-1311
-2081
-3069
-3985
-4819
-5436
-5840
-6018
-5856
-5177
-4356
-3577
-2681
-1970
-1499
-1180
-1259
-1569
-2053
-2632
-3382
-4245
-4916
-5271
-5164
-4559
-3886
-3194
-2283
-1291
-403
-66
161
308
74
-268
-723
-1146
-1661
-1932
-1881
-1786
-1511
-913
-229
577
1072
1598
2085
2420
2514
2507
2371
2225
2038
1991
2072
2209
2387
2600
2950
3275
3685
4051
4183
4298
4212
4148
4212
4323
4160
3920
3923
4057
4015
3887
3712
3740
3873
3727
3524
3394
3203
3024
2826
2743
2791
2654
2641
2897
3070
3042
2897
2823
2888
2755
2622
2262
1730
1165
920
1196
1998
3366
4895
6131
6818
7092
6832
6220
5221
3881
2512
1131
104
-456
-526
-112
782
2022
3320
4403
5032
5278
5159
4524
3503
2363
1133
-109
-1076
-1537
-1567
-1160
-328
929
2075
2737
3263
3746
3763
3380
2695
1673
515
-412
-998
-1295
-1437
-1018
-395
281
1054
1742
2276
2687
2788
2472
1948
1198
560
-158
-860
-1241
-1375
-1345
-1066
-532
20
410
760
995
938
697
536
418
15
-382
-708
-937
-749
-519
-240
-132
18
318
560
678
678
600
267
52
-121
-279
-387
-451
-449
-306
-89
128
260
404
449
658
756
691
525
262
-89
-835
-1851
-2774
-3757
-4611
-5083
-5136
-5103
-4891
-4237
-3339
-2533
-1729
-912
-464
-310
-424
-860
-1676
-2396
-3124
-3707
-4037
-4187
-3919
-3383
-2697
-1684
-806
-67
626
1046
1283
1111
521
-28
-545
-1059
-1485
-1696
-1479
-976
-439
176
853
1500
1942
2243
2443
2355
2249
2051
1626
1305
1376
1700
2077
2432
2761
3037
3079
2941
2649
2124
1464
816
319
344
779
1438
2258
3156
3980
4492
4614
4322
3644
2910
2086
1164
374
309
800
1519
2482
3722
4781
5795
6577
7014
7087
6685
6084
5311
4325
3505
2949
2637
2643
3132
4176
5707
7479
8979
10050
10601
10441
9795
8522
6792
5096
3558
2376
1471
977
1242
1872
2817
4173
5342
6108
6552
6385
5815
4853
3407
2043
816
-256
-1105
-1551
-1401
-825
-11
970
1923
2472
2756
2903
2796
2516
1692
444
-683
-1695
-2574
-3027
-2886
-2540
-1990
-1206
-373
438
888
915
867
640
191
-393
-981
-1595
-2258
-2559
-2531
-2091
-1548
-1004
-433
159
670
1034
1224
1247
1249
1043
705
551
450
266
512
991
1415
1813
2188
2485
2582
2503
2461
2379
2020
1588
1383
1170
1029
1055
1183
1346
1401
1511
1661
1617
1595
1727
1750
1750
1448
1140
566
-167
-942
-1930
-2865
-3660
-4242
-4612
-4584
-4402
-4027
-3337
-2500
-1745
-1121
-558
-356
-568
-1216
-1991
-2870
-3622
-4322
-5036
-5214
-5019
-4586
-3798
-3044
-2256
-1434
-845
-511
-395
-656
-1176
-1880
-2566
-3158
-3770
-4050
-3939
-3612
-3216
-2744
-2012
-1289
-657
-223
-40
36
216
100
-304
-807
-1140
-1522
-2040
-2211
-1871
-1231
-351
478
1089
1406
1700
1745
1641
1235
483
-183
-725
-1094
-1117
-1136
-903
-458
123
558
841
1109
1127
797
63
-661
-1430
-2139
-2805
-2987
-2787
-2461
-2100
-1644
-1078
-683
-634
-833
-1414
-2546
-3780
-4787
-5449
-5436
-4770
-3378
-1529
225
1488
1919
1713
1086
-251
-1976
-3887
-5677
-7023
-7979
-8160
-7409
-6086
-4457
-2865
-1391
-313
243
187
-471
-1529
-2932
-4452
-5879
-6634
-6920
-6692
-5980
-4984
-3618
-1939
-651
-46
391
459
110
-770
-1760
-2514
-3353
-4050
-4359
-4255
-3793
-2999
-1916
-959
-182
478
998
1110
831
404
-22
-568
-1359
-2045
-2446
-2468
-2176
-1764
-1128
-610
-26
391
651
647
502
274
-213
-792
-1140
-1262
-1403
-1521
-1320
-918
-419
62
353
509
475
302
130
-101
-382
-573
-874
-1022
-949
-689
-434
-70
167
441
646
810
932
917
887
850
535
143
-607
-1397
-2185
-2848
-3299
-3395
-3357
-3220
-2765
-2024
-1139
-108
838
1525
2057
2278
2088
1563
901
270
-536
-1003
-1082
-917
-437
354
1280
2336
3144
3913
4434
4685
4696
4354
3921
3143
2449
2117
1877
1734
1702
2010
2411
2914
3503
3973
4304
4607
4641
4516
4216
3920
3593
3160
3117
3127
3091
3125
3338
3833
3978
3935
4086
4228
4116
3954
3830
3670
3608
3467
3381
3323
3325
3250
3137
3222
3203
3047
2974
2834
2618
2479
2375
2181
2074
2092
1982
1915
2143
2293
2238
2372
2466
2585
2581
2390
1964
1418
1069
942
1045
1719
3014
4550
6034
6985
7368
7150
6433
5567
4434
3082
1817
637
-79
-174
411
1480
2820
4205
5308
6145
6400
6179
5583
4641
3589
2530
1174
5
-494
-350
294
1121
2013
3033
4032
4899
5274
5075
4762
4116
3096
1848
804
80
-157
-250
-48
644
1580
2350
3010
3631
3903
3890
3691
3322
2669
1873
1318
764
257
13
119
403
706
1085
1735
2299
2514
2582
2336
1943
1541
1345
1024
710
615
714
989
1384
1746
1935
2107
2365
2563
2629
2503
2146
1891
1802
1559
1380
1378
1450
1585
1847
2202
2357
2513
2680
2814
2974
3001
2944
2680
2175
1575
764
-167
-1089
-1778
-2234
-2491
-2394
-1970
-1375
-606
319
1212
1920
2202
2119
2028
1578
1021
378
-364
-1028
-1388
-1462
-1384
-821
16
936
1717
2405
2913
3159
3206
2906
2420
1689
878
234
-305
-647
-703
-562
-113
429
1007
1470
1652
1886
2086
1931
1511
1241
1036
794
601
576
494
394
544
859
1149
1355
1555
1685
1527
1469
1493
1356
1099
906
760
683
639
632
658
591
683
582
434
282
137
23
-298
-573
-823
-881
-827
-841
-767
-738
-523
-420
-442
-513
-413
-573
-926
-1584
-2303
-2692
-2466
-1627
-435
930
2170
3344
3967
3969
3558
2533
1159
-150
-1510
-2808
-3675
-4100
-3886
-3185
-2000
-558
955
2014
2500
2591
2180
1095
-120
-1505
-3047
-4204
-4879
-5007
-4754
-3946
-2699
-1445
-341
444
951
1157
1005
311
-710
-1829
-2875
-3632
-4126
-4321
-4247
-3646
-2861
-1927
-974
-145
456
551
329
-12
-485
-1200
-1972
-2529
-3030
-3283
-3330
-3208
-2652
-2040
-1560
-1199
-947
-823
-927
-1060
-1203
-1484
-1649
-1873
-2115
-2188
-2116
-1849
-1380
-786
-403
-289
-150
35
11
-375
-669
-732
-914
-1024
-1159
-1061
-894
-839
-609
-257
-50
134
264
479
578
575
512
131
-656
-1462
-2257
-3039
-3827
-4476
-4924
-4957
-4614
-3986
-3126
-2020
-958
-158
449
675
476
-25
-618
-1184
-1828
-2551
-3121
-3401
-3030
-2307
-1696
-903
92
914
1573
1829
1833
1865
1557
873
42
-621
-1001
-1134
-1193
-1177
-881
-331
358
840
1247
1566
1808
1770
1623
1391
990
605
489
410
334
435
520
799
1131
1326
1426
1593
1941
2060
1782
1440
1324
1370
1359
1218
1030
1112
1132
1119
1126
1072
1023
858
562
330
178
207
162
86
-111
-211
-46
54
173
308
413
381
276
425
434
223
101
182
477
1213
