-5102
-4647
-4318
-4175
-3916
-3883
-4149
-4429
-4650
-4780
-4877
-5086
-5190
-5266
-5280
-5140
-4858
-4504
-4359
-4305
-4084
-3786
-3747
-3973
-4190
-4469
-5058
-5842
-6813
-7614
-8432
-9070
-9289
-9217
-8841
-8133
-7301
-6335
-5335
-4627
-4180
-3740
-3623
-4089
-4856
-5655
-6464
-6804
-7188
-7288
-6898
-6259
-5223
-4286
-3367
-2516
-1851
-1445
-1336
-1558
-1958
-2485
-3334
-4050
-4514
-4935
-4865
-4479
-4152
-3607
-2880
-2228
-1913
-1795
-1844
-2070
-2682
-3582
-4404
-4916
-4910
-4729
-4103
-2888
-1501
-703
-686
-1443
-2669
-4179
-6076
-8092
-9895
-11281
-11945
-11518
-10566
-9318
-7860
-6526
-5632
-5054
-5183
-6230
-7630
-9324
-11239
-12673
-13436
-13438
-12522
-10874
-8651
-5939
-3309
-1292
108
886
772
30
-1074
-2249
-3719
-5267
-6165
-5904
-4578
-2218
779
3644
6092
7872
8752
8399
6998
4909
2254
-614
-3401
-5764
-7381
-7934
-7214
-5674
-3611
-1360
682
2061
2557
2428
1359
-551
-2927
-5622
-8071
-10035
-11120
-11241
-10668
-9365
-7724
-6135
-4497
-3307
-2978
-3268
-4016
-5351
-7023
-8858
-10528
-11817
-12671
-13094
-13029
-12182
-10813
-9166
-7717
-6843
-6116
-5856
-6160
-6710
-7812
-9220
-10568
-11575
-12293
-12577
-12453
-11946
-10956
-9886
-8843
-7710
-6708
-5896
-5302
-4848
-4496
-4517
-4773
-4609
-4268
-3788
-3255
-2719
-2234
-1689
-1091
-677
-473
-463
-548
-718
-937
-1332
-1531
-1529
-1511
-1352
-1261
-1332
-1215
-902
-831
-996
-1268
-1586
-1949
-2217
-2414
-2901
-3410
-3992
-4605
-5332
-6011
-6438
-6671
-6450
-6003
-5453
-4765
-4156
-3660
-3186
-2746
-2528
-2648
-3307
-4282
-5278
-6207
-6945
-7755
-8269
-8321
-8064
-7673
-7088
-6243
-5350
-4606
-4180
-4046
-4288
-4768
-5244
-5701
-5945
-6025
-6383
-6267
-5619
-4850
-3917
-2671
-1631
-984
-479
248
927
1291
1372
1379
1160
772
45
-915
-1836
-2727
-3672
-4502
-4437
-3377
-1809
185
2213
3877
5008
5717
5504
4534
3069
1294
-620
-2359
-3498
-3674
-2831
-1343
448
2472
4483
5957
6663
6752
6172
5040
3476
1830
418
-588
-1002
-686
455
2265
4422
6096
7299
8094
8528
8764
9030
9182
9247
9269
9054
8674
8369
7949
7186
6130
4771
3405
2232
1223
347
-355
-266
337
1221
2310
3386
4279
4945
5285
5014
4477
3479
2285
1090
-133
-1302
-1978
-2112
-1994
-1647
-1122
-418
258
679
718
567
265
-389
-1308
-2215
-2928
-3626
-4137
-4451
-4556
-4351
-4133
-3900
-3962
-4081
-4034
-4038
-4068
-4100
-4259
-4500
-4674
-4690
-4640
-4524
-4361
-4193
-3864
-3629
-3600
-3488
-3702
-3993
-4150
-4286
-4515
-4490
-4189
-3621
-2991
-2325
-1835
-1377
-824
-483
-317
-286
-353
-607
-955
-1247
-1670
-2215
-2607
-2638
-2588
-2576
-2503
-2263
-1999
-1667
-1331
-1127
-1101
-965
-1122
-1725
-2537
-3622
-4989
-6336
-7609
-8752
-9691
-10130
-10139
-9860
-9453
-8646
-7576
-6509
-5374
-4805
-4720
-4878
-5377
-5994
-6836
-7986
-9082
-9855
-10123
-10011
-9926
-9446
-8662
-7621
-6706
-6121
-5728
-5588
-5817
-6334
-6926
-7433
-8080
-8605
-8917
-8953
-8743
-8370
-7829
-6898
-5923
-5235
-4774
-4339
-3909
-3562
-3329
-3158
-2972
-2833
-2603
-2465
-2198
-1643
-1235
-913
-756
-548
-139
68
-3
-230
-491
-656
-897
-1069
-1250
-1253
-1364
-1315
-1161
-1093
-947
-1081
-1232
-1317
-1599
-2064
-2421
-2455
-2644
-2997
-3191
-3097
-2819
-2502
-2346
-2137
-2018
-2034
-2148
-2565
-3047
-3647
-4066
-4181
-3796
-3015
-1743
-271
764
1217
1165
326
-824
-2295
-3906
-5421
-6830
-7840
-8257
-7995
-6976
-5648
-4206
-2831
-1865
-1413
-1591
-2078
-3033
-4415
-6218
-7721
-8841
-9562
-9595
-9142
-7947
-6521
-5273
-4126
-3111
-2424
-2225
-2468
-3162
-4211
-5594
-7053
-8102
-8623
-8666
-8387
-7824
-6830
-5825
-4850
-4038
-3463
-3130
-3170
-3556
-4026
-4724
-5622
-6367
-6949
-7260
-7281
-7034
-6519
-6001
-5368
-4738
-4391
-4381
-4444
-4657
-5259
-5748
-6049
-6257
-6474
-6702
-6511
-6136
-5761
-5561
-5445
-5238
-5068
-5212
-5546
-5861
-6171
-6391
-6578
-6653
-6627
-6530
-6405
-6162
-5799
-5425
-5388
-5297
-5024
-4938
-5084
-5177
-5488
-5994
-6619
-7490
-8663
-9900
-10689
-11220
-11504
-11462
-10833
-9960
-9096
-8315
-7327
-6286
-5755
-5596
-5662
-6032
-6514
-7401
-8376
-9212
-9635
-9772
-9547
-8802
-7777
-6602
-5569
-4661
-3725
-3150
-3115
-3263
-3548
-4162
-4694
-4997
-5394
-5658
-5582
-5264
-4820
-4198
-3357
-2300
-1563
-1272
-1096
-842
-484
-456
-606
-680
-860
-869
-851
-713
-369
-77
266
688
1162
1542
1711
1966
1908
1781
1657
1594
1467
1295
1273
1199
1160
1309
1360
1165
1080
996
776
580
392
248
209
-1
-145
-51
83
201
237
254
443
624
588
635
660
153
-569
-1194
-1408
-927
316
1938
3481
4759
5591
5863
5447
4367
3075
1738
375
-924
-2076
-2631
-2517
-1813
-738
713
2072
3072
3657
3737
3332
2572
1346
-95
-1376
-2380
-3211
-3585
-3513
-2744
-1518
-87
1027
1680
2135
2442
2432
1904
774
-492
-1796
-2867
-3523
-3802
-3627
-3054
-2138
-1316
-735
-84
432
569
445
151
-322
-1165
-2107
-3029
-3655
-4145
-4132
-3914
-3444
-2835
-2356
-1982
-1831
-1533
-1285
-1430
-1847
-2233
-2493
-2896
-3271
-3470
-3327
-2935
-2438
-2238
-2051
-1783
-1721
-1674
-1728
-1903
-2306
-2654
-2796
-2743
-2832
-3006
-3000
-2799
-2468
-2175
-2017
-1932
-1755
-1626
-1736
-1820
-2122
-2552
-3102
-3965
-4790
-5570
-6553
-7559
-8162
-8222
-7833
-7107
-6391
-5598
-4808
-3957
-3309
-3001
-3061
-3323
-3775
-4589
-5603
-6310
-6818
-7187
-7250
-6862
-5996
-4994
-4086
-3419
-2632
-2025
-1690
-1732
-2057
-2545
-3258
-3990
-4508
-4737
-4730
-4519
-4060
-3620
-3191
-2379
-1722
-1162
-821
-589
-444
-410
-705
-989
-1082
-1151
-1066
-941
-755
-397
143
419
774
1230
1360
1448
1510
1448
1409
1259
1071
925
718
715
870
941
904
1017
934
815
557
360
197
-98
-246
-340
-411
-433
-479
-531
-494
-303
-173
-145
-184
-85
-288
-839
-1632
-2240
-2503
-2310
-1447
-70
1537
2898
3846
4239
3982
3180
1855
324
-1106
-2486
-3646
-4475
-4654
-4178
-3135
-1768
-394
822
1685
1851
1376
570
-523
-1770
-3153
-4561
-5552
-6000
-6130
-5604
-4625
-3567
-2440
-1292
-377
134
-5
-463
-1398
-2446
-3533
-4745
-5891
-6466
-6198
-5622
-5022
-4250
-3362
-2546
-2016
-1584
-1486
-1774
-2560
-3357
-4041
-4810
-5585
-6076
-6101
-5899
-5787
-5206
-4603
-4069
-3629
-3413
-3242
-3357
-3683
-3961
-4365
-4879
-5107
-5236
-5333
-5213
-4895
-4487
-4034
-3639
-3633
-3660
-3622
-3659
-3991
-4314
-4485
-4701
-4955
-5105
-4923
-4747
-4495
-4294
-4182
-4047
-3987
-3952
-3970
-3867
-4047
-4522
-4983
-5537
-6545
-7701
-8640
-9401
-9749
-9692
-9545
-9161
-8494
-7644
-6740
-5850
-4967
-4508
-4433
-4623
-5248
-6061
-6932
-7658
-8348
-8793
-8796
-8396
-7652
-6672
-5745
-4864
-4079
-3522
-3208
-3020
-3109
-3504
-4001
-4668
-5305
-5608
-5609
-5383
-4980
-4430
-3870
-3112
-2121
-1512
-1217
-944
-811
-818
-919
-1163
-1376
-1579
-1721
-1431
-1025
-793
-461
-40
525
745
855
967
1066
1180
1187
1053
996
908
716
770
885
983
949
1082
1130
1075
820
545
338
29
-90
-178
-258
-209
-96
34
-101
0
102
254
226
211
249
-40
-708
-1570
-2220
-2228
-1585
-353
1065
2406
3472
3960
4012
3632
2731
1554
294
-1019
-2195
-3058
-3310
-2951
-1986
-790
489
1626
2581
3070
2851
2055
1153
-88
-1375
-2399
-3251
-4054
-4219
-3729
-2770
-1636
-482
580
1333
1676
1625
1393
863
-114
-1257
-2335
-3106
-3714
-4000
-3528
-2506
-1506
-798
-45
677
980
946
780
352
-305
-976
-1794
-2643
-3228
-3382
-3138
-2895
-2530
-1983
-1376
-885
-670
-690
-859
-1091
-1264
-1518
-1896
-2413
-2737
-2930
-2747
-2472
-2276
-1959
-1605
-1471
-1486
-1437
-1431
-1556
-1659
-1959
-2281
-2402
-2569
-2734
-2618
-2325
-1993
-1889
-1848
-1845
-1859
-1766
-1638
-1692
-1944
-2526
-3304
-4294
-5325
-6171
-6898
-7516
-7787
-7515
-7211
-6771
-5934
-4823
-3745
-2902
-2426
-2429
-2796
-3166
-3728
-4539
-5342
-6031
-6209
-6348
-6296
-5626
-4724
-3823
-2986
-2167
-1479
-1198
-1109
-1169
-1376
-1841
-2563
-2952
-3165
-3447
-3481
-3311
-2879
-2086
-1186
-553
18
569
1027
1290
1286
1206
945
787
668
622
766
797
901
1239
1691
2096
2328
2606
2878
2952
2877
2631
2665
2587
2403
2326
2176
1940
1719
1653
1785
2035
2106
1755
1454
1265
1184
997
794
793
809
733
704
743
781
839
841
959
1063
1053
822
455
-26
-295
-271
233
1397
2890
4438
5594
6199
6252
5694
4586
3159
1529
-161
-1634
-2716
-3129
-3007
-2160
-665
918
2387
3400
4025
4192
3882
3061
1724
197
-1311
-2815
-3863
-4215
-4037
-3412
-2475
-1190
101
1134
1913
2261
1980
1189
336
-692
-1935
-3056
-3913
-4428
-4389
-3910
-3029
-2069
-1433
-769
-73
261
132
-64
-482
-1197
-2096
-3026
-3778
-4191
-4298
-4042
-3738
-3350
-2841
-2552
-2163
-1887
-1867
-1917
-2153
-2630
-3074
-3243
-3358
-3488
-3465
-3136
-2512
-2106
-1829
-1704
-1582
-1471
-1609
-1695
-1919
-2057
-2207
-2475
-2631
-2701
-2753
-2524
-2120
-1854
-1655
-1516
-1370
-1501
-1483
-1479
-1691
-2044
-2827
-3778
-4658
-5557
-6455
-7196
-7667
-7654
-7249
-6716
-6019
-4978
-3956
-3083
-2458
-2174
-2187
-2507
-3239
-4258
-5068
-5810
-6447
-6812
-6766
-6259
-5424
-4630
-3995
-3094
-2224
-1623
-1441
-1721
-1885
-2249
-2746
-3357
-3936
-4356
-4441
-4303
-3944
-3282
-2425
-1665
-1109
-691
-407
-95
138
62
-21
-154
-403
-295
-100
-127
-85
134
666
1255
1668
2001
2152
2268
2287
2179
2112
2082
2001
1933
1916
1851
1673
1492
1579
1691
1732
1695
1413
1130
1082
1026
953
822
779
798
686
598
748
875
982
1070
1146
1076
890
603
86
-573
-998
-918
-211
971
2450
3849
4792
5081
4717
3915
2756
1546
368
-784
-1990
-2853
-2953
-2355
-1324
59
1505
2548
3331
3717
3373
2633
1567
273
-1138
-2416
-3377
-3896
-3822
-3191
-2176
-1059
178
1294
1998
2460
2367
1779
918
-49
-1103
-2294
-3145
-3476
-3389
-3025
-2281
-1413
-346
518
1178
1527
1510
1246
742
31
-804
-1736
-2520
-2924
-3044
-2952
-2759
-2202
-1465
-803
-489
-374
-214
-269
-682
-1113
-1521
-1777
-1927
-1896
-1935
-2108
-1996
-1650
-1202
-898
-786
-745
-687
-900
-1182
-1397
-1692
-1921
-2158
-2333
-2329
-2138
-1925
-1570
-1400
-1446
-1334
-1050
-961
-1012
-1241
-1555
-2113
-2865
-3867
-4802
-5677
-6441
-7004
-7232
-7049
-6622
-5998
-5109
-3998
-3038
-2377
-1983
-1813
-1970
-2435
-3337
-4260
-4923
-5383
-5641
-5724
-5513
-4950
-3983
-2986
-1961
-1191
-508
-54
38
-46
-485
-1215
-1906
-2469
-2919
-2989
-2760
-2389
-1807
-1086
-310
260
712
1148
1575
1915
1961
1736
1644
1552
1368
1339
1601
1605
1776
2197
2520
3038
3412
3542
3692
3836
3690
3602
3559
3248
3000
2902
2992
3096
3049
3017
3089
3043
2936
2892
2640
2414
2243
2167
2168
2124
1914
1785
1922
2005
2039
2203
2385
2371
2301
2233
1796
1098
479
104
272
903
1993
3558
5033
6154
6833
6769
6048
5007
3875
2673
1354
-7
-1009
-1428
-1184
-326
1110
2619
3843
4729
5071
4959
4521
3769
2495
1110
-292
-1557
-2270
-2346
-1969
-1236
-94
1113
2308
3159
3513
3613
3421
2700
1605
466
-727
-1699
-2404
-2520
-2229
-1582
-792
16
866
1545
2105
2258
1935
1338
765
69
-789
-1551
-2098
-2314
-2371
-2178
-1731
-1185
-714
-177
255
281
66
-263
-586
-949
-1334
-1715
-1973
-2010
-1803
-1541
-1316
-942
-537
-306
-282
-280
-228
-345
-726
-1294
-1720
-1880
-1817
-1523
-1392
-1227
-936
-902
-923
-892
-822
-681
-678
-795
-1044
-1409
-2127
-3016
-4092
-4991
-5662
-6236
-6482
-6514
-6204
-5596
-4669
-3769
-2912
-2026
-1502
-1264
-1519
-2112
-2734
-3563
-4457
-5056
-5326
-5354
-5094
-4659
-3922
-3127
-2394
-1602
-904
-457
-301
-423
-688
-1069
-1694
-2335
-2806
-2932
-2990
-2897
-2416
-1704
-922
13
747
1077
1184
1207
1274
1350
1230
1023
954
1047
1205
1252
1449
1927
2255
2466
2633
2876
3327
3609
3552
3334
3327
3161
2800
2695
2645
2707
2862
2962
2849
2664
2545
2459
2282
2127
1944
1881
1811
1671
1646
1803
1934
1738
1696
1806
1932
2089
2117
2116
1822
1277
623
171
184
537
1408
2737
4206
5544
6470
6607
6188
5245
3940
2405
1106
-24
-1033
-1703
-1637
-815
419
1811
3076
3950
4416
4615
4329
3536
2442
1060
-540
-1870
-2855
-3092
-2567
-1980
-1095
160
1428
2500
3008
3085
2852
2279
1400
319
-775
-1610
-2338
-2754
-2792
-2410
-1568
-709
169
959
1455
1499
1470
1228
577
-187
-874
-1585
-2275
-2790
-3035
-2640
-1837
-1292
-824
-454
-98
98
-161
-522
-695
-1031
-1523
-1808
-1926
-2091
-2099
-2053
-1693
-1228
-784
-466
-450
-429
-328
-445
-922
-1334
-1501
-1548
-1514
-1463
-1491
-1392
-1202
-952
-734
-657
-578
-489
-552
-713
-932
-1376
-1950
-2778
-3751
-4515
-5186
-5873
-6208
-6425
-6359
-5738
-4862
-3941
-3080
-2369
-1813
-1493
-1422
-1615
-2263
-3102
-3985
-4740
-5155
-5173
-5048
-4663
-4054
-3233
-2286
-1400
-838
-320
10
72
-169
-783
-1449
-2039
-2450
-2561
-2520
-2446
-2131
-1556
-596
254
803
1177
1505
1760
1953
2033
1950
1673
1567
1569
1514
1602
1902
2195
2498
2927
3435
3692
3871
3878
3948
4068
3953
3689
3524
3566
3573
3411
3321
3406
3388
3267
3124
3029
2961
2794
2628
2416
2285
2165
2025
2002
1995
2099
2188
2341
2388
2339
2412
2427
2331
1991
1323
887
628
843
1788
2974
4419
5846
6832
7198
6819
6036
4816
3486
2144
879
-180
-1014
-1133
-534
377
1572
2959
4206
5006
5209
4883
4214
3332
2054
546
-826
-1788
-2282
-2275
-1732
-727
572
1922
2870
3395
3551
3410
3006
2299
1213
40
-1037
-1672
-2015
-1957
-1698
-1007
-203
497
1239
2043
2480
2406
2021
1393
531
-399
-1085
-1394
-1701
-1960
-1863
-1495
-952
-537
-146
315
608
645
494
334
48
-394
-811
-1101
-1313
-1408
-1237
-864
-487
-127
246
427
491
403
298
79
-212
-405
-716
-902
-865
-729
-635
-479
-320
-22
113
273
468
563
449
209
-244
-843
-1581
-2568
-3596
-4438
-4947
-5220
-5392
-5468
-5274
-4563
-3655
-2671
-1627
-875
-536
-594
-797
-1390
-2083
-2878
-3543
-4119
-4562
-4632
-4407
-3758
-2819
-1883
-1051
-222
567
797
697
297
-62
-521
-1026
-1360
-1627
-1792
-1719
-1500
-1116
-386
578
1247
1660
1929
2148
2101
1752
1352
1059
883
900
1182
1643
2090
2497
2721
2760
2640
2217
1604
1091
668
275
194
495
1076
1758
2647
3369
3852
4067
3847
3102
2102
1261
547
-48
-318
11
670
1620
2864
4135
5301
6088
6436
6555
6292
5559
4709
3935
3274
2693
2245
2190
2658
3705
5221
6986
8526
9735
10376
10222
9412
7909
6232
4457
2890
1496
731
626
935
1682
2771
4036
5163
5918
6153
5912
5188
4237
2966
1580
207
-1018
-1852
-2239
-2147
-1515
-509
603
1416
2178
2542
2839
2703
2115
1284
107
-1023
-2072
-2943
-3391
-3533
-3166
-2425
-1572
-643
-29
382
702
922
705
202
-384
-982
-1843
-2587
-2824
-2813
-2459
-1968
-1262
-351
226
705
975
1090
1083
932
801
597
332
291
494
680
773
1027
1560
1951
2115
2255
2406
2272
2065
1782
1535
1273
1140
1009
959
1008
1254
1422
1266
1235
1313
1309
1382
1353
1184
891
630
62
-561
-1253
-2194
-3244
-4009
-4625
-5079
-5043
-4635
-4136
-3553
-2838
-2002
-1369
-904
-737
-844
-1463
-2143
-2844
-3531
-4340
-5047
-5364
-5208
-4721
-4046
-3305
-2530
-1720
-942
-690
-609
-685
-1052
-1742
-2624
-3422
-3916
-3978
-3936
-3738
-3298
-2753
-2065
-1461
-878
-133
357
429
199
-129
-521
-848
-1307
-1686
-2058
-2088
-1839
-1213
-504
234
904
1442
1819
1814
1557
1179
754
136
-508
-1016
-1359
-1399
-1082
-508
269
712
1034
1015
928
638
4
-691
-1527
-2150
-2730
-3074
-3134
-2775
-2362
-2018
-1564
-1159
-1064
-1150
-1659
-2513
-3621
-4843
-5574
-5529
-4613
-3130
-1401
339
1690
2308
1906
949
-419
-2204
-4181
-6043
-7267
-7885
-7985
-7392
-5947
-4212
-2561
-1066
96
553
341
-317
-1446
-2949
-4563
-5902
-6822
-7171
-6972
-6123
-4791
-3341
-1769
-550
95
511
586
266
-432
-1623
-2775
-3864
-4789
-5093
-4742
-3961
-3037
-2088
-1011
154
767
1157
1370
1136
492
-321
-1085
-1695
-2327
-2569
-2415
-2084
-1737
-1245
-756
-59
495
555
485
351
148
-132
-444
-1026
-1441
-1464
-1337
-1119
-777
-208
265
365
723
954
947
551
198
-109
-354
-507
-516
-479
-428
-303
-89
228
511
821
967
1054
1165
1163
938
619
61
-549
-1266
-2087
-2776
-3282
-3718
-3761
-3392
-2686
-1851
-805
74
794
1432
1839
1952
1816
1535
1110
468
-225
-705
-905
-847
-333
580
1502
2204
2982
3776
4336
4457
4334
4115
3635
3154
2619
2053
1633
1489
1523
1958
2453
2984
3627
4042
4377
4729
4775
4623
4225
3841
3519
3219
3062
2931
3033
3164
3387
3685
3894
4099
4179
4215
4112
3930
3827
3682
3403
3301
3372
3295
3162
3093
2993
3040
3148
3163
3018
2818
2548
2398
2198
1967
1860
1849
2105
2231
2159
2361
2405
2445
2479
2385
2329
2107
1812
1246
431
-286
-549
-76
874
2246
3390
4292
4844
4910
4486
3650
2712
1870
1024
373
37
277
827
1804
3092
3972
4694
5362
5551
5199
4578
3640
2519
1362
372
-211
-361
24
816
1734
2889
3949
4814
5359
5525
5441
4979
4172
3073
2146
1461
877
608
802
1185
1920
2724
3544
4355
4901
4973
4609
4170
3767
3163
2529
1768
1118
863
924
974
1318
1920
2516
3042
3443
3674
3624
3396
3124
2574
1835
1360
1126
956
853
937
1120
1295
1517
1498
1720
1938
1942
1719
1532
1396
1188
1013
733
883
1083
1276
1476
1568
1669
1737
1795
2093
2311
2254
1894
1482
1030
553
-168
-1039
-1779
-2251
-2720
-2989
-3044
-2652
-1852
-893
57
779
1274
1861
2034
1728
1309
780
-32
-695
-1191
-1437
-1414
-1025
-278
442
1199
1969
2598
3094
3387
3482
3203
2646
2024
1346
812
482
130
210
454
791
1413
1929
2295
2614
2865
2964
2711
2353
1999
1742
1381
1048
881
865
904
986
1073
1252
1523
1792
1848
1790
1795
1708
1395
1156
1033
992
897
807
587
530
429
454
508
511
226
-240
-527
-686
-736
-824
-868
-914
-960
-1029
-908
-944
-1049
-1039
-916
-788
-848
-1096
-1456
-1501
-1210
-584
549
2072
3710
4969
5862
6259
5851
4731
3146
994
-1159
-3040
-4505
-5451
-5614
-5165
-3949
-2061
-12
1829
3299
4216
4361
3656
2409
932
-780
-2677
-4387
-5525
-5958
-5678
-4693
-3408
-1873
-225
896
1487
1761
1442
748
-162
-1509
-2891
-4038
-4986
-5444
-5289
-4778
-3900
-2964
-1962
-1088
-498
-140
21
-123
-596
-1372
-2206
-3318
-4048
-4271
-4329
-4179
-3974
-3689
-3338
-2926
-2411
-1975
-1757
-1718
-1941
-2245
-2441
-2459
-2340
-2236
-2018
-1469
-1011
-680
-281
90
216
202
93
-9
-160
-415
-620
-587
-492
-348
-57
313
818
922
1012
1225
1415
1620
1567
1450
1041
420
-257
-1071
-1868
-2602
-3160
-3585
-3974
-4041
-3474
-2623
-1675
-834
86
909
1418
1559
1283
820
307
-358
-1107
-1914
-2518
-2681
-2511
-1962
-1217
-428
307
1016
1566
1902
1969
1834
1298
574
-177
-789
-1272
-1567
-1693
-1504
-1119
-825
-257
411
869
1215
1358
1519
1337
1025
649
334
154
92
52
103
332
586
880
1111
1434
1584
1494
1448
1575
1692
1655
1502
1320
1350
1466
1485
1449
1530
1538
1404
1128
1051
1086
892
599
393
257
148
247
444
576
639
678
676
680
738
909
867
608
193
-354
-791
-1160
-1125
