-5095
-4549
-4317
-4240
-4292
-4220
-4266
-4370
-4638
-4936
-5325
-5614
-5606
-5451
-5379
-5109
-4831
-4646
-4547
-4399
-4234
-4152
-4043
-4030
-4191
-4427
-5057
-6078
-7054
-7788
-8418
-9132
-9418
-9380
-8967
-8340
-7501
-6723
-6059
-5395
-4636
-4128
-4059
-4351
-4984
-5767
-6369
-6988
-7583
-7632
-7189
-6475
-5608
-4720
-3657
-2770
-2339
-1966
-1658
-1708
-2194
-2813
-3307
-3909
-4524
-4945
-4881
-4441
-4177
-3816
-3042
-2395
-1959
-1903
-2055
-2394
-2888
-3645
-4528
-5061
-5077
-4685
-4190
-3390
-2176
-1112
-921
-1467
-2656
-4219
-6020
-8064
-9979
-11550
-12283
-11980
-10797
-9300
-7785
-6271
-5223
-4784
-5111
-5988
-7406
-9207
-11152
-12769
-13525
-13403
-12467
-10887
-8655
-6025
-3535
-1292
200
844
832
135
-1007
-2488
-4064
-5529
-6399
-6161
-4700
-2541
197
3181
5670
7411
8121
7841
6638
4693
2168
-718
-3518
-5765
-7244
-7698
-7151
-5665
-3399
-1247
551
2031
2577
2094
911
-818
-2948
-5523
-7988
-9987
-11353
-11503
-10545
-8908
-7118
-5450
-4095
-3319
-3005
-3251
-4192
-5686
-7545
-9438
-11068
-12349
-13065
-13212
-12836
-12009
-10618
-9160
-7730
-6599
-5834
-5568
-5982
-6912
-8075
-9392
-10550
-11611
-12428
-12788
-12696
-12144
-11175
-10047
-8878
-7746
-6813
-6082
-5630
-5344
-5055
-5010
-4996
-4910
-4709
-4256
-3786
-3386
-2581
-1771
-1411
-1188
-1016
-842
-636
-833
-1021
-1307
-1526
-1665
-1843
-1723
-1649
-1412
-1331
-1231
-1023
-1010
-1261
-1672
-2037
-2172
-2246
-2631
-3240
-3869
-4419
-4900
-5509
-5936
-5952
-5885
-5782
-5357
-4768
-4008
-3453
-3034
-2573
-2421
-2746
-3355
-4129
-5103
-6092
-6752
-7516
-8021
-8126
-8031
-7591
-6702
-5863
-5187
-4644
-4429
-4338
-4538
-4857
-5284
-5676
-5960
-6271
-6332
-6114
-5630
-4943
-4129
-3246
-2423
-1455
-642
-24
455
842
958
1060
1120
716
-18
-997
-2042
-3030
-4052
-4754
-4692
-3734
-2099
-118
1719
3166
4343
5061
5003
4033
2509
657
-1097
-2630
-3754
-3941
-3219
-1831
-9
2076
3972
5483
6424
6450
5903
4850
3351
1610
84
-1023
-1576
-1174
-78
1521
3557
5629
7243
8061
8501
8739
8919
8929
8942
8775
8519
8193
7698
7083
6315
5461
4435
3145
1783
686
64
-234
-146
412
1264
2342
3258
4105
4798
5042
4737
4111
3195
2095
863
-470
-1559
-2087
-2307
-2220
-1656
-1146
-765
-378
101
424
276
-390
-1284
-2078
-3014
-3897
-4485
-4917
-5206
-5256
-4976
-4610
-4427
-4307
-4183
-4189
-4298
-4489
-4698
-4829
-4987
-5319
-5647
-5397
-4967
-4735
-4503
-4265
-4046
-4135
-4181
-4214
-4285
-4560
-4832
-4849
-4732
-4577
-4364
-3926
-3412
-2868
-2115
-1390
-908
-644
-507
-555
-790
-1140
-1617
-1950
-2292
-2550
-2604
-2579
-2584
-2425
-2192
-1861
-1445
-1355
-1158
-886
-887
-1165
-1551
-2089
-3086
-4366
-5580
-6733
-7786
-8915
-9620
-9834
-9617
-9017
-8060
-7026
-5959
-5081
-4605
-4485
-4598
-4994
-5896
-6920
-7864
-8732
-9577
-10046
-9987
-9712
-9149
-8440
-7657
-6934
-6332
-5831
-5735
-5959
-6373
-6770
-7138
-7658
-8163
-8528
-8699
-8727
-8160
-7423
-6624
-5862
-5345
-4857
-4288
-4065
-3827
-3442
-3055
-2959
-2978
-2879
-2441
-1865
-1364
-944
-680
-419
-151
-41
-8
-102
-138
-244
-462
-756
-975
-1023
-910
-786
-650
-508
-460
-614
-652
-629
-906
-1335
-1564
-1827
-2013
-2085
-2088
-2298
-2366
-2240
-2181
-1951
-1719
-1576
-1407
-1560
-1878
-2385
-2943
-3509
-3694
-3410
-2561
-1082
234
1166
1612
1499
892
-205
-1737
-3383
-4931
-6335
-7283
-7597
-7327
-6579
-5275
-3765
-2318
-1348
-1022
-1117
-1687
-2734
-4068
-5459
-6980
-8189
-8753
-8701
-8148
-7455
-6396
-4927
-3580
-2750
-2156
-2056
-2529
-3344
-4201
-5185
-6337
-7538
-8102
-8270
-8164
-7487
-6427
-5489
-4645
-3822
-3051
-2783
-2746
-2993
-3670
-4522
-5396
-5984
-6591
-6898
-6745
-6480
-6308
-5734
-5080
-4607
-4177
-4076
-4157
-4303
-4665
-5181
-5841
-6189
-6171
-6166
-6111
-5911
-5748
-5714
-5505
-5212
-5068
-5103
-5229
-5465
-5999
-6540
-6655
-6717
-6760
-6541
-6236
-5841
-5638
-5392
-5128
-4903
-4854
-4912
-4827
-4918
-5212
-5878
-6751
-7645
-8483
-9314
-10242
-10769
-11048
-11186
-11030
-10194
-9122
-8332
-7615
-6688
-5963
-5645
-5799
-6153
-6712
-7531
-8373
-9144
-9595
-9832
-9623
-8974
-8081
-7184
-6318
-5235
-4435
-3943
-3713
-3697
-3888
-4443
-5016
-5624
-6030
-6112
-6010
-5794
-5422
-4851
-4173
-3375
-2524
-1854
-1539
-1314
-1053
-979
-1325
-1440
-1308
-1331
-1288
-1106
-823
-405
9
304
667
919
911
1007
1100
1050
1061
1119
993
897
716
667
493
358
464
444
349
125
-90
-269
-494
-585
-638
-746
-877
-887
-849
-636
-337
-169
-91
-76
-12
14
-177
-555
-1095
-1738
-2062
-1572
-525
880
2276
3529
4475
4634
4105
3233
2168
980
-331
-1673
-2550
-3147
-3311
-2943
-1858
-351
1150
2259
2815
2964
2589
1770
585
-745
-2099
-3338
-4127
-4324
-4051
-3319
-2313
-1173
-82
774
1591
1946
1542
757
-178
-1168
-2381
-3417
-4112
-4362
-4241
-3874
-3113
-2242
-1458
-808
-385
-217
-233
-435
-1032
-1851
-2673
-3436
-4063
-4451
-4559
-4227
-3779
-3442
-2975
-2405
-1849
-1803
-2120
-2293
-2500
-2930
-3199
-3426
-3543
-3652
-3773
-3653
-3327
-3013
-2584
-2329
-2351
-2555
-2727
-2863
-2969
-3123
-3314
-3551
-3413
-3312
-3355
-3417
-3135
-2703
-2440
-2564
-2538
-2340
-2295
-2224
-2312
-2794
-3466
-4322
-5309
-6186
-6818
-7452
-8046
-8332
-8047
-7463
-6830
-6137
-5372
-4521
-3739
-3411
-3344
-3606
-4247
-5275
-6284
-7022
-7624
-7996
-7918
-7327
-6480
-5637
-4631
-3673
-3057
-2663
-2295
-2212
-2471
-2946
-3422
-3860
-4300
-4660
-4951
-4827
-4454
-3956
-3212
-2541
-1884
-1247
-742
-518
-572
-703
-806
-947
-1139
-1196
-1340
-1191
-872
-471
-93
209
423
701
893
1099
1317
1428
1292
1117
1061
966
918
803
953
921
714
717
809
752
564
324
81
-102
-222
-251
-415
-445
-393
-384
-278
-192
-192
-204
-226
-177
-389
-998
-1504
-1979
-2365
-2234
-1528
-100
1483
2829
3858
4226
4123
3463
2284
849
-526
-1905
-3111
-3806
-3918
-3638
-2906
-1662
-184
1105
1849
2014
1709
1017
-32
-1257
-2496
-3785
-4824
-5512
-5451
-4825
-4028
-2881
-1716
-679
134
394
164
-414
-1089
-1931
-3076
-4303
-5197
-5677
-5592
-5103
-4419
-3544
-2672
-2029
-1505
-1073
-866
-1234
-1919
-2751
-3509
-4253
-4965
-5378
-5486
-5558
-5455
-4871
-4097
-3551
-3298
-3127
-3172
-3334
-3550
-3923
-4287
-4608
-4876
-5095
-4998
-4781
-4528
-4372
-4125
-3922
-3784
-3601
-3618
-3816
-4007
-4112
-4372
-4648
-4838
-4896
-4821
-4713
-4519
-4303
-4113
-3957
-3774
-3465
-3288
-3387
-3513
-3884
-4532
-5477
-6400
-7249
-8187
-8796
-9254
-9590
-9502
-9016
-8242
-7495
-6854
-6200
-5323
-4700
-4406
-4542
-5229
-6056
-6867
-7689
-8546
-8927
-8953
-8572
-7882
-6886
-5913
-4988
-4311
-3785
-3392
-3179
-3279
-3634
-4081
-4593
-4980
-5263
-5516
-5604
-5315
-4757
-4021
-3307
-2562
-1971
-1551
-1239
-1068
-1041
-1340
-1531
-1651
-1706
-1637
-1424
-1197
-974
-572
-174
161
440
770
943
1026
995
1016
991
792
662
651
749
734
653
614
544
540
488
395
346
172
-184
-419
-481
-475
-478
-369
-305
-296
-217
-185
-133
-27
-17
-76
-374
-1100
-1887
-2393
-2427
-1818
-702
588
2016
3304
3848
3704
3192
2453
1353
132
-1109
-2110
-2874
-3214
-3015
-2261
-1174
61
1140
1986
2515
2464
1917
1078
-223
-1535
-2788
-3859
-4519
-4580
-4146
-3325
-2224
-1035
56
1013
1330
1331
1178
573
-303
-1403
-2541
-3489
-3963
-3990
-3585
-2842
-1921
-1029
-341
201
503
505
323
10
-481
-1306
-2228
-2962
-3407
-3595
-3393
-3125
-2669
-2127
-1549
-1148
-894
-835
-984
-1248
-1600
-2112
-2485
-2693
-2824
-2989
-2975
-2794
-2649
-2423
-2089
-1879
-1781
-1658
-1603
-1671
-2005
-2433
-2661
-2794
-2955
-2977
-2995
-2735
-2484
-2358
-2310
-2226
-2017
-2034
-1982
-1959
-2333
-2797
-3410
-4079
-4982
-5963
-6701
-7191
-7486
-7544
-7332
-6772
-5932
-4901
-3853
-2958
-2610
-2597
-2660
-2937
-3761
-4464
-5086
-5681
-6041
-6323
-6239
-5757
-5079
-4094
-3209
-2315
-1643
-1187
-944
-1025
-1318
-1711
-2171
-2733
-3063
-3213
-3290
-3067
-2615
-2009
-1327
-643
-39
338
651
826
892
801
747
772
698
600
649
809
1050
1354
1711
2012
2224
2360
2489
2703
2746
2642
2593
2473
2355
2329
2388
2358
2318
2332
2299
2299
2276
2325
2346
2176
1735
1298
1044
885
893
859
897
991
1063
1254
1380
1453
1485
1355
1077
618
223
-36
-97
323
1285
2576
4044
5251
5925
6044
5542
4644
3405
1717
113
-1216
-2322
-2914
-2669
-1872
-684
778
2349
3585
4282
4343
3961
2948
1659
346
-1090
-2493
-3497
-3907
-3672
-2849
-1761
-596
507
1403
2035
2270
2031
1276
259
-960
-2064
-2952
-3725
-4321
-4353
-3667
-2764
-1910
-1089
-366
279
531
370
51
-510
-1328
-2124
-2919
-3619
-4049
-4182
-4027
-3714
-3330
-2850
-2308
-1799
-1334
-1320
-1660
-2100
-2597
-3058
-3452
-3644
-3658
-3499
-3129
-2720
-2461
-2192
-1840
-1528
-1324
-1453
-1673
-2039
-2444
-2860
-3032
-2958
-2908
-2719
-2565
-2404
-2226
-2042
-1805
-1620
-1581
-1366
-1337
-1543
-2116
-2836
-3429
-4227
-5411
-6444
-6989
-7287
-7408
-7364
-6910
-6163
-5167
-4153
-3281
-2732
-2447
-2403
-2919
-3544
-4213
-5113
-6154
-6721
-6764
-6743
-6420
-5969
-5215
-4047
-3139
-2448
-1950
-1737
-1812
-2086
-2534
-3005
-3530
-3991
-4273
-4449
-4434
-4122
-3565
-2812
-2096
-1496
-809
-279
-126
3
-34
-159
-131
-211
-163
-113
-67
138
489
820
1279
1530
1635
2092
2447
2424
2318
2255
2198
2120
1954
1923
2010
2005
1851
1742
1709
1756
1933
1958
1821
1390
1116
925
764
632
564
600
720
823
890
1041
1255
1217
1093
1079
753
77
-723
-1139
-934
-193
903
2102
3376
4334
4816
4778
4171
3053
1707
263
-879
-1893
-2673
-2825
-2205
-1175
-30
1443
2644
3213
3581
3313
2704
1693
361
-1052
-2392
-3603
-4165
-4040
-3360
-2372
-1286
-178
732
1393
1837
1896
1459
759
-302
-1420
-2519
-3310
-3578
-3532
-3082
-2422
-1619
-747
63
632
912
993
827
323
-444
-1179
-1985
-2559
-2910
-3163
-3137
-2839
-2335
-1858
-1393
-983
-766
-785
-840
-1066
-1475
-1870
-2124
-2409
-2510
-2670
-2674
-2312
-1858
-1653
-1459
-1311
-1219
-1106
-1370
-1710
-1913
-2145
-2204
-2432
-2501
-2431
-2338
-2093
-1837
-1671
-1585
-1547
-1452
-1515
-1595
-1645
-1848
-2267
-3011
-4010
-4978
-5742
-6245
-6819
-7251
-7256
-6830
-6183
-5390
-4529
-3705
-2805
-2349
-2254
-2364
-2866
-3681
-4575
-5449
-6022
-6389
-6542
-6083
-5505
-4625
-3528
-2701
-1936
-1398
-1156
-950
-1003
-1358
-1862
-2343
-2877
-3205
-3430
-3182
-2732
-2324
-1655
-853
-155
378
893
1270
1390
1363
1266
1308
1238
939
872
1041
1441
1778
2099
2336
2480
2526
2849
3069
3084
3283
3293
3147
2852
2703
2682
2700
2762
2903
2964
2986
2966
2724
2560
2423
2415
2283
2004
1746
1506
1358
1398
1536
1628
1766
1915
2101
2149
2127
2009
1555
863
139
-184
-141
368
1479
2878
4224
5321
6084
6163
5679
4688
3284
1841
480
-647
-1388
-1668
-1460
-604
589
1848
2853
3774
4479
4671
4276
3284
2109
664
-806
-2037
-2670
-2788
-2502
-1786
-673
611
1720
2516
3012
2981
2703
2003
896
-262
-1222
-2067
-2674
-2882
-2708
-2173
-1297
-210
503
961
1404
1633
1450
853
53
-523
-1201
-1817
-2341
-2758
-2745
-2347
-1895
-1309
-793
-497
-225
-198
-253
-373
-815
-1321
-1758
-2079
-2246
-2406
-2267
-1984
-1695
-1356
-1023
-650
-489
-517
-705
-855
-1129
-1504
-1821
-2025
-2004
-1841
-1754
-1660
-1472
-1189
-1010
-895
-816
-820
-754
-702
-768
-1113
-1737
-2735
-3817
-4841
-5568
-5922
-6214
-6264
-5968
-5512
-4770
-3865
-3165
-2500
-2013
-1670
-1522
-1783
-2513
-3450
-4123
-4680
-5185
-5328
-5261
-4976
-4316
-3375
-2391
-1539
-837
-285
-298
-524
-845
-1235
-1676
-2291
-2708
-2875
-2800
-2424
-1913
-1396
-776
-75
562
1061
1338
1447
1478
1287
1148
1223
1134
1161
1201
1319
1566
1876
2182
2439
2828
3227
3393
3349
3297
3213
3214
3218
3191
3119
2997
3001
3053
3023
2895
2969
2969
2755
2639
2454
2309
2138
1965
1903
2007
2016
1919
1852
2046
2262
2257
2147
2064
2071
1935
1539
877
235
-70
325
1144
2412
3896
5140
6144
6471
6209
5374
4175
2856
1556
147
-863
-1276
-1233
-574
507
1655
2797
3867
4537
4585
4068
3284
2329
1129
-284
-1477
-2193
-2495
-2393
-1850
-977
144
1279
2137
2590
2903
2786
2213
1336
434
-516
-1509
-2193
-2457
-2274
-1930
-1366
-574
408
1109
1561
1874
1897
1492
813
-16
-710
-1345
-1928
-2444
-2623
-2308
-1870
-1427
-873
-352
-22
232
195
8
-93
-561
-1111
-1421
-1540
-1633
-1741
-1709
-1422
-1088
-838
-504
-157
-128
-327
-461
-766
-1150
-1461
-1515
-1573
-1502
-1232
-1114
-977
-739
-589
-419
-371
-434
-450
-361
-578
-1121
-1674
-2258
-3112
-4065
-4875
-5611
-6071
-6203
-5972
-5514
-4717
-3912
-3095
-2349
-1739
-1346
-1502
-1831
-2199
-2933
-3848
-4564
-5009
-5171
-5183
-4834
-4130
-3428
-2642
-1723
-799
-51
187
21
-371
-685
-1048
-1582
-2074
-2361
-2479
-2254
-1749
-1234
-523
198
860
1235
1582
1799
1788
1916
1969
1745
1582
1709
1967
2099
2077
2293
2668
3003
3394
3555
3592
3861
4012
4014
3948
3834
3648
3367
3410
3529
3434
3373
3237
3188
3025
2966
3040
2974
2810
2684
2485
2305
2258
2308
2291
2267
2305
2490
2577
2699
2799
2726
2408
1927
1270
716
477
845
1666
2810
4077
5402
6381
6849
6612
5885
4837
3488
2113
654
-359
-798
-916
-636
370
1491
2707
3742
4590
5066
4855
4176
3150
1884
614
-484
-1578
-2093
-2016
-1448
-688
381
1502
2430
3116
3345
3366
3065
2365
1347
54
-903
-1598
-2126
-2282
-1948
-1260
-409
506
1293
1840
2187
2248
1978
1311
629
-55
-874
-1441
-1704
-1809
-1854
-1584
-1154
-732
-307
111
298
388
416
219
-129
-667
-1167
-1476
-1685
-1573
-1344
-984
-548
-229
-63
179
343
286
132
66
-168
-448
-747
-1009
-1086
-1134
-907
-558
-239
-92
-24
23
-126
-58
162
25
-374
-811
-1427
-2365
-3262
-3985
-4600
-5093
-5408
-5288
-5070
-4569
-3725
-2700
-1690
-1189
-893
-800
-965
-1394
-2012
-2576
-3254
-4083
-4654
-4669
-4197
-3678
-2985
-2193
-1348
-495
28
431
660
523
142
-275
-653
-1200
-1649
-1802
-1756
-1357
-963
-390
297
907
1406
1723
1842
1790
1433
1269
1168
911
841
920
1285
1796
2263
2638
2570
2213
1774
1328
843
325
-100
-138
136
824
1671
2492
3174
3553
3643
3634
3241
2308
1197
272
-359
-466
-228
302
1403
2775
4047
5159
6104
6589
6585
6126
5434
4582
3867
3105
2545
2126
1978
2415
3479
4922
6556
8098
9312
9724
9697
9021
7663
6052
4408
2850
1610
629
158
492
1362
2391
3517
4569
5255
5647
5623
5066
4037
2778
1517
258
-801
-1538
-1991
-2041
-1463
-545
544
1613
2239
2684
2811
2587
1919
929
10
-933
-2169
-3000
-3385
-3369
-2970
-2359
-1584
-806
-133
440
768
838
664
158
-496
-1161
-1909
-2417
-2677
-2775
-2598
-1954
-1110
-314
319
834
1056
1139
1174
971
657
389
289
321
275
352
576
948
1211
1425
1764
2034
2062
1965
1883
1595
1253
1056
876
827
765
704
802
954
1154
1314
1386
1246
1277
1295
1288
1176
885
352
-321
-1068
-1913
-2740
-3514
-4366
-4829
-4803
-4568
-4157
-3457
-2741
-2040
-1475
-1030
-809
-985
-1440
-1991
-2682
-3512
-4374
-4904
-5183
-5106
-4739
-4051
-3047
-2138
-1318
-767
-477
-551
-890
-1319
-1782
-2398
-2922
-3454
-3754
-3820
-3825
-3525
-2902
-1984
-1259
-693
-435
-240
55
193
-104
-508
-799
-1311
-1903
-2288
-2275
-1957
-1269
-471
147
699
1387
1882
1922
1644
1274
729
-36
-706
-1072
-1152
-1126
-756
-365
266
881
1162
1253
1066
723
192
-492
-1118
-1998
-2664
-2933
-2909
-2623
-2218
-1805
-1420
-1125
-973
-1040
-1450
-2315
-3584
-4690
-5383
-5623
-5015
-3557
-1692
113
1602
1989
1672
934
-331
-2035
-3911
-5454
-6688
-7672
-7998
-7332
-5968
-4232
-2431
-862
74
362
299
-272
-1239
-2709
-4523
-5928
-6535
-6656
-6446
-5878
-4702
-3214
-1856
-649
298
731
601
80
-680
-1829
-3053
-4103
-4691
-4833
-4598
-3984
-3036
-2007
-1059
-78
563
976
1040
738
329
-236
-906
-1780
-2483
-2781
-2865
-2694
-2147
-1480
-750
-198
204
457
464
341
86
-282
-842
-1218
-1390
-1601
-1789
-1611
-1322
-793
-304
43
406
483
134
-228
-536
-725
-941
-1197
-1089
-1057
-859
-592
-445
-170
-11
82
285
652
901
866
697
315
-102
-673
-1409
-2112
-2816
-3401
-3818
-3838
-3566
-3063
-2259
-1259
-245
485
1124
1623
1866
1743
1335
706
5
-774
-1234
-1176
-886
-484
83
908
1882
2765
3477
3966
4080
3994
3651
3203
2769
2274
1804
1415
1319
1287
1551
2261
2910
3356
3633
3922
4058
4017
3962
3833
3480
2951
2678
2556
2546
2572
2742
2980
3195
3447
3630
3768
3807
3725
3591
3342
3191
3117
3164
3061
3022
2931
2865
2722
2716
2833
2807
2601
2226
2098
2075
1974
1784
1561
1457
1536
1758
1923
2057
2165
2277
2173
2028
2014
1925
1615
902
-87
-776
-873
-524
193
1400
2882
4085
4675
4645
4165
3444
2578
1768
963
267
-172
-141
282
1005
2244
3588
4654
5240
5296
4837
4154
3399
2371
1263
358
-366
-638
-490
233
1284
2449
3370
4091
4803
5127
4922
4301
3619
2867
2110
1372
690
431
579
1119
1733
2504
3359
4006
4456
4758
4689
4326
3768
3075
2424
1857
1382
1063
895
992
1424
1955
2454
2981
3370
3528
3406
3319
2965
2517
2076
1713
1307
989
865
839
816
1011
1408
1651
1793
1894
1689
1454
1319
1194
1043
917
847
748
799
956
1092
1182
1312
1513
1696
1760
1911
2046
1964
1652
1116
391
-332
-1074
-1763
-2283
-2794
-3239
-3294
-3002
-2350
-1470
-499
395
1208
1727
1675
1417
1104
543
-224
-952
-1435
-1633
-1699
-1447
-737
-37
627
1429
2353
3160
3533
3236
2706
2292
1785
1292
756
248
-82
-148
172
647
1283
1768
2318
2658
2755
2629
2448
2278
1902
1559
1290
1048
747
458
353
548
890
1169
1449
1594
1651
1515
1419
1439
1413
1130
813
709
658
632
557
411
487
437
366
273
67
-74
-173
-432
-779
-1056
-927
-841
-939
-994
-808
-709
-990
-1253
-1127
-880
-837
-1058
-1375
-1454
-1238
-659
259
1566
3190
4676
5437
5683
5353
4534
3165
1280
-911
-2845
-4317
-5137
-5467
-5001
-3571
-1697
251
2047
3507
4120
4022
3460
2521
1050
-732
-2586
-4047
-5004
-5534
-5362
-4397
-2953
-1551
-376
597
1332
1503
1011
283
-753
-2070
-3369
-4483
-5167
-5460
-5258
-4587
-3801
-2726
-1766
-1035
-325
99
121
-365
-1066
-1737
-2623
-3308
-3849
-4256
-4320
-4218
-3967
-3585
-2887
-2314
-2043
-2002
-2010
-1988
-2148
-2412
-2624
-2789
-2774
-2684
-2332
-1663
-1251
-1043
-651
-201
-68
-191
-204
-320
-546
-758
-953
-910
-798
-597
-209
-7
269
740
1038
1338
1627
1714
1690
1570
1207
661
-28
-850
-1628
-2161
-2834
-3459
-3798
-3670
-3172
-2617
-2053
-1355
-378
703
1315
1385
1285
972
428
-352
-1095
-1871
-2441
-2710
-2645
-2140
-1494
-743
83
932
1462
1642
1722
1651
1323
555
-420
-970
-1359
-1728
-1952
-1809
-1445
-1043
-675
-47
550
750
761
858
910
729
222
-127
-58
-196
-414
-457
-69
308
574
850
1123
1431
1491
1559
1554
1335
1196
1179
1144
1173
1078
1017
1158
1146
1161
1201
1337
1230
894
673
329
88
131
64
148
85
200
309
419
507
520
488
634
699
577
338
-340
-1070
-1322
-1179
