-5219
-4846
-4487
-4276
-4166
-4139
-4156
-4249
-4504
-4827
-5019
-5074
-5132
-5083
-4896
-4837
-4674
-4318
-4151
-4214
-4298
-4170
-3998
-4042
-4173
-4661
-5310
-6160
-7172
-8168
-8901
-9301
-9503
-9355
-9173
-8417
-7400
-6618
-5690
-4867
-4242
-3764
-3745
-4154
-5000
-5934
-6847
-7510
-7712
-7691
-7419
-6872
-5923
-4743
-3719
-2953
-2464
-2156
-2073
-2292
-2647
-3274
-4174
-4943
-5420
-5563
-5482
-5215
-4912
-4528
-3778
-3171
-2765
-2449
-2512
-2919
-3730
-4734
-5569
-5902
-5814
-5587
-4964
-3770
-2464
-1441
-1248
-1919
-3080
-4743
-6560
-8565
-10535
-11921
-12432
-12194
-11359
-10001
-8436
-6825
-5629
-5125
-5478
-6463
-7824
-9574
-11540
-13133
-13648
-13519
-12832
-11212
-8997
-6374
-3742
-1564
-82
651
613
-120
-1196
-2705
-4376
-5849
-6824
-7089
-6306
-4507
-1790
1268
4067
6094
7212
7192
5978
4170
1893
-641
-3182
-5534
-7110
-7426
-6865
-5559
-3772
-1900
-339
811
1234
781
-424
-2314
-4478
-6719
-8791
-10381
-11365
-11427
-10618
-9172
-7480
-5827
-4311
-3343
-2962
-3393
-4645
-6172
-7915
-9547
-11003
-12191
-12714
-12624
-12206
-11499
-10269
-8631
-6986
-5962
-5376
-5333
-5933
-6894
-8027
-9347
-10699
-11691
-12278
-12581
-12458
-11941
-10830
-9441
-8306
-7114
-5961
-5134
-4748
-4662
-4646
-4626
-4554
-4550
-4590
-4380
-3860
-3069
-2381
-1837
-1284
-857
-890
-1069
-1025
-1049
-1151
-1462
-1762
-1837
-1838
-1855
-1788
-1793
-1706
-1755
-1930
-2123
-2437
-2704
-3085
-3284
-3424
-3593
-3977
-4758
-5537
-6147
-6714
-7132
-7405
-7229
-6749
-6152
-5457
-5034
-4531
-3722
-3191
-2890
-2977
-3776
-4904
-6008
-6950
-7650
-8008
-8288
-8288
-8219
-7880
-7075
-6207
-5489
-4985
-4423
-4070
-4272
-4677
-5115
-5560
-5954
-6268
-6314
-6154
-5552
-4762
-3774
-2726
-1826
-998
-291
283
681
832
1113
1327
1255
992
338
-704
-1852
-2867
-3736
-4471
-4580
-3695
-2125
-136
1723
3139
4179
4825
4820
4011
2576
808
-1018
-2861
-4251
-4686
-4003
-2577
-549
1460
3302
4632
5545
5782
5289
4096
2450
900
-394
-1584
-2367
-2089
-874
784
2814
4661
6115
6885
7091
7078
6931
6829
6818
6957
7036
7139
7127
6798
6204
5438
4488
3407
2304
1177
229
-333
-627
-428
316
1378
2242
3211
4029
4379
4284
3710
2798
1566
237
-1098
-2251
-2738
-2714
-2447
-1960
-1290
-575
151
712
856
668
328
-398
-1264
-2144
-3049
-3770
-4274
-4785
-5019
-4744
-4221
-3972
-3831
-3777
-3861
-3865
-3862
-4213
-4687
-4916
-5082
-5223
-5322
-5178
-4872
-4658
-4432
-4096
-3830
-3731
-3873
-4053
-4196
-4419
-4555
-4451
-4330
-4220
-3979
-3524
-3002
-2549
-1896
-1220
-876
-666
-836
-1140
-1416
-1827
-2209
-2638
-2761
-2986
-3216
-3346
-3158
-2889
-2605
-2434
-2152
-1718
-1569
-1605
-1951
-2469
-3231
-4363
-5713
-7096
-8312
-9333
-10256
-10814
-10876
-10511
-9710
-8715
-7613
-6518
-5540
-4917
-4736
-4990
-5551
-6311
-7331
-8203
-8969
-9614
-9992
-9976
-9674
-9131
-8213
-7212
-6506
-6230
-5966
-5746
-5905
-6289
-6725
-7074
-7623
-8249
-8533
-8537
-8192
-7790
-7060
-6236
-5583
-4976
-4402
-3944
-3780
-3545
-3313
-3094
-2903
-2779
-2521
-2149
-1665
-1288
-910
-373
106
216
133
164
88
-133
-350
-433
-492
-716
-843
-847
-949
-944
-1054
-1016
-928
-1005
-1233
-1343
-1598
-2028
-2374
-2653
-2626
-2576
-2552
-2658
-2641
-2320
-2095
-2037
-1907
-1822
-1934
-2263
-2793
-3435
-3863
-3812
-3132
-1987
-798
331
1345
1751
1566
863
-237
-1859
-3579
-5212
-6547
-7330
-7609
-7235
-6356
-5182
-3727
-2504
-1537
-969
-1121
-1646
-2633
-3992
-5710
-7274
-8473
-9045
-8918
-8308
-7502
-6372
-4997
-3654
-2612
-2018
-1936
-2328
-2972
-3928
-5179
-6408
-7251
-7753
-8086
-7976
-7403
-6590
-5503
-4612
-3831
-3081
-2824
-3038
-3384
-3825
-4553
-5371
-5971
-6361
-6656
-6668
-6464
-6175
-5873
-5328
-4794
-4480
-4494
-4616
-4820
-5080
-5396
-5762
-6133
-6155
-6075
-6048
-5909
-5798
-5658
-5359
-5299
-5278
-5226
-5376
-5490
-5579
-5994
-6472
-6765
-6851
-6538
-6307
-5946
-5844
-5803
-5634
-5490
-5235
-5188
-5319
-5465
-5728
-6228
-6938
-7849
-8938
-9958
-10610
-11197
-11514
-11361
-10916
-10222
-9438
-8345
-7293
-6467
-5913
-5768
-5911
-6252
-7003
-8018
-8965
-9533
-9875
-9984
-9712
-9135
-8197
-7009
-5838
-4925
-4211
-3636
-3400
-3581
-4024
-4573
-5211
-5656
-6095
-6447
-6383
-5886
-5378
-4652
-3934
-3150
-2364
-1893
-1805
-1649
-1476
-1441
-1426
-1435
-1537
-1517
-1335
-1268
-1065
-612
-254
62
441
646
974
1131
1035
1097
953
641
439
464
594
587
349
153
60
33
12
-36
-397
-589
-687
-944
-1222
-1351
-1274
-1186
-1079
-860
-671
-491
-409
-298
-205
-251
-501
-1127
-1885
-2296
-2199
-1646
-676
897
2492
3752
4568
4569
4171
3377
2197
726
-879
-2272
-3378
-3906
-3825
-3140
-1967
-462
1070
2245
2877
2796
2180
1313
190
-1123
-2685
-3925
-4610
-4876
-4691
-3970
-2800
-1414
-117
643
1194
1465
1324
574
-580
-1623
-2824
-3771
-4438
-4540
-4290
-4082
-3588
-2675
-1762
-1073
-491
-321
-389
-809
-1539
-2380
-3140
-3766
-4373
-4787
-4961
-4805
-4306
-3809
-3230
-2699
-2309
-2038
-2047
-2334
-2805
-3164
-3488
-3743
-4014
-4105
-3931
-3717
-3439
-3003
-2628
-2481
-2323
-2289
-2459
-2642
-2860
-3148
-3393
-3610
-3760
-3821
-3723
-3433
-2995
-2801
-2749
-2677
-2654
-2483
-2313
-2350
-2367
-2813
-3717
-4559
-5469
-6247
-7188
-7940
-8391
-8511
-8242
-7671
-6840
-5978
-5075
-4368
-3977
-3535
-3297
-3586
-4320
-5165
-6057
-6810
-7208
-7507
-7581
-7071
-6284
-5437
-4545
-3629
-2774
-2384
-2230
-2352
-2727
-3140
-3792
-4487
-4705
-4610
-4628
-4543
-4153
-3526
-2836
-2217
-1658
-1206
-849
-512
-290
-360
-515
-573
-513
-702
-803
-676
-460
-97
280
705
1086
1274
1511
1901
2041
2002
1938
1677
1570
1473
1298
1255
1205
1146
1035
846
808
734
538
347
71
18
-73
-272
-447
-447
-400
-388
-284
-264
-365
-214
-87
-66
-186
-592
-1079
-1506
-1624
-1371
-554
741
2180
3555
4374
4564
4377
3714
2625
1154
-413
-1879
-3058
-3759
-3920
-3347
-2447
-1230
103
1318
2068
2445
2217
1493
394
-966
-2440
-3832
-4976
-5529
-5326
-4703
-3729
-2554
-1419
-409
373
641
402
-41
-874
-1918
-3103
-4262
-4925
-5155
-5183
-4816
-3956
-3067
-2336
-1743
-1154
-821
-716
-1016
-1615
-2427
-3433
-4286
-4991
-5371
-5497
-5591
-5427
-4830
-4273
-3728
-3324
-3157
-3157
-3280
-3489
-3812
-4104
-4540
-4804
-4886
-4748
-4578
-4422
-4107
-3729
-3471
-3352
-3291
-3398
-3608
-3857
-4089
-4451
-4769
-4795
-4725
-4613
-4472
-4275
-3932
-3824
-3828
-3717
-3588
-3660
-3673
-3773
-4157
-4739
-5589
-6741
-7775
-8534
-9195
-9639
-9740
-9527
-9062
-8305
-7242
-6256
-5587
-5118
-4550
-4365
-4558
-5217
-6099
-6963
-7774
-8148
-8433
-8613
-8410
-7844
-7027
-5965
-5048
-4224
-3572
-3132
-3105
-3406
-3841
-4327
-4821
-5232
-5519
-5580
-5394
-5013
-4589
-4046
-3183
-2336
-1772
-1282
-906
-725
-799
-928
-992
-1110
-1220
-1245
-1256
-872
-413
-33
201
494
914
1259
1444
1508
1378
1199
1177
1027
1026
1042
959
801
909
1029
990
881
929
909
500
114
-134
-357
-446
-465
-507
-382
-312
-336
-339
-117
106
135
225
180
-387
-1108
-1999
-2700
-2955
-2711
-1895
-761
589
1798
2493
2632
2288
1518
698
-268
-1330
-2255
-2767
-2801
-2434
-1772
-928
323
1504
2114
2239
1988
1342
410
-557
-1675
-2701
-3581
-4027
-3989
-3308
-2228
-1042
136
1119
1792
2051
1989
1598
935
-124
-1246
-2124
-2793
-2962
-2663
-2315
-1652
-1061
-369
464
1087
1418
1473
1249
658
-114
-1003
-1741
-2318
-2803
-3104
-2949
-2478
-2030
-1463
-954
-480
-272
-206
-257
-596
-1127
-1791
-2426
-2921
-3170
-3284
-3182
-3116
-3102
-2805
-2471
-2459
-2536
-2429
-2377
-2637
-2910
-3283
-3583
-3726
-3782
-3739
-3637
-3343
-3139
-3142
-3058
-2957
-2865
-2771
-2932
-2982
-3149
-3493
-4097
-5068
-6171
-7009
-7782
-8365
-8679
-8679
-8225
-7573
-6606
-5375
-4540
-3825
-3441
-3396
-3440
-3777
-4268
-5078
-5930
-6574
-7017
-7174
-6869
-6366
-5533
-4485
-3510
-2731
-2041
-1374
-1059
-1142
-1433
-1871
-2395
-3006
-3442
-3490
-3198
-2987
-2604
-1937
-1155
-480
-24
426
842
1089
1054
980
743
540
356
336
605
938
946
1071
1542
1789
2065
2317
2518
2508
2413
2277
2284
2237
2074
1870
1801
1863
1699
1630
1850
1957
1666
1336
1082
844
673
541
381
204
319
417
429
351
547
619
711
726
792
869
591
200
82
409
983
1969
3339
4853
6284
7213
7449
7087
6220
4911
3236
1237
-655
-2211
-3491
-4132
-3892
-2833
-1297
786
2787
4335
5242
5285
4749
3730
2341
521
-1326
-3013
-4350
-4964
-4877
-4073
-2756
-1236
60
1003
1632
1990
1998
1560
572
-726
-2100
-3481
-4513
-5102
-5279
-4907
-4151
-3271
-2410
-1505
-653
-202
-191
-431
-882
-1610
-2350
-3177
-4026
-4831
-5286
-5288
-4948
-4540
-4023
-3633
-3154
-2906
-2951
-3024
-3193
-3398
-3459
-3429
-3517
-3542
-3466
-3207
-2701
-2110
-1714
-1588
-1579
-1553
-1687
-1873
-2082
-2215
-2371
-2459
-2443
-2572
-2468
-2117
-1558
-1222
-1168
-1119
-900
-860
-948
-962
-1270
-1923
-2708
-3636
-4621
-5443
-6109
-6892
-7283
-7341
-7031
-6435
-5630
-4754
-3825
-2766
-2003
-1856
-2043
-2457
-3186
-4069
-4975
-5708
-6188
-6673
-6829
-6424
-5727
-4822
-3855
-2987
-2334
-1828
-1625
-1970
-2477
-2879
-3426
-3973
-4397
-4849
-4921
-4730
-4579
-4199
-3517
-2667
-1906
-1209
-718
-495
-426
-351
-251
-370
-515
-631
-711
-680
-376
-126
392
979
1400
1670
1827
2022
2152
2106
2086
2098
2135
2156
2048
1745
1594
1526
1676
1960
1955
1638
1362
1084
982
862
674
635
639
630
597
596
645
748
903
1157
1146
1104
1007
598
-50
-846
-1236
-1381
-1158
-368
1105
2314
3182
3720
3633
3103
2046
740
-629
-1946
-2825
-3277
-3357
-2820
-1778
-330
1203
2344
2990
3366
3155
2268
987
-461
-1869
-3453
-4649
-5083
-4649
-3781
-2939
-1722
-447
892
1783
2050
2064
1818
1072
94
-1131
-2248
-3089
-3474
-3339
-2855
-2084
-1426
-510
416
1144
1500
1531
1233
544
-260
-1007
-1672
-2196
-2476
-2669
-2693
-2579
-2111
-1478
-892
-329
-55
-95
-211
-309
-607
-1171
-1654
-1880
-1986
-1957
-1977
-1800
-1600
-1379
-1395
-1532
-1417
-1468
-1635
-1887
-2245
-2580
-2913
-2961
-2879
-2666
-2494
-2355
-2225
-2091
-1995
-1742
-1628
-1855
-2047
-2260
-2564
-3113
-3864
-4817
-5668
-6471
-7300
-7758
-7996
-7720
-7211
-6579
-5716
-4773
-3823
-2997
-2550
-2501
-2855
-3374
-4063
-4782
-5451
-5994
-6264
-6297
-5911
-5102
-4164
-3261
-2224
-1414
-655
-182
-271
-493
-722
-1051
-1613
-2224
-2565
-2745
-2618
-2128
-1472
-785
-386
259
987
1635
2096
2278
2244
2282
2187
2034
1988
1857
1832
1913
2066
2331
2714
3225
3609
3693
3705
3765
3741
3634
3471
3344
3237
3124
2989
2913
2838
2850
2946
2846
2601
2475
2537
2420
2215
1890
1740
1594
1424
1398
1591
1802
1860
1914
1930
1827
1846
1804
1489
914
295
-98
23
797
2098
3639
5051
6090
6537
6421
5998
4992
3724
2315
867
-361
-1161
-1476
-1217
-280
928
2315
3633
4685
5242
5112
4527
3605
2408
1064
-412
-1516
-2089
-2068
-1669
-922
188
1401
2438
3176
3518
3577
3254
2624
1628
524
-540
-1439
-2202
-2307
-1854
-1333
-560
241
923
1445
1880
2037
1840
1311
669
-19
-885
-1616
-2278
-2595
-2493
-2151
-1738
-1254
-721
-380
-417
-364
-376
-586
-935
-1263
-1594
-2044
-2333
-2165
-1860
-1723
-1368
-1121
-853
-609
-407
-420
-527
-712
-1073
-1407
-1533
-1604
-1673
-1813
-1708
-1394
-1035
-885
-815
-758
-616
-460
-566
-733
-991
-1441
-2022
-2906
-3881
-4708
-5499
-6210
-6515
-6396
-6042
-5591
-4810
-3797
-2948
-2291
-1513
-1238
-1573
-1879
-2291
-3044
-3993
-4923
-5382
-5401
-5201
-4677
-3906
-3000
-2097
-1301
-705
-400
-409
-553
-833
-1229
-1724
-2279
-2834
-3135
-3242
-2827
-2251
-1644
-914
-260
394
936
1286
1402
1354
1215
1106
986
920
736
675
1029
1428
1690
1881
2161
2708
3008
3104
3126
3006
3026
3120
3055
2868
2765
2751
2784
2683
2599
2617
2654
2627
2534
2366
2174
2003
1797
1541
1363
1435
1551
1589
1564
1643
1859
2012
2045
1966
1976
1879
1383
669
103
-13
514
1550
3041
4498
5658
6456
6548
6134
5195
3817
2375
957
-342
-1274
-1712
-1450
-677
393
1734
2988
3988
4531
4595
4160
3197
2069
734
-591
-1820
-2717
-3228
-2975
-2262
-1285
-11
1029
1961
2672
2939
2742
1962
1101
143
-979
-2083
-2671
-2936
-2744
-2388
-1763
-843
101
818
1378
1510
1462
1250
601
-125
-939
-1716
-2334
-2662
-2682
-2485
-2180
-1683
-1153
-690
-384
-354
-298
-269
-417
-775
-1421
-1888
-2069
-2068
-2115
-1963
-1627
-1131
-696
-462
-278
-313
-497
-714
-991
-1142
-1285
-1467
-1583
-1617
-1768
-1621
-1216
-979
-737
-600
-636
-570
-575
-583
-831
-1186
-1795
-2743
-3651
-4584
-5231
-5841
-6327
-6510
-6501
-5902
-5010
-4059
-3074
-2403
-1919
-1434
-1334
-1582
-2206
-3044
-3747
-4401
-4874
-5203
-5124
-4775
-4088
-3081
-2085
-1339
-753
-256
19
31
-343
-781
-1313
-1796
-2178
-2520
-2626
-2531
-2022
-1299
-741
-97
667
1273
1668
1785
1914
1988
1895
1724
1505
1453
1612
1836
1963
2231
2719
3172
3449
3746
3857
3805
3805
3841
3752
3534
3446
3355
3375
3154
2962
2957
2881
2829
2848
2776
2594
2383
2215
2155
1980
1888
1868
1825
1762
1797
1959
2145
2194
2039
2015
2026
1858
1431
830
412
420
806
1688
2783
4182
5583
6337
6643
6519
5766
4636
3358
1932
363
-786
-1300
-1346
-959
-114
1208
2777
3862
4460
4748
4585
3957
2923
1476
-1
-1375
-2504
-2973
-2719
-1995
-1070
46
1188
2273
3035
3321
3191
2741
2022
1074
101
-922
-1662
-2108
-2197
-1854
-1328
-521
372
1359
1940
2204
2290
1871
1146
380
-372
-971
-1521
-1916
-2172
-2107
-1928
-1485
-740
-135
60
262
291
130
-62
-416
-850
-1191
-1511
-1496
-1468
-1402
-1099
-644
-230
86
273
257
147
10
-138
-388
-594
-898
-968
-904
-876
-658
-444
-357
-296
-353
-214
127
315
218
-45
-562
-1242
-1861
-2566
-3568
-4487
-5253
-5710
-5792
-5835
-5413
-4882
-4064
-2977
-2126
-1527
-1156
-941
-1047
-1352
-2056
-3054
-3773
-4393
-4680
-4674
-4339
-3663
-2865
-1904
-1077
-506
116
531
553
327
-6
-382
-878
-1397
-1744
-1950
-1914
-1532
-1008
-384
382
1047
1533
1873
1957
2004
1851
1516
1169
977
952
1081
1376
1904
2376
2700
2821
2701
2201
1532
978
397
-15
-19
265
771
1535
2485
3308
3711
3857
3628
3042
2252
1369
556
-189
-575
-470
316
1343
2442
3749
4998
5965
6434
6426
6098
5524
4618
3778
3117
2603
2228
1940
2295
3452
5061
6841
8606
9889
10487
10363
9435
8094
6383
4690
3085
1579
669
293
472
1080
2192
3618
4919
5857
6172
5783
4979
4026
2661
1042
-188
-1140
-1950
-2362
-2228
-1441
-504
481
1353
2105
2691
2833
2565
1964
1057
1
-1027
-1962
-2708
-3089
-3201
-3009
-2425
-1873
-1004
-163
492
725
535
208
-294
-1085
-1822
-2392
-2741
-3020
-2964
-2623
-2106
-1497
-794
-63
503
921
1045
903
835
466
-49
-107
171
311
362
676
1187
1540
1871
2108
2261
2261
2197
1975
1606
1280
1153
1118
1061
993
938
951
1213
1553
1611
1388
1332
1331
1151
965
782
541
145
-607
-1440
-2241
-3223
-4153
-4714
-4911
-4929
-4954
-4533
-3712
-2701
-1884
-1321
-920
-760
-880
-1343
-2125
-3032
-3792
-4501
-5116
-5222
-4972
-4459
-3933
-3101
-2159
-1395
-905
-698
-776
-967
-1256
-1808
-2468
-3105
-3595
-3949
-3996
-3828
-3424
-2879
-2265
-1507
-809
-308
236
359
189
-96
-367
-872
-1442
-1812
-1977
-1942
-1778
-1246
-505
301
920
1380
1822
1912
1656
1382
785
-5
-687
-1037
-1181
-1370
-1159
-554
165
613
991
1143
981
570
-88
-916
-1711
-2243
-2740
-3227
-3342
-3081
-2552
-1962
-1472
-1154
-954
-1015
-1501
-2550
-3823
-4863
-5388
-5261
-4463
-3021
-1278
127
1330
2106
2061
1218
-100
-1899
-3913
-5795
-7254
-7999
-8048
-7272
-6027
-4202
-2391
-1053
-8
591
399
-420
-1767
-3290
-5017
-6387
-7088
-7469
-7161
-6194
-4941
-3544
-2100
-781
130
581
641
192
-671
-1863
-2822
-3641
-4277
-4462
-4447
-3831
-2903
-1958
-1031
-190
609
1156
1252
1031
468
-410
-1123
-1745
-2296
-2652
-2731
-2438
-1910
-1341
-717
-77
261
430
481
399
95
-189
-468
-854
-1182
-1393
-1205
-928
-716
-306
97
371
448
529
483
268
-52
-305
-483
-659
-671
-689
-754
-561
-205
29
290
686
913
1005
1045
1018
819
471
-124
-867
-1583
-2270
-2943
-3480
-3827
-3883
-3538
-2971
-2185
-1187
-216
728
1490
1859
2031
1817
1381
710
10
-577
-1002
-1036
-812
-311
379
1448
2530
3342
3841
4103
4280
4225
3918
3622
3098
2486
1897
1659
1630
1807
2035
2309
2759
3191
3520
3978
4246
4233
4043
3776
3544
3387
3286
3040
2836
2813
2975
3155
3417
3640
3742
3780
3755
3723
3581
3654
3489
3298
3166
2998
2901
2860
2916
3005
2946
2868
2749
2540
2396
2194
1982
1697
1474
1409
1342
1395
1446
1497
1665
1681
1568
1468
1661
1974
1871
1302
663
116
-348
-151
639
1755
3221
4652
5793
6124
5977
5474
4474
3248
2073
954
48
-489
-407
226
1237
2411
3583
4615
5355
5485
5290
4627
3816
2735
1511
289
-782
-1146
-1025
-170
988
1995
3065
4090
4712
4817
4550
4109
3528
2647
1679
787
99
-227
-146
244
850
1623
2417
3202
3936
4223
4154
3718
3162
2575
1770
1074
376
39
-12
79
453
1087
1662
2151
2485
2555
2539
2301
2086
1929
1455
1174
918
524
332
457
728
1095
1545
1987
2206
2172
1997
1834
1775
1598
1332
1010
925
977
990
1251
1740
1973
1968
2139
2307
2333
2421
2453
2413
2103
1578
900
76
-883
-1678
-2228
-2718
-3048
-2936
-2477
-1758
-869
131
1022
1740
2058
2071
1901
1376
580
-94
-761
-1308
-1642
-1586
-1235
-588
180
1032
1902
2535
2885
3050
3092
2835
2160
1443
896
331
-130
-377
-383
-168
295
821
1362
1821
2085
2344
2404
2319
2036
1592
1136
656
354
245
260
415
643
859
1160
1346
1483
1777
1857
1608
1262
949
836
801
764
647
456
294
404
526
470
328
104
-163
-341
-507
-701
-885
-1048
-1342
-1400
-1221
-1236
-1210
-1095
-908
-863
-856
-886
-994
-1189
-1666
-2174
-2167
-1788
-962
284
1895
3514
4610
4931
4702
3783
2439
906
-677
-2213
-3528
-4547
-4852
-4332
-3291
-1758
-21
1401
2281
2878
2984
2449
1513
192
-1431
-3056
-4502
-5334
-5434
-5037
-4007
-2802
-1600
-308
695
1203
1247
964
348
-638
-1800
-2918
-3811
-4328
-4599
-4529
-3926
-3039
-2163
-1358
-648
-63
284
262
-93
-653
-1349
-2255
-3106
-3623
-3860
-3975
-3740
-3337
-2691
-2135
-1740
-1306
-1150
-1081
-1087
-1432
-1791
-2113
-2245
-2168
-2112
-2053
-1667
-1153
-602
-183
16
236
120
-96
-191
-328
-495
-659
-866
-890
-729
-607
-454
36
375
501
581
668
788
888
733
430
66
-705
-1499
-2221
-3140
-3965
-4468
-4625
-4555
-4299
-3641
-2784
-1810
-695
86
634
918
791
256
-340
-896
-1551
-2265
-2863
-3148
-2803
-1985
-1203
-516
234
948
1591
2064
2166
1906
1422
808
221
-455
-1201
-1668
-1614
-1262
-745
-295
191
687
1196
1400
1515
1576
1467
1170
911
820
527
211
122
377
577
794
891
1167
1500
1645
1825
1830
1798
1722
1533
1303
1252
1205
1036
859
818
1043
1111
1247
1126
781
639
461
191
28
-170
-200
-97
-48
16
27
135
216
235
296
326
269
187
-20
-341
-671
-556
112
