-5073
-4472
-3858
-3801
-3926
-3913
-3800
-3996
-4329
-4441
-4596
-4821
-4943
-5003
-4866
-4587
-4325
-4042
-3795
-3539
-3346
-3141
-2948
-3083
-3362
-3871
-4659
-5571
-6482
-7299
-8068
-8597
-8791
-8690
-8330
-7796
-7005
-6161
-5256
-4429
-3852
-3611
-3753
-4123
-4842
-5555
-6172
-6900
-7514
-7591
-7237
-6700
-6016
-4929
-3902
-3109
-2423
-1862
-1624
-1777
-2310
-3023
-3755
-4458
-5187
-5683
-5746
-5578
-5282
-4649
-3960
-3390
-2888
-2502
-2512
-2865
-3441
-4312
-5282
-5722
-5874
-5501
-4757
-3869
-2597
-1568
-1360
-1990
-3110
-4626
-6439
-8307
-10183
-11512
-12059
-11863
-11041
-9580
-7744
-6109
-5211
-4705
-4991
-6039
-7525
-9327
-11012
-12298
-13141
-13262
-12484
-10750
-8296
-5784
-3213
-1072
437
1244
1189
518
-797
-2273
-3851
-5444
-6590
-7083
-6482
-4760
-2175
724
3381
5466
6592
6752
5965
4317
2180
-83
-2340
-4342
-5888
-6673
-6273
-5147
-3683
-1941
-542
504
797
510
-300
-1880
-3998
-6132
-8106
-9645
-10593
-10649
-9746
-8520
-7268
-5841
-4527
-3646
-3142
-3255
-4245
-5510
-7087
-8981
-10468
-11475
-12152
-12278
-11800
-10883
-9552
-7908
-6534
-5548
-5147
-4960
-5406
-6408
-7654
-8869
-9986
-11201
-11814
-11936
-11750
-11202
-9927
-8552
-7403
-6137
-5183
-4506
-4112
-3887
-3747
-3957
-4138
-4097
-3955
-3684
-3332
-3040
-2638
-1933
-1269
-838
-735
-666
-597
-925
-1313
-1442
-1635
-1908
-2188
-2419
-2381
-1962
-1727
-1812
-1924
-1970
-2325
-2790
-3021
-3120
-3271
-3449
-3978
-4634
-5261
-5983
-6655
-7025
-7185
-7106
-6970
-6412
-5529
-4970
-4339
-3608
-3172
-3196
-3642
-4218
-4842
-5597
-6491
-7396
-7919
-8283
-8518
-8359
-7917
-7281
-6435
-5505
-4606
-4181
-4053
-4108
-4342
-4595
-4759
-5069
-5385
-5609
-5483
-4956
-4137
-3397
-2579
-1679
-758
171
856
1265
1711
1989
1971
1823
1427
674
-336
-1343
-2268
-3336
-4252
-4349
-3466
-1831
163
1963
3452
4654
5365
5295
4480
2985
1090
-924
-2655
-3637
-3995
-3460
-2113
-102
2152
4036
5301
5956
6051
5516
4523
3083
1372
-282
-1267
-1651
-1385
-282
1375
3279
5099
6486
7134
7067
6839
6612
6238
6129
6340
6757
6933
6918
6861
6594
6057
5278
4258
3141
1973
830
-47
-389
-216
463
1581
2802
3756
4599
5034
5024
4423
3411
2225
940
-278
-1260
-1873
-2233
-2304
-1843
-1061
-223
572
1352
1657
1761
1475
906
-37
-1271
-2300
-3065
-3610
-3890
-4141
-4369
-4380
-3809
-3353
-3224
-3229
-3275
-3306
-3527
-3795
-4048
-4205
-4466
-4728
-4702
-4335
-3931
-3694
-3386
-3092
-3156
-3333
-3441
-3452
-3377
-3645
-3902
-3888
-3785
-3663
-3300
-2741
-2121
-1587
-1054
-960
-847
-682
-765
-991
-1555
-2101
-2651
-3008
-3252
-3269
-3066
-2822
-2591
-2651
-2486
-2161
-1842
-1632
-1456
-1618
-2199
-3107
-4059
-5226
-6499
-7773
-9119
-10060
-10497
-10482
-10049
-9498
-8792
-7582
-6318
-5480
-5031
-4761
-4734
-5270
-6120
-7029
-8062
-9041
-9633
-9962
-10011
-9559
-8942
-8231
-7459
-6676
-5918
-5358
-5129
-5370
-5860
-6443
-7137
-7637
-7995
-8374
-8602
-8410
-7840
-7137
-6455
-5751
-5113
-4515
-4114
-3845
-3492
-3316
-3270
-3078
-2895
-2770
-2610
-2341
-1882
-1456
-1149
-1026
-876
-689
-613
-534
-625
-898
-1097
-1222
-1392
-1447
-1465
-1511
-1503
-1411
-1545
-1765
-1796
-1917
-2074
-2183
-2436
-2873
-3155
-3213
-3350
-3392
-3212
-3089
-2933
-2755
-2690
-2743
-2639
-2422
-2652
-3351
-4187
-4796
-4838
-4444
-3464
-2018
-614
396
822
644
-221
-1235
-2596
-4245
-5744
-7022
-7908
-8507
-8398
-7678
-6401
-4760
-3359
-2264
-1570
-1545
-2056
-2986
-4299
-5680
-6995
-8369
-9454
-9671
-8969
-7769
-6560
-5415
-4269
-3396
-2664
-2327
-2337
-2879
-3987
-5294
-6631
-7718
-8437
-8743
-8598
-7977
-7028
-5953
-4941
-4089
-3469
-3022
-2989
-3422
-3933
-4551
-5426
-6310
-6811
-6861
-6765
-6695
-6468
-5855
-5219
-4819
-4643
-4483
-4519
-4883
-5291
-5645
-6002
-6354
-6500
-6428
-6462
-6292
-6135
-5909
-5570
-5339
-5154
-5099
-5210
-5594
-5987
-6135
-6178
-6456
-6616
-6471
-6276
-6053
-5841
-5517
-5266
-5190
-5153
-5085
-4872
-4872
-5177
-5709
-6468
-7351
-8300
-9282
-10107
-10483
-10734
-10827
-10483
-9850
-8961
-7885
-6802
-5907
-5426
-5174
-5149
-5641
-6292
-7127
-8079
-8843
-9294
-9498
-9101
-8313
-7490
-6595
-5618
-4575
-3741
-3314
-3037
-3013
-3277
-3800
-4468
-5026
-5423
-5645
-5542
-5169
-4708
-4177
-3419
-2615
-1824
-1215
-944
-885
-680
-552
-586
-744
-797
-690
-654
-727
-539
-57
389
650
811
1192
1541
1632
1646
1667
1713
1638
1531
1534
1548
1509
1425
1317
1034
924
919
744
617
525
503
408
153
-12
41
200
90
156
518
752
704
777
884
927
649
266
-389
-1070
-1188
-759
367
1822
3153
4350
5279
5790
5506
4485
3282
1926
519
-730
-1774
-2604
-2603
-1844
-714
610
1890
2992
3661
3880
3558
2750
1751
610
-758
-2071
-3080
-3551
-3375
-2684
-1703
-424
766
1708
2329
2552
2324
1735
924
-134
-1170
-2214
-3129
-3558
-3487
-3150
-2601
-1848
-890
2
552
517
506
357
-216
-954
-1838
-2646
-3345
-3745
-3760
-3651
-3299
-2756
-2256
-1856
-1407
-1147
-1137
-1384
-1696
-2087
-2614
-3055
-3252
-3349
-3249
-3002
-2816
-2392
-1843
-1458
-1427
-1622
-1731
-1942
-2252
-2419
-2491
-2544
-2737
-2870
-2787
-2573
-2304
-2371
-2320
-2125
-1896
-1615
-1458
-1430
-1710
-2372
-3137
-3859
-4687
-5474
-6269
-6963
-7438
-7584
-7499
-7178
-6554
-5604
-4533
-3695
-3142
-2875
-2766
-3112
-3744
-4632
-5570
-6467
-7167
-7358
-7224
-6887
-6147
-5130
-4256
-3573
-2824
-2168
-1877
-2007
-2356
-2815
-3290
-3766
-4444
-4882
-5067
-4977
-4560
-3881
-3077
-2416
-1905
-1451
-829
-414
-352
-457
-721
-1005
-1008
-1137
-1229
-1113
-691
-445
-312
-51
405
890
1078
1155
1235
1326
1244
1209
1112
938
809
840
820
739
911
894
528
293
245
272
-26
-252
-329
-581
-619
-633
-741
-715
-625
-388
-232
-205
-230
-404
-682
-1117
-1737
-2434
-2847
-2628
-1790
-435
1199
2624
3572
3945
3846
3212
2136
567
-1006
-2332
-3513
-4411
-4980
-4693
-3675
-2230
-756
390
1268
1795
1807
1143
125
-1247
-2854
-4380
-5585
-6164
-6147
-5669
-4869
-3757
-2428
-1308
-401
137
184
-281
-1241
-2469
-3748
-4813
-5684
-6251
-6306
-6009
-5342
-4408
-3475
-2598
-1948
-1547
-1335
-1438
-1992
-2780
-3667
-4470
-5166
-5833
-6000
-5981
-5582
-5045
-4563
-4038
-3529
-3239
-3200
-3323
-3729
-4161
-4523
-4861
-5053
-5070
-5080
-5048
-4712
-4400
-4124
-3898
-3659
-3481
-3356
-3457
-3828
-4108
-4526
-4884
-5021
-5048
-5116
-4890
-4464
-4168
-3984
-3766
-3679
-3726
-3715
-3541
-3511
-3926
-4599
-5433
-6455
-7174
-8043
-8776
-9181
-9391
-9316
-8892
-8310
-7451
-6447
-5588
-4866
-4378
-4247
-4485
-5074
-5920
-6743
-7601
-8249
-8701
-8802
-8548
-7798
-6751
-5802
-4888
-4027
-3405
-3143
-3130
-3270
-3526
-3964
-4523
-5138
-5497
-5386
-5109
-4812
-4329
-3837
-3146
-2382
-1697
-1124
-758
-693
-811
-781
-848
-954
-1047
-976
-939
-846
-703
-364
211
903
1157
1199
1251
1214
1232
1448
1583
1565
1512
1480
1428
1524
1499
1410
1193
1132
1137
1009
705
482
392
193
114
132
107
134
170
237
374
599
617
567
507
518
200
-593
-1422
-2347
-3008
-3044
-2357
-1179
-41
1060
1799
2134
2152
1672
707
-332
-1295
-1973
-2379
-2376
-1873
-1130
-126
862
1782
2338
2477
2119
1558
686
-387
-1500
-2639
-3458
-3796
-3609
-2874
-1868
-870
269
1281
2069
2527
2647
2168
1334
462
-587
-1537
-2163
-2508
-2489
-2045
-1387
-414
650
1483
1971
2149
2068
1919
1509
797
-6
-634
-1254
-1882
-2060
-1805
-1369
-1017
-658
-56
533
928
1085
905
630
42
-535
-1089
-1638
-2187
-2634
-2945
-2899
-2514
-2173
-1920
-1793
-1770
-1797
-1864
-2042
-2225
-2609
-2948
-3184
-3314
-3222
-3177
-3213
-3236
-3120
-2891
-2801
-2572
-2455
-2450
-2367
-2368
-2869
-3539
-4362
-5227
-6052
-6863
-7490
-7928
-8125
-7895
-7228
-6270
-5399
-4481
-3523
-2849
-2781
-2887
-3407
-4003
-4645
-5360
-5844
-6427
-6713
-6660
-6017
-5164
-4277
-3317
-2313
-1355
-686
-554
-653
-783
-1299
-1891
-2291
-2479
-2667
-2811
-2559
-1966
-1294
-683
22
671
1121
1358
1679
1712
1651
1441
1123
1089
1113
1005
946
1098
1423
1779
2042
2398
2738
2918
2958
3061
3085
2850
2485
2403
2248
2056
2143
2200
2022
1904
1717
1485
1523
1490
1309
900
625
756
675
537
417
480
600
654
523
645
870
862
755
665
540
436
600
1271
2365
3766
5234
6553
7534
7709
7468
6721
5257
3221
980
-1103
-3071
-4486
-5007
-4609
-3370
-1541
673
2905
4668
5819
6064
5670
4764
3254
1228
-859
-2704
-4103
-4877
-4948
-4503
-3495
-2011
-547
673
1565
2074
1995
1427
478
-673
-2105
-3679
-5087
-5995
-6334
-6081
-5308
-4264
-3243
-2191
-1308
-689
-461
-667
-1052
-1644
-2469
-3305
-4082
-4643
-5218
-5658
-5574
-5140
-4792
-4401
-4056
-3850
-3737
-3636
-3738
-3853
-3967
-3963
-3893
-3755
-3575
-3383
-3008
-2527
-2166
-1951
-1959
-1882
-1917
-2123
-2342
-2662
-2914
-3148
-3084
-2885
-2732
-2318
-1824
-1567
-1398
-1248
-1134
-988
-986
-1195
-1583
-2022
-2571
-3391
-4395
-5394
-6280
-6755
-7085
-7328
-7054
-6467
-5582
-4688
-3890
-3105
-2329
-1941
-2072
-2504
-3300
-4120
-4968
-5774
-6499
-7051
-7262
-7175
-6676
-5790
-4508
-3571
-3053
-2690
-2339
-2390
-2819
-3288
-3870
-4555
-5110
-5493
-5625
-5585
-5275
-4811
-4259
-3476
-2484
-1755
-1154
-861
-818
-947
-1125
-1121
-1240
-1225
-1179
-1203
-1240
-1021
-496
91
509
733
834
1140
1485
1754
1689
1414
1161
1229
1460
1583
1470
1386
1425
1270
1027
1061
1175
1045
883
722
567
328
246
334
369
535
914
1087
934
858
1112
1301
1090
485
-122
-765
-1329
-1444
-1021
-377
410
1421
2487
3068
2837
2091
1325
226
-1059
-2257
-3169
-3779
-3951
-3414
-2221
-779
691
2002
2930
3269
2988
2336
1362
-140
-1902
-3482
-4820
-5508
-5508
-4799
-3668
-2405
-1052
396
1435
1959
2120
1825
1090
169
-900
-2101
-3033
-3450
-3341
-3089
-2573
-1646
-594
352
1071
1666
1911
1767
1243
543
-106
-839
-1593
-2045
-2253
-2209
-1945
-1684
-1254
-652
-99
212
350
391
245
136
-124
-529
-1035
-1487
-1642
-1613
-1536
-1294
-1220
-1224
-1212
-1317
-1312
-1372
-1598
-1865
-2336
-2521
-2539
-2623
-2716
-2745
-2596
-2335
-2095
-1998
-1931
-1913
-1991
-1946
-1942
-2229
-2916
-3690
-4644
-5750
-6721
-7350
-7704
-7844
-7962
-7569
-6853
-5992
-5177
-4336
-3583
-2980
-2668
-2833
-3293
-4029
-4901
-5697
-6235
-6530
-6508
-6237
-5703
-4786
-3589
-2453
-1588
-964
-683
-428
-463
-792
-1289
-1795
-2204
-2513
-2686
-2637
-2294
-1625
-933
-198
528
1258
1759
2080
2346
2344
2189
1999
1871
1976
1963
1997
2014
2092
2457
2916
3241
3390
3499
3564
3527
3402
3291
3359
3309
3197
3079
2917
2835
2731
2731
2950
2924
2601
2366
2153
1937
1802
1613
1484
1401
1381
1314
1287
1485
1572
1674
1648
1430
1467
1402
1020
427
-172
-609
-489
110
1061
2495
4093
5280
5902
5986
5489
4525
3233
1718
355
-735
-1690
-2130
-1771
-846
385
1777
3080
4025
4636
4810
4285
3405
2274
1028
-329
-1467
-2238
-2410
-2016
-1233
-193
948
1984
2702
3102
3263
2963
2268
1322
396
-648
-1506
-2016
-2280
-2241
-1805
-1166
-349
466
1287
1684
1724
1674
1477
819
-85
-1038
-1727
-2148
-2388
-2464
-2453
-2013
-1450
-1077
-578
-307
-248
-274
-571
-1034
-1468
-1892
-2220
-2505
-2613
-2491
-2151
-1727
-1428
-1110
-885
-857
-996
-1107
-1264
-1544
-1989
-2343
-2396
-2238
-2007
-1915
-1775
-1432
-1168
-1158
-1173
-1074
-828
-657
-747
-897
-1450
-2060
-2867
-3854
-4740
-5607
-6111
-6229
-6172
-5984
-5467
-4709
-3746
-2873
-2176
-1522
-1273
-1425
-1845
-2570
-3484
-4470
-5058
-5377
-5477
-5388
-4854
-4009
-3151
-2322
-1486
-694
-153
40
-99
-452
-962
-1558
-1986
-2409
-2704
-2766
-2572
-2161
-1497
-758
-104
478
1059
1382
1581
1798
1744
1552
1245
1034
923
945
1324
1756
1964
2150
2553
2897
3170
3279
3245
3182
3168
3049
3063
3088
2973
2702
2624
2965
3106
3130
3184
3117
2803
2550
2169
1931
1893
1801
1770
1895
1965
1993
2002
2100
2172
2210
2265
2278
2178
1897
1409
844
294
97
517
1587
3113
4593
5734
6417
6596
6332
5471
4237
2790
1469
280
-960
-1664
-1554
-898
238
1612
2964
3990
4610
4839
4697
3973
2733
1272
-72
-1293
-2170
-2650
-2626
-2000
-971
111
974
1841
2492
2706
2586
2044
1308
414
-574
-1546
-2358
-2819
-2881
-2445
-1760
-1029
-177
736
1291
1481
1461
1055
492
-236
-919
-1361
-1863
-2439
-2666
-2537
-2260
-1805
-1172
-557
-358
-195
-97
-185
-516
-969
-1477
-1815
-1987
-2150
-2108
-1712
-1231
-962
-798
-502
-356
-507
-537
-572
-692
-1084
-1547
-1899
-1901
-1766
-1605
-1431
-1158
-943
-732
-738
-548
-247
-269
-484
-777
-1103
-1661
-2535
-3472
-4301
-5091
-5872
-6438
-6373
-6066
-5684
-5090
-4272
-3367
-2578
-1794
-1237
-1269
-1647
-2286
-3164
-4083
-4809
-5324
-5515
-5466
-5177
-4482
-3699
-2777
-1887
-1170
-596
-127
-147
-486
-854
-1392
-1907
-2336
-2555
-2643
-2560
-2276
-1942
-1237
-327
379
847
1194
1633
1909
1891
1667
1480
1270
1130
1114
1146
1408
1700
2010
2547
2821
2971
3131
3261
3474
3378
3268
3178
3056
3032
2858
2789
2916
3042
3004
2943
2809
2579
2331
2348
2260
2071
1870
1723
1723
1739
1708
1718
1906
2035
2126
2062
2070
2110
1897
1407
739
341
85
84
802
2251
3766
5068
5956
6362
6165
5412
4181
2836
1468
168
-986
-1713
-1826
-1393
-571
762
2040
3285
4302
4700
4555
3863
2976
1864
425
-1030
-2183
-2721
-2686
-2297
-1381
-213
734
1586
2302
2796
2959
2626
1965
998
-132
-1190
-2119
-2598
-2515
-2138
-1717
-965
34
868
1448
1848
1911
1568
1248
463
-319
-1024
-1778
-2187
-2364
-2160
-1757
-1311
-731
-208
109
265
353
295
-49
-482
-938
-1436
-1757
-1757
-1623
-1456
-1318
-1049
-539
-75
190
301
184
29
-154
-511
-875
-1120
-1238
-1179
-1081
-758
-545
-382
-346
-83
196
271
188
166
167
-202
-779
-1513
-2401
-3317
-4208
-4938
-5467
-5541
-5392
-5003
-4458
-3643
-2809
-1954
-1172
-663
-491
-679
-1215
-2025
-2785
-3451
-4207
-4806
-4913
-4558
-4119
-3428
-2381
-1324
-393
58
319
618
537
70
-594
-1053
-1420
-1811
-1996
-1820
-1381
-907
-306
514
1230
1751
2046
2107
2022
1866
1578
1301
1070
960
1135
1468
1993
2323
2498
2503
2476
2329
1759
1119
675
385
256
393
909
1695
2535
3353
3953
4176
4049
3518
2590
1467
498
-14
-204
124
794
1785
3020
4240
5311
6103
6533
6555
6238
5708
4850
3920
3176
2717
2410
2283
2732
3759
5168
6889
8457
9772
10377
10177
9464
8214
6492
4702
3181
2015
1068
436
260
1053
2438
3748
4790
5675
6120
5922
5352
4490
3201
1805
551
-545
-1340
-1746
-1769
-1360
-554
575
1572
2209
2598
2801
2646
2171
1401
485
-463
-1744
-2849
-3352
-3358
-3101
-2534
-1894
-1197
-264
526
855
833
587
66
-531
-1195
-1810
-2186
-2475
-2685
-2373
-1734
-1149
-616
9
537
1071
1306
1113
944
694
508
233
91
175
441
862
1193
1502
1870
2118
2183
2246
2225
1969
1742
1553
1395
1154
826
564
563
978
1148
1138
1304
1348
1163
1247
1284
1141
1110
816
274
-364
-1119
-1886
-2773
-3679
-4373
-4759
-4818
-4744
-4253
-3541
-2819
-1858
-1034
-687
-597
-769
-1195
-1714
-2649
-3593
-4453
-5236
-5638
-5383
-4810
-4233
-3499
-2646
-1730
-941
-557
-591
-959
-1439
-1923
-2562
-3223
-3838
-4261
-4341
-4148
-3700
-3065
-2301
-1654
-1085
-506
-220
-117
-12
14
-500
-1049
-1534
-1984
-2254
-2348
-2014
-1342
-628
81
783
1328
1544
1437
1145
763
178
-522
-1008
-1343
-1439
-1397
-1040
-541
16
551
873
828
597
324
-34
-638
-1523
-2511
-3185
-3317
-3293
-3132
-2585
-2061
-1550
-1279
-1304
-1460
-2083
-3097
-4287
-5474
-6169
-6100
-5268
-3952
-2237
-488
826
1485
1279
501
-749
-2406
-4222
-6066
-7606
-8529
-8720
-8269
-7013
-5292
-3552
-1745
-540
-40
28
-656
-1898
-3354
-4885
-6169
-7089
-7672
-7516
-6690
-5573
-4333
-2734
-1424
-575
-188
-130
-280
-988
-1902
-3007
-3959
-4596
-4937
-4963
-4622
-3877
-2765
-1565
-472
343
802
838
561
103
-431
-1013
-1739
-2391
-2863
-3089
-2899
-2358
-1659
-1094
-632
-166
88
73
-127
-319
-733
-1314
-1739
-2022
-1954
-1813
-1667
-1515
-1175
-635
-320
-181
-183
-337
-438
-577
-938
-1201
-1433
-1517
-1355
-1273
-1039
-595
-288
-140
15
240
550
679
620
409
193
-343
-831
-1618
-2689
-3418
-3748
-4027
-4128
-3916
-3332
-2485
-1514
-517
426
1195
1575
1734
1587
1137
453
-283
-867
-1209
-1503
-1450
-910
-151
803
1633
2312
3063
3808
4205
4191
3799
3186
2595
2063
1589
1316
1038
944
1367
1975
2540
2994
3459
3942
4235
4222
4180
3969
3539
3184
2925
2721
2561
2409
2471
2760
2955
3116
3325
3545
3598
3556
3546
3599
3388
3246
3250
3015
2656
2589
2616
2654
2643
2632
2615
2498
2383
2113
1777
1507
1523
1509
1509
1550
1464
1544
1654
1788
1847
1940
2029
2082
2024
1572
989
389
5
180
980
2215
3582
5035
6035
6468
6337
5667
4783
3647
2290
1006
68
-394
-506
-262
647
2093
3566
4691
5443
5870
5952
5441
4274
3033
1862
624
-430
-1088
-912
-345
418
1491
2624
3645
4279
4633
4780
4416
3734
2754
1686
831
178
-339
-446
-122
476
1086
1817
2716
3350
3547
3539
3325
3024
2543
1748
948
350
-3
-383
-519
-123
421
1090
1513
1836
2168
2231
2161
1900
1516
1201
799
519
536
643
768
907
1131
1651
2043
2068
2125
2209
2129
1961
1692
1458
1304
1148
1156
1231
1433
1777
1931
1978
2237
2490
2862
3017
3032
2884
2595
2170
1272
352
-463
-1151
-1722
-2088
-2347
-2390
-2015
-1467
-644
335
1266
1818
2261
2354
2242
1676
959
150
-550
-1100
-1458
-1679
-1284
-639
49
797
1652
2377
2868
3034
3052
2714
2065
1585
1051
342
-327
-733
-740
-461
35
591
1029
1393
1744
1926
1976
1912
1724
1496
1226
661
119
59
206
280
404
419
635
974
1187
1194
1212
1258
1331
1225
884
704
606
635
518
379
384
488
628
569
299
115
-60
-345
-491
-558
-630
-910
-897
-867
-1015
-971
-772
-682
-760
-836
-859
-831
-1031
-1673
-2171
-2529
-2567
-2050
-903
783
2333
3471
4171
4051
3332
2292
1085
-501
-2042
-3217
-4090
-4594
-4335
-3504
-2197
-660
786
1911
2491
2577
2050
1099
-138
-1494
-2968
-4156
-4843
-5179
-4948
-4278
-3194
-1938
-766
215
868
1092
931
425
-501
-1586
-2652
-3747
-4526
-4694
-4452
-3984
-3202
-2374
-1481
-512
155
223
175
-140
-750
-1497
-2243
-2774
-3117
-3391
-3705
-3585
-3104
-2604
-2041
-1460
-1046
-947
-1006
-1248
-1607
-1810
-1967
-2133
-2316
-2155
-1979
-1913
-1713
-1293
-838
-520
-247
-134
-291
-609
-856
-960
-977
-1116
-1285
-1165
-915
-722
-564
-174
92
247
347
369
327
253
117
-283
-881
-1741
-2663
-3397
-3982
-4594
-5000
-4813
-4363
-3726
-3050
-2205
-1284
-451
159
445
308
-76
-558
-1279
-2097
-2710
-3300
-3494
-3258
-2839
-2128
-1090
-128
676
1246
1714
1914
1726
1302
760
104
-438
-1079
-1517
-1721
-1663
-1339
-820
-194
479
1089
1577
1689
1470
1355
1169
951
580
276
137
95
126
355
519
650
989
1230
1351
1520
1672
1627
1592
1421
1215
1034
875
696
779
873
833
882
925
573
435
369
265
182
-58
-347
-335
-234
-150
-171
-112
-7
134
144
174
203
237
140
-162
-371
-401
-67
663
