-5115
-4980
-4634
-4290
-4155
-4154
-4183
-4448
-4753
-4760
-4824
-5097
-5188
-5111
-4919
-4753
-4544
-4211
-4034
-3887
-3643
-3416
-3388
-3479
-3778
-4171
-4711
-5492
-6345
-7205
-8075
-8753
-9021
-8872
-8529
-8042
-7107
-6357
-5511
-4604
-4097
-3843
-3854
-4001
-4448
-5525
-6540
-7043
-7291
-7263
-7018
-6429
-5646
-4598
-3640
-2739
-2065
-1740
-1678
-1793
-2218
-2842
-3604
-4203
-4503
-4698
-4811
-4602
-4383
-3941
-3272
-2739
-2194
-1872
-2021
-2516
-3203
-3981
-4769
-5246
-5225
-4868
-4177
-2983
-1747
-1011
-946
-1528
-2731
-4373
-6015
-7799
-9643
-11075
-11866
-11610
-10651
-9343
-7700
-6114
-4916
-4448
-4759
-5801
-7256
-8993
-10905
-12376
-13223
-13231
-12204
-10457
-8149
-5593
-3075
-1032
409
1081
1128
507
-625
-1973
-3485
-5048
-6111
-6273
-5316
-3303
-606
2291
4849
6787
7683
7472
6216
4304
1890
-814
-3337
-5318
-6701
-7329
-6873
-5487
-3517
-1417
242
1369
1914
1697
547
-1304
-3466
-5538
-7627
-9499
-10684
-10691
-9852
-8629
-7212
-5707
-4403
-3466
-3230
-3740
-4501
-5741
-7380
-9105
-10826
-12120
-12766
-12894
-12548
-11688
-10447
-8789
-7416
-6410
-5760
-5482
-5816
-6759
-7794
-8991
-10272
-11199
-11853
-12246
-12074
-11674
-10688
-9525
-8387
-7243
-6308
-5435
-4864
-4520
-4251
-4279
-4591
-4667
-4548
-4104
-3640
-3162
-2383
-1615
-1141
-948
-845
-851
-1011
-1336
-1570
-1725
-1842
-1966
-1995
-1885
-1853
-1832
-1721
-1568
-1592
-1843
-2114
-2360
-2563
-2634
-2730
-2996
-3386
-3876
-4633
-5272
-5769
-6186
-6402
-6287
-6002
-5629
-5127
-4524
-3862
-3321
-2890
-2689
-2975
-3795
-4670
-5507
-6414
-7257
-8040
-8483
-8605
-8312
-7606
-6873
-6339
-5743
-5057
-4414
-4155
-4264
-4517
-4867
-5336
-5718
-5965
-6031
-5868
-5436
-4812
-3959
-3016
-2152
-1319
-542
257
683
954
1182
1219
901
439
-157
-998
-1982
-3106
-4366
-5172
-5052
-4058
-2422
-583
1330
2961
4129
4968
5035
4223
2634
624
-1375
-2972
-3929
-4073
-3369
-1884
41
2038
3999
5522
6222
6396
5906
4820
3197
1439
-84
-1274
-1776
-1514
-343
1506
3554
5403
6773
7440
7794
7889
7814
7831
7881
7847
7717
7500
7227
6748
6102
5299
4412
3205
1940
894
256
-105
-341
-11
923
1973
3115
4066
4777
5111
4972
4456
3585
2394
1006
-184
-1204
-1827
-2071
-2041
-1671
-1272
-621
71
613
948
849
253
-531
-1363
-2211
-3164
-4149
-4632
-4774
-4875
-4878
-4739
-4365
-4052
-3890
-3776
-3993
-4280
-4481
-4874
-5056
-5058
-4946
-4990
-4956
-4580
-4179
-3961
-3765
-3732
-3810
-3855
-3995
-4268
-4396
-4472
-4565
-4466
-4129
-3622
-3270
-2950
-2441
-1712
-1140
-834
-800
-963
-1120
-1444
-1978
-2425
-2597
-2839
-2990
-3059
-3064
-2789
-2380
-2190
-1859
-1521
-1243
-871
-809
-1127
-1631
-2480
-3556
-4598
-5751
-6993
-8222
-9285
-9817
-9883
-9589
-9073
-8279
-7112
-6145
-5438
-4791
-4633
-4911
-5459
-6159
-6950
-8001
-9144
-9910
-10261
-10230
-9998
-9442
-8606
-7864
-7020
-6392
-5969
-5878
-5894
-5995
-6350
-7028
-7673
-8057
-8377
-8526
-8477
-8055
-7415
-6684
-5967
-5429
-4844
-4295
-3883
-3649
-3420
-3239
-3221
-3122
-2862
-2467
-2186
-1977
-1664
-1153
-756
-508
-318
-342
-495
-766
-991
-1169
-1273
-1279
-1368
-1498
-1395
-1309
-1214
-1216
-1227
-1205
-1366
-1571
-1953
-2354
-2457
-2456
-2517
-2580
-2677
-2741
-2623
-2438
-2401
-2279
-2154
-2197
-2361
-2627
-3081
-3655
-4286
-4394
-3966
-3057
-1826
-488
649
1008
694
0
-1011
-2261
-3988
-5790
-7137
-7807
-8146
-7789
-6756
-5484
-4116
-2817
-1873
-1262
-1277
-2016
-3088
-4274
-5785
-7189
-8356
-9011
-9326
-9036
-7960
-6499
-5208
-4179
-3245
-2630
-2527
-2886
-3438
-4483
-5726
-6850
-7721
-8193
-8368
-8163
-7383
-6531
-5770
-5019
-4183
-3451
-3196
-3203
-3525
-4075
-4717
-5389
-6077
-6489
-6766
-6804
-6509
-6098
-5588
-5245
-4791
-4540
-4470
-4384
-4595
-5003
-5524
-6017
-6262
-6489
-6613
-6551
-6468
-6253
-5884
-5555
-5170
-5106
-5195
-5332
-5738
-5990
-6340
-6698
-6808
-6875
-6627
-6393
-6154
-5797
-5412
-5245
-5199
-5205
-5101
-4878
-4953
-5445
-5852
-6576
-7509
-8392
-9271
-9971
-10570
-10911
-11007
-10750
-10173
-9164
-8190
-7343
-6458
-5776
-5576
-5543
-5760
-6505
-7459
-8294
-8865
-9413
-9681
-9713
-9312
-8388
-7121
-5841
-4948
-4302
-3852
-3636
-3725
-3869
-4194
-4667
-5052
-5533
-5700
-5840
-5788
-5170
-4337
-3579
-2867
-2144
-1614
-1272
-1039
-866
-864
-986
-1148
-1171
-1163
-1119
-1045
-762
-376
-66
303
680
996
1074
1054
1249
1400
1399
1361
1329
1250
1216
1173
1166
1326
1336
1106
794
561
278
131
20
-162
-100
-138
-216
-159
59
233
133
177
366
510
536
415
154
-262
-920
-1551
-1676
-1267
-357
1049
2623
3938
4803
4986
4453
3595
2630
1340
-111
-1447
-2393
-2822
-2707
-2160
-1173
126
1476
2632
3273
3519
3092
2260
1220
-128
-1457
-2661
-3491
-3807
-3564
-2848
-1883
-927
68
999
1532
1784
1569
814
-131
-1124
-2075
-3051
-3764
-4143
-4105
-3793
-3210
-2307
-1354
-759
-285
10
6
-415
-1022
-1756
-2459
-3163
-3946
-4221
-4198
-3930
-3617
-3225
-2731
-2289
-1997
-1934
-1974
-1954
-2120
-2609
-3116
-3419
-3727
-3897
-3832
-3617
-3309
-2920
-2618
-2601
-2456
-2490
-2565
-2701
-3017
-3203
-3371
-3488
-3613
-3623
-3559
-3499
-3196
-2950
-2785
-2661
-2547
-2260
-2065
-2218
-2545
-2957
-3424
-4105
-5101
-5974
-6775
-7711
-8298
-8316
-7858
-7274
-6834
-6163
-5246
-4329
-3667
-3417
-3543
-4033
-4697
-5293
-5888
-6578
-7247
-7742
-7999
-7570
-6748
-5855
-4793
-3845
-3166
-2605
-2177
-2021
-2325
-2946
-3598
-4314
-4963
-5253
-5212
-4904
-4497
-3879
-3235
-2567
-1990
-1522
-1081
-732
-591
-784
-1097
-1282
-1411
-1493
-1364
-997
-886
-731
-420
-163
272
722
800
897
1042
1081
997
805
659
521
433
555
770
944
902
632
453
381
262
150
-13
-129
-365
-567
-697
-808
-793
-698
-425
-333
-371
-413
-391
-361
-608
-1087
-1858
-2535
-2884
-2747
-1932
-722
922
2485
3526
3898
3491
2721
1583
174
-1199
-2419
-3612
-4423
-4703
-4408
-3522
-2341
-902
430
1315
1652
1323
527
-583
-1820
-3046
-4057
-5074
-5856
-5754
-5165
-4405
-3427
-2423
-1315
-583
-384
-413
-824
-1552
-2536
-3651
-4817
-5656
-6174
-6324
-6010
-5301
-4229
-3062
-2280
-1734
-1474
-1540
-1888
-2417
-3032
-3789
-4762
-5400
-5720
-5900
-5921
-5632
-5101
-4674
-4178
-3715
-3416
-3308
-3442
-3696
-4038
-4569
-5081
-5369
-5437
-5331
-5207
-5057
-4583
-4057
-3668
-3524
-3671
-3984
-4170
-4190
-4340
-4692
-4808
-4872
-4993
-4978
-4806
-4589
-4382
-4173
-4056
-3927
-3716
-3473
-3524
-3738
-4020
-4625
-5446
-6286
-7126
-7950
-8699
-9330
-9492
-9207
-9014
-8407
-7424
-6378
-5581
-4958
-4519
-4338
-4461
-4918
-5646
-6495
-7301
-8016
-8452
-8599
-8337
-7699
-6739
-5719
-4833
-3974
-3301
-2921
-2876
-2942
-3107
-3633
-4342
-4655
-4985
-5237
-5087
-4681
-4064
-3354
-2720
-1944
-1273
-652
-302
-283
-480
-647
-800
-860
-829
-874
-660
-503
-368
40
469
862
1286
1609
1702
1771
1831
1979
1897
1720
1545
1379
1462
1562
1585
1668
1788
1634
1536
1513
1472
1142
909
762
697
603
473
565
688
870
966
939
1004
1126
1145
818
377
-304
-952
-1577
-2020
-1711
-713
501
1838
3007
3815
3965
3382
2491
1501
426
-802
-1821
-2422
-2497
-2290
-1614
-396
1010
2067
2727
3058
2860
2394
1491
201
-947
-1964
-2850
-3505
-3641
-3277
-2369
-1245
-228
644
1355
2036
2196
1792
990
54
-744
-1526
-2281
-2844
-3086
-3031
-2416
-1420
-426
368
927
1364
1287
996
647
89
-425
-1153
-1784
-2210
-2354
-2146
-1858
-1592
-1218
-786
-370
-218
-123
-63
-338
-760
-1326
-1835
-2180
-2502
-2681
-2650
-2635
-2578
-2280
-1972
-1728
-1533
-1370
-1442
-1703
-1962
-2145
-2411
-2586
-2621
-2734
-2770
-2627
-2454
-2362
-2143
-1910
-1805
-1791
-1699
-1871
-2268
-2698
-3238
-4061
-5039
-5914
-6579
-7128
-7389
-7470
-7195
-6754
-6132
-5326
-4389
-3422
-2868
-2700
-2688
-3045
-3697
-4510
-5420
-6160
-6750
-7045
-6722
-5991
-5292
-4453
-3565
-2522
-1677
-1154
-1071
-1247
-1365
-1652
-2074
-2600
-3127
-3508
-3325
-2967
-2455
-1868
-1258
-632
-130
367
838
945
828
701
575
425
312
309
326
395
648
1020
1297
1657
2029
2135
2171
2109
2063
2193
2182
2040
1852
1702
1620
1545
1471
1508
1620
1669
1589
1319
1014
885
930
915
671
317
195
131
105
271
388
608
710
616
625
674
379
-165
-494
-629
-450
336
1520
2947
4330
5428
6073
6084
5318
4025
2427
660
-1006
-2649
-3711
-3963
-3611
-2867
-1679
131
1923
3298
4074
4261
3817
2726
1418
-21
-1529
-2937
-4084
-4698
-4647
-4011
-3074
-1871
-463
662
1252
1470
1236
576
-331
-1567
-2806
-3939
-4791
-5027
-4941
-4633
-4182
-3318
-2270
-1409
-918
-604
-551
-800
-1136
-1815
-2644
-3508
-4214
-4544
-4758
-4834
-4576
-4155
-3565
-3263
-3149
-2991
-2832
-2882
-3165
-3368
-3555
-3792
-3893
-3867
-3805
-3738
-3495
-3128
-2496
-2182
-2117
-2016
-2105
-2297
-2606
-2835
-2982
-3010
-3065
-3064
-2829
-2470
-2058
-1895
-1901
-1749
-1600
-1508
-1548
-1526
-1749
-2219
-2787
-3544
-4442
-5438
-6185
-6710
-7012
-7114
-6855
-6351
-5588
-4661
-3648
-2852
-2482
-2151
-2115
-2403
-3061
-4065
-4955
-5743
-6338
-6732
-6890
-6413
-5662
-4894
-4100
-3275
-2425
-1730
-1323
-1464
-1897
-2496
-3067
-3329
-3850
-4288
-4296
-4014
-3681
-3233
-2668
-1966
-1084
-420
-71
126
247
324
292
33
-63
69
225
210
304
496
738
1136
1522
1851
2234
2455
2671
2659
2576
2446
2162
2152
2317
2314
2306
2442
2448
2517
2520
2395
2289
2165
2001
1807
1686
1584
1632
1540
1384
1455
1584
1741
1832
1775
1883
2146
1953
1376
669
-125
-756
-802
-252
794
2121
3290
4237
4663
4443
3941
3031
1788
424
-793
-1816
-2440
-2495
-1839
-735
503
1828
2860
3692
4105
4039
3457
2315
875
-595
-1862
-2760
-3307
-3508
-3013
-1868
-635
411
1251
1943
2305
2352
2084
1429
525
-562
-1528
-2231
-2626
-2718
-2459
-1789
-744
147
840
1372
1643
1721
1591
1182
592
-204
-1048
-1739
-2067
-2000
-1831
-1492
-1161
-772
-376
-45
203
322
214
-180
-577
-843
-1097
-1440
-1769
-1906
-1802
-1695
-1457
-1121
-782
-645
-575
-509
-694
-1212
-1538
-1773
-1940
-2081
-2031
-2011
-1759
-1523
-1594
-1550
-1485
-1314
-1131
-967
-1038
-1366
-1691
-2059
-2630
-3444
-4358
-5443
-6271
-6819
-7061
-6904
-6470
-5814
-4962
-3988
-3191
-2591
-2167
-1948
-2089
-2606
-3293
-4316
-5376
-6061
-6277
-6245
-5896
-5214
-4227
-3248
-2369
-1641
-947
-479
-283
-419
-860
-1279
-1725
-2088
-2360
-2588
-2476
-2047
-1474
-789
4
706
1226
1645
1995
2124
1972
1879
1849
1685
1419
1389
1645
2013
2346
2635
2818
3210
3587
3832
3959
3970
4008
3932
3865
3730
3574
3497
3510
3602
3858
3777
3684
3724
3584
3411
3217
2897
2694
2582
2429
2498
2539
2554
2465
2383
2357
2492
2646
2569
2518
2341
1924
1316
721
418
441
894
2083
3526
4795
5887
6543
6512
5950
5105
3790
2324
877
-261
-822
-1052
-752
-104
940
2366
3649
4464
5005
5097
4560
3651
2419
1062
-195
-1232
-1747
-1835
-1454
-805
177
1226
2101
2798
3306
3355
3099
2481
1499
373
-762
-1638
-2207
-2275
-1926
-1350
-781
15
924
1495
1917
2072
1785
1256
498
-341
-973
-1549
-2024
-2316
-2490
-2093
-1602
-1210
-909
-511
-133
-79
-362
-725
-1098
-1604
-2025
-2229
-2154
-2172
-2176
-2045
-1880
-1577
-1208
-973
-802
-727
-884
-1296
-1650
-1759
-1849
-2157
-2215
-2126
-1986
-1584
-1266
-1265
-1232
-1163
-873
-675
-684
-875
-1231
-1605
-1999
-2816
-3830
-4650
-5368
-5925
-6236
-6312
-6050
-5367
-4646
-3891
-3196
-2405
-1737
-1501
-1560
-2065
-2833
-3654
-4523
-5180
-5597
-5953
-6052
-5666
-4831
-3866
-2975
-2077
-1335
-975
-753
-747
-979
-1437
-2039
-2593
-2956
-3084
-3122
-3022
-2586
-1833
-1157
-673
-79
537
935
946
893
922
941
725
481
474
608
735
1015
1295
1620
1934
2242
2509
2658
2695
2881
2850
2629
2387
2321
2375
2448
2545
2607
2550
2528
2535
2370
2193
2066
1812
1592
1409
1332
1385
1459
1401
1444
1490
1528
1566
1709
1975
1979
1761
1409
961
511
-25
-332
-4
863
2107
3444
4788
5562
5666
5277
4597
3434
2052
812
-258
-1205
-1864
-1712
-977
61
1141
2232
3372
4120
4208
3861
3126
2243
946
-448
-1653
-2552
-2921
-2821
-2309
-1400
-117
864
1626
2225
2352
2311
1989
1222
125
-1067
-2210
-3053
-3219
-2994
-2456
-1769
-951
-6
813
1233
1320
1365
1038
354
-380
-1005
-1712
-2452
-2905
-2932
-2635
-2159
-1655
-1113
-609
-210
-158
-355
-510
-606
-890
-1372
-1680
-1942
-2045
-2071
-2054
-1865
-1376
-1009
-722
-588
-545
-605
-801
-1162
-1534
-1663
-1775
-1805
-1737
-1611
-1309
-1080
-1087
-1107
-876
-591
-431
-592
-619
-710
-1069
-1451
-2264
-3094
-3824
-4508
-5241
-6070
-6318
-6031
-5441
-4667
-3813
-3075
-2486
-1953
-1602
-1329
-1493
-2087
-2799
-3593
-4454
-5012
-5323
-5335
-4900
-4222
-3427
-2440
-1388
-499
15
327
312
127
-332
-802
-1194
-1570
-1949
-2116
-2061
-1771
-1033
-162
544
1025
1345
1765
2079
2161
2157
1960
1856
1735
1660
1677
1713
1973
2265
2583
3105
3576
3919
4073
4202
4271
4178
3950
3842
3846
3754
3597
3564
3638
3698
3608
3357
3383
3318
3287
3161
2993
2814
2734
2599
2404
2421
2487
2591
2677
2798
2715
2614
2703
2756
2678
2160
1523
1041
691
904
1551
2811
4320
5781
6695
6937
6648
5922
4862
3647
2318
951
-50
-633
-805
-410
399
1730
3103
4123
4771
5278
5292
4552
3491
2256
1072
-186
-1258
-1959
-1959
-1456
-484
704
1815
2558
3183
3659
3600
3070
2328
1414
302
-763
-1467
-1732
-1860
-1716
-986
-4
784
1434
1997
2381
2383
1933
1389
741
107
-589
-1186
-1392
-1502
-1571
-1353
-858
-278
208
420
486
583
512
324
-17
-440
-841
-1143
-1246
-1280
-1014
-744
-519
-224
33
244
318
457
386
-24
-368
-639
-916
-841
-656
-577
-403
-306
-236
-193
-101
20
132
221
169
21
-254
-447
-957
-1746
-2709
-3651
-4573
-5206
-5426
-5266
-4988
-4513
-3661
-2607
-1718
-1102
-819
-791
-865
-1259
-1881
-2638
-3522
-4350
-4811
-4716
-4409
-3731
-2879
-2093
-1216
-413
154
433
439
382
188
-125
-609
-1150
-1632
-1766
-1584
-1247
-717
-58
526
1174
1638
2068
2281
2145
1945
1755
1426
1201
1123
1390
1824
2361
2740
2851
2688
2487
2208
1726
1080
590
237
235
677
1383
2085
2739
3384
4103
4344
3971
3246
2569
1728
841
128
44
261
821
1912
3157
4348
5395
6111
6662
6768
6319
5551
4836
4047
3295
2651
2471
2565
2911
3769
5073
6657
8306
9568
10215
10163
9329
7957
6301
4565
2998
1655
789
434
644
1556
2787
3998
4878
5549
5831
5677
5156
4218
2982
1703
274
-892
-1520
-1724
-1661
-1170
-398
526
1446
2103
2493
2630
2546
1981
1034
-12
-982
-2021
-2829
-3237
-3264
-2915
-2332
-1624
-858
-141
540
904
874
524
86
-509
-1131
-1945
-2262
-2462
-2501
-2347
-1910
-1106
-413
164
576
1024
1260
1213
984
891
642
363
279
280
418
752
1083
1473
1816
1940
1910
1972
2038
1861
1554
1221
1002
784
547
516
615
799
925
1062
1118
1156
1197
1255
1357
1294
1171
877
276
-335
-927
-1618
-2564
-3480
-4164
-4634
-4733
-4656
-4363
-3637
-2645
-1817
-1175
-669
-489
-744
-1429
-2140
-2880
-3680
-4470
-5116
-5388
-5389
-4980
-4274
-3500
-2515
-1581
-835
-634
-762
-965
-1383
-1861
-2442
-2969
-3406
-3794
-4004
-3832
-3449
-2912
-2297
-1712
-1001
-367
-51
144
184
107
-447
-1103
-1742
-2077
-2118
-2215
-2149
-1780
-1001
-113
630
1240
1543
1585
1404
929
343
-207
-765
-1254
-1501
-1366
-1104
-688
-129
320
659
869
932
726
50
-792
-1480
-2199
-2839
-3146
-2929
-2726
-2442
-2064
-1564
-1041
-832
-886
-1420
-2542
-3825
-5132
-5905
-5864
-5141
-3676
-1926
-422
827
1462
1264
534
-782
-2363
-4179
-5966
-7352
-8110
-8121
-7452
-6108
-4340
-2730
-1233
-179
293
248
-431
-1539
-2945
-4430
-5723
-6689
-6996
-6676
-5899
-4699
-3450
-2205
-1093
-249
221
147
-323
-1094
-2160
-3134
-4110
-4665
-4811
-4677
-4200
-3251
-2266
-1215
-229
464
827
1012
881
433
-245
-830
-1473
-2108
-2399
-2465
-2128
-1648
-1221
-750
-115
300
389
365
223
98
-262
-769
-1182
-1460
-1463
-1312
-1162
-873
-407
-41
312
514
503
358
243
-69
-304
-502
-820
-1089
-1042
-740
-582
-326
-47
238
575
846
1070
1173
1114
881
668
415
-123
-876
-1610
-2241
-2914
-3264
-3232
-3102
-2689
-1823
-969
-32
917
1689
2195
2374
2081
1506
802
154
-440
-910
-990
-657
-163
547
1278
2214
3107
3737
4148
4459
4538
4134
3529
3053
2677
2250
1862
1692
1710
2019
2519
3032
3541
3863
4166
4427
4347
4271
4062
3668
3304
3091
3014
3040
3157
3300
3521
3585
3577
3643
3799
3940
3870
3848
3742
3713
3496
3259
3213
3244
3168
3260
3436
3486
3514
3395
3239
3138
2835
2481
2313
2159
1985
1960
1943
2055
2078
2219
2328
2491
2473
2412
2469
2488
2083
1176
346
-177
-133
424
1298
2704
3992
5074
5634
5481
4885
4091
3243
2355
1465
694
186
153
674
1634
2664
3777
4943
5680
5822
5398
4699
3972
2877
1800
829
63
-367
-190
462
1405
2567
3608
4291
4925
5024
4809
4479
3767
3043
2281
1494
801
402
404
834
1437
2032
2855
3722
4306
4589
4546
4148
3700
3094
2313
1714
1281
1046
931
847
1147
1768
2341
2784
3061
3083
3137
3046
2707
2255
1928
1606
1231
842
624
879
1178
1313
1387
1811
2022
1964
2055
2181
1991
1653
1397
1389
1400
1285
1270
1164
1382
1825
2041
2133
2178
2314
2368
2502
2394
2055
1669
1129
343
-527
-1299
-1887
-2328
-2633
-2640
-2154
-1586
-846
-43
736
1428
1943
2167
2021
1639
834
47
-594
-1183
-1632
-1714
-1382
-768
112
1055
1910
2397
2934
3149
3191
3031
2611
2072
1467
712
138
-39
44
206
278
741
1304
1815
2338
2620
2652
2472
2088
1810
1495
1139
723
368
242
288
596
966
1189
1172
1169
1332
1595
1668
1656
1518
1169
759
555
597
706
701
675
650
686
674
418
196
97
-47
-467
-691
-872
-1021
-956
-917
-811
-631
-605
-756
-612
-603
-582
-736
-1248
-1811
-2146
-2108
-1634
-836
527
2179
3608
4560
4915
4576
3716
2454
768
-1071
-2874
-4209
-4924
-5091
-4665
-3585
-2051
-387
1311
2671
3321
3369
2969
1977
664
-899
-2719
-4175
-5075
-5271
-4783
-3889
-2715
-1462
-333
595
1182
1190
899
321
-679
-1912
-3179
-4182
-4877
-5196
-4926
-4280
-3477
-2655
-1758
-958
-286
70
-11
-265
-903
-1614
-2201
-2808
-3371
-3795
-3942
-3853
-3508
-2995
-2473
-1891
-1562
-1482
-1522
-1668
-1891
-2225
-2437
-2517
-2412
-2259
-2094
-1804
-1332
-973
-686
-413
-313
-275
-376
-534
-756
-1020
-1144
-1038
-916
-817
-584
-319
-78
242
611
957
1223
1241
1200
1161
969
582
-14
-805
-1662
-2622
-3405
-3840
-3992
-3759
-3300
-2710
-1980
-1124
-208
497
945
1129
1040
729
115
-731
-1516
-2106
-2554
-2642
-2610
-2258
-1491
-559
246
919
1497
1795
1945
1681
1295
776
137
-464
-1114
-1569
-1708
-1415
-935
-431
-63
282
801
1191
1130
978
961
934
493
58
-82
-156
-152
-113
53
368
653
911
1161
1469
1635
1777
1842
1655
1472
1481
1426
1220
1193
1025
963
1091
1254
1334
1336
1197
1019
900
649
414
228
237
264
261
221
341
672
871
850
853
811
743
640
397
-124
-667
-800
-567
