-5437
-5220
-4874
-4499
-4403
-4407
-4475
-4755
-5039
-5181
-5125
-5124
-5262
-5305
-5321
-5306
-5127
-4890
-4790
-4535
-4268
-4203
-4122
-4176
-4225
-4535
-5204
-5979
-7019
-7946
-8510
-9021
-9562
-9676
-9273
-8548
-7798
-7044
-6153
-5182
-4375
-3919
-3976
-4382
-4937
-5557
-6347
-7173
-7519
-7450
-7006
-6349
-5537
-4576
-3655
-2799
-1963
-1456
-1367
-1511
-1885
-2497
-3264
-4008
-4499
-4859
-4862
-4425
-4023
-3505
-2930
-2524
-2093
-1836
-1717
-2012
-2847
-3804
-4603
-5025
-5244
-5022
-4061
-2905
-1788
-938
-801
-1347
-2651
-4312
-6130
-8033
-9786
-11340
-12103
-11921
-11044
-9457
-7651
-6145
-5254
-5077
-5386
-6186
-7349
-9037
-10952
-12438
-13296
-13318
-12560
-10822
-8429
-5649
-3154
-1201
199
840
764
131
-890
-2135
-3599
-4987
-6067
-5943
-4537
-2468
230
3289
6012
7766
8520
8324
7059
4859
2299
-411
-3095
-5551
-7355
-7920
-7317
-5774
-3600
-1316
633
1986
2575
2330
1173
-649
-2924
-5512
-7895
-9902
-11127
-11379
-10737
-9366
-7608
-5794
-4279
-3442
-3245
-3404
-4135
-5491
-7186
-9139
-10994
-12465
-13203
-13336
-12916
-12018
-10937
-9477
-7990
-6756
-5927
-5629
-5855
-6595
-7582
-8786
-10272
-11448
-12156
-12652
-12605
-12174
-11302
-10225
-8979
-7683
-6703
-5938
-5226
-4820
-4600
-4596
-4739
-4635
-4275
-3767
-3381
-2823
-2229
-1579
-1060
-668
-366
-212
-253
-496
-816
-1056
-1396
-1570
-1616
-1484
-1198
-1110
-1152
-1143
-1037
-1103
-1501
-1952
-2175
-2376
-2718
-3118
-3610
-4249
-4759
-5333
-5856
-6301
-6526
-6432
-6125
-5614
-5065
-4298
-3620
-3048
-2728
-2769
-2928
-3606
-4549
-5478
-6392
-7224
-7881
-8255
-8519
-8364
-7735
-7067
-6318
-5488
-4654
-4168
-4052
-4188
-4639
-5136
-5637
-6068
-6298
-6339
-6116
-5667
-4998
-4113
-3086
-2039
-1198
-615
-35
588
834
969
1157
1242
885
47
-881
-1851
-2887
-3837
-4457
-4472
-3648
-1988
137
2064
3622
4601
5049
4958
4228
2873
1057
-952
-2661
-3661
-3734
-2959
-1414
433
2304
4074
5577
6213
6093
5680
4583
2913
1195
-264
-1343
-1733
-1340
-96
1762
3773
5555
6890
7697
7991
8275
8401
8453
8501
8570
8583
8424
7925
7339
6564
5487
4357
3022
1712
547
-362
-711
-635
-115
701
1742
2968
3826
4530
4901
4702
4091
2995
1738
574
-722
-1864
-2512
-2601
-2470
-2063
-1532
-901
-220
274
529
433
11
-694
-1605
-2621
-3597
-4368
-4939
-5217
-5305
-5126
-4844
-4634
-4532
-4381
-4211
-4422
-4850
-4922
-4981
-5242
-5518
-5429
-5256
-5075
-4886
-4758
-4499
-4353
-4327
-4384
-4499
-4526
-4655
-4762
-4794
-4639
-4531
-4321
-3700
-3163
-2666
-2145
-1574
-1051
-689
-640
-812
-1026
-1233
-1706
-2362
-2772
-2997
-3197
-3226
-2963
-2765
-2451
-2125
-1908
-1655
-1490
-1437
-1426
-1518
-2064
-2953
-4007
-5290
-6716
-8005
-9059
-9980
-10501
-10545
-10229
-9677
-8829
-7591
-6327
-5598
-5318
-5088
-5098
-5540
-6412
-7424
-8455
-9408
-10113
-10447
-10603
-10351
-9589
-8708
-7782
-7167
-6617
-6171
-6179
-6338
-6650
-7070
-7661
-8293
-8659
-8892
-8867
-8765
-8465
-7945
-7263
-6488
-5643
-4891
-4557
-4143
-3674
-3432
-3559
-3509
-3310
-3065
-2718
-2293
-1951
-1723
-1412
-1069
-786
-603
-547
-646
-786
-879
-1017
-1210
-1188
-1174
-1369
-1473
-1402
-1267
-1247
-1219
-1147
-1385
-1753
-2120
-2576
-2911
-3219
-3246
-3270
-3189
-3026
-2891
-2818
-2652
-2520
-2373
-2300
-2506
-2815
-3414
-4193
-4627
-4606
-4206
-3187
-1981
-559
468
849
852
289
-806
-2421
-4018
-5656
-6850
-7696
-8340
-8458
-7651
-6206
-4593
-3317
-2488
-1895
-1842
-2565
-3683
-4981
-6378
-7695
-8939
-9750
-9792
-9229
-8395
-7264
-5781
-4409
-3349
-2730
-2356
-2595
-3431
-4554
-5639
-6765
-7656
-8294
-8513
-8514
-7959
-7015
-5940
-4756
-3940
-3544
-3146
-3159
-3494
-4005
-4686
-5357
-5970
-6599
-7177
-7389
-7170
-6802
-6227
-5718
-5253
-4813
-4605
-4647
-4906
-5205
-5456
-5761
-6052
-6415
-6677
-6658
-6383
-6161
-5811
-5420
-5224
-5257
-5451
-5598
-5950
-6357
-6571
-6689
-6672
-6709
-6598
-6535
-6385
-6093
-5798
-5647
-5489
-5280
-5116
-5142
-5308
-5541
-5913
-6594
-7732
-8781
-9779
-10695
-11340
-11616
-11516
-11082
-10382
-9396
-8379
-7395
-6453
-5875
-5766
-5707
-5963
-6730
-7655
-8491
-9140
-9653
-9831
-9504
-8945
-7982
-6941
-5934
-4965
-4245
-3716
-3465
-3565
-3654
-4029
-4684
-5198
-5723
-6006
-5861
-5617
-5369
-4845
-3972
-3227
-2570
-1888
-1423
-1139
-1121
-1275
-1402
-1451
-1453
-1470
-1323
-985
-719
-431
47
393
702
971
1354
1470
1355
1332
1303
1208
1085
885
805
746
644
617
537
356
177
160
47
-233
-506
-598
-822
-1019
-924
-659
-493
-541
-477
-266
-99
-22
71
95
20
-500
-1301
-1932
-2005
-1357
-183
1162
2407
3775
4763
4918
4586
3824
2664
1264
-246
-1496
-2417
-2980
-3071
-2460
-1417
-120
1203
2382
3153
3332
2981
2074
962
-321
-1612
-2762
-3642
-3927
-3614
-2861
-2047
-1019
225
1188
1742
1864
1732
1238
291
-705
-1891
-2989
-3718
-3955
-3889
-3552
-2838
-1974
-1110
-309
223
518
370
-59
-576
-1257
-2176
-2970
-3597
-3966
-4038
-3774
-3258
-2721
-2376
-2177
-1931
-1419
-1422
-1758
-2150
-2475
-2794
-3128
-3257
-3318
-3138
-2925
-2694
-2328
-2089
-1849
-1694
-1763
-1816
-1922
-2106
-2400
-2617
-2664
-2760
-2857
-2918
-2750
-2518
-2268
-2084
-1947
-1890
-1898
-1916
-1953
-2157
-2554
-3143
-3871
-4627
-5683
-6667
-7241
-7733
-7866
-7669
-7234
-6502
-5608
-4634
-3693
-2928
-2489
-2679
-3068
-3711
-4616
-5606
-6482
-7084
-7395
-7327
-6789
-5874
-4834
-4020
-3173
-2493
-2088
-1902
-1922
-2007
-2418
-3046
-3693
-4166
-4392
-4510
-4424
-4159
-3572
-2777
-2096
-1420
-844
-307
-198
-204
-322
-391
-547
-789
-879
-896
-734
-647
-375
-15
273
721
1164
1423
1588
1641
1583
1463
1426
1348
1106
908
808
833
935
1020
1000
801
610
349
63
-72
-51
-172
-489
-669
-688
-570
-471
-492
-548
-368
-259
-214
-271
-338
-710
-1418
-2058
-2393
-2308
-1637
-423
1183
2591
3722
4211
3896
3192
2176
788
-657
-2099
-3177
-4014
-4375
-3991
-3125
-1877
-497
680
1480
1931
1983
1252
129
-1274
-2831
-4282
-5431
-6040
-6006
-5312
-4148
-2969
-1944
-1043
-315
74
91
-395
-1107
-2022
-3133
-4233
-4990
-5526
-5730
-5479
-4792
-3842
-2839
-2113
-1556
-1212
-1222
-1587
-1986
-2564
-3433
-4409
-5139
-5587
-5609
-5549
-5374
-5124
-4576
-3993
-3482
-3133
-3142
-3287
-3647
-3955
-4301
-4624
-4959
-5147
-5078
-4818
-4672
-4466
-4096
-3836
-3504
-3312
-3431
-3538
-3896
-4126
-4353
-4519
-4595
-4629
-4671
-4606
-4425
-4261
-4119
-3918
-3767
-3583
-3489
-3687
-3843
-4113
-4730
-5714
-6593
-7412
-8274
-9097
-9727
-9973
-9793
-9396
-8874
-7921
-6772
-5919
-5248
-4676
-4291
-4534
-5206
-5918
-6890
-7928
-8526
-8778
-8768
-8579
-8095
-7130
-5863
-4736
-3917
-3542
-3347
-3205
-3189
-3426
-3864
-4420
-4921
-5354
-5676
-5527
-5125
-4627
-4043
-3309
-2506
-1823
-1345
-1068
-876
-742
-767
-801
-899
-984
-942
-874
-896
-724
-187
321
686
956
1174
1211
1260
1316
1339
1357
1335
1281
1215
1219
1380
1300
1167
1156
1055
899
603
520
478
412
229
-31
-131
-177
-45
18
-57
-89
83
339
296
162
257
11
-666
-1406
-1992
-2076
-1450
-468
866
2262
3396
4029
4169
3886
3205
2041
446
-1025
-2072
-2750
-3052
-2804
-2045
-947
219
1385
2392
2930
2835
2215
1393
112
-1308
-2543
-3328
-3703
-3883
-3534
-2756
-1683
-618
418
1253
1744
1856
1623
946
-2
-981
-1974
-3015
-3672
-3543
-3094
-2504
-1764
-815
-26
603
884
1048
1037
478
-322
-1194
-1907
-2510
-2989
-3150
-3071
-2910
-2756
-2163
-1501
-1106
-787
-648
-628
-842
-1327
-1959
-2583
-2988
-3161
-3091
-2860
-2699
-2530
-2219
-1919
-1653
-1521
-1540
-1808
-2016
-2208
-2421
-2662
-2858
-2962
-2910
-2763
-2593
-2493
-2429
-2210
-1931
-1915
-1932
-1901
-1958
-2228
-2797
-3468
-4252
-5222
-6300
-6959
-7537
-7895
-8079
-7881
-7232
-6250
-5133
-4024
-3283
-2877
-2720
-2918
-3258
-3961
-4891
-5561
-6159
-6675
-6841
-6651
-6147
-5149
-4095
-3343
-2564
-1925
-1429
-1171
-1308
-1678
-1973
-2499
-2970
-3463
-3785
-3784
-3587
-3154
-2409
-1632
-1013
-415
133
511
728
719
577
445
368
279
263
273
338
596
888
1229
1540
1862
2228
2410
2474
2467
2270
2093
1888
1865
1878
1836
1848
1706
1584
1470
1504
1454
1359
1273
1098
907
759
540
470
439
504
567
518
588
663
664
614
660
651
518
146
-391
-651
-583
118
1202
2556
4090
5347
6127
6263
5611
4396
2894
1335
-252
-1831
-3132
-3838
-3629
-2610
-1128
596
2060
3232
3915
4122
3655
2858
1582
-35
-1712
-3139
-4043
-4598
-4573
-3773
-2771
-1517
-389
610
1456
1756
1538
1042
246
-998
-2314
-3326
-4029
-4580
-4734
-4272
-3497
-2539
-1583
-756
-159
107
77
-287
-803
-1416
-2303
-3209
-3835
-4233
-4444
-4326
-4266
-3919
-3446
-2876
-2583
-2471
-2507
-2613
-2783
-3061
-3204
-3366
-3725
-3867
-3623
-3383
-3079
-2677
-2147
-1930
-1924
-1745
-1669
-2025
-2373
-2553
-2776
-2984
-3148
-3211
-2899
-2363
-2056
-2084
-2136
-1864
-1674
-1757
-1841
-1994
-1990
-2243
-2805
-3823
-4983
-5865
-6474
-7140
-7678
-7835
-7688
-7268
-6344
-5205
-4135
-3226
-2600
-2313
-2447
-2981
-3672
-4472
-5339
-6083
-6704
-7108
-7046
-6602
-5849
-5058
-4129
-3038
-2264
-2033
-2019
-2093
-2212
-2563
-2922
-3564
-4119
-4509
-4510
-4058
-3555
-3235
-2819
-1968
-1191
-528
-2
226
399
331
132
4
-96
-305
-325
-79
153
328
723
1247
1671
1960
2141
2195
2241
2177
2210
2193
2090
2154
2121
1918
1782
1849
1842
1798
1826
1713
1513
1274
1094
1065
1034
838
685
652
676
731
883
961
1007
1040
1145
1207
1151
813
118
-619
-1145
-1029
-167
981
2241
3630
4619
5062
4831
4155
3315
2036
616
-812
-2043
-2706
-2754
-2306
-1284
50
1427
2544
3325
3637
3463
2734
1567
106
-1267
-2418
-3289
-3782
-3811
-3345
-2249
-1090
101
1180
1886
2305
2207
1791
1136
324
-776
-1878
-2725
-3385
-3578
-3153
-2303
-1340
-533
261
813
1250
1551
1368
757
-140
-965
-1725
-2398
-2775
-2790
-2654
-2443
-2140
-1667
-1199
-715
-372
-318
-556
-830
-1033
-1470
-1814
-2106
-2269
-2319
-2251
-2134
-1811
-1418
-1289
-1162
-1113
-1105
-1306
-1555
-1801
-2150
-2379
-2315
-2258
-2127
-2072
-2003
-1824
-1590
-1406
-1441
-1423
-1477
-1626
-1621
-1726
-2267
-3179
-4133
-5072
-6025
-6800
-7080
-7169
-7167
-7005
-6430
-5435
-4485
-3728
-2928
-2341
-2199
-2328
-2787
-3513
-4325
-5276
-5936
-6244
-6275
-5861
-5323
-4593
-3646
-2533
-1533
-857
-504
-473
-619
-1074
-1561
-2016
-2628
-3070
-3222
-2921
-2539
-1967
-1271
-622
-131
444
1209
1632
1749
1548
1431
1277
1164
1298
1352
1316
1366
1669
2068
2506
2826
3164
3514
3581
3629
3740
3642
3449
3339
3291
3261
3233
3029
3057
3212
3050
2965
3068
2988
2598
2274
2148
2299
2276
2036
1871
1804
1846
1959
2148
2245
2345
2342
2330
2181
1740
1140
480
191
270
924
2126
3576
5064
6199
6767
6776
6156
5097
3664
2340
1057
-99
-857
-1218
-966
-249
1003
2449
3641
4482
5015
5044
4467
3585
2310
877
-497
-1649
-2354
-2474
-2012
-1184
-187
846
1852
2652
3118
3098
2789
2260
1297
171
-953
-1854
-2431
-2663
-2390
-1684
-897
-72
740
1329
1618
1635
1612
1299
593
-199
-971
-1751
-2319
-2584
-2496
-2209
-1810
-1347
-701
-177
-86
-128
-111
-349
-730
-1208
-1616
-1811
-1933
-2038
-2000
-1743
-1368
-1024
-716
-604
-588
-609
-747
-987
-1174
-1337
-1426
-1696
-1874
-1932
-1777
-1430
-1028
-863
-892
-782
-626
-587
-600
-642
-1110
-1615
-2072
-2800
-3683
-4771
-5726
-6465
-6632
-6476
-6295
-5716
-4822
-4051
-3300
-2445
-1862
-1459
-1461
-1854
-2597
-3306
-3999
-4699
-5290
-5600
-5589
-5128
-4418
-3619
-2607
-1703
-902
-475
-479
-510
-863
-1400
-1831
-2097
-2504
-2837
-2758
-2531
-2116
-1575
-956
-248
270
723
1116
1252
1152
1065
885
705
476
509
759
955
1162
1528
1976
2282
2556
2811
2929
2912
2874
2818
2754
2691
2570
2402
2462
2424
2288
2411
2431
2273
2256
2156
1981
1637
1424
1361
1239
1126
1205
1212
1106
1104
1162
1267
1326
1422
1517
1512
1235
728
133
-407
-568
-167
863
2343
3787
5062
5827
5883
5459
4739
3659
2173
680
-571
-1599
-2192
-2128
-1542
-387
950
2283
3359
4039
4116
3721
2832
1904
621
-797
-2142
-3291
-3790
-3555
-2584
-1401
-397
627
1461
2055
2245
2050
1511
672
-444
-1393
-2050
-2718
-3055
-3134
-2679
-1985
-1121
-59
694
1237
1364
1251
970
341
-366
-1109
-1820
-2329
-2686
-2897
-2896
-2655
-2109
-1480
-894
-519
-405
-406
-644
-974
-1390
-1577
-1798
-2119
-2264
-2186
-1960
-1442
-1033
-750
-502
-346
-212
-243
-460
-843
-1252
-1465
-1567
-1486
-1522
-1598
-1501
-1180
-840
-603
-538
-590
-560
-546
-568
-779
-1083
-1550
-2444
-3444
-4416
-5133
-5799
-6083
-6157
-6022
-5615
-4895
-3860
-2982
-2182
-1498
-1175
-1061
-1330
-1972
-2673
-3542
-4293
-4859
-5138
-5038
-4774
-4074
-3161
-2192
-1174
-463
158
428
323
52
-326
-763
-1242
-1576
-1774
-1703
-1553
-1290
-893
-522
209
1084
1808
2212
2425
2551
2404
2087
2077
2175
2173
2178
2197
2423
2836
3184
3409
3748
3921
3965
4090
4305
4334
4251
4183
4006
3867
3702
3751
3840
3763
3695
3722
3540
3435
3386
3332
3088
2851
2523
2313
2375
2575
2697
2698
2709
2752
2788
2873
2978
2835
2593
2308
1821
1221
933
1147
1898
3100
4567
5905
6787
7184
7048
6383
5254
3860
2600
1469
393
-465
-766
-220
792
2122
3441
4543
5423
5700
5320
4629
3507
2154
884
-63
-914
-1610
-1824
-1290
-351
793
1895
2812
3548
3800
3643
3282
2557
1726
749
-258
-1228
-1807
-1699
-1301
-689
66
977
1783
2295
2611
2629
2445
1957
1267
537
-313
-1008
-1518
-1549
-1315
-1100
-844
-391
106
675
1059
961
614
268
2
-226
-584
-863
-1061
-1078
-988
-573
-196
117
423
696
747
737
499
217
65
-289
-641
-885
-851
-669
-377
-63
113
226
274
253
222
156
48
109
-132
-668
-1423
-2303
-3273
-4204
-4928
-5371
-5621
-5425
-4869
-4035
-3394
-2720
-1841
-988
-592
-645
-951
-1251
-1799
-2670
-3434
-4025
-4351
-4465
-4226
-3585
-2804
-1933
-1144
-380
176
375
569
580
181
-397
-933
-1337
-1609
-1803
-1746
-1469
-902
-240
307
988
1610
1975
2123
2134
1989
1827
1426
1168
1105
1336
1816
2229
2628
2847
2784
2624
2300
1892
1446
967
466
380
732
1358
2210
2940
3580
3992
4162
3918
3271
2394
1649
913
330
21
118
881
2030
3296
4542
5592
6340
6586
6525
6010
5329
4622
3869
3207
2793
2507
2582
3157
4069
5467
7029
8467
9615
10081
9933
9244
8014
6430
4720
3115
1777
965
611
777
1558
2618
3849
4912
5559
5819
5708
5194
4184
2914
1633
415
-650
-1477
-1948
-1872
-1368
-612
462
1585
2377
2826
2817
2447
1891
1078
39
-1046
-2073
-2734
-3115
-3174
-3002
-2466
-1456
-655
145
650
901
1063
890
257
-482
-1252
-1776
-2226
-2572
-2648
-2346
-1783
-1196
-670
-78
555
891
1056
944
835
724
534
309
102
56
281
566
805
1173
1609
1970
2051
1925
1937
1912
1557
1193
843
724
676
605
687
844
849
1000
1136
1148
1114
1270
1265
1086
791
484
-32
-578
-1307
-2287
-3304
-4190
-4797
-5192
-5328
-5169
-4735
-4024
-3192
-2430
-1776
-1200
-939
-1071
-1553
-2256
-3034
-3923
-4729
-5307
-5669
-5701
-5288
-4581
-3712
-2738
-1856
-1145
-683
-741
-1112
-1703
-2158
-2673
-3370
-3970
-4225
-4269
-4065
-3706
-3211
-2435
-1632
-1022
-518
-178
-43
-37
-271
-828
-1392
-1880
-2174
-2395
-2408
-2163
-1626
-912
-103
360
795
1213
1287
1024
537
-60
-565
-1119
-1494
-1643
-1533
-1180
-688
-100
410
662
756
521
118
-455
-1216
-1987
-2781
-3473
-3705
-3709
-3452
-2768
-2220
-1790
-1512
-1466
-1553
-2010
-3015
-4285
-5548
-6236
-6194
-5187
-3579
-1807
-187
928
1575
1403
650
-819
-2623
-4370
-6038
-7445
-8211
-8370
-7847
-6553
-4689
-2858
-1446
-377
173
69
-803
-1989
-3302
-4823
-6342
-7300
-7574
-7240
-6353
-4996
-3483
-2103
-1019
-303
216
331
-94
-929
-1984
-3089
-4008
-4820
-5256
-4930
-4308
-3573
-2502
-1419
-487
320
800
933
813
537
-104
-926
-1621
-2130
-2611
-2902
-2682
-2241
-1733
-1080
-444
31
278
249
81
-148
-529
-932
-1196
-1412
-1610
-1605
-1322
-1118
-690
-344
-174
82
451
611
294
-154
-469
-633
-784
-851
-898
-782
-511
-265
37
143
237
562
760
898
955
879
471
-46
-779
-1550
-2334
-3154
-3723
-4092
-4069
-3800
-3077
-2103
-1111
-71
769
1447
1828
1852
1741
1336
689
74
-557
-931
-1103
-1005
-570
50
990
2048
2946
3651
4185
4365
4098
3800
3399
2877
2292
1856
1653
1612
1733
1894
2276
2724
3204
3669
4039
4311
4386
4204
3916
3654
3390
3076
2892
2798
2757
2764
2938
3199
3545
3750
3759
3863
3914
3801
3638
3501
3265
3047
3001
2918
2858
2811
2840
2800
2725
2664
2644
2446
2069
1860
1829
1776
1760
1809
1692
1551
1504
1739
2046
2141
2206
2251
2232
2065
1520
586
-179
-676
-751
-438
318
1630
3052
4035
4620
4631
4194
3378
2454
1690
941
199
-44
86
521
1412
2527
3684
4725
5218
5348
5052
4337
3377
2336
1396
377
-405
-755
-475
329
1393
2750
3912
4642
4985
5082
5066
4672
3950
2985
2019
1235
628
411
572
751
1439
2465
3282
3896
4254
4411
4469
4306
3863
3065
2141
1475
893
618
885
1000
1180
1626
2128
2748
3173
3296
3260
3124
2777
2276
1815
1264
883
631
528
573
824
1072
1251
1392
1632
1830
1675
1391
1211
1028
829
690
654
559
526
689
967
1331
1632
1745
1672
1663
1911
2106
2089
1761
1262
742
-97
-1077
-1826
-2474
-2991
-3152
-3134
-2840
-2188
-1224
-262
607
1153
1537
1663
1571
1036
476
13
-498
-1119
-1504
-1478
-1184
-666
79
1115
2037
2610
2933
3067
3067
2832
2408
1836
1274
657
71
-143
3
169
461
1063
1653
1987
2428
2668
2658
2459
2191
1833
1460
1128
899
631
498
711
835
1023
1300
1430
1542
1607
1606
1459
1283
879
683
593
486
547
491
244
76
108
20
-155
-207
-179
-402
-656
-942
-1198
-1329
-1367
-1457
-1537
-1423
-1236
-1087
-1151
-1194
-1202
-1116
-1136
-1305
-1553
-1756
-1620
-1120
-20
1431
2927
4340
5493
5904
5359
4210
2718
888
-1232
-3261
-4836
-5819
-6106
-5423
-3909
-2027
-74
1703
3037
3882
3860
3320
2344
848
-896
-2759
-4448
-5645
-6138
-5881
-5023
-3843
-2421
-1013
211
1013
1330
1158
432
-628
-1952
-3319
-4466
-5514
-5957
-5870
-5316
-4290
-3314
-2375
-1521
-828
-358
-423
-663
-1037
-1616
-2613
-3426
-4097
-4593
-4803
-4766
-4364
-3888
-3301
-2897
-2697
-2371
-2166
-2284
-2626
-2749
-2711
-2659
-2547
-2500
-2276
-1823
-1355
-928
-668
-426
-362
-327
-348
-509
-713
-853
-987
-991
-910
-721
-510
-166
250
512
623
823
1041
1172
1176
982
614
157
-395
-1406
-2455
-3094
-3691
-4200
-4384
-4071
-3691
-3168
-2350
-1333
-375
390
913
1085
801
225
-443
-1249
-1947
-2586
-3130
-3129
-2830
-2511
-1709
-931
-213
524
1183
1607
1568
1279
908
289
-567
-1330
-1836
-2103
-2192
-2014
-1570
-1031
-695
-139
463
758
854
859
732
432
150
-49
-251
-343
-282
-219
-132
99
261
529
692
801
972
1244
1353
1350
1324
1221
981
953
988
975
1042
956
1016
1134
1079
884
614
403
148
-80
-106
-79
70
39
-29
15
141
274
322
482
721
799
549
55
-617
-1146
-1234
-1210
