-5006
-4564
-4126
-4053
-4144
-3979
-3925
-4097
-4297
-4528
-4603
-4821
-4968
-4984
-4864
-4504
-4340
-4250
-4292
-4056
-3560
-3333
-3331
-3459
-3680
-4182
-4865
-5594
-6486
-7335
-7949
-8463
-8768
-8894
-8704
-8201
-7327
-6220
-5326
-4523
-3841
-3406
-3392
-3936
-4552
-5348
-6159
-6940
-7328
-7326
-7069
-6476
-5532
-4382
-3264
-2476
-1988
-1632
-1506
-1722
-2091
-2812
-3726
-4333
-4781
-5068
-5076
-4986
-4615
-3933
-3199
-2554
-2190
-2116
-2285
-2605
-3201
-4129
-4917
-5403
-5393
-5078
-4377
-3179
-2069
-1098
-752
-1251
-2514
-4190
-6174
-8278
-9993
-11210
-11710
-11448
-10814
-9528
-7967
-6484
-5345
-4811
-5104
-6042
-7418
-9084
-10933
-12426
-13387
-13404
-12476
-10598
-8407
-5677
-2932
-831
628
1225
1112
377
-799
-2045
-3445
-4952
-5981
-6378
-5550
-3539
-858
2117
4902
6889
7827
7614
6458
4693
2369
-218
-2696
-4632
-6223
-6880
-6552
-5456
-3534
-1505
289
1491
1845
1561
452
-1408
-3721
-6148
-8328
-9949
-10842
-10890
-10169
-8783
-7082
-5465
-4191
-3408
-3010
-3346
-4301
-5611
-7350
-8959
-10487
-11870
-12485
-12530
-12045
-10964
-9646
-8282
-7024
-6014
-5328
-5198
-5709
-6536
-7602
-8844
-10087
-11119
-11869
-12258
-12080
-11621
-10660
-9420
-8089
-6747
-5711
-5180
-4804
-4481
-4242
-4053
-3954
-3996
-4044
-3838
-3408
-2827
-2065
-1506
-1260
-957
-614
-390
-362
-503
-739
-1043
-1310
-1532
-1525
-1393
-1424
-1414
-1320
-1313
-1443
-1469
-1607
-1971
-2317
-2587
-2897
-3266
-3741
-4447
-5056
-5638
-6180
-6508
-6726
-6724
-6372
-5751
-5106
-4397
-3798
-3432
-3004
-2735
-2931
-3451
-4254
-5386
-6355
-7053
-7767
-8245
-8318
-8100
-7647
-6908
-6006
-5204
-4594
-4136
-3936
-4099
-4476
-4880
-5238
-5592
-6029
-6060
-5710
-4977
-4239
-3481
-2661
-1810
-959
-165
430
891
1266
1501
1552
1379
897
95
-777
-1576
-2691
-3836
-4557
-4490
-3470
-1666
387
2173
3662
4738
5358
5325
4406
2797
938
-1006
-2868
-4029
-4047
-3287
-1828
-56
1950
3976
5470
6202
6175
5667
4603
3099
1335
-306
-1336
-1625
-1324
-116
1718
3840
5544
6639
7354
7650
7659
7475
7288
7375
7540
7680
7737
7740
7403
6555
5768
4817
3521
2215
1085
238
-310
-430
-222
518
1724
3020
3998
4515
4653
4545
4126
3172
1960
870
-332
-1473
-2401
-2620
-2259
-1821
-1108
-228
374
823
986
958
704
41
-871
-1946
-2959
-3591
-4142
-4407
-4559
-4508
-4290
-4062
-3828
-3605
-3570
-3665
-3643
-3751
-3947
-4320
-4734
-4849
-4810
-4719
-4500
-4132
-3920
-3701
-3618
-3669
-3676
-3679
-3843
-4076
-4105
-3926
-3648
-3671
-3431
-3072
-2492
-1898
-1523
-1097
-570
-339
-418
-708
-931
-1140
-1699
-2123
-2468
-2714
-2763
-2686
-2646
-2424
-2117
-1714
-1446
-1364
-1234
-1232
-1307
-1570
-2436
-3731
-5001
-6492
-8003
-9118
-9943
-10365
-10346
-10120
-9378
-8439
-7446
-6487
-5632
-5130
-4845
-4839
-5268
-5979
-6942
-7974
-8887
-9546
-9805
-9724
-9427
-8817
-7999
-7206
-6402
-5986
-5713
-5499
-5557
-5904
-6511
-7105
-7726
-8107
-8256
-8370
-8220
-7856
-7243
-6352
-5330
-4714
-4355
-3899
-3520
-3140
-2823
-2762
-2876
-2746
-2387
-1918
-1531
-1234
-900
-532
-233
64
144
74
-79
-215
-319
-517
-854
-976
-1045
-1083
-1141
-1097
-1006
-923
-1001
-1078
-1211
-1453
-1577
-1793
-2086
-2429
-2666
-2694
-2637
-2609
-2642
-2584
-2350
-2079
-1992
-1915
-1950
-2268
-2737
-3512
-4174
-4279
-3659
-2522
-1164
95
961
1509
1354
400
-837
-2243
-3830
-5376
-6707
-7574
-8070
-7965
-7127
-5721
-3986
-2519
-1607
-1267
-1363
-1821
-2754
-4148
-5738
-7274
-8428
-9075
-9113
-8681
-7611
-6376
-5045
-3891
-2878
-2271
-2100
-2521
-3118
-3843
-5018
-6395
-7472
-8049
-8184
-7951
-7285
-6435
-5491
-4488
-3690
-3113
-2813
-2752
-3208
-3953
-4674
-5515
-6182
-6771
-7090
-7019
-6623
-6101
-5643
-5086
-4632
-4380
-4271
-4290
-4554
-4823
-5296
-5718
-6001
-6241
-6308
-6242
-5926
-5518
-5203
-4927
-4754
-4757
-4932
-5178
-5683
-6026
-6229
-6449
-6509
-6336
-6349
-6324
-6139
-5824
-5434
-5322
-5260
-5126
-5061
-5156
-5192
-5430
-5891
-6671
-7743
-8781
-9681
-10303
-10876
-11271
-11153
-10694
-10123
-9291
-8222
-7151
-6243
-5758
-5511
-5406
-5915
-6764
-7688
-8406
-8952
-9529
-9678
-9423
-8929
-8009
-6754
-5550
-4522
-3741
-3377
-3246
-3402
-3746
-4138
-4684
-5181
-5484
-5590
-5790
-5700
-5230
-4549
-3675
-2867
-2329
-1845
-1359
-1106
-1065
-1191
-1352
-1454
-1606
-1617
-1451
-1183
-911
-491
-45
328
624
885
1098
1117
1093
1072
998
935
757
683
660
476
399
450
486
364
354
228
-116
-327
-418
-685
-942
-1095
-1119
-971
-855
-645
-396
-224
-157
-152
-73
-61
-235
-605
-1221
-1786
-1894
-1437
-532
915
2451
3791
4618
4864
4409
3503
2424
1196
-167
-1628
-2661
-3140
-3075
-2510
-1739
-434
1043
2344
3180
3321
3098
2044
657
-628
-2027
-3369
-4228
-4383
-4024
-3372
-2390
-1184
77
1018
1617
1802
1650
1063
157
-1054
-2175
-3098
-3835
-4358
-4341
-3817
-3065
-2295
-1416
-578
4
167
-37
-438
-1011
-1743
-2594
-3367
-3843
-4296
-4389
-4192
-3788
-3284
-2730
-2173
-1632
-1440
-1623
-1841
-2142
-2506
-2888
-3112
-3293
-3466
-3494
-3273
-2853
-2501
-2217
-2042
-1832
-1662
-1596
-1869
-2374
-2780
-3060
-3074
-2995
-2886
-2812
-2614
-2357
-2195
-2035
-1964
-1814
-1777
-1766
-1937
-2123
-2404
-3107
-3951
-4736
-5705
-6767
-7383
-7747
-7974
-7782
-7290
-6468
-5453
-4597
-3779
-3183
-2969
-2817
-3017
-3661
-4506
-5498
-6301
-6842
-7237
-7247
-6632
-5871
-4982
-3951
-3062
-2399
-1934
-1688
-1602
-1804
-2276
-2935
-3777
-4351
-4641
-4620
-4245
-3981
-3522
-2848
-2160
-1302
-731
-342
-78
-107
-275
-434
-561
-778
-791
-674
-559
-346
63
576
942
1131
1534
1801
1809
1767
1695
1509
1394
1475
1331
1200
1134
1028
1136
1174
1067
804
635
502
358
141
-46
-198
-459
-648
-691
-626
-448
-248
-56
-25
-134
-273
-238
-269
-891
-1629
-2139
-2187
-1983
-1365
-36
1594
3076
4058
4392
4193
3329
2158
899
-563
-2070
-3270
-4042
-4221
-3741
-2756
-1426
-38
1125
1844
2020
1790
1165
111
-1316
-2999
-4437
-5421
-5803
-5615
-5132
-4381
-3272
-2051
-982
-260
165
264
-179
-918
-1929
-3132
-4251
-5178
-5620
-5662
-5295
-4576
-3589
-2628
-1855
-1301
-1073
-940
-1246
-1804
-2512
-3505
-4325
-4875
-5300
-5495
-5386
-4994
-4459
-3936
-3552
-3304
-3017
-3011
-3093
-3336
-3772
-4246
-4725
-4891
-5054
-5056
-4790
-4448
-4144
-3837
-3465
-3244
-3268
-3456
-3551
-3682
-3943
-4312
-4583
-4788
-4767
-4428
-4369
-4370
-4103
-3923
-3835
-3755
-3623
-3492
-3586
-3754
-3883
-4367
-5260
-6265
-7246
-8220
-8986
-9572
-9685
-9455
-9195
-8410
-7384
-6457
-5561
-4813
-4378
-4241
-4506
-5046
-5700
-6495
-7451
-8333
-8682
-8657
-8229
-7682
-6846
-5700
-4555
-3776
-3260
-2845
-2555
-2787
-3293
-3825
-4286
-4761
-5092
-5180
-5216
-5052
-4479
-3869
-3070
-2193
-1570
-1021
-609
-339
-289
-273
-414
-746
-1012
-1012
-907
-826
-651
-172
360
779
1134
1293
1400
1432
1449
1435
1468
1484
1276
1167
1068
1057
1189
1320
1254
1089
1076
1004
712
283
120
-64
-109
-377
-402
-39
116
147
278
253
179
334
523
411
-251
-1104
-1873
-2588
-2922
-2523
-1643
-442
791
1909
2735
3075
2764
1884
971
-146
-1232
-2217
-2786
-2697
-2292
-1805
-741
583
1646
2431
2825
2653
1945
944
-263
-1385
-2563
-3609
-3997
-3924
-3413
-2524
-1157
118
935
1511
1884
1986
1811
1036
62
-938
-1843
-2579
-2916
-2705
-2377
-1754
-875
17
648
1306
1733
1636
1464
1076
239
-721
-1506
-2092
-2630
-2837
-2729
-2271
-1792
-1193
-510
73
362
313
171
-119
-466
-1056
-1715
-2110
-2572
-2948
-2973
-2759
-2461
-2224
-1968
-1967
-1930
-1858
-1847
-1890
-2125
-2472
-2727
-2976
-3075
-2974
-2917
-2855
-2752
-2790
-2663
-2398
-2248
-2164
-2185
-2299
-2537
-3005
-3697
-4454
-5308
-6182
-6921
-7463
-7669
-7989
-7799
-7158
-6451
-5655
-4634
-3614
-2999
-2779
-2990
-3408
-4197
-4936
-5578
-6178
-6603
-6683
-6489
-5855
-5054
-4116
-3016
-2107
-1510
-923
-612
-851
-1226
-1656
-2079
-2697
-3065
-3149
-3221
-2956
-2330
-1679
-952
-221
482
963
1096
1177
1213
1061
954
815
533
520
475
444
646
1065
1569
1964
2368
2570
2721
2833
2704
2624
2495
2360
2190
2013
1886
1754
1743
1777
1796
1764
1582
1478
1381
1302
998
783
564
467
469
408
470
565
653
717
647
669
783
949
725
275
175
212
481
1302
2582
4192
5647
6553
7105
7085
6213
4855
3045
1146
-694
-2332
-3525
-3971
-3711
-2621
-910
814
2600
4186
5196
5484
5041
4012
2530
616
-1356
-3047
-4108
-4586
-4432
-3828
-2875
-1629
-401
738
1581
2031
2048
1705
671
-693
-2004
-3479
-4628
-5251
-5459
-5109
-4111
-3067
-2012
-1089
-345
29
13
-275
-988
-1672
-2342
-3024
-3677
-4256
-4571
-4639
-4511
-3974
-3475
-3075
-2864
-2722
-2609
-2641
-2804
-3134
-3392
-3642
-3553
-3419
-3291
-2951
-2598
-2164
-1856
-1788
-1700
-1640
-1550
-1749
-2097
-2306
-2386
-2529
-2764
-2778
-2508
-2171
-1784
-1509
-1183
-936
-876
-905
-951
-936
-1180
-1865
-2780
-3562
-4315
-5251
-6115
-6556
-6948
-7178
-6916
-6373
-5666
-4662
-3577
-2846
-2265
-1970
-1985
-2479
-3203
-4033
-5112
-6111
-6809
-7136
-7178
-6760
-5978
-4883
-3892
-3098
-2384
-1812
-1578
-1746
-2184
-2907
-3447
-3832
-4347
-4855
-4990
-4701
-4325
-3800
-3219
-2520
-1758
-1194
-824
-627
-517
-436
-571
-837
-1028
-1144
-1147
-1001
-711
-281
200
560
892
1180
1444
1753
1868
1806
1757
1709
1652
1537
1534
1666
1812
1823
1865
1648
1327
1331
1399
1259
990
779
629
378
207
214
583
728
652
733
909
1028
967
1007
928
457
-248
-888
-1276
-1348
-975
-66
1171
2405
3309
3881
3863
3133
1932
759
-428
-1794
-2923
-3717
-3612
-2909
-1902
-556
1006
2449
3121
3132
2718
1996
1087
-312
-1767
-3195
-4434
-5033
-4895
-4160
-3084
-1911
-589
555
1409
1952
1979
1602
888
-3
-990
-1961
-2805
-3247
-3248
-2939
-2391
-1691
-662
416
1145
1572
1693
1330
586
-111
-710
-1482
-2323
-2797
-2940
-2995
-2706
-2033
-1378
-911
-524
-179
-34
-300
-484
-759
-1147
-1436
-1604
-1818
-2032
-2028
-1833
-1546
-1544
-1515
-1339
-1274
-1418
-1655
-1741
-2022
-2410
-2686
-2989
-3086
-2847
-2521
-2328
-2188
-2070
-1996
-1896
-1796
-1776
-1933
-2158
-2463
-3018
-3592
-4415
-5428
-6218
-6949
-7649
-7936
-7712
-7225
-6626
-5912
-4863
-3813
-3025
-2602
-2395
-2605
-3134
-3922
-4748
-5701
-6299
-6498
-6495
-6115
-5309
-4346
-3183
-2213
-1481
-917
-488
-279
-414
-831
-1422
-1948
-2293
-2495
-2469
-2354
-2002
-1460
-844
-90
627
1248
1820
2215
2321
2389
2280
2044
1913
1752
1682
1750
1950
2265
2591
2905
3399
3753
3921
4110
4214
4022
3815
3652
3515
3439
3379
3316
3339
3341
3369
3261
3168
3080
2818
2572
2452
2321
2160
1910
1809
1780
1722
1762
1884
2101
2245
2192
1997
1984
2063
1835
1258
582
99
98
759
1949
3426
4871
5967
6649
6673
6080
5068
3871
2474
1011
-200
-955
-1250
-1039
-293
937
2495
3764
4722
5271
5128
4539
3551
2299
1068
-198
-1426
-2145
-2237
-1967
-1071
85
1140
2225
2998
3381
3487
3342
2768
1879
753
-414
-1465
-2212
-2480
-2268
-1656
-864
23
848
1424
1915
2275
2191
1496
589
-133
-873
-1632
-2168
-2463
-2426
-2263
-1852
-1339
-870
-512
-259
-212
-266
-391
-677
-1020
-1462
-1751
-2143
-2298
-2089
-1860
-1454
-1050
-839
-513
-382
-408
-613
-886
-1198
-1484
-1733
-1836
-1922
-1883
-1778
-1659
-1431
-1292
-1166
-1045
-837
-789
-746
-724
-938
-1573
-2331
-3197
-4064
-4852
-5655
-6322
-6619
-6633
-6389
-5829
-5046
-4114
-3188
-2467
-1939
-1697
-1757
-2088
-2755
-3577
-4374
-4938
-5525
-5866
-5749
-5290
-4433
-3226
-2217
-1500
-814
-431
-391
-596
-889
-1266
-1932
-2663
-3132
-3263
-3323
-3137
-2637
-1888
-1159
-574
166
813
1037
1034
1087
1065
977
827
841
733
693
911
1076
1356
1790
2314
2618
2701
2789
2863
2911
2912
2961
2959
2737
2506
2292
2370
2586
2559
2429
2260
2261
2269
2026
1916
1813
1596
1358
1340
1370
1421
1407
1347
1464
1451
1464
1586
1822
1971
1662
1160
537
21
-129
269
1356
2641
3961
5155
6100
6396
6043
5078
3820
2630
1219
-211
-1302
-1794
-1707
-1155
-79
1391
2781
3708
4246
4292
3847
3118
2039
728
-645
-2035
-3050
-3329
-3014
-2107
-996
48
1180
2149
2726
2939
2616
1914
1043
41
-843
-1807
-2754
-3125
-2883
-2395
-1720
-846
175
983
1405
1642
1539
1014
386
-282
-1096
-1852
-2412
-2578
-2739
-2794
-2451
-1937
-1417
-848
-365
-130
-280
-546
-770
-1063
-1553
-1830
-1959
-2023
-1959
-1736
-1404
-931
-512
-241
-161
-299
-374
-488
-658
-906
-1273
-1523
-1428
-1293
-1205
-1067
-1023
-920
-803
-619
-398
-314
-262
-302
-522
-1017
-1671
-2449
-3273
-4132
-5054
-5696
-6156
-6361
-6226
-5743
-4831
-3979
-3185
-2403
-1732
-1178
-1169
-1425
-2042
-2970
-3896
-4543
-5018
-5373
-5447
-5169
-4292
-3193
-2241
-1254
-426
242
453
165
-23
-356
-971
-1523
-1979
-2162
-2164
-2054
-1582
-980
-258
415
1040
1479
1882
2135
2131
2140
1952
1898
1960
1909
1931
1936
2199
2494
2788
3109
3377
3689
3982
4185
4182
4079
4027
3958
3900
3850
3718
3739
3765
3674
3685
3777
3767
3569
3242
2924
2791
2699
2506
2496
2518
2454
2438
2555
2521
2529
2782
2988
2817
2540
2516
2217
1512
919
847
1063
1751
2935
4432
5825
6609
6949
6770
6029
4939
3771
2458
999
-78
-761
-1009
-473
554
1820
3245
4374
5027
5309
5054
4366
3319
1954
467
-775
-1530
-1857
-1817
-1378
-502
653
1847
2793
3411
3621
3514
3275
2548
1562
493
-455
-1241
-1750
-1875
-1466
-780
27
800
1449
2087
2379
2437
2181
1765
1027
236
-596
-1211
-1480
-1709
-1720
-1305
-937
-578
-138
270
579
681
600
408
79
-380
-821
-1105
-1234
-1213
-1044
-614
-364
-106
293
595
441
63
-62
-93
-274
-441
-626
-813
-873
-817
-587
-427
-236
-139
112
296
230
226
330
284
-177
-730
-1470
-2391
-3202
-3910
-4644
-5176
-5467
-5531
-5205
-4353
-3553
-2879
-1961
-1042
-485
-412
-624
-1144
-1939
-2846
-3547
-4053
-4427
-4516
-4197
-3612
-2808
-1887
-923
-106
533
894
846
407
-111
-593
-1101
-1542
-1842
-1962
-1941
-1527
-964
-376
230
722
1206
1692
2000
2060
1848
1416
1121
1004
1062
1163
1409
1892
2379
2619
2670
2562
2222
1752
1145
738
439
408
752
1431
2055
2720
3468
3906
3976
3649
3063
2332
1435
594
-88
-367
-88
694
1887
3154
4337
5461
6358
6791
6591
6037
5302
4621
3994
3329
2554
2188
2354
2882
3655
5118
6994
8600
9784
10363
10282
9490
8104
6413
4811
3229
1742
831
631
829
1531
2706
3702
4770
5635
6106
5938
5261
4242
3000
1505
146
-946
-1809
-2169
-1930
-1179
-407
517
1509
2266
2657
2650
2496
2120
1348
327
-798
-1959
-2919
-3353
-3308
-2809
-2268
-1579
-804
-67
604
927
880
477
-40
-765
-1448
-2048
-2433
-2643
-2701
-2269
-1739
-1118
-429
20
531
981
1225
1140
812
576
418
331
301
222
335
838
1351
1690
1838
1983
2063
2028
1966
1821
1630
1339
1114
1026
930
818
776
886
1302
1390
1310
1232
1221
1336
1345
1321
1064
810
529
-87
-1149
-2098
-2890
-3879
-4575
-4965
-4917
-4605
-4272
-3673
-2803
-1971
-1252
-749
-602
-788
-1300
-2088
-2777
-3538
-4348
-5040
-5242
-5125
-4646
-3937
-3011
-2243
-1526
-1004
-659
-588
-671
-987
-1511
-2227
-3011
-3541
-3927
-3965
-3794
-3372
-2874
-2277
-1479
-843
-273
66
382
626
416
-51
-721
-1281
-1736
-1919
-1911
-1750
-1250
-496
176
874
1352
1590
1726
1612
1269
741
-30
-676
-1067
-1120
-993
-741
-440
115
564
866
1070
1065
631
-216
-1110
-1827
-2353
-2787
-3044
-3052
-2840
-2466
-1958
-1609
-1322
-1216
-1230
-1467
-2263
-3598
-4979
-5768
-5820
-4923
-3318
-1541
155
1423
1934
1667
904
-389
-2146
-4039
-5916
-7316
-7918
-7901
-7516
-6432
-4728
-2807
-1137
-29
527
409
-542
-1783
-3214
-4819
-6209
-7275
-7563
-7179
-6386
-5182
-3731
-2287
-1086
-195
350
446
-20
-776
-1606
-2733
-3784
-4474
-4765
-4608
-4258
-3608
-2369
-994
48
580
983
1185
881
348
-351
-1016
-1716
-2333
-2608
-2795
-2690
-2176
-1542
-996
-570
-84
246
504
377
22
-425
-852
-1152
-1378
-1392
-1342
-1269
-1018
-672
-258
30
160
231
145
134
11
-411
-923
-1145
-1170
-1108
-964
-683
-270
127
361
545
761
1047
1148
1076
871
467
-37
-683
-1548
-2405
-3107
-3630
-3878
-3942
-3649
-2948
-2031
-1073
-246
570
1380
2013
2116
1800
1288
635
-93
-630
-947
-967
-840
-531
152
1214
2196
3019
3808
4376
4674
4493
4084
3516
2714
1987
1589
1283
1121
1141
1446
2058
2799
3255
3630
4007
4274
4380
4229
4060
3791
3411
2967
2824
2720
2712
2894
3246
3411
3570
3835
4070
4143
4014
3788
3835
3695
3507
3351
3154
2958
2874
2901
2886
2756
2676
2801
2770
2420
2179
1982
1816
1639
1450
1507
1592
1383
1372
1505
1603
1679
2010
2202
2140
1798
1300
782
242
-141
-212
466
1663
3030
4361
5307
5734
5790
5369
4379
3166
1971
932
135
-362
-270
187
1073
2321
3634
4684
5354
5497
5295
4674
3755
2578
1440
423
-314
-824
-744
-49
998
2179
3368
4263
4897
5086
4882
4443
3727
2719
1693
807
171
-207
-169
360
934
1883
2816
3420
3908
4192
4155
3845
3382
2722
1958
1248
731
393
165
123
509
1254
1809
2159
2557
2839
2918
2685
2310
1973
1544
1206
907
703
537
626
898
1248
1589
1904
2056
2078
2151
2056
1907
1700
1469
1140
1051
1114
1158
1217
1509
1974
2036
1962
2238
2525
2574
2427
2220
1922
1524
970
139
-847
-1683
-2237
-2657
-2753
-2545
-2030
-1416
-721
95
893
1465
1771
1900
1703
1278
697
57
-472
-963
-1456
-1666
-1423
-615
324
1196
1937
2606
3154
3321
3238
2949
2608
2020
1202
598
102
-111
-95
32
227
684
1206
1762
2231
2386
2450
2500
2002
1431
1169
953
523
347
458
635
537
632
1061
1357
1733
1928
1867
1727
1568
1363
1184
1025
854
757
602
393
399
465
445
431
386
115
-141
-422
-716
-905
-1111
-1079
-1129
-1041
-915
-821
-857
-876
-770
-763
-670
-823
-1248
-1687
-2162
-2257
-1889
-993
267
1890
3526
4614
5019
4690
3982
2870
1431
-328
-2007
-3351
-4459
-4828
-4426
-3354
-1717
-94
1500
2701
3186
3090
2598
1740
465
-1205
-2860
-4385
-5179
-5374
-5199
-4384
-3109
-1750
-444
616
1342
1596
1322
513
-688
-1905
-3016
-4015
-4885
-5445
-5487
-4697
-3468
-2411
-1459
-558
133
382
284
-100
-806
-1567
-2263
-3099
-3667
-3860
-3871
-3624
-3182
-2745
-2257
-1800
-1426
-1310
-1129
-1209
-1638
-1996
-2290
-2439
-2523
-2369
-2012
-1583
-1143
-819
-449
-115
76
85
-72
-341
-671
-855
-971
-1005
-1189
-1165
-863
-453
-171
200
472
760
890
906
1000
973
680
80
-739
-1503
-2268
-3051
-3856
-4498
-4628
-4565
-4243
-3473
-2569
-1702
-902
-42
590
878
771
424
-154
-931
-1911
-2610
-2979
-3078
-2890
-2299
-1472
-743
91
879
1555
1968
2017
1865
1331
651
-12
-741
-1265
-1567
-1635
-1501
-1081
-537
69
668
921
1157
1431
1412
1145
900
875
638
359
76
-89
48
257
518
817
1136
1429
1509
1463
1533
1576
1548
1376
1129
1041
1025
1022
1005
927
964
1012
803
571
483
272
-2
-110
-52
-16
-120
-181
-100
-15
106
85
134
389
386
374
433
307
-231
-614
-754
-756
-312
