-5406
-5202
-4913
-4610
-4409
-4331
-4382
-4745
-5012
-5101
-5268
-5649
-5779
-5722
-5616
-5289
-5021
-4771
-4532
-4506
-4494
-4371
-4212
-4076
-4173
-4805
-5531
-6269
-7057
-7693
-8424
-9125
-9449
-9489
-9226
-8442
-7575
-6747
-5940
-5062
-4386
-3924
-3839
-4254
-5007
-5933
-6710
-7213
-7450
-7437
-7100
-6548
-5842
-4893
-3979
-3010
-2199
-1832
-1743
-1715
-2094
-2780
-3498
-4136
-4773
-5218
-5089
-4761
-4256
-3652
-3117
-2844
-2414
-2053
-2101
-2356
-2929
-3722
-4531
-5119
-5276
-5013
-4217
-3363
-2358
-1401
-1165
-1712
-2967
-4591
-6410
-8374
-10192
-11582
-12263
-11945
-10924
-9589
-8131
-6790
-5695
-5131
-5282
-6183
-7598
-9453
-11171
-12496
-13367
-13366
-12343
-10712
-8550
-5881
-3376
-1408
104
820
729
7
-1191
-2487
-4009
-5363
-6237
-6169
-4796
-2728
-86
2823
5441
7283
8062
7886
6671
4622
1946
-808
-3519
-6041
-7793
-8495
-7831
-6192
-4163
-1891
38
1569
2384
2153
1043
-599
-2709
-5165
-7630
-9822
-11144
-11324
-10757
-9813
-8175
-6365
-4888
-3878
-3331
-3400
-4209
-5568
-7153
-9024
-10846
-12336
-13232
-13561
-13252
-12365
-11200
-9771
-8422
-7388
-6613
-6106
-6217
-6993
-8000
-9167
-10258
-11358
-12194
-12636
-12500
-12088
-11205
-10152
-9074
-7915
-6904
-6173
-5590
-5191
-4825
-4730
-4766
-4718
-4674
-4403
-3938
-3393
-2747
-2200
-1604
-1138
-948
-877
-847
-1030
-1228
-1522
-1719
-2004
-2096
-2040
-1951
-1771
-1576
-1500
-1604
-1764
-1863
-2128
-2280
-2590
-2927
-3265
-3738
-4308
-5071
-5737
-6099
-6481
-6840
-6895
-6586
-5982
-5176
-4508
-3819
-3125
-2560
-2490
-2855
-3514
-4289
-5289
-6151
-7092
-8137
-8696
-8782
-8492
-8066
-7378
-6515
-5716
-5114
-4722
-4406
-4309
-4590
-5111
-5769
-6278
-6533
-6521
-6312
-5973
-5412
-4523
-3480
-2368
-1274
-408
221
728
1111
1226
1125
867
509
-189
-1129
-2225
-3425
-4582
-5258
-5107
-4169
-2549
-550
1244
2823
4047
4779
4772
3922
2429
467
-1480
-3209
-4271
-4487
-3942
-2565
-493
1744
3631
5132
5999
6095
5539
4352
2914
1250
-212
-1316
-1846
-1588
-539
1313
3487
5369
6615
7443
7964
8069
8035
8211
8322
8208
8075
7888
7436
6765
6058
5299
4249
2978
1737
715
-70
-632
-864
-593
212
1278
2385
3357
4155
4412
4380
4075
3256
2032
720
-627
-1718
-2364
-2775
-2857
-2518
-2069
-1523
-847
-366
-75
-172
-430
-950
-1797
-2611
-3503
-4476
-5172
-5410
-5375
-5299
-5078
-4776
-4692
-4681
-4495
-4374
-4458
-4709
-4976
-5163
-5326
-5596
-5487
-5162
-4911
-4746
-4581
-4408
-4450
-4565
-4579
-4557
-4683
-4858
-4860
-4661
-4377
-4077
-3663
-3262
-2757
-2196
-1686
-1149
-789
-627
-601
-845
-1269
-1670
-1978
-2359
-2773
-2944
-2953
-2962
-2743
-2381
-2089
-1727
-1334
-1038
-835
-922
-1266
-1739
-2436
-3533
-4917
-6295
-7486
-8583
-9496
-10157
-10299
-10033
-9403
-8553
-7384
-6333
-5617
-4918
-4431
-4648
-5272
-5999
-6852
-7992
-9177
-10115
-10552
-10517
-10099
-9505
-8728
-7827
-6702
-5877
-5631
-5681
-5716
-6002
-6604
-7133
-7758
-8349
-8788
-8770
-8323
-8000
-7369
-6506
-5902
-5297
-4700
-4067
-3659
-3511
-3242
-2999
-3085
-2998
-2652
-2300
-1989
-1622
-1223
-909
-738
-605
-443
-197
-34
-163
-432
-708
-916
-1053
-1179
-1299
-1241
-1097
-1025
-951
-929
-974
-1143
-1416
-1638
-1783
-2099
-2523
-2778
-2751
-2710
-2868
-2805
-2480
-2128
-1995
-1967
-1905
-1867
-2064
-2618
-3405
-3938
-4059
-3786
-2939
-1579
-227
630
1157
1276
464
-829
-2288
-3751
-5169
-6540
-7726
-8151
-7857
-7213
-6050
-4296
-2728
-1746
-1409
-1495
-1856
-2813
-4145
-5698
-7110
-8364
-9326
-9616
-9055
-8092
-6827
-5417
-4158
-2956
-2225
-2094
-2311
-2923
-3959
-5099
-6229
-7282
-7953
-8230
-8186
-7765
-6829
-5757
-4872
-3973
-3323
-2806
-2722
-3098
-3751
-4463
-4987
-5597
-6350
-6765
-6769
-6564
-6203
-5795
-5156
-4614
-4370
-4402
-4604
-4757
-4876
-5353
-5771
-6071
-6356
-6390
-6254
-6083
-5769
-5517
-5268
-4981
-4783
-4900
-5322
-5627
-5802
-6041
-6317
-6652
-6765
-6593
-6385
-6122
-5731
-5577
-5447
-5369
-5223
-5010
-5036
-4986
-5275
-5837
-6624
-7486
-8370
-9410
-10317
-10948
-11183
-11085
-10720
-10042
-9059
-8055
-7112
-6181
-5549
-5217
-5488
-6055
-6809
-7629
-8359
-8970
-9442
-9655
-9403
-8862
-8029
-6902
-5688
-4492
-3683
-3226
-3252
-3428
-3687
-4119
-4604
-5060
-5470
-5611
-5670
-5542
-4963
-4017
-3364
-2849
-2103
-1487
-1122
-1029
-927
-893
-990
-1039
-1010
-1025
-1098
-1055
-751
-333
31
240
480
856
1097
1285
1367
1443
1505
1195
971
855
814
737
623
659
673
570
218
115
103
-7
-127
-356
-603
-681
-722
-681
-710
-644
-372
-233
-86
149
271
309
101
-492
-1299
-1937
-1918
-1431
-480
921
2422
3763
4605
4885
4511
3618
2522
1102
-487
-1793
-2810
-3358
-3392
-2839
-1677
-263
1073
2158
2873
3169
2884
2131
1089
-112
-1501
-2900
-3940
-4319
-4112
-3313
-2208
-1070
66
1032
1451
1532
1493
1149
319
-831
-2009
-2945
-3697
-4063
-4022
-3640
-2930
-2326
-1506
-542
56
211
125
-129
-700
-1429
-2191
-3020
-3802
-4153
-4099
-4057
-3681
-3258
-2731
-2164
-1874
-1725
-1769
-1988
-2207
-2682
-3275
-3593
-3725
-3655
-3588
-3316
-3125
-2963
-2529
-2346
-2059
-1911
-1900
-2080
-2496
-2838
-3049
-3212
-3409
-3363
-3230
-3091
-2888
-2720
-2444
-2308
-2054
-2070
-2159
-2292
-2355
-2629
-3196
-3987
-5028
-6137
-6992
-7679
-8117
-8237
-8036
-7513
-6731
-5726
-4773
-4059
-3442
-3227
-3260
-3443
-4092
-4909
-5822
-6551
-7133
-7539
-7703
-7250
-6424
-5455
-4446
-3522
-2721
-2204
-2012
-2235
-2562
-2921
-3402
-4025
-4607
-4796
-4703
-4565
-4296
-4017
-3490
-2809
-2083
-1414
-1069
-777
-472
-404
-615
-876
-995
-1230
-1490
-1594
-1238
-662
-278
-38
157
510
715
826
893
945
985
1155
1155
752
521
663
753
670
456
442
470
351
192
-20
-403
-625
-787
-878
-723
-688
-833
-845
-737
-622
-446
-505
-668
-677
-766
-1105
-1699
-2297
-2659
-2540
-1970
-724
957
2381
3449
3955
3731
3121
2144
749
-883
-2387
-3679
-4522
-4628
-4246
-3249
-1939
-757
560
1573
1855
1720
1196
110
-1197
-2691
-4144
-5303
-5951
-6049
-5601
-4612
-3485
-2453
-1470
-526
-16
-46
-546
-1490
-2620
-3721
-4675
-5376
-5744
-5971
-5734
-4869
-4048
-3366
-2824
-2275
-1568
-1359
-1788
-2426
-3109
-3945
-4700
-5315
-5725
-5918
-5811
-5593
-5259
-4784
-4295
-3847
-3545
-3389
-3542
-3841
-4166
-4672
-5020
-5173
-5383
-5368
-5242
-5150
-4943
-4444
-3837
-3709
-3685
-3597
-3584
-3972
-4429
-4699
-4941
-5209
-5393
-5297
-4981
-4577
-4244
-4069
-3899
-3835
-3757
-3579
-3594
-3751
-4232
-4823
-5309
-6237
-7281
-8227
-8982
-9443
-9546
-9401
-9108
-8475
-7375
-6266
-5547
-5031
-4612
-4377
-4531
-5181
-5858
-6623
-7510
-8209
-8591
-8649
-8276
-7859
-7131
-5908
-4843
-4130
-3673
-3112
-2879
-3000
-3370
-3960
-4508
-5024
-5525
-5705
-5676
-5290
-4554
-3827
-2948
-2189
-1598
-1065
-774
-669
-673
-781
-964
-1205
-1389
-1572
-1522
-1174
-760
-309
86
458
750
1088
1325
1387
1361
1333
1298
1232
1248
1171
1190
1161
1079
942
1018
1113
1120
1107
881
521
221
74
40
-43
-106
75
280
269
314
443
469
444
402
388
159
-473
-1294
-1958
-2148
-1750
-701
657
2051
3157
3918
4168
3707
2770
1584
290
-1027
-1994
-2692
-3076
-2816
-2044
-998
204
1367
2346
2902
2832
2329
1546
389
-886
-2256
-3449
-4038
-4204
-3938
-3171
-2103
-898
350
1361
1835
1898
1632
920
-140
-1240
-2188
-2765
-3188
-3503
-3533
-2912
-2005
-1046
-169
523
910
958
924
503
-220
-948
-1662
-2439
-2916
-3252
-3191
-2804
-2365
-1898
-1392
-980
-655
-507
-535
-714
-1151
-1712
-2262
-2799
-3224
-3269
-2989
-2617
-2413
-2331
-2041
-1916
-1816
-1611
-1665
-1931
-2239
-2665
-2888
-3021
-3261
-3277
-3075
-2923
-2702
-2491
-2397
-2220
-2108
-1978
-2095
-2015
-2121
-2642
-3363
-4329
-5292
-6142
-6980
-7687
-8098
-8069
-7616
-6907
-6012
-5128
-4287
-3488
-3020
-2757
-2722
-3070
-3785
-4656
-5449
-6148
-6564
-6885
-6695
-6234
-5445
-4446
-3409
-2418
-1687
-1053
-829
-877
-1281
-1856
-2486
-3006
-3333
-3423
-3348
-3254
-2898
-2277
-1539
-724
-209
137
587
973
1027
910
751
615
421
372
511
589
726
986
1256
1531
1835
2167
2363
2490
2345
2346
2441
2312
2091
1948
1932
1948
1925
1905
1885
1861
1772
1716
1494
1104
974
946
886
635
512
463
512
687
730
714
754
750
787
874
782
350
-214
-493
-433
124
1315
2802
4167
5334
6017
6076
5531
4351
2845
1434
-315
-1966
-3096
-3635
-3644
-3019
-1711
49
1912
3325
3960
4133
3942
3143
1784
313
-1237
-2827
-3929
-4474
-4527
-3973
-3046
-1838
-636
406
1230
1527
1505
1068
162
-893
-2076
-3155
-3893
-4411
-4516
-4174
-3619
-2720
-1830
-1106
-445
1
24
-352
-881
-1558
-2515
-3309
-3974
-4418
-4638
-4698
-4339
-3742
-3306
-2818
-2402
-2305
-2132
-2208
-2591
-3004
-3258
-3434
-3663
-3810
-3800
-3507
-3064
-2665
-2339
-2022
-1842
-1854
-2162
-2562
-2741
-2707
-2753
-2987
-3157
-3202
-3102
-2880
-2492
-1989
-1732
-1680
-1703
-1665
-1627
-1613
-1762
-2225
-2984
-4006
-4878
-5655
-6461
-7179
-7689
-7686
-7279
-6914
-6365
-5295
-4287
-3537
-2876
-2437
-2367
-2642
-3265
-4241
-5252
-6153
-6864
-7112
-7106
-6995
-6445
-5471
-4381
-3410
-2628
-2021
-1612
-1551
-1850
-2358
-3037
-3710
-4271
-4751
-4830
-4683
-4317
-3610
-2899
-2148
-1377
-825
-454
-43
64
-132
-225
-143
-255
-427
-497
-456
-180
257
510
803
1159
1496
1837
2068
2140
2151
2117
1959
1782
1802
1930
1741
1490
1362
1329
1435
1595
1721
1512
1140
916
788
618
553
758
623
508
586
842
1192
1131
1020
1128
1148
1029
647
-51
-730
-1121
-1068
-633
355
1880
3287
4269
4703
4444
3776
2742
1435
241
-1077
-2196
-2917
-3060
-2491
-1491
-244
1205
2475
3343
3803
3665
3014
1893
491
-1012
-2332
-3458
-4146
-3980
-3436
-2695
-1559
-267
791
1589
1988
2051
1774
1014
81
-890
-1891
-2661
-3147
-3297
-2977
-2422
-1654
-706
241
870
1231
1250
978
561
49
-731
-1503
-2151
-2680
-3005
-2856
-2384
-1909
-1431
-1073
-678
-252
-25
-126
-532
-876
-1172
-1540
-2029
-2233
-2246
-2241
-2043
-1864
-1587
-1264
-1074
-978
-1013
-1410
-1673
-1799
-2041
-2310
-2432
-2388
-2414
-2198
-1964
-1775
-1649
-1559
-1487
-1385
-1228
-1064
-1119
-1622
-2249
-3044
-3876
-4765
-5683
-6643
-7182
-7400
-7364
-6899
-6226
-5260
-4142
-3203
-2624
-2177
-2174
-2399
-2925
-3605
-4218
-4976
-5684
-6078
-6191
-5845
-5294
-4453
-3371
-2395
-1601
-1078
-595
-294
-374
-719
-1234
-1751
-2150
-2695
-2934
-2823
-2406
-1790
-1171
-457
233
895
1347
1614
1654
1751
1965
1830
1433
1129
1183
1430
1654
1798
2058
2326
2539
2919
3327
3458
3443
3476
3618
3391
3062
3043
2883
2768
2790
2898
2942
2803
2685
2741
2846
2665
2373
2119
2047
1860
1748
1671
1570
1549
1721
1776
1778
1814
1808
1693
1626
1354
900
485
166
127
553
1592
3030
4540
5672
6210
6258
5831
4738
3417
2059
607
-741
-1748
-2251
-2070
-1199
275
1737
3127
4104
4691
4744
4367
3501
2213
642
-813
-1959
-2790
-3013
-2520
-1637
-561
586
1552
2271
2686
2831
2604
2020
1174
-13
-1081
-1859
-2563
-2892
-2719
-2220
-1689
-852
298
886
1294
1579
1494
952
207
-552
-1082
-1683
-2307
-2723
-2886
-2607
-2150
-1721
-1326
-888
-552
-310
-309
-651
-1149
-1650
-2020
-2215
-2433
-2466
-2335
-2216
-2040
-1746
-1345
-1076
-937
-835
-805
-1164
-1629
-1970
-2219
-2303
-2236
-2171
-2198
-1870
-1581
-1380
-1211
-1009
-932
-911
-821
-758
-1106
-1747
-2509
-3312
-3936
-4860
-5978
-6684
-7012
-6979
-6690
-5911
-4866
-4048
-3258
-2503
-1997
-1765
-1722
-1897
-2468
-3349
-4337
-5375
-6087
-6077
-5682
-5123
-4481
-3734
-2821
-2091
-1289
-613
-362
-655
-1196
-1689
-2186
-2627
-3078
-3336
-3344
-3095
-2586
-2056
-1311
-536
162
820
1116
1113
1129
1039
919
593
509
490
444
635
942
1226
1567
1937
2320
2691
3007
2941
2883
2671
2547
2505
2394
2245
2242
2466
2606
2531
2415
2406
2402
2270
2115
1869
1652
1479
1298
1257
1372
1407
1291
1158
1348
1458
1545
1633
1724
1653
1307
843
79
-511
-649
-319
664
2090
3571
4834
5687
5924
5423
4674
3503
2146
699
-700
-1635
-2195
-2246
-1605
-343
1097
2416
3520
4182
4185
3771
3116
2137
715
-783
-2067
-2942
-3458
-3301
-2627
-1476
-295
766
1667
2363
2514
2274
1815
1173
264
-691
-1845
-3043
-3385
-3183
-2759
-2043
-1086
-139
583
981
1033
1184
1034
597
-84
-1088
-1972
-2689
-2960
-2876
-2417
-2072
-1800
-1299
-679
-251
-135
-130
-292
-690
-1166
-1630
-1983
-2127
-2177
-2136
-2054
-1887
-1328
-731
-532
-641
-758
-733
-768
-1011
-1213
-1413
-1710
-1867
-2014
-1932
-1767
-1533
-1289
-971
-577
-484
-513
-517
-664
-796
-1221
-1711
-2454
-3663
-4669
-5480
-6243
-6585
-6512
-6069
-5681
-4986
-4030
-3257
-2625
-2069
-1608
-1558
-1891
-2475
-3214
-4046
-4747
-5368
-5715
-5640
-5304
-4619
-3829
-2968
-1914
-929
-332
-52
11
-179
-691
-1185
-1596
-2042
-2543
-2761
-2537
-1996
-1261
-603
-69
603
1223
1583
1779
1870
1745
1673
1485
1348
1358
1521
1648
1761
1957
2328
2628
3023
3354
3625
3655
3577
3501
3326
3275
3121
3050
3149
3180
3152
3198
3072
3038
3001
2834
2876
2767
2519
2291
2085
1886
1866
1874
1784
1827
1897
2013
2195
2075
2085
2236
2110
1707
1092
535
191
421
1309
2460
3819
5216
6145
6418
6144
5547
4638
3389
1969
715
-343
-1150
-1372
-976
-208
993
2401
3570
4448
4948
4900
4352
3388
2001
492
-816
-1877
-2435
-2421
-1921
-1231
-116
1003
1953
2696
3084
3161
2782
1974
891
-154
-1124
-1924
-2364
-2393
-2243
-1711
-782
230
907
1525
1902
1922
1719
1271
735
24
-717
-1565
-2070
-2257
-2148
-1773
-1392
-930
-483
-83
239
428
297
-34
-427
-845
-1275
-1537
-1564
-1455
-1407
-1200
-761
-348
-212
-242
-147
-131
-129
-351
-609
-965
-1291
-1406
-1335
-1145
-1050
-998
-734
-473
-322
-223
-255
-91
-76
-226
-590
-1126
-1781
-2514
-3463
-4480
-5302
-5763
-6079
-6031
-5449
-4721
-4033
-3088
-2095
-1476
-1133
-962
-1069
-1624
-2443
-3302
-4076
-4660
-5030
-5034
-4817
-4375
-3545
-2602
-1697
-1039
-399
83
300
363
19
-693
-1390
-1783
-1813
-1933
-2082
-1860
-1297
-691
-59
730
1413
1752
1868
1888
1592
1144
883
672
710
1013
1425
1855
2278
2487
2358
2173
1863
1322
764
370
-4
-193
107
719
1446
2340
3192
3643
3630
3262
2778
2109
1180
300
-348
-631
-353
464
1603
2741
3984
5334
6205
6441
6395
6060
5364
4556
3738
3124
2533
2077
1787
2105
3331
4810
6485
8148
9347
9805
9655
8969
7674
5952
4210
2719
1393
401
33
159
866
2130
3361
4474
5248
5573
5424
4734
3831
2892
1512
-68
-1269
-2000
-2324
-2242
-1675
-797
146
974
1635
2202
2516
2317
1785
905
-175
-1227
-2243
-3169
-3488
-3487
-3325
-2930
-2175
-1356
-559
41
393
421
202
-237
-957
-1581
-2339
-2952
-3128
-3032
-2674
-2189
-1697
-1082
-373
185
535
638
528
478
446
141
-121
-236
-354
-392
-140
268
712
1192
1544
1619
1605
1487
1422
1225
949
720
410
232
285
298
449
593
727
912
923
930
930
948
874
591
183
-302
-1012
-1892
-2659
-3542
-4489
-5165
-5482
-5580
-5498
-4892
-4033
-3424
-2851
-2205
-1578
-1209
-1361
-1719
-2344
-3217
-4295
-5116
-5570
-5760
-5667
-5502
-4839
-3726
-2670
-2005
-1614
-1232
-970
-1172
-1560
-2178
-2942
-3603
-4157
-4462
-4365
-4022
-3614
-3130
-2463
-1945
-1305
-703
-271
-60
-133
-390
-724
-1207
-1630
-2164
-2529
-2599
-2303
-1871
-1172
-217
542
1135
1383
1353
1222
806
224
-477
-1086
-1422
-1621
-1696
-1559
-1128
-412
218
530
600
431
1
-563
-1245
-2016
-2737
-3275
-3533
-3547
-3381
-2851
-2127
-1769
-1644
-1428
-1391
-1946
-3020
-4302
-5373
-5935
-6050
-5246
-3677
-1960
-438
797
1474
1343
596
-754
-2404
-4290
-6160
-7720
-8737
-8846
-7965
-6605
-4951
-3181
-1595
-454
46
-77
-832
-1952
-3303
-4810
-6132
-7201
-7696
-7468
-6781
-5617
-3978
-2503
-1359
-575
-97
209
-22
-789
-1915
-3105
-4224
-5016
-5284
-5240
-4699
-3829
-2745
-1679
-788
-139
446
684
617
230
-601
-1393
-2024
-2438
-2823
-2958
-2813
-2452
-1896
-1159
-463
-82
162
276
52
-244
-548
-952
-1323
-1544
-1795
-2055
-1846
-1436
-898
-509
-271
76
138
-41
-212
-479
-766
-959
-1157
-1227
-1330
-1261
-949
-567
-395
-140
73
340
645
787
921
800
413
-192
-1022
-1933
-2629
-3082
-3525
-3738
-3763
-3660
-3181
-2374
-1450
-240
703
1246
1677
1727
1478
961
502
-41
-671
-1150
-1400
-1438
-1048
-234
819
1811
2648
3327
3768
4084
4065
3797
3269
2673
2059
1532
1222
925
1089
1445
1782
2309
2925
3492
3948
4165
4001
3919
3735
3339
2997
2766
2624
2464
2294
2245
2482
2929
3235
3440
3619
3643
3511
3453
3538
3442
3106
2789
2584
2525
2685
2701
2717
2810
2783
2700
2581
2311
2025
1850
1711
1580
1412
1284
1356
1409
1325
1517
1704
1875
1979
1914
1888
1849
1344
475
-435
-1093
-1137
-618
287
1615
2938
3908
4449
4467
4071
3348
2500
1483
630
-82
-597
-678
-281
738
2079
3359
4229
4725
4894
4716
4099
3151
2147
1081
138
-430
-709
-591
-44
955
2215
3349
4073
4679
4934
4826
4461
3823
2759
1694
849
183
-302
-264
271
988
1958
2852
3549
4058
4298
4462
4191
3546
2952
2182
1437
775
369
313
505
900
1483
2060
2590
2866
2961
2963
2860
2495
1980
1482
1060
681
341
259
269
288
400
761
1117
1355
1495
1488
1329
1097
821
660
603
434
396
633
767
838
1023
1116
1264
1457
1594
1714
1571
1366
1222
916
338
-408
-1349
-2155
-2949
-3452
-3576
-3465
-3004
-2149
-1414
-745
-7
675
1192
1298
1218
889
239
-620
-1491
-2043
-2273
-2157
-1862
-1364
-470
489
1408
2260
2918
3138
3129
2827
2238
1639
960
272
-210
-372
-489
-456
-51
393
957
1576
2052
2276
2207
2102
1890
1589
1347
980
518
82
-3
23
170
383
549
922
1179
1113
1186
1293
1284
1001
651
386
134
5
157
201
71
40
-103
-297
-448
-498
-573
-712
-1063
-1504
-1651
-1501
-1365
-1528
-1666
-1579
-1476
-1448
-1482
-1380
-1227
-1305
-1661
-2105
-2228
-2066
-1391
-253
1246
2803
4239
5211
5503
5228
4186
2530
616
-1275
-3194
-4951
-6133
-6406
-5821
-4618
-2802
-663
1310
2850
3727
3772
3166
2116
747
-839
-2682
-4457
-5687
-6390
-6098
-5127
-3908
-2416
-1046
-136
503
863
834
339
-699
-1891
-3160
-4501
-5437
-5838
-5948
-5616
-4709
-3575
-2609
-1856
-1172
-690
-470
-763
-1240
-1993
-2803
-3672
-4361
-4706
-4768
-4589
-4317
-3840
-3443
-3074
-2718
-2402
-2086
-2156
-2495
-2729
-2762
-2729
-2725
-2574
-2254
-2018
-1773
-1304
-744
-303
-252
-423
-505
-527
-722
-953
-1261
-1501
-1375
-1025
-753
-405
-38
287
570
675
806
829
842
858
667
123
-596
-1435
-2326
-3135
-3915
-4351
-4473
-4433
-4119
-3478
-2588
-1723
-883
-119
522
720
598
269
-279
-993
-1812
-2592
-3119
-3334
-3254
-2776
-2060
-1169
-197
553
1209
1661
1680
1420
901
253
-339
-916
-1632
-2025
-2114
-2120
-1919
-1364
-700
-76
371
703
965
898
677
446
305
123
-138
-531
-757
-702
-518
-227
159
546
894
1138
1168
1173
1137
1112
1169
1027
956
973
862
779
810
906
958
834
745
740
670
480
230
124
-26
-204
-294
-206
-32
57
225
364
458
312
266
386
204
-80
-656
-1178
-1410
-1262
