-5197
-4655
-4208
-3872
-3706
-3688
-3752
-3959
-4026
-4227
-4497
-4767
-4865
-4830
-4848
-4613
-4302
-4043
-3800
-3437
-3250
-3175
-3156
-3244
-3539
-3913
-4481
-5253
-6177
-7267
-7958
-8414
-8764
-8666
-8207
-7437
-6582
-5722
-4920
-4218
-3625
-3353
-3470
-3891
-4560
-5349
-6125
-6657
-6995
-7200
-7031
-6360
-5443
-4542
-3546
-2505
-1872
-1555
-1658
-1867
-2304
-2982
-3808
-4571
-5044
-5226
-5271
-5121
-4608
-4001
-3561
-2979
-2482
-2186
-2380
-2854
-3475
-4241
-5034
-5443
-5318
-5105
-4441
-3333
-2125
-1345
-1258
-1818
-3043
-4559
-6248
-8152
-9799
-10969
-11649
-11491
-10650
-9247
-7693
-6205
-5082
-4565
-4860
-5802
-7321
-9130
-10893
-12293
-13044
-13105
-12095
-10349
-8175
-5712
-3232
-1032
546
1245
1248
620
-546
-2023
-3746
-5393
-6626
-6815
-6007
-4188
-1610
1131
3798
5888
6888
6821
5921
4448
2279
-114
-2481
-4725
-6096
-6396
-6003
-5257
-3883
-2069
-296
828
1153
656
-511
-2108
-4130
-6307
-8342
-9805
-10496
-10461
-9785
-8525
-7026
-5507
-4203
-3364
-3163
-3590
-4456
-5629
-7146
-8768
-10434
-11677
-12174
-12218
-11707
-10582
-9327
-8033
-6749
-5932
-5435
-5201
-5529
-6335
-7477
-8742
-9991
-10916
-11538
-11870
-11732
-11188
-9951
-8695
-7552
-6461
-5495
-4814
-4377
-4201
-4018
-4058
-4132
-4054
-4018
-3718
-3426
-3016
-2402
-1862
-1277
-539
-329
-461
-538
-802
-1127
-1391
-1619
-1761
-1848
-1897
-1929
-1852
-1625
-1499
-1726
-2141
-2387
-2467
-2649
-2839
-3175
-3721
-4173
-4705
-5305
-6044
-6537
-6857
-6922
-6815
-6584
-6080
-5549
-5002
-4355
-3777
-3324
-3108
-3184
-3832
-4796
-5740
-6628
-7434
-8156
-8584
-8658
-8388
-7744
-6969
-6300
-5635
-4876
-4219
-4037
-4200
-4445
-4836
-5310
-5699
-5792
-5726
-5603
-5061
-4366
-3602
-2652
-1550
-570
161
598
922
1297
1649
1784
1719
1293
477
-471
-1533
-2602
-3623
-4349
-4349
-3452
-1939
-21
1754
3395
4703
5384
5278
4397
2866
977
-951
-2548
-3682
-4000
-3511
-2360
-443
1736
3565
5073
6029
6297
5838
4681
3088
1439
-161
-1271
-1794
-1548
-444
1358
3440
5283
6529
7081
7151
7168
6981
6547
6543
6673
6832
6953
7004
6846
6427
5739
4846
3872
2821
1675
809
175
-69
77
660
1517
2405
3431
4443
4939
4896
4296
3306
2281
1121
-176
-1385
-2243
-2595
-2378
-1809
-1095
-341
499
1057
1185
1229
1061
442
-489
-1574
-2635
-3421
-3956
-4315
-4393
-4256
-4071
-3865
-3641
-3514
-3578
-3663
-3849
-4031
-4148
-4429
-4704
-4787
-4816
-4763
-4563
-4156
-3984
-4002
-3836
-3585
-3510
-3627
-3843
-4082
-4234
-4419
-4555
-4428
-4050
-3398
-2843
-2437
-1913
-1404
-1174
-932
-930
-940
-1144
-1492
-2011
-2523
-2896
-3089
-3131
-3163
-3145
-2977
-2697
-2418
-2140
-1761
-1711
-1720
-2069
-2418
-2946
-3971
-5376
-6756
-8049
-9177
-10016
-10442
-10708
-10440
-9852
-8955
-7920
-6720
-5722
-5002
-4680
-4863
-5391
-6266
-7319
-8160
-9126
-10026
-10337
-10239
-9787
-9120
-8423
-7703
-6890
-6138
-5784
-5691
-5935
-6274
-6701
-7190
-7743
-8285
-8604
-8690
-8544
-8133
-7501
-6573
-5652
-5088
-4619
-4213
-3879
-3722
-3594
-3232
-2824
-2690
-2757
-2565
-2284
-1913
-1497
-1012
-744
-517
-523
-602
-616
-673
-821
-1073
-1302
-1595
-1656
-1413
-1249
-1372
-1531
-1615
-1603
-1644
-1792
-1972
-2245
-2577
-2723
-2915
-3135
-3263
-3364
-3287
-2990
-2957
-2962
-2786
-2664
-2619
-2615
-2746
-3217
-3925
-4380
-4467
-4085
-3088
-1756
-510
525
1003
905
156
-1031
-2502
-4040
-5647
-7187
-8056
-8262
-7974
-7209
-5901
-4384
-3090
-2175
-1612
-1578
-2024
-2885
-4114
-5588
-7247
-8575
-9272
-9381
-8945
-8202
-7001
-5487
-4231
-3269
-2717
-2501
-2774
-3423
-4324
-5486
-6694
-7686
-8460
-8803
-8574
-7843
-6889
-5856
-4978
-4187
-3557
-3094
-3096
-3544
-4114
-4718
-5246
-5983
-6653
-6993
-7108
-6803
-6304
-5776
-5364
-5043
-4903
-4882
-4790
-4877
-5246
-5795
-6308
-6544
-6637
-6784
-6834
-6465
-6204
-5844
-5461
-5345
-5209
-5206
-5424
-5846
-6083
-6419
-6737
-6868
-6876
-6846
-6675
-6274
-5867
-5787
-5672
-5329
-5251
-5339
-5216
-5176
-5433
-5963
-6688
-7672
-8734
-9706
-10460
-11127
-11437
-11327
-10878
-10059
-9098
-8169
-7172
-6309
-5766
-5520
-5387
-5558
-6491
-7430
-8253
-8897
-9402
-9714
-9447
-8922
-8099
-7125
-6009
-4981
-4249
-3631
-3501
-3593
-3916
-4412
-4860
-5312
-5637
-5846
-5949
-5791
-5078
-4346
-3655
-3029
-2401
-1699
-1225
-1021
-922
-1129
-1322
-1419
-1473
-1498
-1404
-1123
-675
-354
-22
318
613
1005
1289
1256
1203
1093
1119
1302
1285
967
739
652
723
696
681
563
380
236
111
-261
-558
-545
-400
-382
-551
-622
-494
-150
-46
7
211
273
327
387
160
-321
-930
-1589
-1670
-1096
-79
1285
2832
4227
5079
5158
4600
3865
2728
1331
-114
-1394
-2454
-3064
-3020
-2430
-1339
54
1298
2224
2973
3279
2915
2037
795
-347
-1591
-2893
-3784
-3996
-3745
-3145
-2234
-1063
215
1145
1590
1680
1484
1026
153
-1032
-2170
-3128
-3748
-4072
-4012
-3721
-3107
-2034
-1132
-457
47
279
253
-108
-700
-1466
-2433
-3262
-3860
-4252
-4372
-4302
-3979
-3491
-2957
-2318
-1802
-1696
-1813
-2082
-2337
-2706
-3064
-3332
-3567
-3625
-3612
-3514
-3297
-2948
-2565
-2128
-1984
-2084
-2156
-2473
-2777
-2978
-3200
-3202
-3137
-3307
-3313
-3125
-2915
-2565
-2263
-2338
-2352
-2207
-2139
-2201
-2437
-2770
-3203
-4019
-5096
-6123
-6982
-7706
-8069
-7974
-7795
-7402
-6743
-5953
-4841
-3766
-3209
-3030
-3109
-3414
-4165
-5011
-5861
-6604
-7243
-7674
-7469
-6901
-6169
-5425
-4634
-3878
-3101
-2497
-2171
-2153
-2395
-2799
-3572
-4127
-4498
-4671
-4796
-4619
-4119
-3779
-3268
-2499
-1686
-1161
-878
-651
-468
-548
-808
-902
-975
-887
-944
-936
-927
-714
-321
140
529
945
1226
1230
1249
1317
1429
1439
1208
967
798
805
860
876
864
899
921
763
471
376
223
-60
-337
-459
-379
-329
-256
-194
-121
-93
-204
-343
-361
-304
-325
-708
-1202
-1842
-2303
-2242
-1374
-64
1418
2753
3681
4238
4070
3346
2263
871
-625
-2086
-3339
-4124
-4396
-4045
-3034
-1647
-276
833
1717
2075
1819
1171
184
-1104
-2633
-4001
-5123
-5744
-5666
-4879
-3748
-2627
-1622
-688
-157
31
-20
-326
-983
-2012
-3196
-4395
-5371
-5899
-5914
-5399
-4620
-3689
-2721
-1988
-1360
-1124
-1028
-1218
-1799
-2473
-3386
-4371
-5034
-5421
-5582
-5564
-5210
-4689
-4151
-3919
-3731
-3487
-3196
-3155
-3421
-3834
-4269
-4700
-5041
-5242
-5140
-4943
-4595
-4192
-3989
-3697
-3394
-3299
-3496
-3566
-3725
-3981
-4241
-4576
-4794
-4835
-4882
-4648
-4239
-4160
-4015
-3778
-3770
-3625
-3443
-3287
-3542
-4033
-4661
-5488
-6479
-7528
-8383
-9006
-9380
-9506
-9274
-8926
-8300
-7423
-6414
-5444
-4711
-4362
-4297
-4539
-4975
-5682
-6615
-7475
-8238
-8663
-8514
-8222
-7716
-7008
-6031
-4922
-3943
-3230
-2897
-2947
-3216
-3518
-4046
-4721
-5209
-5627
-5713
-5569
-5112
-4666
-4005
-3135
-2344
-1652
-1312
-1148
-957
-805
-909
-948
-1151
-1372
-1293
-893
-547
-404
-54
360
719
1070
1234
1447
1519
1637
1833
1709
1440
1256
1365
1401
1428
1547
1514
1375
1322
1321
1166
863
644
668
640
396
292
148
90
220
318
443
494
516
549
637
516
61
-601
-1349
-2260
-2805
-2821
-2105
-797
561
1563
2161
2452
2253
1599
780
-32
-946
-1838
-2310
-2487
-2198
-1360
-273
878
1870
2576
2804
2637
2047
1145
-42
-1178
-2307
-3087
-3486
-3655
-3125
-2113
-997
123
1193
1942
2355
2259
1856
1291
450
-424
-1227
-2017
-2553
-2477
-2089
-1448
-591
408
1268
1781
1999
1898
1525
1047
440
-346
-923
-1537
-2072
-2153
-1954
-1526
-1105
-655
-219
199
424
541
404
141
-296
-999
-1555
-2062
-2382
-2643
-2888
-2765
-2511
-2296
-2012
-1792
-1705
-1703
-1755
-1999
-2368
-2575
-2765
-3029
-3131
-3202
-3262
-3210
-2862
-2706
-2749
-2897
-2726
-2554
-2472
-2477
-2715
-3230
-4127
-4904
-5607
-6548
-7373
-7959
-8252
-8164
-7758
-7140
-6258
-5403
-4621
-3876
-3293
-3155
-3268
-3625
-4072
-4684
-5418
-6248
-6868
-7100
-6953
-6212
-5194
-4161
-3221
-2375
-1690
-1253
-957
-992
-1257
-1649
-2175
-2738
-3097
-3196
-3142
-2891
-2490
-1984
-1265
-483
210
623
851
1048
1126
989
804
720
659
493
357
395
595
1167
1499
1738
2076
2240
2392
2348
2242
2114
2099
2065
1885
1752
1745
1815
1664
1448
1452
1479
1489
1336
1142
944
659
430
279
38
-16
153
237
220
394
458
332
209
220
345
417
190
2
-48
575
1717
3129
4532
5900
7075
7494
7183
6252
4774
2859
719
-1408
-3142
-4339
-4990
-4764
-3548
-1712
505
2443
3967
5098
5325
4951
3938
2478
768
-1316
-3200
-4502
-5219
-5181
-4546
-3566
-2166
-675
668
1693
2045
1924
1403
264
-1150
-2583
-3948
-5058
-5734
-5840
-5512
-4949
-4086
-2993
-2043
-1154
-553
-479
-593
-1116
-1696
-2487
-3438
-4208
-4938
-5435
-5486
-5216
-4774
-4383
-4169
-3859
-3573
-3312
-3267
-3408
-3580
-3791
-4062
-4099
-3849
-3641
-3300
-2754
-2350
-2093
-1912
-1748
-1601
-1758
-2037
-2353
-2512
-2801
-2977
-2909
-2708
-2361
-2064
-1802
-1486
-1250
-1056
-804
-799
-778
-778
-1113
-1661
-2453
-3393
-4442
-5298
-5952
-6538
-6895
-6832
-6652
-6079
-5242
-4391
-3483
-2703
-2201
-1888
-1985
-2544
-3272
-4000
-4774
-5544
-6136
-6577
-6676
-6277
-5701
-4797
-3797
-2949
-2326
-1988
-1771
-1870
-2249
-2646
-3191
-3861
-4367
-4619
-4800
-4921
-4692
-4016
-3201
-2438
-1707
-1136
-640
-405
-222
-308
-455
-573
-741
-843
-670
-506
-285
122
324
492
819
1323
1665
1863
1958
2125
2116
1894
1824
1894
1967
1967
1852
1905
2097
1994
1846
1713
1566
1415
1066
900
993
966
921
851
787
715
789
1117
1475
1480
1494
1585
1440
743
-89
-593
-948
-1195
-811
30
1197
2298
3044
3489
3424
2910
1854
566
-724
-1884
-2793
-3354
-3245
-2681
-1757
-423
1066
2182
3123
3574
3455
2799
1576
36
-1452
-2881
-4041
-4725
-4710
-4249
-3229
-1769
-460
670
1536
1966
2023
1767
1256
492
-470
-1352
-2324
-3128
-3319
-2924
-2166
-1318
-290
834
1471
1828
2111
2011
1398
738
121
-546
-1341
-1994
-2277
-2195
-1847
-1316
-798
-364
41
521
786
714
510
161
-311
-757
-892
-1197
-1318
-1452
-1388
-1248
-1116
-1034
-947
-937
-914
-1155
-1456
-1690
-2193
-2473
-2493
-2453
-2346
-2250
-1983
-1967
-1823
-1831
-1833
-1631
-1475
-1601
-1838
-2150
-2758
-3695
-4620
-5519
-6223
-6811
-7326
-7633
-7661
-7185
-6396
-5471
-4609
-3944
-3241
-2671
-2489
-2514
-2911
-3684
-4450
-5397
-5951
-6193
-6213
-5898
-5277
-4427
-3477
-2559
-1579
-920
-629
-315
-136
-461
-1124
-1667
-2096
-2493
-2672
-2490
-2323
-1712
-767
37
655
1217
1679
2037
2241
2231
2140
2082
1959
1737
1734
1865
2083
2259
2511
2823
2970
3218
3611
3936
4014
3885
3846
3635
3505
3387
3282
3169
2971
2945
3009
3003
2925
2883
2824
2634
2236
2052
1959
1778
1500
1515
1686
1823
1872
1929
1960
1991
1913
1873
1814
1591
1121
464
169
222
659
1714
3032
4515
5676
6272
6262
5773
4815
3431
2068
712
-580
-1276
-1582
-1226
-490
788
2107
3301
4251
4765
4846
4443
3678
2508
992
-458
-1355
-1974
-2201
-1978
-1216
42
1113
1946
2730
3330
3371
2886
2290
1566
519
-548
-1594
-2226
-2409
-2267
-1707
-787
124
899
1464
1879
2066
1956
1520
811
-39
-1004
-1828
-2365
-2519
-2322
-2050
-1824
-1266
-795
-594
-452
-359
-342
-484
-805
-1149
-1569
-1900
-2088
-2243
-2286
-2070
-1741
-1480
-1164
-874
-734
-733
-913
-1086
-1306
-1463
-1656
-1895
-2108
-2022
-1897
-1713
-1495
-1282
-1048
-876
-600
-460
-451
-649
-888
-1161
-1896
-2677
-3498
-4429
-5406
-6369
-6563
-6418
-6162
-5608
-4779
-3896
-3020
-2384
-1902
-1433
-1366
-1903
-2541
-3223
-4101
-4975
-5557
-5639
-5370
-4733
-4004
-3119
-2236
-1299
-594
-288
-153
-328
-665
-1169
-1678
-2141
-2645
-2924
-2864
-2667
-2256
-1563
-770
11
530
801
1042
1423
1583
1366
1185
1028
1056
1032
899
1135
1499
1799
2140
2535
2893
3174
3215
3115
3077
3108
3063
2843
2839
2948
2993
2805
2632
2561
2588
2566
2581
2640
2520
2275
2089
1919
1747
1787
1904
1963
1928
1775
1725
1844
1976
2080
2122
2079
1807
1448
789
172
90
675
1644
2841
4154
5311
6184
6293
5868
5184
4023
2659
1252
-85
-976
-1433
-1369
-865
79
1400
2721
3751
4399
4487
4198
3411
2271
980
-264
-1535
-2567
-3078
-2836
-2298
-1439
-213
1021
2061
2683
2928
2765
2158
1229
215
-741
-1710
-2517
-2863
-2651
-2153
-1593
-770
152
997
1531
1682
1537
1097
399
-169
-964
-1714
-2379
-2776
-2816
-2669
-2298
-1814
-1247
-682
-250
-89
-144
-306
-634
-1075
-1512
-1877
-2012
-2084
-2091
-1882
-1549
-1187
-813
-511
-344
-249
-327
-633
-876
-952
-1008
-1181
-1492
-1620
-1530
-1549
-1265
-985
-848
-661
-428
-310
-250
-453
-720
-1013
-1661
-2551
-3325
-4145
-4926
-5561
-6266
-6525
-6316
-5709
-4911
-3945
-3043
-2279
-1752
-1508
-1385
-1601
-2320
-2965
-3650
-4386
-4993
-5256
-5235
-4931
-4391
-3581
-2523
-1621
-874
-313
54
23
-263
-544
-888
-1541
-2197
-2400
-2326
-2284
-1948
-1352
-682
124
914
1537
1876
2177
2261
2208
2056
1960
2006
1934
1945
1924
1979
2313
2620
3033
3372
3709
3948
4076
4136
4228
4250
4087
3879
3673
3546
3602
3644
3564
3407
3424
3481
3319
3117
2842
2708
2785
2719
2478
2347
2513
2599
2520
2459
2551
2677
2789
2841
2718
2596
2380
1844
1129
914
1146
1876
3077
4407
5662
6532
6916
6779
6113
4968
3775
2514
1087
-162
-870
-977
-281
657
1686
3094
4228
4984
5281
5184
4570
3407
2073
847
-308
-1203
-1765
-1898
-1305
-495
504
1685
2751
3471
3685
3551
3133
2278
1344
426
-560
-1357
-1764
-1792
-1504
-971
-260
629
1379
1964
2326
2482
2304
1770
1058
249
-383
-1000
-1336
-1633
-1768
-1481
-979
-492
-72
383
668
685
540
293
-151
-551
-855
-1044
-1251
-1248
-1066
-785
-440
11
317
397
269
311
444
307
-62
-390
-758
-921
-975
-784
-621
-386
-120
-98
9
149
365
530
273
-6
-109
-582
-1452
-2414
-3289
-4168
-4886
-5426
-5650
-5477
-5030
-4395
-3748
-2877
-1963
-1118
-555
-360
-571
-1107
-1825
-2564
-3370
-4076
-4410
-4387
-4135
-3884
-3190
-2277
-1199
-301
157
480
490
308
-16
-494
-893
-1294
-1730
-1791
-1763
-1543
-1043
-380
426
1104
1607
1920
2021
2097
1930
1591
1303
1171
1162
1237
1476
1904
2384
2661
2839
2791
2392
1850
1183
679
412
392
661
1154
1961
2804
3486
3944
4156
4044
3350
2356
1508
878
258
-79
130
825
2001
3212
4373
5541
6373
6744
6743
6407
5797
4916
4069
3305
2850
2502
2401
2914
3830
5144
6918
8521
9760
10371
10272
9382
8081
6451
4827
3209
1795
985
612
660
1290
2367
3658
4915
5746
6097
5853
5134
4279
3084
1727
369
-686
-1604
-2256
-2112
-1401
-535
445
1324
2118
2558
2720
2562
2051
1178
109
-885
-1945
-2730
-3227
-3402
-3014
-2288
-1589
-852
-308
277
754
921
681
187
-613
-1444
-2074
-2503
-2831
-3002
-2744
-2168
-1452
-667
39
502
810
958
1056
844
587
517
507
365
116
135
604
1226
1595
1852
2066
2282
2232
2084
2026
1729
1316
1083
921
822
827
880
1028
1165
1291
1215
1145
1189
1258
1266
1211
1071
858
379
-439
-1288
-2121
-2930
-3596
-4179
-4585
-4684
-4571
-4182
-3491
-2908
-2281
-1558
-944
-781
-983
-1482
-2168
-2912
-3705
-4503
-4958
-5054
-5003
-4837
-4166
-3150
-2279
-1564
-989
-698
-607
-738
-1095
-1670
-2355
-2961
-3622
-3966
-4081
-3933
-3495
-2860
-2042
-1524
-1007
-313
206
415
290
-120
-494
-972
-1507
-1963
-2041
-1875
-1564
-1127
-471
213
835
1463
1848
1745
1400
959
577
-21
-623
-1115
-1450
-1355
-947
-318
335
764
983
1105
1076
862
322
-456
-1399
-2125
-2682
-2944
-2934
-2607
-2098
-1647
-1318
-1070
-1007
-1230
-1686
-2416
-3583
-4759
-5510
-5558
-4835
-3493
-1730
-23
1318
1827
1606
1013
-339
-2080
-3967
-5640
-7006
-8069
-8162
-7439
-6177
-4509
-2713
-1261
-238
233
156
-457
-1624
-3007
-4309
-5556
-6455
-6864
-6704
-5975
-4868
-3583
-2067
-656
82
407
340
-70
-711
-1711
-2892
-3901
-4605
-4849
-4478
-3738
-2875
-1974
-902
-80
724
1278
1388
1138
624
-70
-843
-1529
-1949
-2186
-2375
-2302
-1891
-1411
-777
-48
374
517
534
377
-40
-347
-530
-863
-1130
-1497
-1478
-1150
-659
-177
147
342
423
424
333
257
8
-178
-364
-570
-999
-1034
-608
-372
-133
272
527
588
724
880
1146
1130
916
635
119
-476
-1179
-1938
-2638
-3262
-3599
-3664
-3547
-3039
-2021
-1148
-257
768
1479
2000
2099
1903
1553
1005
421
-46
-564
-784
-601
-256
348
1277
2470
3398
4012
4385
4532
4522
4170
3751
3422
2604
1821
1420
1465
1860
2269
2720
3107
3612
4079
4472
4659
4689
4527
4365
3972
3443
3116
3051
3010
3106
3335
3485
3577
3666
3893
4215
4221
4180
4116
3996
3767
3603
3463
3330
3249
3251
3272
3208
3070
3077
3053
2954
2743
2555
2294
2090
1955
1984
2010
2009
1883
1917
2173
2360
2317
2175
2291
2384
2295
1842
1335
828
466
470
1299
2495
3828
5140
6195
6563
6392
5705
4781
3772
2612
1342
337
-79
100
642
1343
2474
4026
5208
5878
6034
5824
5342
4504
3269
1894
857
-61
-613
-414
312
1226
2259
3205
3983
4578
4922
4974
4542
3921
3059
2063
1100
157
-234
-151
94
664
1502
2484
3351
3943
4268
4234
3949
3455
2751
1873
1119
592
178
-34
317
575
806
1330
1903
2260
2457
2583
2462
2079
1678
1266
907
725
613
588
720
1010
1327
1737
2208
2222
2042
2007
2063
1880
1620
1359
1127
1089
1148
1205
1373
1687
2001
2220
2302
2473
2738
2893
2868
2665
2329
1955
1423
603
-304
-1010
-1668
-2194
-2367
-2271
-1978
-1375
-469
371
993
1418
1908
2194
2004
1581
1040
420
-391
-983
-1319
-1350
-1000
-562
242
1153
1932
2607
3197
3469
3338
2934
2437
1758
1078
467
28
-314
-218
87
417
818
1305
1740
2078
2296
2424
2482
2184
1913
1523
1041
695
502
425
492
671
1109
1477
1654
1819
1826
1724
1536
1472
1446
1332
1075
962
960
810
700
721
824
788
577
441
431
258
142
-222
-470
-540
-751
-992
-991
-862
-732
-570
-611
-677
-591
-362
-460
-745
-1216
-1758
-2222
-2211
-1455
-161
1300
2750
3976
4604
4450
3722
2659
1363
-189
-1823
-3141
-3992
-4287
-4142
-3198
-1832
-248
1162
2155
2760
2874
2394
1516
422
-918
-2465
-3733
-4541
-4748
-4357
-3683
-2676
-1308
-74
846
1363
1519
1251
740
-156
-1232
-2305
-3461
-4114
-4316
-4181
-3592
-2761
-1932
-930
-141
265
307
415
241
-410
-1310
-2018
-2528
-3098
-3410
-3635
-3518
-3041
-2401
-1845
-1280
-916
-767
-826
-1074
-1415
-1615
-1769
-1984
-2100
-2168
-1999
-1731
-1209
-734
-381
-107
20
52
-72
-336
-439
-727
-1085
-1081
-907
-937
-958
-633
-195
207
426
500
637
897
927
797
506
2
-567
-1225
-2097
-2883
-3622
-4377
-4548
-4325
-3913
-3311
-2549
-1659
-637
159
618
774
826
526
-192
-1075
-1802
-2317
-2590
-2678
-2650
-2190
-1373
-637
208
1141
1900
2137
2214
2087
1775
1178
406
-357
-845
-1096
-1228
-1246
-890
-235
342
866
1364
1633
1745
1680
1594
1475
1242
1013
616
278
297
499
792
975
1111
1373
1599
1771
1811
1824
1864
1860
1607
1324
1156
1045
1185
1270
1216
1267
1291
1214
1166
1215
1144
887
648
388
103
-2
-67
-59
16
197
318
456
423
460
638
542
460
239
-124
-201
218
936
