-5089
-4632
-4464
-4420
-4254
-4305
-4338
-4268
-4387
-4760
-5130
-5347
-5277
-5013
-4844
-4556
-4484
-4549
-4431
-4232
-4119
-3928
-3775
-3947
-4215
-4543
-5245
-6205
-7122
-7858
-8480
-9068
-9327
-9228
-8751
-8081
-7182
-6170
-5381
-4940
-4504
-3887
-3779
-4260
-4731
-5399
-6153
-6893
-7333
-7293
-7046
-6327
-5411
-4423
-3329
-2545
-1980
-1482
-1394
-1629
-2177
-2900
-3715
-4323
-4617
-4771
-4740
-4557
-4093
-3555
-2965
-2390
-1997
-1858
-1932
-2329
-2936
-3818
-4768
-5180
-5057
-4718
-3973
-2919
-1734
-924
-865
-1417
-2546
-4224
-6235
-8208
-10041
-11470
-12119
-11997
-10928
-9299
-7616
-6129
-5131
-4755
-5003
-5957
-7464
-9088
-10818
-12403
-13246
-13187
-12318
-10572
-8198
-5653
-3242
-1082
319
928
778
109
-893
-2225
-3608
-5020
-6109
-6149
-4888
-2561
288
3265
5738
7436
8282
7997
6563
4437
1973
-695
-3392
-5619
-6991
-7364
-6773
-5455
-3499
-1325
620
1905
2296
1696
538
-1241
-3423
-5737
-8037
-9954
-10985
-11177
-10581
-9164
-7285
-5642
-4286
-3285
-2877
-3062
-4033
-5541
-7293
-9286
-10959
-12234
-13028
-13181
-12753
-11957
-10732
-9031
-7389
-6323
-5823
-5609
-5889
-6668
-7862
-9237
-10608
-11612
-12189
-12527
-12477
-11893
-10771
-9654
-8527
-7295
-6297
-5656
-5142
-4851
-4683
-4512
-4362
-4264
-4240
-3799
-3319
-2858
-2354
-1874
-1276
-620
-385
-442
-571
-853
-1027
-1150
-1427
-1693
-1813
-1868
-1705
-1442
-1338
-1248
-1481
-1658
-1827
-1985
-2085
-2440
-2772
-3143
-3781
-4431
-5043
-5730
-6150
-6345
-6665
-6797
-6400
-5703
-5029
-4457
-3876
-3287
-2608
-2368
-2732
-3558
-4509
-5593
-6681
-7567
-8255
-8553
-8491
-8146
-7422
-6519
-5858
-5387
-5000
-4549
-4351
-4433
-4726
-5065
-5480
-5988
-6382
-6562
-6225
-5616
-4781
-3760
-2891
-2020
-1236
-587
64
602
1135
1280
1258
1185
755
-33
-1117
-2226
-3311
-4239
-4939
-4885
-3920
-2269
-248
1746
3370
4659
5211
4995
4058
2430
469
-1239
-2534
-3503
-3952
-3511
-2163
-7
2249
3989
5331
6169
6243
5587
4386
2900
1459
117
-937
-1480
-1240
-85
1762
3748
5582
7055
7750
7987
8047
8184
8199
8114
8132
8104
7969
7548
7002
6264
5415
4403
3146
1838
800
-46
-621
-561
88
881
1800
2920
4058
4763
4965
4571
3820
2933
1910
799
-268
-1359
-2165
-2607
-2452
-1665
-1132
-651
-120
365
633
461
-28
-706
-1536
-2541
-3295
-3907
-4470
-4682
-4732
-4809
-4747
-4445
-4246
-4167
-4176
-4134
-4311
-4493
-4573
-4629
-4840
-5047
-5027
-4923
-4844
-4609
-4215
-4023
-3953
-3971
-4027
-4014
-4192
-4416
-4543
-4483
-4193
-3805
-3343
-2949
-2547
-2049
-1486
-1037
-806
-723
-778
-913
-1164
-1769
-2380
-2711
-2868
-2894
-2800
-2701
-2612
-2539
-2350
-2038
-1827
-1547
-1327
-1418
-1591
-1992
-2611
-3727
-5084
-6525
-7796
-8946
-9761
-10104
-10240
-9970
-9274
-8482
-7334
-6218
-5426
-4814
-4507
-4668
-5173
-5926
-7206
-8463
-9335
-9957
-10290
-10360
-9947
-9231
-8619
-7667
-6705
-6225
-5943
-5759
-5866
-6203
-6866
-7461
-8036
-8421
-8464
-8494
-8320
-7897
-7459
-6888
-6110
-5336
-4809
-4164
-3625
-3391
-3191
-3201
-3007
-2766
-2608
-2337
-2051
-1805
-1548
-1201
-832
-507
-209
-28
29
-172
-529
-674
-756
-921
-1094
-1133
-1110
-1121
-1139
-1132
-1195
-1246
-1274
-1500
-1901
-2144
-2227
-2280
-2661
-2877
-2805
-2744
-2669
-2550
-2291
-2063
-1958
-1960
-2067
-2354
-2949
-3664
-4097
-4082
-3619
-2500
-1066
160
1038
1308
1003
274
-898
-2322
-3963
-5618
-7049
-7969
-8359
-8068
-7142
-5820
-4233
-2955
-1891
-1270
-1365
-2005
-3098
-4660
-6153
-7505
-8576
-9274
-9365
-8876
-7851
-6568
-5198
-4025
-3074
-2508
-2304
-2545
-3346
-4452
-5762
-6761
-7630
-8441
-8754
-8529
-7800
-6895
-5811
-4714
-3865
-3405
-3235
-3392
-3803
-4316
-4936
-5606
-6172
-6776
-7094
-7122
-6806
-6194
-5552
-4989
-4667
-4487
-4400
-4527
-4751
-5215
-5561
-5824
-6143
-6443
-6568
-6364
-6185
-5992
-5644
-5377
-5271
-5313
-5421
-5635
-5754
-6014
-6341
-6496
-6494
-6544
-6648
-6497
-6145
-5870
-5500
-5145
-4985
-4912
-4850
-4813
-4987
-5346
-5992
-6850
-7714
-8636
-9591
-10428
-10867
-11099
-11097
-10764
-10133
-9243
-8343
-7259
-6235
-5544
-5420
-5675
-6098
-6923
-7871
-8654
-9230
-9586
-9689
-9395
-8673
-7774
-6919
-5935
-4809
-3941
-3428
-3228
-3341
-3666
-4028
-4490
-5143
-5760
-5934
-5721
-5448
-5042
-4645
-3929
-3100
-2426
-1902
-1487
-1373
-1260
-1031
-1097
-1212
-1161
-1249
-1188
-897
-600
-361
-153
93
339
729
968
1020
951
997
1064
872
738
877
845
629
461
472
519
457
240
102
7
-127
-346
-656
-864
-909
-817
-854
-1025
-840
-512
-153
5
-123
6
112
-259
-956
-1646
-2056
-2065
-1555
-490
953
2542
4059
4962
4926
4367
3567
2421
1028
-394
-1800
-2789
-3172
-3072
-2445
-1315
30
1341
2401
3136
3198
2716
1889
756
-602
-2039
-3233
-4077
-4291
-3952
-3186
-2146
-1087
22
923
1460
1629
1418
939
-2
-1121
-2323
-3403
-4183
-4567
-4394
-3917
-3125
-2186
-1295
-700
-88
282
16
-557
-1266
-2010
-2695
-3314
-3820
-4202
-4235
-4143
-3817
-3389
-3023
-2544
-1894
-1706
-1831
-2044
-2400
-2799
-3281
-3579
-3797
-3750
-3557
-3416
-3197
-2967
-2562
-2075
-1894
-1975
-2213
-2439
-2772
-3107
-3221
-3237
-3358
-3437
-3232
-2956
-2815
-2635
-2416
-2408
-2276
-2266
-2052
-1912
-2103
-2624
-3308
-4235
-5323
-6204
-6874
-7516
-7876
-7888
-7626
-7259
-6379
-5233
-4250
-3597
-3159
-2854
-2881
-3259
-4124
-5068
-5799
-6579
-7098
-7432
-7390
-7008
-6121
-5032
-4188
-3405
-2667
-2188
-2156
-2188
-2343
-2731
-3252
-3783
-4465
-4873
-5024
-4730
-4207
-3519
-2800
-2021
-1330
-766
-406
-373
-425
-593
-681
-851
-1173
-1316
-1177
-1098
-954
-455
-46
256
598
956
1387
1493
1429
1412
1350
1299
1203
974
936
971
957
995
956
912
849
652
571
293
11
-135
-368
-432
-495
-593
-622
-457
-396
-352
-293
-212
-375
-550
-530
-704
-1271
-2055
-2554
-2232
-1198
164
1590
2840
3672
4241
4062
3258
2105
626
-880
-2301
-3460
-4266
-4606
-4192
-3198
-1840
-365
811
1503
1802
1810
1271
51
-1329
-2754
-3961
-4994
-5658
-5713
-5226
-4238
-2945
-1860
-770
-65
143
47
-433
-1111
-1981
-3147
-4371
-5327
-5738
-5705
-5413
-4843
-4028
-3080
-2259
-1658
-1341
-1200
-1606
-2269
-2977
-3682
-4338
-4948
-5327
-5703
-5701
-5339
-4860
-4438
-4021
-3641
-3272
-3104
-3195
-3593
-4065
-4482
-4906
-5238
-5505
-5424
-5116
-4973
-4750
-4210
-3912
-3784
-3655
-3757
-3837
-4025
-4238
-4541
-4754
-4854
-4916
-4938
-4784
-4469
-4345
-4300
-4169
-3972
-3764
-3679
-3669
-3888
-4197
-4812
-5627
-6546
-7416
-8201
-8899
-9465
-9737
-9602
-9196
-8433
-7596
-6697
-5841
-5167
-4575
-4243
-4619
-5411
-6267
-7077
-7840
-8427
-8661
-8612
-8351
-7687
-6738
-5621
-4659
-4010
-3531
-3290
-3241
-3205
-3326
-3891
-4420
-5037
-5540
-5643
-5457
-5025
-4461
-4045
-3277
-2442
-1783
-1361
-1043
-853
-808
-971
-1285
-1277
-1266
-1228
-1193
-982
-578
-194
188
389
682
940
1093
1064
973
1044
1040
886
822
898
1043
973
969
1013
931
908
706
484
307
69
-6
14
4
-91
-167
-69
45
159
153
76
181
230
171
83
-261
-997
-1881
-2559
-2724
-2127
-1059
308
1786
2977
3541
3529
3070
2310
1244
-88
-1255
-2256
-2990
-3285
-2967
-2064
-925
316
1542
2343
2521
2286
1680
939
-133
-1314
-2609
-3719
-4364
-4399
-3846
-2933
-1770
-578
557
1240
1456
1422
1137
536
-453
-1569
-2534
-3302
-3739
-3839
-3503
-2707
-1872
-1068
-405
205
708
834
597
28
-604
-1314
-2226
-2965
-3340
-3518
-3442
-3205
-2890
-2297
-1620
-1178
-956
-897
-934
-1042
-1482
-2129
-2726
-3146
-3407
-3541
-3348
-3113
-2867
-2538
-2393
-2181
-2045
-2027
-2170
-2373
-2496
-2698
-2961
-3190
-3277
-3301
-3269
-3074
-2747
-2689
-2590
-2503
-2552
-2547
-2475
-2530
-2703
-3117
-3854
-4636
-5557
-6414
-7225
-7871
-8259
-8208
-7915
-7275
-6343
-5398
-4341
-3357
-2968
-2965
-3006
-3315
-3961
-4749
-5695
-6399
-6814
-7093
-6755
-6184
-5456
-4565
-3574
-2586
-1788
-1337
-1300
-1351
-1719
-2405
-2990
-3423
-3609
-3770
-3759
-3363
-2809
-2285
-1661
-849
-186
299
490
543
582
722
701
501
201
89
132
252
449
868
1478
1938
2162
2309
2394
2385
2497
2477
2427
2234
1984
1912
1920
1982
1854
1824
1979
1955
1765
1747
1589
1421
1116
694
539
653
791
750
680
693
792
734
689
905
991
942
797
383
-139
-403
-157
735
1895
3182
4678
5898
6358
6113
5424
4363
2768
1093
-466
-1969
-3088
-3680
-3497
-2446
-986
705
2237
3618
4478
4625
4223
3366
2076
380
-1509
-3089
-4046
-4410
-4354
-3715
-2500
-1261
-144
922
1643
1959
1786
1181
396
-855
-2315
-3562
-4476
-4834
-4748
-4248
-3383
-2526
-1660
-916
-336
88
234
-170
-830
-1546
-2410
-3377
-4101
-4427
-4573
-4403
-3930
-3567
-3134
-2810
-2636
-2464
-2211
-2150
-2506
-3044
-3391
-3504
-3531
-3486
-3338
-3121
-2774
-2480
-2159
-1891
-1714
-1710
-1857
-1934
-2022
-2347
-2657
-2807
-3003
-3052
-2872
-2483
-2140
-1956
-1860
-1704
-1641
-1490
-1485
-1674
-1882
-2256
-2875
-3566
-4493
-5647
-6625
-7229
-7415
-7361
-7176
-6569
-5841
-5038
-4057
-3187
-2668
-2444
-2385
-2554
-3177
-4150
-5082
-5900
-6672
-7185
-7059
-6528
-5933
-5062
-4111
-3324
-2620
-2011
-1770
-1916
-2225
-2670
-3248
-3763
-4291
-4689
-4717
-4436
-4072
-3647
-2941
-2142
-1465
-840
-398
-199
-93
-112
-282
-414
-517
-655
-638
-489
-320
82
538
873
1239
1562
1813
2131
2051
1917
1853
2011
2033
1707
1584
1700
1729
1649
1722
1713
1610
1474
1372
1274
1086
850
745
775
743
750
726
638
669
901
1053
1103
1032
972
750
289
-428
-937
-1329
-1396
-622
612
1808
3036
4052
4482
4315
3509
2342
1065
-280
-1638
-2671
-3311
-3306
-2735
-1781
-469
1063
2388
3163
3490
3259
2523
1307
-142
-1684
-3052
-3974
-4514
-4510
-3819
-2751
-1668
-457
739
1431
1783
1751
1283
680
-148
-1250
-2416
-3305
-3663
-3567
-3153
-2363
-1476
-574
195
714
979
1086
893
478
-140
-995
-1727
-2321
-2787
-3062
-2973
-2712
-2101
-1494
-978
-542
-387
-330
-368
-529
-984
-1480
-1785
-2136
-2311
-2330
-2149
-1944
-1694
-1465
-1334
-1226
-1162
-1131
-1238
-1540
-1991
-2482
-2580
-2568
-2586
-2570
-2446
-2210
-1943
-1892
-1788
-1623
-1377
-1373
-1458
-1578
-2028
-2618
-3253
-4013
-5059
-6079
-6783
-7310
-7391
-7135
-6665
-5950
-5033
-4093
-3365
-2718
-2223
-2062
-2242
-2897
-3752
-4678
-5505
-6034
-6335
-6309
-5910
-5124
-4261
-3400
-2364
-1487
-895
-515
-413
-540
-1017
-1732
-2302
-2617
-2623
-2598
-2490
-2292
-1899
-1229
-549
132
817
1458
1835
1892
1729
1450
1328
1286
1157
1093
1190
1516
1872
2083
2468
2863
3096
3326
3424
3373
3331
3380
3426
3367
3070
2985
2928
2770
2825
2886
2915
3014
2753
2518
2363
2213
1943
1769
1656
1544
1457
1577
1808
1978
1919
1784
1692
1822
2007
1833
1507
948
275
17
57
711
1900
3265
4766
5945
6405
6409
5870
4814
3575
2255
836
-407
-1200
-1449
-1155
-405
800
2174
3408
4376
4860
4654
4208
3399
2141
695
-543
-1578
-2328
-2652
-2279
-1231
-26
978
1858
2537
3074
3131
2807
2072
1168
146
-1091
-1995
-2334
-2528
-2401
-1749
-892
-24
726
1381
1791
1808
1548
1003
304
-402
-1147
-2004
-2562
-2801
-2730
-2423
-2086
-1682
-1203
-724
-432
-330
-381
-635
-948
-1286
-1628
-1897
-2094
-2100
-2165
-2155
-1890
-1501
-1201
-987
-962
-808
-668
-800
-1353
-1667
-1615
-1795
-2060
-2046
-1830
-1737
-1471
-1077
-894
-825
-792
-630
-532
-632
-987
-1697
-2529
-3381
-4144
-4822
-5458
-6239
-6677
-6695
-6334
-5627
-4730
-3755
-2779
-2057
-1692
-1588
-1779
-2238
-2933
-3750
-4462
-5210
-5732
-5871
-5679
-5173
-4413
-3476
-2490
-1712
-1069
-680
-506
-740
-1140
-1689
-2238
-2713
-3050
-3151
-3161
-2815
-2381
-1761
-1065
-391
183
673
1037
1160
999
962
913
777
738
645
727
929
1019
1227
1569
2106
2563
2781
2972
3038
2896
2693
2648
2614
2423
2330
2299
2088
2079
2299
2460
2336
2105
2053
1873
1636
1475
1362
1099
950
1042
1223
1489
1419
1257
1314
1477
1539
1471
1488
1354
752
90
-455
-605
-137
856
2242
3679
4810
5583
5724
5293
4584
3367
2025
565
-768
-1692
-2168
-2100
-1445
-274
1093
2452
3579
4110
4138
3885
3130
1922
524
-765
-1808
-2676
-3069
-2918
-2162
-973
-50
903
1837
2477
2567
2213
1586
746
-306
-1443
-2504
-2918
-2986
-2916
-2572
-1807
-795
66
692
1318
1590
1381
993
417
-303
-992
-1826
-2498
-2803
-2833
-2612
-2141
-1644
-1273
-852
-509
-470
-372
-476
-757
-1246
-1672
-1987
-2348
-2444
-2294
-2109
-1885
-1516
-1175
-1016
-824
-834
-923
-973
-1075
-1213
-1481
-1764
-1938
-1915
-1736
-1391
-1258
-1229
-1163
-967
-628
-437
-460
-477
-804
-1335
-1932
-2667
-3481
-4458
-5427
-6158
-6567
-6420
-6011
-5481
-4806
-3897
-3007
-2275
-1897
-1555
-1334
-1618
-2323
-3229
-4167
-4877
-5157
-5507
-5663
-5294
-4378
-3256
-2242
-1372
-617
-69
191
62
-242
-756
-1221
-1620
-2065
-2394
-2486
-2330
-1875
-1291
-563
227
1057
1647
1920
2072
2241
2308
2205
2131
1920
1858
1846
1951
2141
2460
2780
3046
3335
3715
3967
4085
4114
4225
4170
3860
3709
3650
3643
3590
3506
3358
3327
3208
3196
3341
3252
3060
2849
2631
2408
2240
2283
2320
2358
2401
2459
2558
2452
2451
2666
2811
2525
2014
1435
933
709
991
1890
3137
4560
5846
6593
6926
6743
5981
4870
3643
2215
873
-365
-1065
-1004
-489
539
1867
3182
4283
4939
5150
4917
4243
3187
1949
702
-585
-1455
-1987
-2102
-1625
-695
402
1503
2605
3198
3318
3220
2821
2141
1305
288
-683
-1610
-2047
-2020
-1633
-999
-124
677
1301
1749
2117
2229
1956
1566
868
-27
-824
-1375
-1737
-1995
-1877
-1668
-1450
-1052
-441
119
391
418
367
109
-256
-708
-1057
-1269
-1404
-1472
-1249
-1026
-713
-266
111
214
292
394
393
137
-317
-684
-858
-835
-1040
-1024
-892
-691
-453
-267
-80
20
87
43
53
151
-115
-764
-1717
-2727
-3503
-4078
-4512
-4937
-5327
-5310
-4799
-4202
-3380
-2339
-1463
-986
-725
-484
-715
-1365
-2237
-3029
-3733
-4265
-4649
-4780
-4513
-3959
-3187
-2173
-1159
-326
245
526
506
308
-48
-498
-1053
-1678
-2088
-2273
-2188
-1759
-1231
-534
92
741
1340
1726
1809
1766
1486
1174
967
733
624
813
1181
1807
2201
2453
2370
2269
2085
1472
676
33
-134
-78
308
875
1650
2528
3332
3766
3874
3650
3246
2232
1062
234
-325
-446
-155
504
1535
2789
4130
5251
6123
6434
6305
5741
5097
4354
3409
2759
2307
2024
2053
2572
3558
4992
6651
8257
9426
9966
9841
8959
7553
5871
4163
2537
1149
255
44
309
1005
2077
3284
4538
5505
5809
5646
5107
3976
2572
1100
-109
-1179
-2084
-2481
-2267
-1542
-729
122
1076
1869
2160
2363
2261
1746
817
-333
-1409
-2492
-3260
-3688
-3663
-3258
-2634
-1851
-928
-215
218
405
414
311
-155
-938
-1669
-2347
-2924
-2919
-2869
-2521
-2069
-1465
-809
-242
175
709
926
737
599
304
-5
-265
-299
-289
-9
456
916
1231
1527
1890
2017
1994
1955
1864
1580
1149
980
764
507
349
461
589
749
882
1072
1221
1054
969
1069
947
726
368
-76
-635
-1548
-2529
-3280
-4083
-4886
-5420
-5374
-5001
-4509
-3973
-3226
-2381
-1676
-1322
-1263
-1362
-1774
-2431
-3328
-4245
-5123
-5761
-5894
-5511
-4903
-4257
-3436
-2542
-1853
-1374
-1000
-797
-885
-1356
-2016
-2866
-3682
-4111
-4287
-4271
-4120
-3724
-3012
-2356
-1821
-1275
-640
-240
-163
-99
-290
-694
-1175
-1627
-2040
-2215
-2200
-2042
-1609
-826
5
728
1184
1347
1260
1113
901
415
-315
-1038
-1482
-1771
-1826
-1529
-925
-193
459
885
830
614
157
-478
-938
-1584
-2218
-2707
-3166
-3305
-3124
-2820
-2343
-1774
-1185
-858
-1049
-1808
-2877
-4200
-5390
-6000
-5747
-4807
-3269
-1595
-70
1055
1444
1073
350
-812
-2578
-4613
-6119
-7372
-8297
-8426
-7693
-6130
-4240
-2534
-1052
-117
299
134
-586
-1853
-3562
-5244
-6311
-6962
-7309
-7112
-6245
-4973
-3604
-2333
-1141
-198
314
236
-309
-1200
-2226
-3261
-4293
-5056
-5260
-4926
-3971
-3060
-2119
-1059
-98
569
933
832
503
170
-489
-1383
-2071
-2407
-2624
-2727
-2561
-2041
-1447
-830
-239
76
194
190
10
-247
-603
-1034
-1422
-1820
-2011
-1792
-1562
-1252
-857
-352
-143
-86
-9
-101
-246
-378
-735
-1146
-1287
-1230
-1355
-1267
-956
-647
-395
-110
206
415
561
801
838
533
183
-233
-760
-1623
-2644
-3384
-3754
-3952
-3923
-3655
-3097
-2264
-1345
-274
576
1134
1674
1850
1475
933
405
-184
-869
-1343
-1536
-1403
-888
44
929
1785
2526
3416
3956
4031
3888
3588
3289
2742
2123
1653
1335
1256
1296
1483
2104
2748
3192
3647
3889
3969
3875
3710
3465
3230
2956
2732
2651
2511
2418
2488
2707
3014
3171
3239
3577
3799
3731
3557
3353
3065
2886
2697
2685
2773
2749
2695
2777
2932
2800
2670
2469
2180
1939
1874
1766
1595
1472
1365
1398
1526
1516
1640
1714
1793
1979
2075
1928
1726
1288
622
-248
-842
-909
-489
419
1818
3267
4341
4733
4647
4255
3586
2583
1613
751
151
-268
-291
299
1212
2505
3659
4525
5063
5124
4816
4169
3187
2066
901
21
-559
-746
-573
96
1135
2281
3358
4316
4950
5162
4909
4449
3791
2869
1948
1147
449
163
356
890
1567
2288
3074
3699
4172
4388
4283
4034
3356
2696
2104
1309
776
481
381
648
1086
1560
2063
2420
2777
3022
3181
3031
2597
2170
1501
1103
887
492
311
535
829
1189
1581
1765
1711
1691
1473
1238
1110
926
713
720
857
959
1066
1083
1305
1527
1688
1732
1793
1976
2098
2162
2051
1726
1185
502
-319
-1152
-1881
-2603
-3095
-3289
-3111
-2616
-1936
-1214
-371
547
1283
1766
1822
1641
1263
482
-208
-823
-1307
-1733
-1881
-1482
-820
48
953
1833
2641
3225
3371
3284
2815
2391
1880
1210
612
-36
-283
-96
157
551
1034
1452
1795
2007
2226
2304
2202
1991
1548
1152
891
501
383
326
430
698
849
1007
1231
1416
1411
1306
1175
1180
997
806
630
453
267
115
-20
-95
-49
22
61
-2
-97
-461
-880
-1165
-1266
-1282
-1370
-1430
-1424
-1211
-1015
-1017
-1084
-1040
-1072
-1052
-986
-1238
-1808
-2100
-1810
-1013
17
1296
2784
4302
5324
5509
4985
3925
2397
684
-1220
-3074
-4672
-5654
-5851
-5086
-3674
-1802
110
1959
3260
3858
3856
3190
1982
446
-1299
-3153
-4705
-5575
-5842
-5524
-4546
-3273
-1991
-723
247
861
1106
762
18
-905
-2120
-3364
-4409
-5155
-5696
-5622
-5043
-4229
-3102
-2128
-1278
-655
-409
-544
-787
-1313
-1951
-2489
-3139
-3810
-4052
-4200
-4187
-4045
-3659
-2988
-2391
-2114
-1843
-1869
-2046
-2277
-2600
-2806
-2805
-2764
-2575
-2436
-2096
-1590
-984
-628
-565
-462
-402
-464
-753
-1032
-1258
-1256
-1077
-946
-811
-624
-217
96
283
598
932
1152
1285
1216
1128
805
96
-619
-1299
-2205
-2964
-3490
-3944
-4173
-4050
-3748
-3131
-2287
-1497
-546
272
926
1226
1000
392
-328
-873
-1483
-2342
-3056
-3223
-3034
-2448
-1606
-686
138
748
1258
1603
1742
1578
1080
315
-414
-1090
-1673
-2005
-2236
-2071
-1611
-1005
-316
264
593
879
1031
1063
890
720
341
59
-201
-357
-355
-206
-108
33
370
761
1007
1092
1150
1324
1467
1306
978
931
895
694
623
787
1042
1101
1023
890
884
928
773
443
144
118
90
161
229
144
11
242
328
364
495
602
586
472
277
-18
-394
-879
-1128
-877
