-5256
-4845
-4476
-4362
-4276
-4243
-4218
-4393
-4704
-4934
-5046
-4997
-5137
-5167
-5264
-5181
-4866
-4677
-4511
-4332
-4087
-4004
-4026
-3983
-4180
-4593
-5249
-5933
-6593
-7419
-8237
-8844
-9203
-9386
-9213
-8508
-7806
-7004
-5932
-4881
-4194
-3840
-3794
-4124
-4982
-5810
-6559
-7110
-7252
-7358
-7104
-6466
-5694
-4729
-3627
-2560
-1948
-1598
-1516
-1711
-2180
-2755
-3246
-3978
-4549
-4772
-4743
-4406
-3989
-3681
-3269
-2684
-2119
-1794
-1881
-2079
-2681
-3488
-4304
-4899
-5098
-4889
-4287
-3275
-1983
-981
-774
-1481
-2623
-4371
-6348
-8233
-10116
-11287
-11656
-11502
-10806
-9392
-7570
-6219
-5394
-5042
-5141
-5905
-7357
-9332
-11152
-12496
-13192
-13023
-12306
-10874
-8478
-5704
-3129
-1189
242
1118
1046
253
-875
-2137
-3775
-5242
-6205
-6247
-5105
-2867
89
3246
5656
7200
7976
7689
6487
4482
2043
-647
-3549
-6135
-7738
-8243
-7804
-6288
-4116
-1951
126
1573
2132
2146
1146
-693
-2973
-5452
-7921
-9971
-11082
-11110
-10489
-9350
-7709
-5847
-4392
-3530
-3098
-3298
-4142
-5498
-7207
-9107
-10887
-12165
-13072
-13333
-12965
-12134
-10781
-9213
-7827
-6829
-6141
-5902
-6059
-6753
-7707
-8906
-10236
-11237
-12021
-12503
-12501
-12226
-11424
-10483
-9321
-7819
-6751
-6016
-5511
-5277
-5161
-5240
-5271
-5005
-4669
-4245
-3667
-3336
-2779
-2228
-1784
-1362
-1030
-924
-1089
-1291
-1388
-1508
-1775
-1978
-2098
-1960
-1820
-1669
-1472
-1356
-1313
-1429
-1715
-2038
-2369
-2485
-2680
-3248
-3874
-4407
-4985
-5556
-5784
-5951
-6175
-6434
-6353
-6000
-5444
-4635
-3771
-2917
-2466
-2513
-3032
-3784
-4492
-5142
-6105
-7151
-7955
-8472
-8712
-8560
-8141
-7389
-6475
-5672
-5128
-4652
-4463
-4517
-4681
-5034
-5485
-5984
-6302
-6331
-6021
-5476
-4861
-4026
-3072
-2088
-1190
-521
66
409
720
930
1184
1252
1008
310
-692
-1662
-2872
-4165
-5079
-4903
-3735
-2019
-166
1803
3460
4360
4909
4905
4200
2762
882
-965
-2580
-3692
-3887
-3141
-1764
163
2292
4189
5533
6328
6416
5827
4705
3108
1564
46
-1117
-1613
-1270
-92
1765
3702
5637
7045
7775
8087
8292
8319
8386
8452
8474
8305
8020
7726
7239
6404
5407
4312
3281
2109
1070
122
-566
-388
86
803
1863
3046
4051
4730
5192
5223
4601
3501
2417
1123
-362
-1631
-2160
-2294
-2290
-2123
-1717
-1163
-555
62
338
291
-59
-632
-1506
-2627
-3582
-4279
-4631
-5041
-5252
-5184
-4984
-4703
-4724
-4588
-4442
-4467
-4493
-4753
-4948
-5087
-5181
-5248
-5377
-5293
-4878
-4618
-4379
-4236
-4200
-4308
-4311
-4406
-4714
-4873
-4803
-4622
-4305
-3969
-3603
-3115
-2628
-2140
-1580
-1087
-760
-703
-747
-1119
-1690
-2031
-2307
-2620
-2935
-3056
-2975
-2906
-2715
-2515
-2461
-2100
-1710
-1442
-1321
-1156
-1177
-1727
-2551
-3470
-4556
-5865
-7205
-8507
-9593
-10095
-10161
-9902
-9353
-8602
-7569
-6462
-5504
-4890
-4645
-4854
-5438
-6250
-7171
-8337
-9398
-10197
-10551
-10619
-10481
-9926
-9040
-7974
-6959
-6291
-6010
-5991
-6274
-6621
-7066
-7711
-8405
-8932
-9239
-9202
-8915
-8613
-8034
-7277
-6458
-5692
-5108
-4743
-4434
-4181
-3809
-3600
-3454
-3492
-3483
-3039
-2683
-2412
-2046
-1691
-1222
-986
-952
-1049
-1089
-971
-981
-1219
-1449
-1606
-1694
-1669
-1714
-1646
-1590
-1668
-1718
-1547
-1587
-1919
-2123
-2391
-2685
-2947
-3136
-3158
-3310
-3446
-3372
-3076
-2936
-2784
-2628
-2573
-2668
-2914
-3483
-4207
-4771
-4836
-4254
-3370
-2296
-1070
-9
636
716
-118
-1478
-2901
-4406
-6014
-7518
-8290
-8601
-8527
-7627
-6224
-4667
-3398
-2626
-2146
-2087
-2452
-3418
-4781
-6104
-7708
-9059
-9895
-10102
-9572
-8740
-7517
-6119
-4833
-3754
-3108
-2974
-3305
-3901
-4766
-5933
-7128
-8078
-8866
-9193
-9041
-8390
-7462
-6463
-5375
-4503
-3958
-3558
-3457
-3731
-4225
-4824
-5656
-6617
-7295
-7543
-7470
-7074
-6635
-6203
-5839
-5477
-5131
-4843
-4777
-4986
-5439
-5938
-6428
-6700
-6944
-7002
-6922
-6759
-6566
-6205
-5819
-5616
-5520
-5593
-5887
-6211
-6578
-6879
-7048
-7089
-7037
-6863
-6722
-6704
-6414
-5842
-5694
-5730
-5690
-5532
-5326
-5307
-5648
-6257
-7052
-7999
-8823
-9567
-10415
-11058
-11459
-11602
-11174
-10547
-9692
-8584
-7531
-6638
-5938
-5420
-5528
-6185
-6960
-7600
-8485
-9482
-10093
-10098
-9688
-9165
-8283
-7164
-6093
-5223
-4317
-3660
-3477
-3494
-3896
-4539
-5178
-5472
-5807
-6036
-5964
-5638
-5169
-4523
-3903
-3163
-2477
-1966
-1543
-1107
-788
-694
-761
-992
-1166
-1232
-1161
-894
-613
-370
46
311
383
660
1039
1134
1157
1104
1029
973
913
1025
1117
968
736
494
551
719
762
673
297
-80
-269
-300
-376
-606
-706
-621
-450
-304
-257
-251
-100
92
208
117
-36
-346
-918
-1561
-1945
-1546
-490
962
2435
3839
4635
4868
4523
3787
2614
1137
-269
-1445
-2505
-3077
-3114
-2394
-1258
9
1395
2528
3138
3227
3024
2363
1106
-121
-1369
-2558
-3633
-4037
-3725
-3101
-2352
-1198
145
1274
1824
1673
1441
848
-41
-1086
-2095
-3158
-3912
-4120
-4068
-3680
-2917
-2190
-1194
-301
127
259
126
-68
-545
-1421
-2332
-3011
-3516
-3966
-4072
-3998
-3720
-3176
-2478
-1943
-1676
-1538
-1619
-1796
-2024
-2365
-2732
-3261
-3557
-3646
-3635
-3578
-3272
-2870
-2408
-2125
-1954
-1746
-1768
-1975
-2302
-2676
-2883
-3027
-3236
-3362
-3348
-3142
-2755
-2398
-2179
-1965
-1836
-1898
-2061
-2095
-2075
-2336
-2932
-3736
-4679
-5626
-6556
-7200
-7595
-7779
-7509
-6957
-6446
-5828
-4877
-4089
-3400
-2929
-2925
-3354
-3916
-4616
-5636
-6545
-7176
-7420
-7347
-7014
-6510
-5590
-4461
-3642
-2941
-2327
-1998
-2097
-2403
-2939
-3522
-4197
-4676
-4951
-4966
-4554
-4051
-3623
-3225
-2573
-1944
-1260
-843
-551
-434
-505
-644
-904
-1118
-1133
-1108
-1096
-908
-579
-95
332
609
981
1184
1384
1467
1386
1292
1071
983
977
1032
998
868
822
792
780
747
657
472
320
87
-208
-515
-685
-627
-488
-468
-420
-308
-218
-200
-270
-293
-199
-369
-799
-1489
-2111
-2517
-2388
-1670
-430
1155
2716
3638
3962
3757
2939
1818
639
-584
-1966
-3154
-4042
-4423
-4014
-3046
-1656
-237
872
1680
2094
1871
1227
203
-1057
-2362
-3623
-4792
-5487
-5488
-5057
-4316
-3342
-2247
-1147
-368
71
33
-365
-1066
-2069
-3206
-4354
-5303
-5784
-5611
-5286
-4866
-4293
-3468
-2534
-1653
-1224
-1237
-1519
-1976
-2840
-3795
-4613
-5217
-5683
-5851
-5692
-5339
-4920
-4438
-3854
-3462
-3314
-3303
-3473
-3732
-4092
-4482
-4775
-4960
-5111
-5165
-5250
-5044
-4680
-4309
-3918
-3834
-3867
-3674
-3752
-4057
-4305
-4614
-4995
-5090
-5095
-5035
-4793
-4514
-4195
-3996
-3872
-3762
-3676
-3511
-3433
-3552
-3966
-4725
-5506
-6235
-7225
-8151
-8782
-9256
-9481
-9508
-9255
-8685
-7797
-6702
-5622
-4917
-4535
-4420
-4594
-5360
-6352
-7190
-7965
-8609
-8926
-8764
-8542
-8160
-7347
-6322
-5163
-4216
-3721
-3331
-3142
-3236
-3573
-4063
-4612
-5095
-5536
-5703
-5537
-5024
-4360
-3743
-3109
-2517
-1848
-1287
-855
-451
-385
-638
-887
-1225
-1372
-1202
-1011
-867
-699
-191
236
468
784
1109
1212
1204
1188
1064
1085
1306
1297
1144
1173
1136
1069
1126
1227
1189
975
696
552
541
262
15
-113
-73
-29
58
228
375
376
367
380
400
526
462
43
-509
-1184
-1900
-2156
-1736
-819
483
1913
3135
3765
3843
3512
2719
1637
334
-974
-2091
-2716
-2950
-2839
-2025
-689
460
1410
2291
2736
2667
2222
1483
510
-631
-1985
-3211
-3976
-4284
-3938
-3045
-1907
-684
376
1179
1713
1825
1470
683
-87
-1129
-2229
-3076
-3688
-3735
-3237
-2530
-1838
-1009
-120
422
860
1046
964
821
222
-682
-1613
-2267
-2808
-3236
-3304
-3007
-2580
-1880
-1153
-756
-597
-691
-724
-939
-1203
-1550
-2138
-2597
-2760
-2820
-2714
-2589
-2398
-2139
-1872
-1558
-1407
-1364
-1322
-1503
-1962
-2540
-2791
-2720
-2657
-2660
-2605
-2357
-2206
-2097
-1913
-1746
-1694
-1738
-1765
-1668
-1800
-2339
-3135
-4090
-5024
-5856
-6421
-6899
-7289
-7349
-6991
-6441
-5792
-4796
-3870
-3131
-2537
-2352
-2439
-2785
-3404
-4184
-5061
-5993
-6585
-6742
-6516
-5762
-4767
-3880
-3201
-2450
-1659
-1036
-710
-717
-946
-1422
-1835
-2383
-2938
-3286
-3228
-3034
-2674
-1948
-1071
-421
35
337
792
1149
1141
1071
1043
1008
883
809
757
822
864
1166
1591
2010
2289
2468
2700
2914
2762
2561
2620
2546
2361
2237
2262
2391
2317
2161
2205
2299
2248
2145
2019
1759
1505
1301
1134
1060
1026
1013
1016
1090
1134
1192
1235
1197
1174
1130
886
554
210
-31
-46
443
1332
2667
4211
5438
6017
5964
5445
4284
2822
1430
5
-1359
-2579
-3197
-3012
-2307
-1101
447
2062
3439
4225
4398
4050
3290
2120
591
-896
-2234
-3493
-4180
-4142
-3547
-2494
-1374
-360
650
1361
1790
1779
1314
541
-723
-2006
-3042
-3947
-4421
-4396
-4035
-3351
-2363
-1419
-718
-101
391
516
307
-361
-1183
-1980
-2808
-3370
-3898
-4247
-4075
-3570
-3210
-2887
-2493
-2213
-1956
-1884
-1897
-2148
-2511
-2957
-3232
-3506
-3705
-3605
-3269
-2893
-2546
-2154
-1757
-1661
-1720
-1769
-1946
-2429
-2730
-2971
-3112
-3045
-2899
-2789
-2537
-2260
-1980
-1637
-1403
-1415
-1453
-1485
-1574
-1699
-2028
-2729
-3630
-4452
-5278
-6178
-6972
-7486
-7576
-7596
-7244
-6412
-5323
-4257
-3430
-2798
-2472
-2427
-2803
-3384
-3972
-4777
-5840
-6762
-7310
-7329
-6874
-6138
-5147
-4066
-3221
-2576
-2018
-1775
-1633
-1961
-2460
-3090
-3678
-4204
-4640
-4639
-4442
-4034
-3580
-2990
-2173
-1396
-1014
-668
-352
-267
-207
-172
-320
-400
-563
-615
-423
-367
44
512
758
1082
1488
1708
1786
1856
1977
1776
1509
1405
1357
1428
1541
1503
1475
1550
1568
1575
1561
1405
1048
737
632
527
474
337
248
449
458
263
328
602
849
884
778
536
-23
-617
-1178
-1605
-1529
-966
136
1429
2753
3812
4402
4219
3497
2527
1263
-199
-1649
-2801
-3303
-3362
-2975
-1901
-543
873
2111
2883
3345
3332
2531
1384
16
-1375
-2740
-3864
-4441
-4379
-3975
-3049
-1781
-643
400
1153
1602
1761
1389
666
-153
-1149
-2423
-3359
-3875
-3882
-3554
-2794
-1816
-857
-41
518
974
1167
902
386
-432
-1236
-2153
-2864
-3169
-3226
-2951
-2693
-2372
-1962
-1392
-769
-398
-534
-939
-1109
-1276
-1561
-1737
-1983
-2183
-2320
-2353
-2270
-1906
-1404
-1180
-1161
-1309
-1197
-1323
-1629
-1872
-2128
-2265
-2324
-2359
-2424
-2367
-2093
-1827
-1780
-1610
-1556
-1454
-1219
-1226
-1485
-1723
-2121
-2843
-3722
-4692
-5539
-6247
-6835
-7150
-7038
-6537
-5775
-5116
-4344
-3505
-2704
-2114
-1861
-1975
-2384
-3036
-3920
-4763
-5531
-6112
-6240
-5917
-5241
-4249
-3144
-2238
-1432
-698
-357
-324
-480
-571
-1045
-1688
-2156
-2489
-2585
-2623
-2452
-1956
-1280
-595
82
666
1163
1514
1764
1790
1703
1665
1597
1506
1398
1474
1579
1695
2030
2321
2789
3161
3386
3638
3707
3774
3767
3527
3274
3087
2947
2929
2701
2775
2993
2993
3007
2938
2856
2687
2462
2370
2118
1879
1842
1857
1946
1946
1938
2030
2055
2155
2266
2350
2103
1735
1116
575
240
135
620
1644
3131
4597
5693
6340
6426
5719
4686
3615
2287
903
-373
-1251
-1564
-1409
-781
385
1865
3246
4332
4921
4944
4370
3449
2402
1194
-147
-1331
-2189
-2526
-2226
-1398
-357
681
1659
2395
2821
3038
3038
2432
1383
168
-967
-1724
-2208
-2560
-2413
-1708
-987
-236
641
1277
1685
1932
1805
1386
665
-79
-858
-1499
-1935
-2350
-2612
-2505
-2079
-1478
-1003
-536
-224
-94
-147
-375
-748
-1157
-1419
-1728
-2074
-2127
-1980
-1838
-1682
-1287
-1013
-678
-541
-468
-363
-553
-1040
-1522
-1830
-1853
-1797
-1836
-1715
-1373
-1081
-965
-846
-652
-493
-434
-558
-635
-785
-1147
-1801
-2721
-3598
-4479
-5285
-5923
-6251
-6233
-5954
-5373
-4632
-3906
-3094
-2191
-1584
-1300
-1439
-1820
-2456
-3160
-3962
-4728
-5387
-5722
-5436
-4869
-4150
-3223
-2320
-1520
-786
-389
-308
-451
-651
-1059
-1473
-2159
-2757
-2929
-2859
-2678
-2310
-1629
-814
-83
546
1144
1529
1800
1776
1625
1444
1292
1068
1077
1057
993
1128
1479
2093
2683
2943
3014
3224
3348
3438
3431
3331
3215
3262
3233
3154
3042
3074
3117
2940
2850
2881
2713
2443
2296
2204
2073
1914
1813
1746
1734
1809
1950
2176
2276
2172
2246
2339
2339
2093
1496
785
341
182
489
1372
2603
3898
5115
6002
6366
6093
5201
3933
2711
1378
105
-946
-1512
-1629
-1178
-77
1397
2730
3734
4407
4630
4406
3756
2668
1237
-178
-1376
-2208
-2580
-2407
-1876
-1042
161
1271
2047
2573
2874
2818
2313
1286
224
-903
-1796
-2395
-2685
-2601
-2251
-1620
-880
73
906
1547
1910
1620
1138
492
-232
-892
-1574
-2147
-2514
-2570
-2447
-2241
-1638
-1021
-476
-149
-1
-12
-162
-505
-965
-1337
-1720
-2076
-2190
-1993
-1783
-1422
-1119
-924
-612
-452
-483
-580
-762
-993
-1278
-1574
-1717
-1656
-1568
-1533
-1442
-1136
-838
-800
-782
-688
-543
-408
-408
-595
-1107
-1789
-2421
-3228
-4161
-4968
-5691
-6149
-6223
-5972
-5523
-5107
-4476
-3370
-2255
-1593
-1343
-1326
-1529
-2184
-3057
-3964
-4855
-5506
-5708
-5686
-5351
-4791
-3982
-3060
-2158
-1189
-630
-360
-412
-622
-946
-1392
-1895
-2512
-2822
-2731
-2328
-1941
-1517
-915
-393
244
797
1258
1524
1576
1563
1541
1477
1225
1076
1101
1216
1566
1838
2143
2514
2899
3150
3353
3424
3489
3675
3706
3604
3382
3159
3077
3063
2879
2880
3023
3048
2910
2615
2418
2338
2280
2276
2005
1897
1941
1922
1986
2051
2030
2002
2045
2280
2267
2187
2000
1625
1150
525
6
75
753
1953
3470
4984
6109
6451
6168
5504
4542
3306
1859
461
-656
-1320
-1536
-1225
-398
775
2331
3691
4420
4795
4771
4131
3047
1819
598
-722
-1896
-2419
-2391
-1902
-1048
39
1055
1963
2715
3055
2937
2561
1744
773
-73
-998
-1872
-2277
-2313
-2099
-1455
-592
284
1064
1664
2041
2234
2037
1421
682
-51
-591
-1263
-1773
-2000
-2091
-1792
-1219
-737
-238
84
419
539
447
75
-338
-707
-1066
-1314
-1475
-1409
-1372
-993
-655
-473
-127
157
420
432
114
-314
-601
-851
-1068
-998
-787
-888
-749
-389
-140
-148
-54
-48
48
200
259
285
1
-559
-1272
-1985
-2759
-3593
-4381
-4943
-5262
-5304
-4896
-4106
-3361
-2591
-1608
-776
-427
-340
-545
-1036
-1679
-2436
-3276
-3908
-4322
-4527
-4325
-3773
-2874
-1856
-986
-259
246
755
1064
926
452
60
-414
-775
-1076
-1243
-1136
-1071
-627
216
1074
1729
2226
2408
2358
2426
2418
2147
1680
1333
1164
1424
1857
2224
2601
2842
3012
2985
2540
2013
1566
1115
906
866
1017
1642
2395
3274
4183
4553
4565
4343
4002
3387
2375
1328
704
547
857
1484
2379
3662
4931
5902
6553
7095
7239
6917
6235
5417
4607
3910
3382
2946
2654
3092
4121
5658
7373
8963
10115
10605
10599
9809
8493
6914
5278
3684
2303
1482
1078
1167
1804
2943
4323
5578
6315
6563
6409
5725
4846
3625
2158
835
-187
-878
-1341
-1423
-876
82
1136
1947
2678
3159
3178
2859
2292
1455
486
-591
-1481
-2302
-2822
-2897
-2608
-1973
-1105
-400
212
707
1061
1056
879
393
-204
-899
-1501
-1994
-2314
-2407
-2192
-1737
-1047
-168
444
763
1041
1162
1157
1159
1034
635
277
208
139
223
514
963
1457
1886
2085
2283
2364
2146
1915
1670
1361
1060
856
772
734
773
862
928
1053
1214
1243
1313
1476
1504
1311
999
798
348
-396
-1343
-2136
-2923
-3643
-4252
-4737
-5047
-4972
-4421
-3644
-2809
-1986
-1443
-969
-784
-1062
-1702
-2280
-2981
-3933
-4839
-5430
-5649
-5388
-4906
-4298
-3580
-2759
-1915
-1280
-862
-696
-823
-1368
-2163
-2787
-3327
-3884
-4243
-4400
-4058
-3585
-3204
-2537
-1848
-1138
-716
-381
-111
-41
-398
-881
-1369
-1895
-2285
-2496
-2448
-2125
-1724
-1152
-380
365
934
1347
1488
1193
611
-121
-824
-1303
-1695
-1926
-1897
-1408
-743
-229
117
453
551
444
221
-422
-1251
-2041
-2771
-3322
-3429
-3377
-3301
-3050
-2569
-1894
-1446
-1510
-1567
-1912
-2982
-4274
-5559
-6273
-6269
-5496
-4024
-2338
-810
393
1102
1081
274
-949
-2635
-4522
-6261
-7649
-8594
-8811
-8177
-6811
-5045
-3253
-1725
-708
-203
-148
-844
-2102
-3362
-4694
-6096
-7233
-7787
-7695
-6839
-5584
-4202
-2863
-1645
-915
-501
-307
-605
-1434
-2478
-3392
-4304
-4945
-5241
-5142
-4619
-3874
-2818
-1571
-495
161
526
562
438
-99
-794
-1407
-2033
-2651
-2967
-2974
-2627
-2259
-1769
-1205
-690
-273
-38
57
-49
-331
-655
-1151
-1587
-1938
-1934
-1876
-1698
-1341
-1002
-657
-367
-204
60
133
-219
-549
-892
-1164
-1273
-1287
-1130
-1050
-1012
-620
-206
50
193
248
400
665
764
603
283
-203
-807
-1525
-2324
-3065
-3667
-4140
-4141
-3748
-3064
-2348
-1509
-449
612
1350
1798
1910
1700
1138
412
-334
-793
-1003
-1170
-988
-489
157
1004
1896
2789
3420
3791
3983
4206
4124
3667
3122
2654
2146
1588
1404
1624
2011
2313
2723
3348
3930
4251
4401
4352
4241
3959
3693
3398
3098
2742
2604
2674
2938
3241
3404
3471
3724
3904
4025
3965
3823
3737
3560
3354
3249
3099
3007
3073
3093
2994
2867
2841
2974
3064
2940
2651
2406
2132
1802
1658
1703
1935
2071
2007
2004
2145
2314
2230
2254
2237
2030
1721
991
87
-661
-699
-198
464
1680
3013
4096
4720
4589
4114
3622
2987
2227
1323
529
25
-65
408
1420
2489
3616
4709
5236
5372
5224
4624
3608
2571
1442
478
-54
-202
-67
592
1547
2561
3575
4408
4996
5279
5159
4865
4196
3219
2202
1368
726
484
759
1205
1876
2685
3445
4042
4493
4763
4665
4433
3998
3344
2654
1989
1532
1249
959
971
1366
1922
2523
2996
3320
3429
3502
3498
3166
2595
2122
1880
1519
1089
752
598
847
1158
1393
1741
1935
1993
1868
1796
1636
1435
1155
934
856
980
1063
1062
1185
1335
1359
1374
1544
1769
2023
2101
2107
2012
1535
858
28
-727
-1529
-2364
-2847
-2953
-2722
-2408
-2038
-1332
-552
356
1122
1649
1740
1534
1219
676
-200
-945
-1278
-1354
-1439
-1397
-967
-247
674
1642
2434
2880
3050
3042
2944
2644
1996
1403
836
358
47
-59
135
541
1040
1554
2094
2520
2761
2750
2582
2281
2029
1625
1147
809
635
545
458
534
813
1092
1263
1448
1599
1683
1738
1423
1090
918
674
554
467
248
150
125
77
100
159
2
-278
-430
-669
-784
-908
-1117
-1233
-1336
-1414
-1398
-1273
-1167
-1066
-992
-843
-864
-1124
-1324
-1610
-1810
-1795
-1292
-103
1345
2980
4384
5173
5463
5092
4130
2526
606
-1430
-3340
-4816
-5750
-5977
-5493
-4301
-2384
-174
1786
3116
3839
3996
3568
2533
963
-891
-2764
-4356
-5431
-5911
-5633
-4734
-3678
-2426
-1063
-4
711
1171
987
367
-618
-1937
-3413
-4635
-5374
-5924
-6043
-5492
-4663
-3647
-2614
-1554
-800
-431
-353
-698
-1166
-1817
-2608
-3174
-3773
-4314
-4598
-4662
-4435
-3945
-3551
-3103
-2728
-2460
-2393
-2346
-2428
-2795
-2990
-3155
-3113
-2811
-2435
-2128
-1911
-1626
-1188
-697
-375
-316
-532
-718
-1140
-1683
-1736
-1525
-1272
-1041
-790
-173
377
545
608
797
960
1046
1238
1156
772
310
-325
-1090
-1893
-2762
-3488
-3986
-4244
-4153
-3797
-3168
-2418
-1510
-586
275
848
944
763
440
-170
-979
-1922
-2629
-3028
-3233
-3132
-2752
-2091
-1310
-461
454
940
1259
1477
1424
1155
444
-387
-1069
-1632
-1951
-2050
-2030
-1721
-1268
-874
-301
145
507
680
776
670
310
-46
-173
-209
-478
-683
-697
-572
-363
-120
158
506
801
1030
1026
1098
1184
1196
1090
1027
964
936
966
1009
962
850
922
1034
929
681
458
244
113
16
-98
-69
-96
-175
-71
91
391
628
616
621
597
273
-190
-625
-1188
-1545
-1394
