-4579
-4424
-3996
-3602
-3402
-3517
-3584
-3624
-3923
-4398
-4469
-4474
-4499
-4429
-4254
-4148
-3979
-3735
-3501
-3163
-2995
-2944
-2832
-2849
-3129
-3555
-4116
-4939
-5929
-6723
-7662
-8450
-8637
-8532
-8069
-7491
-6826
-5954
-4984
-4097
-3386
-3009
-2921
-3339
-4153
-5050
-5827
-6437
-6863
-6987
-6846
-6247
-5282
-4333
-3409
-2554
-1850
-1429
-1452
-1596
-2020
-2620
-3250
-4011
-4804
-5201
-5072
-4662
-4295
-3873
-3339
-2653
-2256
-2237
-2424
-2683
-3247
-4045
-4878
-5321
-5327
-5068
-4303
-3199
-1970
-1165
-880
-1309
-2389
-3875
-5722
-7756
-9680
-11058
-11712
-11443
-10390
-9091
-7604
-6156
-4944
-4329
-4575
-5774
-7452
-9245
-10780
-12143
-13027
-13200
-12264
-10429
-7950
-5304
-2921
-852
603
1246
1296
534
-618
-2003
-3723
-5490
-6680
-7036
-6379
-4613
-2038
878
3377
5368
6591
6699
5979
4534
2450
5
-2297
-4282
-5654
-6232
-5985
-4998
-3607
-1876
-280
739
982
447
-550
-2010
-3894
-6003
-7993
-9387
-10202
-10286
-9569
-8320
-6779
-5214
-3954
-3109
-2782
-3284
-4333
-5667
-7184
-8696
-10152
-11340
-12028
-12103
-11479
-10358
-9063
-7677
-6269
-5281
-4971
-5001
-5176
-6011
-7136
-8554
-9847
-10763
-11406
-11714
-11375
-10772
-9681
-8388
-7111
-5823
-4953
-4427
-3842
-3314
-3146
-3469
-3858
-3957
-3967
-3708
-3195
-2667
-2151
-1691
-1216
-696
-420
-331
-544
-916
-1144
-1254
-1451
-1710
-1850
-1816
-1799
-1896
-1717
-1553
-1702
-1970
-2230
-2390
-2557
-2816
-3097
-3410
-3845
-4385
-5022
-5660
-6250
-6743
-7080
-6969
-6574
-6081
-5567
-4934
-4111
-3458
-2995
-2935
-3311
-3902
-4698
-5628
-6513
-7400
-7994
-8424
-8506
-8418
-8011
-7175
-6088
-5025
-4369
-4099
-3753
-3715
-3974
-4486
-4962
-5221
-5443
-5573
-5368
-4753
-3992
-3411
-2674
-1575
-439
343
924
1176
1452
1803
1938
1774
1207
501
-410
-1483
-2651
-3617
-4157
-4010
-3173
-1699
248
2119
3648
4714
5219
5179
4422
2998
1135
-925
-2672
-3877
-4285
-3689
-2111
-68
1903
3723
5316
6257
6412
5728
4437
2850
1354
-63
-1198
-1706
-1381
-209
1396
3269
5183
6634
7314
7290
6954
6654
6321
6162
6249
6459
6603
6734
6796
6449
5814
5164
4231
2987
1808
894
157
-143
-48
665
1625
2666
3677
4461
4828
4655
4262
3567
2490
1087
-368
-1327
-1796
-1963
-1908
-1606
-987
-212
608
1251
1669
1686
1327
861
82
-1025
-2181
-3238
-3952
-4183
-4157
-4025
-3863
-3643
-3411
-3279
-3119
-3213
-3283
-3292
-3578
-3883
-4176
-4268
-4227
-4163
-4134
-4221
-4066
-3776
-3393
-3242
-3175
-3304
-3424
-3687
-3899
-4001
-4125
-3988
-3590
-3202
-2749
-2337
-1867
-1365
-962
-792
-862
-1019
-1271
-1576
-1917
-2364
-2702
-2987
-3227
-3337
-3250
-3100
-2653
-2177
-1921
-1710
-1543
-1468
-1795
-2438
-3009
-3773
-4869
-6399
-7907
-9251
-10087
-10295
-10266
-9962
-9402
-8493
-7409
-6402
-5483
-4893
-4657
-4820
-5285
-5802
-6713
-7951
-9051
-9813
-10103
-10138
-9805
-9148
-8223
-7166
-6309
-5807
-5595
-5526
-5608
-5914
-6369
-6868
-7458
-7914
-8190
-8405
-8321
-7752
-6823
-6084
-5385
-4652
-4042
-3597
-3373
-3151
-2758
-2633
-2658
-2530
-2330
-2054
-1732
-1348
-1048
-842
-329
-146
-107
-163
-152
-180
-338
-302
-387
-732
-877
-927
-1048
-1214
-1231
-1086
-984
-1146
-1386
-1679
-1863
-1854
-2011
-2395
-2598
-2634
-2679
-2660
-2556
-2303
-2051
-2223
-2228
-1876
-1753
-2104
-2783
-3553
-4100
-4191
-3745
-2856
-1364
-28
845
1246
999
386
-660
-2227
-3910
-5309
-6524
-7458
-7937
-7612
-6756
-5579
-4109
-2673
-1601
-935
-804
-1328
-2473
-3738
-5217
-6767
-8149
-8940
-9036
-8657
-7771
-6537
-5224
-4084
-3119
-2272
-1974
-2282
-2972
-3941
-5097
-6435
-7615
-8228
-8476
-8417
-7801
-6633
-5531
-4677
-3886
-3325
-2954
-2795
-3092
-3790
-4727
-5524
-6092
-6729
-7094
-7034
-6783
-6309
-5757
-5191
-4811
-4518
-4312
-4327
-4541
-4909
-5369
-5920
-6229
-6371
-6431
-6471
-6287
-5897
-5600
-5390
-5326
-5397
-5323
-5422
-5676
-5898
-6011
-6351
-6746
-6779
-6669
-6339
-5964
-5667
-5522
-5308
-5052
-4931
-4856
-4870
-4969
-5272
-5923
-6716
-7517
-8280
-9078
-9836
-10461
-10804
-10812
-10497
-9839
-8921
-7893
-6988
-6263
-5653
-5306
-5344
-5817
-6495
-7514
-8317
-9076
-9501
-9462
-9220
-8661
-7867
-6967
-5732
-4627
-4023
-3461
-3094
-3063
-3283
-3900
-4607
-5087
-5487
-5764
-5630
-5185
-4771
-4209
-3331
-2618
-2153
-1596
-1034
-735
-690
-745
-853
-1026
-1053
-1061
-984
-883
-518
-104
178
496
811
1156
1328
1296
1363
1392
1414
1295
1187
1118
1127
1069
981
996
957
996
1011
962
749
413
340
265
-5
-121
-167
-122
-99
160
499
658
762
698
710
612
441
32
-578
-1135
-1224
-673
215
1526
3144
4344
5124
5455
5144
4186
2984
1639
210
-1082
-1991
-2579
-2595
-1920
-826
450
1779
2882
3616
3884
3606
2841
1627
197
-1152
-2493
-3459
-3658
-3414
-2757
-1841
-767
402
1320
1834
2127
2077
1432
466
-454
-1485
-2610
-3610
-4010
-3907
-3451
-2821
-1912
-1023
-303
236
647
682
341
-424
-1299
-2107
-2780
-3455
-4007
-4112
-3819
-3403
-2838
-2378
-1898
-1644
-1480
-1353
-1463
-1794
-2256
-2759
-3012
-3232
-3482
-3481
-3226
-2903
-2536
-2164
-1953
-1805
-1647
-1658
-1948
-2423
-2623
-2745
-2853
-3051
-3095
-3138
-3096
-2776
-2512
-2325
-2125
-2016
-1866
-1609
-1643
-1970
-2433
-3083
-3925
-4776
-5672
-6491
-7198
-7767
-7809
-7498
-7022
-6329
-5442
-4448
-3740
-3219
-2724
-2720
-3256
-3801
-4624
-5572
-6631
-7238
-7298
-7246
-6959
-6307
-5450
-4539
-3773
-2939
-2211
-1839
-1964
-2340
-2801
-3149
-3626
-4188
-4608
-4739
-4640
-4117
-3451
-2835
-2080
-1257
-681
-496
-484
-278
-244
-445
-585
-622
-572
-710
-631
-711
-460
31
502
973
1263
1512
1810
1946
1885
1672
1401
1180
1336
1640
1541
1252
1113
1100
1120
1145
1123
991
900
698
328
14
-50
-33
-197
-233
11
163
166
119
97
46
135
-111
-534
-1018
-1633
-2058
-1818
-976
340
1823
3104
4175
4725
4474
3661
2575
1164
-268
-1637
-2927
-3774
-3977
-3558
-2799
-1647
-286
879
1952
2639
2414
1537
409
-945
-2361
-3639
-4717
-5496
-5727
-4961
-3942
-3018
-1884
-668
279
492
264
-224
-914
-1832
-3043
-4205
-5218
-5745
-5735
-5405
-4782
-4024
-3024
-2251
-1535
-1031
-897
-1130
-1664
-2528
-3412
-4332
-5143
-5499
-5523
-5434
-5277
-4965
-4529
-3997
-3435
-2955
-2880
-3141
-3409
-3798
-4271
-4698
-4733
-4894
-5078
-5075
-4755
-4202
-3950
-3651
-3580
-3560
-3490
-3639
-3903
-4068
-4239
-4483
-4709
-4720
-4684
-4510
-4342
-4101
-3861
-3831
-3667
-3496
-3549
-3697
-3914
-4162
-4550
-5217
-6064
-7083
-8143
-9069
-9763
-9938
-9657
-9160
-8338
-7425
-6439
-5435
-4685
-4358
-4257
-4517
-5139
-5968
-6908
-7824
-8534
-8857
-8804
-8535
-7964
-7139
-5999
-5112
-4270
-3569
-3171
-2966
-3037
-3379
-3906
-4541
-5090
-5591
-5717
-5621
-5211
-4616
-3900
-3110
-2383
-1862
-1471
-1216
-984
-927
-1032
-1296
-1482
-1568
-1369
-1067
-975
-932
-698
-257
110
484
797
1112
1313
1434
1453
1204
963
752
825
879
865
918
939
857
726
747
568
477
355
50
-106
-284
-297
-244
-287
-352
-216
-13
216
351
274
113
14
-324
-1085
-2186
-3219
-3737
-3654
-2865
-1844
-709
569
1467
1744
1464
942
82
-835
-1615
-2275
-2709
-2781
-2367
-1671
-722
210
1177
1819
2009
1682
1064
359
-762
-2031
-3118
-3902
-4355
-4008
-3215
-2442
-1304
-35
924
1629
1959
1896
1498
873
64
-992
-2109
-2753
-2909
-2924
-2583
-1953
-975
-5
788
1436
1872
1892
1755
1098
221
-571
-1169
-1716
-2163
-2508
-2501
-2108
-1510
-771
-72
375
518
324
121
-109
-582
-1204
-1825
-2364
-2788
-3064
-3053
-3027
-2889
-2620
-2345
-2197
-2149
-2079
-1901
-2216
-2631
-3002
-3264
-3444
-3417
-3401
-3371
-3296
-3126
-2996
-2879
-2835
-2792
-2872
-2753
-2658
-2783
-3263
-3881
-4725
-5788
-6658
-7428
-8099
-8374
-8255
-7775
-7279
-6412
-5612
-4726
-3797
-3121
-2778
-3013
-3602
-4263
-5118
-5900
-6536
-6821
-6905
-6597
-5998
-5008
-4019
-2811
-1803
-1203
-703
-465
-572
-948
-1286
-1683
-2130
-2574
-2864
-2750
-2441
-1926
-1384
-563
284
949
1380
1550
1829
1931
1683
1480
1276
1127
1145
1085
1235
1304
1276
1635
2244
2622
2895
3117
3018
2978
3029
2994
2822
2427
2323
2334
2315
2239
2069
1989
2022
1930
1847
1700
1462
1249
966
740
751
815
704
720
806
935
1012
1114
1118
1149
1387
1319
930
859
1029
1552
2498
3789
5315
6790
7851
8156
7773
6753
5178
3262
1171
-966
-2816
-4079
-4485
-4152
-3002
-1182
1068
3209
4955
6083
6490
6161
5144
3548
1526
-413
-2147
-3727
-4622
-4609
-3972
-2861
-1388
62
1233
2060
2581
2620
1982
855
-517
-1829
-3185
-4416
-5290
-5480
-5235
-4660
-3645
-2549
-1625
-742
-122
243
139
-417
-1293
-2287
-3217
-3789
-4287
-4914
-5120
-4873
-4429
-4160
-3911
-3569
-3416
-3261
-3195
-3351
-3476
-3579
-3508
-3439
-3396
-3152
-2814
-2588
-2251
-1845
-1568
-1354
-1355
-1688
-1992
-2158
-2281
-2418
-2658
-2556
-2322
-2122
-1746
-1232
-777
-633
-585
-570
-381
-321
-487
-838
-1427
-2088
-3095
-4027
-4924
-5722
-6379
-6810
-6847
-6538
-5940
-5072
-4121
-3314
-2636
-1902
-1473
-1670
-2057
-2692
-3762
-4854
-5876
-6672
-7160
-7247
-6777
-6159
-5217
-4112
-3288
-2571
-2045
-1754
-1740
-1970
-2663
-3408
-4220
-4796
-5009
-4891
-4683
-4411
-3970
-3291
-2588
-1983
-1352
-823
-460
-293
-304
-374
-471
-509
-587
-650
-582
-474
-127
275
591
939
1358
1719
1819
1657
1689
1881
1925
1876
1834
1862
1828
1884
1867
1869
1971
2000
1838
1680
1584
1460
1265
1105
1074
977
851
966
1189
1173
1384
1497
1517
1550
1417
1248
949
270
-495
-1049
-1305
-982
-149
896
2096
2918
3141
2829
2235
1360
286
-977
-2229
-3029
-3418
-3469
-2952
-1714
-422
992
2344
3174
3531
3289
2609
1490
32
-1734
-3389
-4487
-5087
-5219
-4627
-3489
-2029
-630
698
1756
2219
2223
1890
1205
130
-985
-1955
-2641
-3173
-3292
-2947
-2236
-1242
-213
723
1406
1895
2068
1775
1297
685
-36
-902
-1626
-1845
-1865
-1832
-1772
-1398
-848
-309
192
628
884
789
543
218
-190
-632
-897
-1144
-1201
-1434
-1494
-1325
-1221
-1280
-1240
-1040
-1125
-1443
-1835
-2191
-2405
-2555
-2661
-2721
-2655
-2493
-2253
-2128
-2090
-2107
-2046
-1969
-2024
-2214
-2359
-2622
-3227
-3949
-4971
-5955
-6752
-7389
-7859
-8026
-7825
-7397
-6647
-5924
-5195
-4350
-3491
-2831
-2625
-2814
-3426
-4303
-5093
-5768
-6281
-6559
-6572
-6361
-5741
-4814
-3713
-2523
-1475
-741
-361
-268
-563
-989
-1328
-1767
-2137
-2349
-2371
-2203
-1908
-1401
-636
111
813
1548
2279
2486
2381
2220
2173
2210
2079
1977
1842
1872
2092
2296
2541
2884
3269
3595
3889
3980
3962
3884
3686
3621
3601
3456
3532
3510
3331
3047
2845
2707
2610
2681
2569
2540
2357
2039
1910
1785
1745
1731
1590
1551
1622
1798
1802
1831
1845
1799
1805
1395
670
157
-144
-139
376
1483
2897
4396
5520
6185
6287
5805
4943
3701
2401
1125
-88
-1074
-1625
-1433
-638
718
2342
3640
4566
5002
5074
4754
3952
2755
1376
-52
-1215
-1918
-1939
-1588
-964
-84
1175
2374
3205
3567
3692
3469
2824
1804
565
-399
-1288
-2015
-2223
-1984
-1413
-611
316
1155
1745
2057
2227
2189
1690
1007
283
-552
-1237
-1785
-2105
-2317
-2170
-1692
-1275
-776
-272
129
241
129
-111
-590
-1130
-1647
-1854
-2014
-2081
-1992
-1718
-1480
-1065
-678
-537
-595
-840
-914
-978
-1196
-1361
-1446
-1569
-1756
-1794
-1587
-1350
-1171
-950
-731
-617
-395
-314
-231
-256
-566
-1161
-1839
-2665
-3472
-4296
-5094
-5633
-6044
-6079
-5711
-5038
-4383
-3564
-2557
-1824
-1405
-1081
-1098
-1449
-2091
-3023
-3829
-4570
-4915
-5023
-5004
-4699
-3892
-2993
-2014
-1225
-583
-103
176
28
-449
-1026
-1647
-2156
-2614
-2729
-2646
-2436
-2078
-1583
-808
58
641
1179
1608
1719
1692
1587
1409
1267
1251
1232
1169
1213
1561
1845
2264
2545
2944
3166
3303
3473
3426
3389
3315
3154
3004
2969
3043
2964
2889
2843
2878
3056
3019
2852
2582
2368
2138
2044
2019
2017
2046
2070
1912
1850
1914
1997
2013
2063
2058
2032
1847
1362
781
287
239
695
1591
2851
4324
5696
6516
6631
6157
5247
4024
2736
1386
-57
-1020
-1396
-1317
-730
193
1532
2805
3909
4610
4735
4350
3590
2565
1177
-424
-1642
-2393
-2784
-2610
-2033
-965
217
1334
2299
2855
3013
2879
2319
1456
462
-707
-1798
-2564
-2726
-2596
-2313
-1663
-761
120
763
1324
1742
1777
1594
940
133
-643
-1504
-2151
-2558
-2643
-2435
-1918
-1310
-787
-433
-142
-82
-48
-114
-293
-637
-1319
-1723
-1678
-1669
-1695
-1640
-1495
-1059
-516
-147
-125
-165
-221
-320
-487
-768
-1073
-1347
-1493
-1361
-1247
-1192
-982
-727
-357
-131
-65
-92
-170
-212
-308
-529
-1089
-2133
-3097
-3995
-4857
-5508
-6029
-6266
-5993
-5536
-4950
-3965
-2964
-2133
-1558
-1126
-1102
-1500
-2127
-2863
-3702
-4407
-4880
-5167
-5163
-4772
-4128
-3331
-2360
-1494
-652
58
230
199
43
-365
-1016
-1622
-1987
-2279
-2357
-2127
-1645
-1054
-202
565
1186
1647
1841
2115
2386
2563
2492
2338
2154
1895
1806
2172
2531
2752
3030
3302
3558
3761
4097
4426
4347
4273
4198
3972
3781
3606
3529
3524
3439
3375
3339
3447
3361
3173
3146
3055
2896
2608
2499
2350
2283
2256
2375
2430
2459
2581
2719
2740
2688
2592
2392
1917
1430
1009
776
1001
1831
3055
4283
5465
6597
7012
6797
6110
5038
3775
2337
951
-106
-913
-1219
-808
201
1565
2816
3940
4872
5277
5078
4415
3475
2310
1103
-197
-1219
-1908
-2028
-1566
-719
462
1553
2481
3190
3600
3750
3424
2646
1627
600
-289
-1042
-1508
-1608
-1313
-656
239
1133
1876
2352
2632
2703
2511
2017
1309
382
-510
-1039
-1348
-1483
-1417
-1068
-650
-170
417
888
1001
980
923
589
55
-541
-932
-967
-1081
-935
-703
-590
-199
96
317
574
626
709
534
245
-36
-333
-611
-823
-852
-848
-661
-216
239
491
529
493
475
643
744
591
234
-341
-965
-1808
-2802
-3913
-4712
-5107
-5167
-4869
-4420
-4013
-3354
-2507
-1534
-653
-200
-68
-163
-671
-1434
-2408
-3328
-4067
-4259
-4180
-3937
-3275
-2507
-1728
-864
-65
666
1060
1207
990
452
-128
-609
-1048
-1431
-1638
-1567
-1285
-832
-74
629
1302
1822
2088
2244
2331
2277
2077
1705
1390
1251
1514
1766
2200
2526
2826
2905
2782
2518
1913
1366
898
619
737
913
1360
2100
2981
3711
4220
4374
4157
3636
2872
2041
1179
584
304
526
1250
2314
3601
4886
6014
6830
7062
7115
6854
6325
5451
4473
3740
3211
2811
2757
3302
4425
5973
7484
8933
9970
10687
10699
9912
8542
6813
5018
3441
2208
1441
1081
1314
1981
3101
4382
5472
6310
6743
6612
6006
5189
3915
2389
931
-385
-1142
-1491
-1394
-722
43
894
1877
2625
3073
3184
2913
2615
1879
796
-240
-1254
-2170
-2812
-2965
-2563
-1747
-1041
-271
575
1169
1493
1481
1258
761
61
-695
-1362
-1771
-1963
-1930
-1719
-1211
-604
19
549
1051
1424
1495
1460
1213
1038
861
605
551
612
880
1257
1718
2253
2530
2534
2461
2596
2607
2472
2143
1749
1455
1236
1102
1159
1376
1636
1688
1711
1725
1846
1968
1857
1767
1779
1608
1173
610
-86
-768
-1625
-2712
-3609
-4188
-4443
-4537
-4265
-3616
-3078
-2529
-1714
-1018
-553
-413
-684
-1076
-1593
-2392
-3428
-4237
-4793
-5065
-5023
-4572
-3983
-3240
-2248
-1436
-929
-647
-423
-465
-783
-1349
-1956
-2671
-3290
-3655
-3860
-3784
-3198
-2496
-1953
-1329
-821
-404
84
435
558
411
6
-444
-970
-1459
-1769
-1751
-1520
-1104
-513
323
1084
1644
1874
1906
1746
1284
672
95
-456
-857
-891
-725
-630
-534
-24
714
1200
1370
1146
723
230
-414
-1197
-1807
-2388
-2841
-2868
-2492
-1981
-1535
-1285
-1034
-747
-944
-1766
-2649
-3619
-4874
-5662
-5612
-4603
-3041
-1379
271
1509
1986
1690
873
-452
-2015
-3707
-5508
-6913
-7981
-8025
-7170
-5849
-4231
-2483
-950
-59
388
279
-293
-1341
-2829
-4299
-5692
-6826
-7347
-7083
-6251
-5153
-3784
-2353
-950
12
390
480
148
-612
-1547
-2707
-3658
-4364
-4762
-4644
-3901
-3046
-2263
-1211
-134
662
979
1101
987
609
15
-701
-1363
-2074
-2420
-2599
-2428
-1825
-1290
-559
108
518
612
479
282
107
-112
-504
-772
-1013
-1272
-1229
-925
-672
-364
-81
91
115
233
263
169
57
-291
-682
-1013
-848
-691
-593
-389
-119
177
243
531
1011
1421
1546
1121
800
687
209
-484
-1441
-2495
-3265
-3617
-3784
-3865
-3483
-2740
-1841
-998
-30
720
1337
1846
2009
1872
1473
868
206
-510
-1070
-1118
-1025
-602
316
1279
2180
3101
3733
4241
4501
4461
4203
3696
3183
2730
2286
1833
1666
1989
2213
2593
3005
3544
4101
4350
4556
4649
4575
4229
3992
3822
3327
3008
2900
2959
3021
3171
3435
3711
3910
4152
4245
4227
4133
4079
3853
3617
3359
3106
3137
3189
3140
3196
3136
3086
3012
2756
2703
2663
2517
2508
2410
2098
1845
1828
1877
1982
2073
2234
2257
2333
2400
2417
2302
2014
1480
978
544
739
1508
2922
4562
5883
6760
7069
6882
6230
5324
4150
2747
1500
604
1
-143
508
1559
2768
4035
5163
5966
6334
6198
5677
4866
3721
2401
1172
236
-364
-414
95
1048
2127
3323
4338
5008
5235
5214
4970
4372
3378
2249
1179
414
-78
-141
183
856
1685
2527
3268
3776
4051
4210
4002
3551
2971
2289
1637
986
427
225
223
561
1050
1521
2075
2339
2422
2498
2431
2128
1661
1366
1173
1164
967
806
943
1219
1610
1955
2218
2472
2609
2600
2520
2200
1861
1577
1367
1393
1453
1629
1824
2085
2264
2325
2597
2833
3021
3039
2982
2838
2637
2240
1589
836
-58
-897
-1627
-2078
-2234
-2214
-1825
-1067
-146
695
1334
1960
2396
2549
2404
1837
1067
199
-617
-1099
-1325
-1458
-1139
-537
356
1276
2139
2725
3183
3501
3473
3105
2650
2029
1125
393
-97
-414
-454
-287
110
624
1130
1668
2055
2393
2559
2393
2142
1780
1425
1081
789
593
437
505
758
974
1198
1251
1429
1547
1598
1680
1606
1538
1357
1227
1127
940
719
734
852
1081
1108
992
750
318
-50
-217
-171
-179
-442
-691
-739
-711
-683
-581
-423
-358
-389
-341
-303
-373
-783
-1366
-1879
-2260
-2239
-1656
-662
749
2099
3324
4150
4285
3637
2453
1251
-72
-1641
-2937
-3877
-4318
-4059
-3159
-1819
-356
973
2028
2656
2700
2296
1315
191
-1175
-2513
-3661
-4495
-4787
-4584
-3861
-2851
-1565
-324
595
1193
1458
1249
670
-49
-1260
-2424
-3249
-3831
-4238
-4149
-3590
-2626
-1538
-529
143
626
946
848
394
-316
-1182
-2032
-2632
-3098
-3187
-3261
-3148
-2729
-2213
-1536
-1071
-813
-566
-619
-886
-1193
-1507
-1919
-2257
-2365
-2353
-2080
-1714
-1354
-911
-607
-459
-260
-160
-219
-317
-530
-735
-801
-926
-1096
-1087
-877
-676
-281
53
248
368
438
629
714
516
364
64
-512
-1439
-2343
-3007
-3700
-4373
-4630
-4593
-4172
-3556
-2730
-1776
-954
-203
387
543
473
236
-196
-902
-1716
-2440
-2879
-2990
-2861
-2562
-1773
-673
320
1069
1688
2229
2238
1904
1555
1135
415
-312
-904
-1205
-1298
-1132
-685
-138
278
661
1068
1388
1754
1789
1483
1090
793
496
257
51
-7
214
548
792
1078
1340
1440
1514
1537
1648
1632
1542
1425
1188
1044
1006
983
919
950
946
968
893
852
790
633
578
363
94
-178
-222
-287
-197
-112
-79
24
114
256
284
155
180
279
126
-327
-385
45
876
