-4584
-4097
-3837
-3543
-3436
-3637
-3758
-3959
-4031
-4103
-4242
-4439
-4520
-4364
-4261
-4117
-3858
-3506
-2999
-2843
-2889
-2826
-2710
-2702
-3091
-3667
-4234
-4988
-5738
-6628
-7433
-7996
-8243
-8240
-7968
-7330
-6421
-5503
-4585
-3679
-3114
-2853
-2811
-3151
-3886
-4771
-5494
-6135
-6467
-6621
-6453
-5953
-5253
-4379
-3344
-2495
-1846
-1385
-1266
-1528
-1957
-2672
-3441
-4095
-4372
-4530
-4608
-4572
-4272
-3766
-3184
-2618
-2097
-1866
-2220
-2660
-3231
-3909
-4647
-5036
-5151
-4841
-4117
-3090
-1840
-790
-638
-1188
-2215
-3789
-5591
-7568
-9352
-10789
-11472
-11333
-10494
-8988
-7339
-5726
-4708
-4425
-4626
-5269
-6655
-8791
-10838
-12183
-12883
-12814
-11828
-10122
-7782
-5069
-2631
-577
923
1614
1543
795
-233
-1644
-3240
-4843
-6023
-6355
-5907
-4382
-1725
1253
3902
6083
7283
7378
6317
4571
2564
227
-2138
-4286
-5754
-6299
-5859
-4859
-3321
-1457
112
1118
1470
984
-235
-1851
-3764
-5929
-8018
-9408
-10163
-10058
-9366
-8129
-6641
-5219
-3917
-3100
-2806
-3201
-3923
-5147
-6737
-8531
-10276
-11491
-12015
-11974
-11417
-10281
-8755
-7374
-6378
-5478
-4707
-4589
-5021
-5618
-6873
-8407
-9761
-11004
-11552
-11671
-11223
-10712
-9971
-8813
-7413
-6179
-5190
-4272
-3720
-3459
-3482
-3813
-4024
-4090
-4147
-3781
-3136
-2763
-2425
-1893
-1447
-1020
-595
-473
-368
-571
-935
-1226
-1403
-1521
-1623
-1608
-1780
-1796
-1605
-1486
-1598
-1736
-1916
-2268
-2574
-2795
-2894
-2963
-3292
-3988
-4795
-5375
-5800
-6181
-6535
-6609
-6227
-5869
-5413
-4566
-3810
-3304
-2779
-2456
-2766
-3559
-4420
-5206
-5902
-6672
-7400
-8030
-8232
-7904
-7273
-6488
-5610
-4959
-4413
-4081
-3889
-3869
-4030
-4299
-4595
-5031
-5335
-5358
-5198
-4794
-4076
-3127
-2208
-1365
-350
303
859
1329
1685
1890
1811
1660
1242
517
-256
-1195
-2204
-3320
-4255
-4326
-3507
-1886
317
2286
3795
4851
5487
5378
4416
2971
1181
-839
-2601
-3803
-3905
-3194
-1787
55
1945
3733
5316
6356
6580
5941
4756
3389
1712
92
-965
-1425
-1202
-428
1249
3284
5210
6658
7338
7427
7358
7087
6797
6710
6831
6968
7093
7052
6931
6651
6114
5329
4198
3126
2175
1265
680
368
359
868
1684
2746
3787
4691
5122
4869
4336
3539
2551
1287
145
-839
-1518
-1859
-1789
-1289
-543
93
619
1135
1462
1565
1391
733
-324
-1382
-2131
-2822
-3554
-3986
-4076
-3924
-3838
-3706
-3466
-3190
-3123
-3146
-3321
-3476
-3789
-4076
-4265
-4477
-4535
-4427
-4301
-3960
-3664
-3223
-2931
-2931
-3022
-3212
-3302
-3631
-3999
-4121
-4221
-4131
-3591
-3017
-2592
-2203
-1703
-1217
-728
-723
-911
-1018
-1147
-1418
-1831
-2164
-2495
-2696
-2851
-3020
-2953
-2735
-2402
-2143
-1965
-1727
-1574
-1603
-1628
-1975
-2774
-3700
-4821
-6139
-7433
-8642
-9639
-10231
-10364
-10143
-9358
-8387
-7289
-6299
-5385
-4730
-4471
-4626
-5060
-5849
-6913
-7945
-8849
-9566
-10142
-10223
-9915
-9140
-8108
-7230
-6371
-5866
-5571
-5415
-5586
-5997
-6435
-6963
-7511
-8041
-8392
-8179
-7945
-7589
-7145
-6491
-5731
-5061
-4427
-4010
-3687
-3565
-3503
-3441
-3286
-3099
-2887
-2635
-2292
-1923
-1520
-1236
-1054
-899
-640
-674
-810
-959
-1259
-1546
-1754
-1640
-1634
-1694
-1746
-1734
-1600
-1423
-1389
-1506
-1777
-1981
-2047
-2243
-2696
-3103
-3180
-3095
-3024
-3121
-3229
-3088
-2944
-2791
-2496
-2317
-2394
-2764
-3451
-4177
-4638
-4744
-4286
-3488
-2408
-1096
59
665
684
37
-1123
-2644
-4407
-6048
-7400
-8211
-8265
-7923
-7287
-6121
-4632
-3163
-2204
-1671
-1775
-2247
-3025
-4280
-5770
-7114
-8195
-9027
-9339
-8988
-8026
-6716
-5458
-4451
-3607
-2812
-2426
-2778
-3456
-4380
-5406
-6674
-7787
-8396
-8505
-8249
-7692
-6842
-5820
-4866
-4123
-3425
-3057
-3259
-3625
-4098
-4838
-5724
-6336
-6709
-7065
-7185
-6830
-6185
-5619
-5207
-4756
-4606
-4553
-4482
-4592
-4941
-5398
-5840
-6237
-6411
-6421
-6367
-6099
-5916
-5797
-5709
-5521
-5261
-5291
-5523
-5778
-5880
-6035
-6275
-6641
-6854
-6725
-6519
-6258
-5769
-5357
-5162
-5088
-5056
-4852
-4862
-4962
-5266
-5768
-6499
-7382
-8272
-9021
-9799
-10431
-10758
-10696
-10407
-9698
-8686
-7774
-6982
-6124
-5348
-4940
-5094
-5456
-6159
-6963
-7864
-8577
-8892
-8868
-8507
-8131
-7512
-6650
-5661
-4542
-3617
-2954
-2676
-2740
-3005
-3465
-4015
-4802
-5318
-5303
-5141
-4924
-4375
-3733
-2998
-2362
-1759
-1037
-439
-125
-145
-421
-505
-442
-410
-468
-490
-325
80
436
690
1089
1424
1637
1735
1874
1919
1793
1808
1858
1964
1955
1756
1625
1516
1561
1473
1388
1333
1213
1036
899
743
695
670
395
254
335
591
754
756
611
782
974
1176
1279
1010
617
40
-481
-623
-176
725
2085
3606
4809
5610
5713
5431
4768
3498
2087
831
-433
-1541
-2166
-2056
-1305
-156
1225
2476
3394
4034
4183
3792
3111
2244
1009
-375
-1750
-2659
-2976
-2749
-2054
-980
92
1002
1853
2525
2683
2397
1749
917
-113
-1309
-2355
-3073
-3373
-3246
-2985
-2248
-1272
-356
430
860
926
677
481
3
-688
-1536
-2228
-2702
-3218
-3380
-3227
-2857
-2338
-1770
-1218
-885
-800
-881
-1100
-1355
-1762
-2289
-2633
-2753
-2964
-3038
-2799
-2323
-1851
-1705
-1507
-1374
-1315
-1409
-1520
-1703
-2063
-2246
-2458
-2718
-2583
-2486
-2403
-2154
-1753
-1545
-1514
-1506
-1353
-1492
-1685
-1820
-2047
-2633
-3453
-4399
-5448
-6216
-6882
-7356
-7467
-7030
-6643
-6137
-5416
-4362
-3401
-2879
-2827
-2870
-3013
-3539
-4460
-5429
-6220
-6802
-7098
-7084
-6714
-6082
-5291
-4473
-3539
-2741
-2260
-2043
-1998
-2169
-2632
-3120
-3573
-4090
-4539
-4660
-4436
-3984
-3358
-2677
-1851
-1199
-687
-423
-396
-249
-273
-526
-694
-748
-892
-870
-586
-278
-72
328
667
874
1057
1421
1686
1817
1796
1616
1569
1469
1482
1509
1431
1307
1267
1270
1256
1182
1171
915
550
459
431
235
-66
-284
-200
-166
-154
-116
-16
-80
-116
27
-25
-260
-609
-1165
-1704
-2096
-2257
-1774
-409
1340
2766
3755
4359
4271
3417
2236
757
-832
-2078
-3263
-4043
-4236
-3851
-2931
-1629
-208
900
1693
2041
1753
917
-72
-1269
-2579
-3897
-5114
-5831
-5939
-5241
-4259
-3312
-2190
-1007
-132
169
80
-311
-981
-2033
-3252
-4469
-5351
-5752
-5862
-5326
-4455
-3644
-3007
-2436
-1776
-1327
-1194
-1414
-1950
-2677
-3548
-4331
-5015
-5525
-5670
-5525
-5245
-4853
-4371
-3851
-3459
-3194
-3065
-3328
-3586
-3887
-4413
-4663
-4836
-5031
-5071
-4991
-4872
-4455
-4047
-3802
-3554
-3559
-3576
-3660
-3735
-4003
-4355
-4763
-4977
-5043
-4982
-4791
-4423
-4280
-3936
-3657
-3493
-3625
-3809
-3847
-3814
-4059
-4518
-5227
-6121
-6940
-7753
-8474
-9161
-9452
-9354
-9013
-8304
-7478
-6546
-5689
-4965
-4588
-4471
-4697
-5260
-6046
-6924
-7617
-8030
-8503
-8725
-8349
-7516
-6663
-5782
-4958
-4247
-3503
-2879
-2637
-2768
-3175
-3783
-4498
-5104
-5418
-5481
-5270
-4913
-4532
-3872
-3091
-2378
-1781
-1269
-848
-704
-596
-594
-773
-1021
-1130
-1066
-885
-622
-396
-123
312
785
1056
1236
1469
1679
1640
1599
1526
1493
1328
1236
1342
1380
1294
1407
1437
1419
1494
1341
1111
769
578
574
558
329
195
217
352
575
693
892
986
930
683
351
110
-591
-1594
-2318
-2740
-2565
-1816
-747
567
1704
2573
2795
2446
1821
1056
-5
-1027
-1745
-2145
-2312
-2120
-1317
-269
830
1832
2590
2899
2607
1958
1083
60
-1080
-2259
-3167
-3630
-3543
-2928
-1993
-803
305
1172
1762
2213
2414
2146
1425
511
-575
-1484
-2143
-2550
-2664
-2205
-1545
-927
-109
926
1764
2142
2199
1924
1361
689
-9
-715
-1383
-1809
-2092
-2111
-1857
-1492
-907
-217
385
719
832
630
313
-83
-694
-1293
-1770
-2030
-2159
-2149
-2156
-2174
-1973
-1705
-1715
-1698
-1617
-1684
-1876
-2211
-2504
-2594
-2823
-3132
-3376
-3464
-3162
-2840
-2597
-2600
-2585
-2468
-2398
-2346
-2338
-2447
-2773
-3239
-3891
-4813
-5724
-6620
-7218
-7604
-7713
-7430
-7041
-6207
-5307
-4319
-3484
-2893
-2611
-2729
-3296
-4091
-4712
-5206
-6054
-6662
-6733
-6456
-5787
-4975
-4078
-3136
-2215
-1483
-942
-663
-692
-1005
-1430
-1913
-2407
-2853
-3119
-2910
-2425
-1999
-1562
-1003
-195
456
1020
1339
1502
1557
1555
1408
1242
1011
792
586
440
899
1463
1645
1990
2268
2457
2515
2576
2666
2679
2611
2502
2313
2190
2098
2190
2190
2106
2033
1957
1869
1720
1493
1202
1127
999
793
622
429
348
393
440
683
832
883
794
851
717
477
247
67
177
629
1676
3070
4539
5826
6898
7317
6896
6171
4875
3019
1044
-876
-2620
-3896
-4495
-4247
-3239
-1617
624
2771
4362
5352
5621
5276
4213
2560
674
-1266
-2915
-3957
-4688
-4743
-4002
-2774
-1374
-68
936
1447
1744
1794
1273
296
-1139
-2657
-3645
-4602
-5271
-5403
-5253
-4638
-3560
-2520
-1625
-931
-317
-278
-571
-979
-1635
-2454
-3373
-4106
-4693
-5006
-4996
-4870
-4583
-4364
-4049
-3544
-3333
-3422
-3470
-3396
-3494
-3739
-4100
-4298
-4239
-3963
-3517
-2961
-2527
-2149
-1902
-1830
-1799
-1790
-1840
-2205
-2733
-2845
-2910
-2824
-2667
-2660
-2458
-1958
-1477
-1303
-1110
-1090
-1058
-877
-903
-1193
-1617
-2332
-3212
-4108
-4991
-5820
-6507
-6986
-7161
-6671
-6071
-5456
-4489
-3489
-2687
-2119
-1685
-1733
-2264
-3139
-3969
-4689
-5474
-6316
-6747
-6617
-6342
-5951
-5119
-4134
-3093
-2313
-1900
-1785
-1887
-2207
-2590
-3200
-3895
-4383
-4847
-4854
-4648
-4438
-3951
-3324
-2549
-1969
-1448
-881
-626
-575
-549
-593
-516
-549
-769
-878
-823
-638
-270
281
690
860
1168
1453
1515
1577
1679
1778
1796
1821
1649
1626
1668
1612
1744
1860
1925
1990
1838
1623
1443
1176
956
877
850
722
788
987
1221
1253
1249
1342
1470
1542
1581
1402
884
180
-547
-1271
-1394
-1012
-209
863
2057
2999
3507
3319
2474
1512
481
-506
-1590
-2672
-3211
-3246
-2763
-1737
-291
1172
2332
3109
3281
3167
2428
1239
-135
-1762
-3194
-4040
-4514
-4525
-3971
-2952
-1676
-428
593
1420
1990
2189
1786
1000
250
-737
-1856
-2632
-3046
-3022
-2566
-1910
-1039
-287
396
1141
1551
1701
1638
1362
915
129
-676
-1433
-2001
-2073
-2026
-1808
-1349
-752
-105
380
682
729
662
442
131
-374
-639
-874
-1018
-1212
-1348
-1266
-1059
-878
-739
-706
-707
-784
-891
-1116
-1529
-1893
-2116
-2154
-1943
-1872
-1887
-1863
-1764
-1597
-1525
-1438
-1358
-1322
-1354
-1697
-1997
-2376
-3084
-4042
-5063
-5860
-6309
-6568
-6866
-7009
-6793
-6183
-5488
-4595
-3703
-3018
-2699
-2549
-2610
-2848
-3488
-4309
-5176
-5766
-5946
-5831
-5464
-4968
-4287
-3393
-2239
-1132
-481
-178
-126
-208
-436
-738
-1335
-1953
-2268
-2338
-2114
-1518
-962
-246
663
1417
1889
2225
2441
2719
2742
2640
2616
2347
2134
2170
2204
2417
2665
2859
3178
3657
3970
4061
4094
4091
4044
4099
3967
3751
3694
3739
3706
3491
3486
3457
3363
3406
3438
3374
3127
2769
2402
2272
2354
2442
2419
2305
2324
2327
2297
2374
2437
2476
2520
2535
2225
1597
663
80
227
968
2313
3638
4942
6114
6644
6550
6138
5203
3834
2544
1247
87
-679
-906
-508
282
1457
2786
4108
5155
5563
5269
4804
4180
2990
1705
376
-842
-1464
-1520
-1154
-399
582
1824
2881
3451
3816
3987
3668
2997
2173
1075
-228
-1189
-1767
-1827
-1462
-1053
-349
553
1364
1825
2249
2439
2292
1857
1094
163
-401
-1007
-1704
-2078
-2032
-1798
-1459
-982
-366
37
114
127
62
-145
-567
-991
-1352
-1543
-1628
-1732
-1726
-1608
-1299
-876
-567
-549
-597
-519
-492
-671
-883
-1121
-1397
-1604
-1588
-1555
-1476
-1241
-937
-774
-748
-626
-492
-302
-225
-342
-584
-1005
-1577
-2309
-3224
-4190
-5090
-5610
-5837
-5862
-5624
-4983
-4266
-3578
-2670
-1805
-1349
-1184
-1392
-1899
-2521
-3181
-3872
-4579
-5103
-5221
-4948
-4588
-3948
-3116
-2179
-1411
-810
-415
-151
-150
-594
-1182
-1669
-2124
-2493
-2597
-2544
-2426
-2049
-1377
-592
161
625
1112
1593
1813
1791
1513
1448
1389
1269
1177
1134
1315
1583
1817
2096
2404
2927
3364
3544
3521
3495
3611
3379
3135
3029
3062
3146
3052
2807
2896
3072
3010
2821
2640
2594
2443
2233
2067
1964
1770
1749
1859
1928
2001
2150
2194
2202
2202
2119
2111
2036
1535
851
299
122
327
1268
2638
4070
5284
6047
6125
5745
4921
3739
2458
1009
-237
-1147
-1652
-1514
-878
118
1340
2771
3956
4572
4603
4198
3463
2475
1231
-199
-1575
-2481
-2789
-2491
-1916
-955
250
1231
1916
2531
2759
2606
2130
1272
318
-668
-1549
-2337
-2763
-2762
-2324
-1541
-655
37
790
1515
1903
1676
1082
516
-14
-674
-1464
-2026
-2341
-2461
-2358
-2040
-1622
-1160
-714
-314
-92
-115
-313
-532
-935
-1451
-1813
-2028
-2034
-1928
-1800
-1510
-1238
-809
-535
-338
-318
-403
-467
-758
-1000
-1154
-1377
-1344
-1420
-1531
-1480
-1235
-953
-722
-608
-548
-403
-180
-197
-474
-908
-1412
-2085
-2915
-3673
-4475
-5338
-5886
-6030
-5689
-5191
-4653
-4016
-3228
-2257
-1605
-1443
-1502
-1636
-2055
-2680
-3689
-4557
-5024
-5116
-4962
-4698
-3949
-3118
-2136
-1297
-662
-236
83
171
43
-324
-863
-1332
-1831
-2179
-2146
-1819
-1364
-897
-450
349
1279
1815
2225
2582
2526
2320
2296
2127
2195
2135
2155
2429
2745
2954
3143
3383
3663
4102
4173
4292
4352
4309
4272
4236
4305
4239
4117
4103
4061
4003
3987
3799
3779
3741
3502
3359
3336
3192
2970
2756
2640
2679
2747
2815
2813
2957
3212
3276
3294
3162
2887
2471
2032
1594
1148
1281
1963
3160
4572
5821
6710
7219
7123
6290
5235
4076
2715
1332
280
-256
-367
105
946
2156
3513
4555
5196
5477
5333
4780
3707
2391
1057
-185
-1100
-1568
-1389
-809
-212
748
1853
2883
3464
3863
3949
3490
2573
1612
632
-301
-1003
-1419
-1427
-1037
-458
414
1385
2086
2423
2651
2833
2686
2150
1399
666
0
-632
-1100
-1301
-1298
-1004
-510
95
567
858
1096
1207
1110
801
450
-27
-293
-529
-584
-529
-516
-346
156
434
505
571
686
676
501
145
-156
-170
-217
-363
-446
-453
-270
-258
9
350
541
634
729
641
518
493
289
-227
-925
-1672
-2523
-3501
-4365
-4914
-4992
-4841
-4552
-3936
-2947
-1948
-1224
-633
-268
-113
-271
-677
-1293
-2377
-3292
-3788
-4075
-4134
-3929
-3276
-2384
-1555
-758
-26
649
888
810
590
205
-176
-596
-1162
-1502
-1472
-1311
-1120
-902
-207
668
1264
1594
1946
2115
2117
1908
1449
1150
893
865
1152
1685
2326
2586
2643
2597
2388
2119
1692
1080
596
328
231
644
1374
2050
2691
3309
3646
3887
3896
3371
2484
1494
820
508
199
321
852
1854
3038
4224
5432
6193
6628
6684
6250
5571
4760
3918
3315
2757
2270
2257
2708
3738
5163
6900
8583
9771
10294
10082
9170
7898
6333
4672
3059
1865
971
486
512
1158
2327
3702
4876
5725
6131
6028
5336
4179
2963
1657
352
-763
-1506
-1767
-1682
-1263
-568
385
1295
2064
2586
2734
2513
1915
1072
155
-786
-1708
-2650
-3303
-3436
-3100
-2388
-1558
-687
24
722
1147
1256
1013
400
-475
-1187
-1791
-2174
-2318
-2327
-2098
-1798
-1192
-370
196
640
940
1215
1376
1196
900
609
386
400
444
600
928
1185
1686
2118
2240
2320
2191
2128
2173
2030
1672
1335
1098
1009
950
936
1179
1506
1568
1514
1576
1621
1623
1478
1501
1437
1102
652
112
-635
-1604
-2643
-3401
-4016
-4502
-4633
-4289
-3856
-3308
-2640
-1973
-1334
-841
-558
-600
-1023
-1809
-2636
-3516
-4435
-4810
-4922
-5009
-4617
-3778
-2784
-2148
-1467
-783
-435
-357
-552
-949
-1401
-2025
-2576
-2928
-3234
-3271
-3143
-2881
-2541
-2089
-1458
-806
-93
408
615
687
479
254
-177
-839
-1351
-1522
-1522
-1386
-922
-95
649
1198
1665
2031
2150
1778
1263
784
215
-208
-533
-818
-852
-757
-370
288
774
1166
1342
1147
783
280
-443
-1259
-1901
-2404
-2731
-2832
-2590
-1930
-1342
-1043
-746
-566
-593
-1080
-2101
-3456
-4567
-5200
-5149
-4421
-3049
-1371
238
1272
1822
1818
1032
-285
-1843
-3660
-5335
-6705
-7575
-7872
-7151
-5706
-3929
-2184
-807
249
605
443
-211
-1386
-2772
-4203
-5625
-6775
-7174
-7047
-6089
-4834
-3316
-1817
-710
22
376
612
425
-280
-1408
-2717
-3778
-4343
-4490
-4364
-3740
-2827
-1818
-701
308
945
1233
1233
1126
694
35
-692
-1262
-1811
-2239
-2371
-2172
-1898
-1376
-728
-76
403
700
825
661
413
106
-406
-808
-1014
-1067
-1186
-1283
-859
-366
-38
240
460
538
499
310
36
-286
-599
-825
-860
-756
-415
-118
103
376
502
765
1128
1183
1224
1089
987
685
206
-372
-1096
-1802
-2622
-3331
-3687
-3605
-3163
-2498
-1791
-986
-48
949
1671
2006
2034
1878
1539
932
238
-338
-814
-922
-775
-526
235
1303
2286
3091
3865
4347
4529
4376
4095
3791
3217
2524
1840
1512
1509
1585
1930
2489
3076
3521
3869
4199
4316
4213
4099
4117
3880
3607
3135
2795
2743
2873
3149
3315
3384
3602
3764
3925
4059
3981
3785
3700
3609
3566
3281
3076
3081
3033
2895
2929
3084
3052
2953
2791
2752
2616
2413
2138
1853
1929
1993
1941
1889
1790
1874
2025
2206
2266
2306
2434
2280
1762
992
435
204
368
1041
2171
3524
4965
5934
6520
6470
5844
4838
3666
2383
1252
430
-44
-88
224
919
2062
3543
4908
5701
5952
5830
5337
4289
3010
1733
603
-136
-481
-480
-76
912
1979
3117
4060
4516
4761
4782
4415
3601
2527
1617
766
34
-333
-198
154
664
1488
2461
3216
3785
4175
4220
4060
3453
2749
1966
1195
619
362
242
167
388
924
1471
1853
2187
2375
2575
2547
2266
1777
1308
1018
794
575
447
566
931
1297
1718
2098
2173
2293
2355
2269
2087
1737
1415
1232
1175
1305
1382
1488
1675
1832
2070
2214
2387
2642
2685
2628
2553
2352
1827
1139
464
-407
-1135
-1794
-2326
-2594
-2356
-1961
-1375
-510
381
1151
1651
1988
2204
2266
1901
1174
304
-556
-1165
-1419
-1446
-1232
-605
338
1248
1973
2433
2977
3316
3347
3071
2543
1896
1252
575
100
-289
-549
-350
43
693
1371
1813
2050
2288
2428
2418
2175
1647
1341
1139
948
767
751
870
1091
1120
1117
1303
1580
1738
1712
1661
1653
1647
1528
1372
1127
817
735
836
848
910
929
729
706
619
320
75
-147
-344
-507
-560
-476
-445
-463
-579
-538
-406
-331
-168
-156
-319
-674
-1164
-1505
-1740
-1790
-1290
-250
1234
2841
3914
4524
4606
4038
2805
1328
-86
-1317
-2705
-3658
-3977
-3631
-2802
-1709
-114
1461
2639
3203
3125
2560
1718
575
-839
-2367
-3609
-4429
-4806
-4600
-3799
-2412
-1158
104
1035
1557
1715
1338
542
-436
-1348
-2317
-3183
-3882
-4210
-3897
-3222
-2408
-1584
-728
125
720
922
885
483
-47
-866
-1723
-2263
-2727
-3022
-3007
-2648
-2173
-1745
-1392
-976
-743
-639
-523
-573
-703
-1018
-1444
-1646
-1752
-1906
-1869
-1566
-1139
-546
-209
58
110
12
25
-23
-47
-335
-669
-736
-734
-431
-267
-119
24
272
652
820
1102
1210
1230
1206
916
484
-165
-893
-1504
-2351
-3201
-3768
-3682
-3538
-3473
-3131
-2407
-1430
-594
75
528
706
722
507
-108
-614
-1386
-2147
-2731
-2685
-2218
-1678
-1036
-186
689
1361
1830
2222
2428
2226
1788
1360
700
-10
-567
-882
-998
-805
-379
111
621
1080
1616
1947
2025
2006
1757
1584
1420
1058
830
727
741
795
914
1107
1352
1531
1672
1965
2114
2034
1957
2013
1899
1747
1630
1439
1506
1540
1514
1494
1557
1621
1586
1499
1319
1176
857
568
464
321
312
512
589
545
635
699
609
571
806
965
907
601
236
108
277
803
