-4842
-4447
-4110
-3831
-3608
-3486
-3438
-3499
-3878
-4438
-4610
-4576
-4600
-4542
-4547
-4300
-3906
-3582
-3380
-3416
-3474
-3283
-3074
-3120
-3301
-3462
-4128
-5055
-6056
-7146
-7894
-8407
-8680
-8645
-8336
-7757
-7004
-6112
-5318
-4406
-3695
-3419
-3387
-3688
-4464
-5267
-5971
-6575
-6965
-7118
-6918
-6447
-5581
-4603
-3698
-2882
-2284
-1855
-1775
-1838
-2273
-3000
-3698
-4319
-4958
-5235
-5207
-4946
-4503
-4172
-3662
-3174
-2747
-2462
-2494
-2847
-3520
-4237
-5111
-5550
-5570
-5332
-4495
-3392
-2235
-1344
-1104
-1586
-2794
-4440
-6219
-8249
-10105
-11410
-11996
-11709
-10623
-9262
-7646
-6157
-5122
-4595
-4923
-6009
-7490
-9107
-10781
-12291
-13264
-13294
-12420
-10696
-8326
-5604
-3123
-1187
191
821
785
89
-1128
-2423
-3760
-5340
-6510
-6771
-5917
-4186
-1875
767
3466
5569
6749
6951
6107
4393
2310
98
-2219
-4357
-5943
-6621
-6184
-5006
-3387
-1665
-253
628
883
532
-541
-2322
-4494
-6611
-8524
-9869
-10446
-10305
-9625
-8419
-6979
-5333
-3990
-3245
-3036
-3304
-4160
-5552
-7136
-8961
-10588
-11584
-12072
-12267
-11853
-10708
-9260
-7746
-6496
-5578
-5190
-5150
-5545
-6352
-7340
-8531
-9786
-10981
-11822
-12019
-11689
-11296
-10245
-8754
-7311
-6055
-5254
-4681
-4086
-3772
-3681
-3699
-3829
-3931
-3993
-3957
-3644
-3058
-2295
-1679
-1168
-754
-668
-642
-714
-945
-1241
-1447
-1534
-1673
-1719
-1677
-1632
-1635
-1778
-1868
-2044
-2376
-2511
-2785
-3079
-3310
-3465
-3713
-4112
-4670
-5334
-5890
-6390
-6816
-7112
-7189
-6946
-6395
-5842
-5361
-4721
-4027
-3585
-3470
-3586
-4144
-5007
-5775
-6688
-7687
-8277
-8569
-8690
-8397
-7741
-7059
-6167
-5534
-4983
-4483
-4031
-4038
-4436
-4867
-5283
-5584
-5920
-6036
-5625
-5078
-4406
-3636
-2877
-1976
-1126
-332
367
1010
1354
1298
1318
1294
983
191
-689
-1731
-2786
-3688
-4417
-4701
-3909
-2255
-223
1601
3043
4398
5129
5018
4043
2435
543
-1499
-3263
-4339
-4539
-3872
-2354
-273
1736
3269
4640
5421
5572
5079
3865
2448
1003
-647
-1893
-2281
-1844
-464
1216
3038
4909
6173
6824
6988
6656
6277
5977
5879
6062
6432
6707
6715
6584
6425
5889
4951
3866
2782
1696
586
-192
-373
-300
181
1214
2397
3367
3945
4316
4488
4032
3113
1935
706
-600
-1730
-2522
-2663
-2338
-1777
-1097
-297
498
917
1219
1353
1011
298
-611
-1481
-2490
-3498
-4072
-4213
-4312
-4211
-3869
-3778
-3763
-3751
-3479
-3418
-3657
-3767
-3929
-4261
-4726
-5027
-4895
-4684
-4487
-4304
-4164
-3846
-3467
-3368
-3389
-3469
-3613
-3867
-4144
-4261
-4224
-4016
-3741
-3338
-2925
-2463
-1911
-1323
-838
-657
-632
-821
-990
-1316
-1801
-2297
-2772
-2924
-3115
-3191
-3156
-2862
-2515
-2217
-2065
-1949
-1605
-1491
-1577
-1980
-2853
-4085
-5345
-6562
-7776
-8976
-9991
-10596
-10710
-10463
-9787
-8750
-7684
-6557
-5551
-4983
-4748
-4880
-5134
-5708
-6837
-8019
-8870
-9346
-9729
-9921
-9829
-9223
-8368
-7559
-6683
-5918
-5459
-5374
-5445
-5691
-6355
-7288
-7976
-8350
-8245
-8230
-8067
-7680
-7138
-6422
-5546
-4931
-4396
-3896
-3523
-3326
-3323
-3387
-3225
-2917
-2609
-2442
-2190
-1780
-1493
-1028
-663
-566
-469
-353
-379
-514
-554
-685
-1015
-1439
-1594
-1520
-1504
-1579
-1636
-1484
-1297
-1245
-1411
-1768
-2200
-2600
-2636
-2737
-2974
-3070
-3092
-3160
-3031
-2770
-2586
-2433
-2332
-2111
-1967
-2374
-3169
-3729
-4036
-4279
-3916
-2881
-1626
-327
695
1277
1222
661
-436
-1829
-3442
-5120
-6513
-7470
-7874
-7579
-6831
-5476
-4038
-2712
-1658
-1260
-1377
-1813
-2681
-4050
-5620
-7107
-8358
-8959
-8871
-8381
-7623
-6416
-4912
-3612
-2586
-2031
-2004
-2318
-3029
-3964
-5168
-6443
-7401
-7865
-8066
-7931
-7340
-6546
-5539
-4542
-3622
-3013
-2827
-2806
-3146
-3843
-4549
-5323
-6162
-6721
-6965
-6905
-6701
-6137
-5421
-4950
-4585
-4453
-4364
-4252
-4368
-4931
-5531
-6039
-6345
-6502
-6590
-6468
-6220
-5787
-5508
-5172
-4939
-4983
-5051
-5255
-5594
-5787
-6075
-6155
-6084
-6211
-6313
-6289
-6039
-5613
-5304
-5130
-4975
-4766
-4667
-4729
-4772
-4923
-5489
-6255
-7233
-8353
-9477
-10245
-10653
-10893
-10899
-10492
-9693
-8811
-7841
-7011
-6243
-5518
-5142
-5278
-5801
-6586
-7207
-7886
-8740
-9235
-9230
-8929
-8430
-7614
-6564
-5516
-4617
-3914
-3416
-3120
-3273
-3615
-4093
-4628
-4959
-5432
-5772
-5749
-5375
-4847
-4340
-3793
-2948
-2179
-1784
-1507
-1124
-843
-808
-1043
-1215
-1082
-947
-943
-747
-566
-343
20
548
1016
1212
1316
1432
1531
1510
1501
1343
1271
1231
1169
1099
1068
924
806
538
420
390
166
-98
-356
-547
-572
-674
-705
-543
-297
-209
-176
-1
311
567
549
281
112
-308
-1041
-1532
-1586
-906
281
1568
3001
4164
4953
5206
4810
3989
2848
1218
-342
-1477
-2317
-3076
-3191
-2430
-1265
-66
1161
2348
3198
3367
3061
2162
891
-492
-1664
-2715
-3426
-3762
-3651
-2777
-1837
-880
116
951
1565
1883
1635
972
160
-909
-2016
-3053
-3812
-4134
-4035
-3558
-2836
-1972
-1166
-400
150
277
-72
-414
-880
-1622
-2340
-3013
-3646
-4109
-4251
-4284
-3938
-3319
-2793
-2367
-2070
-1756
-1570
-1857
-2250
-2600
-2903
-3154
-3411
-3627
-3576
-3277
-2783
-2445
-1961
-1620
-1609
-1769
-1815
-1959
-2294
-2505
-2662
-2833
-2909
-3178
-3222
-3038
-2857
-2685
-2372
-2105
-1983
-2094
-2095
-2003
-2225
-2574
-3140
-3921
-4889
-5729
-6592
-7431
-7723
-7721
-7553
-7209
-6661
-5841
-4820
-3892
-3261
-2802
-2906
-3302
-3830
-4509
-5314
-6076
-6672
-7017
-7026
-6582
-6000
-5115
-4023
-3204
-2704
-2304
-2006
-2014
-2319
-2678
-3060
-3522
-4059
-4521
-4734
-4510
-3943
-3381
-2699
-2101
-1392
-716
-237
36
-51
-148
-195
-248
-401
-600
-583
-442
-266
61
630
1105
1449
1699
1992
2138
1972
1793
1772
1958
1764
1433
1112
1241
1457
1476
1443
1440
1366
1089
819
593
431
329
249
-46
-230
-378
-445
-274
-57
131
249
369
282
114
99
-253
-912
-1441
-1798
-1736
-984
431
1955
3221
4111
4636
4617
3903
2712
1346
-135
-1525
-2739
-3564
-3744
-3402
-2534
-1215
202
1404
2175
2390
2130
1363
384
-792
-2187
-3586
-4821
-5388
-5356
-4681
-3514
-2333
-1155
-136
316
584
640
234
-565
-1693
-2837
-3891
-4645
-5250
-5330
-4926
-4325
-3566
-2645
-1798
-1145
-800
-673
-1137
-2012
-2883
-3599
-4282
-4990
-5364
-5470
-5436
-5156
-4574
-4084
-3694
-3185
-2801
-2708
-2942
-3342
-3705
-4088
-4321
-4632
-4846
-4681
-4425
-4305
-4305
-3999
-3542
-3045
-2924
-3152
-3383
-3770
-4167
-4402
-4595
-4628
-4624
-4626
-4403
-4043
-3774
-3794
-3731
-3434
-3251
-3223
-3320
-3630
-3976
-4386
-4985
-6076
-7177
-8185
-8894
-9201
-9522
-9625
-9232
-8473
-7578
-6616
-5769
-5088
-4696
-4678
-4856
-5207
-5732
-6512
-7313
-8095
-8651
-8770
-8471
-7647
-6659
-5788
-4987
-4224
-3584
-3227
-3120
-3394
-3863
-4337
-4772
-5204
-5432
-5531
-5676
-5367
-4842
-4040
-3154
-2711
-2282
-1751
-1303
-1045
-1068
-1281
-1470
-1439
-1464
-1479
-1360
-1161
-921
-576
-137
412
864
1114
1150
1163
1125
1084
1001
906
937
952
947
836
887
917
902
853
766
611
391
120
-139
-242
-272
-297
-398
-401
-375
-299
-164
54
280
337
383
177
-347
-1049
-1893
-2855
-3334
-3333
-2756
-1618
-282
1008
1787
1966
1631
923
81
-860
-1709
-2423
-2796
-2669
-2166
-1449
-563
381
1220
1810
2206
2120
1518
607
-623
-1849
-2732
-3496
-3806
-3610
-3123
-2157
-1011
122
1097
1735
2120
2163
1782
995
117
-908
-1805
-2446
-2874
-2683
-2056
-1464
-757
213
961
1511
1767
1800
1667
1169
352
-587
-1345
-1796
-1861
-2056
-2035
-1656
-1117
-513
-118
190
451
460
235
-163
-613
-1232
-1873
-2233
-2444
-2572
-2711
-2738
-2675
-2521
-2243
-2062
-2056
-2045
-2246
-2606
-2687
-2729
-2898
-3088
-3263
-3329
-3293
-3239
-2966
-2644
-2606
-2676
-2738
-2640
-2634
-2678
-2843
-3383
-3968
-4657
-5373
-6228
-7040
-7619
-7938
-7961
-7925
-7487
-6567
-5654
-4716
-3823
-3124
-2942
-3008
-3259
-3743
-4539
-5437
-6051
-6510
-6601
-6322
-5557
-4834
-4104
-3264
-2287
-1292
-770
-518
-607
-927
-1425
-1917
-2334
-2626
-2636
-2581
-2403
-2084
-1596
-870
-348
253
818
1132
1339
1295
1156
1057
1027
903
841
871
1042
1383
1571
1822
2211
2592
2648
2688
2882
2838
2706
2683
2594
2425
2122
2187
2342
2356
2140
1973
2134
2051
1734
1520
1399
1117
797
649
615
581
557
710
807
785
867
1070
1095
1214
1307
1137
802
707
984
1580
2598
3984
5458
6716
7595
8108
7908
6933
5526
3725
1565
-637
-2327
-3503
-4008
-3760
-2688
-805
1337
3347
4982
5967
6252
5651
4549
3151
1351
-444
-2244
-3796
-4550
-4413
-3665
-2389
-992
302
1511
2428
2812
2750
2139
1008
-442
-2058
-3551
-4582
-5081
-5243
-4969
-4266
-3298
-2266
-1296
-413
97
50
-195
-749
-1591
-2517
-3356
-3909
-4414
-4768
-4695
-4484
-4266
-3993
-3584
-3345
-3267
-3117
-3101
-3234
-3294
-3373
-3541
-3478
-3270
-3124
-2846
-2458
-1999
-1672
-1397
-1238
-1155
-1345
-1616
-1841
-2028
-2187
-2282
-2170
-1977
-1715
-1534
-1355
-1058
-824
-723
-552
-495
-516
-717
-977
-1450
-2273
-3191
-4013
-4812
-5645
-6537
-7028
-7028
-6682
-6074
-5168
-4280
-3400
-2698
-2167
-1872
-1892
-2202
-2776
-3561
-4624
-5660
-6274
-6741
-6808
-6312
-5549
-4892
-4086
-3226
-2556
-2002
-1685
-1728
-2026
-2607
-3382
-3983
-4429
-4674
-4875
-4952
-4836
-4202
-3369
-2704
-2111
-1589
-1043
-609
-381
-348
-432
-614
-868
-1104
-1020
-763
-423
-81
289
781
1269
1592
1833
1988
2064
2133
2053
1849
1750
1721
1755
1915
1965
1954
1878
1897
1918
1811
1618
1321
1131
1006
933
781
646
480
629
851
888
1012
1161
1240
1246
1203
1144
776
86
-658
-1340
-1541
-1228
-569
455
1706
2792
3302
3190
2635
1473
116
-1238
-2444
-3275
-3621
-3474
-2848
-1900
-729
808
2164
2970
3214
2971
2115
784
-566
-2032
-3360
-4356
-4943
-5067
-4610
-3374
-1955
-620
524
1404
1987
2005
1596
750
-101
-1019
-1886
-2743
-3233
-3290
-3032
-2330
-1276
-296
571
1393
1857
1893
1588
1189
535
-272
-1065
-1748
-2215
-2492
-2565
-2279
-1689
-850
-46
257
318
474
623
413
-15
-465
-860
-1265
-1769
-1940
-1683
-1348
-1088
-881
-796
-883
-963
-1098
-1393
-1737
-2111
-2413
-2754
-2874
-2718
-2660
-2679
-2549
-2161
-1946
-1965
-2058
-1930
-1945
-1995
-2109
-2365
-2886
-3576
-4576
-5528
-6337
-6908
-7351
-7551
-7603
-7403
-6855
-6007
-5093
-4105
-3146
-2547
-2255
-2499
-3250
-4051
-4714
-5288
-5898
-6143
-6182
-5818
-5108
-4167
-3075
-2198
-1425
-815
-220
92
-93
-615
-1190
-1654
-2007
-2236
-2279
-2097
-1771
-1247
-489
238
934
1542
2061
2393
2543
2589
2428
2308
2213
2097
2104
2194
2370
2676
3016
3305
3529
3833
3953
4048
4131
4182
4132
3969
3975
3728
3589
3548
3481
3420
3315
3224
3353
3389
3179
2933
2761
2608
2290
2114
2032
1948
2083
2214
2301
2330
2300
2402
2397
2347
2228
1897
1424
841
465
465
888
2072
3693
5222
6354
6817
6771
6122
5253
4251
2910
1518
268
-525
-882
-608
194
1409
2900
4066
4708
5225
5335
4849
4002
2846
1512
181
-845
-1289
-1337
-985
-182
723
1721
2696
3538
3929
3950
3695
3009
2225
1149
8
-922
-1500
-1743
-1572
-907
-42
755
1478
2134
2593
2690
2348
1795
1174
490
-258
-1052
-1563
-1766
-1834
-1782
-1555
-1146
-549
-158
85
172
171
20
-347
-691
-1146
-1514
-1545
-1621
-1632
-1358
-1031
-836
-580
-290
-187
-298
-337
-350
-626
-973
-1249
-1295
-1298
-1201
-1072
-951
-831
-711
-580
-421
-248
-84
-118
-195
-454
-1071
-1711
-2399
-3295
-4126
-4853
-5506
-5706
-5668
-5429
-4970
-4213
-3299
-2662
-2041
-1338
-916
-1117
-1544
-2243
-2916
-3691
-4476
-4919
-5038
-4835
-4294
-3630
-2957
-2130
-1065
-282
-114
-45
-238
-508
-833
-1475
-2237
-2660
-2872
-2751
-2495
-2102
-1379
-614
54
635
1109
1464
1662
1770
1647
1353
1233
1088
1109
1258
1289
1380
1624
2102
2583
2787
2881
3267
3442
3286
3151
3098
2982
2725
2763
2840
2716
2544
2411
2503
2560
2497
2509
2485
2316
2188
1993
1647
1404
1372
1341
1424
1574
1650
1787
1773
1903
2029
1914
1706
1299
751
323
242
529
1316
2624
4102
5252
6121
6414
5990
5121
3836
2443
1150
-32
-1005
-1606
-1554
-850
269
1480
2651
3801
4319
4381
4118
3345
2297
809
-599
-1705
-2640
-3069
-2860
-2167
-1216
-23
1168
1997
2394
2503
2475
2059
997
-245
-1362
-2183
-2870
-3227
-3077
-2454
-1633
-756
109
758
1137
1352
1356
984
369
-436
-1064
-1570
-2111
-2472
-2786
-2846
-2459
-1826
-1274
-740
-474
-313
-211
-208
-601
-1275
-1776
-1912
-1863
-1965
-1944
-1647
-1474
-1156
-788
-580
-484
-452
-434
-524
-849
-1117
-1367
-1552
-1514
-1543
-1439
-1222
-1067
-965
-921
-888
-752
-483
-243
-294
-685
-1134
-1699
-2489
-3435
-4267
-4972
-5580
-6031
-6093
-5884
-5520
-4941
-4054
-3204
-2471
-1814
-1406
-1383
-1719
-2104
-2707
-3521
-4301
-4925
-5252
-5214
-4783
-3968
-3147
-2341
-1425
-616
-136
57
89
-72
-395
-883
-1478
-2001
-2279
-2334
-2005
-1629
-1126
-437
366
1079
1559
2003
2261
2234
2136
1899
1856
1986
1924
1915
2181
2342
2691
3018
3205
3548
3841
4094
4202
4015
3848
3775
3761
3762
3603
3547
3740
3830
3806
3699
3591
3630
3442
3274
3141
2990
2933
2753
2583
2434
2365
2272
2291
2509
2728
2809
2761
2610
2617
2546
2180
1495
1003
736
1089
2003
3136
4616
5950
6751
7137
6896
6148
5119
3805
2457
1205
105
-628
-773
-447
404
1670
3017
4199
5065
5364
5150
4463
3364
2108
907
-316
-1380
-1884
-1795
-1243
-324
808
1914
2773
3429
3770
3865
3464
2772
1894
728
-273
-1038
-1438
-1476
-1087
-381
486
1263
1736
2090
2369
2466
2394
1872
1018
252
-242
-784
-1329
-1696
-1603
-1210
-750
-231
201
627
727
658
769
716
308
-240
-634
-773
-862
-1015
-841
-578
-239
229
464
694
659
517
214
20
-347
-618
-653
-578
-384
-268
-150
-36
164
259
380
514
577
540
478
474
348
-249
-1174
-2147
-3058
-3916
-4663
-5081
-5205
-5138
-4923
-4373
-3493
-2599
-1723
-1023
-547
-293
-508
-1077
-1757
-2602
-3552
-4180
-4356
-4302
-4032
-3469
-2760
-1851
-891
59
722
1098
1089
886
384
-164
-520
-985
-1529
-1716
-1580
-1162
-544
-130
447
1088
1671
2183
2349
2316
2279
2109
1682
1272
1140
1381
1737
2134
2512
2782
2916
2823
2462
1971
1412
968
772
803
966
1364
2025
2671
3408
4011
4195
4036
3491
2784
1703
765
61
-179
111
820
1859
2932
4142
5481
6373
6656
6610
6265
5620
4910
4100
3318
2746
2347
2375
2974
3895
5362
7048
8595
9797
10322
10199
9481
8208
6607
4790
3075
1848
891
503
770
1489
2520
3726
4958
5776
6147
5906
5339
4312
2834
1493
168
-1052
-1884
-2080
-1933
-1433
-561
584
1582
2312
2854
2987
2497
1812
1066
59
-1050
-2206
-3155
-3680
-3499
-2909
-2208
-1485
-669
103
552
708
749
622
204
-601
-1378
-2072
-2540
-2560
-2449
-2248
-1884
-1367
-707
15
459
669
833
1057
978
594
326
233
341
523
515
588
869
1291
1835
2147
2114
1981
2046
1966
1749
1395
1164
860
614
628
854
976
1150
1158
1091
1015
1024
1033
997
1005
834
498
109
-553
-1512
-2564
-3454
-4122
-4696
-5180
-5312
-5154
-4891
-4279
-3258
-2166
-1545
-1157
-939
-1202
-1657
-2215
-2956
-3754
-4493
-5087
-5466
-5411
-4933
-4221
-3467
-2555
-1737
-1179
-904
-884
-1070
-1344
-1828
-2395
-3066
-3771
-4161
-4292
-4070
-3623
-3124
-2459
-1816
-1231
-645
-245
-159
-116
-212
-590
-1286
-1805
-2066
-2185
-2110
-1859
-1418
-862
-76
651
1194
1402
1239
996
743
263
-467
-1164
-1475
-1535
-1579
-1175
-478
-40
270
688
840
603
211
-324
-1097
-1928
-2497
-3089
-3532
-3484
-3230
-2661
-2029
-1586
-1310
-1194
-1211
-1728
-2797
-4087
-5180
-5778
-5734
-4896
-3642
-1984
-315
887
1425
1318
624
-681
-2360
-4262
-5869
-7278
-8259
-8288
-7546
-6277
-4595
-2877
-1294
-208
109
-140
-808
-1875
-3325
-4925
-6228
-7068
-7430
-7173
-6275
-4982
-3578
-2242
-1127
-266
256
181
-179
-835
-1947
-3198
-3938
-4408
-4720
-4561
-3933
-3029
-2012
-1042
-215
483
905
1020
800
411
-165
-937
-1850
-2479
-2759
-2670
-2354
-1836
-1219
-689
-258
103
491
620
507
193
-302
-796
-1210
-1378
-1427
-1315
-1117
-906
-652
-199
195
522
687
669
527
112
-343
-586
-636
-598
-542
-411
-270
-17
303
474
630
740
1057
1344
1384
1257
829
225
-412
-1116
-1906
-2524
-3133
-3565
-3712
-3354
-2771
-2067
-1109
-152
773
1639
2130
2231
1995
1469
810
76
-574
-860
-921
-759
-260
525
1339
2253
3195
3912
4353
4598
4412
3968
3561
3157
2589
2027
1687
1622
1622
1893
2421
2883
3403
4051
4402
4571
4455
4302
4166
3844
3492
3328
3217
3091
3135
3205
3246
3597
3853
3912
4025
4121
4129
3980
3882
3741
3452
3345
3304
3224
3228
3272
3135
3117
3024
2930
2869
2702
2462
2271
2140
1983
1850
1758
1842
1887
1838
1879
2009
2145
2119
2049
2224
2265
1961
1348
660
221
333
1189
2682
4208
5370
6333
6846
6851
6237
5193
4051
2777
1544
528
-117
-131
277
1187
2466
3858
5063
5792
5974
5821
5322
4341
3045
1726
631
-113
-548
-485
178
1307
2344
3281
4205
4932
5234
5061
4608
3953
2992
1754
831
207
-295
-235
299
1055
1862
2576
3221
3776
4110
4027
3691
3156
2521
1892
1179
565
182
-48
102
393
778
1200
1888
2231
2368
2420
2248
2031
1672
1321
968
654
382
397
668
903
1322
1782
1926
1935
2092
2415
2411
2077
1662
1436
1307
1289
1409
1607
1754
1731
1871
2100
2293
2358
2280
2277
2361
2326
2152
1807
1314
681
-239
-1283
-2066
-2490
-2611
-2454
-2035
-1390
-702
182
1135
1981
2445
2346
2051
1707
1187
414
-303
-870
-1271
-1435
-1222
-774
-52
811
1716
2494
3061
3211
3004
2669
2326
1798
1028
309
-262
-535
-458
-292
13
516
951
1353
1700
1992
2131
1969
1696
1465
1152
771
380
177
181
293
530
749
983
1270
1530
1633
1510
1469
1411
1363
1159
770
530
465
513
512
601
729
592
321
66
-46
-240
-414
-581
-835
-1036
-1105
-953
-787
-832
-711
-752
-899
-903
-886
-776
-692
-947
-1477
-2136
-2634
-2557
-1740
-347
1045
2285
3579
4161
4293
3752
2548
1182
-189
-1691
-3136
-4140
-4522
-4210
-3192
-1888
-577
711
1768
2544
2753
2215
1362
-18
-1661
-3236
-4605
-5357
-5391
-4910
-3967
-2836
-1691
-475
395
928
1226
902
132
-740
-1882
-2989
-3910
-4403
-4582
-4406
-3761
-2867
-1892
-1037
-348
198
421
339
97
-596
-1400
-2029
-2745
-3246
-3560
-3597
-3381
-3066
-2361
-1608
-1114
-796
-742
-753
-1054
-1349
-1640
-1889
-2150
-2443
-2452
-2154
-1842
-1419
-959
-672
-525
-371
-190
-167
-410
-569
-775
-961
-907
-935
-974
-660
-410
-28
217
306
531
633
660
724
551
227
-149
-664
-1312
-2102
-2926
-3646
-4327
-4649
-4653
-4279
-3817
-3098
-2077
-1172
-234
346
495
454
262
-312
-940
-1495
-2045
-2476
-2709
-2477
-2060
-1428
-695
271
1238
1702
1952
1996
1853
1484
995
375
-313
-734
-1040
-1199
-1105
-722
-249
372
974
1441
1739
1910
1821
1690
1388
1003
758
480
260
136
364
690
1000
1177
1330
1650
1889
1978
1848
1683
1631
1608
1570
1431
1275
1078
1005
1169
1177
1045
1028
1106
1067
858
715
605
314
74
-97
-107
0
26
68
169
315
440
370
396
463
476
150
-213
-237
156
854
