-5052
-4636
-4355
-4122
-3744
-3467
-3735
-4104
-4371
-4528
-4555
-4618
-4705
-4820
-4809
-4555
-4123
-3702
-3462
-3270
-3169
-3166
-3117
-3061
-3181
-3532
-4088
-5013
-5984
-6862
-7493
-7956
-8338
-8345
-8008
-7447
-6689
-5735
-4832
-4048
-3401
-3057
-3138
-3589
-4477
-5149
-5891
-6649
-6983
-7047
-6802
-6310
-5719
-4675
-3538
-2784
-2242
-1896
-1847
-1953
-2317
-2942
-3652
-4214
-4633
-5038
-5141
-4927
-4682
-4211
-3679
-3188
-2798
-2689
-2734
-2893
-3438
-4322
-5186
-5681
-5683
-5408
-4812
-3717
-2212
-1196
-1026
-1716
-2763
-4203
-5995
-7907
-9852
-11327
-12003
-11954
-11050
-9376
-7693
-6354
-5255
-4760
-4656
-5448
-6951
-8759
-10674
-12175
-13004
-12948
-12068
-10395
-8253
-5689
-3062
-807
762
1405
1379
671
-516
-1955
-3484
-4964
-6359
-6957
-6315
-4620
-2233
386
3023
5208
6393
6489
5754
4294
2326
32
-2148
-4147
-5577
-6228
-6067
-4904
-3374
-1829
-504
561
879
369
-723
-2242
-4227
-6369
-8213
-9726
-10349
-10304
-9503
-8191
-6701
-5394
-4429
-3713
-3425
-3695
-4596
-5860
-7351
-9001
-10574
-11670
-12138
-12032
-11544
-10636
-9254
-7775
-6560
-5802
-5234
-5011
-5395
-6328
-7574
-8838
-9974
-10926
-11647
-11888
-11665
-11076
-9893
-8650
-7387
-5957
-4949
-4425
-4017
-3738
-3609
-3754
-3921
-4037
-4166
-4016
-3646
-3278
-2638
-1940
-1480
-1148
-901
-819
-720
-901
-1253
-1692
-1935
-2089
-2151
-2119
-2249
-2271
-1984
-1722
-1962
-2287
-2548
-2760
-2986
-3177
-3531
-3962
-4303
-4660
-5279
-6038
-6577
-6882
-6929
-6916
-6778
-6381
-5742
-4999
-4382
-3907
-3479
-3366
-3754
-4409
-5245
-6156
-6881
-7518
-8341
-8909
-8929
-8590
-8037
-7353
-6363
-5465
-4816
-4318
-4252
-4221
-4384
-4764
-5268
-5701
-5840
-5807
-5521
-4929
-4185
-3390
-2587
-1777
-896
-36
598
983
1147
1429
1525
1342
902
75
-881
-1876
-2992
-3964
-4822
-4948
-4207
-2556
-331
1699
3222
4340
4879
4845
4061
2634
725
-1275
-3001
-4108
-4252
-3728
-2431
-372
1782
3676
5242
6093
6146
5550
4380
2990
1421
-157
-1325
-1844
-1721
-806
922
3065
4917
6137
6685
6599
6333
5952
5635
5625
5762
6048
6366
6543
6485
6173
5785
5059
4084
3012
1791
573
-338
-591
-198
527
1371
2284
3307
4255
4663
4516
4010
3205
2137
918
-255
-1260
-1916
-2273
-2199
-1736
-1048
-167
537
1140
1477
1396
1057
349
-485
-1293
-2264
-3284
-4062
-4342
-4384
-4293
-4191
-3925
-3771
-3486
-3345
-3515
-3662
-3751
-3978
-4113
-4431
-4850
-4885
-4700
-4513
-4185
-3754
-3570
-3323
-3056
-3005
-3291
-3438
-3534
-3748
-4000
-4146
-4089
-3832
-3624
-3239
-2616
-2009
-1610
-1297
-1208
-1112
-1173
-1511
-1764
-1984
-2455
-2781
-2998
-3168
-3370
-3356
-3031
-2687
-2356
-2061
-1839
-1708
-1676
-1692
-2212
-3004
-3845
-5020
-6523
-7820
-8838
-9765
-10424
-10652
-10197
-9372
-8509
-7533
-6499
-5691
-5170
-4862
-4900
-5333
-6196
-7338
-8146
-8924
-9658
-10124
-10245
-9979
-9278
-8427
-7582
-6811
-6162
-5780
-5677
-5689
-6013
-6585
-7207
-7732
-8004
-8261
-8283
-7970
-7327
-6839
-6213
-5472
-4818
-4182
-3669
-3137
-2811
-2749
-2681
-2664
-2505
-2204
-1889
-1731
-1576
-1177
-724
-454
-245
-62
71
177
-15
-328
-675
-893
-931
-966
-999
-898
-872
-921
-854
-787
-847
-1039
-1201
-1308
-1690
-2015
-2188
-2216
-2397
-2658
-2817
-2746
-2428
-2174
-2006
-1855
-1746
-1897
-2154
-2689
-3487
-4066
-4082
-3554
-2599
-1447
-341
672
1261
1220
525
-814
-2282
-3715
-5184
-6512
-7337
-7602
-7430
-6638
-5302
-3773
-2438
-1462
-849
-955
-1599
-2535
-3631
-5006
-6589
-7780
-8439
-8485
-8112
-7257
-6196
-5086
-3804
-2669
-2148
-2184
-2519
-3074
-4015
-5152
-6276
-7290
-8154
-8228
-7875
-7314
-6447
-5470
-4429
-3605
-2983
-2589
-2722
-3131
-3879
-4748
-5595
-6163
-6365
-6466
-6568
-6337
-6148
-5617
-4968
-4610
-4412
-4229
-4347
-4702
-5224
-5758
-6052
-6281
-6534
-6569
-6541
-6309
-6017
-5779
-5504
-5246
-5172
-5315
-5471
-5689
-5857
-6275
-6628
-6839
-6868
-6595
-6145
-5875
-5802
-5645
-5441
-5309
-5064
-4981
-4785
-4812
-5099
-5650
-6332
-7159
-8258
-9167
-9873
-10404
-10667
-10643
-10365
-9645
-8894
-8118
-7193
-6306
-5730
-5431
-5408
-5804
-6659
-7466
-8335
-9081
-9474
-9460
-9372
-9039
-8161
-7060
-5985
-4984
-4154
-3486
-3174
-3278
-3777
-4250
-4795
-5340
-5748
-5902
-5874
-5743
-5310
-4620
-3773
-2858
-2128
-1626
-1318
-1111
-1066
-1065
-958
-965
-1082
-1170
-1197
-1050
-847
-612
-314
1
370
764
1123
1197
1074
973
1091
996
728
720
799
697
481
296
332
554
416
234
8
-200
-492
-823
-846
-862
-757
-642
-583
-445
-424
-253
-63
-1
-5
-19
-199
-609
-1279
-1952
-2085
-1673
-715
704
2251
3550
4426
4632
4309
3523
2448
955
-428
-1715
-2726
-3406
-3435
-2617
-1506
-199
1115
2254
2974
3092
2738
1923
905
-299
-1593
-2814
-3760
-4122
-3756
-3017
-2187
-1204
-46
806
1390
1536
1272
695
-90
-1005
-2039
-2981
-3902
-4495
-4390
-3843
-3124
-2302
-1401
-706
-388
-180
-141
-349
-914
-1730
-2578
-3423
-4033
-4261
-4264
-4196
-3950
-3354
-2612
-2131
-1832
-1752
-1736
-1920
-2325
-2853
-3234
-3554
-3740
-3893
-3842
-3667
-3481
-3072
-2628
-2223
-2106
-2189
-2257
-2434
-2755
-3017
-3222
-3360
-3404
-3302
-3310
-3268
-3048
-2736
-2504
-2345
-2144
-1835
-1668
-1906
-2312
-2559
-2979
-3716
-4790
-5826
-6630
-7170
-7493
-7597
-7579
-7199
-6555
-5718
-4809
-3922
-3275
-2839
-2944
-3264
-3786
-4717
-5730
-6691
-7215
-7230
-7208
-7039
-6485
-5563
-4536
-3590
-2906
-2559
-2275
-2162
-2333
-2718
-3143
-3703
-4207
-4431
-4410
-4337
-4073
-3587
-3003
-2247
-1588
-1048
-563
-312
-343
-473
-597
-646
-725
-764
-710
-595
-410
-138
70
458
891
1140
1227
1331
1534
1569
1441
1466
1476
1534
1537
1488
1525
1617
1599
1474
1227
1005
837
768
607
509
433
255
-20
-60
80
81
146
202
246
280
163
208
106
-322
-796
-1425
-1914
-1794
-1036
175
1566
2891
3916
4337
4034
3341
2332
924
-501
-1886
-3034
-3710
-3932
-3598
-2677
-1368
-30
1193
2055
2415
2208
1436
458
-706
-2180
-3588
-4743
-5367
-5385
-4817
-3875
-2833
-1770
-913
-209
151
185
-178
-1155
-2285
-3325
-4379
-5109
-5561
-5569
-5224
-4621
-3861
-2996
-2180
-1629
-1218
-1149
-1494
-2098
-2853
-3538
-4148
-4623
-5096
-5431
-5359
-5019
-4504
-3813
-3165
-2886
-2919
-2781
-2818
-3128
-3620
-4034
-4383
-4758
-4982
-4881
-4757
-4540
-4330
-3961
-3583
-3518
-3470
-3542
-3717
-3944
-4129
-4307
-4454
-4502
-4558
-4650
-4526
-4288
-4105
-3954
-3841
-3684
-3454
-3369
-3578
-3662
-3986
-4643
-5311
-6041
-6855
-7810
-8667
-9163
-9501
-9320
-8745
-8093
-7431
-6722
-5830
-5024
-4600
-4442
-4534
-5027
-5765
-6658
-7509
-8110
-8551
-8755
-8658
-7998
-7054
-6051
-5119
-4311
-3631
-3237
-3191
-3241
-3599
-4047
-4668
-5164
-5415
-5526
-5557
-5230
-4490
-3656
-2920
-2499
-2181
-1833
-1372
-1069
-986
-965
-1151
-1324
-1567
-1534
-1344
-1377
-1068
-613
-200
235
653
928
1075
1107
1133
1008
1003
1005
929
892
799
704
710
912
961
854
609
426
385
398
303
79
-200
-346
-301
-173
-102
40
220
278
392
310
95
-94
-370
-1089
-2175
-3194
-3750
-3633
-3034
-1960
-769
434
1326
1660
1544
987
300
-453
-1407
-2179
-2611
-2608
-2318
-1829
-887
103
999
1721
2002
1782
1248
432
-688
-1858
-2812
-3468
-3732
-3628
-3157
-2261
-1065
44
1005
1604
1937
1901
1536
1019
309
-591
-1497
-2281
-2612
-2446
-2003
-1419
-621
192
922
1405
1771
1963
1749
1187
363
-433
-1051
-1567
-1858
-1883
-1788
-1598
-1219
-634
-73
436
810
838
621
335
-234
-1107
-1796
-2177
-2488
-2738
-2886
-2952
-2821
-2546
-2202
-2048
-1959
-1885
-2065
-2441
-2726
-2763
-2980
-3286
-3462
-3317
-3185
-3049
-2871
-2859
-3025
-3152
-2966
-2722
-2738
-2837
-2938
-3200
-3755
-4515
-5393
-6311
-7268
-7918
-8174
-8186
-7879
-7356
-6756
-6045
-5170
-4286
-3646
-3376
-3389
-3690
-4283
-5136
-6104
-6627
-6818
-6930
-6676
-6128
-5404
-4543
-3423
-2412
-1752
-1167
-707
-631
-859
-1249
-1736
-2345
-2859
-3081
-3047
-2612
-1926
-1269
-604
117
702
1139
1488
1709
1813
1685
1576
1500
1378
1228
1055
1039
1188
1383
1750
2339
2672
2793
2938
2915
2985
2977
2855
2641
2530
2421
2435
2523
2558
2583
2483
2334
2152
2043
1811
1512
1303
1180
1107
982
824
661
678
908
1009
1056
1142
1252
1245
1153
1141
885
526
667
1549
2708
3955
5397
6719
7620
7846
7535
6591
5069
3196
948
-1142
-2874
-4027
-4414
-4058
-2974
-1124
1158
3443
5187
6050
6317
5931
4912
3369
1628
-254
-2047
-3457
-4202
-4166
-3479
-2365
-983
324
1366
2069
2440
2332
1581
400
-743
-2033
-3379
-4419
-5123
-5458
-5246
-4393
-3327
-2312
-1357
-493
-68
-19
-131
-466
-1108
-2217
-3169
-3888
-4382
-4825
-4890
-4602
-4300
-4016
-3854
-3385
-3025
-3228
-3412
-3525
-3482
-3621
-3819
-3834
-3751
-3497
-3095
-2795
-2468
-2123
-1860
-1713
-1604
-1525
-1696
-1932
-2296
-2687
-2800
-2685
-2408
-2095
-1788
-1434
-1184
-1068
-806
-551
-356
-292
-415
-765
-1240
-1793
-2571
-3590
-4509
-5336
-5904
-6180
-6257
-6084
-5685
-4895
-3998
-2969
-2079
-1420
-1085
-1268
-1830
-2553
-3385
-4414
-5324
-6060
-6630
-6735
-6395
-5635
-4815
-4044
-3261
-2569
-1999
-1741
-1821
-2166
-2754
-3311
-3808
-4360
-4915
-5235
-5110
-4667
-4132
-3353
-2612
-2065
-1543
-1181
-1006
-983
-1046
-1019
-1193
-1393
-1389
-1398
-1247
-878
-343
-31
402
675
849
1124
1336
1477
1394
1353
1511
1617
1615
1531
1566
1587
1417
1457
1673
1715
1579
1626
1515
1184
912
596
497
627
744
682
668
769
1059
1276
1304
1319
1427
1229
661
-147
-947
-1571
-1867
-1547
-933
76
1179
2098
2755
2797
2160
1156
81
-1156
-2460
-3379
-3751
-3619
-3033
-2070
-651
811
2100
2896
3083
2841
2137
1092
-362
-1885
-3276
-4274
-4872
-5028
-4451
-3510
-2160
-881
177
1084
1564
1629
1251
504
-336
-1321
-2330
-2989
-3347
-3366
-3043
-2284
-1357
-535
358
1094
1610
1727
1356
819
351
-225
-814
-1445
-1910
-2111
-2021
-1736
-1308
-824
-227
297
574
657
727
625
201
-221
-544
-953
-1230
-1349
-1400
-1339
-1356
-1355
-1174
-1001
-847
-927
-1289
-1667
-2038
-2296
-2466
-2621
-2704
-2606
-2572
-2471
-2248
-2080
-1942
-1952
-2181
-2052
-1807
-1993
-2566
-2990
-3521
-4369
-5364
-6308
-6995
-7565
-7899
-7946
-7532
-6834
-6068
-5136
-4250
-3536
-3036
-2855
-2950
-3392
-4151
-4986
-5642
-6068
-6558
-6787
-6421
-5686
-4808
-3727
-2632
-1702
-944
-422
-94
-272
-678
-1054
-1458
-1929
-2395
-2587
-2289
-1827
-1271
-575
213
904
1446
1935
2267
2465
2559
2506
2466
2331
2191
2219
2195
2293
2479
2760
3178
3563
3877
4113
4291
4370
4237
4154
4010
3864
3778
3707
3829
3895
3750
3686
3644
3597
3491
3313
3200
3022
2761
2465
2202
2091
2121
2197
2143
2044
2129
2206
2156
2187
2188
2022
1799
1123
414
-106
-121
463
1556
2998
4409
5553
6038
5913
5529
4804
3708
2450
958
-319
-950
-1222
-1004
-276
989
2409
3587
4503
4944
4927
4532
3804
2687
1303
149
-864
-1548
-1697
-1264
-462
423
1375
2444
3206
3434
3469
3284
2698
1743
530
-305
-1072
-1578
-1643
-1530
-1088
-362
561
1420
1938
2242
2344
2209
1774
1011
320
-416
-1208
-1639
-1703
-1650
-1609
-1367
-963
-542
-60
147
291
162
-159
-475
-879
-1304
-1779
-2222
-2373
-2233
-1949
-1629
-1393
-1015
-599
-481
-591
-866
-1057
-1220
-1430
-1594
-1771
-1879
-1688
-1484
-1445
-1336
-1067
-838
-610
-413
-317
-342
-393
-565
-1069
-1646
-2361
-3230
-4258
-5005
-5592
-6179
-6182
-5705
-5101
-4396
-3479
-2626
-1933
-1490
-1155
-1215
-1626
-2252
-3032
-3678
-4186
-4692
-4873
-4846
-4496
-3826
-3204
-2374
-1374
-532
-20
70
-97
-431
-1065
-1654
-2105
-2545
-2715
-2623
-2350
-2058
-1589
-873
-210
345
880
1347
1575
1493
1225
990
881
765
942
1041
1075
1335
1640
1989
2282
2681
2985
3066
2917
2876
3010
2991
2807
2840
2845
2723
2721
2737
2724
2740
2657
2586
2470
2409
2437
2316
1936
1785
1824
1808
1758
1868
1927
1905
1822
1784
1858
1892
1800
1662
1260
572
113
-113
255
1225
2575
3900
5029
5769
5949
5657
4851
3723
2444
1044
-200
-1134
-1632
-1661
-1071
168
1515
2620
3560
4337
4672
4292
3336
2338
1119
-348
-1644
-2479
-2753
-2456
-1743
-781
107
910
1493
2052
2416
2507
2002
1045
-179
-1261
-2227
-2991
-3347
-3138
-2701
-2059
-1110
-161
562
1141
1490
1520
1173
491
-309
-1177
-1670
-2152
-2671
-2954
-2690
-2234
-1820
-1334
-762
-357
-162
-191
-573
-995
-1278
-1663
-2017
-2355
-2669
-2549
-2208
-1957
-1563
-1166
-876
-766
-778
-772
-1030
-1335
-1543
-1703
-1797
-1879
-1779
-1648
-1475
-1325
-1165
-955
-773
-790
-711
-632
-645
-719
-846
-1447
-2371
-3312
-4281
-5140
-5822
-6222
-6528
-6473
-5985
-5092
-4201
-3327
-2508
-1878
-1684
-1764
-2091
-2635
-3226
-3939
-4741
-5258
-5543
-5529
-5123
-4394
-3607
-2776
-1922
-1109
-531
-340
-406
-581
-823
-1235
-1797
-2231
-2385
-2410
-2414
-2162
-1541
-822
-298
255
897
1465
1949
2125
1990
1837
1694
1614
1507
1579
1763
1976
2179
2364
2697
3186
3474
3623
3647
3623
3561
3555
3624
3582
3468
3500
3427
3329
3434
3540
3461
3485
3421
3105
2925
2773
2637
2524
2361
2239
2244
2362
2670
2771
2714
2603
2485
2581
2612
2435
2064
1441
850
641
831
1664
2859
4258
5428
6247
6604
6337
5627
4585
3334
2086
875
-268
-859
-852
-393
413
1590
2852
3927
4680
5117
5062
4418
3241
2040
864
-193
-1245
-1872
-1797
-1419
-647
401
1644
2621
3161
3385
3320
2910
2152
1110
4
-868
-1466
-1852
-1811
-1455
-754
-6
781
1458
2076
2357
2431
2290
1783
1051
296
-480
-1270
-1748
-1653
-1559
-1235
-762
-225
87
358
562
649
601
153
-371
-816
-1158
-1383
-1416
-1542
-1364
-1031
-719
-460
-287
-62
131
164
-131
-548
-725
-869
-1113
-1175
-1055
-977
-862
-618
-243
-41
-62
-10
58
62
148
155
-231
-905
-1626
-2302
-3186
-4086
-4824
-5195
-5443
-5405
-4970
-4414
-3534
-2612
-1952
-1370
-888
-736
-905
-1306
-2037
-2749
-3493
-4188
-4519
-4630
-4444
-3838
-3027
-2098
-1060
-253
321
707
836
638
208
-329
-846
-1239
-1534
-1807
-1811
-1351
-687
-80
434
954
1455
1857
2137
2120
1717
1389
1158
965
953
1047
1443
1987
2504
2904
2905
2547
1980
1431
995
544
271
323
605
1203
1971
2630
3233
3828
4075
3763
3071
2259
1353
500
-136
-158
268
953
1974
2979
4117
5237
6107
6423
6385
6058
5348
4496
3672
3017
2431
1994
1986
2538
3490
4862
6499
7984
9251
9988
9803
8985
7699
6109
4484
2961
1522
546
143
389
1170
2201
3388
4533
5484
5900
5712
5067
4179
2886
1470
254
-800
-1542
-2026
-2028
-1430
-542
465
1252
1811
2213
2352
2270
1765
968
117
-969
-1896
-2667
-3314
-3520
-3410
-2797
-1812
-974
-244
234
524
529
250
-254
-841
-1539
-2289
-2725
-2914
-2841
-2452
-1907
-1485
-862
-236
142
474
587
608
634
396
107
-79
-138
30
49
188
722
1117
1466
1802
2081
2030
1776
1581
1379
1063
715
701
690
630
621
643
796
966
1051
1074
1144
1104
1104
943
863
622
95
-529
-1252
-1934
-2850
-3606
-4272
-4730
-4806
-4602
-4235
-3744
-3182
-2525
-1780
-1058
-823
-1122
-1563
-2140
-2853
-3694
-4647
-5539
-5804
-5632
-5264
-4446
-3491
-2472
-1787
-1449
-1095
-1010
-1156
-1470
-2025
-2615
-3173
-3655
-4018
-4263
-4105
-3751
-3255
-2694
-1946
-1123
-521
-222
-34
-83
-176
-509
-966
-1446
-1904
-2222
-2254
-2064
-1593
-872
-57
702
1233
1449
1459
1243
888
372
-324
-936
-1271
-1427
-1567
-1426
-941
-142
481
814
1004
930
531
-70
-798
-1541
-2159
-2671
-3103
-3244
-3129
-2700
-2111
-1421
-1139
-1158
-1213
-1623
-2695
-3954
-4984
-5531
-5614
-4997
-3725
-2091
-503
746
1486
1407
640
-670
-2399
-4091
-5714
-7050
-8013
-8148
-7380
-5853
-4180
-2628
-1165
-177
290
156
-404
-1538
-3046
-4430
-5663
-6784
-7255
-6914
-6130
-4899
-3363
-1988
-902
-65
329
116
-441
-1008
-1844
-2930
-3994
-4685
-4861
-4533
-3903
-2964
-1898
-1107
-225
471
986
1238
961
420
-248
-922
-1586
-2305
-2547
-2450
-2158
-1760
-1349
-779
-155
274
466
545
399
90
-252
-623
-994
-1386
-1581
-1477
-1232
-873
-428
-67
14
-39
-28
48
-29
-326
-761
-962
-1002
-1094
-1106
-1040
-745
-397
-101
83
433
846
1075
1012
847
676
382
-15
-497
-1236
-2077
-2743
-3251
-3611
-3713
-3409
-2814
-1982
-1106
-345
478
1345
2007
2117
1827
1398
907
275
-330
-719
-928
-730
-296
274
1120
2047
2844
3580
4078
4284
4219
3969
3449
2881
2414
1934
1596
1458
1583
1912
2321
2822
3389
3815
4142
4331
4433
4362
4105
3697
3376
3079
2906
2937
2976
3016
3018
3185
3419
3703
3879
3828
3762
3765
3816
3571
3115
2848
2961
3080
3012
3038
3063
3151
3117
3042
3029
2950
2747
2456
2066
1907
1968
2005
1968
1843
1716
1897
2134
2279
2420
2531
2486
2237
1749
1126
509
317
673
1534
2780
4108
5568
6577
6879
6729
6075
5115
3943
2599
1441
512
-112
-140
262
1217
2435
3829
5056
5768
6037
5843
5381
4561
3450
2226
974
38
-362
-515
-200
641
1794
2869
3733
4215
4572
4659
4278
3671
2691
1661
811
5
-480
-435
-19
540
1304
2173
2927
3559
3860
4010
3699
2962
2224
1578
834
308
-43
-70
-64
184
782
1160
1503
1918
2171
2247
2047
1815
1533
1196
923
576
445
422
697
1117
1360
1696
1965
2086
2128
2183
2041
1739
1533
1257
1146
1123
1234
1460
1690
1903
2076
2320
2549
2680
2705
2908
2873
2758
2542
2111
1404
753
38
-910
-1574
-2027
-2303
-2217
-1788
-1142
-282
604
1369
1902
2241
2452
2432
1974
1221
325
-524
-1163
-1515
-1502
-1143
-560
180
911
1666
2342
2780
3107
3070
2587
2007
1495
955
271
-269
-592
-450
-144
59
363
960
1440
1604
1885
2007
1943
1664
1303
920
498
179
116
131
399
566
628
1016
1271
1414
1444
1400
1403
1270
1021
861
822
724
745
744
725
627
537
545
626
562
343
49
-38
-162
-322
-453
-630
-813
-820
-685
-600
-439
-397
-265
-210
-318
-487
-954
-1521
-2176
-2644
-2556
-1949
-873
624
2117
3399
4067
4004
3330
2342
1155
-288
-1634
-2744
-3633
-4037
-3776
-2981
-1837
-388
1015
2002
2529
2626
2168
1368
255
-1238
-2652
-3754
-4320
-4544
-4303
-3378
-2366
-1385
-352
468
952
1021
856
183
-674
-1591
-2699
-3501
-3908
-4066
-3858
-3492
-2643
-1693
-906
-114
667
913
699
213
-415
-1066
-1842
-2596
-3080
-3313
-3297
-2954
-2433
-1816
-1189
-773
-594
-651
-851
-990
-1033
-1265
-1584
-1981
-2166
-2192
-2097
-1679
-1389
-1216
-909
-472
-154
-178
-331
-391
-572
-818
-1023
-1105
-1051
-1083
-1002
-760
-516
-245
21
201
447
608
737
723
408
-17
-476
-1116
-1990
-2912
-3645
-4065
-4251
-4390
-4088
-3579
-2720
-1793
-1003
-273
277
658
734
442
-292
-1048
-1783
-2387
-2854
-2890
-2542
-2144
-1436
-726
135
1177
1820
2229
2321
2057
1623
1086
452
-115
-605
-995
-1181
-1119
-684
78
675
1041
1350
1727
1977
2031
1741
1341
1002
727
479
303
310
429
610
849
1034
1428
1761
1900
1880
1797
1792
1554
1384
1252
1274
1365
1304
1287
1305
1177
1173
1179
1118
1080
985
747
474
388
283
103
185
335
430
530
504
514
453
343
448
541
501
295
168
118
411
1073
