-5015
-4759
-4469
-4256
-4148
-4199
-4117
-4300
-4554
-4962
-5310
-5331
-5058
-4962
-5105
-4881
-4511
-4284
-4162
-3933
-3600
-3446
-3605
-3855
-3983
-4182
-4654
-5491
-6463
-7359
-8173
-8737
-8872
-8846
-8449
-7780
-7099
-6476
-5654
-4661
-3965
-3661
-3774
-4289
-4920
-5527
-6161
-6727
-7120
-7379
-7088
-6588
-5647
-4614
-3600
-2681
-2027
-1747
-1728
-1927
-2379
-2787
-3274
-3884
-4425
-4764
-4642
-4350
-4090
-3745
-3149
-2657
-2183
-1899
-1905
-2171
-2775
-3509
-4333
-4855
-4975
-4715
-4029
-3064
-1800
-821
-705
-1317
-2515
-4011
-5689
-7759
-9911
-11535
-12054
-11619
-10767
-9421
-7719
-6046
-4953
-4463
-4554
-5375
-6852
-8705
-10702
-12077
-12916
-13002
-12200
-10560
-8353
-5860
-3293
-958
618
1311
1211
651
-445
-1909
-3551
-5204
-6235
-6261
-5250
-3405
-727
2259
4882
6677
7494
7276
6157
4302
1973
-698
-3335
-5586
-6981
-7554
-7212
-5745
-3709
-1483
359
1449
1882
1505
542
-1041
-3189
-5608
-7991
-9618
-10492
-10459
-9712
-8421
-6947
-5519
-4338
-3471
-3259
-3600
-4389
-5630
-7339
-9228
-10798
-11985
-12825
-13181
-12658
-11655
-10331
-8746
-7288
-6089
-5376
-5232
-5672
-6556
-7718
-9008
-10221
-11283
-11949
-12189
-12002
-11672
-10712
-9689
-8431
-7203
-6448
-5886
-5238
-4879
-4721
-4781
-4893
-4811
-4651
-4332
-3725
-3276
-2832
-2362
-1687
-1251
-1020
-964
-821
-1007
-1441
-1716
-1799
-1888
-2061
-2061
-2009
-1902
-1708
-1677
-1771
-1828
-1813
-1971
-2182
-2392
-2652
-2979
-3298
-3852
-4633
-5317
-5691
-5918
-6148
-6258
-5976
-5303
-4667
-4177
-3534
-3077
-2758
-2620
-2571
-2996
-3907
-5073
-6098
-6779
-7416
-8063
-8320
-8169
-7731
-7013
-6209
-5338
-4671
-4342
-4369
-4412
-4579
-5007
-5438
-5721
-5914
-6070
-6015
-5591
-4820
-3810
-2874
-2027
-1240
-549
77
556
904
1222
1281
1239
915
158
-862
-1967
-2929
-3701
-4575
-4777
-3885
-2225
-288
1604
3312
4540
5159
5117
4322
2767
913
-822
-2286
-3416
-3781
-3142
-1770
141
2255
4128
5649
6436
6497
6173
5133
3613
1983
430
-702
-1188
-910
311
2000
4031
5825
7086
7853
8201
8278
8236
8201
8120
8111
7949
7810
7651
7197
6276
5493
4671
3651
2415
1262
444
184
259
559
1312
2475
3485
4416
4915
5140
4959
4436
3549
2362
1220
75
-894
-1295
-1449
-1424
-1140
-543
6
348
797
1044
853
260
-543
-1400
-2269
-3200
-4014
-4411
-4609
-4701
-4479
-4072
-3741
-3725
-3724
-3774
-3700
-3710
-4057
-4473
-4806
-5142
-5196
-5010
-4722
-4280
-4015
-3729
-3565
-3571
-3568
-3576
-3750
-4033
-4285
-4370
-4462
-4401
-4229
-3990
-3514
-2888
-2346
-1909
-1373
-1051
-873
-833
-1073
-1278
-1497
-2144
-2608
-2812
-3037
-3154
-3039
-2703
-2402
-2116
-1815
-1555
-1269
-1045
-919
-1149
-1625
-2138
-2985
-4250
-5720
-7018
-7985
-8947
-9790
-9940
-9627
-9105
-8283
-7253
-6215
-5355
-4762
-4496
-4633
-5297
-6169
-7100
-8081
-9028
-9816
-10220
-10277
-9945
-9241
-8594
-7997
-7300
-6512
-5950
-5838
-6026
-6391
-6826
-7293
-7935
-8529
-8743
-8803
-8584
-8183
-7582
-6937
-6241
-5513
-4944
-4717
-4368
-3779
-3548
-3596
-3446
-3144
-3037
-2923
-2689
-2263
-1977
-1638
-1454
-1431
-1239
-1068
-1140
-1236
-1189
-1259
-1442
-1728
-1779
-1688
-1821
-1854
-1789
-1697
-1573
-1716
-1830
-2094
-2273
-2414
-2701
-2870
-2914
-2951
-3080
-3028
-2944
-2780
-2606
-2466
-2309
-2225
-2347
-2649
-3152
-3838
-4406
-4533
-4223
-3410
-2271
-1042
21
576
460
-395
-1592
-2969
-4555
-5984
-7122
-8038
-8505
-8265
-7514
-6257
-4780
-3420
-2315
-1888
-1935
-2307
-3238
-4424
-6048
-7592
-8813
-9697
-9755
-9109
-8031
-6849
-5449
-4488
-3659
-3229
-3107
-3344
-4102
-5258
-6444
-7550
-8414
-8885
-8998
-8629
-7919
-6951
-6045
-5163
-4366
-3844
-3581
-3481
-3698
-4177
-4851
-5516
-6162
-6804
-7023
-6994
-6750
-6354
-5986
-5404
-4830
-4504
-4545
-4651
-4888
-5349
-5932
-6555
-6859
-6995
-7020
-6855
-6689
-6505
-6282
-5956
-5658
-5589
-5769
-6103
-6287
-6558
-6816
-6906
-7038
-7085
-6794
-6656
-6566
-6226
-5783
-5526
-5361
-5173
-5108
-4937
-4950
-5166
-5627
-6463
-7415
-8410
-9416
-10287
-10669
-10694
-10555
-10283
-9777
-9006
-8220
-7164
-6102
-5582
-5408
-5659
-6149
-6746
-7451
-8259
-9015
-9401
-9621
-9502
-8893
-8064
-7089
-6081
-5127
-4268
-3632
-3329
-3438
-3795
-4157
-4517
-5027
-5546
-5837
-5737
-5436
-4803
-4142
-3595
-2748
-1922
-1412
-1006
-695
-568
-728
-940
-1041
-1125
-1022
-922
-727
-512
-242
225
535
799
1063
1394
1670
1757
1739
1573
1355
1266
1331
1427
1451
1287
1161
1339
1331
1283
1131
899
659
468
407
458
316
213
223
327
366
343
498
741
879
974
795
525
147
-340
-823
-1167
-913
-35
1305
2930
4273
4982
5237
4915
4108
2847
1478
117
-1109
-2072
-2723
-2712
-2089
-937
394
1894
3178
3711
3821
3457
2665
1551
177
-1135
-2300
-3181
-3528
-3122
-2392
-1474
-437
503
1291
1840
1983
1784
1257
373
-700
-1903
-2865
-3311
-3620
-3612
-3201
-2541
-1674
-783
-57
399
620
621
192
-577
-1448
-2222
-2938
-3455
-3802
-3847
-3663
-3247
-2805
-2238
-1725
-1522
-1379
-1277
-1426
-1756
-2191
-2706
-3081
-3260
-3557
-3630
-3485
-3052
-2650
-2321
-2095
-2014
-2071
-2096
-2307
-2589
-2790
-2896
-3014
-3251
-3352
-3330
-3223
-2822
-2375
-2315
-2280
-2099
-1968
-1812
-1773
-1901
-2215
-2723
-3439
-4407
-5485
-6414
-6970
-7327
-7413
-7207
-6804
-6133
-5379
-4739
-3970
-3440
-2982
-2957
-3441
-4036
-4754
-5566
-6374
-7087
-7397
-7348
-7062
-6434
-5627
-4720
-3673
-2848
-2443
-2235
-2058
-2121
-2625
-3287
-3758
-4355
-4757
-4799
-4625
-4152
-3654
-3056
-2407
-1687
-1198
-999
-735
-618
-739
-887
-977
-1073
-1140
-1201
-1160
-997
-591
-188
0
236
537
852
1132
1245
1199
1139
1103
867
714
807
940
1069
1017
970
984
825
457
413
392
328
104
-147
-281
-444
-533
-493
-334
-173
-162
-215
-189
-208
-339
-629
-964
-1341
-1912
-2324
-2397
-1831
-681
790
2321
3206
3584
3395
2605
1449
96
-1270
-2613
-3742
-4484
-4670
-4214
-3212
-1946
-503
745
1520
1782
1531
904
-87
-1425
-2914
-4121
-5165
-5950
-6145
-5477
-4411
-3280
-2314
-1532
-869
-448
-496
-848
-1718
-2838
-3845
-4992
-5847
-6269
-6249
-5784
-5081
-4234
-3483
-2688
-2128
-1810
-1816
-2125
-2436
-3063
-3975
-4973
-5717
-5995
-6003
-5859
-5551
-4974
-4312
-3930
-3679
-3551
-3423
-3506
-3905
-4539
-5077
-5420
-5635
-5734
-5651
-5568
-5387
-4994
-4474
-4224
-4283
-4353
-4231
-4278
-4484
-4759
-5025
-5107
-5099
-5399
-5500
-5287
-4995
-4676
-4467
-4284
-4074
-3969
-3905
-3901
-4058
-4375
-4902
-5396
-6004
-6847
-8038
-8869
-9335
-9591
-9549
-9168
-8587
-7817
-6816
-5817
-5042
-4603
-4522
-4833
-5441
-6143
-6882
-7775
-8543
-8988
-9205
-8938
-8205
-7265
-6276
-5503
-4709
-3937
-3475
-3404
-3699
-4095
-4344
-4823
-5253
-5539
-5680
-5521
-5255
-4777
-4133
-3691
-3002
-2115
-1633
-1371
-1053
-959
-1196
-1326
-1359
-1515
-1636
-1570
-1219
-914
-586
-162
251
595
790
1104
1224
1079
990
1081
1052
919
789
884
874
853
995
1189
1233
1166
1066
848
658
557
304
216
162
127
140
261
423
482
664
652
495
373
238
-34
-581
-1243
-2017
-2435
-2218
-1294
77
1413
2729
3468
3440
2959
2184
1099
-121
-1243
-2064
-2598
-2966
-2887
-2108
-777
510
1484
2174
2586
2462
1982
1299
361
-816
-2134
-3106
-3569
-3934
-3864
-3100
-1746
-404
467
1246
1729
1757
1460
793
-248
-1193
-1998
-2715
-3270
-3419
-3168
-2489
-1638
-830
133
910
1222
1073
601
204
-253
-941
-1595
-2234
-2781
-3031
-2790
-2313
-1849
-1261
-822
-495
-307
-160
-310
-763
-1136
-1669
-2182
-2598
-2715
-2703
-2745
-2784
-2503
-2112
-1971
-1973
-1928
-1886
-1967
-2072
-2451
-2804
-2932
-2956
-2926
-2908
-2979
-2850
-2513
-2413
-2524
-2473
-2197
-2008
-1952
-1962
-2194
-2528
-3105
-3908
-4799
-5757
-6737
-7401
-7507
-7370
-7371
-6969
-6158
-5291
-4362
-3453
-2909
-2711
-2784
-3033
-3569
-4428
-5350
-6033
-6463
-6807
-6870
-6269
-5411
-4571
-3647
-2797
-2014
-1426
-1313
-1459
-1566
-1834
-2348
-2828
-2974
-3149
-3348
-3115
-2700
-2121
-1571
-890
-206
420
831
1025
967
889
801
585
490
286
244
343
771
1147
1422
1722
2039
2212
2265
2296
2194
2095
1990
2055
2141
1883
1747
1799
1721
1761
1866
1815
1494
1210
1166
1177
1065
811
487
326
325
316
331
434
532
595
605
546
635
658
433
-117
-614
-810
-739
-64
1045
2271
3562
4799
5456
5532
4887
3708
2212
597
-1092
-2586
-3755
-4276
-3951
-3093
-1700
-62
1676
3036
3655
3767
3504
2760
1440
-44
-1651
-3342
-4534
-4949
-4680
-4008
-2980
-1755
-642
399
1138
1221
884
331
-505
-1672
-3039
-4233
-5072
-5442
-5314
-4651
-3865
-3087
-2182
-1358
-841
-483
-411
-750
-1430
-2201
-2948
-3572
-4279
-4707
-4846
-4686
-4307
-3907
-3531
-3265
-2964
-2722
-2610
-2805
-3220
-3656
-4018
-4221
-4416
-4461
-4309
-3905
-3470
-3218
-2775
-2514
-2472
-2391
-2407
-2611
-2975
-3268
-3378
-3570
-3707
-3645
-3288
-2928
-2714
-2575
-2360
-2118
-1845
-1637
-1754
-1760
-1948
-2390
-2843
-3394
-4271
-5270
-6214
-6934
-7361
-7580
-7315
-6774
-6049
-5276
-4411
-3598
-2884
-2378
-2506
-2978
-3557
-4323
-5289
-6131
-6747
-6998
-7096
-6842
-6309
-5461
-4432
-3482
-2741
-2168
-2025
-2141
-2429
-2947
-3559
-4008
-4460
-4825
-4872
-4784
-4424
-3782
-3111
-2437
-1655
-1098
-903
-702
-588
-682
-731
-723
-892
-1047
-1141
-1055
-774
-412
105
542
746
1022
1339
1557
1654
1489
1317
1225
1344
1564
1630
1581
1492
1458
1435
1537
1619
1452
1222
1080
1095
1161
939
539
470
497
603
694
903
1085
1136
1168
1196
1134
990
506
-205
-1023
-1612
-1814
-1235
-149
1141
2414
3499
3884
3751
3249
2350
1108
-284
-1500
-2405
-2996
-3209
-2828
-1920
-343
1235
2313
2938
3231
3049
2352
1387
42
-1328
-2622
-3641
-4269
-4323
-3757
-2866
-1682
-398
549
1291
1619
1445
1123
421
-492
-1459
-2390
-3171
-3582
-3478
-3019
-2379
-1484
-625
132
778
1105
1108
821
300
-303
-1064
-1732
-2336
-2727
-2950
-2829
-2269
-1822
-1267
-833
-635
-264
23
-112
-581
-1037
-1497
-1900
-2096
-2290
-2261
-2054
-1929
-1854
-1600
-1286
-1041
-963
-995
-1105
-1456
-1853
-2177
-2360
-2386
-2547
-2472
-2260
-2027
-1798
-1614
-1477
-1346
-1277
-1169
-1261
-1527
-1688
-2116
-2719
-3566
-4504
-5512
-6377
-6984
-7322
-7240
-6598
-5946
-5487
-4636
-3572
-2838
-2467
-2172
-2363
-2839
-3624
-4520
-5202
-5745
-6116
-6226
-6092
-5639
-4729
-3668
-2671
-1756
-1131
-751
-645
-758
-1129
-1370
-1867
-2403
-2669
-2785
-2765
-2373
-1720
-1032
-305
274
964
1478
1785
2080
2052
1859
1680
1478
1464
1620
1663
1658
1933
2298
2541
2766
3081
3521
3849
3999
4044
3892
3609
3469
3384
3310
3292
3340
3431
3368
3395
3231
2994
2989
3019
2730
2447
2317
2189
2129
2113
2134
2189
2216
2264
2247
2243
2115
2021
1952
1698
1189
549
59
88
502
1553
3036
4564
5611
6089
6149
5721
4728
3520
2243
990
-279
-1242
-1578
-1314
-473
642
1832
3086
4149
4679
4707
4420
3630
2407
1097
-133
-1237
-1900
-2012
-1716
-973
-34
925
1926
2543
2870
2955
2647
1927
1032
-44
-1042
-1728
-2401
-2688
-2448
-1694
-669
69
669
1155
1519
1652
1493
964
313
-472
-1264
-1863
-2209
-2245
-2323
-2273
-1979
-1469
-985
-587
-226
-262
-374
-569
-1016
-1550
-2011
-2321
-2437
-2526
-2548
-2384
-1938
-1499
-1166
-1054
-1134
-1291
-1398
-1494
-1537
-1650
-1937
-2243
-2328
-2246
-2250
-2099
-1764
-1512
-1355
-1061
-721
-712
-727
-815
-1001
-1309
-1843
-2711
-3571
-4446
-5307
-5796
-6292
-6519
-6360
-5766
-4963
-4052
-3048
-2270
-1766
-1463
-1585
-2064
-2757
-3502
-4257
-5099
-5709
-5964
-5783
-5305
-4513
-3746
-3026
-2263
-1609
-1146
-1011
-1231
-1495
-1872
-2303
-2733
-3247
-3559
-3569
-3240
-2590
-1842
-1191
-639
-44
445
683
791
819
711
694
662
526
395
456
555
779
1237
1828
2248
2385
2660
2851
2925
2764
2725
2697
2520
2334
2371
2630
2705
2706
2673
2688
2775
2572
2315
2219
2028
1929
1950
1852
1784
1668
1505
1442
1700
1916
1883
1814
1734
1694
1631
1417
1068
405
-339
-485
-136
762
2140
3458
4696
5607
5838
5488
4760
3679
2335
988
-389
-1422
-1867
-1821
-1265
-298
940
2265
3371
3995
4198
4009
3235
2097
780
-285
-1244
-2208
-2833
-2702
-1905
-967
60
987
1722
2380
2645
2371
1813
1022
31
-1030
-1951
-2745
-3159
-3003
-2350
-1621
-886
-162
584
1140
1390
1357
1095
548
-147
-987
-1708
-2206
-2520
-2753
-2480
-1916
-1286
-796
-494
-293
-394
-442
-659
-864
-1223
-1504
-1750
-1951
-2186
-2180
-1945
-1756
-1352
-883
-683
-639
-637
-812
-1090
-1152
-1252
-1525
-1705
-1806
-1615
-1486
-1552
-1432
-1088
-868
-751
-738
-703
-450
-476
-647
-996
-1619
-2435
-3259
-3975
-4804
-5500
-5914
-6108
-5968
-5522
-4809
-3974
-3208
-2505
-2009
-1658
-1432
-1658
-2240
-2910
-3592
-4149
-5040
-5691
-5768
-5363
-4536
-3775
-2884
-1881
-1067
-491
-263
-306
-384
-706
-1238
-1738
-2158
-2493
-2650
-2399
-1946
-1419
-902
-228
581
1042
1438
1801
2010
1924
1742
1598
1480
1288
1202
1387
1637
1936
2135
2396
2708
3119
3403
3302
3279
3550
3506
3326
3230
3295
3172
3108
3048
3136
3244
3170
3024
2860
2794
2703
2546
2408
2182
2033
1983
2017
2110
2185
2136
2259
2231
1979
1896
2073
2009
1590
1073
463
237
345
943
2035
3233
4624
5702
6130
5803
5019
4120
3033
1716
250
-943
-1677
-1831
-1404
-231
1123
2312
3429
4168
4498
4502
3936
2995
1678
407
-661
-1618
-2277
-2315
-1759
-934
70
1061
1978
2652
2823
2697
2298
1670
829
-241
-1113
-1781
-2394
-2645
-2251
-1446
-542
323
1097
1703
2007
1925
1543
995
254
-379
-905
-1477
-1879
-1988
-2000
-1725
-1193
-671
-326
-250
-214
42
73
-90
-328
-938
-1468
-1737
-1727
-1753
-1624
-1319
-985
-548
-314
-40
-4
-251
-411
-524
-756
-1106
-1578
-1729
-1529
-1250
-1035
-832
-583
-346
-253
-166
-36
-76
-131
-35
-243
-790
-1563
-2297
-3184
-3992
-4573
-5086
-5532
-5587
-5065
-4283
-3429
-2746
-2139
-1499
-942
-609
-879
-1511
-2129
-2870
-3507
-4179
-4665
-4853
-4662
-4236
-3366
-2259
-1335
-614
-72
289
421
315
101
-317
-959
-1556
-1947
-2091
-2009
-1607
-994
-156
476
993
1401
1690
1904
1940
1740
1485
1267
969
747
881
1281
1750
2188
2500
2668
2540
2040
1450
1050
588
119
-5
336
985
1605
2371
3155
3818
4048
3871
3234
2470
1669
818
154
-128
122
822
1734
2877
4208
5381
6300
6790
6755
6349
5766
4902
3921
3139
2578
2156
1952
2267
3162
4820
6542
7960
9185
9737
9630
8951
7606
5898
4208
2810
1704
719
281
475
1008
2111
3391
4668
5517
5806
5801
5280
4326
3023
1521
272
-773
-1430
-1785
-1933
-1445
-539
476
1516
2233
2615
2696
2406
1742
846
-197
-1182
-2226
-2933
-3340
-3500
-3070
-2421
-1667
-737
-110
393
726
817
413
-73
-759
-1533
-2127
-2662
-2870
-2747
-2519
-1890
-1078
-471
46
476
832
1025
999
825
564
286
-8
-220
-257
-174
17
462
874
1144
1436
1639
1656
1455
1430
1416
950
596
453
368
383
197
246
567
766
895
885
927
921
1047
989
730
506
41
-555
-1243
-2097
-2835
-3623
-4469
-4975
-5211
-5035
-4550
-3935
-3244
-2511
-1779
-1337
-1095
-1207
-1674
-2410
-3332
-4152
-4940
-5695
-5880
-5437
-5057
-4597
-4006
-3090
-2196
-1838
-1452
-1145
-1342
-1732
-2216
-3007
-3701
-4118
-4329
-4365
-4083
-3649
-3184
-2585
-1924
-1211
-900
-655
-390
-325
-418
-891
-1463
-1943
-2486
-2917
-2970
-2597
-1943
-1282
-536
21
489
827
840
606
283
-189
-686
-1349
-1746
-1988
-1839
-1521
-1102
-549
61
457
518
330
-51
-500
-1074
-1829
-2437
-2904
-3212
-3488
-3363
-2824
-2036
-1488
-1363
-1332
-1499
-1872
-2855
-4263
-5594
-6279
-6140
-5329
-4107
-2760
-1316
165
1019
940
227
-1081
-2693
-4446
-6316
-7817
-8565
-8610
-7821
-6433
-4679
-3091
-1866
-789
-283
-253
-935
-2048
-3422
-4981
-6321
-7170
-7635
-7511
-6714
-5485
-4016
-2589
-1317
-572
-265
-209
-606
-1565
-2721
-3716
-4585
-5245
-5711
-5435
-4708
-3939
-2928
-1799
-831
-69
441
631
366
-111
-915
-1758
-2385
-2818
-3104
-3222
-3010
-2570
-1969
-1316
-779
-283
-57
82
-23
-554
-1196
-1524
-1708
-1918
-2094
-2197
-2048
-1750
-1268
-810
-582
-363
-502
-572
-611
-852
-1141
-1343
-1536
-1713
-1719
-1516
-1123
-744
-418
-144
-52
64
434
847
867
687
499
51
-679
-1572
-2311
-2838
-3267
-3643
-3587
-3448
-3076
-2416
-1459
-565
395
1168
1576
1829
1625
1116
516
-112
-811
-1365
-1606
-1590
-1031
-181
572
1461
2290
2936
3460
3783
3685
3451
2976
2442
1867
1357
1109
1032
1233
1548
1905
2380
2915
3452
3833
3844
3737
3698
3408
3139
2915
2450
2245
2287
2282
2382
2560
2770
3069
3197
3307
3447
3384
3423
3237
3079
3063
2941
2880
2679
2669
2771
2758
2722
2695
2607
2479
2307
2214
2124
2084
1999
1871
1648
1456
1468
1647
1838
2151
2215
2133
2027
2004
2038
1775
1048
291
-479
-738
-388
691
2013
3278
4207
4864
4933
4436
3609
2844
1964
1022
332
-226
-236
217
1152
2394
3626
4540
5169
5239
5113
4530
3430
2425
1395
340
-324
-720
-681
113
1003
2080
3156
4061
4744
4874
4731
4192
3432
2479
1541
796
302
105
183
581
1210
1956
2822
3475
3954
4110
3953
3759
3407
2963
2322
1778
1318
992
835
919
1147
1545
2047
2662
3042
3187
3253
3025
2512
1902
1456
1209
983
750
635
709
843
1234
1526
1659
1762
1742
1701
1501
1433
1499
1439
1155
759
711
812
773
1099
1520
1764
1960
2167
2243
2262
2217
2131
2055
1696
1043
243
-600
-1457
-2133
-2621
-2918
-2856
-2392
-1913
-1185
-251
561
1223
1601
1773
1598
985
368
-235
-865
-1547
-1933
-1942
-1831
-1216
-371
458
1270
2105
2705
2927
2890
2654
2288
1846
1263
629
132
-62
-156
8
481
984
1372
1767
2165
2286
2214
2177
2032
1670
1278
983
665
397
305
501
710
829
1029
1321
1436
1351
1376
1424
1341
1201
931
839
753
596
593
363
381
522
483
340
236
169
4
-246
-493
-735
-946
-1047
-1079
-1012
-926
-867
-805
-784
-798
-875
-1026
-905
-936
-1410
-1856
-1934
-1723
-811
582
1983
3236
4171
4694
4478
3751
2425
747
-1010
-2723
-4203
-5120
-5355
-4889
-3796
-2120
-319
1221
2403
3290
3364
2868
1944
580
-1002
-2671
-4055
-4782
-5074
-4772
-4071
-2911
-1614
-553
234
820
866
600
56
-949
-2174
-3289
-4305
-5091
-5285
-5007
-4617
-3839
-2837
-1745
-811
-173
129
-50
-473
-1013
-1721
-2520
-3214
-3815
-4064
-4012
-3806
-3457
-2994
-2668
-2352
-1946
-1701
-1726
-1847
-2138
-2455
-2637
-2993
-3079
-3002
-2606
-2210
-1857
-1445
-1036
-838
-673
-702
-792
-818
-901
-1087
-1217
-1226
-1339
-1104
-630
-263
51
326
668
856
1031
1148
1177
1140
839
328
-196
-820
-1506
-2236
-2796
-3216
-3480
-3430
-3209
-2723
-1948
-1043
-380
337
721
827
905
686
8
-827
-1476
-1906
-2431
-2928
-2971
-2494
-1656
-724
119
887
1482
1802
1788
1633
1246
626
76
-462
-990
-1480
-1726
-1529
-979
-494
-93
370
732
1097
1204
1224
1088
825
525
171
-23
-151
-261
-348
-113
258
610
785
934
1168
1336
1374
1502
1383
1163
978
887
980
1164
1103
1042
1150
1271
1307
1299
1272
1063
981
807
530
404
297
340
371
381
567
798
789
751
760
929
1154
1035
705
99
-626
-926
-552
