-4825
-4433
-4189
-3918
-3623
-3487
-3443
-3670
-4106
-4431
-4505
-4499
-4499
-4375
-4124
-3893
-3782
-3739
-3480
-3263
-3258
-3108
-2911
-2938
-3099
-3550
-4263
-5049
-5900
-6746
-7413
-8007
-8311
-8338
-8053
-7319
-6462
-5491
-4611
-3934
-3339
-3199
-3269
-3459
-4158
-4998
-5857
-6473
-6808
-6821
-6513
-6001
-5222
-4306
-3512
-2786
-1950
-1513
-1636
-2001
-2353
-2893
-3667
-4427
-4908
-5287
-5460
-5131
-4734
-4139
-3491
-2946
-2367
-2147
-2303
-2671
-3347
-4345
-5129
-5559
-5585
-5269
-4422
-3135
-1901
-1029
-816
-1477
-2691
-4226
-6167
-8164
-10024
-11360
-11820
-11554
-10452
-9016
-7473
-5918
-4987
-4668
-4835
-5649
-6998
-8662
-10564
-12142
-13071
-13175
-12232
-10433
-8040
-5429
-2774
-604
925
1612
1511
752
-432
-1827
-3526
-5139
-6396
-6896
-6207
-4467
-2057
779
3549
5675
6801
6902
6064
4386
2178
-48
-2226
-4133
-5438
-5924
-5667
-4746
-3229
-1606
-259
785
1079
568
-724
-2594
-4551
-6449
-8153
-9523
-10102
-9964
-9346
-8271
-6770
-5283
-3972
-3197
-3010
-3288
-4158
-5448
-7028
-8897
-10571
-11762
-12328
-12215
-11388
-10171
-8672
-7186
-6138
-5344
-4869
-4764
-5260
-6335
-7628
-8835
-10137
-11160
-11727
-12050
-11778
-10905
-9644
-8417
-7224
-5810
-4685
-3913
-3539
-3566
-3680
-3737
-3876
-3947
-3873
-3571
-3228
-2724
-2273
-1827
-1387
-1019
-575
-404
-538
-781
-940
-1237
-1579
-1810
-1800
-1795
-1769
-1756
-1859
-2036
-2235
-2345
-2393
-2681
-3072
-3333
-3408
-3716
-4341
-5117
-5641
-6104
-6498
-6735
-7097
-7200
-6880
-6470
-5908
-5161
-4408
-3955
-3540
-3356
-3470
-3908
-4780
-5839
-6691
-7474
-8179
-8533
-8537
-8239
-7585
-6800
-6103
-5435
-4781
-4338
-4066
-4038
-4305
-4529
-4748
-4911
-5163
-5364
-5146
-4678
-3917
-2954
-1890
-893
-115
550
1110
1424
1773
1880
1825
1812
1478
749
-275
-1332
-2289
-3203
-3966
-4041
-3038
-1120
834
2571
3856
4846
5386
5220
4386
3003
1174
-873
-2692
-3746
-3874
-3043
-1588
83
2101
4047
5468
6308
6491
5806
4454
3012
1474
30
-1069
-1661
-1455
-435
1253
3252
5105
6478
7078
7129
6855
6453
6038
5950
6152
6639
6984
6977
6767
6459
6064
5199
4144
3142
2115
1137
345
-149
-30
709
1707
2680
3430
4013
4438
4457
4007
3310
2313
1072
-120
-1226
-1986
-2179
-1934
-1384
-665
31
767
1358
1766
1665
1335
741
-131
-1302
-2306
-3077
-3695
-4045
-4259
-4183
-3910
-3522
-3198
-3104
-3166
-3229
-3280
-3390
-3579
-3965
-4321
-4608
-4752
-4733
-4469
-4091
-3809
-3552
-3307
-3112
-3168
-3281
-3503
-3772
-4134
-4310
-4235
-4039
-3732
-3461
-3086
-2511
-1839
-1328
-994
-970
-1012
-1070
-1252
-1546
-1912
-2418
-2907
-3122
-3222
-3285
-3228
-3137
-2948
-2640
-2417
-2132
-1791
-1690
-1741
-2234
-3104
-4187
-5452
-6746
-8043
-9206
-9915
-10347
-10448
-10234
-9615
-8776
-7751
-6666
-5770
-5227
-4906
-4982
-5478
-6300
-7389
-8360
-9117
-9693
-10043
-10054
-9625
-8990
-8374
-7658
-6830
-6280
-5883
-5650
-5669
-6145
-6765
-7379
-7909
-8279
-8439
-8415
-8196
-7724
-7067
-6301
-5675
-5047
-4502
-4029
-3741
-3456
-3110
-2971
-3125
-3009
-2804
-2575
-2219
-1783
-1283
-947
-720
-473
-332
-350
-473
-780
-1132
-1369
-1558
-1579
-1687
-1716
-1722
-1741
-1683
-1635
-1749
-1708
-1662
-1776
-2116
-2680
-2974
-3284
-3268
-3202
-3346
-3428
-3288
-3205
-3102
-2950
-2648
-2343
-2362
-2690
-3195
-3939
-4653
-4693
-4298
-3326
-1969
-664
487
993
930
163
-1130
-2587
-4242
-5784
-7117
-8062
-8401
-7990
-7173
-6021
-4489
-3044
-1963
-1499
-1625
-2142
-3298
-4741
-6174
-7507
-8674
-9439
-9573
-9066
-8084
-6598
-5310
-4247
-3278
-2591
-2419
-2713
-3431
-4498
-5698
-6850
-7698
-8285
-8434
-8155
-7719
-6932
-5814
-4795
-3936
-3250
-3046
-3208
-3624
-4185
-4920
-5619
-6219
-6768
-7132
-7238
-6979
-6386
-5819
-5208
-4741
-4499
-4392
-4470
-4764
-5146
-5658
-6151
-6433
-6671
-6602
-6312
-6211
-6115
-5852
-5477
-5143
-5099
-5120
-5339
-5669
-5903
-6100
-6427
-6608
-6658
-6651
-6485
-6051
-5679
-5382
-5174
-5094
-5044
-4995
-4959
-5041
-5302
-5834
-6519
-7397
-8361
-9314
-10192
-10870
-11066
-10860
-10401
-9852
-8894
-7923
-7107
-6463
-5925
-5622
-5629
-5965
-6668
-7487
-8121
-8599
-9099
-9381
-9127
-8482
-7521
-6417
-5468
-4468
-3763
-3420
-3231
-3241
-3525
-3953
-4567
-5215
-5693
-5927
-5649
-5295
-4852
-4168
-3415
-2715
-2104
-1724
-1251
-922
-762
-896
-1020
-1114
-1066
-1096
-1020
-910
-643
-176
422
959
1128
1267
1469
1688
1753
1701
1467
1319
1376
1354
1306
1245
1114
1103
1207
1195
1084
977
801
610
389
184
-67
-259
-360
-417
-357
-34
126
177
414
551
493
456
342
-83
-761
-1343
-1316
-795
248
1694
3283
4506
5248
5443
5069
4234
2978
1735
415
-858
-1976
-2622
-2611
-1786
-586
655
1971
3169
3679
3699
3281
2449
1318
-112
-1410
-2410
-3084
-3402
-3213
-2461
-1397
-309
745
1787
2355
2297
2028
1718
872
-288
-1489
-2606
-3254
-3495
-3575
-3149
-2370
-1521
-624
-15
359
510
416
225
-330
-965
-1893
-2823
-3379
-3628
-3638
-3403
-2997
-2518
-2010
-1446
-1243
-1140
-1180
-1441
-1816
-2270
-2669
-2801
-2805
-2854
-3017
-2969
-2617
-2274
-2118
-1877
-1650
-1556
-1563
-1706
-2010
-2376
-2721
-2824
-2802
-2763
-2728
-2559
-2309
-2078
-1967
-1952
-1779
-1677
-1788
-1925
-2129
-2488
-2991
-3849
-4670
-5433
-6355
-7076
-7619
-7779
-7398
-6893
-6434
-5597
-4559
-3689
-3117
-2943
-3109
-3534
-4113
-4833
-5619
-6276
-6750
-7017
-7001
-6672
-6042
-5114
-4218
-3325
-2675
-2172
-1935
-1972
-2328
-2799
-3318
-3912
-4336
-4648
-4643
-4367
-3918
-3517
-2893
-2052
-1290
-836
-435
-305
-213
-144
-148
-268
-408
-546
-664
-495
-140
275
630
880
1145
1433
1863
1950
2062
2182
2011
1871
1846
1779
1675
1530
1521
1577
1562
1548
1564
1412
1049
786
676
463
343
205
187
120
88
70
187
298
533
581
438
308
172
-175
-785
-1368
-1535
-1357
-642
578
2059
3380
4234
4660
4387
3652
2600
1301
-97
-1543
-2864
-3672
-3715
-3207
-2337
-1173
220
1424
2142
2363
2038
1220
28
-1188
-2423
-3633
-4666
-5314
-5329
-4821
-3869
-2683
-1630
-696
272
773
706
139
-748
-1908
-3101
-4143
-4877
-5176
-5124
-4910
-4355
-3473
-2492
-1649
-1155
-1012
-1069
-1260
-1805
-2723
-3668
-4564
-5161
-5660
-5829
-5576
-5150
-4722
-4165
-3675
-3216
-2911
-2857
-3104
-3483
-3746
-4192
-4638
-4968
-5089
-5031
-4926
-4561
-4298
-4046
-3761
-3502
-3484
-3510
-3762
-4233
-4534
-4615
-4547
-4604
-4820
-4841
-4651
-4372
-4174
-4020
-3829
-3792
-3746
-3708
-3748
-3918
-4209
-4650
-5409
-6466
-7406
-8176
-9029
-9771
-9993
-9718
-9198
-8467
-7660
-6814
-5876
-5169
-4754
-4731
-5018
-5538
-6187
-6948
-7800
-8549
-8903
-8741
-8386
-7873
-7061
-6147
-5167
-4247
-3510
-3270
-3350
-3686
-3970
-4387
-4872
-5470
-5760
-5892
-5894
-5588
-5061
-4210
-3353
-2729
-2270
-1922
-1758
-1616
-1612
-1692
-1822
-1858
-1739
-1554
-1458
-1350
-1049
-765
-411
-72
241
549
924
1216
1190
1073
859
696
566
574
518
429
354
492
707
670
509
389
109
-194
-205
-207
-514
-732
-814
-713
-599
-482
-234
-69
-84
-199
-178
-364
-674
-1352
-2366
-3313
-3929
-3959
-3224
-2177
-986
167
967
1277
1152
542
-158
-1030
-1963
-2725
-3138
-3114
-2690
-1918
-840
270
1141
1741
1890
1518
849
-134
-1275
-2406
-3199
-3835
-4015
-3860
-3336
-2308
-991
230
993
1640
2069
2058
1665
1057
146
-981
-2025
-2910
-3123
-3006
-2475
-1435
-576
210
913
1480
1774
1814
1391
854
325
-375
-1048
-1611
-2073
-2365
-2294
-1958
-1338
-675
-49
443
571
583
493
175
-137
-595
-1172
-1919
-2412
-2663
-2848
-2993
-2899
-2520
-2242
-2145
-2077
-2030
-2096
-2435
-2681
-2872
-3029
-3226
-3542
-3516
-3361
-3199
-3072
-3010
-2917
-2802
-2750
-2792
-2626
-2581
-2705
-3178
-3818
-4480
-5461
-6559
-7303
-7918
-8137
-7870
-7623
-7025
-6269
-5397
-4388
-3583
-3136
-2991
-2893
-3238
-3874
-4662
-5405
-6089
-6347
-6283
-6107
-5598
-4826
-3753
-2661
-1746
-1065
-660
-533
-488
-610
-904
-1405
-2001
-2457
-2622
-2348
-2091
-1738
-1001
-289
488
1068
1459
1716
1779
1730
1582
1432
1359
1240
1275
1317
1645
2046
2163
2342
2643
2942
3014
3157
3173
3165
3287
3125
2884
2696
2517
2358
2317
2288
2465
2488
2350
2250
2153
2018
1831
1579
1493
1280
1038
938
937
1025
1221
1397
1412
1361
1373
1428
1502
1516
1372
1212
1547
2092
3009
4506
6229
7683
8464
8752
8362
7260
5632
3660
1484
-705
-2544
-3706
-4050
-3402
-2178
-391
1670
3706
5366
6402
6651
6239
5058
3350
1362
-646
-2410
-3593
-4317
-4431
-3759
-2465
-983
547
1607
2201
2622
2521
1960
957
-459
-1959
-3403
-4693
-5432
-5504
-4957
-4215
-3429
-2391
-1271
-453
-37
79
-48
-715
-1552
-2135
-2781
-3569
-4321
-4924
-4980
-4682
-4298
-3969
-3715
-3567
-3283
-3088
-3144
-3414
-3400
-3397
-3445
-3567
-3491
-3209
-2755
-2204
-1765
-1382
-996
-817
-856
-1165
-1352
-1677
-2022
-2335
-2660
-2517
-2198
-1807
-1472
-1179
-921
-791
-572
-284
-264
-496
-733
-946
-1425
-2150
-3036
-3853
-4655
-5560
-6173
-6368
-6491
-6394
-5727
-4622
-3610
-2912
-2389
-1888
-1522
-1509
-1815
-2388
-3397
-4362
-5251
-5874
-6293
-6414
-6138
-5656
-4855
-3856
-2990
-2336
-1778
-1516
-1742
-2130
-2690
-3328
-3875
-4483
-4835
-4937
-4765
-4392
-3923
-3471
-2868
-2142
-1340
-716
-506
-541
-783
-810
-832
-912
-976
-868
-647
-458
-168
259
901
1210
1417
1713
1931
1984
2061
2081
1996
1921
2011
2007
1971
1777
1672
1683
1777
1775
1863
1839
1696
1520
1195
967
879
790
765
865
1083
1145
1078
1177
1337
1483
1521
1340
905
213
-517
-1105
-1343
-1056
-385
799
1948
2718
3090
2927
2392
1357
133
-1065
-2234
-3078
-3579
-3535
-2820
-1808
-398
1117
2373
3269
3589
3165
2264
982
-582
-2003
-3263
-4433
-4993
-4978
-4217
-3075
-1796
-343
851
1661
2084
2138
1832
1061
122
-957
-2002
-2820
-3340
-3110
-2572
-2006
-1230
-386
711
1631
2175
2166
1690
1053
390
-355
-1173
-1824
-2065
-2170
-2129
-1705
-1055
-403
143
310
579
887
845
504
-46
-460
-723
-1107
-1421
-1443
-1345
-1163
-1015
-833
-738
-751
-866
-995
-1182
-1424
-1660
-2075
-2496
-2736
-2898
-2722
-2373
-2116
-1988
-2138
-2191
-2005
-1984
-2002
-2040
-2268
-2762
-3114
-3656
-4563
-5463
-6325
-7079
-7714
-7933
-7698
-7345
-6860
-6023
-5012
-4010
-3355
-2889
-2662
-2911
-3520
-4148
-4878
-5549
-5982
-6329
-6475
-6127
-5562
-4636
-3530
-2356
-1534
-847
-354
-135
-216
-632
-1195
-1630
-2037
-2234
-2371
-2251
-1752
-1152
-459
344
964
1545
2067
2356
2584
2829
2795
2594
2400
2177
2067
2198
2386
2551
2800
3084
3427
3790
3957
4099
4167
4046
3946
3829
3687
3605
3483
3340
3250
3367
3393
3289
3040
2909
2873
2778
2593
2362
2180
2024
1840
1692
1689
1833
1917
2031
2241
2337
2216
1968
1718
1489
943
234
-147
-61
591
1831
3292
4658
5678
6217
6189
5563
4649
3576
2217
847
-273
-965
-1184
-831
18
1280
2537
3637
4471
4934
5009
4562
3565
2490
1309
-49
-1232
-1781
-1750
-1360
-632
421
1578
2743
3555
3947
3989
3544
2835
1950
989
-47
-926
-1712
-2051
-1723
-966
-288
303
1140
1897
2363
2581
2383
1842
1126
186
-764
-1552
-2021
-2175
-2075
-1797
-1428
-988
-594
-135
164
296
236
-66
-430
-954
-1438
-1748
-1866
-1812
-1776
-1658
-1285
-1070
-985
-716
-411
-403
-540
-672
-936
-1304
-1566
-1693
-1604
-1694
-1766
-1601
-1083
-687
-706
-707
-407
-215
-261
-413
-660
-1114
-1925
-2764
-3411
-4153
-4877
-5522
-5889
-5943
-5625
-4989
-4174
-3358
-2578
-1949
-1254
-820
-1003
-1646
-2140
-2699
-3536
-4179
-4648
-5017
-4917
-4356
-3546
-2513
-1658
-917
-470
-265
-212
-294
-498
-939
-1439
-1895
-2397
-2722
-2684
-2372
-1926
-1458
-842
-204
363
1003
1428
1530
1589
1589
1424
1303
1126
1127
1202
1191
1395
1881
2229
2408
2694
2978
3318
3421
3254
3149
3146
3130
3026
2844
2901
3049
2996
2878
2851
2836
2833
2903
2779
2505
2225
1971
1866
1876
1854
1763
1642
1849
1998
2111
2249
2384
2371
2143
1766
1358
813
358
94
609
1764
3094
4601
5695
6355
6537
6211
5362
3982
2617
1341
102
-877
-1377
-1278
-680
513
1933
3140
4042
4659
4626
4040
3311
2374
1115
-422
-1655
-2451
-2705
-2465
-1771
-793
415
1454
2179
2741
3001
2798
2213
1388
256
-891
-1770
-2332
-2557
-2479
-2015
-1341
-539
382
1086
1425
1645
1605
1364
811
1
-769
-1487
-2084
-2444
-2539
-2359
-1858
-1230
-728
-446
-187
91
122
-30
-412
-922
-1398
-1667
-1740
-1857
-1990
-1869
-1392
-874
-441
-322
-350
-136
-19
-265
-608
-791
-901
-1093
-1290
-1180
-1055
-950
-838
-566
-360
-356
-272
-160
-182
-471
-651
-793
-1471
-2315
-3183
-4135
-4987
-5601
-5966
-6133
-5982
-5556
-4881
-4052
-3194
-2355
-1704
-1352
-1335
-1647
-2039
-2647
-3583
-4385
-4844
-5042
-4936
-4640
-4004
-3154
-2406
-1586
-618
1
148
94
-207
-544
-924
-1491
-2049
-2381
-2420
-2180
-1578
-1046
-395
257
779
1286
1801
2302
2490
2495
2300
2139
2034
1733
1804
2014
2222
2629
2921
3173
3602
4056
4365
4385
4211
4084
4028
4071
3976
3777
3728
3872
3964
3845
3592
3361
3313
3361
3490
3261
2965
2821
2546
2405
2390
2427
2457
2584
2694
2925
2940
2868
2825
2757
2691
2282
1586
1081
883
1193
2107
3312
4628
5866
6665
7052
6874
6066
4796
3455
2199
958
-18
-651
-691
-7
919
2114
3242
4269
5010
5280
5157
4515
3421
2035
656
-509
-1436
-1765
-1539
-1042
-142
1026
2148
3007
3545
3942
3831
3279
2493
1509
500
-371
-1162
-1564
-1561
-1173
-530
391
1263
1919
2424
2520
2433
2146
1708
967
172
-466
-1111
-1530
-1548
-1470
-1202
-618
-16
412
653
883
934
743
339
-81
-405
-730
-876
-992
-1108
-869
-618
-311
-16
299
658
852
741
458
217
-55
-275
-520
-779
-775
-646
-515
-376
-194
-38
137
287
385
503
544
575
226
-494
-1319
-2331
-3341
-4190
-4784
-5280
-5567
-5412
-4802
-4113
-3468
-2700
-1780
-1100
-707
-623
-813
-1282
-1953
-2667
-3350
-3928
-4286
-4347
-3953
-3421
-2694
-1808
-822
-67
467
722
771
648
224
-258
-679
-1189
-1545
-1712
-1512
-1104
-566
-35
512
1178
1654
1922
1931
1834
1796
1467
1053
895
979
1241
1626
2123
2653
2874
2852
2757
2572
2013
1265
763
530
514
701
1205
2049
2789
3425
3916
4142
3969
3510
2737
1876
1020
344
78
177
780
1801
3239
4542
5661
6452
6738
6780
6466
5801
4994
4108
3484
3080
2685
2652
3163
4157
5724
7353
8753
9925
10439
10282
9663
8296
6542
4638
2989
1710
828
545
747
1417
2563
3840
4990
5846
6163
5933
5201
4034
2694
1355
43
-867
-1582
-1803
-1643
-984
-88
874
1892
2513
2928
3013
2550
2031
1304
171
-999
-1980
-2540
-2880
-3146
-2897
-2185
-1422
-667
60
651
906
856
629
152
-617
-1373
-2048
-2412
-2577
-2458
-2216
-1799
-1199
-413
149
603
968
1165
1169
1077
855
652
343
146
359
584
832
1148
1433
1736
1958
2192
2331
2290
2020
1720
1441
1222
1076
973
841
865
951
1268
1541
1520
1438
1418
1328
1317
1307
1136
796
266
-349
-1012
-1898
-2735
-3512
-4410
-4931
-4936
-4631
-4259
-3723
-2890
-1967
-1231
-854
-803
-1109
-1480
-2179
-2952
-3721
-4478
-4977
-5247
-5059
-4595
-3968
-3170
-2308
-1421
-766
-569
-670
-842
-1333
-1958
-2694
-3377
-3809
-4129
-4273
-3942
-3353
-2802
-2310
-1660
-866
-310
-10
354
480
121
-338
-949
-1552
-2009
-2297
-2196
-1712
-1210
-644
152
823
1331
1607
1635
1438
1044
357
-340
-779
-1062
-1234
-1272
-1130
-738
-113
523
1014
1144
837
314
-320
-979
-1635
-2296
-2922
-3277
-3308
-3197
-2723
-2099
-1577
-1174
-995
-1199
-1776
-2697
-3949
-5173
-5844
-5715
-4784
-3242
-1662
-277
758
1432
1406
543
-765
-2338
-4218
-6037
-7281
-8072
-8277
-7606
-6210
-4452
-2779
-1370
-426
23
-89
-754
-1844
-3206
-4727
-6145
-7148
-7563
-7168
-6261
-4880
-3388
-2030
-1052
-294
190
305
-185
-1109
-2160
-3249
-4357
-5007
-5024
-4732
-4142
-3191
-2098
-927
5
726
1096
987
689
263
-361
-1058
-1730
-2196
-2444
-2643
-2477
-2158
-1562
-784
-176
185
363
293
4
-318
-520
-771
-1114
-1288
-1489
-1700
-1509
-1053
-488
-38
258
441
395
276
10
-320
-538
-807
-1106
-1226
-1158
-881
-513
-298
-128
88
255
490
661
843
856
794
522
-148
-786
-1555
-2344
-2993
-3387
-3665
-3736
-3549
-2895
-1935
-988
-190
595
1311
1817
2067
1871
1429
855
230
-338
-724
-948
-779
-354
320
1184
2173
3083
3718
4277
4467
4239
3922
3465
2858
2172
1670
1498
1599
1706
1901
2292
2863
3390
3765
4106
4226
4220
4254
4142
3732
3327
3094
2989
2845
2846
3067
3183
3410
3670
3762
3808
3771
3723
3682
3488
3377
3427
3303
3219
3221
3118
2892
2748
2940
2999
2925
2860
2696
2552
2268
1978
1700
1551
1583
1640
1697
1825
2006
2200
2256
2191
2134
2191
2115
1884
1289
639
328
685
1745
3131
4636
5891
6678
6924
6742
6057
5033
3865
2614
1344
299
-236
-241
197
1166
2619
4087
5148
5760
6039
5834
5307
4288
2992
1716
678
-154
-550
-432
101
959
2075
3214
4015
4473
4774
4822
4417
3635
2625
1704
836
34
-444
-491
-79
547
1415
2366
3090
3608
3747
3705
3609
3082
2166
1376
745
245
-259
-394
-165
180
722
1318
1780
2032
2237
2433
2320
1902
1516
1209
956
774
599
655
828
1034
1338
1780
2153
2345
2296
2243
2078
1927
1804
1656
1505
1409
1412
1557
1705
2041
2414
2595
2627
2709
2847
2857
2845
2739
2510
1900
1279
511
-307
-1096
-1658
-2046
-2202
-2102
-1705
-1161
-501
427
1302
1884
2261
2302
2096
1685
992
268
-330
-773
-1139
-1173
-966
-465
372
1236
1856
2578
3076
3148
2958
2613
2142
1559
865
274
-159
-483
-649
-504
-90
510
949
1419
1910
1947
1819
1827
1635
1429
984
623
517
502
393
381
514
798
1205
1524
1683
1765
1722
1642
1545
1285
984
826
692
666
722
598
611
740
775
688
433
264
57
-65
-344
-609
-687
-800
-749
-738
-909
-840
-769
-764
-687
-501
-501
-731
-1028
-1597
-2168
-2542
-2559
-2013
-996
594
2284
3505
4108
4098
3472
2327
809
-750
-2059
-3066
-3959
-4326
-4112
-3302
-1984
-503
857
1774
2263
2284
1756
767
-450
-1856
-3151
-4186
-4992
-5077
-4536
-3699
-2607
-1409
-315
559
997
1127
866
9
-889
-1840
-2999
-3965
-4381
-4454
-4142
-3424
-2434
-1498
-690
-154
342
542
437
1
-628
-1371
-2101
-2635
-3096
-3368
-3281
-2984
-2631
-2084
-1469
-1091
-891
-703
-542
-724
-1166
-1627
-1967
-2095
-2168
-2237
-2003
-1698
-1325
-867
-461
-78
71
-30
-162
-290
-439
-729
-999
-1093
-1053
-895
-874
-632
-324
-56
63
87
245
401
425
487
424
27
-652
-1518
-2237
-3028
-3788
-4423
-4777
-4589
-4094
-3475
-2902
-2053
-1010
-72
462
526
335
20
-497
-1116
-1892
-2544
-2850
-2852
-2655
-2314
-1604
-736
260
1247
1968
2165
1979
1593
1144
606
39
-465
-984
-1488
-1611
-1260
-552
-46
377
851
1284
1599
1777
1872
1701
1195
854
645
475
374
312
240
338
500
810
1059
1323
1595
1721
1759
1700
1665
1607
1318
1089
965
977
1033
977
914
914
1034
1053
949
721
432
439
179
-76
-194
-64
-136
-264
-121
38
229
299
201
196
331
230
30
-275
-150
303
1121
