-5331
-4947
-4428
-4041
-3826
-3806
-3930
-4107
-4252
-4388
-4585
-4784
-4895
-4711
-4449
-4238
-4118
-3793
-3704
-3659
-3320
-3025
-2933
-3095
-3390
-3840
-4503
-5445
-6567
-7337
-7954
-8532
-8837
-8756
-8357
-7696
-6942
-6056
-5197
-4332
-3682
-3420
-3598
-4183
-4808
-5480
-6078
-6798
-7266
-7291
-7047
-6480
-5660
-4722
-3689
-2874
-2437
-2126
-1906
-2162
-2511
-3233
-4112
-4671
-5310
-5680
-5632
-5413
-4995
-4449
-3916
-3419
-2972
-2650
-2522
-2770
-3533
-4468
-5287
-5593
-5496
-5136
-4406
-3273
-2116
-1233
-1022
-1610
-2822
-4283
-5844
-7737
-9795
-11381
-12001
-11748
-10935
-9461
-7738
-6288
-5223
-4693
-5028
-6129
-7602
-9159
-10845
-12334
-13189
-13236
-12447
-10645
-8372
-5768
-3176
-939
578
1285
1217
526
-685
-2095
-3561
-5247
-6650
-6942
-6076
-4499
-2183
650
3521
5702
6862
6981
6108
4585
2561
377
-1928
-4122
-5566
-6237
-6111
-5138
-3493
-1723
-311
708
957
517
-354
-1862
-3992
-6329
-8355
-9814
-10581
-10424
-9641
-8463
-6858
-5273
-3983
-3252
-3022
-3248
-4011
-5336
-7181
-9006
-10397
-11547
-12105
-12153
-11626
-10655
-9356
-7998
-6718
-5549
-4889
-4855
-5061
-5958
-7273
-8756
-9950
-10780
-11512
-11876
-11596
-10755
-9590
-8505
-7200
-6007
-4968
-4237
-3729
-3475
-3354
-3508
-3848
-3930
-3909
-3767
-3414
-2865
-2271
-1745
-1263
-761
-439
-409
-530
-745
-1000
-1307
-1627
-1756
-1834
-1889
-1816
-1743
-1787
-1831
-1984
-2197
-2382
-2719
-2897
-2960
-3275
-3749
-4281
-4875
-5532
-6135
-6745
-7053
-7241
-7086
-6701
-6313
-5620
-4839
-4131
-3506
-3051
-2881
-3045
-3693
-4590
-5573
-6702
-7561
-8259
-8560
-8505
-8045
-7348
-6703
-5976
-5168
-4479
-3899
-3715
-3847
-4213
-4669
-5187
-5467
-5431
-5333
-5136
-4736
-4135
-3306
-2392
-1392
-375
396
886
1209
1558
1896
1893
1842
1540
798
-115
-1145
-2355
-3398
-4086
-3959
-2897
-1368
574
2531
4098
5039
5540
5545
4720
3081
1078
-915
-2486
-3561
-3868
-3349
-1827
189
2152
3987
5471
6242
6438
5905
4835
3296
1615
35
-1054
-1569
-1283
-201
1495
3529
5363
6467
6919
7061
6980
6772
6333
6117
6361
6786
7009
6936
6825
6582
6103
5347
4333
3210
2141
1020
189
-239
-188
413
1509
2592
3586
4359
4734
4764
4303
3415
2333
1052
-255
-1403
-2212
-2499
-2280
-1760
-1041
-78
843
1613
2051
2077
1697
915
-160
-1329
-2346
-3144
-3638
-3881
-4007
-4098
-3906
-3441
-3137
-2991
-2922
-2867
-2799
-3064
-3585
-4029
-4378
-4496
-4516
-4567
-4486
-4060
-3716
-3391
-2989
-2765
-2763
-2703
-3032
-3543
-3855
-3902
-3745
-3675
-3383
-2913
-2690
-2469
-1805
-1143
-628
-426
-514
-847
-1205
-1535
-1942
-2423
-2748
-2972
-2979
-2869
-2800
-2646
-2541
-2287
-2017
-1775
-1514
-1410
-1640
-2138
-2845
-3911
-5185
-6645
-8025
-9132
-9943
-10423
-10557
-10281
-9505
-8546
-7293
-6179
-5333
-4736
-4533
-4736
-5311
-6099
-6992
-7991
-9054
-9845
-10177
-10051
-9637
-9042
-8199
-7202
-6407
-5797
-5453
-5372
-5434
-5870
-6443
-6973
-7697
-8109
-8361
-8375
-7933
-7542
-7140
-6492
-5650
-4880
-4349
-4013
-3601
-3210
-2911
-2665
-2531
-2550
-2476
-2251
-1909
-1460
-1115
-749
-446
-250
-206
-324
-335
-376
-372
-576
-821
-898
-957
-1141
-1239
-1298
-1373
-1422
-1353
-1356
-1640
-1977
-2079
-2352
-2472
-2551
-2854
-2985
-3162
-3203
-3108
-2815
-2515
-2466
-2471
-2364
-2314
-2490
-3070
-3708
-4299
-4494
-3960
-2962
-1710
-207
909
1401
1180
376
-728
-2151
-3820
-5513
-6652
-7399
-7835
-7697
-6896
-5663
-4197
-2734
-1571
-1108
-1161
-1731
-2815
-4171
-5591
-6964
-8038
-8855
-9220
-8870
-7902
-6539
-5103
-4060
-3073
-2366
-2067
-2212
-2789
-3807
-4949
-6281
-7328
-7983
-8174
-7906
-7399
-6498
-5542
-4638
-3865
-3373
-2944
-2963
-3257
-3698
-4397
-5168
-5875
-6370
-6789
-6992
-6746
-6352
-5809
-5226
-4623
-4334
-4317
-4398
-4580
-5025
-5365
-5717
-6005
-6179
-6379
-6245
-6002
-5759
-5339
-5128
-5091
-5000
-5034
-5069
-5368
-5782
-6043
-6135
-6335
-6472
-6425
-6198
-5875
-5539
-5380
-5230
-5124
-4972
-4836
-4960
-5037
-5213
-5714
-6478
-7567
-8625
-9541
-10296
-10942
-11162
-10885
-10509
-9822
-8798
-7837
-6902
-6180
-5608
-5161
-5223
-5678
-6481
-7216
-7955
-8628
-9138
-9384
-9261
-8681
-7908
-6971
-5855
-4881
-4204
-3535
-3002
-2863
-3283
-3968
-4557
-5060
-5510
-5773
-5728
-5404
-4742
-4083
-3505
-2709
-1993
-1481
-1113
-820
-616
-621
-718
-904
-877
-922
-937
-701
-383
-46
229
530
822
1062
1357
1637
1687
1541
1472
1408
1259
1048
1042
1049
1000
850
773
772
675
360
171
16
-217
-434
-504
-443
-386
-313
-166
-78
-83
-86
17
233
415
378
87
-410
-790
-1171
-1382
-1002
-66
1255
2818
4199
5151
5563
5014
4032
2767
1508
80
-1344
-2335
-2872
-2980
-2537
-1434
-8
1324
2487
3332
3403
2991
2209
1086
-399
-1865
-2771
-3493
-3948
-3722
-2917
-1901
-740
382
1300
1974
2259
2055
1435
506
-566
-1745
-2822
-3734
-4128
-4069
-3681
-2974
-2137
-1271
-560
80
358
233
-11
-650
-1565
-2390
-3067
-3724
-4232
-4405
-4152
-3563
-3066
-2679
-2169
-1793
-1598
-1596
-1823
-2043
-2370
-2866
-3399
-3710
-3744
-3594
-3437
-2963
-2600
-2300
-2080
-1965
-1876
-2006
-2133
-2273
-2663
-3006
-3291
-3274
-3068
-2904
-2773
-2856
-2694
-2525
-2439
-2343
-2101
-1922
-1971
-2279
-2808
-3323
-4125
-5172
-6274
-7110
-7476
-7788
-7869
-7642
-7239
-6700
-5740
-4767
-3957
-3207
-2949
-3081
-3405
-4020
-4787
-5687
-6559
-7265
-7697
-7721
-7177
-6348
-5491
-4742
-3818
-2838
-2262
-2134
-2175
-2292
-2715
-3348
-3829
-4304
-4703
-4831
-4457
-3961
-3589
-2980
-2263
-1725
-1420
-1068
-715
-379
-383
-670
-775
-940
-992
-963
-760
-516
-258
-94
238
721
1062
1323
1520
1620
1642
1646
1519
1270
1252
1296
1096
1059
1093
1149
1279
1225
956
557
168
195
31
-215
-391
-581
-451
-398
-436
-365
-244
-206
-164
-352
-492
-499
-656
-1224
-2033
-2424
-2099
-1197
155
1678
3045
4001
4385
4277
3788
2620
1065
-526
-1927
-3083
-3993
-4343
-3883
-2920
-1606
-241
931
1746
2145
2002
1404
429
-1049
-2483
-3808
-4885
-5459
-5536
-5002
-4042
-2895
-1737
-790
-28
406
577
160
-770
-1867
-3003
-4072
-5052
-5586
-5588
-5173
-4553
-3783
-2921
-2120
-1378
-934
-874
-1099
-1745
-2469
-3315
-4079
-4741
-5440
-5985
-5875
-5256
-4714
-4241
-3814
-3486
-3176
-3068
-3080
-3357
-3840
-4338
-4653
-4830
-4966
-5020
-4707
-4392
-4295
-3998
-3543
-3224
-3128
-3126
-3329
-3687
-4076
-4406
-4640
-4682
-4567
-4528
-4333
-4174
-4032
-3843
-3709
-3581
-3580
-3573
-3571
-3635
-3811
-4420
-5214
-6246
-7153
-8181
-9078
-9489
-9657
-9399
-9103
-8503
-7552
-6526
-5579
-4780
-4278
-4184
-4304
-4856
-5741
-6775
-7842
-8359
-8602
-8730
-8353
-7736
-6873
-5755
-4695
-3892
-3317
-2915
-2800
-3053
-3473
-3996
-4489
-4915
-5241
-5472
-5463
-5156
-4601
-3909
-2980
-2265
-1762
-1430
-1250
-962
-768
-771
-1092
-1414
-1579
-1410
-1279
-1130
-841
-293
113
280
702
1006
1277
1314
1211
1186
1187
1171
982
778
727
743
739
771
734
655
443
296
232
38
-247
-455
-386
-525
-651
-534
-489
-385
-235
58
52
17
-134
-106
-514
-1352
-2487
-3410
-3747
-3684
-3105
-1943
-611
484
1205
1350
1029
373
-461
-1372
-2026
-2479
-3053
-3130
-2668
-1907
-930
146
1114
1851
1955
1642
971
31
-1047
-2202
-3174
-3739
-4029
-3964
-3545
-2586
-1229
-104
934
1751
2130
2106
1784
904
-108
-1062
-1899
-2507
-2893
-2829
-2279
-1522
-658
240
1037
1650
1953
1938
1693
1220
627
-148
-1076
-1834
-2186
-2337
-2283
-2064
-1554
-867
-163
393
641
665
433
129
-478
-1028
-1582
-2198
-2616
-2893
-3063
-3152
-3023
-2790
-2427
-2145
-2283
-2413
-2449
-2407
-2593
-2883
-3149
-3304
-3352
-3330
-3285
-3229
-3272
-3284
-3051
-2986
-2849
-2706
-2716
-2711
-2897
-3372
-3980
-4759
-5702
-6517
-7299
-7952
-8335
-8308
-8084
-7433
-6587
-5637
-4556
-3607
-3003
-2699
-2833
-3170
-3804
-4628
-5468
-6125
-6292
-6412
-6190
-5627
-4828
-3928
-2895
-1823
-992
-409
-156
-435
-896
-1303
-1652
-2070
-2494
-2617
-2418
-2277
-2005
-1335
-364
365
904
1296
1648
1925
2050
1974
1760
1497
1203
948
1043
1334
1469
1730
2069
2358
2651
2902
3055
3070
3041
2888
2706
2643
2536
2370
2253
2070
1868
1899
1848
1705
1666
1696
1591
1253
873
826
667
551
492
621
736
795
853
772
767
838
911
846
677
479
464
751
1433
2654
4174
5768
7078
8058
8367
8024
7089
5519
3527
1245
-930
-2746
-4108
-4611
-4200
-3002
-1253
881
2977
4805
6183
6682
6219
4958
3300
1359
-607
-2473
-4065
-4917
-5096
-4558
-3289
-1737
-336
771
1711
2365
2529
2089
951
-428
-1998
-3557
-4855
-5670
-5934
-5595
-4902
-4026
-2943
-1872
-1120
-684
-386
-317
-693
-1483
-2430
-3293
-4145
-5046
-5495
-5457
-5318
-5135
-4766
-4273
-3863
-3700
-3627
-3705
-3692
-3760
-3940
-3905
-3832
-3629
-3387
-3135
-2647
-2120
-1777
-1604
-1357
-1375
-1554
-1936
-2182
-2384
-2559
-2580
-2483
-2519
-2345
-1983
-1556
-1184
-865
-567
-180
-238
-519
-681
-881
-1552
-2508
-3415
-4402
-5378
-6174
-6762
-7217
-7230
-6779
-6321
-5524
-4472
-3355
-2491
-2140
-2011
-2034
-2458
-3263
-4175
-4994
-5844
-6758
-7275
-7259
-6720
-5989
-5230
-4260
-3272
-2588
-2236
-2242
-2272
-2615
-3122
-3899
-4650
-5184
-5701
-5788
-5478
-5092
-4660
-4022
-3320
-2560
-1745
-1298
-1183
-1284
-1281
-1299
-1401
-1446
-1373
-1460
-1395
-1200
-921
-513
-135
280
676
1198
1652
1707
1594
1490
1358
1216
1373
1463
1364
1224
1270
1263
1207
1224
1284
1179
903
569
473
479
370
231
236
330
314
402
658
774
905
963
837
608
256
-446
-1127
-1614
-1989
-2036
-1299
-74
1234
2138
2660
2547
1990
1013
-380
-1904
-3212
-4049
-4427
-4327
-3641
-2495
-874
620
1878
2705
3052
2852
2092
954
-686
-2370
-4043
-5255
-5942
-5760
-5056
-4009
-2712
-1260
212
1271
1747
1814
1551
818
-179
-1335
-2396
-3127
-3415
-3385
-3124
-2761
-1980
-807
388
1219
1691
1895
1716
1172
678
-41
-802
-1674
-2384
-2665
-2798
-2429
-1720
-1015
-478
-17
319
465
456
294
123
-358
-819
-1051
-1213
-1372
-1587
-1640
-1534
-1404
-1231
-1173
-1172
-1395
-1624
-1850
-2213
-2442
-2613
-2791
-2891
-2897
-2698
-2632
-2445
-2098
-2000
-1981
-2004
-2168
-2249
-2269
-2589
-3188
-3912
-4894
-5954
-6848
-7548
-7944
-8061
-7988
-7593
-6811
-5927
-4947
-3947
-3159
-2850
-2714
-2753
-3273
-4086
-4869
-5678
-6352
-6673
-6578
-6083
-5382
-4383
-3272
-2150
-1464
-863
-343
-223
-465
-772
-1081
-1586
-2187
-2536
-2629
-2611
-2134
-1463
-711
107
892
1368
1806
2275
2545
2643
2524
2249
2103
2196
2229
2273
2471
2563
2798
3152
3491
3854
4119
4093
4150
4061
3968
3939
3867
3743
3563
3362
3416
3437
3323
3189
3123
3083
2931
2635
2273
2140
2161
2096
2000
1936
1993
2077
2093
2144
2103
2016
2038
2190
2053
1791
1335
658
224
240
818
2015
3539
4966
6058
6670
6646
6129
5267
4115
2787
1458
277
-658
-1053
-850
-91
1072
2594
3921
4908
5359
5316
4867
4108
3078
1651
116
-1098
-1889
-2001
-1407
-511
564
1576
2637
3423
3897
4019
3791
3357
2415
1207
9
-972
-1503
-1536
-1419
-956
-308
456
1216
1868
2281
2339
2176
1803
1166
435
-566
-1437
-1997
-2183
-2092
-1796
-1347
-974
-687
-327
-44
159
241
-11
-566
-1247
-1600
-1753
-2081
-2201
-2046
-1624
-1354
-1001
-721
-486
-356
-466
-470
-682
-964
-1287
-1572
-1549
-1437
-1519
-1460
-1205
-943
-677
-573
-477
-227
-208
-416
-698
-823
-1113
-1801
-2618
-3538
-4440
-5418
-6216
-6401
-6151
-5622
-5135
-4499
-3526
-2639
-1777
-1321
-1134
-1172
-1491
-1940
-2745
-3713
-4608
-5074
-5286
-5211
-4632
-3732
-2780
-2043
-1358
-667
-86
166
-177
-634
-1112
-1533
-2011
-2537
-2858
-2925
-2645
-2032
-1555
-910
-223
437
1037
1333
1527
1627
1517
1447
1322
1135
922
916
1203
1517
1729
1995
2419
2973
3200
3341
3469
3605
3663
3518
3310
3099
3033
2787
2782
2972
2907
2893
2877
2766
2637
2709
2490
2206
1951
1868
1753
1708
1852
2057
2128
2139
2179
2244
2210
2171
2098
1917
1461
832
350
217
586
1634
3020
4390
5564
6333
6553
6139
5324
4199
2778
1332
-4
-1064
-1809
-1933
-1226
98
1630
2945
3809
4388
4520
4158
3385
2277
1042
-471
-1731
-2480
-2911
-2881
-2338
-1318
-139
1136
2114
2651
2845
2731
2236
1367
327
-651
-1719
-2498
-2801
-2770
-2434
-1773
-936
71
926
1434
1635
1538
1141
674
-57
-952
-1634
-2370
-2808
-2893
-2555
-1990
-1615
-1216
-745
-300
-151
-194
-380
-637
-1153
-1628
-1822
-1823
-1973
-2170
-2021
-1699
-1383
-1024
-684
-506
-459
-612
-743
-974
-1199
-1470
-1661
-1736
-1687
-1669
-1563
-1265
-972
-836
-799
-678
-496
-413
-528
-842
-1183
-1809
-2767
-3759
-4691
-5652
-6279
-6563
-6790
-6686
-6251
-5443
-4452
-3428
-2656
-2037
-1737
-1599
-1754
-2408
-3224
-4057
-4803
-5376
-5624
-5480
-5046
-4369
-3589
-2732
-1716
-834
-271
-9
-95
-309
-844
-1429
-1900
-2302
-2519
-2626
-2381
-2037
-1745
-1125
-322
512
1204
1636
1879
2011
1938
1636
1393
1376
1406
1425
1413
1687
1998
2393
2747
3071
3443
3834
4054
4065
3892
3535
3273
3225
3219
3063
2960
2941
2947
3076
3109
2941
2711
2389
2159
2101
2142
2149
2159
2043
1873
1940
2144
2172
2139
2101
2005
2083
2126
2007
1549
835
261
168
580
1271
2472
4085
5577
6309
6560
6386
5753
4674
3294
1803
412
-666
-1266
-1558
-1252
-289
1169
2638
3816
4656
4943
4822
4164
3079
1745
375
-703
-1743
-2285
-2209
-1671
-827
241
1166
2011
2785
3231
3399
3126
2287
1275
18
-1060
-1609
-1864
-2117
-2050
-1382
-466
494
1269
1915
2378
2312
2039
1583
987
158
-743
-1405
-1862
-1879
-1843
-1764
-1267
-736
-220
207
432
393
240
6
-315
-629
-854
-1088
-1187
-1164
-1169
-958
-580
-195
149
465
598
466
255
95
-65
-459
-884
-986
-1024
-896
-685
-353
3
211
161
181
300
254
213
183
-69
-603
-1325
-2264
-3243
-4156
-4894
-5350
-5578
-5571
-5281
-4431
-3469
-2681
-1840
-1114
-466
-327
-604
-1129
-1843
-2606
-3399
-3962
-4232
-4145
-3898
-3507
-2785
-1758
-699
184
729
1111
1139
723
181
-217
-596
-1071
-1417
-1699
-1756
-1394
-804
-178
470
1056
1634
2091
2323
2397
2063
1739
1600
1478
1508
1544
1846
2425
2763
2973
3068
2959
2555
1933
1283
780
683
617
882
1533
2298
3113
3702
4098
4258
4146
3650
2941
1964
886
344
234
677
1374
2089
3223
4503
5559
6286
6763
6785
6433
5850
4944
4047
3258
2772
2545
2563
3034
4089
5705
7386
8748
9887
10522
10419
9705
8553
6976
5182
3534
2131
1114
648
883
1562
2644
4020
5143
5896
6216
6014
5369
4475
3332
1942
507
-534
-1280
-1829
-1962
-1482
-552
454
1464
2284
2927
3198
3021
2364
1454
630
-232
-1266
-2172
-2827
-3137
-2965
-2448
-1592
-683
185
669
864
882
597
57
-558
-1193
-1827
-2454
-2763
-2602
-2328
-1821
-1192
-550
5
550
918
1078
1131
839
576
370
318
262
249
441
721
1241
1657
2020
2225
2199
2134
2183
1987
1598
1297
1107
1078
1043
905
759
732
842
1065
1274
1276
1330
1247
1137
1092
1008
639
24
-630
-1401
-2288
-3285
-4038
-4762
-5154
-5084
-4731
-4319
-3842
-3190
-2358
-1691
-1253
-1181
-1393
-1771
-2276
-3007
-3946
-4880
-5510
-5639
-5454
-5064
-4318
-3458
-2617
-1889
-1244
-797
-658
-960
-1558
-2261
-2920
-3583
-4016
-4299
-4414
-4156
-3656
-3227
-2625
-1871
-1189
-549
-172
-64
-40
-74
-500
-1044
-1530
-2078
-2467
-2397
-1953
-1356
-685
20
755
1151
1486
1511
1325
879
281
-301
-938
-1428
-1556
-1267
-938
-711
-258
142
444
670
496
143
-387
-1072
-1974
-2771
-3228
-3545
-3496
-3243
-2881
-2304
-1715
-1340
-1248
-1351
-1929
-3076
-4240
-5213
-5840
-5725
-5053
-3775
-2136
-480
725
1400
1443
657
-611
-2358
-4206
-6025
-7462
-8259
-8547
-7952
-6636
-4924
-3182
-1605
-454
223
217
-520
-1835
-3408
-4912
-6191
-7124
-7679
-7601
-6752
-5482
-3968
-2525
-1300
-379
105
125
-131
-852
-1913
-3079
-4151
-4884
-5015
-4813
-4296
-3416
-2286
-1128
-245
281
784
1028
915
481
-210
-1095
-1909
-2421
-2794
-2892
-2707
-2324
-1730
-958
-370
0
334
419
330
-70
-622
-1074
-1321
-1555
-1790
-1886
-1504
-1108
-643
-280
-94
13
12
30
-140
-316
-512
-838
-1176
-1317
-1196
-993
-736
-376
-45
194
371
573
597
644
724
612
179
-407
-959
-1738
-2491
-3287
-3924
-4307
-4277
-3815
-3253
-2365
-1165
-236
502
1216
1724
1888
1718
1185
641
-56
-648
-999
-1240
-1151
-701
85
1019
1848
2684
3481
4043
4300
4207
3937
3493
2922
2310
1729
1365
1311
1493
1714
1966
2430
3046
3661
4122
4459
4611
4414
3930
3690
3434
3186
2903
2825
2971
3104
3206
3339
3464
3676
3976
4257
4229
3956
3732
3579
3327
3188
3002
2812
2881
2905
2851
3036
3041
2962
2861
2662
2392
2180
2003
1912
1714
1699
1712
1539
1527
1760
1926
2005
2124
2141
2120
2065
1790
1229
696
550
669
1418
2754
4305
5799
6769
7169
7052
6347
5320
4102
2633
1299
369
-132
-190
356
1218
2480
3891
5044
5656
6027
5975
5497
4478
3197
2020
997
-56
-849
-922
-323
679
1805
2875
3848
4586
5178
5282
4807
3972
2872
1737
849
196
-340
-440
-50
579
1468
2358
3014
3629
3879
3965
3770
3189
2564
1735
916
444
115
-150
-109
275
831
1466
2041
2268
2459
2481
2335
1970
1408
1085
860
658
573
715
954
1216
1494
1771
2048
2305
2629
2626
2336
1969
1743
1573
1504
1597
1655
1642
1738
1944
2119
2259
2440
2642
2964
3168
2988
2819
2640
2132
1370
463
-508
-1253
-1770
-2324
-2512
-2272
-1911
-1173
-219
569
1314
1922
2349
2506
2392
2027
1386
667
-175
-991
-1268
-1140
-842
-320
461
1316
2087
2829
3153
3200
3195
3150
2509
1636
854
91
-272
-357
-324
-157
196
611
1149
1661
1983
2286
2352
2229
1972
1571
1181
789
495
348
289
430
822
1164
1266
1362
1551
1801
1880
1804
1619
1514
1238
1058
879
706
751
780
804
637
444
428
467
367
-25
-290
-459
-603
-815
-955
-900
-867
-864
-804
-752
-648
-566
-607
-613
-811
-1103
-1497
-1910
-2191
-2319
-1903
-837
613
2176
3553
4221
4265
3724
2768
1429
-178
-1637
-2908
-3869
-4335
-4223
-3225
-1868
-431
956
2000
2718
2603
2108
1201
-60
-1305
-2706
-4100
-4860
-5086
-4906
-4115
-2902
-1587
-244
695
1315
1492
1223
651
-357
-1428
-2472
-3563
-4233
-4415
-4093
-3475
-2643
-1809
-965
-108
507
655
510
129
-271
-1005
-1744
-2513
-3118
-3452
-3491
-3164
-2529
-2054
-1743
-1289
-800
-574
-713
-857
-1025
-1339
-1734
-2125
-2283
-2267
-2134
-1899
-1461
-830
-346
-138
-1
-8
-162
-313
-611
-786
-939
-1069
-993
-1024
-872
-731
-515
-150
129
214
399
442
390
290
101
-303
-945
-1638
-2566
-3496
-4232
-4687
-4847
-4835
-4597
-4139
-3220
-2167
-1261
-547
11
282
286
-69
-558
-1138
-1816
-2518
-3161
-3417
-3283
-2724
-1802
-713
288
1069
1748
2159
2117
1893
1422
802
75
-581
-1045
-1355
-1433
-1487
-1085
-343
202
569
1010
1291
1386
1471
1478
1313
1156
896
519
158
122
259
316
579
1016
1422
1573
1756
1878
1816
1576
1418
1428
1251
1016
962
999
1077
1187
1163
1023
964
820
650
524
303
30
-103
-190
-307
-372
-400
-286
-161
-82
-138
-153
-25
41
-69
-55
-227
-376
-131
374
1105
