-5388
-5173
-4617
-4106
-3977
-4170
-4312
-4590
-4955
-5151
-5155
-5179
-5167
-5069
-5012
-4787
-4535
-4395
-4303
-4104
-3765
-3485
-3391
-3449
-3689
-4067
-4695
-5466
-6309
-7184
-7811
-8299
-8485
-8439
-8209
-7690
-6840
-5881
-5185
-4458
-3871
-3583
-3675
-4243
-4957
-5716
-6484
-7022
-7452
-7618
-7427
-6739
-5787
-4642
-3520
-2697
-2100
-1780
-1907
-2206
-2553
-3085
-3843
-4484
-4887
-5272
-5261
-4982
-4425
-3887
-3405
-2862
-2386
-2282
-2346
-2682
-3371
-4339
-5154
-5514
-5523
-5120
-4343
-3133
-1868
-1112
-1043
-1821
-3030
-4384
-6191
-8228
-10207
-11680
-12195
-11701
-10559
-8966
-7342
-5928
-4968
-4529
-4714
-5557
-6985
-8699
-10622
-12194
-13011
-12977
-12113
-10421
-8135
-5412
-2817
-566
1068
1628
1400
647
-542
-2093
-3776
-5289
-6301
-6618
-5813
-3783
-1008
1897
4383
6132
7038
6961
5945
4177
1999
-401
-2849
-4908
-6277
-6767
-6194
-4850
-3073
-1317
245
1270
1491
1106
-1
-1913
-4063
-6241
-8291
-9760
-10298
-10147
-9457
-8280
-6758
-5250
-4008
-3251
-2908
-3405
-4558
-6064
-7703
-9375
-10927
-12064
-12590
-12462
-11811
-10613
-9302
-7905
-6556
-5529
-4911
-4830
-5299
-6147
-7380
-8702
-9957
-11062
-11775
-11960
-11606
-11051
-9958
-8751
-7622
-6541
-5604
-4974
-4520
-4143
-4101
-4203
-4450
-4416
-4370
-4041
-3431
-2836
-2271
-1682
-1355
-1176
-977
-819
-724
-860
-1154
-1459
-1762
-1937
-1987
-1976
-1714
-1492
-1566
-1711
-1808
-1917
-2158
-2329
-2498
-2661
-2858
-3178
-3583
-4271
-5072
-5610
-5955
-6156
-6180
-6062
-5915
-5685
-5203
-4619
-3944
-3170
-2607
-2571
-2970
-3550
-4339
-5301
-6291
-7249
-7854
-8051
-8205
-8005
-7361
-6534
-5778
-5026
-4510
-4247
-4132
-4293
-4461
-4814
-5297
-5610
-5586
-5529
-5402
-5069
-4269
-3136
-2310
-1612
-680
36
496
949
1287
1384
1268
1086
865
340
-543
-1487
-2598
-3792
-4626
-4638
-3453
-1754
193
2140
3631
4683
5151
5122
4409
2935
1077
-947
-2705
-3605
-3698
-3021
-1447
585
2610
4327
5642
6428
6666
6138
4831
3153
1513
125
-877
-1433
-1058
118
1830
3924
5728
6996
7548
7664
7624
7506
7384
7289
7354
7465
7380
7190
6977
6492
5707
4739
3762
2719
1527
716
294
227
443
1132
2223
3261
4131
4726
5048
4894
4149
3169
2059
1059
-130
-1223
-1882
-1830
-1447
-1064
-631
41
664
933
1184
1176
550
-318
-1281
-2199
-3047
-3734
-4137
-4265
-4362
-4381
-4119
-3742
-3693
-3617
-3630
-3697
-3891
-4215
-4298
-4325
-4463
-4570
-4578
-4327
-4076
-3931
-3619
-3277
-3072
-3139
-3286
-3455
-3676
-3886
-4139
-4357
-4340
-4235
-3963
-3496
-2808
-2148
-1675
-1198
-861
-972
-1173
-1389
-1568
-1952
-2204
-2474
-2696
-2860
-3054
-3066
-3032
-2866
-2535
-2154
-1873
-1579
-1578
-1629
-1779
-2153
-2709
-3678
-5077
-6614
-7949
-8930
-9514
-9949
-10175
-9851
-9219
-8355
-7345
-6387
-5601
-5026
-4835
-5094
-5641
-6447
-7276
-8228
-9078
-9763
-10169
-10352
-10087
-9282
-8224
-7433
-6834
-6341
-6035
-5953
-6071
-6389
-6971
-7567
-8108
-8484
-8674
-8726
-8541
-7952
-7220
-6557
-5917
-5238
-4813
-4366
-4078
-3756
-3572
-3516
-3461
-3260
-2872
-2653
-2477
-1993
-1548
-1216
-1054
-833
-664
-756
-895
-969
-1070
-1175
-1496
-1791
-1698
-1563
-1497
-1572
-1638
-1479
-1322
-1318
-1487
-1891
-2226
-2484
-2629
-2762
-2939
-2974
-3021
-3088
-2885
-2697
-2621
-2720
-2859
-2768
-2636
-2929
-3495
-4070
-4582
-4748
-4270
-3212
-2026
-802
68
496
355
-502
-1865
-3392
-4763
-6001
-7046
-7890
-8209
-7908
-7018
-5670
-4343
-3036
-2022
-1642
-1793
-2341
-3360
-4751
-6228
-7639
-8907
-9566
-9562
-8952
-7860
-6622
-5483
-4286
-3266
-2736
-2649
-3042
-3762
-4763
-6065
-7191
-8123
-8732
-8791
-8427
-7782
-6895
-6064
-5231
-4312
-3709
-3329
-3411
-3868
-4521
-5302
-6105
-6691
-6949
-7084
-7096
-6840
-6321
-5868
-5482
-5009
-4678
-4601
-4798
-5146
-5634
-6212
-6471
-6567
-6749
-6926
-6893
-6576
-6258
-6013
-5671
-5427
-5469
-5529
-5777
-6207
-6513
-6652
-6835
-6858
-6948
-7040
-6897
-6482
-6029
-5691
-5526
-5402
-5148
-4873
-4913
-5009
-5461
-6017
-6558
-7377
-8395
-9339
-10056
-10546
-10710
-10486
-10160
-9516
-8756
-7879
-6942
-6106
-5662
-5451
-5590
-6144
-6817
-7552
-8251
-9036
-9522
-9756
-9591
-8844
-7855
-6851
-5867
-5215
-4455
-3770
-3542
-3663
-4081
-4495
-4991
-5379
-5583
-5751
-5779
-5432
-4853
-4189
-3524
-2752
-2024
-1562
-1244
-923
-742
-827
-1080
-1318
-1486
-1569
-1470
-1168
-840
-513
53
463
812
1059
1290
1467
1565
1635
1501
1353
1244
1291
1331
1288
1092
964
788
723
817
829
523
383
181
-139
-294
-300
-231
-141
14
165
313
464
496
546
479
592
568
-77
-789
-1309
-1477
-1001
10
1563
3152
4368
5019
5117
4578
3720
2601
1245
-83
-1314
-2320
-2815
-2694
-1930
-672
580
1778
2746
3401
3530
3008
2027
811
-401
-1602
-2633
-3379
-3633
-3386
-2722
-1711
-503
540
1307
1808
2110
1928
1203
99
-1027
-2029
-2942
-3666
-3895
-3683
-3062
-2285
-1593
-871
-299
91
165
-7
-252
-648
-1414
-2389
-3097
-3645
-3974
-4017
-3806
-3359
-2827
-2281
-1759
-1401
-1412
-1468
-1579
-1865
-2403
-2874
-3184
-3348
-3404
-3409
-3269
-3049
-2642
-2291
-2036
-1928
-1921
-2105
-2271
-2319
-2455
-2742
-2852
-3025
-3330
-3363
-3192
-2712
-2369
-2195
-1994
-1895
-1784
-1781
-1859
-2030
-2489
-3070
-3872
-4784
-5625
-6538
-7364
-7666
-7810
-7488
-6829
-6143
-5354
-4646
-4005
-3462
-3022
-3006
-3297
-3917
-4856
-6024
-6828
-7346
-7716
-7588
-7086
-6332
-5493
-4726
-3984
-3223
-2534
-2074
-2170
-2628
-3091
-3585
-4163
-4691
-4920
-4920
-4868
-4462
-3848
-3055
-2334
-1827
-1297
-820
-808
-788
-825
-1020
-1095
-1221
-1412
-1436
-1260
-1080
-709
-392
-40
407
906
1061
1052
1087
1117
1081
874
582
594
728
635
633
650
714
643
577
370
152
195
71
-286
-410
-357
-605
-726
-852
-631
-390
-272
-168
-277
-335
-377
-612
-1191
-2062
-2702
-2880
-2539
-1503
-277
1110
2374
3322
3722
3524
2676
1395
-168
-1723
-2899
-3754
-4290
-4498
-4110
-3093
-1711
-311
817
1511
1654
1294
544
-653
-1977
-3359
-4535
-5457
-5979
-5851
-5236
-4327
-3293
-2200
-1295
-681
-414
-479
-972
-1830
-2847
-3966
-4788
-5476
-5980
-6106
-5795
-5021
-3971
-3096
-2114
-1674
-1517
-1459
-1647
-2231
-3101
-4053
-4934
-5483
-5980
-5959
-5635
-5424
-5044
-4450
-3947
-3574
-3300
-3288
-3302
-3512
-4011
-4578
-5205
-5533
-5533
-5435
-5327
-5068
-4631
-4189
-3837
-3834
-3898
-3845
-4041
-4444
-4688
-4838
-4925
-5022
-4988
-4665
-4690
-4627
-4354
-4077
-3860
-3756
-3761
-3811
-3773
-3862
-4176
-4744
-5421
-6253
-7188
-8114
-8750
-9202
-9606
-9381
-8795
-8134
-7354
-6428
-5619
-4946
-4419
-4230
-4591
-5266
-6080
-7057
-7877
-8278
-8563
-8587
-8131
-7576
-6871
-5994
-4989
-3981
-3304
-3070
-2867
-3030
-3433
-3972
-4745
-5227
-5476
-5427
-5151
-4709
-4168
-3390
-2712
-2042
-1482
-944
-716
-821
-886
-929
-1026
-1148
-1248
-1248
-1074
-914
-566
-84
396
689
1060
1244
1364
1468
1425
1343
1358
1270
1120
1102
1283
1392
1258
1209
1259
1348
1229
1142
921
634
421
406
244
31
-26
125
346
437
597
780
585
376
231
83
-141
-663
-1513
-2344
-2880
-2719
-1912
-503
894
1975
2553
2554
2207
1550
631
-392
-1347
-2090
-2502
-2657
-2379
-1658
-597
654
1636
2258
2382
2185
1625
770
-335
-1651
-2722
-3432
-3915
-3725
-3132
-2338
-1185
129
1184
1752
1831
1827
1567
911
24
-1103
-2013
-2586
-2897
-2930
-2474
-1685
-933
-245
590
1221
1630
1691
1391
849
200
-637
-1471
-2091
-2471
-2554
-2442
-2048
-1567
-1078
-521
-51
159
276
276
-89
-671
-1237
-1934
-2401
-2747
-3006
-2933
-2611
-2410
-2348
-2088
-1900
-1930
-2107
-2161
-2273
-2470
-2485
-2675
-2974
-3138
-3150
-3104
-2980
-2675
-2407
-2339
-2389
-2209
-2040
-2146
-2358
-2611
-2994
-3602
-4293
-5134
-6076
-6685
-7214
-7574
-7587
-7265
-6762
-6160
-5357
-4383
-3434
-2946
-2988
-3164
-3428
-3928
-4647
-5622
-6237
-6571
-6559
-6398
-5916
-5124
-4321
-3327
-2290
-1450
-1060
-813
-953
-1350
-1672
-2129
-2566
-2915
-2987
-2865
-2437
-1879
-1331
-600
59
579
1050
1419
1433
1232
1055
947
764
584
654
851
1120
1455
1629
1842
2058
2279
2545
2600
2650
2680
2821
2774
2493
2269
2165
2213
2125
1990
2108
2182
2163
2038
1970
1919
1639
1334
1136
1143
1026
950
1029
991
820
915
1145
1220
1261
1258
1154
952
640
291
241
737
1602
2789
4275
5659
6756
7045
6664
5720
4385
2581
661
-1063
-2580
-3590
-3833
-3402
-2295
-624
1385
3102
4473
5397
5556
4927
3707
2328
817
-838
-2491
-3771
-4156
-3791
-3108
-2183
-923
415
1378
1925
2031
1782
1154
132
-1222
-2544
-3728
-4734
-5250
-5321
-4793
-3811
-2798
-1754
-996
-545
-245
-254
-571
-1113
-1901
-2661
-3517
-4216
-4725
-4969
-4830
-4429
-3960
-3635
-3338
-3124
-3073
-3087
-3147
-3457
-3736
-3895
-4124
-4291
-4253
-4028
-3678
-3303
-2832
-2356
-2169
-2092
-2253
-2286
-2335
-2482
-2703
-2954
-2969
-2978
-2964
-2736
-2397
-2132
-2064
-1881
-1571
-1156
-924
-990
-1226
-1541
-1977
-2610
-3509
-4427
-5173
-5912
-6558
-6981
-7019
-6664
-6026
-5332
-4494
-3653
-2843
-2287
-2064
-2224
-2611
-3229
-4233
-5164
-6012
-6675
-7012
-6967
-6521
-5894
-4945
-3876
-3174
-2583
-2076
-1840
-2100
-2583
-3086
-3529
-4076
-4623
-4885
-4939
-4764
-4520
-4079
-3377
-2476
-1688
-1094
-881
-662
-641
-756
-813
-919
-1150
-1286
-1329
-1221
-1037
-776
-346
183
572
794
901
1041
1183
1285
1308
1300
1176
1095
1349
1547
1472
1423
1335
1442
1527
1389
1185
1101
1010
821
540
350
401
427
371
572
780
937
1067
1024
1018
1115
1106
550
-279
-1207
-1811
-1771
-1106
-335
550
1574
2489
2917
2888
2467
1451
85
-1282
-2524
-3314
-3692
-3478
-2784
-1756
-424
1078
2109
2730
2867
2529
1683
529
-938
-2487
-3738
-4674
-5041
-4831
-4175
-3256
-2150
-948
47
945
1220
1103
767
-17
-918
-1868
-2734
-3492
-4036
-3905
-3363
-2439
-1397
-407
447
1023
1297
1201
964
543
-85
-980
-1925
-2488
-2604
-2526
-2400
-2216
-1668
-950
-489
-136
-91
-64
-93
-468
-926
-1388
-1814
-1985
-2051
-2026
-1981
-1829
-1683
-1477
-1292
-1208
-1226
-1297
-1496
-1940
-2202
-2283
-2462
-2756
-2778
-2749
-2467
-2229
-2123
-2110
-1964
-1697
-1480
-1693
-1851
-1802
-2171
-2939
-3646
-4452
-5431
-6280
-6948
-7325
-7513
-7386
-7035
-6566
-5895
-4831
-3875
-3086
-2433
-2329
-2634
-3239
-4056
-4795
-5436
-5910
-6255
-6467
-6280
-5600
-4525
-3505
-2471
-1610
-1104
-855
-751
-799
-1027
-1449
-1884
-2207
-2468
-2604
-2599
-2371
-1867
-1083
-285
537
1235
1660
1955
2092
2028
1889
1905
1938
1798
1578
1595
1880
2237
2642
3010
3310
3490
3727
3936
3932
3944
3826
3770
3747
3656
3545
3538
3731
3741
3681
3713
3461
3216
3278
3205
2767
2558
2446
2437
2332
2222
2248
1994
2075
2449
2551
2527
2416
2257
2060
1660
1105
541
179
127
710
1822
3320
4624
5652
6230
6059
5615
4736
3352
2068
920
-211
-948
-1218
-891
1
1184
2622
3984
4708
4941
4891
4381
3460
2332
1207
-104
-1225
-1784
-1854
-1346
-506
599
1521
2451
3173
3475
3472
3006
2284
1340
293
-796
-1421
-1790
-1959
-1908
-1473
-704
167
1063
1737
2171
2224
1814
1297
625
-90
-849
-1551
-1993
-2167
-2156
-1848
-1530
-1191
-752
-75
191
109
-123
-493
-911
-1461
-1827
-2004
-2157
-2264
-2292
-2032
-1676
-1373
-1053
-858
-853
-843
-866
-950
-1202
-1434
-1701
-2026
-2148
-2122
-1807
-1538
-1331
-1054
-1011
-1029
-879
-682
-697
-721
-964
-1475
-2096
-2939
-3935
-4872
-5529
-5989
-6198
-6150
-5789
-5331
-4746
-3926
-2981
-2194
-1660
-1526
-1864
-2359
-2976
-3652
-4325
-5000
-5512
-5728
-5678
-5218
-4347
-3524
-2817
-1948
-1173
-776
-666
-791
-1033
-1401
-1832
-2390
-2891
-3180
-3240
-2909
-2406
-1757
-1070
-573
-21
458
661
634
563
607
568
425
186
8
134
530
867
1285
1647
1877
2217
2295
2283
2333
2361
2249
2202
2238
2114
2168
2357
2410
2301
2296
2398
2385
2289
2125
1825
1806
1656
1279
1143
1085
1146
1111
1083
1317
1586
1712
1622
1559
1675
1761
1432
784
22
-443
-471
-77
994
2411
3610
4768
5445
5572
5164
4254
3085
1829
438
-957
-2006
-2425
-2095
-1421
-419
1086
2426
3357
3823
3773
3357
2522
1456
274
-934
-2016
-2776
-3110
-3057
-2386
-1259
-144
972
1762
2057
2242
2083
1430
617
-448
-1625
-2821
-3517
-3556
-3193
-2620
-1875
-1006
-158
406
843
1200
1091
652
70
-767
-1545
-2029
-2509
-2780
-2922
-2677
-2306
-1879
-1325
-754
-455
-337
-267
-351
-867
-1456
-1939
-2410
-2575
-2577
-2590
-2545
-2176
-1766
-1336
-1118
-1047
-919
-929
-1229
-1489
-1684
-1697
-1694
-1794
-1845
-1730
-1479
-1275
-1220
-1297
-1273
-1122
-977
-816
-675
-708
-1101
-1667
-2484
-3487
-4324
-5171
-5910
-6325
-6402
-6210
-5760
-4916
-4029
-3203
-2306
-1752
-1643
-1840
-2050
-2521
-3187
-3738
-4683
-5590
-5835
-5586
-5067
-4417
-3663
-2828
-1875
-912
-491
-402
-345
-482
-1066
-1763
-2058
-2163
-2379
-2469
-2357
-2055
-1512
-720
23
661
1144
1648
1798
1748
1655
1596
1614
1478
1421
1504
1616
1841
2090
2432
2849
3309
3748
3716
3597
3545
3548
3740
3693
3595
3516
3498
3419
3417
3475
3554
3518
3510
3458
3142
2885
2743
2522
2564
2508
2287
2359
2469
2440
2450
2542
2561
2481
2418
2458
2375
1902
1329
906
640
846
1486
2766
4169
5349
6333
6604
6274
5661
4599
3251
1733
472
-465
-979
-1100
-686
247
1483
2903
4179
4957
5094
4766
4089
3020
1594
315
-749
-1567
-2011
-1881
-1259
-358
669
1817
2641
3118
3325
3132
2688
1908
903
-59
-900
-1664
-2139
-1943
-1451
-886
-186
689
1483
2015
2281
2191
1935
1466
786
57
-681
-1350
-1754
-1760
-1504
-1290
-892
-400
-34
414
659
712
596
313
-157
-549
-924
-1133
-1244
-1210
-1048
-867
-668
-436
-207
91
382
331
71
-256
-563
-812
-827
-1059
-1061
-899
-720
-408
-87
151
195
199
86
93
205
109
-275
-936
-1494
-2216
-3135
-4046
-4820
-5231
-5391
-5320
-4982
-4494
-3477
-2304
-1542
-1092
-698
-480
-763
-1533
-2386
-3058
-3519
-3970
-4418
-4572
-4331
-3771
-3017
-2147
-1177
-279
317
473
308
68
-107
-485
-1110
-1626
-1912
-1962
-1720
-1425
-1035
-458
148
872
1460
1833
2103
2116
1862
1665
1425
1098
993
1140
1575
2113
2528
2851
2984
2840
2356
1642
1085
684
373
333
487
973
1923
2939
3765
4256
4244
3970
3420
2705
1805
833
276
189
416
1043
2076
3332
4651
5735
6478
6875
6865
6420
5802
4983
4244
3475
2939
2495
2404
2909
4038
5570
7151
8543
9705
10211
10006
9297
7969
6343
4700
2982
1537
686
576
893
1609
2725
4125
5270
5956
6156
5888
5186
4111
2825
1595
393
-773
-1675
-1997
-1697
-1112
-285
722
1684
2494
2917
2736
2208
1692
793
-358
-1422
-2346
-2954
-3280
-3307
-2914
-2379
-1652
-650
132
578
769
742
302
-414
-1091
-1846
-2399
-2587
-2797
-2790
-2367
-1811
-1143
-529
47
471
735
998
1115
860
585
286
-69
-409
-512
-240
144
507
924
1320
1591
1630
1511
1330
1275
1248
1071
684
329
129
217
319
538
797
876
857
931
881
705
736
742
707
474
12
-706
-1509
-2369
-3191
-4006
-4656
-5048
-5284
-5055
-4506
-3836
-3113
-2465
-1860
-1373
-1077
-1178
-1636
-2431
-3442
-4376
-4959
-5481
-5757
-5831
-5483
-4619
-3609
-2791
-2171
-1586
-1385
-1349
-1445
-1823
-2463
-3169
-3766
-4212
-4411
-4552
-4466
-3852
-3160
-2519
-1912
-1380
-966
-695
-541
-493
-774
-1123
-1558
-2010
-2479
-2719
-2628
-2354
-1920
-1477
-653
194
666
873
904
718
227
-299
-1031
-1678
-1943
-1971
-2069
-1835
-1190
-545
-90
216
591
603
208
-296
-1111
-1992
-2809
-3343
-3591
-3593
-3396
-3074
-2601
-2092
-1553
-1328
-1535
-2314
-3395
-4589
-5702
-6268
-6095
-5203
-3982
-2413
-800
410
1019
982
205
-1246
-3005
-4920
-6604
-7942
-8773
-8780
-7861
-6538
-4845
-3070
-1610
-667
-306
-575
-1309
-2424
-3813
-5362
-6642
-7446
-7633
-7251
-6289
-5125
-3903
-2391
-1169
-538
-343
-491
-794
-1533
-2546
-3494
-4401
-4951
-5012
-4719
-4259
-3471
-2355
-1283
-317
360
699
658
376
-42
-612
-1370
-2109
-2657
-2945
-3006
-2725
-2183
-1584
-900
-407
-61
193
302
152
-341
-806
-1208
-1479
-1623
-2024
-2140
-1810
-1482
-968
-480
-145
65
-55
-309
-419
-628
-999
-1205
-1313
-1422
-1240
-901
-633
-399
-68
140
212
381
827
1154
1240
1119
736
38
-655
-1550
-2524
-3088
-3333
-3506
-3341
-3249
-2817
-2000
-1037
26
955
1595
1871
1964
1807
1356
695
72
-504
-910
-1116
-863
-287
431
1367
2259
3055
3688
4123
4369
4217
3729
3217
2863
2382
1881
1495
1393
1652
2127
2537
2913
3457
4034
4478
4519
4490
4336
4120
3686
3327
2978
2755
2771
2854
3072
3229
3458
3700
3955
4138
4203
4186
4040
3832
3723
3526
3343
3225
3174
3220
3196
3180
3089
3055
3037
3062
2908
2643
2478
2319
2069
1968
2002
1916
2013
2075
2250
2355
2242
2230
2262
2322
2205
1887
1125
385
-15
44
753
1763
3129
4562
5535
5971
5958
5317
4318
3116
2034
1282
456
-143
-197
351
1481
2525
3755
4906
5659
5695
5357
4868
3987
2874
1738
597
-140
-544
-480
507
1723
2663
3496
4243
4817
5080
4807
4343
3559
2552
1665
870
317
43
270
825
1537
2320
2996
3573
4073
4340
4150
3823
3413
2735
1903
1268
790
549
592
757
967
1562
2094
2517
2861
2873
2726
2588
2322
1960
1413
942
879
872
750
752
1025
1359
1667
2048
2220
2266
2267
2039
1854
1646
1555
1300
1079
1166
1264
1500
1731
1873
2003
2157
2353
2513
2558
2488
2513
2496
1966
1062
312
-293
-880
-1509
-2028
-2306
-2315
-1878
-1259
-542
324
1211
1799
2168
2261
2010
1408
560
-24
-680
-1270
-1703
-1571
-1114
-599
100
1025
1873
2498
2740
2859
2762
2535
2121
1486
740
129
-129
-267
-412
-206
216
723
1079
1399
1854
2210
2329
2088
1816
1415
1030
613
375
361
365
338
473
792
1027
1129
1227
1251
1456
1619
1406
985
634
530
466
504
398
355
391
489
429
340
303
38
-253
-463
-675
-791
-871
-974
-1014
-924
-752
-734
-739
-788
-734
-776
-835
-874
-1052
-1406
-1953
-2307
-2028
-1246
119
1593
2893
3857
4340
4321
3544
2174
527
-1087
-2647
-4076
-4957
-5169
-4605
-3466
-1976
-363
1095
2259
2885
2873
2231
1316
127
-1311
-2958
-4333
-4987
-5175
-4749
-3798
-2651
-1502
-496
419
966
1131
890
158
-988
-2184
-3377
-4293
-4698
-4925
-4758
-4017
-3132
-2119
-1204
-704
-196
32
-176
-414
-856
-1564
-2359
-2944
-3322
-3670
-3820
-3812
-3424
-2794
-1990
-1485
-1313
-1258
-1332
-1660
-1887
-2013
-2391
-2619
-2689
-2527
-2288
-2029
-1734
-1320
-837
-598
-574
-454
-419
-563
-810
-1057
-1200
-1153
-839
-639
-546
-444
-162
154
331
480
698
869
841
713
482
222
-456
-1219
-1944
-2555
-3174
-3743
-4047
-4013
-3668
-3072
-2292
-1456
-561
172
651
954
777
371
-254
-1043
-1690
-2399
-2752
-2714
-2537
-2039
-1345
-440
325
999
1638
2047
2073
1914
1420
646
9
-538
-1106
-1371
-1400
-1118
-809
-414
124
693
1124
1367
1509
1483
1392
1183
858
467
163
87
-1
25
272
561
860
1254
1406
1523
1644
1657
1561
1444
1356
1395
1487
1406
1245
1071
1055
1089
1188
1320
1376
1341
1302
1069
799
692
465
271
235
395
454
370
474
632
831
1024
964
888
570
205
23
-154
-194
399
