-5105
-4586
-4196
-3813
-3628
-3601
-3806
-4165
-4409
-4562
-4816
-5019
-5043
-4797
-4534
-4336
-4195
-4018
-3729
-3609
-3508
-3239
-3046
-3059
-3293
-3722
-4439
-5334
-6552
-7608
-8216
-8554
-8638
-8477
-8093
-7441
-6671
-5938
-4994
-4007
-3447
-3145
-3057
-3632
-4471
-5219
-5916
-6593
-7137
-7247
-6916
-6218
-5303
-4337
-3432
-2576
-2042
-1895
-1924
-2067
-2311
-2996
-3849
-4571
-5087
-5248
-5142
-5013
-4709
-4254
-3593
-2913
-2440
-2238
-2345
-2892
-3559
-4294
-5047
-5529
-5547
-5050
-4268
-3295
-2144
-1291
-1074
-1529
-2821
-4296
-5944
-7943
-9896
-11212
-11710
-11504
-10650
-9154
-7375
-5945
-5054
-4510
-4777
-5790
-7401
-9146
-10877
-12499
-13353
-13239
-12151
-10585
-8401
-5759
-3136
-972
524
1253
1182
583
-493
-1915
-3662
-5420
-6616
-7057
-6445
-4708
-2212
735
3513
5556
6755
6877
5950
4192
2257
1
-2423
-4561
-5838
-6164
-5837
-4994
-3500
-1801
-444
648
931
387
-649
-2317
-4417
-6634
-8644
-9928
-10407
-10269
-9598
-8374
-6702
-5219
-4130
-3378
-3102
-3377
-4342
-5691
-7376
-9127
-10459
-11629
-12295
-12169
-11505
-10325
-9067
-7857
-6630
-5586
-4868
-4756
-5230
-6052
-7258
-8545
-9666
-10661
-11386
-11713
-11461
-10866
-9743
-8483
-7278
-6059
-5252
-4655
-4057
-3675
-3603
-3787
-4111
-4159
-4116
-3896
-3615
-3050
-2458
-1964
-1488
-1173
-941
-914
-1139
-1312
-1287
-1430
-1554
-1846
-2040
-2094
-2040
-1992
-1885
-1900
-2025
-2135
-2369
-2701
-3062
-3287
-3476
-3851
-4195
-4850
-5730
-6205
-6551
-6920
-7064
-7191
-6988
-6487
-5888
-5110
-4483
-3873
-3347
-3229
-3520
-4092
-4850
-5933
-6928
-7743
-8339
-8709
-8692
-8468
-7863
-7187
-6345
-5519
-4732
-4126
-3875
-3905
-4221
-4916
-5432
-5591
-5723
-5664
-5534
-5143
-4209
-3198
-2186
-1251
-383
395
897
1244
1593
1935
2054
1852
1315
576
-379
-1507
-2647
-3680
-4263
-4235
-3441
-1799
210
2085
3671
4866
5462
5240
4534
3163
1177
-726
-2501
-3780
-4090
-3489
-2183
-324
1728
3667
5283
6125
6331
5828
4746
3276
1595
98
-1125
-1611
-1272
-249
1295
3220
5032
6275
6890
6974
6903
6512
6211
6258
6420
6728
7049
7223
7115
6621
6026
5314
4164
3046
1911
699
-82
-276
126
799
1759
2942
3854
4382
4856
4781
4266
3535
2546
1180
-277
-1326
-1975
-2251
-2115
-1521
-773
55
921
1575
1890
1894
1558
816
-146
-1063
-2013
-2915
-3657
-3894
-3892
-3880
-3714
-3448
-3245
-3049
-2962
-3176
-3307
-3457
-3840
-4173
-4465
-4718
-4593
-4270
-4023
-3765
-3533
-3241
-2918
-2921
-3067
-3147
-3249
-3503
-3709
-3999
-4208
-4124
-3771
-3372
-3046
-2435
-1725
-1144
-862
-717
-724
-972
-1411
-1766
-2067
-2383
-2726
-2996
-3167
-3090
-2826
-2720
-2641
-2314
-2006
-1920
-1749
-1440
-1426
-1909
-2800
-4146
-5488
-6669
-7979
-9140
-9989
-10470
-10580
-10388
-9642
-8480
-7337
-6392
-5526
-4999
-4666
-4817
-5467
-6170
-7038
-8241
-9182
-9730
-10101
-10070
-9664
-9049
-8262
-7329
-6595
-5815
-5319
-5270
-5447
-5801
-6440
-7027
-7481
-7894
-8202
-8278
-8067
-7614
-6967
-6160
-5306
-4722
-4334
-3910
-3512
-3189
-2964
-2872
-2720
-2604
-2584
-2444
-2247
-1921
-1541
-1138
-760
-307
-95
-120
-295
-584
-793
-915
-1210
-1532
-1674
-1756
-1695
-1590
-1588
-1510
-1640
-1714
-1749
-1833
-1946
-2133
-2398
-2650
-2923
-3268
-3403
-3382
-3155
-2975
-2830
-2521
-2427
-2526
-2625
-2917
-3459
-3954
-4419
-4703
-4196
-3154
-1828
-480
642
1234
1114
369
-923
-2475
-4194
-5732
-7071
-8105
-8416
-8183
-7387
-5960
-4282
-2852
-1914
-1353
-1393
-1942
-3017
-4348
-5759
-7363
-8581
-9104
-9181
-8805
-8074
-6971
-5406
-4088
-3161
-2357
-2007
-2354
-3213
-4358
-5518
-6697
-7748
-8133
-8189
-8158
-7779
-6941
-5806
-4668
-3779
-3302
-3054
-3100
-3368
-3993
-4809
-5546
-6282
-6903
-7221
-7032
-6833
-6560
-6065
-5456
-4877
-4397
-4314
-4471
-4700
-4940
-5354
-5934
-6318
-6433
-6444
-6519
-6410
-5980
-5670
-5442
-5238
-5079
-5084
-5293
-5630
-6048
-6313
-6446
-6685
-6753
-6543
-6185
-5900
-5641
-5407
-5295
-5264
-5106
-5048
-4926
-4847
-5012
-5687
-6647
-7466
-8276
-9289
-10159
-10619
-10685
-10731
-10575
-9832
-8825
-7770
-6886
-6155
-5488
-5070
-4988
-5450
-6359
-7188
-7964
-8743
-9253
-9353
-9039
-8498
-7689
-6585
-5419
-4547
-3797
-3250
-3150
-3176
-3425
-3852
-4356
-5043
-5707
-6032
-5846
-5338
-4759
-4068
-3433
-2694
-1918
-1351
-946
-700
-550
-447
-551
-784
-1082
-1302
-1217
-760
-341
100
481
757
1077
1304
1506
1661
1751
1669
1617
1581
1478
1359
1316
1330
1212
1127
1125
985
682
511
596
613
478
98
-107
-145
-69
2
92
143
221
513
745
687
594
539
531
95
-588
-1134
-1204
-767
177
1592
3120
4457
5407
5617
5204
4317
3129
1583
138
-953
-1788
-2413
-2489
-1882
-983
354
1775
2849
3561
3812
3359
2539
1449
327
-962
-2246
-3189
-3650
-3491
-2648
-1458
-219
826
1650
2132
2293
2195
1698
811
-474
-1660
-2641
-3438
-3806
-3767
-3396
-2718
-1936
-1078
-67
595
644
612
228
-290
-934
-1817
-2862
-3654
-3768
-3696
-3573
-3350
-3006
-2358
-1676
-1242
-1082
-1262
-1424
-1611
-2007
-2303
-2735
-2954
-3152
-3177
-2991
-2715
-2452
-2161
-1877
-1674
-1559
-1741
-1965
-2153
-2494
-2771
-2785
-2683
-2679
-2733
-2597
-2478
-2484
-2386
-2197
-2136
-1967
-1720
-1620
-1803
-2261
-2988
-3892
-4865
-5942
-6826
-7310
-7548
-7553
-7312
-6977
-6403
-5561
-4670
-3772
-2920
-2650
-2752
-3080
-3822
-4605
-5445
-6199
-6917
-7448
-7462
-6862
-6081
-5442
-4610
-3704
-2904
-2188
-1972
-2156
-2450
-2777
-3382
-4033
-4551
-4833
-4869
-4766
-4365
-3770
-2891
-2134
-1527
-1011
-685
-548
-440
-485
-620
-677
-753
-870
-943
-771
-511
-296
-4
403
821
1102
1409
1642
1754
1693
1518
1311
1185
1070
832
851
1078
1145
1027
1116
1178
1042
762
456
231
12
-217
-349
-390
-424
-422
-443
-333
-315
-295
-114
-112
-282
-503
-840
-1392
-2111
-2542
-2285
-1289
104
1603
3030
4062
4388
4099
3272
1995
640
-813
-2197
-3279
-4099
-4419
-4016
-3017
-1766
-436
730
1701
2178
1999
1426
344
-1031
-2542
-4105
-5163
-5569
-5423
-4898
-4118
-3208
-2112
-1120
-246
156
80
-463
-1247
-2264
-3223
-4218
-5205
-5906
-6083
-5621
-4761
-3818
-2895
-1946
-1335
-1107
-1225
-1608
-2081
-2873
-3791
-4723
-5337
-5934
-6143
-5797
-5323
-5045
-4651
-4022
-3517
-3286
-3424
-3505
-3673
-4046
-4300
-4709
-5070
-5208
-5214
-5194
-4996
-4624
-4155
-3770
-3636
-3617
-3606
-3776
-4062
-4346
-4544
-4735
-4941
-4953
-4891
-4807
-4484
-4162
-4049
-3911
-3910
-3809
-3759
-3847
-4122
-4508
-4919
-5584
-6641
-7558
-8334
-9049
-9537
-9865
-9879
-9395
-8637
-7713
-6615
-5689
-4929
-4500
-4338
-4611
-5121
-5896
-7021
-7946
-8517
-8793
-8799
-8530
-7852
-6998
-6099
-4946
-3959
-3207
-2901
-2843
-2842
-3358
-4128
-4704
-5228
-5385
-5445
-5454
-5091
-4338
-3583
-2862
-2206
-1691
-1080
-765
-680
-630
-634
-707
-881
-1051
-1203
-1171
-979
-578
-264
159
612
983
1260
1413
1369
1295
1303
1241
1162
1268
1278
1147
1178
1298
1405
1335
1248
1186
1132
888
427
100
24
14
-166
-205
-164
-94
91
298
351
481
599
625
399
-179
-961
-1896
-2762
-3324
-3370
-2715
-1645
-249
847
1499
1759
1627
1131
344
-565
-1451
-2236
-2823
-2787
-2228
-1306
-390
522
1637
2327
2500
2176
1393
506
-590
-1696
-2667
-3453
-3672
-3506
-2853
-1751
-600
585
1506
2085
2516
2318
1910
1349
412
-760
-1744
-2427
-2767
-2610
-2169
-1469
-594
382
1256
1852
2075
2128
1914
1403
835
41
-1075
-1757
-2006
-1975
-1792
-1604
-1098
-286
325
638
792
953
970
536
-60
-685
-1323
-1872
-2319
-2504
-2541
-2501
-2487
-2411
-2193
-2051
-1940
-2002
-2137
-2237
-2356
-2716
-3170
-3331
-3359
-3255
-3297
-3161
-3099
-3199
-3150
-2867
-2596
-2515
-2708
-2747
-2836
-3386
-4128
-4799
-5575
-6468
-7449
-7949
-8182
-8110
-7621
-7114
-6406
-5481
-4574
-3866
-3445
-3218
-3243
-3563
-4020
-4822
-5582
-6208
-6608
-6615
-6357
-5868
-5026
-3843
-2928
-2229
-1391
-738
-455
-628
-924
-1226
-1681
-2321
-2919
-3133
-2847
-2430
-2126
-1465
-689
-83
328
928
1381
1487
1345
1119
982
986
722
444
558
494
728
1172
1447
1642
1945
2338
2417
2425
2382
2334
2212
1908
1635
1625
1686
1594
1431
1404
1553
1419
1153
879
634
592
558
358
153
55
147
167
108
-25
99
246
243
256
240
221
243
1
-170
213
976
2207
3677
5140
6409
7442
7795
7330
6335
4749
2555
234
-1925
-3692
-4898
-5429
-5096
-3778
-1765
515
2665
4389
5481
5811
5361
4202
2757
695
-1394
-3189
-4638
-5297
-5287
-4597
-3382
-2008
-571
766
1753
2124
1949
1299
299
-948
-2437
-3850
-5108
-5923
-6128
-6014
-5468
-4460
-3241
-2181
-1252
-598
-338
-650
-1360
-2193
-3009
-3825
-4590
-5316
-5629
-5598
-5614
-5299
-4875
-4477
-4098
-3802
-3672
-3668
-3880
-4222
-4337
-4294
-4207
-4083
-3763
-3181
-2687
-2196
-1800
-1722
-1728
-1617
-1577
-1832
-2196
-2375
-2474
-2547
-2353
-2190
-2125
-2006
-1670
-1297
-1070
-716
-399
-353
-474
-586
-880
-1486
-2392
-3267
-4282
-5263
-6101
-6683
-6803
-6836
-6435
-5731
-5049
-4257
-3254
-2241
-1462
-1194
-1341
-1745
-2636
-3674
-4846
-5634
-6137
-6607
-6674
-6352
-5704
-4992
-4072
-3071
-2355
-1875
-1658
-1859
-2293
-2875
-3580
-4149
-4826
-5317
-5283
-4941
-4423
-3882
-3274
-2554
-1949
-1369
-864
-507
-378
-376
-527
-712
-778
-891
-862
-754
-588
-239
295
805
1280
1566
1795
1919
2101
2131
2181
2156
2112
2014
1944
1949
2091
2296
2394
2361
2287
1951
1819
1575
1381
1302
1197
1109
1246
1313
1312
1380
1492
1723
1882
1936
1828
1885
1764
1180
390
-369
-1005
-1191
-759
101
1013
2113
3068
3521
3432
2889
1754
349
-819
-1838
-2744
-3248
-3310
-2679
-1474
86
1471
2599
3422
3775
3589
2718
1651
52
-1544
-2836
-4080
-4815
-4684
-4058
-3085
-1671
-125
1076
1876
2260
2289
2167
1707
912
-349
-1748
-2594
-2988
-2908
-2485
-1795
-835
236
1063
1672
2252
2319
2209
1742
998
300
-428
-1202
-1750
-1955
-1855
-1482
-883
-234
297
612
927
1066
914
674
341
112
-247
-708
-952
-1147
-1164
-1125
-1053
-874
-727
-801
-970
-978
-1238
-1677
-1974
-2223
-2486
-2698
-2762
-2682
-2460
-2259
-2102
-1917
-1966
-2044
-2011
-1897
-2130
-2294
-2469
-2821
-3554
-4733
-5721
-6479
-7160
-7758
-7907
-7759
-7419
-6836
-5911
-4882
-4026
-3398
-2868
-2705
-2919
-3430
-4199
-4982
-5845
-6545
-6802
-6666
-6255
-5515
-4548
-3533
-2461
-1531
-820
-384
-313
-518
-756
-1088
-1537
-2078
-2469
-2614
-2390
-2071
-1653
-1089
-328
665
1440
1851
2116
2365
2461
2396
2204
1968
1826
1654
1690
1917
2301
2759
3073
3246
3524
3597
3593
3630
3858
3897
3893
3771
3382
3124
3071
3048
2788
2709
2707
2720
2492
2298
2286
2094
1803
1597
1518
1461
1398
1398
1434
1540
1634
1583
1591
1546
1473
1308
983
485
37
-149
-119
374
1499
2863
4228
5411
5985
5924
5423
4471
3250
1742
276
-816
-1549
-1820
-1512
-652
480
1915
3303
4315
4742
4543
4029
3175
2013
665
-494
-1503
-2071
-2330
-2061
-1129
-80
933
2043
2877
3182
3143
2816
2270
1256
16
-1079
-1971
-2592
-2794
-2581
-2135
-1274
-380
453
1253
1736
1886
1875
1348
467
-446
-1387
-2088
-2635
-2983
-3055
-2797
-2355
-1828
-1266
-894
-630
-537
-745
-1045
-1376
-1778
-2058
-2273
-2567
-2687
-2535
-2317
-2188
-1835
-1547
-1415
-1219
-1191
-1361
-1426
-1583
-1890
-2028
-2138
-2287
-2268
-2188
-2074
-1869
-1664
-1592
-1469
-1283
-1136
-1001
-1050
-1283
-1565
-2114
-3062
-4055
-4962
-5742
-6398
-6673
-6610
-6316
-5774
-5060
-3970
-2951
-2254
-1668
-1339
-1358
-1826
-2556
-3446
-4294
-4881
-5453
-5705
-5532
-5057
-4318
-3382
-2410
-1597
-984
-447
-252
-496
-851
-1347
-1982
-2518
-2927
-3138
-3176
-2990
-2434
-1715
-886
-311
374
1012
1352
1423
1175
1014
967
766
647
616
666
938
1231
1624
2103
2427
2686
2897
3065
2982
3168
3444
3338
3013
2764
2680
2670
2613
2772
2994
3116
2941
2760
2638
2618
2506
2303
2029
1873
1906
1846
1953
2121
2159
2101
2115
2216
2295
2331
2286
2099
1536
732
217
172
532
1553
3196
4645
5853
6598
6646
6243
5470
4412
3148
1698
398
-734
-1450
-1457
-815
364
1687
3001
4165
4783
4823
4394
3630
2466
1028
-390
-1521
-2431
-2964
-2697
-1982
-1097
-34
1152
2160
2824
3080
2980
2347
1449
492
-642
-1658
-2464
-2871
-2797
-2037
-1140
-377
407
1114
1652
1885
1734
1300
733
24
-853
-1592
-2122
-2310
-2296
-2117
-1668
-1331
-992
-482
-127
-18
-66
-87
-343
-711
-1213
-1766
-2010
-2060
-1863
-1483
-1220
-945
-689
-535
-349
-295
-342
-520
-738
-826
-1098
-1354
-1404
-1338
-1370
-1237
-882
-623
-472
-351
-183
-20
-128
-182
-382
-892
-1581
-2310
-3180
-4069
-4944
-5605
-6158
-6296
-5922
-5533
-4927
-4024
-3177
-2377
-1685
-1378
-1503
-1794
-2357
-3071
-3779
-4495
-5065
-5362
-5480
-5069
-4253
-3300
-2395
-1705
-1040
-462
-10
-107
-454
-784
-1191
-1684
-2275
-2621
-2625
-2549
-2218
-1669
-907
5
799
1219
1470
1903
2214
2248
2204
2013
1646
1497
1538
1799
2167
2312
2632
3133
3378
3648
3927
4024
4050
4125
4157
3896
3631
3601
3675
3770
3496
3293
3368
3229
3062
2974
3003
2863
2550
2319
2305
2339
2372
2308
2123
2195
2483
2514
2597
2656
2713
2636
2286
1808
1250
650
398
532
1264
2563
4182
5554
6552
6918
6572
5733
4734
3510
2026
493
-713
-1320
-1356
-879
229
1502
2781
3870
4628
4924
4730
4195
3197
1838
403
-855
-1907
-2501
-2522
-1917
-701
428
1401
2231
2919
3300
3322
2865
2034
1106
76
-961
-1699
-2133
-2123
-1812
-1251
-450
558
1295
1757
2066
2156
1976
1378
666
125
-723
-1592
-1875
-1979
-1881
-1619
-1188
-635
-201
183
386
571
507
121
-342
-696
-1013
-1370
-1548
-1473
-1351
-1107
-671
-381
-165
-92
-61
32
46
4
-278
-599
-942
-1007
-1037
-976
-795
-611
-402
-173
13
165
209
209
-56
-267
-469
-954
-1719
-2609
-3549
-4386
-5056
-5397
-5459
-5449
-5155
-4535
-3733
-2855
-1991
-1278
-836
-975
-1179
-1478
-2143
-2792
-3540
-4185
-4678
-4820
-4495
-3913
-3127
-2035
-967
-206
307
683
933
716
343
-340
-915
-1312
-1731
-1714
-1549
-1083
-469
92
659
1298
1763
2088
2397
2481
2284
1984
1649
1223
1218
1590
2022
2364
2677
3114
3304
3046
2680
2104
1587
879
510
414
761
1458
2269
2960
3650
4119
4401
4185
3585
2966
2033
1165
565
464
597
1027
2008
3358
4736
5758
6396
6865
7011
6668
5955
5069
4214
3400
2741
2468
2508
2968
4090
5817
7505
8883
9913
10485
10467
9730
8327
6772
5139
3524
2075
948
599
932
1552
2748
4091
5214
5977
6274
6213
5743
4767
3492
1953
482
-602
-1411
-1809
-1704
-1015
-105
923
2013
2679
3003
3268
3022
2414
1521
476
-605
-1559
-2336
-2782
-3039
-2842
-2026
-1181
-272
446
898
1337
1335
946
441
-304
-999
-1380
-1761
-2313
-2637
-2372
-1757
-1112
-339
510
1176
1417
1397
1313
1038
738
475
409
508
317
253
516
995
1601
2093
2376
2486
2491
2558
2444
2060
1775
1514
1415
1327
1113
1030
1116
1302
1523
1538
1460
1391
1456
1480
1437
1322
1071
600
-228
-1095
-1910
-2741
-3613
-4349
-4599
-4712
-4528
-4071
-3285
-2490
-1822
-1134
-650
-536
-706
-1092
-1729
-2625
-3628
-4570
-5138
-5248
-5085
-4587
-3796
-3015
-2311
-1601
-909
-406
-223
-551
-1190
-1925
-2696
-3201
-3653
-3898
-3919
-3703
-3391
-2900
-2283
-1647
-986
-449
-34
222
307
48
-408
-921
-1404
-1836
-2115
-2151
-1854
-1421
-745
35
692
1297
1673
1729
1513
1113
472
-232
-825
-1294
-1424
-1305
-1095
-677
-213
147
575
837
736
342
-221
-957
-1960
-2773
-3048
-3200
-3243
-3012
-2596
-2134
-1813
-1502
-1311
-1290
-1734
-2888
-4242
-5259
-5897
-5951
-5099
-3561
-1795
-274
1011
1551
1337
542
-679
-2306
-4186
-6057
-7421
-8061
-8342
-8038
-6861
-4898
-2861
-1319
-428
-32
-174
-819
-1882
-3371
-5165
-6606
-7396
-7523
-7167
-6402
-5300
-3788
-2246
-1131
-348
50
-8
-304
-958
-1898
-3048
-4163
-4891
-5134
-4794
-4224
-3430
-2510
-1438
-454
209
671
832
609
32
-514
-1081
-1799
-2492
-2925
-2814
-2473
-2132
-1628
-967
-580
-229
150
169
142
-96
-507
-931
-1225
-1565
-1898
-1834
-1529
-1226
-797
-257
27
126
102
-90
-196
-340
-588
-892
-1205
-1328
-1341
-1169
-863
-603
-325
68
405
643
723
839
842
498
120
-400
-990
-1828
-2694
-3444
-4003
-4223
-4128
-3756
-3106
-2272
-1399
-503
348
1073
1584
1655
1447
1084
488
-212
-951
-1239
-1268
-1191
-738
-44
952
1999
2861
3636
4088
4048
3799
3529
3061
2707
2135
1569
1179
1033
1154
1555
2130
2765
3255
3693
4033
4157
4251
4135
3811
3562
3237
2913
2636
2495
2500
2572
2805
3129
3447
3609
3795
3968
4019
3964
3762
3586
3297
2954
2779
2725
2681
2877
3021
2944
2789
2774
2728
2573
2288
2102
2110
2002
1699
1690
1794
1721
1757
1940
2039
2145
2187
2197
2154
2030
1713
1141
330
204
671
1440
2611
4111
5649
6547
6884
6640
6130
5273
3946
2534
1283
269
-341
-398
161
1216
2562
3780
4858
5824
6205
6004
5307
4256
3129
1784
380
-528
-885
-751
-152
680
1735
2844
3839
4629
4987
4929
4357
3631
2867
2010
970
-30
-515
-488
-84
587
1217
2151
3142
3848
4032
3722
3166
2731
2301
1792
992
292
-50
-276
-222
172
796
1340
1749
1972
2176
2179
2088
1956
1566
1126
816
554
469
466
666
1020
1346
1722
2051
2184
2128
2163
2202
1930
1652
1369
1085
1025
1339
1484
1633
1881
2037
2184
2378
2584
2744
2879
2993
2715
2298
1905
1219
267
-664
-1304
-1817
-2254
-2357
-2326
-2127
-1401
-490
331
1132
1904
2281
2363
2177
1541
922
359
-544
-1131
-1349
-1387
-1074
-540
366
1282
2066
2531
2893
3115
3000
2755
2312
1620
980
317
-222
-495
-512
-270
72
628
1185
1640
1943
2146
2218
2120
1810
1420
1068
777
588
445
314
387
420
775
1061
1155
1363
1538
1799
1707
1323
1223
1186
973
921
842
691
682
673
637
607
464
340
200
92
-316
-722
-906
-1009
-1057
-1035
-1074
-1081
-876
-595
-452
-420
-502
-535
-675
-902
-1491
-2302
-2583
-2356
-1625
-431
1017
2342
3282
3791
3977
3535
2501
1182
-208
-1682
-3056
-4079
-4388
-4078
-3228
-1836
-518
652
1774
2429
2470
2141
1108
-330
-1773
-3213
-4372
-4977
-5083
-4643
-3882
-2848
-1720
-564
292
948
1170
803
81
-834
-1774
-2772
-3600
-4185
-4479
-4247
-3579
-2653
-1698
-776
-24
363
633
573
160
-554
-1369
-2088
-2730
-3139
-3386
-3439
-3153
-2705
-2114
-1625
-1222
-728
-464
-587
-683
-959
-1461
-1924
-2142
-2232
-2210
-2073
-1947
-1652
-1088
-689
-413
-119
-19
7
-234
-645
-948
-1137
-1253
-1294
-1265
-947
-549
-182
86
92
158
364
552
469
425
312
-87
-767
-1526
-2497
-3461
-4121
-4470
-4542
-4396
-3953
-3428
-2771
-2068
-1198
-273
459
677
633
296
-318
-1011
-1722
-2305
-2852
-3137
-2967
-2372
-1577
-551
474
1238
1897
2280
2207
1875
1399
765
54
-476
-882
-1236
-1400
-1318
-827
-283
251
899
1419
1810
1909
1844
1571
1366
1080
704
270
8
-14
271
522
819
1230
1533
1684
1746
1861
1824
1702
1531
1432
1385
1302
1243
1247
1081
968
1041
1124
1142
1085
1018
731
668
449
300
210
26
18
-204
-342
-103
210
194
195
473
626
514
157
-39
15
45
328
1005
