-5082
-4720
-4442
-4410
-4311
-4322
-4380
-4634
-4823
-4805
-5036
-5369
-5467
-5171
-4996
-5059
-4815
-4557
-4546
-4508
-4434
-4194
-3934
-3964
-4200
-4502
-5146
-5999
-6829
-7615
-8299
-8781
-9117
-9101
-8774
-8245
-7625
-6790
-5780
-4836
-4239
-4028
-4154
-4502
-5067
-5922
-6782
-7339
-7555
-7460
-7320
-6950
-5929
-4789
-3666
-2858
-2339
-1797
-1662
-1971
-2420
-2984
-3750
-4433
-4712
-4677
-4689
-4695
-4451
-3842
-3149
-2678
-2089
-1834
-1966
-2356
-2952
-3750
-4651
-5022
-4982
-4679
-4007
-3072
-1856
-839
-583
-1327
-2684
-4261
-5967
-7983
-9986
-11411
-11870
-11599
-10698
-9191
-7382
-5975
-5062
-4667
-4911
-5576
-6982
-8816
-10783
-12327
-13013
-12967
-12104
-10471
-8139
-5580
-3185
-1058
524
1295
1131
331
-677
-2061
-3477
-4911
-5934
-5848
-4527
-2422
369
3214
5636
7265
7975
7629
6241
4085
1604
-1144
-3943
-6379
-8006
-8198
-7250
-5583
-3460
-1216
850
2299
2860
2464
1120
-728
-2917
-5412
-7799
-9745
-10777
-10938
-10136
-8606
-6927
-5295
-4028
-3341
-3239
-3500
-4277
-5645
-7495
-9203
-10943
-12368
-13048
-13202
-12715
-11788
-10512
-9160
-7816
-6608
-5814
-5681
-5967
-6645
-7647
-9027
-10517
-11556
-12195
-12466
-12264
-11769
-10850
-9977
-8747
-7537
-6679
-5937
-5469
-5222
-5084
-5148
-5138
-4982
-4810
-4401
-4093
-3612
-2927
-2278
-1746
-1504
-1398
-1234
-1031
-1157
-1538
-1783
-1908
-2067
-2141
-1984
-1687
-1379
-1244
-1257
-1202
-1253
-1489
-1893
-2158
-2291
-2430
-2729
-3156
-3774
-4425
-5118
-5657
-5755
-5712
-5836
-5776
-5183
-4293
-3583
-3148
-2657
-2367
-2465
-2838
-3356
-4122
-5180
-6052
-6919
-7764
-8129
-8167
-7971
-7499
-6845
-6088
-5497
-4885
-4453
-4348
-4525
-4665
-4837
-5276
-5825
-6114
-6076
-5789
-5490
-5139
-4275
-3252
-2260
-1294
-528
-15
426
608
882
1049
963
650
-42
-1142
-2404
-3608
-4750
-5475
-5257
-4187
-2513
-613
1283
2932
4246
4886
4868
4148
2831
904
-1038
-2790
-3875
-3812
-2914
-1424
574
2577
4406
5807
6553
6655
6105
4967
3540
1961
606
-507
-1009
-778
333
2165
4073
5782
7092
7859
8289
8698
8862
8870
8914
8822
8529
8179
7585
6867
6082
5107
4035
2824
1588
684
109
-110
164
744
1566
2671
3619
4442
5045
5353
5117
4401
3365
2220
1008
-113
-1037
-1750
-2005
-1774
-1285
-856
-449
-54
173
343
72
-555
-1258
-2174
-3207
-4119
-4954
-5166
-5177
-4948
-4730
-4745
-4583
-4254
-4014
-4091
-4224
-4573
-4891
-5013
-5098
-5253
-5257
-5075
-4858
-4611
-4467
-4204
-4011
-3941
-3966
-4086
-4340
-4670
-4840
-4788
-4685
-4444
-4277
-3937
-3348
-2770
-2260
-1726
-1247
-958
-981
-1009
-1047
-1369
-1968
-2471
-2712
-2825
-2870
-2968
-2869
-2677
-2431
-2167
-1848
-1558
-1311
-1085
-964
-1062
-1403
-2114
-3117
-4385
-5630
-6848
-8050
-9018
-9577
-9664
-9411
-8903
-8072
-7060
-6070
-5196
-4691
-4662
-4810
-5138
-5958
-7088
-8145
-8984
-9787
-10215
-10442
-10130
-9348
-8613
-7965
-7296
-6660
-6191
-6019
-6117
-6363
-6811
-7422
-8059
-8468
-8638
-8685
-8637
-8307
-7777
-7229
-6636
-5878
-5204
-4811
-4446
-4297
-4171
-4018
-3925
-3756
-3445
-3109
-2483
-2182
-1875
-1595
-1409
-1291
-1029
-1056
-1114
-1212
-1356
-1509
-1652
-1561
-1584
-1611
-1781
-1801
-1487
-1433
-1533
-1537
-1591
-1799
-2161
-2506
-2536
-2647
-2776
-2856
-2943
-2901
-2900
-2792
-2513
-2361
-2417
-2434
-2634
-3083
-3446
-3921
-4428
-4618
-4334
-3595
-2356
-1029
57
577
405
-435
-1650
-3156
-4528
-5962
-7467
-8182
-8440
-8117
-7192
-6138
-4789
-3583
-2555
-2059
-2074
-2666
-3644
-4927
-6405
-7893
-9098
-9582
-9431
-9027
-8368
-7292
-5870
-4666
-3856
-3415
-3134
-3250
-3922
-4830
-6139
-7397
-8328
-8732
-8769
-8563
-8140
-7191
-6007
-5090
-4326
-3731
-3490
-3504
-3646
-4075
-4816
-5556
-6234
-6799
-7131
-7029
-6698
-6123
-5562
-5161
-4867
-4663
-4467
-4407
-4722
-5152
-5679
-6232
-6557
-6715
-6645
-6611
-6508
-6276
-5929
-5597
-5388
-5347
-5450
-5711
-5991
-6200
-6422
-6670
-6813
-6796
-6729
-6478
-6142
-5916
-5673
-5323
-5040
-4945
-4830
-4737
-4929
-5202
-5737
-6274
-7145
-8163
-9121
-9842
-10394
-10714
-10613
-10086
-9260
-8565
-7701
-6851
-6200
-5610
-5390
-5272
-5696
-6430
-7338
-8063
-8645
-9275
-9592
-9456
-8836
-7758
-6649
-5504
-4516
-3899
-3559
-3277
-3220
-3370
-3693
-4203
-4774
-5130
-5350
-5324
-5021
-4562
-3871
-3042
-2281
-1749
-1355
-1005
-596
-440
-383
-446
-634
-770
-740
-689
-564
-226
322
738
970
1058
1271
1616
1873
1951
1858
1795
1745
1677
1635
1543
1415
1359
1438
1325
1135
1300
1378
1291
1121
914
438
212
118
145
328
456
678
776
894
887
919
1074
1258
1122
564
-126
-642
-730
-381
542
1902
3254
4400
5099
5361
4987
4053
2901
1627
366
-761
-1792
-2446
-2446
-1661
-422
957
2342
3273
3680
3940
3649
2802
1678
452
-847
-1941
-2608
-2862
-2832
-2286
-1170
40
932
1697
2123
2206
1894
1421
617
-551
-1617
-2543
-3317
-3623
-3496
-2919
-2128
-1301
-453
193
565
761
617
204
-307
-1062
-1882
-2608
-3107
-3306
-3350
-3272
-3055
-2547
-1883
-1421
-1138
-959
-1140
-1297
-1572
-2109
-2699
-3105
-3296
-3442
-3373
-3043
-2680
-2339
-2104
-1899
-1681
-1682
-1856
-2067
-2462
-2679
-2752
-2945
-3047
-2885
-2726
-2655
-2491
-2208
-2004
-1842
-1644
-1499
-1448
-1653
-1865
-2233
-2817
-3474
-4333
-5258
-6121
-6834
-7289
-7264
-7038
-6635
-6027
-5225
-4216
-3645
-3234
-2904
-2872
-3042
-3713
-4659
-5544
-6198
-6863
-7315
-7365
-6930
-6192
-5488
-4580
-3587
-2876
-2554
-2290
-2134
-2251
-2718
-3264
-3934
-4296
-4527
-4786
-4623
-4235
-3871
-3308
-2704
-1944
-1254
-835
-551
-394
-568
-748
-1009
-1382
-1475
-1523
-1471
-1277
-670
-252
-28
259
447
615
709
915
991
961
1058
956
891
717
572
609
565
587
542
508
515
285
60
-9
-131
-276
-498
-659
-492
-446
-586
-701
-604
-439
-319
-367
-482
-668
-1146
-1960
-2742
-3156
-2873
-1945
-762
669
2046
3033
3512
3154
2321
1375
76
-1391
-2949
-3984
-4370
-4449
-4124
-3312
-2066
-594
619
1215
1325
1168
628
-461
-1868
-3252
-4408
-5419
-5908
-5846
-5273
-4468
-3482
-2472
-1473
-779
-583
-741
-1182
-1908
-2877
-4008
-5186
-5941
-6388
-6523
-6170
-5534
-4600
-3395
-2522
-1963
-1844
-1979
-2172
-2618
-3342
-4175
-4904
-5421
-5737
-5963
-5961
-5607
-4988
-4363
-3937
-3645
-3450
-3427
-3538
-3953
-4453
-4816
-5351
-5597
-5670
-5646
-5468
-5358
-5129
-4721
-4373
-4170
-4117
-4024
-4121
-4504
-4802
-4856
-5013
-5288
-5460
-5454
-5236
-4885
-4600
-4363
-4298
-4082
-3831
-3793
-3715
-3747
-4002
-4472
-5260
-6280
-7011
-7795
-8658
-9221
-9485
-9431
-9185
-8518
-7455
-6434
-5587
-4961
-4642
-4770
-4892
-5191
-5936
-6863
-7663
-8223
-8413
-8649
-8488
-7998
-7145
-5934
-4829
-4027
-3447
-3163
-3189
-3388
-3596
-3976
-4420
-4754
-5132
-5319
-5305
-4953
-4428
-3728
-2843
-1973
-1459
-1112
-1002
-973
-1037
-1251
-1242
-1201
-1267
-1240
-1176
-963
-632
-166
291
771
1095
1301
1387
1565
1553
1433
1303
1135
1120
1199
1223
1163
1163
1348
1403
1312
1270
1263
1150
1005
805
542
342
350
533
588
441
464
705
917
1017
847
695
558
173
-395
-1034
-1579
-1731
-1367
-326
1189
2536
3600
4197
4215
3839
2917
1719
397
-807
-1714
-2343
-2581
-2425
-1744
-653
810
2057
2916
3440
3422
2802
1845
504
-722
-1883
-2790
-3396
-3688
-3254
-2238
-1080
-72
675
1214
1630
1733
1382
856
4
-1079
-2164
-3013
-3475
-3516
-3077
-2520
-1761
-853
109
799
1015
1046
842
512
-117
-770
-1552
-2288
-2648
-2624
-2624
-2540
-2244
-1614
-1077
-754
-359
-248
-591
-1006
-1464
-1913
-2110
-2377
-2740
-2927
-2715
-2446
-2209
-1976
-1644
-1354
-1285
-1499
-1630
-1564
-1759
-2168
-2398
-2402
-2479
-2599
-2473
-2095
-1814
-1827
-1899
-1934
-1780
-1651
-1528
-1443
-1668
-2105
-2750
-3771
-4603
-5270
-5926
-6634
-7094
-7062
-6664
-6050
-5295
-4453
-3774
-3066
-2513
-2308
-2428
-3007
-3701
-4363
-5232
-5894
-6308
-6680
-6577
-6070
-5234
-4242
-3359
-2446
-1738
-1326
-1169
-1206
-1608
-2105
-2502
-2873
-3269
-3513
-3429
-3243
-2948
-2255
-1374
-699
-219
66
228
551
817
830
765
536
452
420
531
679
904
1094
1326
1787
2157
2349
2486
2475
2571
2729
2763
2686
2494
2383
2324
2408
2398
2266
2145
2116
2114
2204
2274
2052
1714
1475
1423
1422
1309
1159
1123
1249
1368
1341
1300
1326
1465
1514
1162
503
-86
-505
-272
438
1443
2661
3913
4916
5725
5793
5218
4214
2847
1458
-42
-1410
-2410
-2899
-2759
-2045
-666
958
2534
3721
4280
4267
3879
3108
1946
453
-1146
-2409
-3312
-3803
-3623
-2830
-1978
-963
176
1027
1525
1789
1708
1135
132
-1024
-2181
-3259
-4124
-4456
-4275
-3513
-2826
-2100
-1282
-418
72
178
31
-228
-568
-1282
-2203
-3085
-3605
-3820
-3882
-3798
-3417
-3032
-2682
-2302
-1972
-1868
-1949
-2129
-2433
-2730
-3032
-3433
-3731
-3959
-3955
-3511
-2984
-2734
-2488
-2145
-2028
-2212
-2333
-2369
-2518
-2800
-3049
-3263
-3280
-3167
-2873
-2530
-2349
-2210
-1927
-1673
-1628
-1444
-1321
-1483
-1841
-2272
-2834
-3773
-4693
-5520
-6288
-6977
-7485
-7358
-6882
-6389
-5773
-5100
-4324
-3616
-3047
-2672
-2803
-3192
-3721
-4317
-5054
-5968
-6689
-6906
-6829
-6544
-5972
-5231
-4371
-3555
-2794
-2223
-1957
-1938
-2310
-2783
-3327
-3959
-4286
-4457
-4381
-4120
-3880
-3435
-2710
-2012
-1400
-831
-590
-642
-558
-422
-468
-465
-474
-601
-793
-720
-405
-18
397
597
800
1067
1382
1596
1593
1698
1766
1603
1505
1444
1485
1648
1690
1590
1603
1708
1600
1419
1267
1123
924
875
909
765
599
567
787
876
749
779
1033
998
939
926
836
407
-241
-909
-1348
-1402
-760
409
1689
2904
3851
4320
4211
3487
2345
1023
-282
-1415
-2359
-2920
-2852
-2315
-1539
-322
1207
2504
3163
3219
2902
2567
1613
148
-1313
-2545
-3466
-3888
-3831
-3474
-2764
-1622
-283
691
1363
1743
1572
1125
402
-628
-1867
-2853
-3409
-3576
-3502
-3284
-2705
-1843
-946
-31
578
981
991
796
416
-463
-1374
-2000
-2479
-3115
-3414
-3209
-2861
-2346
-1632
-957
-623
-615
-611
-679
-905
-1365
-1661
-2051
-2505
-2757
-2742
-2444
-2229
-2077
-1564
-1350
-1244
-1164
-1104
-1366
-1726
-1900
-2180
-2260
-2402
-2348
-2286
-2162
-1876
-1581
-1457
-1358
-1215
-1254
-1298
-1174
-1075
-1383
-1877
-2734
-3704
-4640
-5449
-6073
-6413
-6422
-6293
-5908
-5281
-4661
-4024
-3183
-2368
-1825
-1791
-1895
-2315
-3162
-3927
-4652
-5324
-5771
-5830
-5372
-4765
-4143
-3348
-2486
-1601
-886
-430
-256
-468
-926
-1370
-1724
-2302
-2677
-2710
-2474
-2233
-1731
-969
-387
188
732
1321
1716
1875
1976
1821
1447
1067
1011
1243
1546
1610
1779
2172
2525
2850
3190
3494
3643
3803
3690
3558
3594
3750
3821
3693
3446
3563
3721
3768
3688
3479
3349
3294
3145
2906
2689
2501
2390
2461
2471
2612
2680
2690
2700
2653
2503
2393
2519
2645
2408
1675
881
505
641
1264
2297
3550
4904
6074
6704
6735
6112
4935
3719
2519
1218
185
-560
-892
-663
74
1242
2610
3851
4626
4983
4917
4594
3823
2566
1185
-47
-1043
-1708
-1815
-1356
-556
390
1327
2064
2723
3160
3100
2766
2172
1396
372
-829
-1596
-2016
-2125
-1812
-1220
-500
30
731
1569
2199
2252
1982
1414
770
-26
-807
-1485
-2028
-2330
-2217
-1990
-1512
-896
-389
-204
-69
37
-64
-316
-761
-1274
-1636
-1938
-2173
-2329
-2226
-1899
-1593
-1274
-1099
-872
-730
-711
-730
-869
-996
-1340
-1628
-1668
-1710
-1744
-1646
-1455
-1266
-1148
-945
-551
-287
-165
-221
-414
-667
-1060
-1585
-2276
-3355
-4365
-5219
-5754
-6060
-6104
-5680
-5050
-4223
-3628
-2899
-2154
-1662
-1392
-1575
-1905
-2369
-3194
-4228
-4963
-5375
-5528
-5408
-4891
-4200
-3441
-2755
-2035
-1317
-818
-522
-482
-782
-1358
-1980
-2529
-2919
-3182
-3140
-2861
-2554
-1944
-1048
-403
4
412
705
875
837
691
705
655
506
392
410
451
798
1193
1536
1927
2342
2526
2619
2764
2687
2453
2429
2408
2526
2569
2460
2381
2433
2521
2565
2334
2018
1976
1962
1793
1494
1271
1283
1365
1376
1514
1646
1638
1707
1860
1836
1871
1904
1730
1484
951
163
-348
-459
-40
785
2018
3537
4659
5292
5562
5237
4328
3138
1777
424
-669
-1510
-2004
-2171
-1529
-298
1163
2723
3650
4023
3986
3634
2951
1928
655
-722
-1792
-2623
-3106
-2930
-2177
-1061
85
975
1725
2295
2479
2238
1565
708
-117
-1043
-2034
-2781
-2979
-2752
-2194
-1410
-685
6
599
1208
1326
1252
1156
593
-114
-885
-1586
-2125
-2483
-2467
-2218
-1884
-1406
-886
-494
-233
-57
-156
-388
-706
-1185
-1477
-1715
-1990
-2163
-2019
-1767
-1554
-1218
-951
-653
-486
-433
-578
-620
-783
-1205
-1488
-1774
-1878
-1778
-1495
-1233
-933
-785
-724
-588
-513
-468
-381
-302
-511
-902
-1446
-2088
-2930
-3859
-4789
-5452
-5733
-5824
-5686
-5265
-4577
-3863
-3040
-2142
-1455
-1195
-1206
-1394
-1912
-2698
-3585
-4419
-4992
-5343
-5327
-4942
-4238
-3355
-2641
-1819
-872
-261
-62
-187
-402
-678
-1172
-1600
-1875
-2012
-2104
-2017
-1550
-967
-325
366
882
1474
1997
2190
2267
2172
2025
1914
1685
1555
1794
2182
2411
2611
2909
3318
3657
3799
3848
4039
4183
4176
4076
3864
3659
3761
3823
3809
3717
3625
3649
3605
3540
3390
3438
3385
3277
3075
2790
2602
2639
2793
2771
2809
2962
3150
3073
3041
3054
2918
2573
2186
1713
1238
872
1087
2039
3076
4302
5594
6594
6875
6530
5848
4878
3655
2153
809
-90
-642
-743
-412
657
1968
3261
4328
5044
5350
5255
4614
3570
2397
1167
-46
-1046
-1664
-1693
-1026
-207
863
1879
2756
3355
3541
3429
3015
2285
1325
223
-722
-1367
-1595
-1505
-1211
-662
146
1106
2035
2561
2685
2523
2285
1713
1007
262
-332
-784
-1121
-1350
-1354
-1051
-555
112
453
489
748
908
731
432
101
-240
-715
-1004
-1124
-1151
-978
-816
-504
-84
130
341
446
394
195
-70
-210
-508
-692
-674
-648
-671
-488
-342
-81
149
355
557
609
584
633
554
197
-411
-947
-1449
-2132
-3051
-3914
-4415
-4747
-4779
-4437
-3816
-2963
-2075
-1336
-803
-272
74
-226
-800
-1620
-2471
-3157
-3793
-4286
-4521
-4219
-3274
-2268
-1608
-1050
-362
270
737
869
632
258
-165
-488
-871
-1287
-1485
-1491
-1260
-731
-203
484
1235
1838
2324
2473
2056
1626
1418
1254
1240
1122
1168
1525
2012
2502
2820
3016
2815
2392
1863
1229
626
180
157
571
1118
1913
2896
3693
4114
4241
4028
3419
2464
1685
885
274
178
380
946
1877
3183
4686
5932
6742
6875
6745
6518
5791
4803
4070
3419
2821
2358
2316
3025
4004
5302
6941
8321
9453
9948
9737
8941
7857
6316
4457
2875
1537
635
300
531
1406
2483
3755
4876
5615
5881
5708
5102
4131
2969
1685
407
-672
-1545
-1933
-1850
-1403
-599
322
1290
2051
2509
2568
2351
1842
985
-25
-1103
-2101
-2822
-3213
-3422
-3136
-2436
-1596
-729
-96
300
455
468
345
49
-555
-1247
-1829
-2281
-2555
-2609
-2328
-1742
-1125
-560
-55
337
784
1034
1004
818
517
129
-13
-37
-23
150
592
967
1244
1352
1647
1831
1875
1864
1626
1317
1071
822
751
701
708
696
675
821
1071
1226
1223
1176
1116
1074
1091
1015
738
366
-209
-916
-1692
-2622
-3393
-4030
-4406
-4364
-4174
-3870
-3217
-2446
-1726
-1206
-794
-560
-673
-1164
-1937
-2768
-3620
-4381
-4985
-5301
-5236
-4837
-4311
-3618
-2618
-1785
-1117
-676
-705
-951
-1236
-1889
-2526
-3024
-3520
-3654
-3729
-3559
-3202
-2568
-1894
-1362
-709
-117
243
367
345
193
-192
-826
-1419
-1779
-2083
-2274
-2030
-1395
-467
96
682
1393
1656
1596
1438
1148
607
-27
-555
-1006
-1304
-1163
-852
-479
105
737
1212
1195
1116
846
201
-544
-1192
-1785
-2385
-2917
-2929
-2430
-1938
-1520
-1178
-700
-595
-841
-1377
-2354
-3549
-4675
-5406
-5578
-4922
-3521
-1782
-193
858
1494
1396
603
-656
-2243
-4078
-6048
-7497
-8228
-8127
-7420
-6016
-4334
-2719
-1290
-349
103
-110
-768
-1661
-2915
-4120
-5263
-6428
-7083
-6917
-6091
-4870
-3486
-2091
-903
-118
310
369
-10
-670
-1702
-3040
-4086
-4506
-4556
-4325
-3687
-2733
-1740
-1004
-214
565
1070
1158
893
335
-268
-988
-1699
-2200
-2370
-2422
-2212
-1725
-1087
-393
113
524
808
740
455
49
-467
-885
-1280
-1614
-1835
-1734
-1591
-1227
-825
-461
-213
72
114
93
-31
-400
-645
-784
-888
-919
-897
-735
-497
-262
65
250
437
847
1006
1003
1099
1010
788
363
-426
-1269
-2072
-2613
-2954
-3178
-3228
-2888
-2420
-1671
-798
150
1151
1844
2095
2085
1851
1356
815
246
-207
-635
-877
-957
-610
193
1083
1869
2635
3381
3918
4123
4026
3739
3446
2988
2467
2008
1628
1540
1753
2076
2521
3035
3380
3708
3971
4189
4235
3911
3604
3424
3091
2858
2626
2532
2685
2903
3253
3398
3528
3736
3870
3788
3694
3670
3607
3390
3142
3186
3240
3030
2997
3136
3352
3423
3353
3214
2959
2854
2700
2470
2385
2221
2070
2016
1966
2046
2019
2174
2508
2557
2551
2483
2393
2221
1773
998
69
-671
-939
-654
171
1513
3031
4040
4510
4397
4050
3526
2841
1910
1054
411
-117
-300
171
1103
2254
3518
4509
4960
4895
4631
4005
3059
2062
1056
119
-406
-452
-232
336
1261
2158
3120
3983
4388
4576
4454
4178
3620
2824
1955
1108
457
229
364
928
1587
2395
3247
3973
4317
4598
4702
4445
3874
3148
2382
1789
1296
991
845
976
1378
1847
2333
2909
3497
3683
3471
3231
2910
2331
1774
1267
910
716
575
549
647
937
1160
1377
1593
1643
1741
1630
1187
875
781
548
544
687
671
697
873
1086
1239
1284
1434
1622
1796
1886
1898
1647
1157
440
-265
-1110
-1987
-2686
-3123
-3099
-2771
-2436
-2040
-1484
-581
405
1072
1406
1356
1142
838
312
-453
-1194
-1569
-1921
-2151
-1981
-1347
-445
457
1481
2241
2708
2907
2900
2833
2384
1666
1048
535
162
68
-18
134
465
969
1580
1951
2399
2609
2529
2284
2154
2002
1562
1069
761
644
435
503
697
854
1106
1211
1384
1567
1679
1698
1437
1083
892
717
549
485
360
149
255
333
349
405
272
76
-150
-474
-529
-450
-676
-925
-1049
-1078
-1080
-909
-864
-909
-937
-811
-622
-718
-917
-1207
-1431
-1326
-819
278
1754
3117
4224
5130
5354
4863
3758
2219
336
-1806
-3663
-5108
-5919
-5825
-5198
-3815
-1850
388
2475
3733
4108
3941
3327
2299
797
-921
-2626
-4053
-5085
-5526
-5119
-4156
-3037
-1685
-229
713
1172
1217
810
113
-782
-2067
-3617
-4773
-5406
-5723
-5618
-4988
-3908
-2788
-1933
-1120
-329
-24
-151
-510
-1093
-1861
-2598
-3284
-3886
-4241
-4406
-4122
-3654
-3328
-3097
-2785
-2402
-2159
-2154
-2420
-2538
-2737
-3003
-3088
-3112
-2999
-2749
-2344
-1667
-1149
-867
-792
-815
-711
-714
-891
-1003
-1165
-1316
-1320
-1142
-860
-672
-327
99
422
778
982
1131
1230
1147
992
959
804
183
-531
-1282
-2122
-2752
-3118
-3458
-3572
-3355
-2758
-1802
-849
42
623
1216
1443
1084
672
96
-451
-1219
-2077
-2691
-2926
-2777
-2341
-1749
-948
-84
749
1352
1688
1747
1527
1210
628
-171
-937
-1473
-1680
-1760
-1698
-1457
-1026
-551
-66
379
635
831
961
843
492
66
-269
-493
-551
-545
-432
-189
-51
179
499
651
667
915
1165
1138
1099
1135
1122
1030
1118
1178
962
734
908
1237
1298
1125
1114
1027
812
706
615
495
402
432
542
561
693
726
886
958
944
925
854
762
458
-256
-876
-1074
-885
