-5537
-5149
-4826
-4506
-4152
-4115
-4154
-4312
-4649
-4885
-5116
-5202
-5155
-5078
-4945
-4810
-4449
-4112
-4111
-3975
-3573
-3405
-3584
-3776
-3999
-4460
-4966
-5753
-6656
-7488
-8190
-8594
-8809
-8858
-8578
-7859
-7091
-6166
-5264
-4336
-3664
-3497
-3589
-4164
-5007
-5630
-6302
-6792
-7188
-7450
-7296
-6619
-5561
-4473
-3525
-2646
-1962
-1760
-1914
-2129
-2417
-3110
-4113
-4741
-5160
-5372
-5288
-5128
-4819
-4327
-3576
-2921
-2586
-2422
-2483
-2979
-3729
-4461
-5082
-5495
-5673
-5316
-4458
-3403
-2357
-1450
-1131
-1643
-2870
-4357
-6177
-8244
-10211
-11442
-11867
-11642
-10778
-9472
-7896
-6366
-5244
-4668
-4881
-5881
-7444
-9307
-11056
-12523
-13344
-13344
-12509
-10803
-8352
-5552
-2910
-863
665
1384
1210
439
-628
-2053
-3899
-5566
-6791
-7151
-6471
-4501
-1636
1272
3934
5846
6740
6631
5760
4330
2188
-262
-2603
-4571
-6038
-6615
-6315
-5210
-3482
-1677
-240
599
854
524
-506
-2113
-4209
-6496
-8530
-9869
-10668
-10796
-10174
-8903
-7048
-5371
-4154
-3333
-3183
-3616
-4441
-5669
-7231
-9137
-10813
-12029
-12705
-12794
-12228
-11023
-9649
-8272
-7007
-6055
-5309
-5063
-5472
-6389
-7544
-8755
-9977
-11138
-11938
-12033
-11763
-11183
-10088
-8911
-7685
-6499
-5438
-4724
-4336
-4060
-3985
-3976
-4063
-4092
-3984
-3707
-3425
-3078
-2425
-1669
-1159
-835
-691
-626
-583
-838
-1162
-1565
-1909
-2048
-1957
-1852
-1918
-1950
-1890
-1877
-1971
-2234
-2394
-2713
-3006
-3163
-3259
-3690
-4358
-4895
-5383
-6058
-6556
-6804
-6883
-6924
-6753
-6179
-5460
-4720
-4126
-3626
-3340
-3266
-3480
-4008
-4803
-5856
-6858
-7658
-8224
-8727
-8817
-8444
-7741
-6974
-6267
-5460
-4690
-4166
-3985
-4083
-4401
-4963
-5500
-5821
-5875
-5939
-5745
-5180
-4523
-3747
-2990
-1841
-679
77
395
841
1113
1173
1385
1476
1080
203
-775
-1875
-2880
-3983
-4844
-4930
-3813
-1930
-25
1886
3423
4589
5248
5121
4290
2681
661
-1278
-2983
-4171
-4447
-3801
-2368
-454
1826
3813
5151
5874
6002
5520
4459
3071
1491
-89
-1323
-1780
-1370
-244
1458
3279
5072
6457
7099
7119
7043
6922
6768
6728
6771
6841
6837
6707
6796
6604
5920
4859
3647
2533
1458
496
-20
-271
-24
677
1669
2720
3600
4367
4654
4469
3951
3139
1991
767
-371
-1461
-2217
-2454
-2242
-1768
-1128
-396
398
1091
1340
1250
824
119
-787
-1818
-2791
-3552
-3977
-4418
-4693
-4626
-4339
-4003
-3788
-3682
-3622
-3602
-3527
-3775
-4233
-4566
-4952
-5165
-4996
-4732
-4484
-4181
-3779
-3576
-3584
-3612
-3706
-3720
-3705
-3985
-4178
-4227
-4209
-4079
-3857
-3416
-2905
-2462
-1805
-1293
-973
-780
-700
-907
-1263
-1520
-1932
-2405
-2823
-3000
-3004
-3100
-2916
-2708
-2411
-2226
-2012
-1765
-1560
-1535
-1733
-2201
-3079
-4207
-5521
-6776
-8058
-9213
-10062
-10473
-10630
-10325
-9601
-8581
-7463
-6550
-5762
-5167
-4815
-4886
-5303
-6033
-7136
-8271
-9232
-9758
-10007
-10125
-9700
-9079
-8374
-7487
-6659
-5968
-5556
-5433
-5658
-6265
-6913
-7316
-7744
-8343
-8583
-8552
-8326
-7957
-7364
-6616
-5865
-5169
-4502
-4010
-3777
-3553
-3420
-3308
-3171
-2918
-2675
-2369
-2115
-1791
-1451
-1077
-667
-396
-89
118
44
-267
-483
-658
-699
-996
-1408
-1613
-1688
-1493
-1421
-1498
-1372
-1305
-1322
-1504
-1949
-2255
-2504
-2873
-3036
-3095
-2977
-2775
-2713
-2743
-2732
-2609
-2327
-2071
-2197
-2520
-3124
-3888
-4382
-4379
-3895
-3012
-1634
-114
873
1214
948
125
-1080
-2507
-4018
-5543
-6999
-7985
-8361
-8055
-7046
-5601
-4106
-2732
-1781
-1412
-1447
-1935
-3009
-4374
-5766
-7134
-8332
-9185
-9288
-8791
-7873
-6734
-5350
-3984
-2997
-2349
-2225
-2597
-3404
-4430
-5665
-6712
-7796
-8496
-8679
-8406
-7651
-6598
-5677
-4867
-3969
-3147
-2882
-3247
-3561
-4138
-4857
-5607
-6360
-6896
-7245
-7139
-6749
-6309
-5777
-5398
-5054
-4782
-4754
-4887
-5184
-5692
-6100
-6428
-6729
-6892
-6964
-6870
-6596
-6302
-6115
-5883
-5655
-5472
-5580
-5801
-6088
-6458
-6789
-7090
-7191
-7148
-6895
-6584
-6338
-6218
-6006
-5747
-5684
-5505
-5208
-5006
-5220
-5668
-6234
-7035
-7966
-8997
-9706
-10522
-11167
-11350
-11300
-10959
-10329
-9385
-8285
-7343
-6529
-5951
-5728
-5918
-6399
-7105
-7961
-8751
-9372
-9874
-9977
-9730
-9017
-8105
-7017
-5862
-4962
-4271
-3729
-3530
-3614
-3873
-4266
-5059
-5661
-6021
-6233
-6032
-5789
-5380
-4460
-3539
-2713
-1964
-1569
-1205
-1053
-1110
-1145
-1229
-1308
-1304
-1378
-1439
-1245
-858
-383
-155
164
516
768
1112
1296
1489
1386
1149
1037
832
756
779
784
806
726
652
454
361
266
84
-170
-373
-537
-697
-637
-531
-553
-670
-434
-29
70
126
293
471
454
145
-340
-922
-1399
-1654
-1148
-18
1390
2951
4049
4792
4991
4646
3891
2666
1165
-365
-1760
-2813
-3340
-3326
-2760
-1449
326
1783
2743
3354
3333
2974
2241
1079
-355
-1849
-3023
-3864
-4264
-3931
-3114
-2005
-780
310
1321
1812
1859
1608
1120
206
-926
-2088
-3105
-3849
-4317
-4258
-3706
-2904
-2004
-1178
-477
34
273
197
-231
-765
-1525
-2393
-3221
-4095
-4574
-4519
-4199
-3880
-3454
-2738
-2153
-1941
-1812
-1808
-1961
-2305
-2643
-3054
-3309
-3400
-3621
-3799
-3802
-3335
-2757
-2350
-2234
-2151
-2039
-2135
-2359
-2560
-2987
-3350
-3495
-3497
-3282
-3243
-3259
-2920
-2568
-2339
-2287
-2092
-1895
-1977
-2067
-2277
-2677
-3390
-4261
-5191
-6204
-7105
-7790
-8289
-8463
-8101
-7490
-6675
-5643
-4681
-3886
-3323
-3052
-3197
-3563
-4264
-4978
-5633
-6635
-7506
-7803
-7631
-7128
-6314
-5488
-4400
-3501
-2801
-2274
-2107
-2170
-2574
-3087
-3521
-4024
-4564
-4993
-4925
-4736
-4484
-3952
-3292
-2523
-1767
-1261
-991
-745
-538
-387
-657
-967
-1085
-1281
-1290
-1232
-889
-552
-171
166
514
952
1280
1413
1365
1324
1432
1402
1330
1233
1268
1300
1198
1161
1168
893
619
458
398
371
181
-56
-226
-297
-384
-499
-480
-509
-510
-376
-276
-170
-69
-200
-472
-902
-1484
-2019
-2194
-1797
-979
210
1627
2947
3848
4345
4047
3311
2289
963
-644
-2147
-3434
-4147
-4364
-3902
-2785
-1341
-35
1022
1794
2078
1942
1144
-40
-1401
-2895
-4007
-5026
-5775
-5817
-5177
-4140
-2826
-1719
-907
-217
235
143
-476
-1303
-2279
-3369
-4444
-5296
-5730
-5605
-5172
-4674
-3913
-2929
-2110
-1665
-1254
-1012
-1277
-1983
-2737
-3367
-4249
-5021
-5527
-5789
-5723
-5407
-4836
-4330
-3819
-3354
-3145
-3068
-3166
-3507
-3992
-4383
-4716
-4995
-5287
-5501
-5345
-4911
-4510
-4190
-3784
-3462
-3341
-3422
-3614
-3752
-4156
-4723
-5056
-5057
-5005
-4939
-4627
-4414
-4115
-3826
-3557
-3439
-3330
-3272
-3302
-3431
-3868
-4711
-5674
-6655
-7486
-8153
-8780
-9352
-9594
-9491
-9047
-8318
-7528
-6687
-5777
-5068
-4496
-4326
-4609
-5252
-6082
-6806
-7539
-8096
-8497
-8675
-8343
-7565
-6658
-5856
-4997
-4078
-3496
-3240
-3056
-3187
-3585
-4194
-4671
-5091
-5454
-5642
-5363
-4950
-4335
-3398
-2574
-1840
-1269
-848
-560
-510
-595
-694
-747
-698
-670
-792
-836
-783
-395
36
410
787
1203
1533
1707
1818
1669
1572
1403
1268
1427
1384
1225
1204
1153
1214
1349
1306
1174
1175
1093
864
458
261
368
440
337
340
360
423
688
766
716
645
558
440
132
-477
-1419
-2296
-2857
-2712
-1849
-550
732
1572
2174
2504
2334
1738
856
-75
-935
-1753
-2514
-2658
-2047
-1187
-88
932
1841
2468
2593
2183
1539
754
-459
-1702
-2723
-3405
-3605
-3406
-2703
-1768
-716
360
1444
2188
2441
2254
1827
1122
310
-599
-1664
-2426
-2627
-2432
-2117
-1479
-523
494
1422
1921
2033
2015
1690
997
333
-313
-980
-1724
-2322
-2381
-2138
-1783
-1183
-506
-19
419
677
608
361
-11
-480
-1229
-1897
-2258
-2489
-2713
-3010
-3115
-2918
-2450
-2188
-2180
-2082
-1859
-1876
-2166
-2357
-2565
-3005
-3351
-3562
-3581
-3473
-3238
-3042
-2902
-2795
-2747
-2667
-2490
-2291
-2419
-2854
-3480
-4070
-4970
-6149
-7012
-7641
-8130
-8565
-8264
-7685
-7030
-6225
-5509
-4757
-4034
-3419
-3209
-3270
-3540
-4145
-4892
-5727
-6495
-7148
-7265
-6987
-6341
-5390
-4229
-3032
-2185
-1686
-1336
-987
-1002
-1365
-1701
-2079
-2569
-2970
-3109
-3240
-3155
-2555
-1734
-1098
-483
244
807
1071
1186
1228
1161
946
705
552
415
402
569
701
835
1267
1858
2427
2680
2709
2697
2672
2647
2437
2264
2087
1767
1581
1648
1720
1541
1406
1443
1626
1567
1246
963
706
566
446
520
578
415
150
292
634
657
670
728
702
700
598
319
305
404
905
1944
3291
4902
6424
7275
7417
7115
6390
4980
2873
589
-1375
-3036
-4383
-4706
-4100
-2928
-1247
804
2911
4527
5505
5736
5288
4118
2551
762
-1140
-2871
-4205
-5040
-4964
-4170
-3072
-1668
-244
924
1688
2082
2000
1370
226
-1160
-2491
-3755
-4815
-5443
-5633
-5401
-4635
-3610
-2652
-1622
-755
-302
-253
-375
-901
-1628
-2485
-3557
-4349
-4842
-5109
-5161
-5040
-4792
-4388
-3914
-3541
-3253
-3172
-3154
-3111
-3328
-3718
-3779
-3806
-3871
-3585
-3225
-2950
-2581
-2110
-1756
-1607
-1710
-1744
-1916
-2246
-2535
-2576
-2546
-2649
-2505
-2203
-1986
-1665
-1328
-968
-616
-605
-599
-659
-867
-1233
-1934
-2679
-3420
-4210
-5145
-6130
-6630
-6857
-6681
-6422
-5968
-5197
-4223
-3377
-2607
-1976
-1751
-1913
-2362
-3179
-4002
-4907
-5769
-6386
-6868
-7054
-6717
-6038
-5041
-4026
-3098
-2455
-2086
-1860
-1886
-2124
-2583
-3224
-3907
-4551
-5024
-5277
-5122
-4496
-3834
-3130
-2458
-1689
-1061
-691
-405
-157
-172
-432
-514
-616
-599
-566
-479
-254
42
458
963
1403
1718
2118
2254
2168
2145
2123
2144
2227
2229
2273
2348
2243
2156
2207
2283
2356
2360
2241
1914
1692
1648
1582
1406
1194
1118
1145
1231
1366
1622
1629
1633
1597
1613
1511
1117
508
-219
-799
-946
-570
246
1403
2486
3364
3934
3833
2994
1971
748
-564
-1700
-2514
-2976
-2860
-2232
-1183
186
1614
3024
3809
3931
3718
2958
1805
279
-1300
-2710
-3947
-4829
-4863
-3929
-2485
-1230
-50
944
1687
2092
2241
2090
1478
439
-779
-1953
-2761
-3173
-3071
-2565
-1751
-785
188
1118
1721
2162
2379
2152
1571
817
-14
-855
-1542
-1902
-1999
-1908
-1643
-1123
-560
-83
478
874
934
775
582
278
-44
-469
-985
-1328
-1467
-1420
-1387
-1201
-1158
-1064
-891
-753
-901
-1237
-1602
-1817
-2094
-2395
-2550
-2521
-2458
-2278
-2126
-2125
-2044
-1951
-1742
-1569
-1536
-1564
-1800
-2233
-2777
-3424
-4379
-5603
-6575
-7282
-7835
-7941
-7720
-7358
-6654
-5629
-4619
-3802
-3050
-2646
-2651
-3017
-3569
-4278
-5008
-5941
-6584
-6780
-6804
-6363
-5605
-4621
-3479
-2513
-1713
-962
-520
-403
-538
-999
-1613
-2043
-2301
-2566
-2861
-2792
-2324
-1669
-879
-162
514
1116
1608
1936
2099
2263
2150
1851
1604
1456
1474
1640
1755
1977
2308
2731
2923
3255
3550
3616
3614
3509
3338
3333
3149
2946
2927
2881
2801
2727
2559
2466
2414
2307
2271
2220
2045
1915
1624
1497
1413
1443
1644
1744
1842
1681
1578
1685
1742
1681
1451
904
336
-76
-251
-210
183
1287
2821
4347
5315
5838
5941
5400
4267
3016
1783
509
-771
-1645
-2023
-1646
-681
636
2110
3399
4244
4639
4684
4306
3425
2277
890
-447
-1691
-2397
-2458
-2110
-1278
-180
919
1937
2660
3095
3276
3021
2338
1367
351
-903
-1942
-2475
-2517
-2187
-1545
-788
-108
608
1293
1723
1766
1545
1083
386
-438
-1350
-2054
-2346
-2640
-2730
-2570
-2181
-1732
-1157
-638
-391
-441
-628
-920
-1264
-1674
-1909
-2282
-2626
-2629
-2561
-2479
-2138
-1598
-1283
-1265
-1193
-1118
-1092
-1325
-1622
-1779
-1988
-2130
-2105
-1985
-1795
-1681
-1478
-1244
-1113
-1084
-950
-799
-684
-784
-1134
-1636
-2279
-3151
-4143
-4876
-5469
-6082
-6364
-6332
-6079
-5605
-4582
-3435
-2635
-2079
-1618
-1423
-1526
-1781
-2457
-3423
-4297
-5123
-5686
-5779
-5628
-4955
-4000
-3191
-2322
-1410
-740
-386
-241
-341
-761
-1409
-1995
-2478
-3083
-3335
-3241
-2893
-2225
-1473
-835
-88
660
1218
1582
1719
1738
1587
1367
1158
1044
1002
1123
1294
1364
1653
1894
2196
2545
2900
3161
3285
3254
3213
3171
3003
2982
2883
2781
2877
2991
2927
2877
2844
2846
2831
2707
2507
2491
2509
2462
2208
1974
1971
2124
2216
2180
2258
2418
2432
2521
2405
2107
1629
1067
676
620
1248
2319
3476
4806
5918
6650
6900
6583
5641
4406
3079
1541
403
-437
-1090
-1035
-349
724
2024
3372
4449
5057
5097
4669
3810
2689
1402
-26
-1197
-2041
-2443
-2334
-1677
-607
539
1589
2477
2964
3176
2885
2283
1463
552
-565
-1593
-2339
-2660
-2454
-1934
-1114
-189
695
1411
1815
1942
1991
1677
1024
329
-497
-1348
-1906
-2191
-2247
-2142
-1842
-1330
-761
-325
50
296
257
39
-248
-650
-1037
-1217
-1391
-1477
-1381
-1174
-942
-662
-156
154
199
245
91
-198
-608
-964
-1113
-1271
-1437
-1428
-1275
-979
-670
-590
-544
-397
-169
37
19
-71
-293
-762
-1419
-2329
-3203
-4062
-4959
-5622
-6012
-6040
-5818
-5374
-4676
-3953
-3054
-2128
-1554
-1224
-1200
-1617
-2227
-2858
-3596
-4329
-4959
-5348
-5394
-4995
-4235
-3401
-2443
-1426
-714
-88
14
-70
-143
-390
-810
-1419
-2104
-2603
-2513
-2334
-1886
-1195
-471
380
1022
1550
1921
2081
2144
2208
2126
1843
1882
2017
2036
1985
1958
2121
2523
3048
3477
3816
4005
4056
4059
4071
3928
3764
3552
3424
3326
3250
3138
3061
3176
3219
3248
3124
2811
2660
2450
2263
2165
2180
2115
2119
2084
2087
2279
2450
2526
2427
2293
2271
2098
1569
973
419
246
633
1492
2865
4390
5649
6558
6934
6531
5633
4448
3171
1845
471
-615
-1380
-1506
-941
34
1366
2791
3907
4563
4941
4704
4004
2860
1447
4
-1229
-1997
-2491
-2520
-1799
-1003
-21
1180
2150
2733
3110
3197
2678
1818
846
-183
-1218
-1915
-2293
-2451
-2072
-1339
-347
639
1442
2007
2214
2135
1809
1397
789
-180
-1109
-1853
-2202
-2291
-2344
-1950
-1369
-792
-244
53
215
192
-74
-348
-647
-1080
-1450
-1698
-1812
-1731
-1492
-1228
-858
-578
-271
-138
-110
-139
-317
-551
-764
-822
-1038
-1103
-1167
-1193
-1097
-940
-587
-328
-234
-46
118
144
142
14
-347
-1049
-1828
-2548
-3418
-4391
-5063
-5585
-5782
-5595
-5219
-4503
-3545
-2594
-1648
-916
-554
-542
-771
-1434
-2347
-3136
-3754
-4322
-4709
-5004
-4915
-4152
-3116
-2178
-1228
-358
243
467
401
167
-220
-686
-1260
-1587
-2012
-2342
-2200
-1814
-1111
-212
455
962
1283
1631
1799
1665
1413
1147
940
734
658
836
1142
1658
2242
2403
2405
2337
2145
1824
1156
609
346
287
509
902
1577
2431
3262
3588
3787
3700
3118
2231
1261
428
-120
-422
-197
393
1382
2740
4060
5153
6079
6641
6713
6250
5443
4371
3659
3165
2579
2242
2170
2483
3652
5166
6914
8667
9980
10456
10136
9164
7899
6365
4643
2906
1641
792
317
367
1020
2195
3544
5039
6083
6258
5936
5303
4392
3174
1567
-59
-1023
-1619
-1816
-1690
-1237
-428
628
1557
2221
2669
2840
2737
2210
1400
316
-863
-1891
-2742
-3251
-3369
-2967
-2238
-1384
-476
86
653
1005
849
546
95
-564
-1344
-2079
-2625
-2742
-2689
-2435
-1873
-1138
-402
196
733
1106
1110
977
718
492
184
-58
-90
22
346
771
1210
1647
1935
2118
2156
2181
2201
2140
1777
1364
1191
1180
1079
958
830
1124
1504
1482
1414
1379
1328
1388
1281
1191
1121
840
390
-351
-1333
-2250
-3033
-3752
-4463
-4897
-4933
-4542
-4118
-3608
-2887
-2000
-1400
-1000
-750
-761
-1249
-2130
-3015
-3939
-4533
-5057
-5331
-5220
-4681
-3961
-3177
-2316
-1458
-972
-617
-490
-727
-1208
-1856
-2597
-3188
-3629
-3941
-3897
-3600
-3253
-2863
-2182
-1407
-909
-401
93
292
329
34
-417
-817
-1316
-1676
-1818
-1984
-1892
-1525
-856
-63
654
1268
1596
1715
1521
983
252
-357
-948
-1288
-1354
-1151
-792
-401
13
402
853
1048
856
317
-243
-762
-1460
-2356
-3035
-3301
-3362
-3231
-2837
-2183
-1659
-1315
-923
-1078
-1623
-2566
-3781
-4913
-5735
-5844
-4956
-3458
-1755
-47
1252
1780
1541
659
-721
-2461
-4419
-6320
-7645
-8302
-8245
-7397
-6031
-4386
-2618
-1144
-83
241
40
-721
-1955
-3509
-4983
-6327
-7253
-7576
-7294
-6500
-5195
-3761
-2337
-1153
-312
166
197
-252
-935
-1834
-3011
-4125
-4788
-5001
-4766
-4161
-3334
-2290
-1040
-16
649
929
897
758
259
-625
-1564
-2113
-2554
-2865
-2885
-2619
-2224
-1506
-765
-204
140
313
388
216
-130
-596
-1036
-1398
-1593
-1757
-1862
-1580
-1175
-705
-191
101
194
190
64
-239
-512
-680
-840
-1165
-1267
-1027
-742
-434
-241
-102
164
412
468
594
657
643
364
54
-341
-1008
-1837
-2568
-3219
-3869
-4366
-4364
-3950
-3174
-2328
-1376
-345
529
1251
1786
1815
1398
870
185
-459
-962
-1395
-1475
-1299
-826
-130
688
1642
2579
3309
3867
4167
4009
3683
3311
2732
2050
1434
1080
1001
1268
1570
2000
2504
3032
3628
3937
3971
3835
3721
3592
3372
2926
2421
2226
2216
2233
2332
2532
2876
3216
3578
3699
3792
3653
3457
3329
3201
3061
2851
2666
2542
2644
2624
2541
2480
2497
2437
2382
2326
2066
1813
1689
1474
1278
1293
1495
1598
1569
1651
1863
1974
1968
1994
1969
1733
1252
549
-183
-396
-2
822
2023
3527
4965
5881
6113
6027
5425
4356
3169
2041
1018
117
-642
-788
-166
1066
2469
3684
4669
5499
5852
5778
5090
3906
2684
1329
83
-715
-927
-698
-288
701
1808
2793
3726
4306
4592
4507
4183
3578
2654
1619
576
-199
-581
-784
-562
148
1102
2091
2840
3458
3791
3837
3484
2923
2268
1555
823
265
-146
-298
-112
203
652
1196
1693
2040
2220
2293
2326
2016
1460
1047
737
510
538
491
587
930
1302
1719
1962
1983
2005
2136
2148
1856
1378
1149
1113
984
912
1113
1488
1828
2050
2204
2227
2247
2279
2393
2545
2470
2116
1563
1032
379
-527
-1509
-2245
-2504
-2506
-2411
-2058
-1491
-589
361
1107
1777
2216
2343
2217
1780
974
42
-568
-858
-1070
-1311
-1045
-420
193
965
1877
2584
3115
3338
3115
2778
2366
1621
824
257
-121
-324
-255
-250
3
616
1259
1718
2011
2213
2308
2130
1860
1539
1160
732
430
340
420
607
750
916
1219
1382
1595
1726
1726
1601
1362
1164
1030
851
674
661
849
819
660
616
600
449
281
46
-235
-414
-630
-653
-614
-721
-734
-654
-596
-683
-699
-744
-625
-612
-695
-868
-1303
-1740
-2092
-2332
-2006
-1192
-66
1359
2911
4115
4756
4621
3871
2748
1256
-408
-1930
-3350
-4296
-4635
-4176
-3049
-1700
-266
1199
2318
2987
3024
2409
1437
220
-1250
-2747
-3992
-4963
-5235
-4751
-3847
-2636
-1274
-51
803
1249
1506
1200
390
-548
-1574
-2757
-3894
-4612
-4851
-4585
-3962
-2857
-1680
-726
57
476
648
518
161
-404
-1114
-1956
-2888
-3412
-3449
-3442
-3274
-2910
-2288
-1501
-1091
-925
-822
-845
-1070
-1395
-1729
-1954
-2092
-2222
-2381
-2239
-1830
-1398
-950
-492
-143
83
19
-198
-536
-724
-688
-793
-848
-949
-806
-552
-302
-161
-89
190
602
818
984
991
877
500
0
-582
-1306
-2130
-2978
-3686
-4308
-4638
-4577
-4174
-3533
-2845
-1928
-994
-343
242
632
651
105
-533
-1132
-1774
-2384
-2962
-3194
-3070
-2646
-1691
-662
377
1121
1647
1876
1902
1699
1246
730
114
-480
-1046
-1410
-1348
-1125
-917
-551
6
662
1115
1458
1662
1636
1408
1031
848
660
462
218
160
472
815
851
1006
1318
1473
1686
1802
1821
1841
1753
1592
1406
1319
1229
1210
1136
1035
1074
1124
1143
1086
959
810
815
673
404
226
103
39
-36
-43
131
357
458
520
473
575
563
266
-82
-268
-186
68
645
