-5125
-4856
-4492
-4263
-4191
-4257
-4450
-4612
-4758
-4825
-5032
-5208
-5208
-5207
-5097
-5005
-4784
-4565
-4410
-4298
-4054
-3832
-3778
-3801
-3950
-4325
-5001
-5829
-6759
-7820
-8516
-8842
-8891
-8753
-8631
-8134
-7245
-6305
-5458
-4704
-4032
-3647
-3701
-4174
-4934
-5683
-6190
-6727
-7071
-7072
-6727
-6108
-5104
-3992
-3107
-2539
-1988
-1589
-1416
-1387
-1787
-2432
-3097
-3697
-4352
-4707
-4698
-4536
-4078
-3532
-3070
-2464
-1999
-1728
-1682
-2228
-3052
-3984
-4714
-4985
-5044
-4768
-4011
-2822
-1729
-971
-767
-1347
-2572
-4166
-6103
-8099
-10184
-11561
-11861
-11441
-10514
-9236
-7670
-6063
-4938
-4653
-5137
-6046
-7410
-9254
-11230
-12822
-13422
-13356
-12547
-10923
-8564
-5904
-3308
-1240
371
1219
994
255
-887
-2254
-3737
-5233
-5884
-5741
-4555
-2374
465
3329
5894
7568
8385
8130
6647
4440
1914
-917
-3731
-5934
-7353
-7704
-6973
-5578
-3586
-1361
560
1820
2306
2000
769
-1249
-3543
-5857
-8063
-10014
-11069
-11232
-10641
-9242
-7668
-5927
-4410
-3608
-3146
-3431
-4312
-5663
-7474
-9405
-11173
-12332
-13004
-13431
-13055
-11974
-10553
-8974
-7559
-6598
-6103
-5877
-6098
-6940
-7921
-9139
-10407
-11550
-12432
-12709
-12421
-11928
-10928
-9910
-8836
-7578
-6562
-5898
-5474
-5145
-4867
-4932
-5038
-4770
-4347
-3879
-3543
-3053
-2358
-1702
-1146
-896
-730
-597
-570
-880
-1195
-1347
-1489
-1720
-1910
-1793
-1586
-1488
-1513
-1375
-1368
-1471
-1813
-2155
-2284
-2456
-2648
-2914
-3593
-4481
-5132
-5659
-6076
-6334
-6366
-6465
-6355
-5847
-5152
-4532
-3793
-2999
-2754
-2864
-3199
-3826
-4732
-5584
-6459
-7303
-8030
-8485
-8403
-8186
-7823
-7106
-6234
-5395
-4642
-4206
-4162
-4297
-4710
-5158
-5570
-5909
-6069
-6094
-5921
-5423
-4773
-3924
-2929
-2052
-1044
-277
255
749
1017
1151
1273
1077
821
190
-843
-1931
-2969
-4129
-4988
-4902
-3754
-1925
-10
1906
3488
4567
5007
4949
4250
2716
855
-943
-2445
-3406
-3653
-3019
-1548
296
2290
4175
5564
6287
6442
6047
4865
3328
1624
146
-953
-1367
-980
140
1812
3789
5607
6909
7757
8067
8287
8528
8613
8733
8804
8591
8219
7602
6958
6224
5353
4144
3029
2029
1107
209
-240
-222
345
1100
1966
2975
3927
4581
4853
4573
3866
2811
1764
704
-383
-1452
-2255
-2425
-2376
-1961
-1201
-429
203
579
625
294
-317
-1123
-1894
-2691
-3518
-4312
-4733
-4933
-5012
-4963
-4708
-4481
-4261
-4038
-4075
-4199
-4415
-4670
-4940
-5178
-5391
-5310
-5197
-5183
-4995
-4686
-4407
-4193
-4176
-4147
-4146
-4104
-4218
-4533
-4685
-4495
-4192
-3864
-3469
-2978
-2458
-1810
-1323
-984
-791
-810
-848
-866
-1202
-1669
-2159
-2441
-2802
-2812
-2864
-3010
-2858
-2511
-2271
-1959
-1494
-1264
-1273
-1428
-1629
-2094
-2881
-3813
-5025
-6513
-7803
-8762
-9557
-10139
-10289
-9976
-9299
-8507
-7505
-6578
-5718
-5169
-4912
-5103
-5697
-6412
-7293
-8396
-9245
-9778
-10243
-10506
-10129
-9430
-8604
-7821
-7089
-6335
-5872
-5790
-6053
-6398
-6821
-7520
-8145
-8719
-8988
-8844
-8498
-7964
-7219
-6590
-6130
-5719
-5143
-4506
-4036
-3682
-3498
-3366
-3124
-3040
-2925
-2710
-2394
-2022
-1587
-1164
-826
-754
-730
-729
-686
-666
-788
-1154
-1463
-1546
-1539
-1543
-1626
-1681
-1478
-1472
-1628
-1683
-1717
-1885
-2211
-2605
-2944
-3114
-3185
-3261
-3333
-3270
-3235
-3011
-2674
-2552
-2445
-2259
-2295
-2711
-3258
-3900
-4472
-4594
-4140
-3167
-1931
-558
353
743
572
-201
-1482
-3087
-4712
-6132
-7298
-8126
-8464
-8293
-7614
-6335
-4732
-3358
-2469
-1963
-1949
-2574
-3645
-4987
-6731
-8410
-9409
-10044
-9975
-9306
-8384
-7071
-5742
-4538
-3610
-2983
-2934
-3242
-3733
-4583
-5830
-7103
-8062
-8582
-8758
-8658
-8122
-7204
-6122
-5008
-4104
-3535
-3192
-3276
-3738
-4319
-5042
-5739
-6437
-6950
-7151
-7016
-6666
-6310
-5761
-5243
-4844
-4538
-4367
-4390
-4788
-5171
-5553
-6070
-6335
-6578
-6751
-6692
-6550
-6196
-5783
-5501
-5339
-5253
-5214
-5365
-5676
-6016
-6209
-6384
-6690
-6827
-6680
-6422
-5984
-5650
-5574
-5479
-5295
-5029
-4878
-4967
-5160
-5624
-6220
-6866
-7750
-8796
-9694
-10552
-11123
-11336
-11244
-10847
-10089
-9169
-8088
-7085
-6154
-5504
-5234
-5595
-6209
-6894
-7519
-8305
-8955
-9487
-9572
-9236
-8603
-7775
-6830
-5884
-4773
-3805
-3290
-3087
-3195
-3530
-3988
-4657
-5216
-5448
-5519
-5414
-4983
-4631
-4053
-3279
-2492
-1811
-1328
-922
-611
-538
-695
-842
-818
-697
-736
-755
-492
-64
487
855
960
1108
1450
1950
1972
1747
1791
1745
1434
1187
1041
1113
1338
1305
1175
1215
1265
1250
991
715
387
86
-23
-91
-230
-233
-101
-120
-88
178
411
589
704
954
901
512
-150
-814
-1186
-1188
-615
378
1796
3413
4702
5243
5272
4929
4123
2975
1566
137
-1068
-2060
-2667
-2690
-2020
-835
575
1927
3072
3774
3814
3384
2536
1449
153
-1190
-2430
-3373
-3647
-3361
-2652
-1698
-696
491
1454
2062
2254
2058
1554
599
-715
-1845
-2611
-3375
-3752
-3681
-3351
-2609
-1702
-811
123
643
823
647
187
-492
-1276
-2150
-2977
-3609
-4012
-4130
-3916
-3357
-2841
-2335
-1743
-1400
-1166
-1059
-1315
-1807
-2356
-2771
-3223
-3451
-3448
-3338
-3119
-2628
-2216
-1996
-1769
-1635
-1521
-1672
-1879
-2198
-2464
-2714
-2992
-3023
-2780
-2667
-2585
-2414
-2187
-2018
-1933
-1882
-1853
-1659
-1722
-1966
-2421
-3291
-4158
-4838
-5728
-6668
-7183
-7382
-7474
-7458
-7081
-6361
-5595
-4723
-3667
-3044
-2973
-3125
-3432
-4052
-4676
-5463
-6413
-6987
-7217
-7132
-6820
-6115
-4985
-3801
-2938
-2442
-2074
-1843
-1832
-2169
-2742
-3270
-3759
-4408
-4921
-4925
-4494
-3912
-3470
-3010
-2519
-1922
-1182
-504
-396
-559
-683
-689
-701
-803
-997
-981
-972
-732
-328
172
446
547
707
1110
1553
1695
1521
1353
1334
1260
1094
1107
1074
838
856
801
714
593
535
471
305
-57
-258
-421
-593
-541
-484
-378
-427
-558
-440
-310
-227
-115
-276
-555
-889
-1474
-2089
-2422
-2227
-1388
-122
1276
2652
3615
3983
3711
2906
1787
424
-1062
-2501
-3763
-4502
-4508
-4024
-2969
-1611
-302
785
1444
1704
1504
766
-435
-1926
-3254
-4365
-5482
-6196
-6119
-5537
-4553
-3405
-2197
-1101
-223
160
-121
-668
-1464
-2555
-3823
-5090
-5915
-6128
-6058
-5808
-5182
-4205
-3305
-2480
-1864
-1493
-1514
-1858
-2438
-3169
-4081
-5018
-5801
-6009
-6130
-6090
-5769
-5269
-4562
-3932
-3506
-3315
-3206
-3278
-3582
-4128
-4566
-5012
-5444
-5593
-5467
-5159
-4894
-4698
-4372
-4001
-3744
-3604
-3715
-4032
-4178
-4340
-4673
-4978
-5018
-5064
-5151
-4857
-4493
-4228
-4135
-4101
-3868
-3600
-3656
-3723
-3897
-4287
-4914
-5672
-6588
-7586
-8525
-9102
-9639
-9945
-9859
-9288
-8492
-7551
-6635
-5807
-5145
-4649
-4471
-4851
-5470
-6216
-7076
-7798
-8473
-8789
-8645
-8163
-7718
-7031
-5893
-4818
-4017
-3354
-2933
-2901
-3227
-3674
-4187
-4987
-5607
-5765
-5695
-5492
-4991
-4388
-3799
-2983
-2090
-1498
-1253
-894
-627
-535
-770
-1096
-1053
-940
-877
-862
-576
-129
184
434
791
1194
1334
1416
1613
1538
1460
1442
1460
1416
1315
1215
1236
1306
1347
1358
1314
1342
1125
738
488
568
624
416
224
267
389
472
335
462
772
854
861
677
556
208
-294
-914
-1519
-1671
-1237
-318
1123
2563
3722
4334
4255
3723
2888
1798
618
-683
-1738
-2396
-2609
-2304
-1335
-89
1177
2122
2779
3238
3199
2661
1655
380
-1034
-2422
-3391
-3795
-3800
-3268
-2453
-1362
-250
869
1778
2211
2198
1739
942
-33
-1232
-2249
-2920
-3180
-3105
-2945
-2236
-1363
-459
348
933
1396
1391
1146
649
11
-830
-1656
-2205
-2708
-2912
-2787
-2584
-2136
-1698
-1053
-476
-253
-263
-495
-700
-1068
-1599
-2019
-2471
-2617
-2562
-2520
-2431
-2263
-1926
-1568
-1467
-1469
-1418
-1665
-2003
-2116
-2253
-2415
-2632
-2787
-2834
-2711
-2505
-2374
-2267
-2271
-2211
-1927
-1810
-1835
-1985
-2362
-2740
-3341
-4320
-5203
-6106
-6714
-7234
-7615
-7809
-7581
-7019
-6276
-5267
-4277
-3657
-3229
-2959
-2947
-3345
-4001
-4829
-5478
-6192
-6815
-6992
-6898
-6417
-5519
-4621
-3600
-2664
-1808
-1376
-1350
-1402
-1603
-2144
-2813
-3371
-3853
-4028
-3806
-3446
-2981
-2416
-1778
-938
-249
223
506
721
740
721
508
250
-27
-141
-164
-8
330
780
1383
1750
1883
2126
2428
2418
2194
2092
2043
2132
2016
1693
1727
1890
1935
1887
1774
1623
1483
1373
1207
1098
999
808
590
354
74
19
302
517
500
362
376
468
571
613
595
270
-267
-662
-486
347
1415
2731
4069
5226
5963
6029
5361
4115
2655
982
-748
-2107
-3044
-3517
-3377
-2528
-1207
379
1939
3160
3932
4091
3701
2720
1491
68
-1623
-3039
-3886
-4370
-4329
-3747
-2712
-1472
-295
669
1375
1620
1417
684
-314
-1477
-2660
-3728
-4574
-5059
-5167
-4660
-3764
-2744
-1785
-954
-368
-19
31
-360
-1097
-1990
-2787
-3481
-4085
-4541
-4774
-4821
-4502
-4079
-3541
-2984
-2728
-2601
-2708
-2931
-3112
-3408
-3732
-3895
-4022
-4048
-3985
-3793
-3534
-3173
-2661
-2298
-2209
-2195
-2127
-2146
-2492
-2985
-3245
-3294
-3229
-3082
-2943
-2717
-2482
-2411
-2368
-2167
-1896
-1739
-1712
-1920
-2315
-2691
-3135
-4029
-5249
-6268
-7141
-7713
-8025
-8052
-7768
-7190
-6368
-5609
-4764
-3772
-3017
-2767
-2710
-3209
-4012
-4672
-5490
-6328
-6918
-7190
-7140
-6918
-6339
-5515
-4404
-3454
-2864
-2415
-2187
-2197
-2366
-2729
-3280
-3905
-4634
-5041
-5019
-4689
-4261
-3639
-2957
-2288
-1633
-948
-394
-148
-41
-59
-201
-456
-662
-699
-692
-448
-256
-56
504
1003
1394
1833
1968
2005
2061
1993
2036
1897
1711
1609
1635
1590
1598
1693
1756
1745
1576
1345
1233
1203
1129
1108
935
652
551
591
753
901
936
926
923
785
902
1208
1028
463
-117
-729
-1130
-1207
-703
562
2118
3469
4378
4669
4547
3893
2966
1818
244
-1131
-2148
-2743
-2903
-2430
-1341
-41
1395
2635
3387
3758
3436
2664
1404
33
-1310
-2613
-3757
-4397
-4077
-3369
-2298
-1101
35
1109
1815
2104
2182
1703
869
-62
-1208
-2119
-2756
-3061
-3039
-2690
-2118
-1406
-536
389
1115
1511
1617
1297
604
-129
-913
-1581
-2216
-2796
-3033
-3014
-2660
-2134
-1618
-1073
-694
-438
-358
-328
-483
-784
-1281
-1683
-1829
-2100
-2253
-2120
-1888
-1645
-1338
-830
-702
-800
-901
-1147
-1535
-1799
-2020
-2152
-2292
-2401
-2347
-2244
-1986
-1837
-1708
-1429
-1429
-1459
-1399
-1367
-1401
-1646
-2217
-2986
-3821
-4761
-5642
-6380
-7032
-7253
-7159
-6699
-6020
-5154
-4135
-3319
-2700
-2253
-2258
-2402
-2852
-3582
-4298
-5116
-5676
-6063
-6116
-5778
-5051
-4318
-3557
-2557
-1560
-875
-543
-492
-717
-1181
-1757
-2169
-2510
-2690
-2834
-2768
-2527
-1973
-1098
-313
408
873
1205
1523
1790
1869
1695
1438
1442
1513
1444
1457
1577
1927
2334
2698
3103
3354
3410
3446
3508
3493
3558
3577
3525
3342
3121
3102
3252
3264
3202
3214
3044
2822
2737
2606
2572
2373
2130
1876
1753
1922
1979
1840
2007
2142
2184
2101
2060
2171
2049
1706
1277
680
161
39
625
1835
3334
4658
5814
6516
6461
5801
4834
3643
2133
731
-277
-929
-1273
-1180
-465
870
2355
3439
4275
4697
4676
4162
3265
2089
770
-552
-1723
-2458
-2500
-1995
-1349
-340
944
1954
2668
3092
3196
2998
2241
1149
-44
-1190
-1992
-2504
-2516
-2287
-1727
-947
-94
655
1318
1729
1824
1489
1002
459
-171
-1021
-1773
-2332
-2635
-2720
-2552
-1955
-1206
-771
-526
-422
-214
-130
-414
-959
-1290
-1509
-1778
-2092
-2296
-2300
-2017
-1631
-1269
-1080
-829
-640
-636
-830
-1035
-1332
-1647
-1892
-2087
-2040
-1917
-1791
-1696
-1552
-1279
-1167
-1072
-993
-878
-767
-807
-1044
-1598
-2373
-3228
-4110
-5044
-5952
-6583
-6758
-6621
-6389
-6021
-5177
-4203
-3189
-2443
-1843
-1662
-1753
-2154
-2936
-3813
-4579
-5278
-5710
-5866
-5713
-5095
-4164
-3318
-2561
-1729
-1111
-784
-547
-727
-987
-1443
-1990
-2473
-3021
-3342
-3366
-3088
-2443
-1681
-1025
-310
200
654
1029
1204
1236
1166
1125
995
885
673
554
710
1124
1509
1864
2303
2510
2684
2781
2834
2931
2924
2815
2652
2444
2378
2389
2420
2491
2500
2465
2404
2422
2343
2003
1847
1712
1535
1289
1180
1074
1045
1186
1308
1535
1682
1718
1668
1607
1653
1552
1072
350
-339
-403
108
1133
2490
4112
5373
6081
6083
5672
4888
3595
2203
853
-407
-1376
-1948
-1841
-1126
-12
1460
2645
3489
4141
4400
3995
3117
1916
620
-817
-2087
-2796
-3100
-2724
-2063
-1177
-61
1036
1884
2562
2765
2520
1883
847
-291
-1366
-2234
-2983
-3371
-3176
-2538
-1740
-886
-117
592
1235
1588
1448
869
147
-575
-1358
-2095
-2637
-2897
-2843
-2518
-2171
-1739
-1283
-722
-267
-106
-177
-444
-823
-1142
-1541
-1954
-2179
-2239
-2107
-1967
-1776
-1337
-995
-704
-505
-415
-510
-821
-1214
-1377
-1456
-1479
-1518
-1688
-1637
-1253
-902
-819
-775
-594
-425
-409
-437
-429
-673
-1106
-1731
-2483
-3231
-4206
-4957
-5688
-6192
-6287
-6070
-5515
-4776
-3818
-2894
-2140
-1527
-1223
-1523
-2020
-2489
-3006
-3649
-4442
-4924
-5100
-5019
-4584
-3883
-3056
-2051
-1026
-296
190
165
44
-21
-434
-1029
-1576
-1839
-2066
-2390
-2296
-1768
-1055
-374
237
858
1523
2141
2405
2391
2356
2148
1826
1582
1513
1548
1718
2080
2485
2906
3191
3502
3812
3916
3930
3997
4044
3995
3859
3765
3753
3786
3786
3598
3420
3469
3562
3530
3326
3217
2887
2582
2462
2383
2296
2220
2243
2387
2403
2492
2645
2910
3091
3008
2866
2525
2049
1568
1090
772
1132
1954
3080
4404
5635
6549
6978
6813
6095
5010
3810
2422
1010
-74
-711
-906
-407
634
1935
3179
4184
4868
5200
5092
4466
3377
2159
732
-524
-1567
-2130
-2052
-1399
-324
772
1703
2667
3339
3616
3468
3024
2202
1334
321
-754
-1429
-1892
-1835
-1435
-783
-2
914
1742
2228
2424
2300
2047
1609
1038
402
-317
-958
-1446
-1583
-1579
-1352
-954
-417
40
429
603
738
683
322
-193
-676
-969
-1087
-1136
-1181
-984
-676
-392
-106
13
228
327
348
175
-140
-363
-723
-1005
-991
-772
-602
-456
-356
-185
-33
98
137
248
226
108
-119
-403
-944
-1768
-2618
-3421
-4054
-4805
-5457
-5636
-5358
-4931
-4301
-3510
-2689
-1966
-1281
-809
-615
-753
-1191
-1976
-2817
-3436
-4263
-4796
-4859
-4377
-3813
-3002
-2045
-1141
-268
298
628
644
438
205
-362
-892
-1289
-1605
-1719
-1534
-1245
-755
-152
369
964
1721
2248
2343
2139
1823
1584
1314
1161
1332
1466
1728
2201
2720
2942
3004
2848
2447
2003
1618
1078
594
428
749
1340
2044
2785
3649
4364
4547
4148
3464
2663
1757
848
139
-6
325
1021
2121
3353
4580
5583
6379
6788
6852
6441
5703
4811
4020
3480
3096
2810
2774
3139
4064
5536
7076
8523
9754
10307
10083
9401
8069
6418
4774
3094
1589
746
543
745
1535
2817
4215
5197
5895
6221
6185
5413
4113
2851
1499
384
-868
-1751
-2039
-1751
-1033
-156
911
1859
2470
2832
2889
2701
2202
1353
203
-1117
-2096
-2642
-2983
-3188
-2879
-2288
-1549
-666
162
765
957
1053
824
191
-522
-1194
-1999
-2563
-2776
-2608
-2234
-1729
-1123
-469
56
611
890
1216
1173
838
658
469
249
78
-25
176
531
838
1341
1856
2043
2101
2016
1847
1558
1311
1060
625
488
497
618
663
657
829
920
1093
1084
962
907
821
714
608
511
71
-603
-1568
-2606
-3475
-4136
-4877
-5266
-5306
-5276
-4780
-3860
-2992
-2527
-2016
-1440
-1174
-1337
-1878
-2621
-3299
-4113
-4891
-5432
-5521
-5296
-5014
-4356
-3599
-2899
-2201
-1531
-1218
-1128
-1262
-1670
-2378
-3056
-3584
-4105
-4467
-4376
-4180
-3853
-3239
-2515
-1890
-1320
-807
-328
-79
-103
-321
-812
-1365
-2089
-2553
-2753
-2832
-2414
-1670
-922
-221
332
686
1070
1172
877
575
7
-746
-1377
-1819
-2141
-2011
-1548
-905
-288
177
607
611
355
-41
-605
-1203
-1934
-2693
-3260
-3667
-3805
-3484
-2969
-2270
-1682
-1456
-1507
-1635
-2015
-2977
-4440
-5571
-6104
-6017
-5138
-3679
-1931
-273
998
1500
1267
487
-840
-2694
-4750
-6687
-8155
-8866
-8737
-7949
-6561
-4725
-3024
-1596
-504
142
52
-826
-2106
-3574
-5224
-6690
-7610
-7957
-7433
-6446
-5243
-3931
-2476
-1323
-428
34
-29
-326
-1043
-2182
-3514
-4503
-5150
-5550
-5263
-4528
-3468
-2312
-1252
-328
366
822
873
426
-227
-843
-1438
-2097
-2515
-2898
-3232
-3105
-2425
-1738
-1153
-436
-44
223
318
145
-332
-805
-1148
-1521
-1747
-1904
-1860
-1515
-1234
-804
-352
-141
33
76
38
-47
-304
-525
-725
-980
-1157
-1081
-1115
-909
-581
-297
-22
144
353
507
670
885
940
385
-341
-936
-1666
-2392
-3087
-3694
-3830
-3720
-3350
-2808
-2098
-1228
-171
717
1241
1660
1843
1741
1272
557
-90
-685
-1152
-1249
-954
-405
213
973
1916
2911
3695
4124
4239
4068
3816
3349
2693
2047
1607
1270
1098
1076
1420
2085
2806
3437
3814
3902
3992
4117
4017
3666
3384
3180
2937
2880
2750
2724
2908
3175
3385
3578
3690
3833
3895
3771
3706
3671
3476
3280
3187
3232
3179
3142
3132
3076
2980
2969
2933
2829
2691
2435
2265
2051
1989
1903
1752
1784
1893
1890
1967
2102
2167
2227
2195
2175
2143
1720
1061
148
-665
-779
-231
813
2019
3208
4198
4780
4928
4659
3765
2740
1555
627
-41
-415
-267
380
1443
2731
4095
5104
5496
5481
5180
4446
3412
2255
990
-82
-604
-704
-273
537
1438
2486
3556
4499
5139
5297
5130
4713
3896
3020
2162
1224
666
502
510
908
1643
2516
3313
3988
4514
4802
4820
4378
3808
3135
2448
1743
1139
753
578
813
1227
1603
2159
2677
3143
3433
3463
3209
2851
2360
1894
1480
1108
745
684
772
823
1005
1273
1643
1770
1704
1762
1688
1502
1164
931
805
739
723
996
1105
1220
1432
1550
1654
1777
1834
1827
1815
1894
1660
1275
649
-150
-1096
-1867
-2533
-3025
-3052
-2852
-2503
-1902
-1266
-607
248
1055
1631
1819
1719
1251
556
-157
-937
-1542
-1720
-1543
-1291
-788
28
886
1771
2459
2855
3023
2941
2609
2226
1778
1102
425
-77
-403
-353
73
538
1061
1579
2000
2292
2543
2561
2214
1902
1530
1163
747
401
313
298
344
495
588
798
1240
1569
1528
1413
1368
1261
1097
945
845
789
667
459
325
174
79
-18
-27
-47
-161
-359
-579
-839
-1045
-1250
-1223
-1159
-1371
-1514
-1430
-1323
-1157
-1064
-1035
-857
-747
-958
-1455
-1890
-1738
-1033
92
1257
2685
4334
5384
5579
5109
4167
2577
797
-1038
-2847
-4370
-5172
-5425
-4880
-3545
-1852
-77
1699
3189
3901
3923
3161
1896
485
-1211
-3033
-4480
-5445
-5810
-5622
-4812
-3549
-2040
-595
527
1249
1316
1058
287
-936
-2175
-3362
-4525
-5369
-5540
-5346
-4922
-4015
-2842
-1797
-956
-511
-223
-253
-636
-1183
-1851
-2780
-3612
-4236
-4613
-4544
-4303
-3950
-3421
-2930
-2385
-2157
-2080
-2104
-2269
-2297
-2401
-2612
-2707
-2875
-2791
-2371
-1942
-1419
-1037
-678
-237
-78
-154
-133
-249
-412
-617
-829
-894
-729
-561
-435
-142
161
463
741
1006
1219
1277
1212
1034
773
254
-339
-947
-1755
-2641
-3442
-3978
-4224
-3988
-3532
-2880
-2199
-1306
-229
626
1162
1189
1062
639
-176
-1022
-1736
-2141
-2519
-2806
-2664
-2152
-1486
-634
93
874
1584
1885
1800
1609
1110
451
-270
-887
-1419
-1764
-1775
-1607
-1136
-626
-88
392
850
1162
1127
1150
1173
861
610
277
-50
-145
-48
0
-6
343
728
1063
1340
1399
1490
1598
1670
1585
1376
1312
1337
1309
1227
1192
1197
1270
1451
1417
1363
1180
1008
918
729
468
320
264
300
345
330
332
434
516
605
828
909
929
676
51
-504
-880
-997
-687
