-5126
-4776
-4471
-4279
-4236
-4232
-4178
-4285
-4617
-4807
-5026
-5219
-5422
-5348
-5240
-5042
-4826
-4572
-4360
-4271
-4167
-4032
-3964
-4043
-4157
-4472
-5103
-5907
-6902
-7772
-8409
-8832
-9092
-9215
-8909
-8297
-7426
-6512
-5760
-5017
-4437
-4156
-4095
-4243
-4923
-5778
-6435
-6800
-6963
-7080
-7081
-6549
-5488
-4372
-3377
-2549
-1958
-1703
-1712
-1856
-2148
-2711
-3312
-3944
-4456
-4864
-4865
-4503
-4060
-3648
-2964
-2313
-1899
-1739
-1874
-2260
-2781
-3665
-4592
-4990
-5030
-4683
-3970
-3012
-1811
-807
-562
-1320
-2494
-3982
-5915
-7941
-9753
-11138
-11738
-11524
-10681
-9195
-7418
-6000
-5163
-4700
-4859
-5779
-7407
-9311
-11012
-12468
-13308
-13218
-12341
-10591
-8322
-5798
-3165
-950
565
1219
994
285
-624
-2049
-3837
-5320
-5932
-5585
-4398
-2291
485
3404
5936
7540
8108
7831
6618
4464
1786
-1051
-3735
-6063
-7598
-8083
-7457
-5927
-3671
-1346
706
1972
2484
2203
1219
-660
-3177
-5826
-8086
-9782
-10925
-11042
-10094
-8793
-7203
-5506
-4054
-3108
-2791
-3069
-3904
-5456
-7168
-8998
-10712
-12218
-13183
-13343
-12891
-11922
-10649
-9191
-7697
-6602
-5957
-5841
-6244
-6890
-7848
-9082
-10395
-11505
-12276
-12652
-12562
-12119
-11109
-9946
-8757
-7457
-6716
-6151
-5412
-5168
-5076
-5015
-4974
-4747
-4441
-4056
-3587
-2988
-2310
-1700
-1269
-1053
-916
-992
-984
-919
-1056
-1435
-1598
-1502
-1385
-1512
-1557
-1423
-1160
-1058
-1096
-1224
-1417
-1666
-1909
-2166
-2604
-3113
-3657
-4152
-4723
-5167
-5431
-5837
-6115
-6167
-5899
-5392
-4810
-4164
-3466
-2697
-2289
-2353
-2812
-3463
-4295
-5271
-6193
-7083
-7851
-8378
-8476
-8288
-7616
-6825
-6030
-5171
-4491
-4046
-4013
-4118
-4537
-5076
-5397
-5766
-6116
-6265
-5973
-5424
-4665
-3907
-3060
-2138
-1179
-305
426
771
1021
1127
1121
969
488
-106
-966
-1971
-3063
-4053
-4792
-4817
-3785
-1941
40
1844
3384
4560
5249
5025
4067
2654
746
-1285
-2858
-3593
-3679
-2994
-1490
485
2592
4457
5932
6663
6609
5953
4728
3267
1559
241
-532
-1015
-658
476
2230
4174
5899
7379
8086
8437
8679
8877
8927
8788
8773
8643
8350
7834
7040
6186
5328
4244
3071
1887
932
304
-211
-177
367
1234
2386
3433
4315
4960
5199
4916
4370
3484
2190
1034
-94
-1107
-1739
-2111
-1827
-1258
-944
-602
-13
556
735
364
-115
-696
-1454
-2312
-3294
-4030
-4434
-4745
-5019
-4911
-4706
-4424
-4136
-4120
-4093
-4025
-4119
-4398
-4724
-4954
-4881
-4952
-5118
-4985
-4645
-4149
-3747
-3708
-3822
-3971
-3954
-4199
-4458
-4610
-4659
-4535
-4500
-4226
-3708
-3030
-2489
-2165
-1762
-1176
-697
-571
-734
-1040
-1440
-1755
-2041
-2286
-2556
-2632
-2690
-2707
-2716
-2472
-1977
-1532
-1348
-1182
-930
-999
-1200
-1616
-2329
-3374
-4691
-6067
-7392
-8456
-9348
-9940
-10106
-9758
-9181
-8398
-7113
-5988
-5194
-4734
-4475
-4540
-5014
-6227
-7393
-8284
-9272
-10029
-10422
-10497
-10165
-9572
-8715
-7714
-6873
-5975
-5564
-5787
-6035
-6321
-6798
-7373
-7957
-8480
-8887
-8941
-8809
-8544
-7965
-7151
-6331
-5560
-4983
-4620
-4411
-4228
-4147
-4027
-3695
-3497
-3240
-2910
-2579
-2283
-2083
-1694
-1419
-1164
-980
-818
-848
-1096
-1391
-1604
-1699
-1908
-2010
-1921
-1846
-1860
-1942
-1848
-1727
-1803
-1841
-2051
-2337
-2437
-2585
-2901
-3106
-3271
-3322
-3121
-2932
-2889
-2940
-2839
-2677
-2476
-2572
-3027
-3631
-4214
-4662
-4826
-4561
-3531
-2162
-979
-121
360
249
-499
-1768
-3298
-5000
-6452
-7545
-8349
-8611
-8309
-7625
-6352
-4809
-3442
-2488
-2137
-2290
-2918
-3956
-5310
-6845
-8169
-9174
-9721
-9766
-9298
-8429
-7250
-5869
-4539
-3634
-3117
-3101
-3509
-4228
-5074
-6135
-7405
-8452
-9148
-9388
-9049
-8230
-7160
-6124
-5299
-4539
-3986
-3618
-3506
-3849
-4536
-5301
-6088
-6807
-7433
-7621
-7624
-7334
-6704
-6034
-5698
-5431
-5079
-4837
-4861
-5157
-5438
-5750
-6263
-6572
-6731
-6862
-6939
-6707
-6469
-6161
-5955
-5952
-5889
-5948
-5921
-5948
-6078
-6471
-6707
-6774
-6903
-6835
-6632
-6259
-5966
-5737
-5556
-5409
-5278
-5119
-5063
-5237
-5432
-5932
-6758
-7682
-8604
-9472
-10155
-10635
-10977
-10791
-10588
-10092
-9151
-7984
-7119
-6406
-5733
-5459
-5647
-6098
-6590
-7200
-8168
-8974
-9392
-9501
-9368
-8920
-8048
-6936
-5959
-4987
-4105
-3509
-3314
-3484
-3922
-4336
-4878
-5217
-5400
-5659
-5589
-5227
-4785
-4219
-3592
-3056
-2335
-1493
-793
-547
-631
-728
-934
-1068
-1049
-888
-767
-770
-691
-288
279
654
1007
1331
1632
1749
1795
1826
1682
1430
1444
1373
1389
1404
1134
1089
1246
1316
1221
1022
832
648
368
196
32
53
111
122
139
389
376
474
595
712
810
732
607
196
-533
-1078
-1185
-788
176
1500
3060
4364
5209
5301
4756
3799
2775
1419
26
-1115
-2163
-2833
-2714
-1908
-725
625
1897
2899
3396
3501
3125
2370
1503
104
-1394
-2534
-3391
-3653
-3373
-2645
-1513
-330
677
1514
2052
2098
1675
1080
297
-651
-1766
-2866
-3568
-3834
-3662
-3250
-2759
-1994
-1124
-350
265
611
658
320
-280
-1172
-2108
-2987
-3766
-4035
-4009
-3803
-3434
-2868
-2293
-1939
-1740
-1483
-1461
-1844
-2166
-2446
-2905
-3170
-3494
-3731
-3568
-3310
-3066
-2792
-2366
-2077
-2046
-2233
-2174
-2004
-2235
-2661
-2991
-3086
-3271
-3443
-3510
-3200
-2711
-2554
-2483
-2317
-2087
-1881
-1929
-2053
-2043
-2270
-3025
-3867
-4778
-5822
-6783
-7558
-7967
-8091
-7743
-7297
-6722
-5947
-4825
-3997
-3512
-3270
-3191
-3493
-4121
-4874
-5621
-6356
-7125
-7577
-7477
-7162
-6652
-5624
-4576
-3606
-2921
-2587
-2505
-2404
-2626
-3103
-3658
-4330
-4923
-5169
-5208
-5053
-4688
-4041
-3340
-2622
-2013
-1446
-958
-815
-785
-779
-923
-1032
-1128
-1243
-1400
-1331
-1089
-747
-523
-82
320
653
787
793
982
1018
1037
915
724
856
932
780
638
671
642
602
449
314
215
-49
-303
-520
-822
-836
-805
-909
-991
-947
-769
-662
-608
-659
-609
-632
-822
-1209
-1952
-2535
-2789
-2746
-2008
-734
696
2403
3349
3516
3219
2418
1348
122
-1388
-2906
-4008
-4771
-5058
-4607
-3556
-2306
-980
208
932
1252
1213
726
-335
-1751
-3116
-4355
-5473
-6272
-6473
-5743
-4554
-3368
-2293
-1399
-725
-364
-370
-870
-1609
-2698
-3956
-5091
-5859
-6259
-6317
-5927
-5389
-4427
-3591
-2827
-2141
-1798
-1761
-2024
-2714
-3661
-4552
-5202
-5897
-6362
-6513
-6494
-6031
-5230
-4499
-4050
-3852
-3806
-3825
-3796
-4038
-4454
-4920
-5347
-5518
-5805
-5904
-5685
-5366
-4969
-4657
-4550
-4302
-4054
-4108
-4277
-4491
-4877
-5158
-5503
-5512
-5405
-5320
-5178
-4993
-4837
-4778
-4585
-4403
-4167
-4100
-4242
-4321
-4457
-4931
-5885
-6797
-7603
-8472
-9228
-9750
-9873
-9721
-9399
-8891
-8058
-7031
-6023
-5332
-5060
-4984
-5185
-5687
-6445
-7312
-8031
-8581
-8851
-8952
-8809
-8111
-7301
-6339
-5367
-4507
-3876
-3554
-3493
-3656
-3912
-4354
-4834
-5371
-5812
-5923
-5688
-5213
-4427
-3650
-3169
-2654
-2119
-1379
-928
-748
-906
-1105
-1168
-1274
-1326
-1345
-1315
-1085
-780
-437
104
668
956
1017
1107
1102
1045
1153
1333
1309
1030
944
924
969
1111
1088
1104
1010
873
794
636
431
232
51
74
-2
-109
47
284
367
368
454
583
492
444
412
71
-664
-1372
-1745
-1961
-1635
-703
632
1774
2885
3723
3956
3563
2691
1456
-42
-1316
-2227
-2740
-2880
-2606
-1900
-774
512
1729
2561
2875
2737
2262
1472
278
-1131
-2400
-3312
-3844
-3930
-3485
-2658
-1647
-439
711
1588
2006
1971
1566
831
-103
-1080
-2136
-3074
-3803
-3919
-3274
-2586
-1923
-991
-20
707
1132
1179
960
517
-77
-865
-1745
-2597
-3151
-3408
-3379
-2969
-2512
-1983
-1520
-879
-513
-456
-601
-796
-1109
-1595
-2205
-2647
-3048
-3199
-3262
-3183
-2775
-2260
-1779
-1458
-1352
-1390
-1650
-1989
-2367
-2415
-2456
-2643
-2858
-2842
-2676
-2533
-2340
-2046
-1715
-1552
-1648
-1747
-1776
-1776
-2057
-2548
-3157
-4013
-5080
-6062
-6912
-7412
-7468
-7416
-7223
-6743
-5835
-4766
-3844
-3225
-2797
-2763
-2800
-3205
-4020
-4766
-5552
-6193
-6744
-6871
-6496
-5811
-5137
-4276
-3214
-2314
-1677
-1153
-994
-1112
-1436
-1829
-2274
-2786
-3014
-3118
-3232
-3097
-2778
-2079
-1305
-787
-186
464
827
1050
1087
1019
718
670
550
365
563
757
1046
1294
1605
2027
2170
2400
2684
2701
2668
2799
2854
2679
2441
2259
2192
2217
2306
2282
2226
2412
2388
2184
1937
1833
1693
1504
1340
947
728
787
908
1114
1201
1210
1077
1007
1086
1179
1079
641
193
-89
-162
360
1553
2850
4254
5440
6127
6095
5389
4265
2613
990
-435
-1849
-3017
-3440
-3189
-2352
-1023
646
2198
3426
4223
4375
3886
2964
1702
229
-1250
-2706
-3793
-4225
-4077
-3448
-2589
-1420
-225
802
1618
1973
1750
1054
85
-1027
-2109
-3082
-3877
-4513
-4468
-3881
-3136
-2455
-1536
-705
-50
212
6
-310
-796
-1616
-2472
-3331
-4077
-4465
-4432
-4189
-3958
-3509
-2849
-2392
-2071
-1929
-2045
-2220
-2594
-3080
-3412
-3727
-3906
-4011
-3844
-3475
-3194
-2796
-2428
-2144
-2000
-1953
-1998
-2087
-2348
-2661
-2941
-3170
-3180
-3055
-2873
-2582
-2304
-2128
-2140
-1976
-1653
-1482
-1669
-1834
-2104
-2452
-3052
-3935
-4952
-5722
-6408
-6993
-7430
-7611
-7366
-6736
-5856
-4947
-4085
-3438
-2999
-2614
-2476
-2825
-3557
-4551
-5517
-6220
-6873
-7172
-7144
-6752
-6085
-5265
-4380
-3414
-2634
-2197
-2121
-2122
-2317
-2862
-3467
-3979
-4281
-4611
-4773
-4483
-4050
-3558
-2846
-1989
-1227
-714
-263
-20
14
5
-97
-382
-681
-757
-493
-399
-322
73
634
1064
1205
1456
1760
1977
2255
2336
2309
2078
1896
1973
1900
1899
1955
1890
1779
1737
1719
1555
1403
1516
1524
1217
1014
961
773
590
646
890
1012
967
1019
1160
1267
1156
892
486
-161
-767
-1097
-920
-230
768
1938
3233
4210
4695
4524
3762
2590
1097
-310
-1530
-2416
-2860
-2891
-2380
-1279
1
1254
2465
3383
3749
3442
2754
1684
345
-977
-2285
-3277
-3748
-3770
-3375
-2418
-1325
-107
1053
1727
1953
1881
1493
899
-42
-1197
-2119
-2726
-3120
-3238
-3027
-2477
-1512
-503
249
872
1252
1347
1025
469
-173
-838
-1555
-2252
-2742
-2865
-2692
-2458
-2052
-1525
-1021
-508
-97
-174
-543
-840
-1189
-1507
-1861
-2193
-2480
-2519
-2357
-2052
-1694
-1442
-1223
-1095
-904
-895
-1137
-1343
-1598
-2010
-2379
-2500
-2446
-2316
-2164
-1906
-1840
-1728
-1502
-1498
-1453
-1330
-1360
-1384
-1617
-2273
-3053
-3946
-4997
-5728
-6268
-6617
-6860
-6704
-6333
-5912
-5195
-4315
-3459
-2622
-2059
-1971
-2215
-2737
-3464
-4318
-5003
-5466
-5873
-6012
-5672
-5111
-4327
-3321
-2398
-1504
-958
-687
-687
-770
-1055
-1495
-1899
-2283
-2471
-2522
-2441
-2179
-1802
-1128
-266
522
1226
1635
1751
1850
1864
1855
1867
1660
1469
1395
1445
1631
1929
2299
2789
3201
3515
3680
3820
3867
3822
3756
3610
3408
3250
3290
3425
3354
3302
3340
3385
3397
3340
3202
3032
2885
2708
2512
2422
2294
2102
2135
2388
2431
2432
2344
2395
2495
2542
2482
2139
1580
917
434
432
917
1971
3434
4702
5736
6350
6309
5801
4985
3710
2298
949
-147
-980
-1441
-1169
-133
1295
2553
3501
4316
4853
5001
4454
3377
2197
950
-341
-1379
-1970
-2018
-1718
-1052
-106
1004
1972
2789
3207
3159
2800
2123
1194
128
-963
-1721
-2338
-2523
-2231
-1720
-1058
-142
726
1413
1704
1633
1497
1153
499
-299
-1045
-1742
-2238
-2362
-2301
-2131
-1881
-1490
-968
-584
-273
-206
-279
-654
-1025
-1434
-1862
-2174
-2318
-2325
-2270
-2169
-1817
-1467
-1114
-840
-738
-902
-1111
-1322
-1621
-1784
-1860
-2002
-2184
-2217
-2003
-1832
-1651
-1232
-1090
-1094
-1051
-954
-788
-797
-1118
-1743
-2320
-3012
-3912
-4915
-5776
-6329
-6681
-6642
-6401
-5819
-4919
-4076
-3249
-2558
-2114
-1920
-2015
-2384
-3110
-3973
-4823
-5513
-5948
-6271
-6163
-5714
-4942
-3948
-3030
-2180
-1474
-981
-793
-1066
-1358
-1838
-2357
-2959
-3392
-3663
-3538
-3188
-2668
-2096
-1461
-832
-230
228
561
905
1133
958
582
400
246
134
224
396
587
956
1369
1666
1996
2371
2489
2491
2442
2329
2261
2176
2090
1973
2017
2131
1974
1995
2125
2171
2044
1827
1761
1610
1481
1269
1125
1124
1137
1131
1222
1303
1299
1348
1431
1468
1477
1300
1086
647
-87
-700
-772
-426
400
1684
3279
4756
5496
5525
5134
4268
3095
1722
389
-845
-1913
-2468
-2417
-1734
-608
872
2267
3200
3665
3755
3401
2611
1500
124
-1231
-2194
-3053
-3464
-3263
-2601
-1492
-392
589
1478
1995
2172
1777
1218
488
-710
-1938
-2952
-3488
-3596
-3396
-2920
-2255
-1405
-536
162
683
887
847
488
-110
-886
-1762
-2387
-2735
-3068
-3161
-2922
-2582
-2084
-1529
-1118
-621
-407
-471
-735
-1115
-1577
-1951
-2242
-2504
-2660
-2644
-2390
-2146
-1979
-1477
-1030
-867
-857
-1020
-1173
-1316
-1441
-1749
-2043
-2030
-2061
-2010
-1706
-1348
-1060
-893
-830
-604
-354
-436
-524
-701
-972
-1610
-2535
-3536
-4524
-5430
-6218
-6717
-6651
-6200
-5508
-4806
-4040
-3144
-2275
-1750
-1515
-1354
-1558
-2134
-2813
-3670
-4556
-5249
-5549
-5397
-4912
-4223
-3389
-2516
-1737
-911
-358
-182
-62
-248
-594
-1003
-1552
-1921
-2296
-2472
-2299
-1790
-1213
-521
207
807
1289
1628
1820
1972
2150
2096
1962
1780
1690
1623
1668
1979
2321
2588
2863
3258
3520
3722
3926
4107
4087
3701
3639
3720
3651
3465
3478
3603
3683
3625
3425
3365
3263
3245
3102
2782
2615
2461
2321
2294
2433
2625
2630
2462
2410
2439
2658
2778
2716
2548
2067
1563
1107
832
1102
1907
3029
4303
5510
6308
6772
6630
5888
4720
3313
2053
918
-168
-1001
-1218
-848
159
1646
3048
4182
4844
4973
4816
4260
3134
1868
701
-515
-1470
-1775
-1705
-1241
-443
820
1996
2730
3164
3427
3498
3083
2278
1327
400
-441
-1293
-1788
-1841
-1389
-701
38
964
1934
2302
2455
2664
2389
1633
883
239
-421
-1125
-1592
-1563
-1260
-1039
-698
-186
285
603
854
949
671
345
39
-375
-857
-1275
-1453
-1311
-1001
-710
-488
-208
115
203
304
437
242
-138
-463
-827
-1052
-1103
-1077
-981
-737
-478
-290
-100
177
290
232
298
296
191
-141
-758
-1491
-2353
-3205
-4063
-4743
-5185
-5383
-5324
-4866
-4181
-3290
-2369
-1425
-827
-515
-533
-823
-1159
-1886
-2644
-3447
-4255
-4565
-4562
-4259
-3670
-2944
-2050
-1178
-334
320
734
658
417
-148
-643
-1022
-1321
-1567
-1662
-1549
-1349
-846
-262
387
924
1383
1969
2160
1932
1659
1350
1060
1060
1196
1279
1381
1655
2301
2620
2487
2242
2001
1637
986
535
320
197
539
1133
1748
2454
3280
3802
3886
3689
3094
2364
1717
937
223
-248
-217
568
1893
3217
4467
5475
6218
6600
6601
6213
5636
4772
3847
3103
2631
2272
2326
2873
3784
5088
6773
8418
9610
10218
9886
8965
7732
6174
4434
2742
1448
687
316
502
1094
2272
3609
4631
5437
5813
5534
4912
3969
2782
1460
170
-977
-1747
-2133
-1879
-1243
-347
562
1321
2054
2538
2729
2345
1649
884
35
-1153
-2373
-3181
-3555
-3521
-3034
-2200
-1552
-979
-236
410
677
703
357
-125
-734
-1452
-2103
-2635
-2971
-3027
-2762
-2246
-1515
-716
-198
332
758
878
828
674
434
48
-375
-450
-136
95
321
675
988
1397
1771
1822
1748
1697
1569
1239
908
803
646
448
413
458
449
617
872
854
810
888
911
994
1041
992
860
343
-511
-1521
-2410
-3110
-3804
-4440
-4850
-4896
-4715
-4459
-3944
-3158
-2277
-1525
-1101
-947
-1062
-1685
-2475
-3137
-3811
-4523
-5198
-5510
-5447
-5097
-4518
-3741
-2788
-2073
-1470
-1141
-1003
-1170
-1653
-2335
-2873
-3360
-3919
-4221
-4044
-3884
-3560
-3076
-2604
-1912
-1274
-747
-286
-288
-269
-415
-727
-941
-1505
-2050
-2315
-2313
-2132
-1749
-1002
-184
410
1115
1607
1554
1327
931
444
-186
-854
-1130
-1209
-1174
-971
-432
205
625
1009
1143
929
575
28
-706
-1558
-2227
-2643
-2925
-2932
-2816
-2520
-1798
-1126
-860
-756
-1016
-1594
-2646
-3926
-4910
-5502
-5548
-4845
-3481
-1689
-133
913
1478
1318
516
-596
-2191
-4103
-5746
-7041
-7747
-7818
-7141
-5760
-4229
-2771
-1199
35
444
267
-530
-1814
-3204
-4522
-5794
-6855
-7357
-7056
-5942
-4637
-3349
-2036
-855
-78
367
204
-218
-916
-2029
-3291
-4306
-4722
-4793
-4447
-3779
-3086
-2120
-1034
-171
529
998
1290
1232
709
-88
-920
-1470
-1934
-2349
-2534
-2407
-1963
-1244
-630
-35
417
646
774
635
221
-323
-729
-966
-1161
-1232
-1207
-1094
-951
-604
-200
119
336
418
298
119
-29
-289
-710
-983
-969
-863
-802
-596
-277
-130
195
524
709
908
947
934
830
667
242
-543
-1326
-2148
-2833
-3431
-3623
-3469
-3051
-2488
-1983
-1197
-111
792
1468
1907
2005
1850
1443
779
65
-590
-1026
-1331
-1272
-762
24
1040
1892
2691
3592
4138
4254
4166
3625
3120
2629
2074
1660
1484
1394
1619
2061
2491
2906
3399
3884
4075
4179
4198
4166
3862
3487
3234
2956
2729
2622
2685
2691
2796
3038
3346
3588
3823
3816
3613
3588
3551
3442
3247
2959
2704
2650
2882
3039
2938
2895
3031
2988
2716
2507
2315
2214
2101
1888
1855
1928
1935
2006
1966
1854
1929
2090
2133
2207
2240
1938
1388
562
-250
-896
-966
-448
529
1816
3100
4103
4567
4483
4037
3375
2560
1705
710
32
-314
-247
354
1287
2443
3632
4483
4889
4992
4769
4155
3264
2130
953
117
-385
-679
-580
19
1111
2409
3503
4274
4790
5004
4837
4407
3615
2628
1692
999
628
437
412
757
1674
2504
3255
3968
4463
4647
4634
4393
3850
3023
2236
1491
771
669
851
1199
1464
1858
2464
3047
3378
3460
3530
3380
2752
2281
1851
1475
1036
529
312
380
808
1138
1352
1631
1748
1785
1659
1528
1417
1224
935
674
639
575
779
975
1162
1340
1498
1602
1756
2056
2060
1893
1819
1619
1113
439
-248
-1043
-2011
-2697
-3004
-3044
-2994
-2660
-1980
-1076
-348
369
1080
1448
1566
1419
1073
532
-241
-912
-1389
-1702
-1752
-1565
-856
102
899
1637
2275
2899
3232
3205
2767
2213
1652
1111
729
335
-27
-174
129
597
1192
1576
2002
2386
2598
2620
2538
2291
2009
1592
1151
748
515
639
848
929
932
1021
1289
1524
1671
1651
1559
1431
1255
1185
1033
835
727
495
250
264
345
352
321
155
-44
-229
-452
-672
-904
-1066
-1036
-893
-931
-1102
-1195
-1102
-842
-756
-656
-528
-566
-917
-1392
-1600
-1347
-690
406
1781
3088
4379
5318
5642
5165
3888
2259
339
-1650
-3351
-4799
-5652
-5873
-5228
-3759
-1929
11
1864
3380
4198
4193
3618
2513
1004
-878
-2792
-4310
-5202
-5540
-5133
-4120
-2832
-1590
-389
749
1359
1416
980
325
-705
-2002
-3246
-4381
-5205
-5508
-5257
-4833
-4058
-3107
-2109
-1219
-623
-107
42
-136
-785
-1716
-2632
-3257
-3803
-4092
-4319
-4408
-3952
-3439
-3106
-2625
-2130
-2032
-2133
-2168
-2234
-2342
-2481
-2512
-2700
-2451
-2050
-1700
-1390
-1065
-717
-493
-318
-162
-178
-446
-771
-1059
-1261
-1210
-1061
-858
-513
-99
231
585
988
1198
1318
1460
1412
1290
1066
723
42
-687
-1496
-2415
-3025
-3329
-3547
-3645
-3366
-2674
-1783
-799
72
858
1373
1511
1183
743
248
-451
-1266
-2091
-2560
-2799
-2730
-2181
-1484
-740
96
920
1581
1965
1960
1639
1013
391
-145
-896
-1664
-1887
-1807
-1691
-1398
-1035
-608
-32
532
847
867
948
878
680
310
34
-234
-338
-416
-365
-101
257
554
932
963
1008
1286
1504
1525
1457
1312
1071
945
854
641
853
1301
1501
1423
1301
1255
1256
1187
940
613
474
419
184
156
433
639
745
882
996
941
877
938
890
639
233
-255
-598
-831
-789
