-5338
-5192
-4718
-4227
-4109
-4034
-4012
-4223
-4624
-4929
-4989
-5092
-5082
-5024
-4823
-4420
-4265
-4118
-3980
-3915
-3821
-3627
-3605
-3540
-3541
-3799
-4385
-5265
-6299
-7272
-8052
-8731
-9135
-9054
-8619
-7903
-7044
-6195
-5430
-4618
-3850
-3473
-3537
-3972
-4592
-5427
-6400
-7065
-7381
-7241
-6958
-6377
-5654
-4904
-3918
-2912
-2356
-2023
-1829
-1859
-2398
-3189
-3847
-4381
-4942
-5188
-5277
-5002
-4513
-4021
-3454
-2812
-2426
-2274
-2478
-2887
-3372
-4188
-4920
-5391
-5533
-5238
-4525
-3440
-2314
-1271
-1000
-1508
-2681
-4384
-6250
-8216
-10137
-11471
-12121
-11858
-10861
-9330
-7734
-6248
-5089
-4507
-4879
-5826
-7136
-8918
-10693
-12197
-12988
-13134
-12494
-10756
-8387
-5798
-3272
-1101
338
973
941
397
-679
-2011
-3634
-5413
-6605
-6834
-6199
-4475
-1891
1069
3827
5850
6873
6786
5778
4079
2045
-369
-2864
-5018
-6439
-6795
-6451
-5408
-3683
-1892
-330
783
1130
726
-283
-1882
-3854
-6221
-8359
-9710
-10397
-10327
-9488
-8194
-6678
-5291
-4129
-3381
-3202
-3578
-4493
-5931
-7662
-9344
-10842
-11976
-12478
-12261
-11685
-10819
-9758
-8440
-6944
-5928
-5354
-5199
-5550
-6439
-7830
-9167
-10340
-11136
-11574
-12002
-11777
-11215
-10283
-9160
-7884
-6720
-5759
-4901
-4284
-4177
-4190
-4216
-4375
-4489
-4422
-4272
-3921
-3452
-2870
-2280
-1755
-1264
-1060
-1071
-1148
-1301
-1544
-1871
-2089
-2266
-2340
-2128
-1895
-1843
-1901
-2125
-2256
-2338
-2675
-2902
-2930
-2924
-3179
-3635
-4198
-4751
-5352
-5970
-6432
-6655
-6846
-6960
-6724
-6284
-5805
-5132
-4400
-3772
-3355
-3238
-3585
-4156
-4923
-6000
-6883
-7532
-8128
-8745
-8980
-8735
-8007
-7180
-6446
-5848
-5233
-4576
-4453
-4415
-4570
-4971
-5374
-5740
-6064
-6310
-5976
-5344
-4623
-3686
-2685
-1675
-887
-288
213
683
1005
1193
1305
1167
848
107
-774
-1622
-2693
-3811
-4721
-4664
-3613
-2013
-59
1608
2942
4299
5214
5245
4431
2878
848
-1052
-2638
-3765
-3986
-3389
-1969
-93
1894
3774
5197
6078
6268
5763
4684
3273
1708
148
-1020
-1617
-1442
-264
1325
3236
5133
6483
7061
7246
7173
6974
6804
6644
6571
6881
7119
7052
6759
6202
5542
4784
3776
2563
1530
638
-77
-279
-33
566
1472
2530
3583
4294
4822
4837
4356
3376
2113
844
-220
-1049
-1802
-2233
-2185
-1717
-1129
-498
60
446
718
764
589
0
-933
-1989
-2945
-3658
-4153
-4439
-4497
-4462
-4258
-4063
-3800
-3623
-3642
-3824
-4027
-4142
-4462
-4579
-4688
-4767
-4746
-4677
-4425
-4179
-3952
-3661
-3505
-3460
-3426
-3691
-4033
-4214
-4412
-4542
-4474
-4381
-4217
-3698
-3105
-2678
-2281
-1868
-1377
-1036
-967
-1163
-1506
-1891
-2342
-2919
-3348
-3436
-3375
-3352
-3301
-3094
-2848
-2529
-2164
-1918
-1680
-1608
-1676
-2012
-2818
-3960
-5201
-6521
-7812
-8960
-9986
-10555
-10654
-10534
-9788
-8616
-7480
-6711
-5940
-5316
-5187
-5203
-5613
-6518
-7434
-8383
-9444
-10251
-10638
-10483
-10186
-9658
-8808
-7920
-7173
-6594
-6217
-6112
-6269
-6641
-7171
-7655
-8163
-8718
-8986
-8939
-8409
-7979
-7481
-6857
-6113
-5471
-4957
-4399
-4000
-3902
-3932
-3682
-3557
-3436
-3224
-3055
-2798
-2230
-1615
-1314
-1254
-1091
-722
-770
-918
-1062
-1147
-1330
-1624
-1865
-1832
-1700
-1771
-1743
-1609
-1467
-1567
-1853
-1999
-2140
-2305
-2566
-2842
-3080
-3277
-3276
-3183
-3268
-3254
-3109
-2792
-2568
-2604
-2593
-2607
-2932
-3485
-4326
-4986
-4996
-4529
-3558
-2193
-952
-43
512
543
-112
-1490
-3127
-4747
-6118
-7391
-8258
-8582
-8453
-7639
-6333
-4717
-3278
-2382
-2049
-2073
-2488
-3381
-4735
-6318
-7741
-8906
-9543
-9601
-9091
-8099
-6955
-5851
-4834
-3994
-3495
-3382
-3459
-3983
-4871
-6110
-7365
-8233
-8812
-8984
-8788
-8182
-7366
-6385
-5279
-4408
-3769
-3544
-3543
-3828
-4345
-5104
-5969
-6623
-6969
-7165
-7209
-6866
-6484
-6100
-5834
-5521
-5113
-5103
-5158
-5225
-5574
-6176
-6650
-6843
-7090
-7102
-7050
-6932
-6642
-6380
-6177
-5970
-5834
-5937
-6141
-6309
-6519
-6773
-6886
-7098
-7179
-7163
-6930
-6542
-6280
-5966
-5726
-5586
-5556
-5397
-5217
-5308
-5756
-6281
-6889
-7735
-8675
-9483
-10154
-10714
-11154
-11232
-10893
-10280
-9434
-8377
-7457
-6561
-6083
-6035
-6148
-6426
-7001
-7701
-8454
-9385
-9933
-10133
-9913
-9312
-8457
-7300
-6232
-5417
-4674
-4013
-3777
-3850
-4088
-4337
-4845
-5523
-5971
-6187
-6103
-5914
-5536
-5060
-4223
-3303
-2607
-2240
-1835
-1612
-1495
-1403
-1379
-1520
-1625
-1757
-1805
-1748
-1398
-825
-375
71
340
462
732
982
1094
1104
1015
927
875
686
525
628
658
635
623
515
485
411
199
-47
-227
-501
-571
-419
-315
-585
-691
-421
-166
-37
1
-88
-96
-29
-11
-390
-1128
-1628
-1869
-1499
-428
960
2416
3607
4591
4906
4434
3407
2377
1236
-322
-1766
-2611
-3032
-3072
-2669
-1535
-68
1218
2325
2851
2969
2784
2094
843
-649
-1896
-2977
-3823
-4023
-3764
-3133
-2134
-953
75
970
1566
1679
1261
641
-198
-1122
-2080
-3209
-3986
-4393
-4323
-3816
-3174
-2301
-1389
-650
-154
73
-6
-347
-922
-1583
-2364
-3176
-3793
-4083
-4196
-4110
-3826
-3246
-2734
-2201
-1768
-1643
-1734
-1912
-2192
-2550
-3021
-3391
-3470
-3512
-3489
-3353
-3055
-2713
-2478
-2273
-2120
-2083
-2086
-2264
-2524
-2847
-3179
-3464
-3669
-3493
-3353
-3143
-2783
-2518
-2407
-2426
-2171
-1964
-1906
-2007
-2267
-2739
-3349
-4041
-4740
-5718
-6661
-7293
-7718
-7962
-7907
-7363
-6492
-5599
-4839
-4061
-3498
-3203
-3218
-3551
-4001
-4750
-5758
-6517
-7114
-7562
-7550
-7209
-6511
-5715
-4751
-3675
-2756
-2315
-2255
-2181
-2355
-2872
-3457
-3886
-4382
-4650
-4590
-4523
-4250
-3653
-2991
-2311
-1621
-1169
-884
-558
-372
-229
-226
-443
-877
-988
-861
-774
-656
-316
220
465
702
1030
1295
1535
1627
1626
1632
1533
1424
1293
1228
1098
990
985
1099
1212
1298
1049
687
591
337
-49
-205
-121
-44
37
-28
-101
65
134
5
-38
103
132
-71
-547
-1050
-1721
-2192
-1949
-1210
-33
1348
2713
3842
4192
3893
3195
2127
690
-834
-2262
-3202
-3829
-4053
-3695
-2804
-1520
-240
925
1720
2011
1867
1241
171
-1157
-2540
-3975
-5117
-5479
-5340
-4699
-3964
-2981
-1898
-1002
-312
-64
-174
-471
-1141
-2263
-3541
-4536
-5477
-5982
-5939
-5583
-5064
-4253
-3296
-2431
-1806
-1536
-1492
-1691
-2281
-3016
-3824
-4653
-5144
-5658
-5936
-5902
-5650
-5161
-4530
-3923
-3549
-3389
-3380
-3410
-3662
-4143
-4669
-5072
-5378
-5405
-5455
-5476
-5229
-4819
-4469
-4235
-4019
-4023
-4098
-4119
-4280
-4647
-5149
-5331
-5216
-5287
-5324
-5215
-4834
-4445
-4300
-4280
-4036
-3838
-3843
-3942
-4201
-4398
-4766
-5700
-6651
-7624
-8506
-9067
-9585
-9838
-9751
-9377
-8698
-7659
-6728
-6015
-5510
-5085
-4907
-5084
-5605
-6340
-7063
-7878
-8564
-8996
-9134
-8863
-8374
-7589
-6576
-5663
-4901
-4179
-3639
-3509
-3668
-3966
-4376
-4757
-5179
-5613
-5738
-5612
-5345
-4838
-4203
-3382
-2569
-1845
-1343
-1185
-986
-1094
-1369
-1692
-1645
-1591
-1610
-1338
-1121
-979
-582
15
369
472
661
913
1175
1279
1140
998
964
885
961
1021
1047
1098
1127
1246
1294
1256
1017
771
564
251
58
56
132
167
108
60
40
110
321
645
606
542
324
-104
-784
-1705
-2535
-2929
-2793
-2205
-1216
121
1362
2079
2412
2110
1384
614
-139
-976
-1845
-2534
-2829
-2512
-1619
-511
688
1550
2138
2243
1899
1411
609
-376
-1481
-2364
-2955
-3434
-3687
-3362
-2509
-1345
-192
866
1700
1915
1863
1499
815
79
-711
-1526
-2324
-2624
-2493
-2116
-1517
-709
196
851
1279
1557
1642
1450
991
427
-338
-1148
-1703
-2094
-2203
-2123
-1807
-1236
-740
-339
-18
284
446
440
141
-359
-994
-1598
-2066
-2413
-2548
-2664
-2691
-2461
-2273
-2071
-2000
-1890
-1834
-1969
-2243
-2573
-2856
-3067
-3176
-3056
-2898
-2896
-2994
-3001
-2752
-2649
-2481
-2296
-2228
-2408
-2707
-2917
-3168
-3725
-4413
-5304
-6159
-6897
-7631
-7973
-7933
-7797
-7472
-6646
-5495
-4619
-3897
-3273
-2997
-3157
-3524
-4054
-4846
-5566
-6337
-6889
-7065
-6745
-6133
-5298
-4509
-3521
-2539
-1758
-1268
-1051
-951
-965
-1534
-2076
-2547
-2959
-2979
-2768
-2415
-1997
-1518
-778
22
692
1062
1360
1560
1559
1443
1241
1041
896
733
741
1084
1355
1430
1604
1924
2297
2438
2529
2549
2468
2541
2557
2364
2100
1984
1948
1924
1806
1625
1690
1627
1525
1485
1272
1087
979
761
528
468
407
410
295
268
577
798
763
643
585
679
571
274
-70
-13
473
1433
2711
4121
5379
6383
6926
6545
5693
4325
2626
647
-1527
-3302
-4365
-4752
-4209
-2937
-1285
649
2453
3936
4932
5245
4893
3964
2570
715
-1313
-3041
-4277
-4844
-4634
-3891
-2802
-1637
-422
775
1464
1727
1638
1048
-117
-1411
-2623
-3861
-4909
-5504
-5669
-5366
-4564
-3660
-2700
-1757
-1093
-516
-517
-724
-1147
-1784
-2576
-3536
-4353
-4870
-5117
-5111
-5029
-4690
-4209
-3874
-3533
-3412
-3363
-3344
-3539
-3840
-3930
-4006
-4144
-4157
-3998
-3662
-3319
-2969
-2595
-2472
-2431
-2247
-2207
-2309
-2499
-2894
-3284
-3327
-3174
-2881
-2552
-2238
-1941
-1850
-1685
-1399
-1182
-942
-903
-949
-1285
-1829
-2594
-3468
-4241
-4984
-5884
-6600
-6943
-6821
-6432
-5867
-5128
-4396
-3641
-2815
-2253
-1815
-1954
-2375
-2949
-3839
-4933
-5965
-6628
-6957
-6924
-6661
-5884
-4863
-3927
-3157
-2637
-2173
-1922
-1903
-2288
-2932
-3620
-4269
-4595
-4984
-5167
-4848
-4323
-3882
-3450
-2770
-2078
-1482
-950
-753
-631
-717
-820
-840
-853
-832
-1101
-1239
-1049
-422
48
291
615
981
1225
1375
1484
1599
1668
1569
1415
1391
1520
1614
1601
1593
1561
1671
1686
1687
1538
1233
972
864
771
847
835
746
664
743
998
1156
1280
1218
1198
1205
996
517
-87
-805
-1419
-1511
-1131
-246
760
1827
2657
3196
3138
2485
1558
448
-723
-1866
-2791
-3234
-3431
-3077
-1992
-616
945
2271
3096
3266
2862
2052
993
-414
-1889
-3124
-4111
-4667
-4645
-4296
-3462
-2180
-846
313
1101
1609
1598
1224
581
-354
-1347
-2378
-3173
-3526
-3394
-2845
-2057
-1256
-277
571
1069
1332
1464
1328
853
120
-534
-1027
-1659
-2325
-2535
-2423
-2077
-1573
-1067
-469
-59
71
338
419
173
-172
-673
-1034
-1216
-1468
-1704
-1846
-1754
-1473
-1228
-1162
-1084
-1085
-1230
-1383
-1735
-1993
-2188
-2418
-2643
-2719
-2546
-2350
-1990
-1733
-1704
-1674
-1728
-1726
-1716
-1942
-2016
-2228
-2709
-3317
-4248
-5317
-6142
-6873
-7464
-7704
-7586
-7204
-6566
-5674
-4557
-3776
-3103
-2720
-2622
-2697
-3218
-4062
-4832
-5509
-6022
-6396
-6567
-6101
-5317
-4503
-3792
-2870
-1764
-971
-784
-670
-515
-570
-994
-1645
-2061
-2283
-2559
-2418
-2093
-1648
-1008
-151
599
1263
1711
2052
2461
2438
2360
2078
1737
1587
1656
1829
2002
2092
2464
2947
3375
3650
3760
3812
3885
3899
3917
3779
3620
3562
3638
3623
3541
3327
3137
3180
3185
3038
2915
2718
2595
2456
2266
2164
2076
2052
2095
2136
2142
2036
1966
2119
2255
2227
2087
1587
963
358
-204
-206
562
1688
2963
4267
5560
6197
6078
5527
4674
3343
1970
860
-226
-1074
-1451
-1230
-395
799
2227
3456
4442
5017
4942
4441
3555
2413
1208
-153
-1379
-1927
-1898
-1599
-976
71
1262
2075
2768
3227
3307
2995
2231
1361
380
-800
-1781
-2407
-2420
-1986
-1345
-594
155
845
1381
1718
1919
1961
1599
842
-21
-917
-1504
-1890
-2115
-2219
-2221
-1926
-1270
-816
-485
-340
-218
-295
-618
-1152
-1571
-1850
-1981
-2103
-2243
-2349
-2134
-1632
-1282
-1193
-975
-925
-1069
-1190
-1238
-1352
-1672
-2118
-2452
-2338
-2020
-1872
-1702
-1444
-1387
-1268
-1038
-864
-776
-666
-686
-875
-1265
-2034
-2848
-3698
-4609
-5391
-6056
-6481
-6530
-6178
-5476
-4645
-3830
-3009
-2234
-1683
-1355
-1411
-1852
-2683
-3539
-4230
-4777
-5337
-5600
-5534
-5092
-4307
-3452
-2584
-1775
-1114
-426
-240
-505
-949
-1546
-1946
-2281
-2748
-2748
-2661
-2701
-2133
-1323
-767
-152
390
918
1338
1451
1324
1211
1074
808
750
910
1011
1159
1350
1594
1833
2128
2615
2919
3028
3080
3009
2709
2698
2697
2639
2656
2658
2713
2775
2828
2771
2877
2963
2768
2405
2215
2082
1792
1635
1559
1491
1523
1623
1629
1631
1709
2033
2176
2115
1988
1687
1188
534
-118
-236
284
1152
2339
3762
5009
5694
5933
5626
4810
3646
2329
930
-415
-1418
-1848
-1717
-1076
34
1265
2603
3746
4293
4273
3947
3146
2280
1140
-351
-1493
-2457
-3040
-2891
-2159
-1178
-100
992
1850
2249
2323
2146
1768
884
-197
-1344
-2305
-2871
-3264
-3195
-2650
-1927
-1086
-73
693
1242
1343
1140
991
485
-283
-1119
-1909
-2224
-2488
-2569
-2580
-2249
-1598
-985
-508
-264
-255
-290
-439
-654
-989
-1548
-1904
-2096
-2235
-2088
-1805
-1409
-1064
-833
-579
-573
-525
-534
-775
-952
-1154
-1478
-1700
-1662
-1589
-1589
-1424
-1108
-733
-606
-643
-622
-453
-282
-347
-628
-982
-1472
-2185
-3221
-4113
-4867
-5367
-5916
-6103
-5725
-5324
-4722
-4027
-3149
-2386
-1725
-1219
-1172
-1556
-2264
-3021
-3691
-4447
-5057
-5242
-5101
-4674
-4082
-3493
-2700
-1708
-879
-279
154
205
-175
-754
-1156
-1500
-1825
-2050
-2169
-2007
-1599
-988
-302
363
1037
1688
2104
2307
2404
2311
2109
2066
1988
1977
1887
1986
2229
2468
2761
3010
3376
3766
3962
4056
4056
4069
4032
3850
3729
3641
3534
3520
3547
3429
3539
3750
3753
3588
3333
3349
3395
3011
2666
2468
2441
2386
2377
2448
2628
2825
2926
2967
2919
2863
2731
2382
1722
1261
1169
1247
1774
2897
4338
5731
6657
6828
6537
5896
4931
3678
2313
1116
165
-445
-525
-107
698
1905
3223
4321
4855
5064
5260
4849
3709
2288
844
-311
-1103
-1480
-1449
-1048
-270
705
1718
2639
3335
3661
3547
3008
2450
1566
351
-579
-1275
-1621
-1627
-1418
-790
80
913
1663
2216
2457
2387
2026
1470
945
342
-442
-1142
-1335
-1307
-1298
-1027
-652
-209
222
491
782
949
780
422
91
-218
-498
-775
-1012
-1092
-948
-737
-428
-282
3
168
252
328
220
-9
-166
-287
-564
-778
-894
-807
-688
-457
-117
-16
-58
39
295
429
378
270
169
-378
-1103
-1977
-2917
-3814
-4607
-5198
-5406
-5142
-4738
-4388
-3715
-2719
-1831
-1207
-758
-616
-822
-1310
-2103
-2811
-3582
-4226
-4554
-4522
-4359
-3958
-3163
-2251
-1389
-563
-31
453
718
521
189
-300
-776
-1272
-1733
-1984
-1775
-1411
-1011
-399
279
799
1442
1910
1936
1738
1549
1344
1125
940
1060
1276
1407
1732
2227
2542
2584
2374
1878
1424
896
255
-57
5
371
1020
1699
2385
3085
3647
3756
3440
2908
2269
1289
348
-143
-183
230
901
1819
2830
4078
5163
5895
6325
6359
5937
5372
4563
3510
2763
2401
2253
2225
2729
3730
5135
6507
7936
9176
9740
9626
8930
7657
6112
4465
2769
1396
589
370
562
1129
2075
3344
4591
5381
5602
5609
5070
4035
2797
1484
223
-770
-1510
-1833
-1614
-1222
-461
486
1315
1909
2172
2265
2183
1763
721
-353
-1185
-2023
-2756
-3199
-3356
-3153
-2633
-1715
-987
-417
58
432
521
194
-290
-844
-1506
-1983
-2391
-2650
-2692
-2493
-2080
-1447
-730
-131
383
686
844
849
631
304
71
8
-91
-104
-10
274
740
1062
1306
1555
1740
1683
1730
1709
1554
1235
827
680
589
532
554
696
969
1220
1222
1151
1147
1107
1155
1056
904
883
453
-254
-1119
-2214
-3147
-3731
-4154
-4722
-4862
-4558
-4128
-3552
-2937
-2201
-1456
-1009
-886
-1157
-1726
-2454
-3238
-4086
-4819
-5452
-5680
-5387
-4877
-4263
-3411
-2480
-1787
-1270
-934
-778
-1008
-1415
-1896
-2608
-3289
-3769
-4073
-4065
-3944
-3593
-2908
-2185
-1577
-985
-519
-84
83
-107
-251
-409
-872
-1570
-1961
-2057
-2059
-1964
-1679
-1066
-148
720
1182
1470
1578
1300
765
331
-104
-616
-1062
-1172
-1026
-787
-514
-121
252
676
1009
1074
713
65
-771
-1566
-2300
-2756
-2992
-2890
-2619
-2237
-1773
-1432
-1038
-825
-971
-1374
-2287
-3619
-4855
-5525
-5395
-4786
-3671
-1961
-354
1015
1716
1523
724
-540
-2131
-3786
-5448
-6796
-7635
-7803
-7366
-6216
-4485
-2700
-1218
-194
246
240
-371
-1498
-2980
-4550
-5651
-6474
-6906
-6839
-6126
-4904
-3359
-1917
-752
62
338
301
-44
-729
-1838
-2906
-3702
-4393
-4574
-4360
-3820
-3154
-2357
-1323
-72
639
893
1011
876
429
-300
-1045
-1572
-1940
-2232
-2257
-2151
-1806
-1172
-444
348
654
692
776
596
203
-266
-736
-1100
-1358
-1413
-1384
-1297
-1053
-749
-347
79
307
339
286
56
-288
-659
-845
-920
-979
-1059
-928
-561
-268
26
352
670
765
913
1079
1094
938
683
340
-318
-1219
-2169
-3008
-3409
-3409
-3332
-3266
-2741
-1901
-978
-118
605
1316
1878
1999
1693
1252
680
20
-635
-1038
-1214
-1082
-740
28
1058
2062
2952
3617
4045
4220
4279
4007
3587
2950
2198
1684
1439
1388
1524
1793
2147
2614
3153
3714
4118
4318
4361
4240
3859
3477
3202
3017
2984
2876
2731
2780
2912
3119
3377
3570
3712
3693
3634
3729
3715
3482
3068
2907
2921
2947
2818
2733
2667
2803
2896
2834
2715
2422
2151
2128
2118
1930
1791
1645
1722
1813
1749
1719
1902
2083
2099
2083
1937
1826
1508
1038
358
-174
13
559
1667
3250
4522
5412
5837
5900
5401
4487
3388
2232
1057
80
-333
-320
32
1023
2366
3805
4806
5325
5517
5402
4803
3928
2977
1848
594
-368
-773
-644
34
925
1945
2930
3692
4394
4803
4714
4215
3635
2832
1772
739
95
-170
-65
230
725
1441
2391
3091
3560
3721
3843
3766
3180
2312
1439
803
409
171
187
224
654
1090
1437
1699
1952
2224
2394
2202
1951
1522
1118
722
376
228
176
344
517
883
1290
1571
1839
1825
1738
1605
1251
1058
925
675
689
910
907
1031
1195
1486
1785
1895
1868
1967
2203
2370
2243
2029
1732
1128
276
-507
-1378
-2196
-2784
-2773
-2517
-2263
-1846
-1115
-148
739
1294
1712
1863
1678
1185
539
-127
-679
-1287
-1621
-1727
-1637
-1116
-409
570
1572
2287
2776
2888
2847
2577
2157
1537
840
246
-83
-457
-597
-365
138
723
1198
1552
1639
1800
2046
2051
1926
1640
1320
748
319
285
261
231
455
902
1019
1059
1116
1210
1292
1253
1366
1258
911
654
552
536
686
731
639
637
566
411
272
198
51
-148
-230
-175
-299
-674
-822
-868
-940
-785
-567
-409
-487
-561
-519
-567
-802
-1312
-1975
-2244
-2068
-1428
-206
1287
2704
3779
4473
4530
3799
2502
983
-534
-2102
-3449
-4279
-4343
-3897
-3082
-1869
-386
1157
2385
2998
3010
2420
1533
339
-1213
-2573
-3779
-4761
-5216
-4821
-3818
-2566
-1252
-211
547
1052
1351
1025
381
-446
-1670
-3033
-3991
-4432
-4636
-4374
-3811
-3070
-1999
-964
-169
414
707
668
145
-659
-1313
-2110
-2830
-3244
-3282
-3171
-2915
-2683
-2504
-2107
-1537
-1054
-1062
-1317
-1330
-1304
-1516
-1863
-2028
-2190
-2156
-1985
-1826
-1534
-1065
-722
-342
-200
-115
-159
-531
-885
-964
-1032
-1084
-953
-726
-490
-213
53
158
280
473
763
1003
1095
837
631
315
-301
-1216
-2059
-2685
-3347
-3871
-4189
-4200
-3951
-3332
-2609
-1624
-657
163
827
1141
903
471
-196
-857
-1638
-2306
-2676
-2906
-2899
-2485
-1578
-570
434
1185
1636
1911
1998
1732
1290
682
19
-587
-1191
-1452
-1415
-1213
-943
-567
45
692
1097
1423
1657
1633
1350
1126
897
537
159
-2
-10
35
115
483
877
1123
1262
1431
1574
1570
1494
1332
1296
1232
1105
1036
1024
1148
1095
1075
1141
1269
1302
1077
729
511
472
424
321
285
236
183
175
287
383
435
533
715
807
779
496
64
-217
-387
-150
585
